N_e = 18
1,0.025 ,0.0279454 
2,0.05 ,0.0279454 
3,0.075 ,0.027949 
4,0.1 ,0.0279538 
5,0.125 ,0.0279598 
6,0.15 ,0.027967 
7,0.175 ,0.0279754 
8,0.2 ,0.027985 
9,0.225 ,0.0279959 
10,0.25 ,0.028008 
11,0.275 ,0.0280213 
12,0.3 ,0.0280359 
13,0.325 ,0.0280517 
14,0.35 ,0.0280687 
15,0.375 ,0.0280868 
16,0.4 ,0.0281062 
17,0.425 ,0.0281267 
18,0.45 ,0.0281484 
19,0.475 ,0.0281711 
20,0.5 ,0.0281951 
21,0.525 ,0.0282201 
22,0.55 ,0.0282461 
23,0.575 ,0.0282733 
24,0.6 ,0.0283015 
25,0.625 ,0.0283307 
26,0.65 ,0.0283609 
27,0.675 ,0.0283921 
28,0.7 ,0.0284242 
29,0.725 ,0.0284572 
30,0.75 ,0.0284912 
31,0.775 ,0.028526 
32,0.8 ,0.0285617 
33,0.825 ,0.0285981 
34,0.85 ,0.0286354 
35,0.875 ,0.0286735 
36,0.9 ,0.0287122 
37,0.925 ,0.0287517 
38,0.95 ,0.0287918 
39,0.975 ,0.0288325 
40,1 ,0.0288739 
41,1.025 ,0.0289158 
42,1.05 ,0.0289583 
43,1.075 ,0.0290012 
44,1.1 ,0.0290446 
45,1.125 ,0.0290884 
46,1.15 ,0.0291326 
47,1.175 ,0.0291772 
48,1.2 ,0.0292221 
49,1.225 ,0.0292672 
50,1.25 ,0.0293126 
51,1.275 ,0.0293581 
52,1.3 ,0.0294038 
53,1.325 ,0.0294496 
54,1.35 ,0.0294955 
55,1.375 ,0.0295414 
56,1.4 ,0.0295873 
57,1.425 ,0.0296331 
58,1.45 ,0.0296788 
59,1.475 ,0.0297243 
60,1.5 ,0.0297697 
61,1.525 ,0.0298148 
62,1.55 ,0.0298596 
63,1.575 ,0.0299041 
64,1.6 ,0.0299482 
65,1.625 ,0.0299919 
66,1.65 ,0.0300351 
67,1.675 ,0.0300778 
68,1.7 ,0.0301199 
69,1.725 ,0.0301614 
70,1.75 ,0.0302023 
71,1.775 ,0.0302424 
72,1.8 ,0.0302818 
73,1.825 ,0.0303204 
74,1.85 ,0.0303582 
75,1.875 ,0.0303951 
76,1.9 ,0.030431 
77,1.925 ,0.0304659 
78,1.95 ,0.0304998 
79,1.975 ,0.0305326 
80,2 ,0.0305643 
81,2.025 ,0.0305948 
82,2.05 ,0.0306241 
83,2.075 ,0.0306522 
84,2.1 ,0.0306789 
85,2.125 ,0.0307042 
86,2.15 ,0.0307282 
87,2.175 ,0.0307507 
88,2.2 ,0.0307717 
89,2.225 ,0.0307911 
90,2.25 ,0.030809 
91,2.275 ,0.0308253 
92,2.3 ,0.0308398 
93,2.325 ,0.0308527 
94,2.35 ,0.0308638 
95,2.375 ,0.0308732 
96,2.4 ,0.0308807 
97,2.425 ,0.0308863 
98,2.45 ,0.03089 
99,2.475 ,0.0308918 
100,2.5 ,0.0308916 
101,2.525 ,0.0308893 
102,2.55 ,0.030885 
103,2.575 ,0.0308786 
104,2.6 ,0.0308701 
105,2.625 ,0.0308594 
106,2.65 ,0.0308466 
107,2.675 ,0.0308315 
108,2.7 ,0.0308141 
109,2.725 ,0.0307944 
110,2.75 ,0.0307725 
111,2.775 ,0.0307482 
112,2.8 ,0.0307215 
113,2.825 ,0.0306924 
114,2.85 ,0.030661 
115,2.875 ,0.030627 
116,2.9 ,0.0305906 
117,2.925 ,0.0305518 
118,2.95 ,0.0305104 
119,2.975 ,0.0304665 
120,3 ,0.03042 
121,3.025 ,0.030371 
122,3.05 ,0.0303195 
123,3.075 ,0.0302653 
124,3.1 ,0.0302085 
125,3.125 ,0.0301492 
126,3.15 ,0.0300872 
127,3.175 ,0.0300226 
128,3.2 ,0.0299553 
129,3.225 ,0.0298854 
130,3.25 ,0.0298129 
131,3.275 ,0.0297377 
132,3.3 ,0.0296598 
133,3.325 ,0.0295793 
134,3.35 ,0.0294962 
135,3.375 ,0.0294103 
136,3.4 ,0.0293219 
137,3.425 ,0.0292308 
138,3.45 ,0.029137 
139,3.475 ,0.0290407 
140,3.5 ,0.0289417 
141,3.525 ,0.02884 
142,3.55 ,0.0287358 
143,3.575 ,0.028629 
144,3.6 ,0.0285196 
145,3.625 ,0.0284077 
146,3.65 ,0.0282932 
147,3.675 ,0.0281762 
148,3.7 ,0.0280566 
149,3.725 ,0.0279346 
150,3.75 ,0.0278101 
151,3.775 ,0.0276831 
152,3.8 ,0.0275538 
153,3.825 ,0.027422 
154,3.85 ,0.0272878 
155,3.875 ,0.0271513 
156,3.9 ,0.0270125 
157,3.925 ,0.0268714 
158,3.95 ,0.026728 
159,3.975 ,0.0265824 
160,4 ,0.0264346 
161,4.025 ,0.0262847 
162,4.05 ,0.0261326 
163,4.075 ,0.0259784 
164,4.1 ,0.0258222 
165,4.125 ,0.0256639 
166,4.15 ,0.0255036 
167,4.175 ,0.0253415 
168,4.2 ,0.0251774 
169,4.225 ,0.0250114 
170,4.25 ,0.0248436 
171,4.275 ,0.024674 
172,4.3 ,0.0245027 
173,4.325 ,0.0243297 
174,4.35 ,0.0241551 
175,4.375 ,0.0239789 
176,4.4 ,0.023801 
177,4.425 ,0.0236217 
178,4.45 ,0.0234409 
179,4.475 ,0.0232587 
180,4.5 ,0.0230751 
181,4.525 ,0.0228902 
182,4.55 ,0.022704 
183,4.575 ,0.0225166 
184,4.6 ,0.0223281 
185,4.625 ,0.0221383 
186,4.65 ,0.0219475 
187,4.675 ,0.0217557 
188,4.7 ,0.0215629 
189,4.725 ,0.0213692 
190,4.75 ,0.0211746 
191,4.775 ,0.0209792 
192,4.8 ,0.020783 
193,4.825 ,0.0205861 
194,4.85 ,0.0203885 
195,4.875 ,0.0201903 
196,4.9 ,0.0199915 
197,4.925 ,0.0197922 
198,4.95 ,0.0195924 
199,4.975 ,0.0193922 
200,5 ,0.0191917 
201,5.025 ,0.0189908 
202,5.05 ,0.0187897 
203,5.075 ,0.0185883 
204,5.1 ,0.0183868 
205,5.125 ,0.0181852 
206,5.15 ,0.0179835 
207,5.175 ,0.0177818 
208,5.2 ,0.0175801 
209,5.225 ,0.0173785 
210,5.25 ,0.017177 
211,5.275 ,0.0169757 
212,5.3 ,0.0167746 
213,5.325 ,0.0165737 
214,5.35 ,0.0163732 
215,5.375 ,0.0161731 
216,5.4 ,0.0159733 
217,5.425 ,0.015774 
218,5.45 ,0.0155752 
219,5.475 ,0.0153769 
220,5.5 ,0.0151791 
221,5.525 ,0.014982 
222,5.55 ,0.0147856 
223,5.575 ,0.0145898 
224,5.6 ,0.0143948 
225,5.625 ,0.0142005 
226,5.65 ,0.0140071 
227,5.675 ,0.0138145 
228,5.7 ,0.0136228 
229,5.725 ,0.013432 
230,5.75 ,0.0132422 
231,5.775 ,0.0130534 
232,5.8 ,0.0128656 
233,5.825 ,0.0126788 
234,5.85 ,0.0124931 
235,5.875 ,0.0123086 
236,5.9 ,0.0121252 
237,5.925 ,0.011943 
238,5.95 ,0.011762 
239,5.975 ,0.0115822 
240,6 ,0.0114037 
241,6.025 ,0.0112265 
242,6.05 ,0.0110506 
243,6.075 ,0.010876 
244,6.1 ,0.0107028 
245,6.125 ,0.010531 
246,6.15 ,0.0103606 
247,6.175 ,0.0101916 
248,6.2 ,0.0100241 
249,6.225 ,0.00985805 
250,6.25 ,0.00969348 
251,6.275 ,0.00953041 
252,6.3 ,0.00936886 
253,6.325 ,0.00920885 
254,6.35 ,0.00905039 
255,6.375 ,0.0088935 
256,6.4 ,0.00873818 
257,6.425 ,0.00858446 
258,6.45 ,0.00843234 
259,6.475 ,0.00828184 
260,6.5 ,0.00813296 
261,6.525 ,0.00798572 
262,6.55 ,0.00784012 
263,6.575 ,0.00769617 
264,6.6 ,0.00755388 
265,6.625 ,0.00741325 
266,6.65 ,0.00727429 
267,6.675 ,0.00713701 
268,6.7 ,0.0070014 
269,6.725 ,0.00686748 
270,6.75 ,0.00673524 
271,6.775 ,0.00660469 
272,6.8 ,0.00647583 
273,6.825 ,0.00634865 
274,6.85 ,0.00622317 
275,6.875 ,0.00609937 
276,6.9 ,0.00597725 
277,6.925 ,0.00585682 
278,6.95 ,0.00573808 
279,6.975 ,0.005621 
280,7 ,0.00550561 
281,7.025 ,0.00539188 
282,7.05 ,0.00527982 
283,7.075 ,0.00516942 
284,7.1 ,0.00506067 
285,7.125 ,0.00495357 
286,7.15 ,0.00484811 
287,7.175 ,0.00474428 
288,7.2 ,0.00464208 
289,7.225 ,0.00454149 
290,7.25 ,0.00444251 
291,7.275 ,0.00434513 
292,7.3 ,0.00424933 
293,7.325 ,0.00415511 
294,7.35 ,0.00406246 
295,7.375 ,0.00397136 
296,7.4 ,0.00388181 
297,7.425 ,0.0037938 
298,7.45 ,0.0037073 
299,7.475 ,0.00362231 
300,7.5 ,0.00353882 
301,7.525 ,0.00345681 
302,7.55 ,0.00337627 
303,7.575 ,0.00329719 
304,7.6 ,0.00321955 
305,7.625 ,0.00314334 
306,7.65 ,0.00306854 
307,7.675 ,0.00299514 
308,7.7 ,0.00292313 
309,7.725 ,0.00285249 
310,7.75 ,0.00278321 
311,7.775 ,0.00271526 
312,7.8 ,0.00264864 
313,7.825 ,0.00258333 
314,7.85 ,0.00251932 
315,7.875 ,0.00245658 
316,7.9 ,0.0023951 
317,7.925 ,0.00233487 
318,7.95 ,0.00227588 
319,7.975 ,0.00221809 
320,8 ,0.00216151 
321,8.025 ,0.0021061 
322,8.05 ,0.00205186 
323,8.075 ,0.00199878 
324,8.1 ,0.00194682 
325,8.125 ,0.00189598 
326,8.15 ,0.00184624 
327,8.175 ,0.00179759 
328,8.2 ,0.00175 
329,8.225 ,0.00170346 
330,8.25 ,0.00165796 
331,8.275 ,0.00161347 
332,8.3 ,0.00156999 
333,8.325 ,0.00152749 
334,8.35 ,0.00148596 
335,8.375 ,0.00144539 
336,8.4 ,0.00140575 
337,8.425 ,0.00136703 
338,8.45 ,0.00132922 
339,8.475 ,0.0012923 
340,8.5 ,0.00125625 
341,8.525 ,0.00122106 
342,8.55 ,0.00118672 
343,8.575 ,0.0011532 
344,8.6 ,0.00112049 
345,8.625 ,0.00108859 
346,8.65 ,0.00105746 
347,8.675 ,0.0010271 
348,8.7 ,0.000997499 
349,8.725 ,0.000968632 
350,8.75 ,0.00094049 
351,8.775 ,0.000913057 
352,8.8 ,0.000886319 
353,8.825 ,0.000860264 
354,8.85 ,0.000834876 
355,8.875 ,0.000810142 
356,8.9 ,0.00078605 
357,8.925 ,0.000762584 
358,8.95 ,0.000739733 
359,8.975 ,0.000717484 
360,9 ,0.000695822 
361,9.025 ,0.000674737 
362,9.05 ,0.000654215 
363,9.075 ,0.000634245 
364,9.1 ,0.000614813 
365,9.125 ,0.000595908 
366,9.15 ,0.000577519 
367,9.175 ,0.000559633 
368,9.2 ,0.00054224 
369,9.225 ,0.000525328 
370,9.25 ,0.000508885 
371,9.275 ,0.000492902 
372,9.3 ,0.000477367 
373,9.325 ,0.00046227 
374,9.35 ,0.000447601 
375,9.375 ,0.000433348 
376,9.4 ,0.000419504 
377,9.425 ,0.000406056 
378,9.45 ,0.000392996 
379,9.475 ,0.000380315 
380,9.5 ,0.000368003 
381,9.525 ,0.00035605 
382,9.55 ,0.000344448 
383,9.575 ,0.000333189 
384,9.6 ,0.000322262 
385,9.625 ,0.000311661 
386,9.65 ,0.000301376 
387,9.675 ,0.0002914 
388,9.7 ,0.000281724 
389,9.725 ,0.000272341 
390,9.75 ,0.000263243 
391,9.775 ,0.000254422 
392,9.8 ,0.000245871 
393,9.825 ,0.000237583 
394,9.85 ,0.000229551 
395,9.875 ,0.000221768 
396,9.9 ,0.000214228 
397,9.925 ,0.000206922 
398,9.95 ,0.000199846 
399,9.975 ,0.000192993 
400,10 ,0.000186357 
401,10.025 ,0.000179931 
402,10.05 ,0.000173709 
403,10.075 ,0.000167687 
404,10.1 ,0.000161858 
405,10.125 ,0.000156216 
406,10.15 ,0.000150757 
407,10.175 ,0.000145476 
408,10.2 ,0.000140366 
409,10.225 ,0.000135423 
410,10.25 ,0.000130643 
411,10.275 ,0.00012602 
412,10.3 ,0.00012155 
413,10.325 ,0.000117228 
414,10.35 ,0.00011305 
415,10.375 ,0.000109011 
416,10.4 ,0.000105108 
417,10.425 ,0.000101336 
418,10.45 ,9.76908e-05 
419,10.475 ,9.41693e-05 
420,10.5 ,9.07674e-05 
421,10.525 ,8.74813e-05 
422,10.55 ,8.43075e-05 
423,10.575 ,8.12425e-05 
424,10.6 ,7.82829e-05 
425,10.625 ,7.54253e-05 
426,10.65 ,7.26665e-05 
427,10.675 ,7.00034e-05 
428,10.7 ,6.74329e-05 
429,10.725 ,6.49521e-05 
430,10.75 ,6.2558e-05 
431,10.775 ,6.02479e-05 
432,10.8 ,5.80191e-05 
433,10.825 ,5.58688e-05 
434,10.85 ,5.37946e-05 
435,10.875 ,5.17939e-05 
436,10.9 ,4.98644e-05 
437,10.925 ,4.80035e-05 
438,10.95 ,4.62092e-05 
439,10.975 ,4.4479e-05 
440,11 ,4.2811e-05 
441,11.025 ,4.1203e-05 
442,11.05 ,3.9653e-05 
443,11.075 ,3.81591e-05 
444,11.1 ,3.67192e-05 
445,11.125 ,3.53317e-05 
446,11.15 ,3.39946e-05 
447,11.175 ,3.27064e-05 
448,11.2 ,3.14652e-05 
449,11.225 ,3.02694e-05 
450,11.25 ,2.91176e-05 
451,11.275 ,2.80082e-05 
452,11.3 ,2.69396e-05 
453,11.325 ,2.59105e-05 
454,11.35 ,2.49195e-05 
455,11.375 ,2.39653e-05 
456,11.4 ,2.30465e-05 
457,11.425 ,2.21618e-05 
458,11.45 ,2.13102e-05 
459,11.475 ,2.04904e-05 
460,11.5 ,1.97013e-05 
461,11.525 ,1.89418e-05 
462,11.55 ,1.82108e-05 
463,11.575 ,1.75073e-05 
464,11.6 ,1.68303e-05 
465,11.625 ,1.61789e-05 
466,11.65 ,1.55521e-05 
467,11.675 ,1.4949e-05 
468,11.7 ,1.43688e-05 
469,11.725 ,1.38107e-05 
470,11.75 ,1.32738e-05 
471,11.775 ,1.27573e-05 
472,11.8 ,1.22606e-05 
473,11.825 ,1.17829e-05 
474,11.85 ,1.13234e-05 
475,11.875 ,1.08815e-05 
476,11.9 ,1.04566e-05 
477,11.925 ,1.00481e-05 
478,11.95 ,9.65522e-06 
479,11.975 ,9.27751e-06 
480,12 ,8.91436e-06 
481,12.025 ,8.56525e-06 
482,12.05 ,8.22963e-06 
483,12.075 ,7.90701e-06 
484,12.1 ,7.5969e-06 
485,12.125 ,7.29882e-06 
486,12.15 ,7.01231e-06 
487,12.175 ,6.73695e-06 
488,12.2 ,6.47231e-06 
489,12.225 ,6.21799e-06 
490,12.25 ,5.97358e-06 
491,12.275 ,5.73872e-06 
492,12.3 ,5.51304e-06 
493,12.325 ,5.29618e-06 
494,12.35 ,5.08782e-06 
495,12.375 ,4.88762e-06 
496,12.4 ,4.69527e-06 
497,12.425 ,4.51047e-06 
498,12.45 ,4.33294e-06 
499,12.475 ,4.16238e-06 
500,12.5 ,3.99853e-06 
501,12.525 ,3.84114e-06 
502,12.55 ,3.68994e-06 
503,12.575 ,3.54471e-06 
504,12.6 ,3.4052e-06 
505,12.625 ,3.2712e-06 
506,12.65 ,3.14249e-06 
507,12.675 ,3.01887e-06 
508,12.7 ,2.90014e-06 
509,12.725 ,2.7861e-06 
510,12.75 ,2.67658e-06 
511,12.775 ,2.57139e-06 
512,12.8 ,2.47037e-06 
513,12.825 ,2.37335e-06 
514,12.85 ,2.28018e-06 
515,12.875 ,2.1907e-06 
516,12.9 ,2.10477e-06 
517,12.925 ,2.02225e-06 
518,12.95 ,1.943e-06 
519,12.975 ,1.8669e-06 
520,13 ,1.79383e-06 
521,13.025 ,1.72365e-06 
522,13.05 ,1.65626e-06 
523,13.075 ,1.59155e-06 
524,13.1 ,1.5294e-06 
525,13.125 ,1.46973e-06 
526,13.15 ,1.41242e-06 
527,13.175 ,1.3574e-06 
528,13.2 ,1.30456e-06 
529,13.225 ,1.25381e-06 
530,13.25 ,1.20509e-06 
531,13.275 ,1.15829e-06 
532,13.3 ,1.11336e-06 
533,13.325 ,1.07021e-06 
534,13.35 ,1.02877e-06 
535,13.375 ,9.88979e-07 
536,13.4 ,9.50764e-07 
537,13.425 ,9.14066e-07 
538,13.45 ,8.78822e-07 
539,13.475 ,8.44975e-07 
540,13.5 ,8.1247e-07 
541,13.525 ,7.81251e-07 
542,13.55 ,7.51269e-07 
543,13.575 ,7.22473e-07 
544,13.6 ,6.94815e-07 
545,13.625 ,6.68251e-07 
546,13.65 ,6.42737e-07 
547,13.675 ,6.1823e-07 
548,13.7 ,5.9469e-07 
549,13.725 ,5.72078e-07 
550,13.75 ,5.50357e-07 
551,13.775 ,5.29492e-07 
552,13.8 ,5.09447e-07 
553,13.825 ,4.90191e-07 
554,13.85 ,4.71691e-07 
555,13.875 ,4.53918e-07 
556,13.9 ,4.36842e-07 
557,13.925 ,4.20435e-07 
558,13.95 ,4.0467e-07 
559,13.975 ,3.89522e-07 
560,14 ,3.74966e-07 
561,14.025 ,3.60978e-07 
562,14.05 ,3.47535e-07 
563,14.075 ,3.34617e-07 
564,14.1 ,3.22201e-07 
565,14.125 ,3.10267e-07 
566,14.15 ,2.98797e-07 
567,14.175 ,2.87772e-07 
568,14.2 ,2.77173e-07 
569,14.225 ,2.66985e-07 
570,14.25 ,2.5719e-07 
571,14.275 ,2.47773e-07 
572,14.3 ,2.38719e-07 
573,14.325 ,2.30013e-07 
574,14.35 ,2.21642e-07 
575,14.375 ,2.13592e-07 
576,14.4 ,2.05851e-07 
577,14.425 ,1.98405e-07 
578,14.45 ,1.91244e-07 
579,14.475 ,1.84356e-07 
580,14.5 ,1.77731e-07 
581,14.525 ,1.71357e-07 
582,14.55 ,1.65225e-07 
583,14.575 ,1.59326e-07 
584,14.6 ,1.5365e-07 
585,14.625 ,1.48188e-07 
586,14.65 ,1.42932e-07 
587,14.675 ,1.37874e-07 
588,14.7 ,1.33006e-07 
589,14.725 ,1.28321e-07 
590,14.75 ,1.2381e-07 
591,14.775 ,1.19469e-07 
592,14.8 ,1.15289e-07 
593,14.825 ,1.11265e-07 
594,14.85 ,1.0739e-07 
595,14.875 ,1.0366e-07 
596,14.9 ,1.00067e-07 
597,14.925 ,9.66064e-08 
598,14.95 ,9.32737e-08 
599,14.975 ,9.00636e-08 
600,15 ,8.69713e-08 
601,15.025 ,8.39923e-08 
602,15.05 ,8.11221e-08 
603,15.075 ,7.83567e-08 
604,15.1 ,7.56918e-08 
605,15.125 ,7.31238e-08 
606,15.15 ,7.06488e-08 
607,15.175 ,6.82633e-08 
608,15.2 ,6.59638e-08 
609,15.225 ,6.37472e-08 
610,15.25 ,6.16101e-08 
611,15.275 ,5.95496e-08 
612,15.3 ,5.75628e-08 
613,15.325 ,5.56468e-08 
614,15.35 ,5.37991e-08 
615,15.375 ,5.20169e-08 
616,15.4 ,5.02979e-08 
617,15.425 ,4.86396e-08 
618,15.45 ,4.70397e-08 
619,15.475 ,4.54962e-08 
620,15.5 ,4.40068e-08 
621,15.525 ,4.25695e-08 
622,15.55 ,4.11824e-08 
623,15.575 ,3.98437e-08 
624,15.6 ,3.85514e-08 
625,15.625 ,3.7304e-08 
626,15.65 ,3.60997e-08 
627,15.675 ,3.49369e-08 
628,15.7 ,3.38142e-08 
629,15.725 ,3.273e-08 
630,15.75 ,3.1683e-08 
631,15.775 ,3.06717e-08 
632,15.8 ,2.96948e-08 
633,15.825 ,2.87512e-08 
634,15.85 ,2.78396e-08 
635,15.875 ,2.69588e-08 
636,15.9 ,2.61078e-08 
637,15.925 ,2.52854e-08 
638,15.95 ,2.44906e-08 
639,15.975 ,2.37224e-08 
640,16 ,2.29799e-08 
641,16.025 ,2.22622e-08 
642,16.05 ,2.15683e-08 
643,16.075 ,2.08975e-08 
644,16.1 ,2.02488e-08 
645,16.125 ,1.96216e-08 
646,16.15 ,1.9015e-08 
647,16.175 ,1.84283e-08 
648,16.2 ,1.78609e-08 
649,16.225 ,1.7312e-08 
650,16.25 ,1.6781e-08 
651,16.275 ,1.62673e-08 
652,16.3 ,1.57703e-08 
653,16.325 ,1.52894e-08 
654,16.35 ,1.4824e-08 
655,16.375 ,1.43736e-08 
656,16.4 ,1.39377e-08 
657,16.425 ,1.35157e-08 
658,16.45 ,1.31073e-08 
659,16.475 ,1.2712e-08 
660,16.5 ,1.23292e-08 
661,16.525 ,1.19586e-08 
662,16.55 ,1.15997e-08 
663,16.575 ,1.12523e-08 
664,16.6 ,1.09157e-08 
665,16.625 ,1.05898e-08 
666,16.65 ,1.02742e-08 
667,16.675 ,9.9684e-09 
668,16.7 ,9.67222e-09 
669,16.725 ,9.38528e-09 
670,16.75 ,9.10729e-09 
671,16.775 ,8.83795e-09 
672,16.8 ,8.57697e-09 
673,16.825 ,8.32408e-09 
674,16.85 ,8.079e-09 
675,16.875 ,7.84148e-09 
676,16.9 ,7.61128e-09 
677,16.925 ,7.38815e-09 
678,16.95 ,7.17187e-09 
679,16.975 ,6.96221e-09 
680,17 ,6.75895e-09 
681,17.025 ,6.56189e-09 
682,17.05 ,6.37082e-09 
683,17.075 ,6.18557e-09 
684,17.1 ,6.00592e-09 
685,17.125 ,5.83172e-09 
686,17.15 ,5.66278e-09 
687,17.175 ,5.49893e-09 
688,17.2 ,5.34002e-09 
689,17.225 ,5.18588e-09 
690,17.25 ,5.03637e-09 
691,17.275 ,4.89133e-09 
692,17.3 ,4.75063e-09 
693,17.325 ,4.61413e-09 
694,17.35 ,4.4817e-09 
695,17.375 ,4.3532e-09 
696,17.4 ,4.22853e-09 
697,17.425 ,4.10755e-09 
698,17.45 ,3.99015e-09 
699,17.475 ,3.87623e-09 
700,17.5 ,3.76566e-09 
701,17.525 ,3.65836e-09 
702,17.55 ,3.55421e-09 
703,17.575 ,3.45313e-09 
704,17.6 ,3.35501e-09 
705,17.625 ,3.25977e-09 
706,17.65 ,3.16731e-09 
707,17.675 ,3.07756e-09 
708,17.7 ,2.99042e-09 
709,17.725 ,2.90583e-09 
710,17.75 ,2.82369e-09 
711,17.775 ,2.74395e-09 
712,17.8 ,2.66652e-09 
713,17.825 ,2.59133e-09 
714,17.85 ,2.51833e-09 
715,17.875 ,2.44743e-09 
716,17.9 ,2.37858e-09 
717,17.925 ,2.31172e-09 
718,17.95 ,2.24679e-09 
719,17.975 ,2.18373e-09 
720,18 ,2.12247e-09 
721,18.025 ,2.06298e-09 
722,18.05 ,2.0052e-09 
723,18.075 ,1.94907e-09 
724,18.1 ,1.89455e-09 
725,18.125 ,1.84159e-09 
726,18.15 ,1.79014e-09 
727,18.175 ,1.74016e-09 
728,18.2 ,1.69161e-09 
729,18.225 ,1.64444e-09 
730,18.25 ,1.59861e-09 
731,18.275 ,1.55409e-09 
732,18.3 ,1.51083e-09 
733,18.325 ,1.4688e-09 
734,18.35 ,1.42796e-09 
735,18.375 ,1.38828e-09 
736,18.4 ,1.34972e-09 
737,18.425 ,1.31225e-09 
738,18.45 ,1.27584e-09 
739,18.475 ,1.24046e-09 
740,18.5 ,1.20608e-09 
741,18.525 ,1.17267e-09 
742,18.55 ,1.1402e-09 
743,18.575 ,1.10864e-09 
744,18.6 ,1.07797e-09 
745,18.625 ,1.04817e-09 
746,18.65 ,1.0192e-09 
747,18.675 ,9.91043e-10 
748,18.7 ,9.63678e-10 
749,18.725 ,9.3708e-10 
750,18.75 ,9.11227e-10 
751,18.775 ,8.86098e-10 
752,18.8 ,8.61672e-10 
753,18.825 ,8.3793e-10 
754,18.85 ,8.14851e-10 
755,18.875 ,7.92417e-10 
756,18.9 ,7.7061e-10 
757,18.925 ,7.49411e-10 
758,18.95 ,7.28803e-10 
759,18.975 ,7.08769e-10 
760,19 ,6.89294e-10 
761,19.025 ,6.7036e-10 
762,19.05 ,6.51954e-10 
763,19.075 ,6.3406e-10 
764,19.1 ,6.16663e-10 
765,19.125 ,5.9975e-10 
766,19.15 ,5.83306e-10 
767,19.175 ,5.67319e-10 
768,19.2 ,5.51776e-10 
769,19.225 ,5.36663e-10 
770,19.25 ,5.2197e-10 
771,19.275 ,5.07684e-10 
772,19.3 ,4.93794e-10 
773,19.325 ,4.80288e-10 
774,19.35 ,4.67156e-10 
775,19.375 ,4.54387e-10 
776,19.4 ,4.41972e-10 
777,19.425 ,4.299e-10 
778,19.45 ,4.18162e-10 
779,19.475 ,4.06748e-10 
780,19.5 ,3.95649e-10 
781,19.525 ,3.84856e-10 
782,19.55 ,3.74362e-10 
783,19.575 ,3.64157e-10 
784,19.6 ,3.54233e-10 
785,19.625 ,3.44584e-10 
786,19.65 ,3.352e-10 
787,19.675 ,3.26074e-10 
788,19.7 ,3.17201e-10 
789,19.725 ,3.08571e-10 
790,19.75 ,3.00179e-10 
791,19.775 ,2.92018e-10 
792,19.8 ,2.84082e-10 
793,19.825 ,2.76364e-10 
794,19.85 ,2.68859e-10 
795,19.875 ,2.61559e-10 
796,19.9 ,2.54461e-10 
797,19.925 ,2.47557e-10 
798,19.95 ,2.40843e-10 
799,19.975 ,2.34314e-10 
800,20 ,2.27964e-10 
801,20.025 ,2.21788e-10 
802,20.05 ,2.15782e-10 
803,20.075 ,2.09941e-10 
804,20.1 ,2.0426e-10 
805,20.125 ,1.98735e-10 
806,20.15 ,1.93361e-10 
807,20.175 ,1.88135e-10 
808,20.2 ,1.83052e-10 
809,20.225 ,1.78109e-10 
810,20.25 ,1.73301e-10 
811,20.275 ,1.68625e-10 
812,20.3 ,1.64077e-10 
813,20.325 ,1.59653e-10 
814,20.35 ,1.55351e-10 
815,20.375 ,1.51166e-10 
816,20.4 ,1.47097e-10 
817,20.425 ,1.43138e-10 
818,20.45 ,1.39288e-10 
819,20.475 ,1.35543e-10 
820,20.5 ,1.31901e-10 
821,20.525 ,1.28359e-10 
822,20.55 ,1.24913e-10 
823,20.575 ,1.21562e-10 
824,20.6 ,1.18302e-10 
825,20.625 ,1.15131e-10 
826,20.65 ,1.12048e-10 
827,20.675 ,1.09048e-10 
828,20.7 ,1.06131e-10 
829,20.725 ,1.03293e-10 
830,20.75 ,1.00533e-10 
831,20.775 ,9.78478e-11 
832,20.8 ,9.52364e-11 
833,20.825 ,9.26964e-11 
834,20.85 ,9.02257e-11 
835,20.875 ,8.78226e-11 
836,20.9 ,8.54851e-11 
837,20.925 ,8.32114e-11 
838,20.95 ,8.09998e-11 
839,20.975 ,7.88487e-11 
840,21 ,7.67562e-11 
841,21.025 ,7.47209e-11 
842,21.05 ,7.27412e-11 
843,21.075 ,7.08154e-11 
844,21.1 ,6.89423e-11 
845,21.125 ,6.71203e-11 
846,21.15 ,6.5348e-11 
847,21.175 ,6.3624e-11 
848,21.2 ,6.19471e-11 
849,21.225 ,6.0316e-11 
850,21.25 ,5.87293e-11 
851,21.275 ,5.7186e-11 
852,21.3 ,5.56847e-11 
853,21.325 ,5.42244e-11 
854,21.35 ,5.28039e-11 
855,21.375 ,5.14221e-11 
856,21.4 ,5.00781e-11 
857,21.425 ,4.87706e-11 
858,21.45 ,4.74989e-11 
859,21.475 ,4.62618e-11 
860,21.5 ,4.50584e-11 
861,21.525 ,4.38879e-11 
862,21.55 ,4.27492e-11 
863,21.575 ,4.16416e-11 
864,21.6 ,4.05642e-11 
865,21.625 ,3.95161e-11 
866,21.65 ,3.84966e-11 
867,21.675 ,3.75049e-11 
868,21.7 ,3.65403e-11 
869,21.725 ,3.56019e-11 
870,21.75 ,3.46891e-11 
871,21.775 ,3.38011e-11 
872,21.8 ,3.29374e-11 
873,21.825 ,3.20972e-11 
874,21.85 ,3.12799e-11 
875,21.875 ,3.04848e-11 
876,21.9 ,2.97114e-11 
877,21.925 ,2.89591e-11 
878,21.95 ,2.82273e-11 
879,21.975 ,2.75155e-11 
880,22 ,2.6823e-11 
881,22.025 ,2.61494e-11 
882,22.05 ,2.54941e-11 
883,22.075 ,2.48567e-11 
884,22.1 ,2.42367e-11 
885,22.125 ,2.36336e-11 
886,22.15 ,2.30469e-11 
887,22.175 ,2.24762e-11 
888,22.2 ,2.1921e-11 
889,22.225 ,2.1381e-11 
890,22.25 ,2.08557e-11 
891,22.275 ,2.03448e-11 
892,22.3 ,1.98477e-11 
893,22.325 ,1.93642e-11 
894,22.35 ,1.88939e-11 
895,22.375 ,1.84364e-11 
896,22.4 ,1.79914e-11 
897,22.425 ,1.75586e-11 
898,22.45 ,1.71375e-11 
899,22.475 ,1.6728e-11 
900,22.5 ,1.63296e-11 
901,22.525 ,1.59421e-11 
902,22.55 ,1.55652e-11 
903,22.575 ,1.51985e-11 
904,22.6 ,1.48419e-11 
905,22.625 ,1.44951e-11 
906,22.65 ,1.41577e-11 
907,22.675 ,1.38295e-11 
908,22.7 ,1.35104e-11 
909,22.725 ,1.31999e-11 
910,22.75 ,1.2898e-11 
911,22.775 ,1.26043e-11 
912,22.8 ,1.23187e-11 
913,22.825 ,1.20409e-11 
914,22.85 ,1.17707e-11 
915,22.875 ,1.1508e-11 
916,22.9 ,1.12525e-11 
917,22.925 ,1.1004e-11 
918,22.95 ,1.07623e-11 
919,22.975 ,1.05273e-11 
920,23 ,1.02988e-11 
921,23.025 ,1.00765e-11 
922,23.05 ,9.86042e-12 
923,23.075 ,9.65029e-12 
924,23.1 ,9.44598e-12 
925,23.125 ,9.24732e-12 
926,23.15 ,9.05417e-12 
927,23.175 ,8.86638e-12 
928,23.2 ,8.68382e-12 
929,23.225 ,8.50633e-12 
930,23.25 ,8.33379e-12 
931,23.275 ,8.16608e-12 
932,23.3 ,8.00305e-12 
933,23.325 ,7.84459e-12 
934,23.35 ,7.69059e-12 
935,23.375 ,7.54091e-12 
936,23.4 ,7.39546e-12 
937,23.425 ,7.25412e-12 
938,23.45 ,7.11678e-12 
939,23.475 ,6.98334e-12 
940,23.5 ,6.85371e-12 
941,23.525 ,6.72778e-12 
942,23.55 ,6.60546e-12 
943,23.575 ,6.48665e-12 
944,23.6 ,6.37127e-12 
945,23.625 ,6.25923e-12 
946,23.65 ,6.15045e-12 
947,23.675 ,6.04485e-12 
948,23.7 ,5.94233e-12 
949,23.725 ,5.84284e-12 
950,23.75 ,5.74629e-12 
951,23.775 ,5.65262e-12 
952,23.8 ,5.56174e-12 
953,23.825 ,5.4736e-12 
954,23.85 ,5.38812e-12 
955,23.875 ,5.30525e-12 
956,23.9 ,5.22491e-12 
957,23.925 ,5.14706e-12 
958,23.95 ,5.07163e-12 
959,23.975 ,4.99856e-12 
960,24 ,4.92781e-12 
961,24.025 ,4.85931e-12 
962,24.05 ,4.79302e-12 
963,24.075 ,4.72888e-12 
964,24.1 ,4.66686e-12 
965,24.125 ,4.60689e-12 
966,24.15 ,4.54894e-12 
967,24.175 ,4.49296e-12 
968,24.2 ,4.43892e-12 
969,24.225 ,4.38677e-12 
970,24.25 ,4.33646e-12 
971,24.275 ,4.28797e-12 
972,24.3 ,4.24126e-12 
973,24.325 ,4.19629e-12 
974,24.35 ,4.15303e-12 
975,24.375 ,4.11144e-12 
976,24.4 ,4.07149e-12 
977,24.425 ,4.03316e-12 
978,24.45 ,3.99642e-12 
979,24.475 ,3.96123e-12 
980,24.5 ,3.92757e-12 
981,24.525 ,3.89541e-12 
982,24.55 ,3.86474e-12 
983,24.575 ,3.83552e-12 
984,24.6 ,3.80774e-12 
985,24.625 ,3.78136e-12 
986,24.65 ,3.75638e-12 
987,24.675 ,3.73277e-12 
988,24.7 ,3.71052e-12 
989,24.725 ,3.68961e-12 
990,24.75 ,3.67001e-12 
991,24.775 ,3.65172e-12 
992,24.8 ,3.63472e-12 
993,24.825 ,3.61899e-12 
994,24.85 ,3.60453e-12 
995,24.875 ,3.59132e-12 
996,24.9 ,3.57936e-12 
997,24.925 ,3.56862e-12 
998,24.95 ,3.5591e-12 
999,24.975 ,3.5508e-12 
1000,25 ,3.5437e-12 