N_e = 8
1,0.025 ,0.018123 
2,0.05 ,0.018123 
3,0.075 ,0.0181239 
4,0.1 ,0.0181247 
5,0.125 ,0.0181256 
6,0.15 ,0.0181267 
7,0.175 ,0.0181278 
8,0.2 ,0.0181291 
9,0.225 ,0.0181305 
10,0.25 ,0.0181321 
11,0.275 ,0.0181338 
12,0.3 ,0.0181356 
13,0.325 ,0.0181375 
14,0.35 ,0.0181395 
15,0.375 ,0.0181416 
16,0.4 ,0.0181437 
17,0.425 ,0.018146 
18,0.45 ,0.0181483 
19,0.475 ,0.0181506 
20,0.5 ,0.018153 
21,0.525 ,0.0181554 
22,0.55 ,0.0181578 
23,0.575 ,0.0181601 
24,0.6 ,0.0181625 
25,0.625 ,0.0181647 
26,0.65 ,0.018167 
27,0.675 ,0.0181691 
28,0.7 ,0.0181711 
29,0.725 ,0.018173 
30,0.75 ,0.0181748 
31,0.775 ,0.0181764 
32,0.8 ,0.0181778 
33,0.825 ,0.0181791 
34,0.85 ,0.01818 
35,0.875 ,0.0181808 
36,0.9 ,0.0181813 
37,0.925 ,0.0181814 
38,0.95 ,0.0181813 
39,0.975 ,0.0181808 
40,1 ,0.01818 
41,1.025 ,0.0181788 
42,1.05 ,0.0181771 
43,1.075 ,0.0181751 
44,1.1 ,0.0181726 
45,1.125 ,0.0181696 
46,1.15 ,0.018166 
47,1.175 ,0.018162 
48,1.2 ,0.0181574 
49,1.225 ,0.0181522 
50,1.25 ,0.0181465 
51,1.275 ,0.0181401 
52,1.3 ,0.018133 
53,1.325 ,0.0181253 
54,1.35 ,0.0181169 
55,1.375 ,0.0181077 
56,1.4 ,0.0180978 
57,1.425 ,0.0180871 
58,1.45 ,0.0180756 
59,1.475 ,0.0180633 
60,1.5 ,0.0180502 
61,1.525 ,0.0180362 
62,1.55 ,0.0180213 
63,1.575 ,0.0180055 
64,1.6 ,0.0179888 
65,1.625 ,0.0179711 
66,1.65 ,0.0179524 
67,1.675 ,0.0179328 
68,1.7 ,0.0179121 
69,1.725 ,0.0178904 
70,1.75 ,0.0178676 
71,1.775 ,0.0178438 
72,1.8 ,0.0178189 
73,1.825 ,0.0177928 
74,1.85 ,0.0177657 
75,1.875 ,0.0177374 
76,1.9 ,0.0177079 
77,1.925 ,0.0176772 
78,1.95 ,0.0176454 
79,1.975 ,0.0176124 
80,2 ,0.0175781 
81,2.025 ,0.0175426 
82,2.05 ,0.0175059 
83,2.075 ,0.0174679 
84,2.1 ,0.0174287 
85,2.125 ,0.0173881 
86,2.15 ,0.0173463 
87,2.175 ,0.0173032 
88,2.2 ,0.0172588 
89,2.225 ,0.0172131 
90,2.25 ,0.0171661 
91,2.275 ,0.0171177 
92,2.3 ,0.0170681 
93,2.325 ,0.0170171 
94,2.35 ,0.0169647 
95,2.375 ,0.016911 
96,2.4 ,0.016856 
97,2.425 ,0.0167997 
98,2.45 ,0.016742 
99,2.475 ,0.0166829 
100,2.5 ,0.0166226 
101,2.525 ,0.0165609 
102,2.55 ,0.0164978 
103,2.575 ,0.0164335 
104,2.6 ,0.0163678 
105,2.625 ,0.0163008 
106,2.65 ,0.0162324 
107,2.675 ,0.0161628 
108,2.7 ,0.0160919 
109,2.725 ,0.0160196 
110,2.75 ,0.0159461 
111,2.775 ,0.0158713 
112,2.8 ,0.0157953 
113,2.825 ,0.015718 
114,2.85 ,0.0156394 
115,2.875 ,0.0155597 
116,2.9 ,0.0154787 
117,2.925 ,0.0153965 
118,2.95 ,0.0153132 
119,2.975 ,0.0152286 
120,3 ,0.0151429 
121,3.025 ,0.0150561 
122,3.05 ,0.0149681 
123,3.075 ,0.0148791 
124,3.1 ,0.0147889 
125,3.125 ,0.0146977 
126,3.15 ,0.0146054 
127,3.175 ,0.0145122 
128,3.2 ,0.0144179 
129,3.225 ,0.0143226 
130,3.25 ,0.0142263 
131,3.275 ,0.0141291 
132,3.3 ,0.014031 
133,3.325 ,0.013932 
134,3.35 ,0.0138321 
135,3.375 ,0.0137314 
136,3.4 ,0.0136298 
137,3.425 ,0.0135275 
138,3.45 ,0.0134243 
139,3.475 ,0.0133204 
140,3.5 ,0.0132158 
141,3.525 ,0.0131104 
142,3.55 ,0.0130044 
143,3.575 ,0.0128978 
144,3.6 ,0.0127905 
145,3.625 ,0.0126826 
146,3.65 ,0.0125741 
147,3.675 ,0.0124651 
148,3.7 ,0.0123556 
149,3.725 ,0.0122456 
150,3.75 ,0.0121351 
151,3.775 ,0.0120242 
152,3.8 ,0.0119129 
153,3.825 ,0.0118012 
154,3.85 ,0.0116892 
155,3.875 ,0.0115768 
156,3.9 ,0.0114641 
157,3.925 ,0.0113512 
158,3.95 ,0.011238 
159,3.975 ,0.0111246 
160,4 ,0.011011 
161,4.025 ,0.0108973 
162,4.05 ,0.0107834 
163,4.075 ,0.0106695 
164,4.1 ,0.0105554 
165,4.125 ,0.0104413 
166,4.15 ,0.0103272 
167,4.175 ,0.010213 
168,4.2 ,0.010099 
169,4.225 ,0.00998492 
170,4.25 ,0.00987097 
171,4.275 ,0.00975712 
172,4.3 ,0.00964341 
173,4.325 ,0.00952986 
174,4.35 ,0.00941649 
175,4.375 ,0.00930333 
176,4.4 ,0.0091904 
177,4.425 ,0.00907773 
178,4.45 ,0.00896534 
179,4.475 ,0.00885326 
180,4.5 ,0.00874151 
181,4.525 ,0.0086301 
182,4.55 ,0.00851908 
183,4.575 ,0.00840844 
184,4.6 ,0.00829823 
185,4.625 ,0.00818845 
186,4.65 ,0.00807913 
187,4.675 ,0.00797029 
188,4.7 ,0.00786196 
189,4.725 ,0.00775414 
190,4.75 ,0.00764687 
191,4.775 ,0.00754015 
192,4.8 ,0.00743401 
193,4.825 ,0.00732846 
194,4.85 ,0.00722353 
195,4.875 ,0.00711923 
196,4.9 ,0.00701557 
197,4.925 ,0.00691258 
198,4.95 ,0.00681026 
199,4.975 ,0.00670864 
200,5 ,0.00660773 
201,5.025 ,0.00650754 
202,5.05 ,0.00640808 
203,5.075 ,0.00630938 
204,5.1 ,0.00621144 
205,5.125 ,0.00611427 
206,5.15 ,0.00601789 
207,5.175 ,0.00592231 
208,5.2 ,0.00582754 
209,5.225 ,0.00573359 
210,5.25 ,0.00564047 
211,5.275 ,0.00554818 
212,5.3 ,0.00545675 
213,5.325 ,0.00536617 
214,5.35 ,0.00527645 
215,5.375 ,0.00518761 
216,5.4 ,0.00509965 
217,5.425 ,0.00501257 
218,5.45 ,0.00492638 
219,5.475 ,0.00484109 
220,5.5 ,0.00475671 
221,5.525 ,0.00467323 
222,5.55 ,0.00459066 
223,5.575 ,0.00450901 
224,5.6 ,0.00442828 
225,5.625 ,0.00434847 
226,5.65 ,0.00426959 
227,5.675 ,0.00419164 
228,5.7 ,0.00411462 
229,5.725 ,0.00403853 
230,5.75 ,0.00396337 
231,5.775 ,0.00388915 
232,5.8 ,0.00381586 
233,5.825 ,0.00374351 
234,5.85 ,0.00367209 
235,5.875 ,0.00360161 
236,5.9 ,0.00353206 
237,5.925 ,0.00346344 
238,5.95 ,0.00339576 
239,5.975 ,0.003329 
240,6 ,0.00326317 
241,6.025 ,0.00319826 
242,6.05 ,0.00313428 
243,6.075 ,0.00307122 
244,6.1 ,0.00300907 
245,6.125 ,0.00294783 
246,6.15 ,0.0028875 
247,6.175 ,0.00282807 
248,6.2 ,0.00276955 
249,6.225 ,0.00271192 
250,6.25 ,0.00265518 
251,6.275 ,0.00259932 
252,6.3 ,0.00254435 
253,6.325 ,0.00249025 
254,6.35 ,0.00243702 
255,6.375 ,0.00238465 
256,6.4 ,0.00233314 
257,6.425 ,0.00228248 
258,6.45 ,0.00223266 
259,6.475 ,0.00218369 
260,6.5 ,0.00213554 
261,6.525 ,0.00208821 
262,6.55 ,0.00204171 
263,6.575 ,0.00199601 
264,6.6 ,0.00195112 
265,6.625 ,0.00190702 
266,6.65 ,0.0018637 
267,6.675 ,0.00182117 
268,6.7 ,0.00177941 
269,6.725 ,0.00173841 
270,6.75 ,0.00169817 
271,6.775 ,0.00165868 
272,6.8 ,0.00161992 
273,6.825 ,0.0015819 
274,6.85 ,0.0015446 
275,6.875 ,0.00150801 
276,6.9 ,0.00147213 
277,6.925 ,0.00143695 
278,6.95 ,0.00140246 
279,6.975 ,0.00136864 
280,7 ,0.0013355 
281,7.025 ,0.00130302 
282,7.05 ,0.0012712 
283,7.075 ,0.00124002 
284,7.1 ,0.00120948 
285,7.125 ,0.00117956 
286,7.15 ,0.00115027 
287,7.175 ,0.00112158 
288,7.2 ,0.0010935 
289,7.225 ,0.00106601 
290,7.25 ,0.0010391 
291,7.275 ,0.00101277 
292,7.3 ,0.000987005 
293,7.325 ,0.000961798 
294,7.35 ,0.000937141 
295,7.375 ,0.000913024 
296,7.4 ,0.000889439 
297,7.425 ,0.000866377 
298,7.45 ,0.000843831 
299,7.475 ,0.00082179 
300,7.5 ,0.000800248 
301,7.525 ,0.000779195 
302,7.55 ,0.000758623 
303,7.575 ,0.000738524 
304,7.6 ,0.000718889 
305,7.625 ,0.000699711 
306,7.65 ,0.000680981 
307,7.675 ,0.000662692 
308,7.7 ,0.000644834 
309,7.725 ,0.000627401 
310,7.75 ,0.000610384 
311,7.775 ,0.000593776 
312,7.8 ,0.000577569 
313,7.825 ,0.000561755 
314,7.85 ,0.000546327 
315,7.875 ,0.000531277 
316,7.9 ,0.000516598 
317,7.925 ,0.000502283 
318,7.95 ,0.000488324 
319,7.975 ,0.000474714 
320,8 ,0.000461446 
321,8.025 ,0.000448513 
322,8.05 ,0.000435908 
323,8.075 ,0.000423624 
324,8.1 ,0.000411654 
325,8.125 ,0.000399992 
326,8.15 ,0.000388631 
327,8.175 ,0.000377564 
328,8.2 ,0.000366786 
329,8.225 ,0.000356289 
330,8.25 ,0.000346067 
331,8.275 ,0.000336114 
332,8.3 ,0.000326425 
333,8.325 ,0.000316993 
334,8.35 ,0.000307812 
335,8.375 ,0.000298877 
336,8.4 ,0.000290181 
337,8.425 ,0.000281719 
338,8.45 ,0.000273487 
339,8.475 ,0.000265477 
340,8.5 ,0.000257686 
341,8.525 ,0.000250107 
342,8.55 ,0.000242736 
343,8.575 ,0.000235567 
344,8.6 ,0.000228596 
345,8.625 ,0.000221818 
346,8.65 ,0.000215228 
347,8.675 ,0.000208821 
348,8.7 ,0.000202593 
349,8.725 ,0.000196539 
350,8.75 ,0.000190656 
351,8.775 ,0.000184938 
352,8.8 ,0.000179382 
353,8.825 ,0.000173982 
354,8.85 ,0.000168737 
355,8.875 ,0.00016364 
356,8.9 ,0.000158689 
357,8.925 ,0.00015388 
358,8.95 ,0.000149209 
359,8.975 ,0.000144672 
360,9 ,0.000140267 
361,9.025 ,0.000135988 
362,9.05 ,0.000131834 
363,9.075 ,0.0001278 
364,9.1 ,0.000123884 
365,9.125 ,0.000120082 
366,9.15 ,0.000116391 
367,9.175 ,0.000112809 
368,9.2 ,0.000109332 
369,9.225 ,0.000105957 
370,9.25 ,0.000102682 
371,9.275 ,9.95043e-05 
372,9.3 ,9.64205e-05 
373,9.325 ,9.34283e-05 
374,9.35 ,9.05253e-05 
375,9.375 ,8.77088e-05 
376,9.4 ,8.49766e-05 
377,9.425 ,8.23262e-05 
378,9.45 ,7.97553e-05 
379,9.475 ,7.72618e-05 
380,9.5 ,7.48434e-05 
381,9.525 ,7.2498e-05 
382,9.55 ,7.02235e-05 
383,9.575 ,6.80179e-05 
384,9.6 ,6.58792e-05 
385,9.625 ,6.38056e-05 
386,9.65 ,6.17951e-05 
387,9.675 ,5.9846e-05 
388,9.7 ,5.79564e-05 
389,9.725 ,5.61246e-05 
390,9.75 ,5.4349e-05 
391,9.775 ,5.2628e-05 
392,9.8 ,5.09598e-05 
393,9.825 ,4.93431e-05 
394,9.85 ,4.77762e-05 
395,9.875 ,4.62577e-05 
396,9.9 ,4.47862e-05 
397,9.925 ,4.33603e-05 
398,9.95 ,4.19786e-05 
399,9.975 ,4.06399e-05 
400,10 ,3.93429e-05 
401,10.025 ,3.80862e-05 
402,10.05 ,3.68688e-05 
403,10.075 ,3.56894e-05 
404,10.1 ,3.45469e-05 
405,10.125 ,3.34402e-05 
406,10.15 ,3.23682e-05 
407,10.175 ,3.13298e-05 
408,10.2 ,3.03241e-05 
409,10.225 ,2.93501e-05 
410,10.25 ,2.84068e-05 
411,10.275 ,2.74932e-05 
412,10.3 ,2.66085e-05 
413,10.325 ,2.57517e-05 
414,10.35 ,2.49221e-05 
415,10.375 ,2.41188e-05 
416,10.4 ,2.33409e-05 
417,10.425 ,2.25878e-05 
418,10.45 ,2.18586e-05 
419,10.475 ,2.11526e-05 
420,10.5 ,2.0469e-05 
421,10.525 ,1.98073e-05 
422,10.55 ,1.91667e-05 
423,10.575 ,1.85466e-05 
424,10.6 ,1.79463e-05 
425,10.625 ,1.73651e-05 
426,10.65 ,1.68026e-05 
427,10.675 ,1.62582e-05 
428,10.7 ,1.57312e-05 
429,10.725 ,1.52211e-05 
430,10.75 ,1.47274e-05 
431,10.775 ,1.42496e-05 
432,10.8 ,1.37871e-05 
433,10.825 ,1.33396e-05 
434,10.85 ,1.29064e-05 
435,10.875 ,1.24873e-05 
436,10.9 ,1.20816e-05 
437,10.925 ,1.16891e-05 
438,10.95 ,1.13093e-05 
439,10.975 ,1.09417e-05 
440,11 ,1.0586e-05 
441,11.025 ,1.02418e-05 
442,11.05 ,9.90882e-06 
443,11.075 ,9.58659e-06 
444,11.1 ,9.27482e-06 
445,11.125 ,8.97315e-06 
446,11.15 ,8.68129e-06 
447,11.175 ,8.3989e-06 
448,11.2 ,8.12568e-06 
449,11.225 ,7.86135e-06 
450,11.25 ,7.60561e-06 
451,11.275 ,7.3582e-06 
452,11.3 ,7.11883e-06 
453,11.325 ,6.88727e-06 
454,11.35 ,6.66324e-06 
455,11.375 ,6.44652e-06 
456,11.4 ,6.23686e-06 
457,11.425 ,6.03403e-06 
458,11.45 ,5.83783e-06 
459,11.475 ,5.64802e-06 
460,11.5 ,5.46441e-06 
461,11.525 ,5.28679e-06 
462,11.55 ,5.11498e-06 
463,11.575 ,4.94877e-06 
464,11.6 ,4.788e-06 
465,11.625 ,4.63248e-06 
466,11.65 ,4.48204e-06 
467,11.675 ,4.33652e-06 
468,11.7 ,4.19576e-06 
469,11.725 ,4.0596e-06 
470,11.75 ,3.9279e-06 
471,11.775 ,3.8005e-06 
472,11.8 ,3.67727e-06 
473,11.825 ,3.55807e-06 
474,11.85 ,3.44277e-06 
475,11.875 ,3.33124e-06 
476,11.9 ,3.22337e-06 
477,11.925 ,3.11902e-06 
478,11.95 ,3.01808e-06 
479,11.975 ,2.92045e-06 
480,12 ,2.82602e-06 
481,12.025 ,2.73467e-06 
482,12.05 ,2.64631e-06 
483,12.075 ,2.56084e-06 
484,12.1 ,2.47817e-06 
485,12.125 ,2.39821e-06 
486,12.15 ,2.32086e-06 
487,12.175 ,2.24603e-06 
488,12.2 ,2.17366e-06 
489,12.225 ,2.10365e-06 
490,12.25 ,2.03593e-06 
491,12.275 ,1.97042e-06 
492,12.3 ,1.90706e-06 
493,12.325 ,1.84576e-06 
494,12.35 ,1.78647e-06 
495,12.375 ,1.72911e-06 
496,12.4 ,1.67363e-06 
497,12.425 ,1.61996e-06 
498,12.45 ,1.56803e-06 
499,12.475 ,1.51781e-06 
500,12.5 ,1.46922e-06 
501,12.525 ,1.42221e-06 
502,12.55 ,1.37674e-06 
503,12.575 ,1.33275e-06 
504,12.6 ,1.29019e-06 
505,12.625 ,1.24902e-06 
506,12.65 ,1.20918e-06 
507,12.675 ,1.17065e-06 
508,12.7 ,1.13336e-06 
509,12.725 ,1.09729e-06 
510,12.75 ,1.0624e-06 
511,12.775 ,1.02863e-06 
512,12.8 ,9.95962e-07 
513,12.825 ,9.64354e-07 
514,12.85 ,9.33771e-07 
515,12.875 ,9.04179e-07 
516,12.9 ,8.75547e-07 
517,12.925 ,8.47842e-07 
518,12.95 ,8.21034e-07 
519,12.975 ,7.95094e-07 
520,13 ,7.69993e-07 
521,13.025 ,7.45703e-07 
522,13.05 ,7.22197e-07 
523,13.075 ,6.99451e-07 
524,13.1 ,6.77439e-07 
525,13.125 ,6.56137e-07 
526,13.15 ,6.35521e-07 
527,13.175 ,6.15569e-07 
528,13.2 ,5.9626e-07 
529,13.225 ,5.77572e-07 
530,13.25 ,5.59485e-07 
531,13.275 ,5.41978e-07 
532,13.3 ,5.25034e-07 
533,13.325 ,5.08634e-07 
534,13.35 ,4.9276e-07 
535,13.375 ,4.77394e-07 
536,13.4 ,4.62521e-07 
537,13.425 ,4.48123e-07 
538,13.45 ,4.34186e-07 
539,13.475 ,4.20694e-07 
540,13.5 ,4.07633e-07 
541,13.525 ,3.94988e-07 
542,13.55 ,3.82747e-07 
543,13.575 ,3.70896e-07 
544,13.6 ,3.59422e-07 
545,13.625 ,3.48313e-07 
546,13.65 ,3.37557e-07 
547,13.675 ,3.27143e-07 
548,13.7 ,3.17059e-07 
549,13.725 ,3.07295e-07 
550,13.75 ,2.97841e-07 
551,13.775 ,2.88685e-07 
552,13.8 ,2.7982e-07 
553,13.825 ,2.71234e-07 
554,13.85 ,2.6292e-07 
555,13.875 ,2.54868e-07 
556,13.9 ,2.4707e-07 
557,13.925 ,2.39517e-07 
558,13.95 ,2.32202e-07 
559,13.975 ,2.25118e-07 
560,14 ,2.18255e-07 
561,14.025 ,2.11609e-07 
562,14.05 ,2.0517e-07 
563,14.075 ,1.98934e-07 
564,14.1 ,1.92892e-07 
565,14.125 ,1.8704e-07 
566,14.15 ,1.8137e-07 
567,14.175 ,1.75878e-07 
568,14.2 ,1.70556e-07 
569,14.225 ,1.65401e-07 
570,14.25 ,1.60406e-07 
571,14.275 ,1.55567e-07 
572,14.3 ,1.50878e-07 
573,14.325 ,1.46334e-07 
574,14.35 ,1.41932e-07 
575,14.375 ,1.37665e-07 
576,14.4 ,1.33531e-07 
577,14.425 ,1.29525e-07 
578,14.45 ,1.25643e-07 
579,14.475 ,1.2188e-07 
580,14.5 ,1.18234e-07 
581,14.525 ,1.147e-07 
582,14.55 ,1.11274e-07 
583,14.575 ,1.07954e-07 
584,14.6 ,1.04737e-07 
585,14.625 ,1.01617e-07 
586,14.65 ,9.85938e-08 
587,14.675 ,9.56629e-08 
588,14.7 ,9.28217e-08 
589,14.725 ,9.00674e-08 
590,14.75 ,8.73972e-08 
591,14.775 ,8.48085e-08 
592,14.8 ,8.22987e-08 
593,14.825 ,7.98654e-08 
594,14.85 ,7.75061e-08 
595,14.875 ,7.52185e-08 
596,14.9 ,7.30004e-08 
597,14.925 ,7.08496e-08 
598,14.95 ,6.8764e-08 
599,14.975 ,6.67415e-08 
600,15 ,6.47803e-08 
601,15.025 ,6.28783e-08 
602,15.05 ,6.10337e-08 
603,15.075 ,5.92448e-08 
604,15.1 ,5.75097e-08 
605,15.125 ,5.58269e-08 
606,15.15 ,5.41948e-08 
607,15.175 ,5.26116e-08 
608,15.2 ,5.1076e-08 
609,15.225 ,4.95865e-08 
610,15.25 ,4.81415e-08 
611,15.275 ,4.67398e-08 
612,15.3 ,4.53801e-08 
613,15.325 ,4.40609e-08 
614,15.35 ,4.27812e-08 
615,15.375 ,4.15396e-08 
616,15.4 ,4.03349e-08 
617,15.425 ,3.91662e-08 
618,15.45 ,3.80322e-08 
619,15.475 ,3.69318e-08 
620,15.5 ,3.58642e-08 
621,15.525 ,3.48282e-08 
622,15.55 ,3.38228e-08 
623,15.575 ,3.28473e-08 
624,15.6 ,3.19006e-08 
625,15.625 ,3.09818e-08 
626,15.65 ,3.00902e-08 
627,15.675 ,2.92249e-08 
628,15.7 ,2.8385e-08 
629,15.725 ,2.75699e-08 
630,15.75 ,2.67788e-08 
631,15.775 ,2.60109e-08 
632,15.8 ,2.52655e-08 
633,15.825 ,2.4542e-08 
634,15.85 ,2.38397e-08 
635,15.875 ,2.3158e-08 
636,15.9 ,2.24963e-08 
637,15.925 ,2.18538e-08 
638,15.95 ,2.12302e-08 
639,15.975 ,2.06247e-08 
640,16 ,2.00369e-08 
641,16.025 ,1.94662e-08 
642,16.05 ,1.89121e-08 
643,16.075 ,1.83742e-08 
644,16.1 ,1.78518e-08 
645,16.125 ,1.73447e-08 
646,16.15 ,1.68522e-08 
647,16.175 ,1.63741e-08 
648,16.2 ,1.59097e-08 
649,16.225 ,1.54589e-08 
650,16.25 ,1.5021e-08 
651,16.275 ,1.45958e-08 
652,16.3 ,1.41829e-08 
653,16.325 ,1.37819e-08 
654,16.35 ,1.33925e-08 
655,16.375 ,1.30143e-08 
656,16.4 ,1.26469e-08 
657,16.425 ,1.22902e-08 
658,16.45 ,1.19437e-08 
659,16.475 ,1.16071e-08 
660,16.5 ,1.12802e-08 
661,16.525 ,1.09627e-08 
662,16.55 ,1.06543e-08 
663,16.575 ,1.03547e-08 
664,16.6 ,1.00637e-08 
665,16.625 ,9.781e-09 
666,16.65 ,9.50639e-09 
667,16.675 ,9.23962e-09 
668,16.7 ,8.98047e-09 
669,16.725 ,8.72871e-09 
670,16.75 ,8.48412e-09 
671,16.775 ,8.24651e-09 
672,16.8 ,8.01565e-09 
673,16.825 ,7.79137e-09 
674,16.85 ,7.57346e-09 
675,16.875 ,7.36174e-09 
676,16.9 ,7.15603e-09 
677,16.925 ,6.95616e-09 
678,16.95 ,6.76195e-09 
679,16.975 ,6.57325e-09 
680,17 ,6.3899e-09 
681,17.025 ,6.21173e-09 
682,17.05 ,6.03861e-09 
683,17.075 ,5.87038e-09 
684,17.1 ,5.7069e-09 
685,17.125 ,5.54804e-09 
686,17.15 ,5.39366e-09 
687,17.175 ,5.24364e-09 
688,17.2 ,5.09785e-09 
689,17.225 ,4.95616e-09 
690,17.25 ,4.81847e-09 
691,17.275 ,4.68465e-09 
692,17.3 ,4.55459e-09 
693,17.325 ,4.4282e-09 
694,17.35 ,4.30535e-09 
695,17.375 ,4.18596e-09 
696,17.4 ,4.06991e-09 
697,17.425 ,3.95712e-09 
698,17.45 ,3.8475e-09 
699,17.475 ,3.74095e-09 
700,17.5 ,3.63738e-09 
701,17.525 ,3.53672e-09 
702,17.55 ,3.43887e-09 
703,17.575 ,3.34376e-09 
704,17.6 ,3.25131e-09 
705,17.625 ,3.16145e-09 
706,17.65 ,3.07409e-09 
707,17.675 ,2.98918e-09 
708,17.7 ,2.90663e-09 
709,17.725 ,2.82639e-09 
710,17.75 ,2.74839e-09 
711,17.775 ,2.67256e-09 
712,17.8 ,2.59885e-09 
713,17.825 ,2.52718e-09 
714,17.85 ,2.45752e-09 
715,17.875 ,2.38979e-09 
716,17.9 ,2.32395e-09 
717,17.925 ,2.25994e-09 
718,17.95 ,2.19771e-09 
719,17.975 ,2.13721e-09 
720,18 ,2.07839e-09 
721,18.025 ,2.0212e-09 
722,18.05 ,1.9656e-09 
723,18.075 ,1.91155e-09 
724,18.1 ,1.85899e-09 
725,18.125 ,1.80789e-09 
726,18.15 ,1.75821e-09 
727,18.175 ,1.7099e-09 
728,18.2 ,1.66294e-09 
729,18.225 ,1.61727e-09 
730,18.25 ,1.57287e-09 
731,18.275 ,1.5297e-09 
732,18.3 ,1.48772e-09 
733,18.325 ,1.4469e-09 
734,18.35 ,1.40722e-09 
735,18.375 ,1.36863e-09 
736,18.4 ,1.3311e-09 
737,18.425 ,1.29461e-09 
738,18.45 ,1.25913e-09 
739,18.475 ,1.22464e-09 
740,18.5 ,1.19109e-09 
741,18.525 ,1.15847e-09 
742,18.55 ,1.12675e-09 
743,18.575 ,1.0959e-09 
744,18.6 ,1.0659e-09 
745,18.625 ,1.03674e-09 
746,18.65 ,1.00837e-09 
747,18.675 ,9.80789e-10 
748,18.7 ,9.53966e-10 
749,18.725 ,9.27882e-10 
750,18.75 ,9.02517e-10 
751,18.775 ,8.77849e-10 
752,18.8 ,8.53861e-10 
753,18.825 ,8.30533e-10 
754,18.85 ,8.07847e-10 
755,18.875 ,7.85785e-10 
756,18.9 ,7.64329e-10 
757,18.925 ,7.43464e-10 
758,18.95 ,7.23172e-10 
759,18.975 ,7.03438e-10 
760,19 ,6.84246e-10 
761,19.025 ,6.65581e-10 
762,19.05 ,6.47429e-10 
763,19.075 ,6.29776e-10 
764,19.1 ,6.12607e-10 
765,19.125 ,5.9591e-10 
766,19.15 ,5.79671e-10 
767,19.175 ,5.63878e-10 
768,19.2 ,5.48518e-10 
769,19.225 ,5.3358e-10 
770,19.25 ,5.19051e-10 
771,19.275 ,5.04921e-10 
772,19.3 ,4.91178e-10 
773,19.325 ,4.77812e-10 
774,19.35 ,4.64813e-10 
775,19.375 ,4.5217e-10 
776,19.4 ,4.39873e-10 
777,19.425 ,4.27914e-10 
778,19.45 ,4.16282e-10 
779,19.475 ,4.04968e-10 
780,19.5 ,3.93965e-10 
781,19.525 ,3.83263e-10 
782,19.55 ,3.72854e-10 
783,19.575 ,3.6273e-10 
784,19.6 ,3.52883e-10 
785,19.625 ,3.43306e-10 
786,19.65 ,3.3399e-10 
787,19.675 ,3.2493e-10 
788,19.7 ,3.16118e-10 
789,19.725 ,3.07547e-10 
790,19.75 ,2.9921e-10 
791,19.775 ,2.91101e-10 
792,19.8 ,2.83214e-10 
793,19.825 ,2.75543e-10 
794,19.85 ,2.68082e-10 
795,19.875 ,2.60825e-10 
796,19.9 ,2.53766e-10 
797,19.925 ,2.469e-10 
798,19.95 ,2.40221e-10 
799,19.975 ,2.33726e-10 
800,20 ,2.27407e-10 
801,20.025 ,2.21262e-10 
802,20.05 ,2.15284e-10 
803,20.075 ,2.0947e-10 
804,20.1 ,2.03814e-10 
805,20.125 ,1.98313e-10 
806,20.15 ,1.92963e-10 
807,20.175 ,1.87758e-10 
808,20.2 ,1.82696e-10 
809,20.225 ,1.77772e-10 
810,20.25 ,1.72982e-10 
811,20.275 ,1.68323e-10 
812,20.3 ,1.63791e-10 
813,20.325 ,1.59383e-10 
814,20.35 ,1.55096e-10 
815,20.375 ,1.50925e-10 
816,20.4 ,1.46868e-10 
817,20.425 ,1.42922e-10 
818,20.45 ,1.39084e-10 
819,20.475 ,1.3535e-10 
820,20.5 ,1.31719e-10 
821,20.525 ,1.28186e-10 
822,20.55 ,1.2475e-10 
823,20.575 ,1.21407e-10 
824,20.6 ,1.18156e-10 
825,20.625 ,1.14993e-10 
826,20.65 ,1.11917e-10 
827,20.675 ,1.08925e-10 
828,20.7 ,1.06014e-10 
829,20.725 ,1.03183e-10 
830,20.75 ,1.00428e-10 
831,20.775 ,9.77493e-11 
832,20.8 ,9.51433e-11 
833,20.825 ,9.26083e-11 
834,20.85 ,9.01425e-11 
835,20.875 ,8.77439e-11 
836,20.9 ,8.54107e-11 
837,20.925 ,8.31411e-11 
838,20.95 ,8.09334e-11 
839,20.975 ,7.87858e-11 
840,21 ,7.66968e-11 
841,21.025 ,7.46648e-11 
842,21.05 ,7.26881e-11 
843,21.075 ,7.07653e-11 
844,21.1 ,6.88949e-11 
845,21.125 ,6.70755e-11 
846,21.15 ,6.53056e-11 
847,21.175 ,6.3584e-11 
848,21.2 ,6.19093e-11 
849,21.225 ,6.02802e-11 
850,21.25 ,5.86955e-11 
851,21.275 ,5.7154e-11 
852,21.3 ,5.56545e-11 
853,21.325 ,5.41959e-11 
854,21.35 ,5.27769e-11 
855,21.375 ,5.13967e-11 
856,21.4 ,5.0054e-11 
857,21.425 ,4.87479e-11 
858,21.45 ,4.74774e-11 
859,21.475 ,4.62415e-11 
860,21.5 ,4.50392e-11 
861,21.525 ,4.38697e-11 
862,21.55 ,4.27321e-11 
863,21.575 ,4.16254e-11 
864,21.6 ,4.05489e-11 
865,21.625 ,3.95017e-11 
866,21.65 ,3.8483e-11 
867,21.675 ,3.7492e-11 
868,21.7 ,3.65281e-11 
869,21.725 ,3.55904e-11 
870,21.75 ,3.46782e-11 
871,21.775 ,3.37908e-11 
872,21.8 ,3.29277e-11 
873,21.825 ,3.2088e-11 
874,21.85 ,3.12712e-11 
875,21.875 ,3.04766e-11 
876,21.9 ,2.97037e-11 
877,21.925 ,2.89518e-11 
878,21.95 ,2.82204e-11 
879,21.975 ,2.75089e-11 
880,22 ,2.68168e-11 
881,22.025 ,2.61436e-11 
882,22.05 ,2.54886e-11 
883,22.075 ,2.48515e-11 
884,22.1 ,2.42318e-11 
885,22.125 ,2.3629e-11 
886,22.15 ,2.30425e-11 
887,22.175 ,2.24721e-11 
888,22.2 ,2.19171e-11 
889,22.225 ,2.13773e-11 
890,22.25 ,2.08523e-11 
891,22.275 ,2.03415e-11 
892,22.3 ,1.98446e-11 
893,22.325 ,1.93613e-11 
894,22.35 ,1.88911e-11 
895,22.375 ,1.84338e-11 
896,22.4 ,1.7989e-11 
897,22.425 ,1.75562e-11 
898,22.45 ,1.71353e-11 
899,22.475 ,1.67259e-11 
900,22.5 ,1.63276e-11 
901,22.525 ,1.59402e-11 
902,22.55 ,1.55634e-11 
903,22.575 ,1.51969e-11 
904,22.6 ,1.48404e-11 
905,22.625 ,1.44936e-11 
906,22.65 ,1.41563e-11 
907,22.675 ,1.38282e-11 
908,22.7 ,1.35091e-11 
909,22.725 ,1.31987e-11 
910,22.75 ,1.28969e-11 
911,22.775 ,1.26033e-11 
912,22.8 ,1.23177e-11 
913,22.825 ,1.204e-11 
914,22.85 ,1.17699e-11 
915,22.875 ,1.15072e-11 
916,22.9 ,1.12517e-11 
917,22.925 ,1.10032e-11 
918,22.95 ,1.07616e-11 
919,22.975 ,1.05266e-11 
920,23 ,1.02981e-11 
921,23.025 ,1.00759e-11 
922,23.05 ,9.85986e-12 
923,23.075 ,9.64976e-12 
924,23.1 ,9.44548e-12 
925,23.125 ,9.24685e-12 
926,23.15 ,9.05372e-12 
927,23.175 ,8.86596e-12 
928,23.2 ,8.68342e-12 
929,23.225 ,8.50595e-12 
930,23.25 ,8.33344e-12 
931,23.275 ,8.16574e-12 
932,23.3 ,8.00273e-12 
933,23.325 ,7.84429e-12 
934,23.35 ,7.6903e-12 
935,23.375 ,7.54064e-12 
936,23.4 ,7.3952e-12 
937,23.425 ,7.25388e-12 
938,23.45 ,7.11655e-12 
939,23.475 ,6.98313e-12 
940,23.5 ,6.85351e-12 
941,23.525 ,6.72759e-12 
942,23.55 ,6.60527e-12 
943,23.575 ,6.48648e-12 
944,23.6 ,6.37111e-12 
945,23.625 ,6.25908e-12 
946,23.65 ,6.15031e-12 
947,23.675 ,6.04471e-12 
948,23.7 ,5.9422e-12 
949,23.725 ,5.84272e-12 
950,23.75 ,5.74618e-12 
951,23.775 ,5.65251e-12 
952,23.8 ,5.56164e-12 
953,23.825 ,5.4735e-12 
954,23.85 ,5.38803e-12 
955,23.875 ,5.30516e-12 
956,23.9 ,5.22483e-12 
957,23.925 ,5.14698e-12 
958,23.95 ,5.07155e-12 
959,23.975 ,4.99849e-12 
960,24 ,4.92774e-12 
961,24.025 ,4.85924e-12 
962,24.05 ,4.79296e-12 
963,24.075 ,4.72882e-12 
964,24.1 ,4.6668e-12 
965,24.125 ,4.60684e-12 
966,24.15 ,4.54889e-12 
967,24.175 ,4.49292e-12 
968,24.2 ,4.43887e-12 
969,24.225 ,4.38672e-12 
970,24.25 ,4.33642e-12 
971,24.275 ,4.28793e-12 
972,24.3 ,4.24122e-12 
973,24.325 ,4.19625e-12 
974,24.35 ,4.15299e-12 
975,24.375 ,4.1114e-12 
976,24.4 ,4.07146e-12 
977,24.425 ,4.03313e-12 
978,24.45 ,3.99639e-12 
979,24.475 ,3.9612e-12 
980,24.5 ,3.92754e-12 
981,24.525 ,3.89539e-12 
982,24.55 ,3.86471e-12 
983,24.575 ,3.83549e-12 
984,24.6 ,3.80771e-12 
985,24.625 ,3.78134e-12 
986,24.65 ,3.75636e-12 
987,24.675 ,3.73275e-12 
988,24.7 ,3.7105e-12 
989,24.725 ,3.68958e-12 
990,24.75 ,3.66999e-12 
991,24.775 ,3.6517e-12 
992,24.8 ,3.6347e-12 
993,24.825 ,3.61897e-12 
994,24.85 ,3.60451e-12 
995,24.875 ,3.5913e-12 
996,24.9 ,3.57934e-12 
997,24.925 ,3.5686e-12 
998,24.95 ,3.55908e-12 
999,24.975 ,3.55078e-12 
1000,25 ,3.54368e-12 