N_e = 20
1,0.025 ,8.80343e-06 ,0 
2,0.05 ,8.80343e-06 ,0 
3,0.075 ,1.86397e-05 ,0 
4,0.1 ,3.28968e-05 ,0 
5,0.125 ,5.13121e-05 ,0 
6,0.15 ,7.38345e-05 ,0 
7,0.175 ,0.000100444 ,0 
8,0.2 ,0.000131128 ,0 
9,0.225 ,0.000165874 ,0 
10,0.25 ,0.000204669 ,0 
11,0.275 ,0.0002475 ,0 
12,0.3 ,0.000294352 ,0 
13,0.325 ,0.000345209 ,0 
14,0.35 ,0.000400053 ,0 
15,0.375 ,0.000458866 ,0 
16,0.4 ,0.000521629 ,0 
17,0.425 ,0.000588319 ,0 
18,0.45 ,0.000658914 ,0 
19,0.475 ,0.00073339 ,0 
20,0.5 ,0.000811722 ,0 
21,0.525 ,0.000893883 ,0 
22,0.55 ,0.000979846 ,0 
23,0.575 ,0.00106958 ,0 
24,0.6 ,0.00116306 ,0 
25,0.625 ,0.00126025 ,0 
26,0.65 ,0.00136111 ,0 
27,0.675 ,0.00146562 ,0 
28,0.7 ,0.00157374 ,0 
29,0.725 ,0.00168543 ,0 
30,0.75 ,0.00180066 ,0 
31,0.775 ,0.00191938 ,0 
32,0.8 ,0.00204155 ,0 
33,0.825 ,0.00216715 ,0 
34,0.85 ,0.00229611 ,0 
35,0.875 ,0.00242841 ,0 
36,0.9 ,0.00256399 ,0 
37,0.925 ,0.00270281 ,0 
38,0.95 ,0.00284482 ,0 
39,0.975 ,0.00298998 ,0 
40,1 ,0.00313824 ,0 
41,1.025 ,0.00328955 ,0 
42,1.05 ,0.00344385 ,0 
43,1.075 ,0.00360111 ,0 
44,1.1 ,0.00376125 ,0 
45,1.125 ,0.00392424 ,0 
46,1.15 ,0.00409002 ,0 
47,1.175 ,0.00425854 ,0 
48,1.2 ,0.00442973 ,0 
49,1.225 ,0.00460354 ,0 
50,1.25 ,0.00477992 ,0 
51,1.275 ,0.0049588 ,0 
52,1.3 ,0.00514013 ,0 
53,1.325 ,0.00532385 ,0 
54,1.35 ,0.0055099 ,0 
55,1.375 ,0.00569822 ,0 
56,1.4 ,0.00588874 ,0 
57,1.425 ,0.00608141 ,0 
58,1.45 ,0.00627616 ,0 
59,1.475 ,0.00647293 ,0 
60,1.5 ,0.00667165 ,0 
61,1.525 ,0.00687227 ,0 
62,1.55 ,0.00707471 ,0 
63,1.575 ,0.00727892 ,0 
64,1.6 ,0.00748482 ,0 
65,1.625 ,0.00769235 ,0 
66,1.65 ,0.00790145 ,0 
67,1.675 ,0.00811205 ,0 
68,1.7 ,0.00832407 ,0 
69,1.725 ,0.00853746 ,0 
70,1.75 ,0.00875214 ,0 
71,1.775 ,0.00896805 ,0 
72,1.8 ,0.00918513 ,0 
73,1.825 ,0.00940329 ,0 
74,1.85 ,0.00962248 ,0 
75,1.875 ,0.00984262 ,0 
76,1.9 ,0.0100636 ,0 
77,1.925 ,0.0102855 ,0 
78,1.95 ,0.0105081 ,0 
79,1.975 ,0.0107314 ,0 
80,2 ,0.0109552 ,0 
81,2.025 ,0.0111797 ,0 
82,2.05 ,0.0114046 ,0 
83,2.075 ,0.0116299 ,0 
84,2.1 ,0.0118555 ,0 
85,2.125 ,0.0120814 ,0 
86,2.15 ,0.0123075 ,0 
87,2.175 ,0.0125338 ,0 
88,2.2 ,0.0127601 ,0 
89,2.225 ,0.0129864 ,0 
90,2.25 ,0.0132126 ,0 
91,2.275 ,0.0134387 ,0 
92,2.3 ,0.0136645 ,0 
93,2.325 ,0.0138901 ,0 
94,2.35 ,0.0141154 ,0 
95,2.375 ,0.0143402 ,0 
96,2.4 ,0.0145646 ,0 
97,2.425 ,0.0147884 ,0 
98,2.45 ,0.0150117 ,0 
99,2.475 ,0.0152342 ,0 
100,2.5 ,0.0154561 ,0 
101,2.525 ,0.0156771 ,0 
102,2.55 ,0.0158973 ,0 
103,2.575 ,0.0161166 ,0 
104,2.6 ,0.0163348 ,0 
105,2.625 ,0.0165521 ,0 
106,2.65 ,0.0167682 ,0 
107,2.675 ,0.0169832 ,0 
108,2.7 ,0.0171969 ,0 
109,2.725 ,0.0174094 ,0 
110,2.75 ,0.0176205 ,0 
111,2.775 ,0.0178302 ,0 
112,2.8 ,0.0180385 ,0 
113,2.825 ,0.0182452 ,0 
114,2.85 ,0.0184504 ,0 
115,2.875 ,0.018654 ,0 
116,2.9 ,0.0188558 ,0 
117,2.925 ,0.019056 ,0 
118,2.95 ,0.0192544 ,0 
119,2.975 ,0.0194509 ,0 
120,3 ,0.0196456 ,0 
121,3.025 ,0.0198383 ,0 
122,3.05 ,0.0200291 ,0 
123,3.075 ,0.0202178 ,0 
124,3.1 ,0.0204044 ,0 
125,3.125 ,0.0205889 ,0 
126,3.15 ,0.0207713 ,0 
127,3.175 ,0.0209514 ,0 
128,3.2 ,0.0211293 ,0 
129,3.225 ,0.0213049 ,0 
130,3.25 ,0.0214781 ,0 
131,3.275 ,0.0216489 ,0 
132,3.3 ,0.0218174 ,0 
133,3.325 ,0.0219833 ,0 
134,3.35 ,0.0221468 ,0 
135,3.375 ,0.0223078 ,0 
136,3.4 ,0.0224661 ,0 
137,3.425 ,0.0226219 ,0 
138,3.45 ,0.022775 ,0 
139,3.475 ,0.0229255 ,0 
140,3.5 ,0.0230732 ,0 
141,3.525 ,0.0232182 ,0 
142,3.55 ,0.0233605 ,0 
143,3.575 ,0.0234999 ,0 
144,3.6 ,0.0236366 ,0 
145,3.625 ,0.0237703 ,0 
146,3.65 ,0.0239013 ,0 
147,3.675 ,0.0240293 ,0 
148,3.7 ,0.0241544 ,0 
149,3.725 ,0.0242765 ,0 
150,3.75 ,0.0243957 ,0 
151,3.775 ,0.0245119 ,0 
152,3.8 ,0.0246251 ,0 
153,3.825 ,0.0247353 ,0 
154,3.85 ,0.0248425 ,0 
155,3.875 ,0.0249466 ,0 
156,3.9 ,0.0250476 ,0 
157,3.925 ,0.0251455 ,0 
158,3.95 ,0.0252404 ,0 
159,3.975 ,0.0253321 ,0 
160,4 ,0.0254207 ,0 
161,4.025 ,0.0255062 ,0 
162,4.05 ,0.0255885 ,0 
163,4.075 ,0.0256677 ,0 
164,4.1 ,0.0257437 ,0 
165,4.125 ,0.0258166 ,0 
166,4.15 ,0.0258863 ,0 
167,4.175 ,0.0259529 ,0 
168,4.2 ,0.0260163 ,0 
169,4.225 ,0.0260765 ,0 
170,4.25 ,0.0261335 ,0 
171,4.275 ,0.0261874 ,0 
172,4.3 ,0.0262381 ,0 
173,4.325 ,0.0262856 ,0 
174,4.35 ,0.0263299 ,0 
175,4.375 ,0.0263711 ,0 
176,4.4 ,0.0264092 ,0 
177,4.425 ,0.026444 ,0 
178,4.45 ,0.0264758 ,0 
179,4.475 ,0.0265044 ,0 
180,4.5 ,0.0265298 ,0 
181,4.525 ,0.0265522 ,0 
182,4.55 ,0.0265714 ,0 
183,4.575 ,0.0265875 ,0 
184,4.6 ,0.0266006 ,0 
185,4.625 ,0.0266105 ,0 
186,4.65 ,0.0266174 ,0 
187,4.675 ,0.0266213 ,0 
188,4.7 ,0.0266221 ,0 
189,4.725 ,0.0266199 ,0 
190,4.75 ,0.0266148 ,0 
191,4.775 ,0.0266066 ,0 
192,4.8 ,0.0265954 ,0 
193,4.825 ,0.0265814 ,0 
194,4.85 ,0.0265644 ,0 
195,4.875 ,0.0265444 ,0 
196,4.9 ,0.0265216 ,0 
197,4.925 ,0.026496 ,0 
198,4.95 ,0.0264675 ,0 
199,4.975 ,0.0264362 ,0 
200,5 ,0.0264021 ,0 
201,5.025 ,0.0263652 ,0 
202,5.05 ,0.0263255 ,0 
203,5.075 ,0.0262832 ,0 
204,5.1 ,0.0262382 ,0 
205,5.125 ,0.0261904 ,0 
206,5.15 ,0.0261401 ,0 
207,5.175 ,0.0260871 ,0 
208,5.2 ,0.0260316 ,0 
209,5.225 ,0.0259735 ,0 
210,5.25 ,0.0259129 ,0 
211,5.275 ,0.0258497 ,0 
212,5.3 ,0.0257841 ,0 
213,5.325 ,0.0257161 ,0 
214,5.35 ,0.0256457 ,0 
215,5.375 ,0.0255729 ,0 
216,5.4 ,0.0254977 ,0 
217,5.425 ,0.0254203 ,0 
218,5.45 ,0.0253405 ,0 
219,5.475 ,0.0252585 ,0 
220,5.5 ,0.0251743 ,0 
221,5.525 ,0.025088 ,0 
222,5.55 ,0.0249994 ,0 
223,5.575 ,0.0249088 ,0 
224,5.6 ,0.0248161 ,0 
225,5.625 ,0.0247213 ,0 
226,5.65 ,0.0246246 ,0 
227,5.675 ,0.0245258 ,0 
228,5.7 ,0.0244252 ,0 
229,5.725 ,0.0243226 ,0 
230,5.75 ,0.0242182 ,0 
231,5.775 ,0.0241119 ,0 
232,5.8 ,0.0240038 ,0 
233,5.825 ,0.023894 ,0 
234,5.85 ,0.0237824 ,0 
235,5.875 ,0.0236692 ,0 
236,5.9 ,0.0235543 ,0 
237,5.925 ,0.0234378 ,0 
238,5.95 ,0.0233197 ,0 
239,5.975 ,0.0232001 ,0 
240,6 ,0.023079 ,0 
241,6.025 ,0.0229564 ,0 
242,6.05 ,0.0228324 ,0 
243,6.075 ,0.022707 ,0 
244,6.1 ,0.0225802 ,0 
245,6.125 ,0.0224521 ,0 
246,6.15 ,0.0223228 ,0 
247,6.175 ,0.0221922 ,0 
248,6.2 ,0.0220603 ,0 
249,6.225 ,0.0219273 ,0 
250,6.25 ,0.0217932 ,0 
251,6.275 ,0.021658 ,0 
252,6.3 ,0.0215217 ,0 
253,6.325 ,0.0213843 ,0 
254,6.35 ,0.021246 ,0 
255,6.375 ,0.0211067 ,0 
256,6.4 ,0.0209665 ,0 
257,6.425 ,0.0208254 ,0 
258,6.45 ,0.0206835 ,0 
259,6.475 ,0.0205407 ,0 
260,6.5 ,0.0203972 ,0 
261,6.525 ,0.0202529 ,0 
262,6.55 ,0.0201079 ,0 
263,6.575 ,0.0199623 ,0 
264,6.6 ,0.019816 ,0 
265,6.625 ,0.0196691 ,0 
266,6.65 ,0.0195216 ,0 
267,6.675 ,0.0193736 ,0 
268,6.7 ,0.019225 ,0 
269,6.725 ,0.019076 ,0 
270,6.75 ,0.0189266 ,0 
271,6.775 ,0.0187767 ,0 
272,6.8 ,0.0186265 ,0 
273,6.825 ,0.0184759 ,0 
274,6.85 ,0.018325 ,0 
275,6.875 ,0.0181738 ,0 
276,6.9 ,0.0180224 ,0 
277,6.925 ,0.0178707 ,0 
278,6.95 ,0.0177189 ,0 
279,6.975 ,0.0175669 ,0 
280,7 ,0.0174148 ,0 
281,7.025 ,0.0172625 ,0 
282,7.05 ,0.0171102 ,0 
283,7.075 ,0.0169579 ,0 
284,7.1 ,0.0168055 ,0 
285,7.125 ,0.0166532 ,0 
286,7.15 ,0.0165008 ,0 
287,7.175 ,0.0163486 ,0 
288,7.2 ,0.0161964 ,0 
289,7.225 ,0.0160444 ,0 
290,7.25 ,0.0158925 ,0 
291,7.275 ,0.0157408 ,0 
292,7.3 ,0.0155893 ,0 
293,7.325 ,0.015438 ,0 
294,7.35 ,0.0152869 ,0 
295,7.375 ,0.0151361 ,0 
296,7.4 ,0.0149856 ,0 
297,7.425 ,0.0148354 ,0 
298,7.45 ,0.0146856 ,0 
299,7.475 ,0.0145361 ,0 
300,7.5 ,0.014387 ,0 
301,7.525 ,0.0142383 ,0 
302,7.55 ,0.0140901 ,0 
303,7.575 ,0.0139423 ,0 
304,7.6 ,0.0137949 ,0 
305,7.625 ,0.0136481 ,0 
306,7.65 ,0.0135017 ,0 
307,7.675 ,0.0133559 ,0 
308,7.7 ,0.0132106 ,0 
309,7.725 ,0.0130659 ,0 
310,7.75 ,0.0129218 ,0 
311,7.775 ,0.0127782 ,0 
312,7.8 ,0.0126353 ,0 
313,7.825 ,0.012493 ,0 
314,7.85 ,0.0123514 ,0 
315,7.875 ,0.0122104 ,0 
316,7.9 ,0.0120702 ,0 
317,7.925 ,0.0119306 ,0 
318,7.95 ,0.0117917 ,0 
319,7.975 ,0.0116536 ,0 
320,8 ,0.0115161 ,0 
321,8.025 ,0.0113795 ,0 
322,8.05 ,0.0112436 ,0 
323,8.075 ,0.0111085 ,0 
324,8.1 ,0.0109742 ,0 
325,8.125 ,0.0108406 ,0 
326,8.15 ,0.0107079 ,0 
327,8.175 ,0.0105761 ,0 
328,8.2 ,0.010445 ,0 
329,8.225 ,0.0103148 ,0 
330,8.25 ,0.0101855 ,0 
331,8.275 ,0.010057 ,0 
332,8.3 ,0.00992943 ,0 
333,8.325 ,0.00980272 ,0 
334,8.35 ,0.00967691 ,0 
335,8.375 ,0.009552 ,0 
336,8.4 ,0.009428 ,0 
337,8.425 ,0.00930492 ,0 
338,8.45 ,0.00918277 ,0 
339,8.475 ,0.00906154 ,0 
340,8.5 ,0.00894125 ,0 
341,8.525 ,0.00882191 ,0 
342,8.55 ,0.00870352 ,0 
343,8.575 ,0.00858608 ,0 
344,8.6 ,0.00846961 ,0 
345,8.625 ,0.0083541 ,0 
346,8.65 ,0.00823956 ,0 
347,8.675 ,0.00812599 ,0 
348,8.7 ,0.00801341 ,0 
349,8.725 ,0.0079018 ,0 
350,8.75 ,0.00779119 ,0 
351,8.775 ,0.00768155 ,0 
352,8.8 ,0.00757292 ,0 
353,8.825 ,0.00746527 ,0 
354,8.85 ,0.00735862 ,0 
355,8.875 ,0.00725297 ,0 
356,8.9 ,0.00714831 ,0 
357,8.925 ,0.00704466 ,0 
358,8.95 ,0.00694201 ,0 
359,8.975 ,0.00684035 ,0 
360,9 ,0.00673971 ,0 
361,9.025 ,0.00664006 ,0 
362,9.05 ,0.00654142 ,0 
363,9.075 ,0.00644378 ,0 
364,9.1 ,0.00634714 ,0 
365,9.125 ,0.00625151 ,0 
366,9.15 ,0.00615687 ,0 
367,9.175 ,0.00606324 ,0 
368,9.2 ,0.0059706 ,0 
369,9.225 ,0.00587895 ,0 
370,9.25 ,0.00578831 ,0 
371,9.275 ,0.00569865 ,0 
372,9.3 ,0.00560999 ,0 
373,9.325 ,0.00552231 ,0 
374,9.35 ,0.00543562 ,0 
375,9.375 ,0.00534991 ,0 
376,9.4 ,0.00526518 ,0 
377,9.425 ,0.00518142 ,0 
378,9.45 ,0.00509864 ,0 
379,9.475 ,0.00501683 ,0 
380,9.5 ,0.00493598 ,0 
381,9.525 ,0.0048561 ,0 
382,9.55 ,0.00477717 ,0 
383,9.575 ,0.00469919 ,0 
384,9.6 ,0.00462217 ,0 
385,9.625 ,0.00454609 ,0 
386,9.65 ,0.00447095 ,0 
387,9.675 ,0.00439674 ,0 
388,9.7 ,0.00432346 ,0 
389,9.725 ,0.00425111 ,0 
390,9.75 ,0.00417968 ,0 
391,9.775 ,0.00410917 ,0 
392,9.8 ,0.00403956 ,0 
393,9.825 ,0.00397086 ,0 
394,9.85 ,0.00390306 ,0 
395,9.875 ,0.00383615 ,0 
396,9.9 ,0.00377012 ,0 
397,9.925 ,0.00370498 ,0 
398,9.95 ,0.00364071 ,0 
399,9.975 ,0.00357731 ,0 
400,10 ,0.00351477 ,0 
401,10.025 ,0.00345309 ,0 
402,10.05 ,0.00339226 ,0 
403,10.075 ,0.00333227 ,0 
404,10.1 ,0.00327312 ,0 
405,10.125 ,0.0032148 ,0 
406,10.15 ,0.00315731 ,0 
407,10.175 ,0.00310063 ,0 
408,10.2 ,0.00304476 ,0 
409,10.225 ,0.00298969 ,0 
410,10.25 ,0.00293542 ,0 
411,10.275 ,0.00288194 ,0 
412,10.3 ,0.00282925 ,0 
413,10.325 ,0.00277733 ,0 
414,10.35 ,0.00272618 ,0 
415,10.375 ,0.00267579 ,0 
416,10.4 ,0.00262615 ,0 
417,10.425 ,0.00257726 ,0 
418,10.45 ,0.00252912 ,0 
419,10.475 ,0.0024817 ,0 
420,10.5 ,0.00243501 ,0 
421,10.525 ,0.00238905 ,0 
422,10.55 ,0.00234379 ,0 
423,10.575 ,0.00229923 ,0 
424,10.6 ,0.00225538 ,0 
425,10.625 ,0.00221221 ,0 
426,10.65 ,0.00216972 ,0 
427,10.675 ,0.00212791 ,0 
428,10.7 ,0.00208677 ,0 
429,10.725 ,0.00204629 ,0 
430,10.75 ,0.00200646 ,0 
431,10.775 ,0.00196728 ,0 
432,10.8 ,0.00192874 ,0 
433,10.825 ,0.00189082 ,0 
434,10.85 ,0.00185354 ,0 
435,10.875 ,0.00181686 ,0 
436,10.9 ,0.0017808 ,0 
437,10.925 ,0.00174534 ,0 
438,10.95 ,0.00171048 ,0 
439,10.975 ,0.0016762 ,0 
440,11 ,0.00164251 ,0 
441,11.025 ,0.00160939 ,0 
442,11.05 ,0.00157683 ,0 
443,11.075 ,0.00154484 ,0 
444,11.1 ,0.00151339 ,0 
445,11.125 ,0.0014825 ,0 
446,11.15 ,0.00145214 ,0 
447,11.175 ,0.00142231 ,0 
448,11.2 ,0.00139301 ,0 
449,11.225 ,0.00136422 ,0 
450,11.25 ,0.00133595 ,0 
451,11.275 ,0.00130818 ,0 
452,11.3 ,0.00128091 ,0 
453,11.325 ,0.00125413 ,0 
454,11.35 ,0.00122783 ,0 
455,11.375 ,0.00120201 ,0 
456,11.4 ,0.00117666 ,0 
457,11.425 ,0.00115178 ,0 
458,11.45 ,0.00112735 ,0 
459,11.475 ,0.00110337 ,0 
460,11.5 ,0.00107984 ,0 
461,11.525 ,0.00105675 ,0 
462,11.55 ,0.00103409 ,0 
463,11.575 ,0.00101185 ,0 
464,11.6 ,0.000990039 ,0 
465,11.625 ,0.000968638 ,0 
466,11.65 ,0.000947643 ,0 
467,11.675 ,0.00092705 ,0 
468,11.7 ,0.000906852 ,0 
469,11.725 ,0.000887044 ,0 
470,11.75 ,0.000867619 ,0 
471,11.775 ,0.000848571 ,0 
472,11.8 ,0.000829896 ,0 
473,11.825 ,0.000811585 ,0 
474,11.85 ,0.000793635 ,0 
475,11.875 ,0.000776039 ,0 
476,11.9 ,0.000758792 ,0 
477,11.925 ,0.000741888 ,0 
478,11.95 ,0.000725321 ,0 
479,11.975 ,0.000709086 ,0 
480,12 ,0.000693178 ,0 
481,12.025 ,0.00067759 ,0 
482,12.05 ,0.000662318 ,0 
483,12.075 ,0.000647357 ,0 
484,12.1 ,0.0006327 ,0 
485,12.125 ,0.000618343 ,0 
486,12.15 ,0.000604281 ,0 
487,12.175 ,0.000590509 ,0 
488,12.2 ,0.000577021 ,0 
489,12.225 ,0.000563813 ,0 
490,12.25 ,0.000550879 ,0 
491,12.275 ,0.000538216 ,0 
492,12.3 ,0.000525817 ,0 
493,12.325 ,0.000513679 ,0 
494,12.35 ,0.000501796 ,0 
495,12.375 ,0.000490164 ,0 
496,12.4 ,0.000478779 ,0 
497,12.425 ,0.000467636 ,0 
498,12.45 ,0.00045673 ,0 
499,12.475 ,0.000446057 ,0 
500,12.5 ,0.000435613 ,0 
501,12.525 ,0.000425393 ,0 
502,12.55 ,0.000415394 ,0 
503,12.575 ,0.000405611 ,0 
504,12.6 ,0.00039604 ,0 
505,12.625 ,0.000386678 ,0 
506,12.65 ,0.000377519 ,0 
507,12.675 ,0.00036856 ,0 
508,12.7 ,0.000359798 ,0 
509,12.725 ,0.000351228 ,0 
510,12.75 ,0.000342847 ,0 
511,12.775 ,0.000334651 ,0 
512,12.8 ,0.000326637 ,0 
513,12.825 ,0.0003188 ,0 
514,12.85 ,0.000311138 ,0 
515,12.875 ,0.000303647 ,0 
516,12.9 ,0.000296324 ,0 
517,12.925 ,0.000289164 ,0 
518,12.95 ,0.000282166 ,0 
519,12.975 ,0.000275325 ,0 
520,13 ,0.000268639 ,0 
521,13.025 ,0.000262104 ,0 
522,13.05 ,0.000255717 ,0 
523,13.075 ,0.000249475 ,0 
524,13.1 ,0.000243376 ,0 
525,13.125 ,0.000237416 ,0 
526,13.15 ,0.000231593 ,0 
527,13.175 ,0.000225903 ,0 
528,13.2 ,0.000220344 ,0 
529,13.225 ,0.000214913 ,0 
530,13.25 ,0.000209608 ,0 
531,13.275 ,0.000204425 ,0 
532,13.3 ,0.000199363 ,0 
533,13.325 ,0.000194418 ,0 
534,13.35 ,0.000189589 ,0 
535,13.375 ,0.000184872 ,0 
536,13.4 ,0.000180265 ,0 
537,13.425 ,0.000175767 ,0 
538,13.45 ,0.000171374 ,0 
539,13.475 ,0.000167085 ,0 
540,13.5 ,0.000162896 ,0 
541,13.525 ,0.000158807 ,0 
542,13.55 ,0.000154815 ,0 
543,13.575 ,0.000150917 ,0 
544,13.6 ,0.000147112 ,0 
545,13.625 ,0.000143397 ,0 
546,13.65 ,0.000139771 ,0 
547,13.675 ,0.000136232 ,0 
548,13.7 ,0.000132778 ,0 
549,13.725 ,0.000129406 ,0 
550,13.75 ,0.000126115 ,0 
551,13.775 ,0.000122904 ,0 
552,13.8 ,0.00011977 ,0 
553,13.825 ,0.000116712 ,0 
554,13.85 ,0.000113728 ,0 
555,13.875 ,0.000110816 ,0 
556,13.9 ,0.000107975 ,0 
557,13.925 ,0.000105204 ,0 
558,13.95 ,0.000102499 ,0 
559,13.975 ,9.98611e-05 ,0 
560,14 ,9.72875e-05 ,0 
561,14.025 ,9.47769e-05 ,0 
562,14.05 ,9.2328e-05 ,0 
563,14.075 ,8.99393e-05 ,0 
564,14.1 ,8.76094e-05 ,0 
565,14.125 ,8.5337e-05 ,0 
566,14.15 ,8.31207e-05 ,0 
567,14.175 ,8.09593e-05 ,0 
568,14.2 ,7.88515e-05 ,0 
569,14.225 ,7.6796e-05 ,0 
570,14.25 ,7.47916e-05 ,0 
571,14.275 ,7.28372e-05 ,0 
572,14.3 ,7.09315e-05 ,0 
573,14.325 ,6.90734e-05 ,0 
574,14.35 ,6.72619e-05 ,0 
575,14.375 ,6.54957e-05 ,0 
576,14.4 ,6.37738e-05 ,0 
577,14.425 ,6.20953e-05 ,0 
578,14.45 ,6.0459e-05 ,0 
579,14.475 ,5.8864e-05 ,0 
580,14.5 ,5.73092e-05 ,0 
581,14.525 ,5.57938e-05 ,0 
582,14.55 ,5.43167e-05 ,0 
583,14.575 ,5.28771e-05 ,0 
584,14.6 ,5.14741e-05 ,0 
585,14.625 ,5.01068e-05 ,0 
586,14.65 ,4.87743e-05 ,0 
587,14.675 ,4.74757e-05 ,0 
588,14.7 ,4.62104e-05 ,0 
589,14.725 ,4.49774e-05 ,0 
590,14.75 ,4.3776e-05 ,0 
591,14.775 ,4.26054e-05 ,0 
592,14.8 ,4.14649e-05 ,0 
593,14.825 ,4.03537e-05 ,0 
594,14.85 ,3.92711e-05 ,0 
595,14.875 ,3.82164e-05 ,0 
596,14.9 ,3.7189e-05 ,0 
597,14.925 ,3.61881e-05 ,0 
598,14.95 ,3.52132e-05 ,0 
599,14.975 ,3.42635e-05 ,0 
600,15 ,3.33385e-05 ,0 
601,15.025 ,3.24375e-05 ,0 
602,15.05 ,3.156e-05 ,0 
603,15.075 ,3.07054e-05 ,0 
604,15.1 ,2.9873e-05 ,0 
605,15.125 ,2.90624e-05 ,0 
606,15.15 ,2.8273e-05 ,0 
607,15.175 ,2.75042e-05 ,0 
608,15.2 ,2.67557e-05 ,0 
609,15.225 ,2.60267e-05 ,0 
610,15.25 ,2.5317e-05 ,0 
611,15.275 ,2.46259e-05 ,0 
612,15.3 ,2.3953e-05 ,0 
613,15.325 ,2.32979e-05 ,0 
614,15.35 ,2.26601e-05 ,0 
615,15.375 ,2.20391e-05 ,0 
616,15.4 ,2.14346e-05 ,0 
617,15.425 ,2.08461e-05 ,0 
618,15.45 ,2.02732e-05 ,0 
619,15.475 ,1.97156e-05 ,0 
620,15.5 ,1.91727e-05 ,0 
621,15.525 ,1.86444e-05 ,0 
622,15.55 ,1.81301e-05 ,0 
623,15.575 ,1.76295e-05 ,0 
624,15.6 ,1.71423e-05 ,0 
625,15.625 ,1.66682e-05 ,0 
626,15.65 ,1.62067e-05 ,0 
627,15.675 ,1.57576e-05 ,0 
628,15.7 ,1.53206e-05 ,0 
629,15.725 ,1.48953e-05 ,0 
630,15.75 ,1.44814e-05 ,0 
631,15.775 ,1.40787e-05 ,0 
632,15.8 ,1.36869e-05 ,0 
633,15.825 ,1.33056e-05 ,0 
634,15.85 ,1.29346e-05 ,0 
635,15.875 ,1.25736e-05 ,0 
636,15.9 ,1.22225e-05 ,0 
637,15.925 ,1.18808e-05 ,0 
638,15.95 ,1.15484e-05 ,0 
639,15.975 ,1.1225e-05 ,0 
640,16 ,1.09104e-05 ,0 
641,16.025 ,1.06044e-05 ,0 
642,16.05 ,1.03067e-05 ,0 
643,16.075 ,1.00171e-05 ,0 
644,16.1 ,9.73542e-06 ,0 
645,16.125 ,9.46143e-06 ,0 
646,16.15 ,9.19494e-06 ,0 
647,16.175 ,8.93574e-06 ,0 
648,16.2 ,8.68364e-06 ,0 
649,16.225 ,8.43846e-06 ,0 
650,16.25 ,8.20001e-06 ,0 
651,16.275 ,7.9681e-06 ,0 
652,16.3 ,7.74258e-06 ,0 
653,16.325 ,7.52326e-06 ,0 
654,16.35 ,7.30999e-06 ,0 
655,16.375 ,7.1026e-06 ,0 
656,16.4 ,6.90094e-06 ,0 
657,16.425 ,6.70485e-06 ,0 
658,16.45 ,6.51418e-06 ,0 
659,16.475 ,6.32879e-06 ,0 
660,16.5 ,6.14854e-06 ,0 
661,16.525 ,5.97329e-06 ,0 
662,16.55 ,5.8029e-06 ,0 
663,16.575 ,5.63724e-06 ,0 
664,16.6 ,5.4762e-06 ,0 
665,16.625 ,5.31964e-06 ,0 
666,16.65 ,5.16743e-06 ,0 
667,16.675 ,5.01948e-06 ,0 
668,16.7 ,4.87565e-06 ,0 
669,16.725 ,4.73584e-06 ,0 
670,16.75 ,4.59994e-06 ,0 
671,16.775 ,4.46784e-06 ,0 
672,16.8 ,4.33944e-06 ,0 
673,16.825 ,4.21464e-06 ,0 
674,16.85 ,4.09335e-06 ,0 
675,16.875 ,3.97546e-06 ,0 
676,16.9 ,3.86088e-06 ,0 
677,16.925 ,3.74952e-06 ,0 
678,16.95 ,3.6413e-06 ,0 
679,16.975 ,3.53613e-06 ,0 
680,17 ,3.43392e-06 ,0 
681,17.025 ,3.3346e-06 ,0 
682,17.05 ,3.23809e-06 ,0 
683,17.075 ,3.1443e-06 ,0 
684,17.1 ,3.05316e-06 ,0 
685,17.125 ,2.96461e-06 ,0 
686,17.15 ,2.87856e-06 ,0 
687,17.175 ,2.79496e-06 ,0 
688,17.2 ,2.71373e-06 ,0 
689,17.225 ,2.6348e-06 ,0 
690,17.25 ,2.55812e-06 ,0 
691,17.275 ,2.48362e-06 ,0 
692,17.3 ,2.41125e-06 ,0 
693,17.325 ,2.34093e-06 ,0 
694,17.35 ,2.27262e-06 ,0 
695,17.375 ,2.20626e-06 ,0 
696,17.4 ,2.14179e-06 ,0 
697,17.425 ,2.07917e-06 ,0 
698,17.45 ,2.01834e-06 ,0 
699,17.475 ,1.95925e-06 ,0 
700,17.5 ,1.90185e-06 ,0 
701,17.525 ,1.8461e-06 ,0 
702,17.55 ,1.79195e-06 ,0 
703,17.575 ,1.73935e-06 ,0 
704,17.6 ,1.68826e-06 ,0 
705,17.625 ,1.63865e-06 ,0 
706,17.65 ,1.59046e-06 ,0 
707,17.675 ,1.54365e-06 ,0 
708,17.7 ,1.4982e-06 ,0 
709,17.725 ,1.45406e-06 ,0 
710,17.75 ,1.41119e-06 ,0 
711,17.775 ,1.36956e-06 ,0 
712,17.8 ,1.32913e-06 ,0 
713,17.825 ,1.28988e-06 ,0 
714,17.85 ,1.25176e-06 ,0 
715,17.875 ,1.21474e-06 ,0 
716,17.9 ,1.17879e-06 ,0 
717,17.925 ,1.14389e-06 ,0 
718,17.95 ,1.11e-06 ,0 
719,17.975 ,1.0771e-06 ,0 
720,18 ,1.04515e-06 ,0 
721,18.025 ,1.01413e-06 ,0 
722,18.05 ,9.84015e-07 ,0 
723,18.075 ,9.54776e-07 ,0 
724,18.1 ,9.26389e-07 ,0 
725,18.125 ,8.98829e-07 ,0 
726,18.15 ,8.72075e-07 ,0 
727,18.175 ,8.46101e-07 ,0 
728,18.2 ,8.20886e-07 ,0 
729,18.225 ,7.96409e-07 ,0 
730,18.25 ,7.72648e-07 ,0 
731,18.275 ,7.49583e-07 ,0 
732,18.3 ,7.27194e-07 ,0 
733,18.325 ,7.05461e-07 ,0 
734,18.35 ,6.84365e-07 ,0 
735,18.375 ,6.63889e-07 ,0 
736,18.4 ,6.44014e-07 ,0 
737,18.425 ,6.24724e-07 ,0 
738,18.45 ,6.06001e-07 ,0 
739,18.475 ,5.87829e-07 ,0 
740,18.5 ,5.70192e-07 ,0 
741,18.525 ,5.53075e-07 ,0 
742,18.55 ,5.36463e-07 ,0 
743,18.575 ,5.20341e-07 ,0 
744,18.6 ,5.04695e-07 ,0 
745,18.625 ,4.89511e-07 ,0 
746,18.65 ,4.74776e-07 ,0 
747,18.675 ,4.60477e-07 ,0 
748,18.7 ,4.46601e-07 ,0 
749,18.725 ,4.33136e-07 ,0 
750,18.75 ,4.2007e-07 ,0 
751,18.775 ,4.07391e-07 ,0 
752,18.8 ,3.95089e-07 ,0 
753,18.825 ,3.83152e-07 ,0 
754,18.85 ,3.7157e-07 ,0 
755,18.875 ,3.60331e-07 ,0 
756,18.9 ,3.49427e-07 ,0 
757,18.925 ,3.38848e-07 ,0 
758,18.95 ,3.28583e-07 ,0 
759,18.975 ,3.18625e-07 ,0 
760,19 ,3.08963e-07 ,0 
761,19.025 ,2.99589e-07 ,0 
762,19.05 ,2.90495e-07 ,0 
763,19.075 ,2.81673e-07 ,0 
764,19.1 ,2.73114e-07 ,0 
765,19.125 ,2.64811e-07 ,0 
766,19.15 ,2.56757e-07 ,0 
767,19.175 ,2.48944e-07 ,0 
768,19.2 ,2.41364e-07 ,0 
769,19.225 ,2.34012e-07 ,0 
770,19.25 ,2.2688e-07 ,0 
771,19.275 ,2.19962e-07 ,0 
772,19.3 ,2.13252e-07 ,0 
773,19.325 ,2.06743e-07 ,0 
774,19.35 ,2.0043e-07 ,0 
775,19.375 ,1.94307e-07 ,0 
776,19.4 ,1.88368e-07 ,0 
777,19.425 ,1.82607e-07 ,0 
778,19.45 ,1.7702e-07 ,0 
779,19.475 ,1.71602e-07 ,0 
780,19.5 ,1.66347e-07 ,0 
781,19.525 ,1.6125e-07 ,0 
782,19.55 ,1.56307e-07 ,0 
783,19.575 ,1.51513e-07 ,0 
784,19.6 ,1.46865e-07 ,0 
785,19.625 ,1.42356e-07 ,0 
786,19.65 ,1.37984e-07 ,0 
787,19.675 ,1.33745e-07 ,0 
788,19.7 ,1.29633e-07 ,0 
789,19.725 ,1.25646e-07 ,0 
790,19.75 ,1.2178e-07 ,0 
791,19.775 ,1.18032e-07 ,0 
792,19.8 ,1.14397e-07 ,0 
793,19.825 ,1.10872e-07 ,0 
794,19.85 ,1.07454e-07 ,0 
795,19.875 ,1.04141e-07 ,0 
796,19.9 ,1.00928e-07 ,0 
797,19.925 ,9.78122e-08 ,0 
798,19.95 ,9.47916e-08 ,0 
799,19.975 ,9.1863e-08 ,0 
800,20 ,8.90236e-08 ,0 
801,20.025 ,8.62708e-08 ,0 
802,20.05 ,8.36019e-08 ,0 
803,20.075 ,8.10144e-08 ,0 
804,20.1 ,7.85058e-08 ,0 
805,20.125 ,7.60739e-08 ,0 
806,20.15 ,7.37163e-08 ,0 
807,20.175 ,7.14307e-08 ,0 
808,20.2 ,6.9215e-08 ,0 
809,20.225 ,6.70671e-08 ,0 
810,20.25 ,6.49849e-08 ,0 
811,20.275 ,6.29665e-08 ,0 
812,20.3 ,6.101e-08 ,0 
813,20.325 ,5.91134e-08 ,0 
814,20.35 ,5.7275e-08 ,0 
815,20.375 ,5.54929e-08 ,0 
816,20.4 ,5.37656e-08 ,0 
817,20.425 ,5.20913e-08 ,0 
818,20.45 ,5.04685e-08 ,0 
819,20.475 ,4.88955e-08 ,0 
820,20.5 ,4.73709e-08 ,0 
821,20.525 ,4.58933e-08 ,0 
822,20.55 ,4.4461e-08 ,0 
823,20.575 ,4.30729e-08 ,0 
824,20.6 ,4.17276e-08 ,0 
825,20.625 ,4.04237e-08 ,0 
826,20.65 ,3.916e-08 ,0 
827,20.675 ,3.79353e-08 ,0 
828,20.7 ,3.67484e-08 ,0 
829,20.725 ,3.55982e-08 ,0 
830,20.75 ,3.44834e-08 ,0 
831,20.775 ,3.34031e-08 ,0 
832,20.8 ,3.23562e-08 ,0 
833,20.825 ,3.13417e-08 ,0 
834,20.85 ,3.03586e-08 ,0 
835,20.875 ,2.94059e-08 ,0 
836,20.9 ,2.84827e-08 ,0 
837,20.925 ,2.7588e-08 ,0 
838,20.95 ,2.67212e-08 ,0 
839,20.975 ,2.58811e-08 ,0 
840,21 ,2.50672e-08 ,0 
841,21.025 ,2.42785e-08 ,0 
842,21.05 ,2.35142e-08 ,0 
843,21.075 ,2.27737e-08 ,0 
844,21.1 ,2.20562e-08 ,0 
845,21.125 ,2.1361e-08 ,0 
846,21.15 ,2.06874e-08 ,0 
847,21.175 ,2.00348e-08 ,0 
848,21.2 ,1.94024e-08 ,0 
849,21.225 ,1.87897e-08 ,0 
850,21.25 ,1.81961e-08 ,0 
851,21.275 ,1.7621e-08 ,0 
852,21.3 ,1.70638e-08 ,0 
853,21.325 ,1.65239e-08 ,0 
854,21.35 ,1.60009e-08 ,0 
855,21.375 ,1.54942e-08 ,0 
856,21.4 ,1.50032e-08 ,0 
857,21.425 ,1.45276e-08 ,0 
858,21.45 ,1.40669e-08 ,0 
859,21.475 ,1.36205e-08 ,0 
860,21.5 ,1.3188e-08 ,0 
861,21.525 ,1.27691e-08 ,0 
862,21.55 ,1.23632e-08 ,0 
863,21.575 ,1.19701e-08 ,0 
864,21.6 ,1.15892e-08 ,0 
865,21.625 ,1.12202e-08 ,0 
866,21.65 ,1.08627e-08 ,0 
867,21.675 ,1.05165e-08 ,0 
868,21.7 ,1.0181e-08 ,0 
869,21.725 ,9.85606e-09 ,0 
870,21.75 ,9.54126e-09 ,0 
871,21.775 ,9.23632e-09 ,0 
872,21.8 ,8.94091e-09 ,0 
873,21.825 ,8.65475e-09 ,0 
874,21.85 ,8.37754e-09 ,0 
875,21.875 ,8.109e-09 ,0 
876,21.9 ,7.84886e-09 ,0 
877,21.925 ,7.59687e-09 ,0 
878,21.95 ,7.35275e-09 ,0 
879,21.975 ,7.11627e-09 ,0 
880,22 ,6.88719e-09 ,0 
881,22.025 ,6.66527e-09 ,0 
882,22.05 ,6.45029e-09 ,0 
883,22.075 ,6.24203e-09 ,0 
884,22.1 ,6.04028e-09 ,0 
885,22.125 ,5.84483e-09 ,0 
886,22.15 ,5.65548e-09 ,0 
887,22.175 ,5.47204e-09 ,0 
888,22.2 ,5.29433e-09 ,0 
889,22.225 ,5.12216e-09 ,0 
890,22.25 ,4.95535e-09 ,0 
891,22.275 ,4.79373e-09 ,0 
892,22.3 ,4.63715e-09 ,0 
893,22.325 ,4.48544e-09 ,0 
894,22.35 ,4.33843e-09 ,0 
895,22.375 ,4.196e-09 ,0 
896,22.4 ,4.05797e-09 ,0 
897,22.425 ,3.92423e-09 ,0 
898,22.45 ,3.79462e-09 ,0 
899,22.475 ,3.66901e-09 ,0 
900,22.5 ,3.54728e-09 ,0 
901,22.525 ,3.42929e-09 ,0 
902,22.55 ,3.31494e-09 ,0 
903,22.575 ,3.20409e-09 ,0 
904,22.6 ,3.09664e-09 ,0 
905,22.625 ,2.99247e-09 ,0 
906,22.65 ,2.89148e-09 ,0 
907,22.675 ,2.79356e-09 ,0 
908,22.7 ,2.69861e-09 ,0 
909,22.725 ,2.60654e-09 ,0 
910,22.75 ,2.51724e-09 ,0 
911,22.775 ,2.43062e-09 ,0 
912,22.8 ,2.3466e-09 ,0 
913,22.825 ,2.26509e-09 ,0 
914,22.85 ,2.186e-09 ,0 
915,22.875 ,2.10925e-09 ,0 
916,22.9 ,2.03476e-09 ,0 
917,22.925 ,1.96245e-09 ,0 
918,22.95 ,1.89225e-09 ,0 
919,22.975 ,1.82409e-09 ,0 
920,23 ,1.75789e-09 ,0 
921,23.025 ,1.69358e-09 ,0 
922,23.05 ,1.6311e-09 ,0 
923,23.075 ,1.57039e-09 ,0 
924,23.1 ,1.51137e-09 ,0 
925,23.125 ,1.45399e-09 ,0 
926,23.15 ,1.39819e-09 ,0 
927,23.175 ,1.34391e-09 ,0 
928,23.2 ,1.29109e-09 ,0 
929,23.225 ,1.23968e-09 ,0 
930,23.25 ,1.18963e-09 ,0 
931,23.275 ,1.14087e-09 ,0 
932,23.3 ,1.09336e-09 ,0 
933,23.325 ,1.04706e-09 ,0 
934,23.35 ,1.00191e-09 ,0 
935,23.375 ,9.57859e-10 ,0 
936,23.4 ,9.1487e-10 ,0 
937,23.425 ,8.72895e-10 ,0 
938,23.45 ,8.3189e-10 ,0 
939,23.475 ,7.91812e-10 ,0 
940,23.5 ,7.52619e-10 ,0 
941,23.525 ,7.1427e-10 ,0 
942,23.55 ,6.76726e-10 ,0 
943,23.575 ,6.39946e-10 ,0 
944,23.6 ,6.03892e-10 ,0 
945,23.625 ,5.68526e-10 ,0 
946,23.65 ,5.33812e-10 ,0 
947,23.675 ,4.99713e-10 ,0 
948,23.7 ,4.66194e-10 ,0 
949,23.725 ,4.3322e-10 ,0 
950,23.75 ,4.00755e-10 ,0 
951,23.775 ,3.68767e-10 ,0 
952,23.8 ,3.37221e-10 ,0 
953,23.825 ,3.06086e-10 ,0 
954,23.85 ,2.75328e-10 ,0 
955,23.875 ,2.44915e-10 ,0 
956,23.9 ,2.14817e-10 ,0 
957,23.925 ,1.85001e-10 ,0 
958,23.95 ,1.55436e-10 ,0 
959,23.975 ,1.26092e-10 ,0 
960,24 ,9.69382e-11 ,0 
961,24.025 ,6.79446e-11 ,0 
962,24.05 ,3.90809e-11 ,0 
963,24.075 ,1.03173e-11 ,0 
964,24.1 ,-1.83761e-11 ,0 
965,24.125 ,-4.70289e-11 ,0 
966,24.15 ,-7.56707e-11 ,0 
967,24.175 ,-1.04331e-10 ,0 
968,24.2 ,-1.3304e-10 ,0 
969,24.225 ,-1.61826e-10 ,0 
970,24.25 ,-1.9072e-10 ,0 
971,24.275 ,-2.19752e-10 ,0 
972,24.3 ,-2.4895e-10 ,0 
973,24.325 ,-2.78346e-10 ,0 
974,24.35 ,-3.07969e-10 ,0 
975,24.375 ,-3.3785e-10 ,0 
976,24.4 ,-3.6802e-10 ,0 
977,24.425 ,-3.98508e-10 ,0 
978,24.45 ,-4.29348e-10 ,0 
979,24.475 ,-4.6057e-10 ,0 
980,24.5 ,-4.92206e-10 ,0 
981,24.525 ,-5.24289e-10 ,0 
982,24.55 ,-5.56852e-10 ,0 
983,24.575 ,-5.89927e-10 ,0 
984,24.6 ,-6.23549e-10 ,0 
985,24.625 ,-6.57752e-10 ,0 
986,24.65 ,-6.92571e-10 ,0 
987,24.675 ,-7.28041e-10 ,0 
988,24.7 ,-7.64199e-10 ,0 
989,24.725 ,-8.01081e-10 ,0 
990,24.75 ,-8.38726e-10 ,0 
991,24.775 ,-8.77171e-10 ,0 
992,24.8 ,-9.16457e-10 ,0 
993,24.825 ,-9.56622e-10 ,0 
994,24.85 ,-9.97707e-10 ,0 
995,24.875 ,-1.03976e-09 ,0 
996,24.9 ,-1.08281e-09 ,0 
997,24.925 ,-1.12691e-09 ,0 
998,24.95 ,-1.17211e-09 ,0 
999,24.975 ,-1.21845e-09 ,0 
1000,25 ,-1.26598e-09 ,0 