N_e = 18
1,0.025 ,0.00212762 ,0 
2,0.05 ,0.00212762 ,0 
3,0.075 ,0.00288896 ,0 
4,0.1 ,0.00375225 ,0 
5,0.125 ,0.00464317 ,0 
6,0.15 ,0.00554319 ,0 
7,0.175 ,0.00644566 ,0 
8,0.2 ,0.00734751 ,0 
9,0.225 ,0.00824701 ,0 
10,0.25 ,0.00914302 ,0 
11,0.275 ,0.0100347 ,0 
12,0.3 ,0.0109213 ,0 
13,0.325 ,0.0118022 ,0 
14,0.35 ,0.0126768 ,0 
15,0.375 ,0.0135446 ,0 
16,0.4 ,0.0144051 ,0 
17,0.425 ,0.0152578 ,0 
18,0.45 ,0.0161021 ,0 
19,0.475 ,0.0169377 ,0 
20,0.5 ,0.017764 ,0 
21,0.525 ,0.0185806 ,0 
22,0.55 ,0.0193871 ,0 
23,0.575 ,0.020183 ,0 
24,0.6 ,0.0209678 ,0 
25,0.625 ,0.0217413 ,0 
26,0.65 ,0.0225028 ,0 
27,0.675 ,0.0232521 ,0 
28,0.7 ,0.0239888 ,0 
29,0.725 ,0.0247124 ,0 
30,0.75 ,0.0254226 ,0 
31,0.775 ,0.026119 ,0 
32,0.8 ,0.0268013 ,0 
33,0.825 ,0.0274691 ,0 
34,0.85 ,0.028122 ,0 
35,0.875 ,0.0287598 ,0 
36,0.9 ,0.0293821 ,0 
37,0.925 ,0.0299886 ,0 
38,0.95 ,0.0305791 ,0 
39,0.975 ,0.0311531 ,0 
40,1 ,0.0317106 ,0 
41,1.025 ,0.0322511 ,0 
42,1.05 ,0.0327744 ,0 
43,1.075 ,0.0332803 ,0 
44,1.1 ,0.0337686 ,0 
45,1.125 ,0.034239 ,0 
46,1.15 ,0.0346914 ,0 
47,1.175 ,0.0351255 ,0 
48,1.2 ,0.0355412 ,0 
49,1.225 ,0.0359382 ,0 
50,1.25 ,0.0363165 ,0 
51,1.275 ,0.0366758 ,0 
52,1.3 ,0.0370161 ,0 
53,1.325 ,0.0373372 ,0 
54,1.35 ,0.037639 ,0 
55,1.375 ,0.0379214 ,0 
56,1.4 ,0.0381844 ,0 
57,1.425 ,0.0384278 ,0 
58,1.45 ,0.0386516 ,0 
59,1.475 ,0.0388558 ,0 
60,1.5 ,0.0390402 ,0 
61,1.525 ,0.039205 ,0 
62,1.55 ,0.03935 ,0 
63,1.575 ,0.0394754 ,0 
64,1.6 ,0.039581 ,0 
65,1.625 ,0.0396669 ,0 
66,1.65 ,0.0397333 ,0 
67,1.675 ,0.03978 ,0 
68,1.7 ,0.0398072 ,0 
69,1.725 ,0.039815 ,0 
70,1.75 ,0.0398034 ,0 
71,1.775 ,0.0397726 ,0 
72,1.8 ,0.0397227 ,0 
73,1.825 ,0.0396537 ,0 
74,1.85 ,0.0395658 ,0 
75,1.875 ,0.0394592 ,0 
76,1.9 ,0.039334 ,0 
77,1.925 ,0.0391904 ,0 
78,1.95 ,0.0390286 ,0 
79,1.975 ,0.0388487 ,0 
80,2 ,0.038651 ,0 
81,2.025 ,0.0384357 ,0 
82,2.05 ,0.0382029 ,0 
83,2.075 ,0.037953 ,0 
84,2.1 ,0.0376861 ,0 
85,2.125 ,0.0374025 ,0 
86,2.15 ,0.0371025 ,0 
87,2.175 ,0.0367864 ,0 
88,2.2 ,0.0364544 ,0 
89,2.225 ,0.0361067 ,0 
90,2.25 ,0.0357438 ,0 
91,2.275 ,0.0353659 ,0 
92,2.3 ,0.0349733 ,0 
93,2.325 ,0.0345663 ,0 
94,2.35 ,0.0341453 ,0 
95,2.375 ,0.0337106 ,0 
96,2.4 ,0.0332625 ,0 
97,2.425 ,0.0328014 ,0 
98,2.45 ,0.0323276 ,0 
99,2.475 ,0.0318415 ,0 
100,2.5 ,0.0313435 ,0 
101,2.525 ,0.0308339 ,0 
102,2.55 ,0.0303131 ,0 
103,2.575 ,0.0297815 ,0 
104,2.6 ,0.0292394 ,0 
105,2.625 ,0.0286874 ,0 
106,2.65 ,0.0281256 ,0 
107,2.675 ,0.0275547 ,0 
108,2.7 ,0.0269749 ,0 
109,2.725 ,0.0263866 ,0 
110,2.75 ,0.0257903 ,0 
111,2.775 ,0.0251864 ,0 
112,2.8 ,0.0245753 ,0 
113,2.825 ,0.0239574 ,0 
114,2.85 ,0.0233331 ,0 
115,2.875 ,0.0227028 ,0 
116,2.9 ,0.022067 ,0 
117,2.925 ,0.0214261 ,0 
118,2.95 ,0.0207805 ,0 
119,2.975 ,0.0201306 ,0 
120,3 ,0.0194768 ,0 
121,3.025 ,0.0188196 ,0 
122,3.05 ,0.0181594 ,0 
123,3.075 ,0.0174966 ,0 
124,3.1 ,0.0168316 ,0 
125,3.125 ,0.0161648 ,0 
126,3.15 ,0.0154966 ,0 
127,3.175 ,0.0148275 ,0 
128,3.2 ,0.0141579 ,0 
129,3.225 ,0.0134882 ,0 
130,3.25 ,0.0128187 ,0 
131,3.275 ,0.0121499 ,0 
132,3.3 ,0.0114822 ,0 
133,3.325 ,0.010816 ,0 
134,3.35 ,0.0101516 ,0 
135,3.375 ,0.00948944 ,0 
136,3.4 ,0.00882994 ,0 
137,3.425 ,0.00817344 ,0 
138,3.45 ,0.00752033 ,0 
139,3.475 ,0.00687096 ,0 
140,3.5 ,0.00622571 ,0 
141,3.525 ,0.00558493 ,0 
142,3.55 ,0.00494896 ,0 
143,3.575 ,0.00431816 ,0 
144,3.6 ,0.00369287 ,0 
145,3.625 ,0.00307341 ,0 
146,3.65 ,0.00246013 ,0 
147,3.675 ,0.00185332 ,0 
148,3.7 ,0.00125332 ,0 
149,3.725 ,0.000660423 ,0 
150,3.75 ,7.49324e-05 ,0 
151,3.775 ,-0.00050286 ,0 
152,3.8 ,-0.00107267 ,0 
153,3.825 ,-0.00163422 ,0 
154,3.85 ,-0.00218724 ,0 
155,3.875 ,-0.00273146 ,0 
156,3.9 ,-0.00326665 ,0 
157,3.925 ,-0.00379253 ,0 
158,3.95 ,-0.00430889 ,0 
159,3.975 ,-0.00481549 ,0 
160,4 ,-0.00531211 ,0 
161,4.025 ,-0.00579854 ,0 
162,4.05 ,-0.00627456 ,0 
163,4.075 ,-0.00674 ,0 
164,4.1 ,-0.00719465 ,0 
165,4.125 ,-0.00763834 ,0 
166,4.15 ,-0.0080709 ,0 
167,4.175 ,-0.00849218 ,0 
168,4.2 ,-0.00890201 ,0 
169,4.225 ,-0.00930025 ,0 
170,4.25 ,-0.00968677 ,0 
171,4.275 ,-0.0100615 ,0 
172,4.3 ,-0.0104242 ,0 
173,4.325 ,-0.0107748 ,0 
174,4.35 ,-0.0111133 ,0 
175,4.375 ,-0.0114395 ,0 
176,4.4 ,-0.0117534 ,0 
177,4.425 ,-0.0120548 ,0 
178,4.45 ,-0.0123438 ,0 
179,4.475 ,-0.0126203 ,0 
180,4.5 ,-0.0128842 ,0 
181,4.525 ,-0.0131354 ,0 
182,4.55 ,-0.0133741 ,0 
183,4.575 ,-0.0136 ,0 
184,4.6 ,-0.0138133 ,0 
185,4.625 ,-0.0140139 ,0 
186,4.65 ,-0.0142019 ,0 
187,4.675 ,-0.0143772 ,0 
188,4.7 ,-0.0145398 ,0 
189,4.725 ,-0.0146899 ,0 
190,4.75 ,-0.0148274 ,0 
191,4.775 ,-0.0149523 ,0 
192,4.8 ,-0.0150648 ,0 
193,4.825 ,-0.0151649 ,0 
194,4.85 ,-0.0152527 ,0 
195,4.875 ,-0.0153282 ,0 
196,4.9 ,-0.0153915 ,0 
197,4.925 ,-0.0154427 ,0 
198,4.95 ,-0.0154819 ,0 
199,4.975 ,-0.0155093 ,0 
200,5 ,-0.0155249 ,0 
201,5.025 ,-0.0155289 ,0 
202,5.05 ,-0.0155213 ,0 
203,5.075 ,-0.0155023 ,0 
204,5.1 ,-0.0154721 ,0 
205,5.125 ,-0.0154307 ,0 
206,5.15 ,-0.0153784 ,0 
207,5.175 ,-0.0153153 ,0 
208,5.2 ,-0.0152416 ,0 
209,5.225 ,-0.0151573 ,0 
210,5.25 ,-0.0150628 ,0 
211,5.275 ,-0.0149581 ,0 
212,5.3 ,-0.0148435 ,0 
213,5.325 ,-0.0147191 ,0 
214,5.35 ,-0.0145851 ,0 
215,5.375 ,-0.0144418 ,0 
216,5.4 ,-0.0142893 ,0 
217,5.425 ,-0.0141278 ,0 
218,5.45 ,-0.0139575 ,0 
219,5.475 ,-0.0137787 ,0 
220,5.5 ,-0.0135915 ,0 
221,5.525 ,-0.0133963 ,0 
222,5.55 ,-0.0131931 ,0 
223,5.575 ,-0.0129822 ,0 
224,5.6 ,-0.0127639 ,0 
225,5.625 ,-0.0125383 ,0 
226,5.65 ,-0.0123057 ,0 
227,5.675 ,-0.0120664 ,0 
228,5.7 ,-0.0118206 ,0 
229,5.725 ,-0.0115684 ,0 
230,5.75 ,-0.0113102 ,0 
231,5.775 ,-0.0110462 ,0 
232,5.8 ,-0.0107766 ,0 
233,5.825 ,-0.0105017 ,0 
234,5.85 ,-0.0102217 ,0 
235,5.875 ,-0.00993685 ,0 
236,5.9 ,-0.0096474 ,0 
237,5.925 ,-0.0093536 ,0 
238,5.95 ,-0.00905568 ,0 
239,5.975 ,-0.00875389 ,0 
240,6 ,-0.00844848 ,0 
241,6.025 ,-0.0081397 ,0 
242,6.05 ,-0.00782777 ,0 
243,6.075 ,-0.00751296 ,0 
244,6.1 ,-0.0071955 ,0 
245,6.125 ,-0.00687563 ,0 
246,6.15 ,-0.00655359 ,0 
247,6.175 ,-0.00622962 ,0 
248,6.2 ,-0.00590396 ,0 
249,6.225 ,-0.00557684 ,0 
250,6.25 ,-0.00524851 ,0 
251,6.275 ,-0.00491918 ,0 
252,6.3 ,-0.00458909 ,0 
253,6.325 ,-0.00425847 ,0 
254,6.35 ,-0.00392755 ,0 
255,6.375 ,-0.00359655 ,0 
256,6.4 ,-0.00326568 ,0 
257,6.425 ,-0.00293518 ,0 
258,6.45 ,-0.00260524 ,0 
259,6.475 ,-0.0022761 ,0 
260,6.5 ,-0.00194795 ,0 
261,6.525 ,-0.001621 ,0 
262,6.55 ,-0.00129546 ,0 
263,6.575 ,-0.000971528 ,0 
264,6.6 ,-0.000649399 ,0 
265,6.625 ,-0.000329268 ,0 
266,6.65 ,-1.13247e-05 ,0 
267,6.675 ,0.000304245 ,0 
268,6.7 ,0.000617257 ,0 
269,6.725 ,0.000927534 ,0 
270,6.75 ,0.0012349 ,0 
271,6.775 ,0.00153919 ,0 
272,6.8 ,0.00184022 ,0 
273,6.825 ,0.00213785 ,0 
274,6.85 ,0.00243191 ,0 
275,6.875 ,0.00272224 ,0 
276,6.9 ,0.00300869 ,0 
277,6.925 ,0.00329113 ,0 
278,6.95 ,0.0035694 ,0 
279,6.975 ,0.00384337 ,0 
280,7 ,0.00411291 ,0 
281,7.025 ,0.00437788 ,0 
282,7.05 ,0.00463817 ,0 
283,7.075 ,0.00489366 ,0 
284,7.1 ,0.00514422 ,0 
285,7.125 ,0.00538975 ,0 
286,7.15 ,0.00563014 ,0 
287,7.175 ,0.0058653 ,0 
288,7.2 ,0.00609512 ,0 
289,7.225 ,0.00631951 ,0 
290,7.25 ,0.00653838 ,0 
291,7.275 ,0.00675166 ,0 
292,7.3 ,0.00695926 ,0 
293,7.325 ,0.0071611 ,0 
294,7.35 ,0.00735713 ,0 
295,7.375 ,0.00754726 ,0 
296,7.4 ,0.00773145 ,0 
297,7.425 ,0.00790964 ,0 
298,7.45 ,0.00808177 ,0 
299,7.475 ,0.00824781 ,0 
300,7.5 ,0.00840769 ,0 
301,7.525 ,0.0085614 ,0 
302,7.55 ,0.00870888 ,0 
303,7.575 ,0.00885013 ,0 
304,7.6 ,0.00898509 ,0 
305,7.625 ,0.00911377 ,0 
306,7.65 ,0.00923614 ,0 
307,7.675 ,0.00935218 ,0 
308,7.7 ,0.0094619 ,0 
309,7.725 ,0.00956527 ,0 
310,7.75 ,0.00966231 ,0 
311,7.775 ,0.00975302 ,0 
312,7.8 ,0.0098374 ,0 
313,7.825 ,0.00991546 ,0 
314,7.85 ,0.00998723 ,0 
315,7.875 ,0.0100527 ,0 
316,7.9 ,0.0101119 ,0 
317,7.925 ,0.0101649 ,0 
318,7.95 ,0.0102117 ,0 
319,7.975 ,0.0102523 ,0 
320,8 ,0.0102868 ,0 
321,8.025 ,0.0103151 ,0 
322,8.05 ,0.0103374 ,0 
323,8.075 ,0.0103537 ,0 
324,8.1 ,0.0103641 ,0 
325,8.125 ,0.0103685 ,0 
326,8.15 ,0.0103671 ,0 
327,8.175 ,0.0103598 ,0 
328,8.2 ,0.0103468 ,0 
329,8.225 ,0.0103282 ,0 
330,8.25 ,0.0103039 ,0 
331,8.275 ,0.0102741 ,0 
332,8.3 ,0.0102388 ,0 
333,8.325 ,0.0101981 ,0 
334,8.35 ,0.0101521 ,0 
335,8.375 ,0.0101008 ,0 
336,8.4 ,0.0100444 ,0 
337,8.425 ,0.00998286 ,0 
338,8.45 ,0.00991631 ,0 
339,8.475 ,0.00984484 ,0 
340,8.5 ,0.00976854 ,0 
341,8.525 ,0.00968748 ,0 
342,8.55 ,0.00960177 ,0 
343,8.575 ,0.00951148 ,0 
344,8.6 ,0.00941672 ,0 
345,8.625 ,0.00931758 ,0 
346,8.65 ,0.00921415 ,0 
347,8.675 ,0.00910653 ,0 
348,8.7 ,0.00899482 ,0 
349,8.725 ,0.00887912 ,0 
350,8.75 ,0.00875952 ,0 
351,8.775 ,0.00863612 ,0 
352,8.8 ,0.00850904 ,0 
353,8.825 ,0.00837836 ,0 
354,8.85 ,0.0082442 ,0 
355,8.875 ,0.00810665 ,0 
356,8.9 ,0.00796582 ,0 
357,8.925 ,0.00782181 ,0 
358,8.95 ,0.00767473 ,0 
359,8.975 ,0.00752468 ,0 
360,9 ,0.00737177 ,0 
361,9.025 ,0.0072161 ,0 
362,9.05 ,0.00705777 ,0 
363,9.075 ,0.0068969 ,0 
364,9.1 ,0.00673359 ,0 
365,9.125 ,0.00656794 ,0 
366,9.15 ,0.00640005 ,0 
367,9.175 ,0.00623004 ,0 
368,9.2 ,0.006058 ,0 
369,9.225 ,0.00588404 ,0 
370,9.25 ,0.00570826 ,0 
371,9.275 ,0.00553076 ,0 
372,9.3 ,0.00535166 ,0 
373,9.325 ,0.00517104 ,0 
374,9.35 ,0.00498901 ,0 
375,9.375 ,0.00480567 ,0 
376,9.4 ,0.00462112 ,0 
377,9.425 ,0.00443545 ,0 
378,9.45 ,0.00424877 ,0 
379,9.475 ,0.00406118 ,0 
380,9.5 ,0.00387276 ,0 
381,9.525 ,0.00368361 ,0 
382,9.55 ,0.00349383 ,0 
383,9.575 ,0.00330351 ,0 
384,9.6 ,0.00311274 ,0 
385,9.625 ,0.00292161 ,0 
386,9.65 ,0.00273021 ,0 
387,9.675 ,0.00253863 ,0 
388,9.7 ,0.00234695 ,0 
389,9.725 ,0.00215526 ,0 
390,9.75 ,0.00196365 ,0 
391,9.775 ,0.00177219 ,0 
392,9.8 ,0.00158098 ,0 
393,9.825 ,0.00139008 ,0 
394,9.85 ,0.00119957 ,0 
395,9.875 ,0.00100954 ,0 
396,9.9 ,0.000820063 ,0 
397,9.925 ,0.000631204 ,0 
398,9.95 ,0.000443041 ,0 
399,9.975 ,0.000255644 ,0 
400,10 ,6.90818e-05 ,0 
401,10.025 ,-0.000116577 ,0 
402,10.05 ,-0.000301266 ,0 
403,10.075 ,-0.000484922 ,0 
404,10.1 ,-0.00066748 ,0 
405,10.125 ,-0.000848881 ,0 
406,10.15 ,-0.00102906 ,0 
407,10.175 ,-0.00120797 ,0 
408,10.2 ,-0.00138555 ,0 
409,10.225 ,-0.00156173 ,0 
410,10.25 ,-0.00173648 ,0 
411,10.275 ,-0.00190974 ,0 
412,10.3 ,-0.00208145 ,0 
413,10.325 ,-0.00225158 ,0 
414,10.35 ,-0.00242007 ,0 
415,10.375 ,-0.00258688 ,0 
416,10.4 ,-0.00275197 ,0 
417,10.425 ,-0.00291529 ,0 
418,10.45 ,-0.00307681 ,0 
419,10.475 ,-0.00323648 ,0 
420,10.5 ,-0.00339428 ,0 
421,10.525 ,-0.00355016 ,0 
422,10.55 ,-0.0037041 ,0 
423,10.575 ,-0.00385605 ,0 
424,10.6 ,-0.004006 ,0 
425,10.625 ,-0.0041539 ,0 
426,10.65 ,-0.00429975 ,0 
427,10.675 ,-0.0044435 ,0 
428,10.7 ,-0.00458514 ,0 
429,10.725 ,-0.00472465 ,0 
430,10.75 ,-0.004862 ,0 
431,10.775 ,-0.00499717 ,0 
432,10.8 ,-0.00513015 ,0 
433,10.825 ,-0.00526092 ,0 
434,10.85 ,-0.00538946 ,0 
435,10.875 ,-0.00551576 ,0 
436,10.9 ,-0.00563981 ,0 
437,10.925 ,-0.00576159 ,0 
438,10.95 ,-0.0058811 ,0 
439,10.975 ,-0.00599833 ,0 
440,11 ,-0.00611327 ,0 
441,11.025 ,-0.0062259 ,0 
442,11.05 ,-0.00633624 ,0 
443,11.075 ,-0.00644427 ,0 
444,11.1 ,-0.00654998 ,0 
445,11.125 ,-0.00665339 ,0 
446,11.15 ,-0.00675448 ,0 
447,11.175 ,-0.00685325 ,0 
448,11.2 ,-0.00694971 ,0 
449,11.225 ,-0.00704386 ,0 
450,11.25 ,-0.00713571 ,0 
451,11.275 ,-0.00722525 ,0 
452,11.3 ,-0.00731248 ,0 
453,11.325 ,-0.00739743 ,0 
454,11.35 ,-0.00748009 ,0 
455,11.375 ,-0.00756046 ,0 
456,11.4 ,-0.00763857 ,0 
457,11.425 ,-0.00771441 ,0 
458,11.45 ,-0.00778799 ,0 
459,11.475 ,-0.00785934 ,0 
460,11.5 ,-0.00792845 ,0 
461,11.525 ,-0.00799534 ,0 
462,11.55 ,-0.00806003 ,0 
463,11.575 ,-0.00812252 ,0 
464,11.6 ,-0.00818283 ,0 
465,11.625 ,-0.00824097 ,0 
466,11.65 ,-0.00829696 ,0 
467,11.675 ,-0.00835082 ,0 
468,11.7 ,-0.00840255 ,0 
469,11.725 ,-0.00845219 ,0 
470,11.75 ,-0.00849973 ,0 
471,11.775 ,-0.00854521 ,0 
472,11.8 ,-0.00858864 ,0 
473,11.825 ,-0.00863004 ,0 
474,11.85 ,-0.00866943 ,0 
475,11.875 ,-0.00870682 ,0 
476,11.9 ,-0.00874224 ,0 
477,11.925 ,-0.00877571 ,0 
478,11.95 ,-0.00880725 ,0 
479,11.975 ,-0.00883687 ,0 
480,12 ,-0.0088646 ,0 
481,12.025 ,-0.00889047 ,0 
482,12.05 ,-0.00891449 ,0 
483,12.075 ,-0.00893668 ,0 
484,12.1 ,-0.00895707 ,0 
485,12.125 ,-0.00897568 ,0 
486,12.15 ,-0.00899253 ,0 
487,12.175 ,-0.00900765 ,0 
488,12.2 ,-0.00902105 ,0 
489,12.225 ,-0.00903277 ,0 
490,12.25 ,-0.00904283 ,0 
491,12.275 ,-0.00905124 ,0 
492,12.3 ,-0.00905803 ,0 
493,12.325 ,-0.00906323 ,0 
494,12.35 ,-0.00906686 ,0 
495,12.375 ,-0.00906895 ,0 
496,12.4 ,-0.00906951 ,0 
497,12.425 ,-0.00906858 ,0 
498,12.45 ,-0.00906617 ,0 
499,12.475 ,-0.00906232 ,0 
500,12.5 ,-0.00905704 ,0 
501,12.525 ,-0.00905036 ,0 
502,12.55 ,-0.00904231 ,0 
503,12.575 ,-0.0090329 ,0 
504,12.6 ,-0.00902216 ,0 
505,12.625 ,-0.00901013 ,0 
506,12.65 ,-0.00899681 ,0 
507,12.675 ,-0.00898224 ,0 
508,12.7 ,-0.00896644 ,0 
509,12.725 ,-0.00894943 ,0 
510,12.75 ,-0.00893124 ,0 
511,12.775 ,-0.00891189 ,0 
512,12.8 ,-0.00889141 ,0 
513,12.825 ,-0.00886982 ,0 
514,12.85 ,-0.00884713 ,0 
515,12.875 ,-0.00882339 ,0 
516,12.9 ,-0.00879861 ,0 
517,12.925 ,-0.0087728 ,0 
518,12.95 ,-0.00874601 ,0 
519,12.975 ,-0.00871824 ,0 
520,13 ,-0.00868953 ,0 
521,13.025 ,-0.00865989 ,0 
522,13.05 ,-0.00862935 ,0 
523,13.075 ,-0.00859792 ,0 
524,13.1 ,-0.00856564 ,0 
525,13.125 ,-0.00853253 ,0 
526,13.15 ,-0.0084986 ,0 
527,13.175 ,-0.00846388 ,0 
528,13.2 ,-0.00842838 ,0 
529,13.225 ,-0.00839214 ,0 
530,13.25 ,-0.00835517 ,0 
531,13.275 ,-0.00831749 ,0 
532,13.3 ,-0.00827913 ,0 
533,13.325 ,-0.0082401 ,0 
534,13.35 ,-0.00820042 ,0 
535,13.375 ,-0.00816012 ,0 
536,13.4 ,-0.00811921 ,0 
537,13.425 ,-0.00807771 ,0 
538,13.45 ,-0.00803565 ,0 
539,13.475 ,-0.00799305 ,0 
540,13.5 ,-0.00794991 ,0 
541,13.525 ,-0.00790626 ,0 
542,13.55 ,-0.00786213 ,0 
543,13.575 ,-0.00781752 ,0 
544,13.6 ,-0.00777245 ,0 
545,13.625 ,-0.00772695 ,0 
546,13.65 ,-0.00768103 ,0 
547,13.675 ,-0.00763471 ,0 
548,13.7 ,-0.007588 ,0 
549,13.725 ,-0.00754093 ,0 
550,13.75 ,-0.00749351 ,0 
551,13.775 ,-0.00744575 ,0 
552,13.8 ,-0.00739767 ,0 
553,13.825 ,-0.00734929 ,0 
554,13.85 ,-0.00730062 ,0 
555,13.875 ,-0.00725169 ,0 
556,13.9 ,-0.0072025 ,0 
557,13.925 ,-0.00715306 ,0 
558,13.95 ,-0.0071034 ,0 
559,13.975 ,-0.00705353 ,0 
560,14 ,-0.00700346 ,0 
561,14.025 ,-0.00695321 ,0 
562,14.05 ,-0.00690279 ,0 
563,14.075 ,-0.00685222 ,0 
564,14.1 ,-0.0068015 ,0 
565,14.125 ,-0.00675065 ,0 
566,14.15 ,-0.00669969 ,0 
567,14.175 ,-0.00664862 ,0 
568,14.2 ,-0.00659746 ,0 
569,14.225 ,-0.00654622 ,0 
570,14.25 ,-0.00649492 ,0 
571,14.275 ,-0.00644355 ,0 
572,14.3 ,-0.00639215 ,0 
573,14.325 ,-0.00634071 ,0 
574,14.35 ,-0.00628925 ,0 
575,14.375 ,-0.00623778 ,0 
576,14.4 ,-0.00618631 ,0 
577,14.425 ,-0.00613485 ,0 
578,14.45 ,-0.00608341 ,0 
579,14.475 ,-0.006032 ,0 
580,14.5 ,-0.00598063 ,0 
581,14.525 ,-0.0059293 ,0 
582,14.55 ,-0.00587804 ,0 
583,14.575 ,-0.00582684 ,0 
584,14.6 ,-0.00577573 ,0 
585,14.625 ,-0.00572469 ,0 
586,14.65 ,-0.00567375 ,0 
587,14.675 ,-0.00562291 ,0 
588,14.7 ,-0.00557218 ,0 
589,14.725 ,-0.00552157 ,0 
590,14.75 ,-0.00547109 ,0 
591,14.775 ,-0.00542073 ,0 
592,14.8 ,-0.00537052 ,0 
593,14.825 ,-0.00532046 ,0 
594,14.85 ,-0.00527054 ,0 
595,14.875 ,-0.00522079 ,0 
596,14.9 ,-0.00517121 ,0 
597,14.925 ,-0.0051218 ,0 
598,14.95 ,-0.00507257 ,0 
599,14.975 ,-0.00502353 ,0 
600,15 ,-0.00497467 ,0 
601,15.025 ,-0.00492602 ,0 
602,15.05 ,-0.00487757 ,0 
603,15.075 ,-0.00482932 ,0 
604,15.1 ,-0.00478129 ,0 
605,15.125 ,-0.00473348 ,0 
606,15.15 ,-0.00468589 ,0 
607,15.175 ,-0.00463852 ,0 
608,15.2 ,-0.00459139 ,0 
609,15.225 ,-0.0045445 ,0 
610,15.25 ,-0.00449784 ,0 
611,15.275 ,-0.00445144 ,0 
612,15.3 ,-0.00440527 ,0 
613,15.325 ,-0.00435937 ,0 
614,15.35 ,-0.00431371 ,0 
615,15.375 ,-0.00426832 ,0 
616,15.4 ,-0.00422319 ,0 
617,15.425 ,-0.00417832 ,0 
618,15.45 ,-0.00413373 ,0 
619,15.475 ,-0.0040894 ,0 
620,15.5 ,-0.00404535 ,0 
621,15.525 ,-0.00400158 ,0 
622,15.55 ,-0.00395808 ,0 
623,15.575 ,-0.00391487 ,0 
624,15.6 ,-0.00387195 ,0 
625,15.625 ,-0.00382931 ,0 
626,15.65 ,-0.00378696 ,0 
627,15.675 ,-0.0037449 ,0 
628,15.7 ,-0.00370313 ,0 
629,15.725 ,-0.00366165 ,0 
630,15.75 ,-0.00362047 ,0 
631,15.775 ,-0.00357959 ,0 
632,15.8 ,-0.00353901 ,0 
633,15.825 ,-0.00349873 ,0 
634,15.85 ,-0.00345875 ,0 
635,15.875 ,-0.00341907 ,0 
636,15.9 ,-0.00337969 ,0 
637,15.925 ,-0.00334062 ,0 
638,15.95 ,-0.00330186 ,0 
639,15.975 ,-0.0032634 ,0 
640,16 ,-0.00322524 ,0 
641,16.025 ,-0.0031874 ,0 
642,16.05 ,-0.00314986 ,0 
643,16.075 ,-0.00311263 ,0 
644,16.1 ,-0.0030757 ,0 
645,16.125 ,-0.00303909 ,0 
646,16.15 ,-0.00300278 ,0 
647,16.175 ,-0.00296679 ,0 
648,16.2 ,-0.0029311 ,0 
649,16.225 ,-0.00289572 ,0 
650,16.25 ,-0.00286065 ,0 
651,16.275 ,-0.00282589 ,0 
652,16.3 ,-0.00279143 ,0 
653,16.325 ,-0.00275729 ,0 
654,16.35 ,-0.00272345 ,0 
655,16.375 ,-0.00268992 ,0 
656,16.4 ,-0.00265669 ,0 
657,16.425 ,-0.00262377 ,0 
658,16.45 ,-0.00259116 ,0 
659,16.475 ,-0.00255885 ,0 
660,16.5 ,-0.00252684 ,0 
661,16.525 ,-0.00249514 ,0 
662,16.55 ,-0.00246374 ,0 
663,16.575 ,-0.00243264 ,0 
664,16.6 ,-0.00240185 ,0 
665,16.625 ,-0.00237135 ,0 
666,16.65 ,-0.00234115 ,0 
667,16.675 ,-0.00231125 ,0 
668,16.7 ,-0.00228164 ,0 
669,16.725 ,-0.00225233 ,0 
670,16.75 ,-0.00222331 ,0 
671,16.775 ,-0.00219459 ,0 
672,16.8 ,-0.00216616 ,0 
673,16.825 ,-0.00213801 ,0 
674,16.85 ,-0.00211016 ,0 
675,16.875 ,-0.0020826 ,0 
676,16.9 ,-0.00205532 ,0 
677,16.925 ,-0.00202832 ,0 
678,16.95 ,-0.00200161 ,0 
679,16.975 ,-0.00197518 ,0 
680,17 ,-0.00194903 ,0 
681,17.025 ,-0.00192316 ,0 
682,17.05 ,-0.00189757 ,0 
683,17.075 ,-0.00187225 ,0 
684,17.1 ,-0.00184721 ,0 
685,17.125 ,-0.00182244 ,0 
686,17.15 ,-0.00179794 ,0 
687,17.175 ,-0.0017737 ,0 
688,17.2 ,-0.00174974 ,0 
689,17.225 ,-0.00172604 ,0 
690,17.25 ,-0.00170261 ,0 
691,17.275 ,-0.00167944 ,0 
692,17.3 ,-0.00165652 ,0 
693,17.325 ,-0.00163387 ,0 
694,17.35 ,-0.00161147 ,0 
695,17.375 ,-0.00158933 ,0 
696,17.4 ,-0.00156745 ,0 
697,17.425 ,-0.00154581 ,0 
698,17.45 ,-0.00152442 ,0 
699,17.475 ,-0.00150328 ,0 
700,17.5 ,-0.00148239 ,0 
701,17.525 ,-0.00146174 ,0 
702,17.55 ,-0.00144133 ,0 
703,17.575 ,-0.00142117 ,0 
704,17.6 ,-0.00140124 ,0 
705,17.625 ,-0.00138155 ,0 
706,17.65 ,-0.00136209 ,0 
707,17.675 ,-0.00134286 ,0 
708,17.7 ,-0.00132387 ,0 
709,17.725 ,-0.0013051 ,0 
710,17.75 ,-0.00128656 ,0 
711,17.775 ,-0.00126825 ,0 
712,17.8 ,-0.00125016 ,0 
713,17.825 ,-0.00123229 ,0 
714,17.85 ,-0.00121464 ,0 
715,17.875 ,-0.00119721 ,0 
716,17.9 ,-0.00117999 ,0 
717,17.925 ,-0.00116298 ,0 
718,17.95 ,-0.00114619 ,0 
719,17.975 ,-0.00112961 ,0 
720,18 ,-0.00111323 ,0 
721,18.025 ,-0.00109706 ,0 
722,18.05 ,-0.00108109 ,0 
723,18.075 ,-0.00106533 ,0 
724,18.1 ,-0.00104976 ,0 
725,18.125 ,-0.0010344 ,0 
726,18.15 ,-0.00101923 ,0 
727,18.175 ,-0.00100425 ,0 
728,18.2 ,-0.000989467 ,0 
729,18.225 ,-0.000974873 ,0 
730,18.25 ,-0.000960468 ,0 
731,18.275 ,-0.00094625 ,0 
732,18.3 ,-0.000932217 ,0 
733,18.325 ,-0.000918367 ,0 
734,18.35 ,-0.000904698 ,0 
735,18.375 ,-0.000891208 ,0 
736,18.4 ,-0.000877896 ,0 
737,18.425 ,-0.000864759 ,0 
738,18.45 ,-0.000851796 ,0 
739,18.475 ,-0.000839005 ,0 
740,18.5 ,-0.000826384 ,0 
741,18.525 ,-0.000813931 ,0 
742,18.55 ,-0.000801646 ,0 
743,18.575 ,-0.000789524 ,0 
744,18.6 ,-0.000777566 ,0 
745,18.625 ,-0.000765769 ,0 
746,18.65 ,-0.000754132 ,0 
747,18.675 ,-0.000742653 ,0 
748,18.7 ,-0.000731329 ,0 
749,18.725 ,-0.00072016 ,0 
750,18.75 ,-0.000709143 ,0 
751,18.775 ,-0.000698277 ,0 
752,18.8 ,-0.000687561 ,0 
753,18.825 ,-0.000676992 ,0 
754,18.85 ,-0.000666569 ,0 
755,18.875 ,-0.00065629 ,0 
756,18.9 ,-0.000646153 ,0 
757,18.925 ,-0.000636158 ,0 
758,18.95 ,-0.000626302 ,0 
759,18.975 ,-0.000616583 ,0 
760,19 ,-0.000607001 ,0 
761,19.025 ,-0.000597553 ,0 
762,19.05 ,-0.000588238 ,0 
763,19.075 ,-0.000579055 ,0 
764,19.1 ,-0.000570001 ,0 
765,19.125 ,-0.000561075 ,0 
766,19.15 ,-0.000552276 ,0 
767,19.175 ,-0.000543603 ,0 
768,19.2 ,-0.000535053 ,0 
769,19.225 ,-0.000526625 ,0 
770,19.25 ,-0.000518318 ,0 
771,19.275 ,-0.000510131 ,0 
772,19.3 ,-0.000502061 ,0 
773,19.325 ,-0.000494107 ,0 
774,19.35 ,-0.000486269 ,0 
775,19.375 ,-0.000478544 ,0 
776,19.4 ,-0.000470931 ,0 
777,19.425 ,-0.000463429 ,0 
778,19.45 ,-0.000456036 ,0 
779,19.475 ,-0.000448751 ,0 
780,19.5 ,-0.000441573 ,0 
781,19.525 ,-0.0004345 ,0 
782,19.55 ,-0.000427531 ,0 
783,19.575 ,-0.000420664 ,0 
784,19.6 ,-0.000413899 ,0 
785,19.625 ,-0.000407234 ,0 
786,19.65 ,-0.000400668 ,0 
787,19.675 ,-0.000394199 ,0 
788,19.7 ,-0.000387826 ,0 
789,19.725 ,-0.000381549 ,0 
790,19.75 ,-0.000375365 ,0 
791,19.775 ,-0.000369273 ,0 
792,19.8 ,-0.000363273 ,0 
793,19.825 ,-0.000357363 ,0 
794,19.85 ,-0.000351542 ,0 
795,19.875 ,-0.000345808 ,0 
796,19.9 ,-0.000340162 ,0 
797,19.925 ,-0.0003346 ,0 
798,19.95 ,-0.000329123 ,0 
799,19.975 ,-0.000323729 ,0 
800,20 ,-0.000318417 ,0 
801,20.025 ,-0.000313186 ,0 
802,20.05 ,-0.000308035 ,0 
803,20.075 ,-0.000302963 ,0 
804,20.1 ,-0.000297969 ,0 
805,20.125 ,-0.000293051 ,0 
806,20.15 ,-0.000288209 ,0 
807,20.175 ,-0.000283441 ,0 
808,20.2 ,-0.000278747 ,0 
809,20.225 ,-0.000274126 ,0 
810,20.25 ,-0.000269576 ,0 
811,20.275 ,-0.000265097 ,0 
812,20.3 ,-0.000260687 ,0 
813,20.325 ,-0.000256346 ,0 
814,20.35 ,-0.000252073 ,0 
815,20.375 ,-0.000247867 ,0 
816,20.4 ,-0.000243726 ,0 
817,20.425 ,-0.00023965 ,0 
818,20.45 ,-0.000235638 ,0 
819,20.475 ,-0.00023169 ,0 
820,20.5 ,-0.000227803 ,0 
821,20.525 ,-0.000223978 ,0 
822,20.55 ,-0.000220214 ,0 
823,20.575 ,-0.000216509 ,0 
824,20.6 ,-0.000212863 ,0 
825,20.625 ,-0.000209274 ,0 
826,20.65 ,-0.000205743 ,0 
827,20.675 ,-0.000202268 ,0 
828,20.7 ,-0.000198849 ,0 
829,20.725 ,-0.000195484 ,0 
830,20.75 ,-0.000192173 ,0 
831,20.775 ,-0.000188916 ,0 
832,20.8 ,-0.00018571 ,0 
833,20.825 ,-0.000182556 ,0 
834,20.85 ,-0.000179454 ,0 
835,20.875 ,-0.000176401 ,0 
836,20.9 ,-0.000173397 ,0 
837,20.925 ,-0.000170443 ,0 
838,20.95 ,-0.000167536 ,0 
839,20.975 ,-0.000164676 ,0 
840,21 ,-0.000161863 ,0 
841,21.025 ,-0.000159096 ,0 
842,21.05 ,-0.000156374 ,0 
843,21.075 ,-0.000153697 ,0 
844,21.1 ,-0.000151063 ,0 
845,21.125 ,-0.000148473 ,0 
846,21.15 ,-0.000145926 ,0 
847,21.175 ,-0.00014342 ,0 
848,21.2 ,-0.000140955 ,0 
849,21.225 ,-0.000138532 ,0 
850,21.25 ,-0.000136148 ,0 
851,21.275 ,-0.000133804 ,0 
852,21.3 ,-0.000131499 ,0 
853,21.325 ,-0.000129232 ,0 
854,21.35 ,-0.000127003 ,0 
855,21.375 ,-0.000124811 ,0 
856,21.4 ,-0.000122655 ,0 
857,21.425 ,-0.000120536 ,0 
858,21.45 ,-0.000118452 ,0 
859,21.475 ,-0.000116404 ,0 
860,21.5 ,-0.000114389 ,0 
861,21.525 ,-0.000112409 ,0 
862,21.55 ,-0.000110462 ,0 
863,21.575 ,-0.000108548 ,0 
864,21.6 ,-0.000106667 ,0 
865,21.625 ,-0.000104817 ,0 
866,21.65 ,-0.000102999 ,0 
867,21.675 ,-0.000101211 ,0 
868,21.7 ,-9.94547e-05 ,0 
869,21.725 ,-9.77279e-05 ,0 
870,21.75 ,-9.60306e-05 ,0 
871,21.775 ,-9.43625e-05 ,0 
872,21.8 ,-9.2723e-05 ,0 
873,21.825 ,-9.11116e-05 ,0 
874,21.85 ,-8.95281e-05 ,0 
875,21.875 ,-8.79719e-05 ,0 
876,21.9 ,-8.64427e-05 ,0 
877,21.925 ,-8.49399e-05 ,0 
878,21.95 ,-8.34632e-05 ,0 
879,21.975 ,-8.20123e-05 ,0 
880,22 ,-8.05866e-05 ,0 
881,22.025 ,-7.91858e-05 ,0 
882,22.05 ,-7.78096e-05 ,0 
883,22.075 ,-7.64574e-05 ,0 
884,22.1 ,-7.51291e-05 ,0 
885,22.125 ,-7.38241e-05 ,0 
886,22.15 ,-7.25422e-05 ,0 
887,22.175 ,-7.12829e-05 ,0 
888,22.2 ,-7.00459e-05 ,0 
889,22.225 ,-6.8831e-05 ,0 
890,22.25 ,-6.76376e-05 ,0 
891,22.275 ,-6.64655e-05 ,0 
892,22.3 ,-6.53144e-05 ,0 
893,22.325 ,-6.4184e-05 ,0 
894,22.35 ,-6.30738e-05 ,0 
895,22.375 ,-6.19837e-05 ,0 
896,22.4 ,-6.09132e-05 ,0 
897,22.425 ,-5.98621e-05 ,0 
898,22.45 ,-5.883e-05 ,0 
899,22.475 ,-5.78168e-05 ,0 
900,22.5 ,-5.6822e-05 ,0 
901,22.525 ,-5.58454e-05 ,0 
902,22.55 ,-5.48868e-05 ,0 
903,22.575 ,-5.39457e-05 ,0 
904,22.6 ,-5.30221e-05 ,0 
905,22.625 ,-5.21155e-05 ,0 
906,22.65 ,-5.12257e-05 ,0 
907,22.675 ,-5.03525e-05 ,0 
908,22.7 ,-4.94956e-05 ,0 
909,22.725 ,-4.86548e-05 ,0 
910,22.75 ,-4.78298e-05 ,0 
911,22.775 ,-4.70203e-05 ,0 
912,22.8 ,-4.62261e-05 ,0 
913,22.825 ,-4.5447e-05 ,0 
914,22.85 ,-4.46828e-05 ,0 
915,22.875 ,-4.39332e-05 ,0 
916,22.9 ,-4.3198e-05 ,0 
917,22.925 ,-4.24769e-05 ,0 
918,22.95 ,-4.17698e-05 ,0 
919,22.975 ,-4.10765e-05 ,0 
920,23 ,-4.03967e-05 ,0 
921,23.025 ,-3.97302e-05 ,0 
922,23.05 ,-3.90768e-05 ,0 
923,23.075 ,-3.84364e-05 ,0 
924,23.1 ,-3.78087e-05 ,0 
925,23.125 ,-3.71935e-05 ,0 
926,23.15 ,-3.65906e-05 ,0 
927,23.175 ,-3.6e-05 ,0 
928,23.2 ,-3.54213e-05 ,0 
929,23.225 ,-3.48544e-05 ,0 
930,23.25 ,-3.42991e-05 ,0 
931,23.275 ,-3.37553e-05 ,0 
932,23.3 ,-3.32228e-05 ,0 
933,23.325 ,-3.27014e-05 ,0 
934,23.35 ,-3.21909e-05 ,0 
935,23.375 ,-3.16912e-05 ,0 
936,23.4 ,-3.12022e-05 ,0 
937,23.425 ,-3.07237e-05 ,0 
938,23.45 ,-3.02554e-05 ,0 
939,23.475 ,-2.97974e-05 ,0 
940,23.5 ,-2.93494e-05 ,0 
941,23.525 ,-2.89113e-05 ,0 
942,23.55 ,-2.8483e-05 ,0 
943,23.575 ,-2.80643e-05 ,0 
944,23.6 ,-2.76551e-05 ,0 
945,23.625 ,-2.72552e-05 ,0 
946,23.65 ,-2.68646e-05 ,0 
947,23.675 ,-2.6483e-05 ,0 
948,23.7 ,-2.61105e-05 ,0 
949,23.725 ,-2.57468e-05 ,0 
950,23.75 ,-2.53918e-05 ,0 
951,23.775 ,-2.50455e-05 ,0 
952,23.8 ,-2.47077e-05 ,0 
953,23.825 ,-2.43783e-05 ,0 
954,23.85 ,-2.40572e-05 ,0 
955,23.875 ,-2.37442e-05 ,0 
956,23.9 ,-2.34394e-05 ,0 
957,23.925 ,-2.31426e-05 ,0 
958,23.95 ,-2.28536e-05 ,0 
959,23.975 ,-2.25724e-05 ,0 
960,24 ,-2.2299e-05 ,0 
961,24.025 ,-2.20331e-05 ,0 
962,24.05 ,-2.17748e-05 ,0 
963,24.075 ,-2.15239e-05 ,0 
964,24.1 ,-2.12804e-05 ,0 
965,24.125 ,-2.10441e-05 ,0 
966,24.15 ,-2.0815e-05 ,0 
967,24.175 ,-2.05931e-05 ,0 
968,24.2 ,-2.03781e-05 ,0 
969,24.225 ,-2.01702e-05 ,0 
970,24.25 ,-1.99691e-05 ,0 
971,24.275 ,-1.97749e-05 ,0 
972,24.3 ,-1.95874e-05 ,0 
973,24.325 ,-1.94066e-05 ,0 
974,24.35 ,-1.92324e-05 ,0 
975,24.375 ,-1.90649e-05 ,0 
976,24.4 ,-1.89038e-05 ,0 
977,24.425 ,-1.87492e-05 ,0 
978,24.45 ,-1.8601e-05 ,0 
979,24.475 ,-1.84591e-05 ,0 
980,24.5 ,-1.83236e-05 ,0 
981,24.525 ,-1.81943e-05 ,0 
982,24.55 ,-1.80712e-05 ,0 
983,24.575 ,-1.79543e-05 ,0 
984,24.6 ,-1.78435e-05 ,0 
985,24.625 ,-1.77388e-05 ,0 
986,24.65 ,-1.76402e-05 ,0 
987,24.675 ,-1.75475e-05 ,0 
988,24.7 ,-1.74608e-05 ,0 
989,24.725 ,-1.73801e-05 ,0 
990,24.75 ,-1.73053e-05 ,0 
991,24.775 ,-1.72364e-05 ,0 
992,24.8 ,-1.71733e-05 ,0 
993,24.825 ,-1.71161e-05 ,0 
994,24.85 ,-1.70647e-05 ,0 
995,24.875 ,-1.7019e-05 ,0 
996,24.9 ,-1.69792e-05 ,0 
997,24.925 ,-1.69451e-05 ,0 
998,24.95 ,-1.69168e-05 ,0 
999,24.975 ,-1.68941e-05 ,0 
1000,25 ,-1.68773e-05 ,0 