N_e = 18
1,0 ,0 ,0 
2,0.025 ,0 ,0 
3,0.05 ,0 ,0 
4,0.075 ,9.08873e-06 ,0 
5,0.1 ,2.13855e-05 ,0 
6,0.125 ,4.16917e-05 ,0 
7,0.15 ,7.19803e-05 ,0 
8,0.175 ,0.000114225 ,0 
9,0.2 ,0.000170391 ,0 
10,0.225 ,0.000242434 ,0 
11,0.25 ,0.000332299 ,0 
12,0.275 ,0.000441913 ,0 
13,0.3 ,0.000573192 ,0 
14,0.325 ,0.00072803 ,0 
15,0.35 ,0.000908306 ,0 
16,0.375 ,0.00111588 ,0 
17,0.4 ,0.00135258 ,0 
18,0.425 ,0.00162022 ,0 
19,0.45 ,0.00192059 ,0 
20,0.475 ,0.00225545 ,0 
21,0.5 ,0.00262653 ,0 
22,0.525 ,0.00303554 ,0 
23,0.55 ,0.00348416 ,0 
24,0.575 ,0.00397401 ,0 
25,0.6 ,0.00450672 ,0 
26,0.625 ,0.00508386 ,0 
27,0.65 ,0.00570696 ,0 
28,0.675 ,0.00637754 ,0 
29,0.7 ,0.00709705 ,0 
30,0.725 ,0.00786692 ,0 
31,0.75 ,0.00868854 ,0 
32,0.775 ,0.00956324 ,0 
33,0.8 ,0.0104923 ,0 
34,0.825 ,0.0114771 ,0 
35,0.85 ,0.0125187 ,0 
36,0.875 ,0.0136184 ,0 
37,0.9 ,0.0147772 ,0 
38,0.925 ,0.0159962 ,0 
39,0.95 ,0.0172766 ,0 
40,0.975 ,0.0186191 ,0 
41,1 ,0.0200248 ,0 
42,1.025 ,0.0214946 ,0 
43,1.05 ,0.0230293 ,0 
44,1.075 ,0.0246296 ,0 
45,1.1 ,0.0262963 ,0 
46,1.125 ,0.02803 ,0 
47,1.15 ,0.0298314 ,0 
48,1.175 ,0.0317011 ,0 
49,1.2 ,0.0336395 ,0 
50,1.225 ,0.0356471 ,0 
51,1.25 ,0.0377243 ,0 
52,1.275 ,0.0398715 ,0 
53,1.3 ,0.0420889 ,0 
54,1.325 ,0.0443768 ,0 
55,1.35 ,0.0467354 ,0 
56,1.375 ,0.0491647 ,0 
57,1.4 ,0.051665 ,0 
58,1.425 ,0.0542361 ,0 
59,1.45 ,0.056878 ,0 
60,1.475 ,0.0595907 ,0 
61,1.5 ,0.0623739 ,0 
62,1.525 ,0.0652275 ,0 
63,1.55 ,0.0681512 ,0 
64,1.575 ,0.0711448 ,0 
65,1.6 ,0.0742077 ,0 
66,1.625 ,0.0773396 ,0 
67,1.65 ,0.08054 ,0 
68,1.675 ,0.0838084 ,0 
69,1.7 ,0.0871441 ,0 
70,1.725 ,0.0905466 ,0 
71,1.75 ,0.0940151 ,0 
72,1.775 ,0.0975489 ,0 
73,1.8 ,0.101147 ,0 
74,1.825 ,0.104809 ,0 
75,1.85 ,0.108534 ,0 
76,1.875 ,0.11232 ,0 
77,1.9 ,0.116167 ,0 
78,1.925 ,0.120074 ,0 
79,1.95 ,0.12404 ,0 
80,1.975 ,0.128063 ,0 
81,2 ,0.132143 ,0 
82,2.025 ,0.136277 ,0 
83,2.05 ,0.140466 ,0 
84,2.075 ,0.144707 ,0 
85,2.1 ,0.148999 ,0 
86,2.125 ,0.153341 ,0 
87,2.15 ,0.157732 ,0 
88,2.175 ,0.162169 ,0 
89,2.2 ,0.166652 ,0 
90,2.225 ,0.171178 ,0 
91,2.25 ,0.175747 ,0 
92,2.275 ,0.180356 ,0 
93,2.3 ,0.185005 ,0 
94,2.325 ,0.18969 ,0 
95,2.35 ,0.194412 ,0 
96,2.375 ,0.199167 ,0 
97,2.4 ,0.203954 ,0 
98,2.425 ,0.208772 ,0 
99,2.45 ,0.213618 ,0 
100,2.475 ,0.218491 ,0 
101,2.5 ,0.223389 ,0 
102,2.525 ,0.22831 ,0 
103,2.55 ,0.233252 ,0 
104,2.575 ,0.238213 ,0 
105,2.6 ,0.243191 ,0 
106,2.625 ,0.248185 ,0 
107,2.65 ,0.253191 ,0 
108,2.675 ,0.258209 ,0 
109,2.7 ,0.263237 ,0 
110,2.725 ,0.268272 ,0 
111,2.75 ,0.273312 ,0 
112,2.775 ,0.278355 ,0 
113,2.8 ,0.2834 ,0 
114,2.825 ,0.288444 ,0 
115,2.85 ,0.293486 ,0 
116,2.875 ,0.298522 ,0 
117,2.9 ,0.303552 ,0 
118,2.925 ,0.308573 ,0 
119,2.95 ,0.313583 ,0 
120,2.975 ,0.31858 ,0 
121,3 ,0.323563 ,0 
122,3.025 ,0.328528 ,0 
123,3.05 ,0.333475 ,0 
124,3.075 ,0.338401 ,0 
125,3.1 ,0.343303 ,0 
126,3.125 ,0.348181 ,0 
127,3.15 ,0.353033 ,0 
128,3.175 ,0.357855 ,0 
129,3.2 ,0.362647 ,0 
130,3.225 ,0.367406 ,0 
131,3.25 ,0.372131 ,0 
132,3.275 ,0.376819 ,0 
133,3.3 ,0.381469 ,0 
134,3.325 ,0.386079 ,0 
135,3.35 ,0.390647 ,0 
136,3.375 ,0.395171 ,0 
137,3.4 ,0.39965 ,0 
138,3.425 ,0.404082 ,0 
139,3.45 ,0.408465 ,0 
140,3.475 ,0.412797 ,0 
141,3.5 ,0.417077 ,0 
142,3.525 ,0.421302 ,0 
143,3.55 ,0.425473 ,0 
144,3.575 ,0.429586 ,0 
145,3.6 ,0.433641 ,0 
146,3.625 ,0.437635 ,0 
147,3.65 ,0.441568 ,0 
148,3.675 ,0.445438 ,0 
149,3.7 ,0.449243 ,0 
150,3.725 ,0.452983 ,0 
151,3.75 ,0.456655 ,0 
152,3.775 ,0.460258 ,0 
153,3.8 ,0.463792 ,0 
154,3.825 ,0.467255 ,0 
155,3.85 ,0.470645 ,0 
156,3.875 ,0.473963 ,0 
157,3.9 ,0.477205 ,0 
158,3.925 ,0.480372 ,0 
159,3.95 ,0.483463 ,0 
160,3.975 ,0.486476 ,0 
161,4 ,0.48941 ,0 
162,4.025 ,0.492265 ,0 
163,4.05 ,0.495039 ,0 
164,4.075 ,0.497732 ,0 
165,4.1 ,0.500343 ,0 
166,4.125 ,0.502872 ,0 
167,4.15 ,0.505317 ,0 
168,4.175 ,0.507678 ,0 
169,4.2 ,0.509954 ,0 
170,4.225 ,0.512145 ,0 
171,4.25 ,0.51425 ,0 
172,4.275 ,0.516268 ,0 
173,4.3 ,0.5182 ,0 
174,4.325 ,0.520045 ,0 
175,4.35 ,0.521802 ,0 
176,4.375 ,0.523471 ,0 
177,4.4 ,0.525051 ,0 
178,4.425 ,0.526544 ,0 
179,4.45 ,0.527947 ,0 
180,4.475 ,0.529262 ,0 
181,4.5 ,0.530488 ,0 
182,4.525 ,0.531625 ,0 
183,4.55 ,0.532672 ,0 
184,4.575 ,0.533631 ,0 
185,4.6 ,0.534501 ,0 
186,4.625 ,0.535281 ,0 
187,4.65 ,0.535973 ,0 
188,4.675 ,0.536576 ,0 
189,4.7 ,0.537091 ,0 
190,4.725 ,0.537517 ,0 
191,4.75 ,0.537855 ,0 
192,4.775 ,0.538106 ,0 
193,4.8 ,0.538269 ,0 
194,4.825 ,0.538346 ,0 
195,4.85 ,0.538335 ,0 
196,4.875 ,0.538239 ,0 
197,4.9 ,0.538057 ,0 
198,4.925 ,0.53779 ,0 
199,4.95 ,0.537439 ,0 
200,4.975 ,0.537004 ,0 
201,5 ,0.536485 ,0 
202,5.025 ,0.535883 ,0 
203,5.05 ,0.5352 ,0 
204,5.075 ,0.534435 ,0 
205,5.1 ,0.53359 ,0 
206,5.125 ,0.532665 ,0 
207,5.15 ,0.531661 ,0 
208,5.175 ,0.530578 ,0 
209,5.2 ,0.529419 ,0 
210,5.225 ,0.528183 ,0 
211,5.25 ,0.526871 ,0 
212,5.275 ,0.525484 ,0 
213,5.3 ,0.524024 ,0 
214,5.325 ,0.522492 ,0 
215,5.35 ,0.520887 ,0 
216,5.375 ,0.519212 ,0 
217,5.4 ,0.517467 ,0 
218,5.425 ,0.515653 ,0 
219,5.45 ,0.513772 ,0 
220,5.475 ,0.511824 ,0 
221,5.5 ,0.509811 ,0 
222,5.525 ,0.507734 ,0 
223,5.55 ,0.505593 ,0 
224,5.575 ,0.50339 ,0 
225,5.6 ,0.501127 ,0 
226,5.625 ,0.498804 ,0 
227,5.65 ,0.496422 ,0 
228,5.675 ,0.493983 ,0 
229,5.7 ,0.491489 ,0 
230,5.725 ,0.488939 ,0 
231,5.75 ,0.486335 ,0 
232,5.775 ,0.48368 ,0 
233,5.8 ,0.480973 ,0 
234,5.825 ,0.478216 ,0 
235,5.85 ,0.475411 ,0 
236,5.875 ,0.472558 ,0 
237,5.9 ,0.469659 ,0 
238,5.925 ,0.466716 ,0 
239,5.95 ,0.463728 ,0 
240,5.975 ,0.460699 ,0 
241,6 ,0.457629 ,0 
242,6.025 ,0.454519 ,0 
243,6.05 ,0.45137 ,0 
244,6.075 ,0.448185 ,0 
245,6.1 ,0.444964 ,0 
246,6.125 ,0.441708 ,0 
247,6.15 ,0.438419 ,0 
248,6.175 ,0.435098 ,0 
249,6.2 ,0.431746 ,0 
250,6.225 ,0.428365 ,0 
251,6.25 ,0.424955 ,0 
252,6.275 ,0.421519 ,0 
253,6.3 ,0.418057 ,0 
254,6.325 ,0.41457 ,0 
255,6.35 ,0.411061 ,0 
256,6.375 ,0.407529 ,0 
257,6.4 ,0.403977 ,0 
258,6.425 ,0.400405 ,0 
259,6.45 ,0.396815 ,0 
260,6.475 ,0.393208 ,0 
261,6.5 ,0.389585 ,0 
262,6.525 ,0.385948 ,0 
263,6.55 ,0.382297 ,0 
264,6.575 ,0.378633 ,0 
265,6.6 ,0.374958 ,0 
266,6.625 ,0.371273 ,0 
267,6.65 ,0.367579 ,0 
268,6.675 ,0.363878 ,0 
269,6.7 ,0.360169 ,0 
270,6.725 ,0.356455 ,0 
271,6.75 ,0.352736 ,0 
272,6.775 ,0.349014 ,0 
273,6.8 ,0.345289 ,0 
274,6.825 ,0.341562 ,0 
275,6.85 ,0.337836 ,0 
276,6.875 ,0.334109 ,0 
277,6.9 ,0.330384 ,0 
278,6.925 ,0.326662 ,0 
279,6.95 ,0.322943 ,0 
280,6.975 ,0.319228 ,0 
281,7 ,0.315519 ,0 
282,7.025 ,0.311816 ,0 
283,7.05 ,0.308119 ,0 
284,7.075 ,0.304431 ,0 
285,7.1 ,0.300751 ,0 
286,7.125 ,0.297082 ,0 
287,7.15 ,0.293422 ,0 
288,7.175 ,0.289774 ,0 
289,7.2 ,0.286137 ,0 
290,7.225 ,0.282514 ,0 
291,7.25 ,0.278904 ,0 
292,7.275 ,0.275308 ,0 
293,7.3 ,0.271727 ,0 
294,7.325 ,0.268162 ,0 
295,7.35 ,0.264613 ,0 
296,7.375 ,0.261081 ,0 
297,7.4 ,0.257566 ,0 
298,7.425 ,0.25407 ,0 
299,7.45 ,0.250593 ,0 
300,7.475 ,0.247135 ,0 
301,7.5 ,0.243697 ,0 
302,7.525 ,0.240279 ,0 
303,7.55 ,0.236883 ,0 
304,7.575 ,0.233508 ,0 
305,7.6 ,0.230156 ,0 
306,7.625 ,0.226826 ,0 
307,7.65 ,0.223519 ,0 
308,7.675 ,0.220235 ,0 
309,7.7 ,0.216976 ,0 
310,7.725 ,0.21374 ,0 
311,7.75 ,0.21053 ,0 
312,7.775 ,0.207345 ,0 
313,7.8 ,0.204185 ,0 
314,7.825 ,0.201051 ,0 
315,7.85 ,0.197943 ,0 
316,7.875 ,0.194861 ,0 
317,7.9 ,0.191807 ,0 
318,7.925 ,0.188779 ,0 
319,7.95 ,0.185779 ,0 
320,7.975 ,0.182807 ,0 
321,8 ,0.179862 ,0 
322,8.025 ,0.176945 ,0 
323,8.05 ,0.174057 ,0 
324,8.075 ,0.171197 ,0 
325,8.1 ,0.168366 ,0 
326,8.125 ,0.165563 ,0 
327,8.15 ,0.16279 ,0 
328,8.175 ,0.160045 ,0 
329,8.2 ,0.15733 ,0 
330,8.225 ,0.154645 ,0 
331,8.25 ,0.151988 ,0 
332,8.275 ,0.149361 ,0 
333,8.3 ,0.146764 ,0 
334,8.325 ,0.144197 ,0 
335,8.35 ,0.141659 ,0 
336,8.375 ,0.139151 ,0 
337,8.4 ,0.136673 ,0 
338,8.425 ,0.134225 ,0 
339,8.45 ,0.131806 ,0 
340,8.475 ,0.129417 ,0 
341,8.5 ,0.127058 ,0 
342,8.525 ,0.124729 ,0 
343,8.55 ,0.12243 ,0 
344,8.575 ,0.12016 ,0 
345,8.6 ,0.11792 ,0 
346,8.625 ,0.115709 ,0 
347,8.65 ,0.113528 ,0 
348,8.675 ,0.111377 ,0 
349,8.7 ,0.109254 ,0 
350,8.725 ,0.107161 ,0 
351,8.75 ,0.105097 ,0 
352,8.775 ,0.103062 ,0 
353,8.8 ,0.101056 ,0 
354,8.825 ,0.0990782 ,0 
355,8.85 ,0.0971293 ,0 
356,8.875 ,0.0952089 ,0 
357,8.9 ,0.0933167 ,0 
358,8.925 ,0.0914526 ,0 
359,8.95 ,0.0896165 ,0 
360,8.975 ,0.0878082 ,0 
361,9 ,0.0860275 ,0 
362,9.025 ,0.0842742 ,0 
363,9.05 ,0.0825482 ,0 
364,9.075 ,0.0808492 ,0 
365,9.1 ,0.079177 ,0 
366,9.125 ,0.0775315 ,0 
367,9.15 ,0.0759124 ,0 
368,9.175 ,0.0743195 ,0 
369,9.2 ,0.0727527 ,0 
370,9.225 ,0.0712115 ,0 
371,9.25 ,0.069696 ,0 
372,9.275 ,0.0682057 ,0 
373,9.3 ,0.0667406 ,0 
374,9.325 ,0.0653003 ,0 
375,9.35 ,0.0638846 ,0 
376,9.375 ,0.0624933 ,0 
377,9.4 ,0.0611261 ,0 
378,9.425 ,0.0597828 ,0 
379,9.45 ,0.0584631 ,0 
380,9.475 ,0.0571668 ,0 
381,9.5 ,0.0558937 ,0 
382,9.525 ,0.0546434 ,0 
383,9.55 ,0.0534157 ,0 
384,9.575 ,0.0522104 ,0 
385,9.6 ,0.0510272 ,0 
386,9.625 ,0.0498659 ,0 
387,9.65 ,0.0487261 ,0 
388,9.675 ,0.0476077 ,0 
389,9.7 ,0.0465103 ,0 
390,9.725 ,0.0454337 ,0 
391,9.75 ,0.0443776 ,0 
392,9.775 ,0.0433419 ,0 
393,9.8 ,0.0423261 ,0 
394,9.825 ,0.04133 ,0 
395,9.85 ,0.0403535 ,0 
396,9.875 ,0.0393961 ,0 
397,9.9 ,0.0384577 ,0 
398,9.925 ,0.037538 ,0 
399,9.95 ,0.0366367 ,0 
400,9.975 ,0.0357536 ,0 
401,10 ,0.0348884 ,0 
402,10.025 ,0.0340408 ,0 
403,10.05 ,0.0332106 ,0 
404,10.075 ,0.0323975 ,0 
405,10.1 ,0.0316013 ,0 
406,10.125 ,0.0308217 ,0 
407,10.15 ,0.0300584 ,0 
408,10.175 ,0.0293113 ,0 
409,10.2 ,0.02858 ,0 
410,10.225 ,0.0278643 ,0 
411,10.25 ,0.0271639 ,0 
412,10.275 ,0.0264787 ,0 
413,10.3 ,0.0258083 ,0 
414,10.325 ,0.0251525 ,0 
415,10.35 ,0.0245111 ,0 
416,10.375 ,0.0238838 ,0 
417,10.4 ,0.0232704 ,0 
418,10.425 ,0.0226707 ,0 
419,10.45 ,0.0220843 ,0 
420,10.475 ,0.0215112 ,0 
421,10.5 ,0.020951 ,0 
422,10.525 ,0.0204036 ,0 
423,10.55 ,0.0198687 ,0 
424,10.575 ,0.019346 ,0 
425,10.6 ,0.0188355 ,0 
426,10.625 ,0.0183367 ,0 
427,10.65 ,0.0178496 ,0 
428,10.675 ,0.0173739 ,0 
429,10.7 ,0.0169094 ,0 
430,10.725 ,0.0164559 ,0 
431,10.75 ,0.0160132 ,0 
432,10.775 ,0.0155811 ,0 
433,10.8 ,0.0151593 ,0 
434,10.825 ,0.0147477 ,0 
435,10.85 ,0.0143461 ,0 
436,10.875 ,0.0139542 ,0 
437,10.9 ,0.013572 ,0 
438,10.925 ,0.0131991 ,0 
439,10.95 ,0.0128354 ,0 
440,10.975 ,0.0124808 ,0 
441,11 ,0.0121349 ,0 
442,11.025 ,0.0117977 ,0 
443,11.05 ,0.011469 ,0 
444,11.075 ,0.0111485 ,0 
445,11.1 ,0.0108362 ,0 
446,11.125 ,0.0105317 ,0 
447,11.15 ,0.0102351 ,0 
448,11.175 ,0.00994601 ,0 
449,11.2 ,0.00966436 ,0 
450,11.225 ,0.00938998 ,0 
451,11.25 ,0.0091227 ,0 
452,11.275 ,0.00886237 ,0 
453,11.3 ,0.00860882 ,0 
454,11.325 ,0.00836191 ,0 
455,11.35 ,0.00812148 ,0 
456,11.375 ,0.00788739 ,0 
457,11.4 ,0.00765949 ,0 
458,11.425 ,0.00743764 ,0 
459,11.45 ,0.0072217 ,0 
460,11.475 ,0.00701153 ,0 
461,11.5 ,0.00680699 ,0 
462,11.525 ,0.00660795 ,0 
463,11.55 ,0.00641428 ,0 
464,11.575 ,0.00622586 ,0 
465,11.6 ,0.00604255 ,0 
466,11.625 ,0.00586424 ,0 
467,11.65 ,0.0056908 ,0 
468,11.675 ,0.00552212 ,0 
469,11.7 ,0.00535807 ,0 
470,11.725 ,0.00519855 ,0 
471,11.75 ,0.00504345 ,0 
472,11.775 ,0.00489264 ,0 
473,11.8 ,0.00474603 ,0 
474,11.825 ,0.00460352 ,0 
475,11.85 ,0.00446499 ,0 
476,11.875 ,0.00433035 ,0 
477,11.9 ,0.0041995 ,0 
478,11.925 ,0.00407234 ,0 
479,11.95 ,0.00394878 ,0 
480,11.975 ,0.00382873 ,0 
481,12 ,0.00371209 ,0 
482,12.025 ,0.00359878 ,0 
483,12.05 ,0.00348872 ,0 
484,12.075 ,0.00338181 ,0 
485,12.1 ,0.00327797 ,0 
486,12.125 ,0.00317713 ,0 
487,12.15 ,0.0030792 ,0 
488,12.175 ,0.00298412 ,0 
489,12.2 ,0.00289179 ,0 
490,12.225 ,0.00280215 ,0 
491,12.25 ,0.00271513 ,0 
492,12.275 ,0.00263066 ,0 
493,12.3 ,0.00254866 ,0 
494,12.325 ,0.00246908 ,0 
495,12.35 ,0.00239184 ,0 
496,12.375 ,0.00231688 ,0 
497,12.4 ,0.00224415 ,0 
498,12.425 ,0.00217357 ,0 
499,12.45 ,0.00210509 ,0 
500,12.475 ,0.00203865 ,0 
501,12.5 ,0.0019742 ,0 
502,12.525 ,0.00191168 ,0 
503,12.55 ,0.00185104 ,0 
504,12.575 ,0.00179222 ,0 
505,12.6 ,0.00173517 ,0 
506,12.625 ,0.00167985 ,0 
507,12.65 ,0.0016262 ,0 
508,12.675 ,0.00157418 ,0 
509,12.7 ,0.00152375 ,0 
510,12.725 ,0.00147484 ,0 
511,12.75 ,0.00142744 ,0 
512,12.775 ,0.00138148 ,0 
513,12.8 ,0.00133693 ,0 
514,12.825 ,0.00129375 ,0 
515,12.85 ,0.0012519 ,0 
516,12.875 ,0.00121134 ,0 
517,12.9 ,0.00117203 ,0 
518,12.925 ,0.00113394 ,0 
519,12.95 ,0.00109703 ,0 
520,12.975 ,0.00106127 ,0 
521,13 ,0.00102662 ,0 
522,13.025 ,0.000993054 ,0 
523,13.05 ,0.000960536 ,0 
524,13.075 ,0.000929037 ,0 
525,13.1 ,0.000898525 ,0 
526,13.125 ,0.000868973 ,0 
527,13.15 ,0.000840351 ,0 
528,13.175 ,0.000812632 ,0 
529,13.2 ,0.000785789 ,0 
530,13.225 ,0.000759796 ,0 
531,13.25 ,0.000734627 ,0 
532,13.275 ,0.000710257 ,0 
533,13.3 ,0.000686664 ,0 
534,13.325 ,0.000663822 ,0 
535,13.35 ,0.000641709 ,0 
536,13.375 ,0.000620304 ,0 
537,13.4 ,0.000599585 ,0 
538,13.425 ,0.000579531 ,0 
539,13.45 ,0.000560121 ,0 
540,13.475 ,0.000541337 ,0 
541,13.5 ,0.000523158 ,0 
542,13.525 ,0.000505566 ,0 
543,13.55 ,0.000488544 ,0 
544,13.575 ,0.000472074 ,0 
545,13.6 ,0.000456138 ,0 
546,13.625 ,0.00044072 ,0 
547,13.65 ,0.000425804 ,0 
548,13.675 ,0.000411375 ,0 
549,13.7 ,0.000397417 ,0 
550,13.725 ,0.000383916 ,0 
551,13.75 ,0.000370857 ,0 
552,13.775 ,0.000358226 ,0 
553,13.8 ,0.000346011 ,0 
554,13.825 ,0.000334198 ,0 
555,13.85 ,0.000322774 ,0 
556,13.875 ,0.000311727 ,0 
557,13.9 ,0.000301045 ,0 
558,13.925 ,0.000290717 ,0 
559,13.95 ,0.000280732 ,0 
560,13.975 ,0.000271078 ,0 
561,14 ,0.000261745 ,0 
562,14.025 ,0.000252722 ,0 
563,14.05 ,0.000244001 ,0 
564,14.075 ,0.000235571 ,0 
565,14.1 ,0.000227422 ,0 
566,14.125 ,0.000219547 ,0 
567,14.15 ,0.000211935 ,0 
568,14.175 ,0.00020458 ,0 
569,14.2 ,0.000197471 ,0 
570,14.225 ,0.000190602 ,0 
571,14.25 ,0.000183964 ,0 
572,14.275 ,0.00017755 ,0 
573,14.3 ,0.000171353 ,0 
574,14.325 ,0.000165366 ,0 
575,14.35 ,0.000159582 ,0 
576,14.375 ,0.000153994 ,0 
577,14.4 ,0.000148596 ,0 
578,14.425 ,0.000143381 ,0 
579,14.45 ,0.000138345 ,0 
580,14.475 ,0.000133479 ,0 
581,14.5 ,0.000128781 ,0 
582,14.525 ,0.000124242 ,0 
583,14.55 ,0.000119859 ,0 
584,14.575 ,0.000115627 ,0 
585,14.6 ,0.000111539 ,0 
586,14.625 ,0.000107592 ,0 
587,14.65 ,0.000103781 ,0 
588,14.675 ,0.000100101 ,0 
589,14.7 ,9.65478e-05 ,0 
590,14.725 ,9.31174e-05 ,0 
591,14.75 ,8.98056e-05 ,0 
592,14.775 ,8.66084e-05 ,0 
593,14.8 ,8.3522e-05 ,0 
594,14.825 ,8.05426e-05 ,0 
595,14.85 ,7.76667e-05 ,0 
596,14.875 ,7.48907e-05 ,0 
597,14.9 ,7.22114e-05 ,0 
598,14.925 ,6.96254e-05 ,0 
599,14.95 ,6.71297e-05 ,0 
600,14.975 ,6.47211e-05 ,0 
601,15 ,6.23967e-05 ,0 
602,15.025 ,6.01537e-05 ,0 
603,15.05 ,5.79893e-05 ,0 
604,15.075 ,5.59008e-05 ,0 
605,15.1 ,5.38857e-05 ,0 
606,15.125 ,5.19414e-05 ,0 
607,15.15 ,5.00655e-05 ,0 
608,15.175 ,4.82557e-05 ,0 
609,15.2 ,4.65097e-05 ,0 
610,15.225 ,4.48254e-05 ,0 
611,15.25 ,4.32006e-05 ,0 
612,15.275 ,4.16333e-05 ,0 
613,15.3 ,4.01215e-05 ,0 
614,15.325 ,3.86633e-05 ,0 
615,15.35 ,3.72569e-05 ,0 
616,15.375 ,3.59004e-05 ,0 
617,15.4 ,3.45922e-05 ,0 
618,15.425 ,3.33305e-05 ,0 
619,15.45 ,3.21138e-05 ,0 
620,15.475 ,3.09405e-05 ,0 
621,15.5 ,2.98091e-05 ,0 
622,15.525 ,2.87181e-05 ,0 
623,15.55 ,2.76662e-05 ,0 
624,15.575 ,2.66519e-05 ,0 
625,15.6 ,2.5674e-05 ,0 
626,15.625 ,2.47312e-05 ,0 
627,15.65 ,2.38222e-05 ,0 
628,15.675 ,2.29459e-05 ,0 
629,15.7 ,2.21012e-05 ,0 
630,15.725 ,2.12869e-05 ,0 
631,15.75 ,2.05019e-05 ,0 
632,15.775 ,1.97453e-05 ,0 
633,15.8 ,1.9016e-05 ,0 
634,15.825 ,1.8313e-05 ,0 
635,15.85 ,1.76355e-05 ,0 
636,15.875 ,1.69826e-05 ,0 
637,15.9 ,1.63533e-05 ,0 
638,15.925 ,1.57469e-05 ,0 
639,15.95 ,1.51624e-05 ,0 
640,15.975 ,1.45993e-05 ,0 
641,16 ,1.40566e-05 ,0 
642,16.025 ,1.35337e-05 ,0 
643,16.05 ,1.30298e-05 ,0 
644,16.075 ,1.25444e-05 ,0 
645,16.1 ,1.20766e-05 ,0 
646,16.125 ,1.1626e-05 ,0 
647,16.15 ,1.11918e-05 ,0 
648,16.175 ,1.07735e-05 ,0 
649,16.2 ,1.03706e-05 ,0 
650,16.225 ,9.98244e-06 ,0 
651,16.25 ,9.60852e-06 ,0 
652,16.275 ,9.24835e-06 ,0 
653,16.3 ,8.90141e-06 ,0 
654,16.325 ,8.56725e-06 ,0 
655,16.35 ,8.24539e-06 ,0 
656,16.375 ,7.93539e-06 ,0 
657,16.4 ,7.63683e-06 ,0 
658,16.425 ,7.3493e-06 ,0 
659,16.45 ,7.07239e-06 ,0 
660,16.475 ,6.80572e-06 ,0 
661,16.5 ,6.54892e-06 ,0 
662,16.525 ,6.30163e-06 ,0 
663,16.55 ,6.06351e-06 ,0 
664,16.575 ,5.83423e-06 ,0 
665,16.6 ,5.61345e-06 ,0 
666,16.625 ,5.40089e-06 ,0 
667,16.65 ,5.19623e-06 ,0 
668,16.675 ,4.99918e-06 ,0 
669,16.7 ,4.80948e-06 ,0 
670,16.725 ,4.62684e-06 ,0 
671,16.75 ,4.45102e-06 ,0 
672,16.775 ,4.28177e-06 ,0 
673,16.8 ,4.11884e-06 ,0 
674,16.825 ,3.962e-06 ,0 
675,16.85 ,3.81102e-06 ,0 
676,16.875 ,3.66571e-06 ,0 
677,16.9 ,3.52584e-06 ,0 
678,16.925 ,3.39121e-06 ,0 
679,16.95 ,3.26164e-06 ,0 
680,16.975 ,3.13693e-06 ,0 
681,17 ,3.01691e-06 ,0 
682,17.025 ,2.9014e-06 ,0 
683,17.05 ,2.79025e-06 ,0 
684,17.075 ,2.68327e-06 ,0 
685,17.1 ,2.58033e-06 ,0 
686,17.125 ,2.48128e-06 ,0 
687,17.15 ,2.38596e-06 ,0 
688,17.175 ,2.29424e-06 ,0 
689,17.2 ,2.20599e-06 ,0 
690,17.225 ,2.12108e-06 ,0 
691,17.25 ,2.03938e-06 ,0 
692,17.275 ,1.96078e-06 ,0 
693,17.3 ,1.88515e-06 ,0 
694,17.325 ,1.81239e-06 ,0 
695,17.35 ,1.7424e-06 ,0 
696,17.375 ,1.67506e-06 ,0 
697,17.4 ,1.61028e-06 ,0 
698,17.425 ,1.54796e-06 ,0 
699,17.45 ,1.48802e-06 ,0 
700,17.475 ,1.43035e-06 ,0 
701,17.5 ,1.37489e-06 ,0 
702,17.525 ,1.32153e-06 ,0 
703,17.55 ,1.27021e-06 ,0 
704,17.575 ,1.22085e-06 ,0 
705,17.6 ,1.17338e-06 ,0 
706,17.625 ,1.12771e-06 ,0 
707,17.65 ,1.0838e-06 ,0 
708,17.675 ,1.04156e-06 ,0 
709,17.7 ,1.00094e-06 ,0 
710,17.725 ,9.61868e-07 ,0 
711,17.75 ,9.24297e-07 ,0 
712,17.775 ,8.88166e-07 ,0 
713,17.8 ,8.53419e-07 ,0 
714,17.825 ,8.20005e-07 ,0 
715,17.85 ,7.87873e-07 ,0 
716,17.875 ,7.56973e-07 ,0 
717,17.9 ,7.2726e-07 ,0 
718,17.925 ,6.98688e-07 ,0 
719,17.95 ,6.71214e-07 ,0 
720,17.975 ,6.44795e-07 ,0 
721,18 ,6.19392e-07 ,0 
722,18.025 ,5.94965e-07 ,0 
723,18.05 ,5.71478e-07 ,0 
724,18.075 ,5.48894e-07 ,0 
725,18.1 ,5.27178e-07 ,0 
726,18.125 ,5.06297e-07 ,0 
727,18.15 ,4.86219e-07 ,0 
728,18.175 ,4.66914e-07 ,0 
729,18.2 ,4.4835e-07 ,0 
730,18.225 ,4.305e-07 ,0 
731,18.25 ,4.13337e-07 ,0 
732,18.275 ,3.96832e-07 ,0 
733,18.3 ,3.80962e-07 ,0 
734,18.325 ,3.65701e-07 ,0 
735,18.35 ,3.51025e-07 ,0 
736,18.375 ,3.36911e-07 ,0 
737,18.4 ,3.23339e-07 ,0 
738,18.425 ,3.10285e-07 ,0 
739,18.45 ,2.97731e-07 ,0 
740,18.475 ,2.85656e-07 ,0 
741,18.5 ,2.74041e-07 ,0 
742,18.525 ,2.62869e-07 ,0 
743,18.55 ,2.52121e-07 ,0 
744,18.575 ,2.41781e-07 ,0 
745,18.6 ,2.31832e-07 ,0 
746,18.625 ,2.22259e-07 ,0 
747,18.65 ,2.13047e-07 ,0 
748,18.675 ,2.04181e-07 ,0 
749,18.7 ,1.95646e-07 ,0 
750,18.725 ,1.87431e-07 ,0 
751,18.75 ,1.7952e-07 ,0 
752,18.775 ,1.71903e-07 ,0 
753,18.8 ,1.64566e-07 ,0 
754,18.825 ,1.57498e-07 ,0 
755,18.85 ,1.50688e-07 ,0 
756,18.875 ,1.44125e-07 ,0 
757,18.9 ,1.37798e-07 ,0 
758,18.925 ,1.31697e-07 ,0 
759,18.95 ,1.25813e-07 ,0 
760,18.975 ,1.20136e-07 ,0 
761,19 ,1.14657e-07 ,0 
762,19.025 ,1.09366e-07 ,0 
763,19.05 ,1.04256e-07 ,0 
764,19.075 ,9.93188e-08 ,0 
765,19.1 ,9.45455e-08 ,0 
766,19.125 ,8.99286e-08 ,0 
767,19.15 ,8.54608e-08 ,0 
768,19.175 ,8.11347e-08 ,0 
769,19.2 ,7.69433e-08 ,0 
770,19.225 ,7.28798e-08 ,0 
771,19.25 ,6.89375e-08 ,0 
772,19.275 ,6.51101e-08 ,0 
773,19.3 ,6.13912e-08 ,0 
774,19.325 ,5.77747e-08 ,0 
775,19.35 ,5.42548e-08 ,0 
776,19.375 ,5.08255e-08 ,0 
777,19.4 ,4.74814e-08 ,0 
778,19.425 ,4.42167e-08 ,0 
779,19.45 ,4.10263e-08 ,0 
780,19.475 ,3.79046e-08 ,0 
781,19.5 ,3.48467e-08 ,0 
782,19.525 ,3.18474e-08 ,0 
783,19.55 ,2.89016e-08 ,0 
784,19.575 ,2.60046e-08 ,0 
785,19.6 ,2.31515e-08 ,0 
786,19.625 ,2.03374e-08 ,0 
787,19.65 ,1.75577e-08 ,0 
788,19.675 ,1.48077e-08 ,0 
789,19.7 ,1.20827e-08 ,0 
790,19.725 ,9.37824e-09 ,0 
791,19.75 ,6.68968e-09 ,0 
792,19.775 ,4.01247e-09 ,0 
793,19.8 ,1.34208e-09 ,0 
794,19.825 ,-1.32603e-09 ,0 
795,19.85 ,-3.99639e-09 ,0 
796,19.875 ,-6.67357e-09 ,0 
797,19.9 ,-9.36213e-09 ,0 
798,19.925 ,-1.20667e-08 ,0 
799,19.95 ,-1.47918e-08 ,0 
800,19.975 ,-1.75423e-08 ,0 
801,20 ,-2.03228e-08 ,0 
802,20.025 ,-2.31381e-08 ,0 
803,20.05 ,-2.59931e-08 ,0 
804,20.075 ,-2.88927e-08 ,0 
805,20.1 ,-3.18419e-08 ,0 
806,20.125 ,-3.48459e-08 ,0 
807,20.15 ,-3.79099e-08 ,0 
808,20.175 ,-4.10392e-08 ,0 
809,20.2 ,-4.42392e-08 ,0 
810,20.225 ,-4.75156e-08 ,0 
811,20.25 ,-5.0874e-08 ,0 
812,20.275 ,-5.43204e-08 ,0 
813,20.3 ,-5.78607e-08 ,0 
814,20.325 ,-6.15013e-08 ,0 
815,20.35 ,-6.52484e-08 ,0 
816,20.375 ,-6.91087e-08 ,0 
817,20.4 ,-7.3089e-08 ,0 
818,20.425 ,-7.71962e-08 ,0 
819,20.45 ,-8.14378e-08 ,0 
820,20.475 ,-8.5821e-08 ,0 
821,20.5 ,-9.03538e-08 ,0 
822,20.525 ,-9.50441e-08 ,0 
823,20.55 ,-9.99002e-08 ,0 
824,20.575 ,-1.04931e-07 ,0 
825,20.6 ,-1.10145e-07 ,0 
826,20.625 ,-1.15551e-07 ,0 
827,20.65 ,-1.2116e-07 ,0 
828,20.675 ,-1.26982e-07 ,0 
829,20.7 ,-1.33026e-07 ,0 
830,20.725 ,-1.39303e-07 ,0 
831,20.75 ,-1.45825e-07 ,0 
832,20.775 ,-1.52603e-07 ,0 
833,20.8 ,-1.5965e-07 ,0 
834,20.825 ,-1.66978e-07 ,0 
835,20.85 ,-1.74601e-07 ,0 
836,20.875 ,-1.82531e-07 ,0 
837,20.9 ,-1.90783e-07 ,0 
838,20.925 ,-1.99372e-07 ,0 
839,20.95 ,-2.08314e-07 ,0 
840,20.975 ,-2.17625e-07 ,0 
841,21 ,-2.2732e-07 ,0 
842,21.025 ,-2.37419e-07 ,0 
843,21.05 ,-2.47938e-07 ,0 
844,21.075 ,-2.58898e-07 ,0 
845,21.1 ,-2.70317e-07 ,0 
846,21.125 ,-2.82217e-07 ,0 
847,21.15 ,-2.94619e-07 ,0 
848,21.175 ,-3.07546e-07 ,0 
849,21.2 ,-3.21021e-07 ,0 
850,21.225 ,-3.35068e-07 ,0 
851,21.25 ,-3.49712e-07 ,0 
852,21.275 ,-3.64982e-07 ,0 
853,21.3 ,-3.80904e-07 ,0 
854,21.325 ,-3.97507e-07 ,0 
855,21.35 ,-4.14821e-07 ,0 
856,21.375 ,-4.32879e-07 ,0 
857,21.4 ,-4.51712e-07 ,0 
858,21.425 ,-4.71356e-07 ,0 
859,21.45 ,-4.91847e-07 ,0 
860,21.475 ,-5.1322e-07 ,0 
861,21.5 ,-5.35517e-07 ,0 
862,21.525 ,-5.58777e-07 ,0 
863,21.55 ,-5.83044e-07 ,0 
864,21.575 ,-6.08361e-07 ,0 
865,21.6 ,-6.34775e-07 ,0 
866,21.625 ,-6.62335e-07 ,0 
867,21.65 ,-6.91091e-07 ,0 
868,21.675 ,-7.21095e-07 ,0 
869,21.7 ,-7.52405e-07 ,0 
870,21.725 ,-7.85075e-07 ,0 
871,21.75 ,-8.19168e-07 ,0 
872,21.775 ,-8.54746e-07 ,0 
873,21.8 ,-8.91874e-07 ,0 
874,21.825 ,-9.3062e-07 ,0 
875,21.85 ,-9.71058e-07 ,0 
876,21.875 ,-1.01326e-06 ,0 
877,21.9 ,-1.05731e-06 ,0 
878,21.925 ,-1.10328e-06 ,0 
879,21.95 ,-1.15126e-06 ,0 
880,21.975 ,-1.20133e-06 ,0 
881,22 ,-1.2536e-06 ,0 
882,22.025 ,-1.30816e-06 ,0 
883,22.05 ,-1.36511e-06 ,0 
884,22.075 ,-1.42455e-06 ,0 
885,22.1 ,-1.4866e-06 ,0 
886,22.125 ,-1.55137e-06 ,0 
887,22.15 ,-1.61898e-06 ,0 
888,22.175 ,-1.68956e-06 ,0 
889,22.2 ,-1.76324e-06 ,0 
890,22.225 ,-1.84016e-06 ,0 
891,22.25 ,-1.92045e-06 ,0 
892,22.275 ,-2.00428e-06 ,0 
893,22.3 ,-2.09179e-06 ,0 
894,22.325 ,-2.18315e-06 ,0 
895,22.35 ,-2.27853e-06 ,0 
896,22.375 ,-2.37811e-06 ,0 
897,22.4 ,-2.48208e-06 ,0 
898,22.425 ,-2.59063e-06 ,0 
899,22.45 ,-2.70396e-06 ,0 
900,22.475 ,-2.82229e-06 ,0 
901,22.5 ,-2.94583e-06 ,0 
902,22.525 ,-3.07483e-06 ,0 
903,22.55 ,-3.20952e-06 ,0 
904,22.575 ,-3.35016e-06 ,0 
905,22.6 ,-3.49701e-06 ,0 
906,22.625 ,-3.65034e-06 ,0 
907,22.65 ,-3.81046e-06 ,0 
908,22.675 ,-3.97765e-06 ,0 
909,22.7 ,-4.15223e-06 ,0 
910,22.725 ,-4.33454e-06 ,0 
911,22.75 ,-4.52491e-06 ,0 
912,22.775 ,-4.72372e-06 ,0 
913,22.8 ,-4.93132e-06 ,0 
914,22.825 ,-5.14812e-06 ,0 
915,22.85 ,-5.37453e-06 ,0 
916,22.875 ,-5.61097e-06 ,0 
917,22.9 ,-5.8579e-06 ,0 
918,22.925 ,-6.11577e-06 ,0 
919,22.95 ,-6.38509e-06 ,0 
920,22.975 ,-6.66636e-06 ,0 
921,23 ,-6.96012e-06 ,0 
922,23.025 ,-7.26692e-06 ,0 
923,23.05 ,-7.58734e-06 ,0 
924,23.075 ,-7.92201e-06 ,0 
925,23.1 ,-8.27155e-06 ,0 
926,23.125 ,-8.63663e-06 ,0 
927,23.15 ,-9.01795e-06 ,0 
928,23.175 ,-9.41623e-06 ,0 
929,23.2 ,-9.83224e-06 ,0 
930,23.225 ,-1.02668e-05 ,0 
931,23.25 ,-1.07206e-05 ,0 
932,23.275 ,-1.11947e-05 ,0 
933,23.3 ,-1.16899e-05 ,0 
934,23.325 ,-1.22072e-05 ,0 
935,23.35 ,-1.27476e-05 ,0 
936,23.375 ,-1.3312e-05 ,0 
937,23.4 ,-1.39016e-05 ,0 
938,23.425 ,-1.45175e-05 ,0 
939,23.45 ,-1.5161e-05 ,0 
940,23.475 ,-1.58331e-05 ,0 
941,23.5 ,-1.65353e-05 ,0 
942,23.525 ,-1.72688e-05 ,0 
943,23.55 ,-1.80351e-05 ,0 
944,23.575 ,-1.88357e-05 ,0 
945,23.6 ,-1.9672e-05 ,0 
946,23.625 ,-2.05458e-05 ,0 
947,23.65 ,-2.14586e-05 ,0 
948,23.675 ,-2.24123e-05 ,0 
949,23.7 ,-2.34087e-05 ,0 
950,23.725 ,-2.44497e-05 ,0 
951,23.75 ,-2.55374e-05 ,0 
952,23.775 ,-2.66737e-05 ,0 
953,23.8 ,-2.7861e-05 ,0 
954,23.825 ,-2.91015e-05 ,0 
955,23.85 ,-3.03977e-05 ,0 
956,23.875 ,-3.17519e-05 ,0 
957,23.9 ,-3.31669e-05 ,0 
958,23.925 ,-3.46455e-05 ,0 
959,23.95 ,-3.61904e-05 ,0 
960,23.975 ,-3.78046e-05 ,0 
961,24 ,-3.94914e-05 ,0 
962,24.025 ,-4.12539e-05 ,0 
963,24.05 ,-4.30957e-05 ,0 
964,24.075 ,-4.50202e-05 ,0 
965,24.1 ,-4.70313e-05 ,0 
966,24.125 ,-4.91328e-05 ,0 
967,24.15 ,-5.13289e-05 ,0 
968,24.175 ,-5.36238e-05 ,0 
969,24.2 ,-5.60219e-05 ,0 
970,24.225 ,-5.85281e-05 ,0 
971,24.25 ,-6.11471e-05 ,0 
972,24.275 ,-6.38842e-05 ,0 
973,24.3 ,-6.67445e-05 ,0 
974,24.325 ,-6.97338e-05 ,0 
975,24.35 ,-7.28578e-05 ,0 
976,24.375 ,-7.61228e-05 ,0 
977,24.4 ,-7.9535e-05 ,0 
978,24.425 ,-8.31011e-05 ,0 
979,24.45 ,-8.68283e-05 ,0 
980,24.475 ,-9.07236e-05 ,0 
981,24.5 ,-9.47949e-05 ,0 
982,24.525 ,-9.90501e-05 ,0 
983,24.55 ,-0.000103498 ,0 
984,24.575 ,-0.000108146 ,0 
985,24.6 ,-0.000113004 ,0 
986,24.625 ,-0.000118083 ,0 
987,24.65 ,-0.000123391 ,0 
988,24.675 ,-0.000128939 ,0 
989,24.7 ,-0.000134738 ,0 
990,24.725 ,-0.000140799 ,0 
991,24.75 ,-0.000147135 ,0 
992,24.775 ,-0.000153758 ,0 
993,24.8 ,-0.000160681 ,0 
994,24.825 ,-0.000167918 ,0 
995,24.85 ,-0.000175482 ,0 
996,24.875 ,-0.00018339 ,0 
997,24.9 ,-0.000191656 ,0 
998,24.925 ,-0.000200296 ,0 
999,24.95 ,-0.000209329 ,0 
1000,24.975 ,-0.000218772 ,0 