
1,0.025 ,4.23902e-06 ,0 
2,0.05 ,4.23902e-06 ,0 
3,0.075 ,8.97547e-06 ,0 
4,0.1 ,1.58408e-05 ,0 
5,0.125 ,2.47085e-05 ,0 
6,0.15 ,3.55544e-05 ,0 
7,0.175 ,4.83689e-05 ,0 
8,0.2 ,6.31461e-05 ,0 
9,0.225 ,7.98802e-05 ,0 
10,0.25 ,9.85655e-05 ,0 
11,0.275 ,0.000119196 ,0 
12,0.3 ,0.000141764 ,0 
13,0.325 ,0.000166263 ,0 
14,0.35 ,0.000192685 ,0 
15,0.375 ,0.000221022 ,0 
16,0.4 ,0.000251264 ,0 
17,0.425 ,0.000283401 ,0 
18,0.45 ,0.000317423 ,0 
19,0.475 ,0.000353319 ,0 
20,0.5 ,0.000391078 ,0 
21,0.525 ,0.000430687 ,0 
22,0.55 ,0.000472134 ,0 
23,0.575 ,0.000515405 ,0 
24,0.6 ,0.000560487 ,0 
25,0.625 ,0.000607364 ,0 
26,0.65 ,0.000656023 ,0 
27,0.675 ,0.000706447 ,0 
28,0.7 ,0.00075862 ,0 
29,0.725 ,0.000812526 ,0 
30,0.75 ,0.000868147 ,0 
31,0.775 ,0.000925466 ,0 
32,0.8 ,0.000984463 ,0 
33,0.825 ,0.00104512 ,0 
34,0.85 ,0.00110742 ,0 
35,0.875 ,0.00117134 ,0 
36,0.9 ,0.00123686 ,0 
37,0.925 ,0.00130397 ,0 
38,0.95 ,0.00137263 ,0 
39,0.975 ,0.00144283 ,0 
40,1 ,0.00151454 ,0 
41,1.025 ,0.00158775 ,0 
42,1.05 ,0.00166242 ,0 
43,1.075 ,0.00173854 ,0 
44,1.1 ,0.00181609 ,0 
45,1.125 ,0.00189503 ,0 
46,1.15 ,0.00197534 ,0 
47,1.175 ,0.002057 ,0 
48,1.2 ,0.00213998 ,0 
49,1.225 ,0.00222426 ,0 
50,1.25 ,0.00230981 ,0 
51,1.275 ,0.0023966 ,0 
52,1.3 ,0.00248461 ,0 
53,1.325 ,0.00257381 ,0 
54,1.35 ,0.00266417 ,0 
55,1.375 ,0.00275566 ,0 
56,1.4 ,0.00284826 ,0 
57,1.425 ,0.00294193 ,0 
58,1.45 ,0.00303666 ,0 
59,1.475 ,0.0031324 ,0 
60,1.5 ,0.00322913 ,0 
61,1.525 ,0.00332682 ,0 
62,1.55 ,0.00342544 ,0 
63,1.575 ,0.00352496 ,0 
64,1.6 ,0.00362535 ,0 
65,1.625 ,0.00372658 ,0 
66,1.65 ,0.00382861 ,0 
67,1.675 ,0.00393143 ,0 
68,1.7 ,0.00403499 ,0 
69,1.725 ,0.00413927 ,0 
70,1.75 ,0.00424424 ,0 
71,1.775 ,0.00434986 ,0 
72,1.8 ,0.0044561 ,0 
73,1.825 ,0.00456293 ,0 
74,1.85 ,0.00467032 ,0 
75,1.875 ,0.00477823 ,0 
76,1.9 ,0.00488664 ,0 
77,1.925 ,0.00499552 ,0 
78,1.95 ,0.00510482 ,0 
79,1.975 ,0.00521453 ,0 
80,2 ,0.0053246 ,0 
81,2.025 ,0.00543501 ,0 
82,2.05 ,0.00554572 ,0 
83,2.075 ,0.0056567 ,0 
84,2.1 ,0.00576793 ,0 
85,2.125 ,0.00587936 ,0 
86,2.15 ,0.00599096 ,0 
87,2.175 ,0.00610271 ,0 
88,2.2 ,0.00621458 ,0 
89,2.225 ,0.00632652 ,0 
90,2.25 ,0.00643851 ,0 
91,2.275 ,0.00655053 ,0 
92,2.3 ,0.00666252 ,0 
93,2.325 ,0.00677448 ,0 
94,2.35 ,0.00688635 ,0 
95,2.375 ,0.00699812 ,0 
96,2.4 ,0.00710975 ,0 
97,2.425 ,0.00722122 ,0 
98,2.45 ,0.00733248 ,0 
99,2.475 ,0.00744352 ,0 
100,2.5 ,0.0075543 ,0 
101,2.525 ,0.00766479 ,0 
102,2.55 ,0.00777496 ,0 
103,2.575 ,0.00788479 ,0 
104,2.6 ,0.00799423 ,0 
105,2.625 ,0.00810328 ,0 
106,2.65 ,0.00821188 ,0 
107,2.675 ,0.00832003 ,0 
108,2.7 ,0.00842768 ,0 
109,2.725 ,0.00853482 ,0 
110,2.75 ,0.00864141 ,0 
111,2.775 ,0.00874743 ,0 
112,2.8 ,0.00885285 ,0 
113,2.825 ,0.00895764 ,0 
114,2.85 ,0.00906177 ,0 
115,2.875 ,0.00916523 ,0 
116,2.9 ,0.00926799 ,0 
117,2.925 ,0.00937001 ,0 
118,2.95 ,0.00947128 ,0 
119,2.975 ,0.00957177 ,0 
120,3 ,0.00967146 ,0 
121,3.025 ,0.00977032 ,0 
122,3.05 ,0.00986832 ,0 
123,3.075 ,0.00996546 ,0 
124,3.1 ,0.0100617 ,0 
125,3.125 ,0.010157 ,0 
126,3.15 ,0.0102514 ,0 
127,3.175 ,0.0103448 ,0 
128,3.2 ,0.0104372 ,0 
129,3.225 ,0.0105287 ,0 
130,3.25 ,0.0106191 ,0 
131,3.275 ,0.0107085 ,0 
132,3.3 ,0.0107968 ,0 
133,3.325 ,0.010884 ,0 
134,3.35 ,0.0109701 ,0 
135,3.375 ,0.0110551 ,0 
136,3.4 ,0.011139 ,0 
137,3.425 ,0.0112217 ,0 
138,3.45 ,0.0113032 ,0 
139,3.475 ,0.0113836 ,0 
140,3.5 ,0.0114627 ,0 
141,3.525 ,0.0115407 ,0 
142,3.55 ,0.0116174 ,0 
143,3.575 ,0.0116928 ,0 
144,3.6 ,0.011767 ,0 
145,3.625 ,0.0118399 ,0 
146,3.65 ,0.0119116 ,0 
147,3.675 ,0.0119819 ,0 
148,3.7 ,0.012051 ,0 
149,3.725 ,0.0121187 ,0 
150,3.75 ,0.012185 ,0 
151,3.775 ,0.0122501 ,0 
152,3.8 ,0.0123138 ,0 
153,3.825 ,0.0123761 ,0 
154,3.85 ,0.012437 ,0 
155,3.875 ,0.0124966 ,0 
156,3.9 ,0.0125547 ,0 
157,3.925 ,0.0126115 ,0 
158,3.95 ,0.0126669 ,0 
159,3.975 ,0.0127208 ,0 
160,4 ,0.0127734 ,0 
161,4.025 ,0.0128245 ,0 
162,4.05 ,0.0128742 ,0 
163,4.075 ,0.0129224 ,0 
164,4.1 ,0.0129693 ,0 
165,4.125 ,0.0130146 ,0 
166,4.15 ,0.0130586 ,0 
167,4.175 ,0.013101 ,0 
168,4.2 ,0.0131421 ,0 
169,4.225 ,0.0131816 ,0 
170,4.25 ,0.0132198 ,0 
171,4.275 ,0.0132564 ,0 
172,4.3 ,0.0132916 ,0 
173,4.325 ,0.0133254 ,0 
174,4.35 ,0.0133577 ,0 
175,4.375 ,0.0133885 ,0 
176,4.4 ,0.0134179 ,0 
177,4.425 ,0.0134458 ,0 
178,4.45 ,0.0134723 ,0 
179,4.475 ,0.0134974 ,0 
180,4.5 ,0.0135209 ,0 
181,4.525 ,0.0135431 ,0 
182,4.55 ,0.0135638 ,0 
183,4.575 ,0.013583 ,0 
184,4.6 ,0.0136009 ,0 
185,4.625 ,0.0136173 ,0 
186,4.65 ,0.0136322 ,0 
187,4.675 ,0.0136458 ,0 
188,4.7 ,0.0136579 ,0 
189,4.725 ,0.0136687 ,0 
190,4.75 ,0.013678 ,0 
191,4.775 ,0.013686 ,0 
192,4.8 ,0.0136926 ,0 
193,4.825 ,0.0136978 ,0 
194,4.85 ,0.0137016 ,0 
195,4.875 ,0.013704 ,0 
196,4.9 ,0.0137052 ,0 
197,4.925 ,0.0137049 ,0 
198,4.95 ,0.0137034 ,0 
199,4.975 ,0.0137005 ,0 
200,5 ,0.0136963 ,0 
201,5.025 ,0.0136908 ,0 
202,5.05 ,0.013684 ,0 
203,5.075 ,0.0136759 ,0 
204,5.1 ,0.0136665 ,0 
205,5.125 ,0.0136559 ,0 
206,5.15 ,0.013644 ,0 
207,5.175 ,0.0136309 ,0 
208,5.2 ,0.0136165 ,0 
209,5.225 ,0.0136009 ,0 
210,5.25 ,0.0135841 ,0 
211,5.275 ,0.0135661 ,0 
212,5.3 ,0.0135469 ,0 
213,5.325 ,0.0135265 ,0 
214,5.35 ,0.013505 ,0 
215,5.375 ,0.0134823 ,0 
216,5.4 ,0.0134584 ,0 
217,5.425 ,0.0134334 ,0 
218,5.45 ,0.0134073 ,0 
219,5.475 ,0.01338 ,0 
220,5.5 ,0.0133516 ,0 
221,5.525 ,0.0133222 ,0 
222,5.55 ,0.0132916 ,0 
223,5.575 ,0.01326 ,0 
224,5.6 ,0.0132272 ,0 
225,5.625 ,0.0131935 ,0 
226,5.65 ,0.0131587 ,0 
227,5.675 ,0.0131228 ,0 
228,5.7 ,0.0130859 ,0 
229,5.725 ,0.013048 ,0 
230,5.75 ,0.0130091 ,0 
231,5.775 ,0.0129692 ,0 
232,5.8 ,0.0129284 ,0 
233,5.825 ,0.0128865 ,0 
234,5.85 ,0.0128437 ,0 
235,5.875 ,0.0127999 ,0 
236,5.9 ,0.0127552 ,0 
237,5.925 ,0.0127096 ,0 
238,5.95 ,0.0126631 ,0 
239,5.975 ,0.0126156 ,0 
240,6 ,0.0125672 ,0 
241,6.025 ,0.012518 ,0 
242,6.05 ,0.0124679 ,0 
243,6.075 ,0.0124169 ,0 
244,6.1 ,0.012365 ,0 
245,6.125 ,0.0123123 ,0 
246,6.15 ,0.0122588 ,0 
247,6.175 ,0.0122045 ,0 
248,6.2 ,0.0121493 ,0 
249,6.225 ,0.0120934 ,0 
250,6.25 ,0.0120366 ,0 
251,6.275 ,0.0119791 ,0 
252,6.3 ,0.0119208 ,0 
253,6.325 ,0.0118617 ,0 
254,6.35 ,0.0118019 ,0 
255,6.375 ,0.0117414 ,0 
256,6.4 ,0.0116801 ,0 
257,6.425 ,0.0116181 ,0 
258,6.45 ,0.0115554 ,0 
259,6.475 ,0.0114921 ,0 
260,6.5 ,0.011428 ,0 
261,6.525 ,0.0113632 ,0 
262,6.55 ,0.0112978 ,0 
263,6.575 ,0.0112318 ,0 
264,6.6 ,0.0111651 ,0 
265,6.625 ,0.0110977 ,0 
266,6.65 ,0.0110298 ,0 
267,6.675 ,0.0109612 ,0 
268,6.7 ,0.010892 ,0 
269,6.725 ,0.0108223 ,0 
270,6.75 ,0.0107519 ,0 
271,6.775 ,0.010681 ,0 
272,6.8 ,0.0106096 ,0 
273,6.825 ,0.0105375 ,0 
274,6.85 ,0.010465 ,0 
275,6.875 ,0.0103919 ,0 
276,6.9 ,0.0103183 ,0 
277,6.925 ,0.0102442 ,0 
278,6.95 ,0.0101696 ,0 
279,6.975 ,0.0100945 ,0 
280,7 ,0.0100189 ,0 
281,7.025 ,0.00994283 ,0 
282,7.05 ,0.00986632 ,0 
283,7.075 ,0.00978937 ,0 
284,7.1 ,0.00971197 ,0 
285,7.125 ,0.00963415 ,0 
286,7.15 ,0.0095559 ,0 
287,7.175 ,0.00947725 ,0 
288,7.2 ,0.00939819 ,0 
289,7.225 ,0.00931875 ,0 
290,7.25 ,0.00923893 ,0 
291,7.275 ,0.00915873 ,0 
292,7.3 ,0.00907818 ,0 
293,7.325 ,0.00899727 ,0 
294,7.35 ,0.00891602 ,0 
295,7.375 ,0.00883444 ,0 
296,7.4 ,0.00875253 ,0 
297,7.425 ,0.00867031 ,0 
298,7.45 ,0.00858779 ,0 
299,7.475 ,0.00850497 ,0 
300,7.5 ,0.00842186 ,0 
301,7.525 ,0.00833848 ,0 
302,7.55 ,0.00825483 ,0 
303,7.575 ,0.00817092 ,0 
304,7.6 ,0.00808676 ,0 
305,7.625 ,0.00800236 ,0 
306,7.65 ,0.00791773 ,0 
307,7.675 ,0.00783287 ,0 
308,7.7 ,0.00774781 ,0 
309,7.725 ,0.00766253 ,0 
310,7.75 ,0.00757706 ,0 
311,7.775 ,0.0074914 ,0 
312,7.8 ,0.00740557 ,0 
313,7.825 ,0.00731956 ,0 
314,7.85 ,0.00723339 ,0 
315,7.875 ,0.00714706 ,0 
316,7.9 ,0.0070606 ,0 
317,7.925 ,0.00697399 ,0 
318,7.95 ,0.00688726 ,0 
319,7.975 ,0.0068004 ,0 
320,8 ,0.00671344 ,0 
321,8.025 ,0.00662637 ,0 
322,8.05 ,0.00653921 ,0 
323,8.075 ,0.00645195 ,0 
324,8.1 ,0.00636462 ,0 
325,8.125 ,0.00627722 ,0 
326,8.15 ,0.00618976 ,0 
327,8.175 ,0.00610223 ,0 
328,8.2 ,0.00601466 ,0 
329,8.225 ,0.00592706 ,0 
330,8.25 ,0.00583941 ,0 
331,8.275 ,0.00575175 ,0 
332,8.3 ,0.00566406 ,0 
333,8.325 ,0.00557637 ,0 
334,8.35 ,0.00548868 ,0 
335,8.375 ,0.00540099 ,0 
336,8.4 ,0.00531331 ,0 
337,8.425 ,0.00522565 ,0 
338,8.45 ,0.00513802 ,0 
339,8.475 ,0.00505043 ,0 
340,8.5 ,0.00496287 ,0 
341,8.525 ,0.00487537 ,0 
342,8.55 ,0.00478792 ,0 
343,8.575 ,0.00470053 ,0 
344,8.6 ,0.00461322 ,0 
345,8.625 ,0.00452597 ,0 
346,8.65 ,0.00443882 ,0 
347,8.675 ,0.00435175 ,0 
348,8.7 ,0.00426478 ,0 
349,8.725 ,0.00417791 ,0 
350,8.75 ,0.00409115 ,0 
351,8.775 ,0.00400451 ,0 
352,8.8 ,0.00391799 ,0 
353,8.825 ,0.0038316 ,0 
354,8.85 ,0.00374535 ,0 
355,8.875 ,0.00365924 ,0 
356,8.9 ,0.00357327 ,0 
357,8.925 ,0.00348746 ,0 
358,8.95 ,0.00340181 ,0 
359,8.975 ,0.00331633 ,0 
360,9 ,0.00323102 ,0 
361,9.025 ,0.00314588 ,0 
362,9.05 ,0.00306094 ,0 
363,9.075 ,0.00297618 ,0 
364,9.1 ,0.00289161 ,0 
365,9.125 ,0.00280725 ,0 
366,9.15 ,0.0027231 ,0 
367,9.175 ,0.00263915 ,0 
368,9.2 ,0.00255543 ,0 
369,9.225 ,0.00247193 ,0 
370,9.25 ,0.00238866 ,0 
371,9.275 ,0.00230562 ,0 
372,9.3 ,0.00222282 ,0 
373,9.325 ,0.00214027 ,0 
374,9.35 ,0.00205796 ,0 
375,9.375 ,0.00197591 ,0 
376,9.4 ,0.00189413 ,0 
377,9.425 ,0.0018126 ,0 
378,9.45 ,0.00173135 ,0 
379,9.475 ,0.00165037 ,0 
380,9.5 ,0.00156967 ,0 
381,9.525 ,0.00148926 ,0 
382,9.55 ,0.00140914 ,0 
383,9.575 ,0.00132931 ,0 
384,9.6 ,0.00124977 ,0 
385,9.625 ,0.00117054 ,0 
386,9.65 ,0.00109162 ,0 
387,9.675 ,0.00101301 ,0 
388,9.7 ,0.000934722 ,0 
389,9.725 ,0.00085675 ,0 
390,9.75 ,0.000779102 ,0 
391,9.775 ,0.000701784 ,0 
392,9.8 ,0.000624799 ,0 
393,9.825 ,0.000548152 ,0 
394,9.85 ,0.000471846 ,0 
395,9.875 ,0.000395885 ,0 
396,9.9 ,0.000320274 ,0 
397,9.925 ,0.000245016 ,0 
398,9.95 ,0.000170115 ,0 
399,9.975 ,9.55747e-05 ,0 
400,10 ,2.13988e-05 ,0 
401,10.025 ,-5.24089e-05 ,0 
402,10.05 ,-0.000125845 ,0 
403,10.075 ,-0.000198906 ,0 
404,10.1 ,-0.000271588 ,0 
405,10.125 ,-0.000343888 ,0 
406,10.15 ,-0.000415802 ,0 
407,10.175 ,-0.000487328 ,0 
408,10.2 ,-0.000558461 ,0 
409,10.225 ,-0.000629199 ,0 
410,10.25 ,-0.000699539 ,0 
411,10.275 ,-0.000769476 ,0 
412,10.3 ,-0.00083901 ,0 
413,10.325 ,-0.000908135 ,0 
414,10.35 ,-0.00097685 ,0 
415,10.375 ,-0.00104515 ,0 
416,10.4 ,-0.00111304 ,0 
417,10.425 ,-0.0011805 ,0 
418,10.45 ,-0.00124755 ,0 
419,10.475 ,-0.00131416 ,0 
420,10.5 ,-0.00138036 ,0 
421,10.525 ,-0.00144612 ,0 
422,10.55 ,-0.00151145 ,0 
423,10.575 ,-0.00157634 ,0 
424,10.6 ,-0.0016408 ,0 
425,10.625 ,-0.00170482 ,0 
426,10.65 ,-0.00176839 ,0 
427,10.675 ,-0.00183152 ,0 
428,10.7 ,-0.00189421 ,0 
429,10.725 ,-0.00195644 ,0 
430,10.75 ,-0.00201823 ,0 
431,10.775 ,-0.00207956 ,0 
432,10.8 ,-0.00214044 ,0 
433,10.825 ,-0.00220086 ,0 
434,10.85 ,-0.00226082 ,0 
435,10.875 ,-0.00232032 ,0 
436,10.9 ,-0.00237935 ,0 
437,10.925 ,-0.00243793 ,0 
438,10.95 ,-0.00249603 ,0 
439,10.975 ,-0.00255367 ,0 
440,11 ,-0.00261084 ,0 
441,11.025 ,-0.00266753 ,0 
442,11.05 ,-0.00272376 ,0 
443,11.075 ,-0.00277951 ,0 
444,11.1 ,-0.00283478 ,0 
445,11.125 ,-0.00288957 ,0 
446,11.15 ,-0.00294389 ,0 
447,11.175 ,-0.00299773 ,0 
448,11.2 ,-0.00305108 ,0 
449,11.225 ,-0.00310396 ,0 
450,11.25 ,-0.00315634 ,0 
451,11.275 ,-0.00320825 ,0 
452,11.3 ,-0.00325966 ,0 
453,11.325 ,-0.00331059 ,0 
454,11.35 ,-0.00336104 ,0 
455,11.375 ,-0.00341099 ,0 
456,11.4 ,-0.00346045 ,0 
457,11.425 ,-0.00350942 ,0 
458,11.45 ,-0.0035579 ,0 
459,11.475 ,-0.00360588 ,0 
460,11.5 ,-0.00365338 ,0 
461,11.525 ,-0.00370037 ,0 
462,11.55 ,-0.00374688 ,0 
463,11.575 ,-0.00379288 ,0 
464,11.6 ,-0.00383839 ,0 
465,11.625 ,-0.00388341 ,0 
466,11.65 ,-0.00392792 ,0 
467,11.675 ,-0.00397194 ,0 
468,11.7 ,-0.00401546 ,0 
469,11.725 ,-0.00405847 ,0 
470,11.75 ,-0.00410099 ,0 
471,11.775 ,-0.00414302 ,0 
472,11.8 ,-0.00418454 ,0 
473,11.825 ,-0.00422555 ,0 
474,11.85 ,-0.00426607 ,0 
475,11.875 ,-0.00430609 ,0 
476,11.9 ,-0.00434561 ,0 
477,11.925 ,-0.00438463 ,0 
478,11.95 ,-0.00442314 ,0 
479,11.975 ,-0.00446115 ,0 
480,12 ,-0.00449867 ,0 
481,12.025 ,-0.00453568 ,0 
482,12.05 ,-0.00457219 ,0 
483,12.075 ,-0.0046082 ,0 
484,12.1 ,-0.00464371 ,0 
485,12.125 ,-0.00467871 ,0 
486,12.15 ,-0.00471322 ,0 
487,12.175 ,-0.00474723 ,0 
488,12.2 ,-0.00478073 ,0 
489,12.225 ,-0.00481374 ,0 
490,12.25 ,-0.00484624 ,0 
491,12.275 ,-0.00487825 ,0 
492,12.3 ,-0.00490976 ,0 
493,12.325 ,-0.00494077 ,0 
494,12.35 ,-0.00497128 ,0 
495,12.375 ,-0.0050013 ,0 
496,12.4 ,-0.00503082 ,0 
497,12.425 ,-0.00505984 ,0 
498,12.45 ,-0.00508836 ,0 
499,12.475 ,-0.00511639 ,0 
500,12.5 ,-0.00514393 ,0 
501,12.525 ,-0.00517097 ,0 
502,12.55 ,-0.00519752 ,0 
503,12.575 ,-0.00522358 ,0 
504,12.6 ,-0.00524914 ,0 
505,12.625 ,-0.00527422 ,0 
506,12.65 ,-0.0052988 ,0 
507,12.675 ,-0.0053229 ,0 
508,12.7 ,-0.0053465 ,0 
509,12.725 ,-0.00536962 ,0 
510,12.75 ,-0.00539226 ,0 
511,12.775 ,-0.0054144 ,0 
512,12.8 ,-0.00543607 ,0 
513,12.825 ,-0.00545724 ,0 
514,12.85 ,-0.00547794 ,0 
515,12.875 ,-0.00549816 ,0 
516,12.9 ,-0.00551789 ,0 
517,12.925 ,-0.00553715 ,0 
518,12.95 ,-0.00555593 ,0 
519,12.975 ,-0.00557423 ,0 
520,13 ,-0.00559205 ,0 
521,13.025 ,-0.0056094 ,0 
522,13.05 ,-0.00562628 ,0 
523,13.075 ,-0.00564269 ,0 
524,13.1 ,-0.00565862 ,0 
525,13.125 ,-0.00567409 ,0 
526,13.15 ,-0.00568909 ,0 
527,13.175 ,-0.00570362 ,0 
528,13.2 ,-0.00571768 ,0 
529,13.225 ,-0.00573128 ,0 
530,13.25 ,-0.00574442 ,0 
531,13.275 ,-0.0057571 ,0 
532,13.3 ,-0.00576932 ,0 
533,13.325 ,-0.00578108 ,0 
534,13.35 ,-0.00579239 ,0 
535,13.375 ,-0.00580324 ,0 
536,13.4 ,-0.00581363 ,0 
537,13.425 ,-0.00582358 ,0 
538,13.45 ,-0.00583307 ,0 
539,13.475 ,-0.00584212 ,0 
540,13.5 ,-0.00585072 ,0 
541,13.525 ,-0.00585887 ,0 
542,13.55 ,-0.00586658 ,0 
543,13.575 ,-0.00587385 ,0 
544,13.6 ,-0.00588068 ,0 
545,13.625 ,-0.00588707 ,0 
546,13.65 ,-0.00589302 ,0 
547,13.675 ,-0.00589854 ,0 
548,13.7 ,-0.00590362 ,0 
549,13.725 ,-0.00590828 ,0 
550,13.75 ,-0.0059125 ,0 
551,13.775 ,-0.0059163 ,0 
552,13.8 ,-0.00591967 ,0 
553,13.825 ,-0.00592261 ,0 
554,13.85 ,-0.00592514 ,0 
555,13.875 ,-0.00592724 ,0 
556,13.9 ,-0.00592893 ,0 
557,13.925 ,-0.0059302 ,0 
558,13.95 ,-0.00593106 ,0 
559,13.975 ,-0.0059315 ,0 
560,14 ,-0.00593153 ,0 
561,14.025 ,-0.00593116 ,0 
562,14.05 ,-0.00593038 ,0 
563,14.075 ,-0.00592919 ,0 
564,14.1 ,-0.00592761 ,0 
565,14.125 ,-0.00592562 ,0 
566,14.15 ,-0.00592323 ,0 
567,14.175 ,-0.00592045 ,0 
568,14.2 ,-0.00591728 ,0 
569,14.225 ,-0.00591371 ,0 
570,14.25 ,-0.00590975 ,0 
571,14.275 ,-0.00590541 ,0 
572,14.3 ,-0.00590068 ,0 
573,14.325 ,-0.00589556 ,0 
574,14.35 ,-0.00589007 ,0 
575,14.375 ,-0.0058842 ,0 
576,14.4 ,-0.00587795 ,0 
577,14.425 ,-0.00587132 ,0 
578,14.45 ,-0.00586433 ,0 
579,14.475 ,-0.00585696 ,0 
580,14.5 ,-0.00584923 ,0 
581,14.525 ,-0.00584113 ,0 
582,14.55 ,-0.00583266 ,0 
583,14.575 ,-0.00582384 ,0 
584,14.6 ,-0.00581466 ,0 
585,14.625 ,-0.00580512 ,0 
586,14.65 ,-0.00579523 ,0 
587,14.675 ,-0.00578498 ,0 
588,14.7 ,-0.00577439 ,0 
589,14.725 ,-0.00576344 ,0 
590,14.75 ,-0.00575216 ,0 
591,14.775 ,-0.00574053 ,0 
592,14.8 ,-0.00572856 ,0 
593,14.825 ,-0.00571625 ,0 
594,14.85 ,-0.00570361 ,0 
595,14.875 ,-0.00569064 ,0 
596,14.9 ,-0.00567733 ,0 
597,14.925 ,-0.0056637 ,0 
598,14.95 ,-0.00564974 ,0 
599,14.975 ,-0.00563545 ,0 
600,15 ,-0.00562085 ,0 
601,15.025 ,-0.00560592 ,0 
602,15.05 ,-0.00559069 ,0 
603,15.075 ,-0.00557513 ,0 
604,15.1 ,-0.00555927 ,0 
605,15.125 ,-0.00554309 ,0 
606,15.15 ,-0.00552661 ,0 
607,15.175 ,-0.00550983 ,0 
608,15.2 ,-0.00549274 ,0 
609,15.225 ,-0.00547536 ,0 
610,15.25 ,-0.00545767 ,0 
611,15.275 ,-0.0054397 ,0 
612,15.3 ,-0.00542143 ,0 
613,15.325 ,-0.00540287 ,0 
614,15.35 ,-0.00538403 ,0 
615,15.375 ,-0.0053649 ,0 
616,15.4 ,-0.00534549 ,0 
617,15.425 ,-0.0053258 ,0 
618,15.45 ,-0.00530583 ,0 
619,15.475 ,-0.00528559 ,0 
620,15.5 ,-0.00526508 ,0 
621,15.525 ,-0.0052443 ,0 
622,15.55 ,-0.00522325 ,0 
623,15.575 ,-0.00520193 ,0 
624,15.6 ,-0.00518036 ,0 
625,15.625 ,-0.00515852 ,0 
626,15.65 ,-0.00513643 ,0 
627,15.675 ,-0.00511408 ,0 
628,15.7 ,-0.00509149 ,0 
629,15.725 ,-0.00506864 ,0 
630,15.75 ,-0.00504554 ,0 
631,15.775 ,-0.0050222 ,0 
632,15.8 ,-0.00499862 ,0 
633,15.825 ,-0.0049748 ,0 
634,15.85 ,-0.00495075 ,0 
635,15.875 ,-0.00492646 ,0 
636,15.9 ,-0.00490193 ,0 
637,15.925 ,-0.00487718 ,0 
638,15.95 ,-0.0048522 ,0 
639,15.975 ,-0.004827 ,0 
640,16 ,-0.00480158 ,0 
641,16.025 ,-0.00477593 ,0 
642,16.05 ,-0.00475007 ,0 
643,16.075 ,-0.004724 ,0 
644,16.1 ,-0.00469771 ,0 
645,16.125 ,-0.00467122 ,0 
646,16.15 ,-0.00464451 ,0 
647,16.175 ,-0.00461761 ,0 
648,16.2 ,-0.0045905 ,0 
649,16.225 ,-0.00456319 ,0 
650,16.25 ,-0.00453569 ,0 
651,16.275 ,-0.00450799 ,0 
652,16.3 ,-0.0044801 ,0 
653,16.325 ,-0.00445203 ,0 
654,16.35 ,-0.00442376 ,0 
655,16.375 ,-0.00439531 ,0 
656,16.4 ,-0.00436668 ,0 
657,16.425 ,-0.00433788 ,0 
658,16.45 ,-0.00430889 ,0 
659,16.475 ,-0.00427973 ,0 
660,16.5 ,-0.0042504 ,0 
661,16.525 ,-0.0042209 ,0 
662,16.55 ,-0.00419123 ,0 
663,16.575 ,-0.0041614 ,0 
664,16.6 ,-0.00413141 ,0 
665,16.625 ,-0.00410126 ,0 
666,16.65 ,-0.00407095 ,0 
667,16.675 ,-0.00404048 ,0 
668,16.7 ,-0.00400987 ,0 
669,16.725 ,-0.0039791 ,0 
670,16.75 ,-0.00394819 ,0 
671,16.775 ,-0.00391713 ,0 
672,16.8 ,-0.00388593 ,0 
673,16.825 ,-0.0038546 ,0 
674,16.85 ,-0.00382312 ,0 
675,16.875 ,-0.00379151 ,0 
676,16.9 ,-0.00375977 ,0 
677,16.925 ,-0.00372789 ,0 
678,16.95 ,-0.00369589 ,0 
679,16.975 ,-0.00366377 ,0 
680,17 ,-0.00363152 ,0 
681,17.025 ,-0.00359915 ,0 
682,17.05 ,-0.00356666 ,0 
683,17.075 ,-0.00353406 ,0 
684,17.1 ,-0.00350134 ,0 
685,17.125 ,-0.00346852 ,0 
686,17.15 ,-0.00343558 ,0 
687,17.175 ,-0.00340254 ,0 
688,17.2 ,-0.00336939 ,0 
689,17.225 ,-0.00333614 ,0 
690,17.25 ,-0.0033028 ,0 
691,17.275 ,-0.00326935 ,0 
692,17.3 ,-0.00323581 ,0 
693,17.325 ,-0.00320218 ,0 
694,17.35 ,-0.00316846 ,0 
695,17.375 ,-0.00313466 ,0 
696,17.4 ,-0.00310076 ,0 
697,17.425 ,-0.00306679 ,0 
698,17.45 ,-0.00303273 ,0 
699,17.475 ,-0.00299859 ,0 
700,17.5 ,-0.00296438 ,0 
701,17.525 ,-0.00293009 ,0 
702,17.55 ,-0.00289574 ,0 
703,17.575 ,-0.00286131 ,0 
704,17.6 ,-0.00282681 ,0 
705,17.625 ,-0.00279225 ,0 
706,17.65 ,-0.00275763 ,0 
707,17.675 ,-0.00272295 ,0 
708,17.7 ,-0.00268821 ,0 
709,17.725 ,-0.00265341 ,0 
710,17.75 ,-0.00261856 ,0 
711,17.775 ,-0.00258365 ,0 
712,17.8 ,-0.0025487 ,0 
713,17.825 ,-0.0025137 ,0 
714,17.85 ,-0.00247865 ,0 
715,17.875 ,-0.00244357 ,0 
716,17.9 ,-0.00240844 ,0 
717,17.925 ,-0.00237327 ,0 
718,17.95 ,-0.00233806 ,0 
719,17.975 ,-0.00230282 ,0 
720,18 ,-0.00226755 ,0 
721,18.025 ,-0.00223224 ,0 
722,18.05 ,-0.00219691 ,0 
723,18.075 ,-0.00216155 ,0 
724,18.1 ,-0.00212617 ,0 
725,18.125 ,-0.00209077 ,0 
726,18.15 ,-0.00205534 ,0 
727,18.175 ,-0.0020199 ,0 
728,18.2 ,-0.00198444 ,0 
729,18.225 ,-0.00194897 ,0 
730,18.25 ,-0.00191349 ,0 
731,18.275 ,-0.00187799 ,0 
732,18.3 ,-0.00184249 ,0 
733,18.325 ,-0.00180698 ,0 
734,18.35 ,-0.00177147 ,0 
735,18.375 ,-0.00173595 ,0 
736,18.4 ,-0.00170044 ,0 
737,18.425 ,-0.00166493 ,0 
738,18.45 ,-0.00162942 ,0 
739,18.475 ,-0.00159392 ,0 
740,18.5 ,-0.00155842 ,0 
741,18.525 ,-0.00152294 ,0 
742,18.55 ,-0.00148746 ,0 
743,18.575 ,-0.001452 ,0 
744,18.6 ,-0.00141655 ,0 
745,18.625 ,-0.00138113 ,0 
746,18.65 ,-0.00134572 ,0 
747,18.675 ,-0.00131033 ,0 
748,18.7 ,-0.00127496 ,0 
749,18.725 ,-0.00123962 ,0 
750,18.75 ,-0.00120431 ,0 
751,18.775 ,-0.00116902 ,0 
752,18.8 ,-0.00113376 ,0 
753,18.825 ,-0.00109854 ,0 
754,18.85 ,-0.00106335 ,0 
755,18.875 ,-0.00102819 ,0 
756,18.9 ,-0.000993071 ,0 
757,18.925 ,-0.00095799 ,0 
758,18.95 ,-0.00092295 ,0 
759,18.975 ,-0.000887953 ,0 
760,19 ,-0.000852999 ,0 
761,19.025 ,-0.000818091 ,0 
762,19.05 ,-0.000783231 ,0 
763,19.075 ,-0.00074842 ,0 
764,19.1 ,-0.000713659 ,0 
765,19.125 ,-0.000678951 ,0 
766,19.15 ,-0.000644297 ,0 
767,19.175 ,-0.000609698 ,0 
768,19.2 ,-0.000575157 ,0 
769,19.225 ,-0.000540675 ,0 
770,19.25 ,-0.000506254 ,0 
771,19.275 ,-0.000471894 ,0 
772,19.3 ,-0.000437599 ,0 
773,19.325 ,-0.000403369 ,0 
774,19.35 ,-0.000369205 ,0 
775,19.375 ,-0.000335111 ,0 
776,19.4 ,-0.000301086 ,0 
777,19.425 ,-0.000267133 ,0 
778,19.45 ,-0.000233253 ,0 
779,19.475 ,-0.000199447 ,0 
780,19.5 ,-0.000165718 ,0 
781,19.525 ,-0.000132066 ,0 
782,19.55 ,-9.84935e-05 ,0 
783,19.575 ,-6.50014e-05 ,0 
784,19.6 ,-3.15913e-05 ,0 
785,19.625 ,1.73537e-06 ,0 
786,19.65 ,3.49771e-05 ,0 
787,19.675 ,6.81326e-05 ,0 
788,19.7 ,0.0001012 ,0 
789,19.725 ,0.000134179 ,0 
790,19.75 ,0.000167067 ,0 
791,19.775 ,0.000199863 ,0 
792,19.8 ,0.000232566 ,0 
793,19.825 ,0.000265174 ,0 
794,19.85 ,0.000297686 ,0 
795,19.875 ,0.000330101 ,0 
796,19.9 ,0.000362418 ,0 
797,19.925 ,0.000394634 ,0 
798,19.95 ,0.000426749 ,0 
799,19.975 ,0.000458761 ,0 
800,20 ,0.00049067 ,0 
801,20.025 ,0.000522474 ,0 
802,20.05 ,0.000554171 ,0 
803,20.075 ,0.00058576 ,0 
804,20.1 ,0.000617241 ,0 
805,20.125 ,0.000648612 ,0 
806,20.15 ,0.000679871 ,0 
807,20.175 ,0.000711018 ,0 
808,20.2 ,0.000742051 ,0 
809,20.225 ,0.000772969 ,0 
810,20.25 ,0.000803771 ,0 
811,20.275 ,0.000834456 ,0 
812,20.3 ,0.000865023 ,0 
813,20.325 ,0.00089547 ,0 
814,20.35 ,0.000925797 ,0 
815,20.375 ,0.000956002 ,0 
816,20.4 ,0.000986084 ,0 
817,20.425 ,0.00101604 ,0 
818,20.45 ,0.00104587 ,0 
819,20.475 ,0.00107558 ,0 
820,20.5 ,0.00110516 ,0 
821,20.525 ,0.00113461 ,0 
822,20.55 ,0.00116394 ,0 
823,20.575 ,0.00119313 ,0 
824,20.6 ,0.00122219 ,0 
825,20.625 ,0.00125112 ,0 
826,20.65 ,0.00127991 ,0 
827,20.675 ,0.00130858 ,0 
828,20.7 ,0.0013371 ,0 
829,20.725 ,0.00136549 ,0 
830,20.75 ,0.00139374 ,0 
831,20.775 ,0.00142186 ,0 
832,20.8 ,0.00144984 ,0 
833,20.825 ,0.00147767 ,0 
834,20.85 ,0.00150537 ,0 
835,20.875 ,0.00153292 ,0 
836,20.9 ,0.00156033 ,0 
837,20.925 ,0.0015876 ,0 
838,20.95 ,0.00161472 ,0 
839,20.975 ,0.0016417 ,0 
840,21 ,0.00166853 ,0 
841,21.025 ,0.00169522 ,0 
842,21.05 ,0.00172175 ,0 
843,21.075 ,0.00174814 ,0 
844,21.1 ,0.00177438 ,0 
845,21.125 ,0.00180047 ,0 
846,21.15 ,0.00182641 ,0 
847,21.175 ,0.0018522 ,0 
848,21.2 ,0.00187784 ,0 
849,21.225 ,0.00190332 ,0 
850,21.25 ,0.00192865 ,0 
851,21.275 ,0.00195382 ,0 
852,21.3 ,0.00197884 ,0 
853,21.325 ,0.0020037 ,0 
854,21.35 ,0.00202841 ,0 
855,21.375 ,0.00205296 ,0 
856,21.4 ,0.00207735 ,0 
857,21.425 ,0.00210158 ,0 
858,21.45 ,0.00212565 ,0 
859,21.475 ,0.00214957 ,0 
860,21.5 ,0.00217332 ,0 
861,21.525 ,0.00219691 ,0 
862,21.55 ,0.00222034 ,0 
863,21.575 ,0.00224361 ,0 
864,21.6 ,0.00226671 ,0 
865,21.625 ,0.00228965 ,0 
866,21.65 ,0.00231243 ,0 
867,21.675 ,0.00233504 ,0 
868,21.7 ,0.00235749 ,0 
869,21.725 ,0.00237977 ,0 
870,21.75 ,0.00240189 ,0 
871,21.775 ,0.00242384 ,0 
872,21.8 ,0.00244562 ,0 
873,21.825 ,0.00246723 ,0 
874,21.85 ,0.00248868 ,0 
875,21.875 ,0.00250995 ,0 
876,21.9 ,0.00253106 ,0 
877,21.925 ,0.002552 ,0 
878,21.95 ,0.00257277 ,0 
879,21.975 ,0.00259337 ,0 
880,22 ,0.00261379 ,0 
881,22.025 ,0.00263405 ,0 
882,22.05 ,0.00265413 ,0 
883,22.075 ,0.00267404 ,0 
884,22.1 ,0.00269378 ,0 
885,22.125 ,0.00271335 ,0 
886,22.15 ,0.00273274 ,0 
887,22.175 ,0.00275196 ,0 
888,22.2 ,0.00277101 ,0 
889,22.225 ,0.00278988 ,0 
890,22.25 ,0.00280857 ,0 
891,22.275 ,0.00282709 ,0 
892,22.3 ,0.00284544 ,0 
893,22.325 ,0.00286361 ,0 
894,22.35 ,0.00288161 ,0 
895,22.375 ,0.00289943 ,0 
896,22.4 ,0.00291707 ,0 
897,22.425 ,0.00293453 ,0 
898,22.45 ,0.00295182 ,0 
899,22.475 ,0.00296893 ,0 
900,22.5 ,0.00298587 ,0 
901,22.525 ,0.00300263 ,0 
902,22.55 ,0.00301921 ,0 
903,22.575 ,0.00303561 ,0 
904,22.6 ,0.00305183 ,0 
905,22.625 ,0.00306787 ,0 
906,22.65 ,0.00308374 ,0 
907,22.675 ,0.00309943 ,0 
908,22.7 ,0.00311494 ,0 
909,22.725 ,0.00313027 ,0 
910,22.75 ,0.00314542 ,0 
911,22.775 ,0.00316039 ,0 
912,22.8 ,0.00317518 ,0 
913,22.825 ,0.00318979 ,0 
914,22.85 ,0.00320422 ,0 
915,22.875 ,0.00321848 ,0 
916,22.9 ,0.00323255 ,0 
917,22.925 ,0.00324644 ,0 
918,22.95 ,0.00326015 ,0 
919,22.975 ,0.00327369 ,0 
920,23 ,0.00328704 ,0 
921,23.025 ,0.00330021 ,0 
922,23.05 ,0.0033132 ,0 
923,23.075 ,0.00332602 ,0 
924,23.1 ,0.00333865 ,0 
925,23.125 ,0.0033511 ,0 
926,23.15 ,0.00336337 ,0 
927,23.175 ,0.00337546 ,0 
928,23.2 ,0.00338737 ,0 
929,23.225 ,0.0033991 ,0 
930,23.25 ,0.00341065 ,0 
931,23.275 ,0.00342202 ,0 
932,23.3 ,0.00343321 ,0 
933,23.325 ,0.00344422 ,0 
934,23.35 ,0.00345505 ,0 
935,23.375 ,0.0034657 ,0 
936,23.4 ,0.00347617 ,0 
937,23.425 ,0.00348646 ,0 
938,23.45 ,0.00349657 ,0 
939,23.475 ,0.0035065 ,0 
940,23.5 ,0.00351625 ,0 
941,23.525 ,0.00352582 ,0 
942,23.55 ,0.00353521 ,0 
943,23.575 ,0.00354443 ,0 
944,23.6 ,0.00355346 ,0 
945,23.625 ,0.00356231 ,0 
946,23.65 ,0.00357099 ,0 
947,23.675 ,0.00357949 ,0 
948,23.7 ,0.00358781 ,0 
949,23.725 ,0.00359595 ,0 
950,23.75 ,0.00360391 ,0 
951,23.775 ,0.00361169 ,0 
952,23.8 ,0.0036193 ,0 
953,23.825 ,0.00362673 ,0 
954,23.85 ,0.00363398 ,0 
955,23.875 ,0.00364106 ,0 
956,23.9 ,0.00364796 ,0 
957,23.925 ,0.00365468 ,0 
958,23.95 ,0.00366122 ,0 
959,23.975 ,0.00366759 ,0 
960,24 ,0.00367378 ,0 
961,24.025 ,0.0036798 ,0 
962,24.05 ,0.00368564 ,0 
963,24.075 ,0.00369131 ,0 
964,24.1 ,0.0036968 ,0 
965,24.125 ,0.00370212 ,0 
966,24.15 ,0.00370726 ,0 
967,24.175 ,0.00371223 ,0 
968,24.2 ,0.00371702 ,0 
969,24.225 ,0.00372165 ,0 
970,24.25 ,0.0037261 ,0 
971,24.275 ,0.00373037 ,0 
972,24.3 ,0.00373447 ,0 
973,24.325 ,0.00373841 ,0 
974,24.35 ,0.00374217 ,0 
975,24.375 ,0.00374575 ,0 
976,24.4 ,0.00374917 ,0 
977,24.425 ,0.00375242 ,0 
978,24.45 ,0.00375549 ,0 
979,24.475 ,0.0037584 ,0 
980,24.5 ,0.00376113 ,0 
981,24.525 ,0.0037637 ,0 
982,24.55 ,0.0037661 ,0 
983,24.575 ,0.00376833 ,0 
984,24.6 ,0.00377039 ,0 
985,24.625 ,0.00377229 ,0 
986,24.65 ,0.00377401 ,0 
987,24.675 ,0.00377557 ,0 
988,24.7 ,0.00377697 ,0 
989,24.725 ,0.00377819 ,0 
990,24.75 ,0.00377926 ,0 
991,24.775 ,0.00378015 ,0 
992,24.8 ,0.00378088 ,0 
993,24.825 ,0.00378145 ,0 
994,24.85 ,0.00378186 ,0 
995,24.875 ,0.0037821 ,0 
996,24.9 ,0.00378217 ,0 
997,24.925 ,0.00378209 ,0 
998,24.95 ,0.00378184 ,0 
999,24.975 ,0.00378144 ,0 
1000,25 ,0.00378087 ,0 