N_e = 18
1,0 ,0 ,0 
2,0.025 ,0 ,0 
3,0.05 ,0 ,0 
4,0.075 ,1.69908e-05 ,0 
5,0.1 ,3.99723e-05 ,0 
6,0.125 ,7.79109e-05 ,0 
7,0.15 ,0.000134479 ,0 
8,0.175 ,0.000213339 ,0 
9,0.2 ,0.000318131 ,0 
10,0.225 ,0.000452465 ,0 
11,0.25 ,0.000619912 ,0 
12,0.275 ,0.000824003 ,0 
13,0.3 ,0.00106822 ,0 
14,0.325 ,0.00135601 ,0 
15,0.35 ,0.00169073 ,0 
16,0.375 ,0.00207572 ,0 
17,0.4 ,0.00251423 ,0 
18,0.425 ,0.00300944 ,0 
19,0.45 ,0.00356448 ,0 
20,0.475 ,0.00418238 ,0 
21,0.5 ,0.0048661 ,0 
22,0.525 ,0.00561853 ,0 
23,0.55 ,0.00644246 ,0 
24,0.575 ,0.00734057 ,0 
25,0.6 ,0.00831549 ,0 
26,0.625 ,0.00936971 ,0 
27,0.65 ,0.0105056 ,0 
28,0.675 ,0.0117256 ,0 
29,0.7 ,0.0130317 ,0 
30,0.725 ,0.0144262 ,0 
31,0.75 ,0.0159109 ,0 
32,0.775 ,0.0174877 ,0 
33,0.8 ,0.0191583 ,0 
34,0.825 ,0.0209245 ,0 
35,0.85 ,0.0227876 ,0 
36,0.875 ,0.024749 ,0 
37,0.9 ,0.02681 ,0 
38,0.925 ,0.0289717 ,0 
39,0.95 ,0.031235 ,0 
40,0.975 ,0.0336008 ,0 
41,1 ,0.0360698 ,0 
42,1.025 ,0.0386427 ,0 
43,1.05 ,0.0413198 ,0 
44,1.075 ,0.0441014 ,0 
45,1.1 ,0.0469877 ,0 
46,1.125 ,0.0499788 ,0 
47,1.15 ,0.0530745 ,0 
48,1.175 ,0.0562745 ,0 
49,1.2 ,0.0595786 ,0 
50,1.225 ,0.0629861 ,0 
51,1.25 ,0.0664964 ,0 
52,1.275 ,0.0701086 ,0 
53,1.3 ,0.0738219 ,0 
54,1.325 ,0.0776352 ,0 
55,1.35 ,0.0815471 ,0 
56,1.375 ,0.0855564 ,0 
57,1.4 ,0.0896616 ,0 
58,1.425 ,0.093861 ,0 
59,1.45 ,0.0981529 ,0 
60,1.475 ,0.102535 ,0 
61,1.5 ,0.107006 ,0 
62,1.525 ,0.111564 ,0 
63,1.55 ,0.116205 ,0 
64,1.575 ,0.120928 ,0 
65,1.6 ,0.125731 ,0 
66,1.625 ,0.13061 ,0 
67,1.65 ,0.135562 ,0 
68,1.675 ,0.140586 ,0 
69,1.7 ,0.145678 ,0 
70,1.725 ,0.150834 ,0 
71,1.75 ,0.156052 ,0 
72,1.775 ,0.161328 ,0 
73,1.8 ,0.166659 ,0 
74,1.825 ,0.172042 ,0 
75,1.85 ,0.177472 ,0 
76,1.875 ,0.182947 ,0 
77,1.9 ,0.188462 ,0 
78,1.925 ,0.194013 ,0 
79,1.95 ,0.199597 ,0 
80,1.975 ,0.205209 ,0 
81,2 ,0.210846 ,0 
82,2.025 ,0.216503 ,0 
83,2.05 ,0.222176 ,0 
84,2.075 ,0.227861 ,0 
85,2.1 ,0.233554 ,0 
86,2.125 ,0.239249 ,0 
87,2.15 ,0.244944 ,0 
88,2.175 ,0.250632 ,0 
89,2.2 ,0.256311 ,0 
90,2.225 ,0.261974 ,0 
91,2.25 ,0.267618 ,0 
92,2.275 ,0.273238 ,0 
93,2.3 ,0.27883 ,0 
94,2.325 ,0.284389 ,0 
95,2.35 ,0.289909 ,0 
96,2.375 ,0.295387 ,0 
97,2.4 ,0.300818 ,0 
98,2.425 ,0.306198 ,0 
99,2.45 ,0.311521 ,0 
100,2.475 ,0.316783 ,0 
101,2.5 ,0.321979 ,0 
102,2.525 ,0.327105 ,0 
103,2.55 ,0.332157 ,0 
104,2.575 ,0.337129 ,0 
105,2.6 ,0.342017 ,0 
106,2.625 ,0.346817 ,0 
107,2.65 ,0.351525 ,0 
108,2.675 ,0.356135 ,0 
109,2.7 ,0.360644 ,0 
110,2.725 ,0.365048 ,0 
111,2.75 ,0.369342 ,0 
112,2.775 ,0.373521 ,0 
113,2.8 ,0.377583 ,0 
114,2.825 ,0.381522 ,0 
115,2.85 ,0.385336 ,0 
116,2.875 ,0.389019 ,0 
117,2.9 ,0.392569 ,0 
118,2.925 ,0.395982 ,0 
119,2.95 ,0.399254 ,0 
120,2.975 ,0.402381 ,0 
121,3 ,0.40536 ,0 
122,3.025 ,0.408189 ,0 
123,3.05 ,0.410862 ,0 
124,3.075 ,0.413379 ,0 
125,3.1 ,0.415734 ,0 
126,3.125 ,0.417926 ,0 
127,3.15 ,0.419952 ,0 
128,3.175 ,0.421809 ,0 
129,3.2 ,0.423495 ,0 
130,3.225 ,0.425007 ,0 
131,3.25 ,0.426342 ,0 
132,3.275 ,0.427499 ,0 
133,3.3 ,0.428475 ,0 
134,3.325 ,0.429269 ,0 
135,3.35 ,0.429879 ,0 
136,3.375 ,0.430303 ,0 
137,3.4 ,0.430539 ,0 
138,3.425 ,0.430586 ,0 
139,3.45 ,0.430443 ,0 
140,3.475 ,0.430109 ,0 
141,3.5 ,0.429582 ,0 
142,3.525 ,0.428862 ,0 
143,3.55 ,0.427947 ,0 
144,3.575 ,0.426838 ,0 
145,3.6 ,0.425534 ,0 
146,3.625 ,0.424034 ,0 
147,3.65 ,0.422339 ,0 
148,3.675 ,0.420447 ,0 
149,3.7 ,0.41836 ,0 
150,3.725 ,0.416077 ,0 
151,3.75 ,0.413599 ,0 
152,3.775 ,0.410927 ,0 
153,3.8 ,0.40806 ,0 
154,3.825 ,0.405 ,0 
155,3.85 ,0.401747 ,0 
156,3.875 ,0.398302 ,0 
157,3.9 ,0.394668 ,0 
158,3.925 ,0.390844 ,0 
159,3.95 ,0.386833 ,0 
160,3.975 ,0.382635 ,0 
161,4 ,0.378253 ,0 
162,4.025 ,0.373688 ,0 
163,4.05 ,0.368942 ,0 
164,4.075 ,0.364017 ,0 
165,4.1 ,0.358916 ,0 
166,4.125 ,0.35364 ,0 
167,4.15 ,0.348192 ,0 
168,4.175 ,0.342574 ,0 
169,4.2 ,0.336789 ,0 
170,4.225 ,0.33084 ,0 
171,4.25 ,0.324729 ,0 
172,4.275 ,0.318459 ,0 
173,4.3 ,0.312034 ,0 
174,4.325 ,0.305456 ,0 
175,4.35 ,0.298729 ,0 
176,4.375 ,0.291855 ,0 
177,4.4 ,0.284839 ,0 
178,4.425 ,0.277683 ,0 
179,4.45 ,0.270392 ,0 
180,4.475 ,0.262968 ,0 
181,4.5 ,0.255416 ,0 
182,4.525 ,0.247739 ,0 
183,4.55 ,0.239941 ,0 
184,4.575 ,0.232025 ,0 
185,4.6 ,0.223997 ,0 
186,4.625 ,0.21586 ,0 
187,4.65 ,0.207617 ,0 
188,4.675 ,0.199274 ,0 
189,4.7 ,0.190833 ,0 
190,4.725 ,0.1823 ,0 
191,4.75 ,0.173679 ,0 
192,4.775 ,0.164974 ,0 
193,4.8 ,0.156189 ,0 
194,4.825 ,0.147329 ,0 
195,4.85 ,0.138398 ,0 
196,4.875 ,0.1294 ,0 
197,4.9 ,0.12034 ,0 
198,4.925 ,0.111223 ,0 
199,4.95 ,0.102052 ,0 
200,4.975 ,0.0928326 ,0 
201,5 ,0.0835691 ,0 
202,5.025 ,0.0742659 ,0 
203,5.05 ,0.0649275 ,0 
204,5.075 ,0.0555584 ,0 
205,5.1 ,0.0461632 ,0 
206,5.125 ,0.0367462 ,0 
207,5.15 ,0.027312 ,0 
208,5.175 ,0.017865 ,0 
209,5.2 ,0.00840961 ,0 
210,5.225 ,-0.00104965 ,0 
211,5.25 ,-0.0105084 ,0 
212,5.275 ,-0.0199623 ,0 
213,5.3 ,-0.029407 ,0 
214,5.325 ,-0.0388382 ,0 
215,5.35 ,-0.0482517 ,0 
216,5.375 ,-0.057643 ,0 
217,5.4 ,-0.0670082 ,0 
218,5.425 ,-0.076343 ,0 
219,5.45 ,-0.0856432 ,0 
220,5.475 ,-0.0949049 ,0 
221,5.5 ,-0.104124 ,0 
222,5.525 ,-0.113297 ,0 
223,5.55 ,-0.122419 ,0 
224,5.575 ,-0.131487 ,0 
225,5.6 ,-0.140497 ,0 
226,5.625 ,-0.149445 ,0 
227,5.65 ,-0.158327 ,0 
228,5.675 ,-0.167141 ,0 
229,5.7 ,-0.175882 ,0 
230,5.725 ,-0.184547 ,0 
231,5.75 ,-0.193132 ,0 
232,5.775 ,-0.201635 ,0 
233,5.8 ,-0.210051 ,0 
234,5.825 ,-0.218379 ,0 
235,5.85 ,-0.226614 ,0 
236,5.875 ,-0.234754 ,0 
237,5.9 ,-0.242796 ,0 
238,5.925 ,-0.250737 ,0 
239,5.95 ,-0.258574 ,0 
240,5.975 ,-0.266305 ,0 
241,6 ,-0.273926 ,0 
242,6.025 ,-0.281436 ,0 
243,6.05 ,-0.288831 ,0 
244,6.075 ,-0.296111 ,0 
245,6.1 ,-0.303271 ,0 
246,6.125 ,-0.310311 ,0 
247,6.15 ,-0.317228 ,0 
248,6.175 ,-0.32402 ,0 
249,6.2 ,-0.330686 ,0 
250,6.225 ,-0.337222 ,0 
251,6.25 ,-0.343628 ,0 
252,6.275 ,-0.349903 ,0 
253,6.3 ,-0.356043 ,0 
254,6.325 ,-0.362049 ,0 
255,6.35 ,-0.367918 ,0 
256,6.375 ,-0.37365 ,0 
257,6.4 ,-0.379243 ,0 
258,6.425 ,-0.384696 ,0 
259,6.45 ,-0.390008 ,0 
260,6.475 ,-0.395178 ,0 
261,6.5 ,-0.400205 ,0 
262,6.525 ,-0.405089 ,0 
263,6.55 ,-0.409828 ,0 
264,6.575 ,-0.414423 ,0 
265,6.6 ,-0.418873 ,0 
266,6.625 ,-0.423177 ,0 
267,6.65 ,-0.427335 ,0 
268,6.675 ,-0.431347 ,0 
269,6.7 ,-0.435212 ,0 
270,6.725 ,-0.438931 ,0 
271,6.75 ,-0.442504 ,0 
272,6.775 ,-0.44593 ,0 
273,6.8 ,-0.449209 ,0 
274,6.825 ,-0.452343 ,0 
275,6.85 ,-0.455331 ,0 
276,6.875 ,-0.458173 ,0 
277,6.9 ,-0.460871 ,0 
278,6.925 ,-0.463424 ,0 
279,6.95 ,-0.465834 ,0 
280,6.975 ,-0.4681 ,0 
281,7 ,-0.470224 ,0 
282,7.025 ,-0.472206 ,0 
283,7.05 ,-0.474047 ,0 
284,7.075 ,-0.475748 ,0 
285,7.1 ,-0.477311 ,0 
286,7.125 ,-0.478735 ,0 
287,7.15 ,-0.480023 ,0 
288,7.175 ,-0.481175 ,0 
289,7.2 ,-0.482193 ,0 
290,7.225 ,-0.483077 ,0 
291,7.25 ,-0.48383 ,0 
292,7.275 ,-0.484452 ,0 
293,7.3 ,-0.484945 ,0 
294,7.325 ,-0.48531 ,0 
295,7.35 ,-0.485549 ,0 
296,7.375 ,-0.485664 ,0 
297,7.4 ,-0.485655 ,0 
298,7.425 ,-0.485525 ,0 
299,7.45 ,-0.485276 ,0 
300,7.475 ,-0.484908 ,0 
301,7.5 ,-0.484424 ,0 
302,7.525 ,-0.483825 ,0 
303,7.55 ,-0.483113 ,0 
304,7.575 ,-0.482291 ,0 
305,7.6 ,-0.48136 ,0 
306,7.625 ,-0.480321 ,0 
307,7.65 ,-0.479177 ,0 
308,7.675 ,-0.47793 ,0 
309,7.7 ,-0.476581 ,0 
310,7.725 ,-0.475133 ,0 
311,7.75 ,-0.473587 ,0 
312,7.775 ,-0.471946 ,0 
313,7.8 ,-0.470212 ,0 
314,7.825 ,-0.468386 ,0 
315,7.85 ,-0.466471 ,0 
316,7.875 ,-0.464469 ,0 
317,7.9 ,-0.462382 ,0 
318,7.925 ,-0.460211 ,0 
319,7.95 ,-0.45796 ,0 
320,7.975 ,-0.45563 ,0 
321,8 ,-0.453223 ,0 
322,8.025 ,-0.450741 ,0 
323,8.05 ,-0.448187 ,0 
324,8.075 ,-0.445562 ,0 
325,8.1 ,-0.442869 ,0 
326,8.125 ,-0.44011 ,0 
327,8.15 ,-0.437286 ,0 
328,8.175 ,-0.4344 ,0 
329,8.2 ,-0.431455 ,0 
330,8.225 ,-0.428451 ,0 
331,8.25 ,-0.425392 ,0 
332,8.275 ,-0.422279 ,0 
333,8.3 ,-0.419114 ,0 
334,8.325 ,-0.415899 ,0 
335,8.35 ,-0.412637 ,0 
336,8.375 ,-0.409329 ,0 
337,8.4 ,-0.405977 ,0 
338,8.425 ,-0.402584 ,0 
339,8.45 ,-0.399151 ,0 
340,8.475 ,-0.39568 ,0 
341,8.5 ,-0.392174 ,0 
342,8.525 ,-0.388633 ,0 
343,8.55 ,-0.385061 ,0 
344,8.575 ,-0.381458 ,0 
345,8.6 ,-0.377827 ,0 
346,8.625 ,-0.374169 ,0 
347,8.65 ,-0.370487 ,0 
348,8.675 ,-0.366782 ,0 
349,8.7 ,-0.363056 ,0 
350,8.725 ,-0.35931 ,0 
351,8.75 ,-0.355547 ,0 
352,8.775 ,-0.351767 ,0 
353,8.8 ,-0.347974 ,0 
354,8.825 ,-0.344167 ,0 
355,8.85 ,-0.34035 ,0 
356,8.875 ,-0.336522 ,0 
357,8.9 ,-0.332687 ,0 
358,8.925 ,-0.328846 ,0 
359,8.95 ,-0.324999 ,0 
360,8.975 ,-0.321149 ,0 
361,9 ,-0.317297 ,0 
362,9.025 ,-0.313445 ,0 
363,9.05 ,-0.309593 ,0 
364,9.075 ,-0.305743 ,0 
365,9.1 ,-0.301896 ,0 
366,9.125 ,-0.298055 ,0 
367,9.15 ,-0.294219 ,0 
368,9.175 ,-0.29039 ,0 
369,9.2 ,-0.28657 ,0 
370,9.225 ,-0.28276 ,0 
371,9.25 ,-0.27896 ,0 
372,9.275 ,-0.275172 ,0 
373,9.3 ,-0.271397 ,0 
374,9.325 ,-0.267636 ,0 
375,9.35 ,-0.26389 ,0 
376,9.375 ,-0.26016 ,0 
377,9.4 ,-0.256447 ,0 
378,9.425 ,-0.252752 ,0 
379,9.45 ,-0.249075 ,0 
380,9.475 ,-0.245419 ,0 
381,9.5 ,-0.241783 ,0 
382,9.525 ,-0.238168 ,0 
383,9.55 ,-0.234576 ,0 
384,9.575 ,-0.231007 ,0 
385,9.6 ,-0.227461 ,0 
386,9.625 ,-0.223939 ,0 
387,9.65 ,-0.220443 ,0 
388,9.675 ,-0.216973 ,0 
389,9.7 ,-0.213529 ,0 
390,9.725 ,-0.210111 ,0 
391,9.75 ,-0.206722 ,0 
392,9.775 ,-0.20336 ,0 
393,9.8 ,-0.200027 ,0 
394,9.825 ,-0.196724 ,0 
395,9.85 ,-0.193449 ,0 
396,9.875 ,-0.190205 ,0 
397,9.9 ,-0.186991 ,0 
398,9.925 ,-0.183809 ,0 
399,9.95 ,-0.180657 ,0 
400,9.975 ,-0.177537 ,0 
401,10 ,-0.174449 ,0 
402,10.025 ,-0.171393 ,0 
403,10.05 ,-0.16837 ,0 
404,10.075 ,-0.16538 ,0 
405,10.1 ,-0.162422 ,0 
406,10.125 ,-0.159498 ,0 
407,10.15 ,-0.156607 ,0 
408,10.175 ,-0.15375 ,0 
409,10.2 ,-0.150927 ,0 
410,10.225 ,-0.148138 ,0 
411,10.25 ,-0.145382 ,0 
412,10.275 ,-0.142661 ,0 
413,10.3 ,-0.139975 ,0 
414,10.325 ,-0.137322 ,0 
415,10.35 ,-0.134704 ,0 
416,10.375 ,-0.13212 ,0 
417,10.4 ,-0.129571 ,0 
418,10.425 ,-0.127057 ,0 
419,10.45 ,-0.124576 ,0 
420,10.475 ,-0.122131 ,0 
421,10.5 ,-0.119719 ,0 
422,10.525 ,-0.117342 ,0 
423,10.55 ,-0.115 ,0 
424,10.575 ,-0.112691 ,0 
425,10.6 ,-0.110417 ,0 
426,10.625 ,-0.108176 ,0 
427,10.65 ,-0.10597 ,0 
428,10.675 ,-0.103797 ,0 
429,10.7 ,-0.101658 ,0 
430,10.725 ,-0.0995518 ,0 
431,10.75 ,-0.0974794 ,0 
432,10.775 ,-0.0954401 ,0 
433,10.8 ,-0.0934338 ,0 
434,10.825 ,-0.0914602 ,0 
435,10.85 ,-0.0895191 ,0 
436,10.875 ,-0.0876102 ,0 
437,10.9 ,-0.0857335 ,0 
438,10.925 ,-0.0838885 ,0 
439,10.95 ,-0.082075 ,0 
440,10.975 ,-0.0802929 ,0 
441,11 ,-0.0785417 ,0 
442,11.025 ,-0.0768213 ,0 
443,11.05 ,-0.0751313 ,0 
444,11.075 ,-0.0734715 ,0 
445,11.1 ,-0.0718415 ,0 
446,11.125 ,-0.070241 ,0 
447,11.15 ,-0.0686697 ,0 
448,11.175 ,-0.0671274 ,0 
449,11.2 ,-0.0656137 ,0 
450,11.225 ,-0.0641282 ,0 
451,11.25 ,-0.0626706 ,0 
452,11.275 ,-0.0612406 ,0 
453,11.3 ,-0.0598379 ,0 
454,11.325 ,-0.0584621 ,0 
455,11.35 ,-0.0571129 ,0 
456,11.375 ,-0.05579 ,0 
457,11.4 ,-0.0544929 ,0 
458,11.425 ,-0.0532213 ,0 
459,11.45 ,-0.051975 ,0 
460,11.475 ,-0.0507535 ,0 
461,11.5 ,-0.0495566 ,0 
462,11.525 ,-0.0483837 ,0 
463,11.55 ,-0.0472347 ,0 
464,11.575 ,-0.0461092 ,0 
465,11.6 ,-0.0450067 ,0 
466,11.625 ,-0.043927 ,0 
467,11.65 ,-0.0428697 ,0 
468,11.675 ,-0.0418345 ,0 
469,11.7 ,-0.040821 ,0 
470,11.725 ,-0.0398288 ,0 
471,11.75 ,-0.0388577 ,0 
472,11.775 ,-0.0379073 ,0 
473,11.8 ,-0.0369772 ,0 
474,11.825 ,-0.0360672 ,0 
475,11.85 ,-0.0351768 ,0 
476,11.875 ,-0.0343058 ,0 
477,11.9 ,-0.0334538 ,0 
478,11.925 ,-0.0326204 ,0 
479,11.95 ,-0.0318055 ,0 
480,11.975 ,-0.0310085 ,0 
481,12 ,-0.0302293 ,0 
482,12.025 ,-0.0294675 ,0 
483,12.05 ,-0.0287228 ,0 
484,12.075 ,-0.0279949 ,0 
485,12.1 ,-0.0272834 ,0 
486,12.125 ,-0.0265881 ,0 
487,12.15 ,-0.0259086 ,0 
488,12.175 ,-0.0252447 ,0 
489,12.2 ,-0.0245961 ,0 
490,12.225 ,-0.0239625 ,0 
491,12.25 ,-0.0233435 ,0 
492,12.275 ,-0.022739 ,0 
493,12.3 ,-0.0221486 ,0 
494,12.325 ,-0.021572 ,0 
495,12.35 ,-0.021009 ,0 
496,12.375 ,-0.0204593 ,0 
497,12.4 ,-0.0199227 ,0 
498,12.425 ,-0.0193988 ,0 
499,12.45 ,-0.0188875 ,0 
500,12.475 ,-0.0183884 ,0 
501,12.5 ,-0.0179013 ,0 
502,12.525 ,-0.0174259 ,0 
503,12.55 ,-0.0169621 ,0 
504,12.575 ,-0.0165096 ,0 
505,12.6 ,-0.0160681 ,0 
506,12.625 ,-0.0156374 ,0 
507,12.65 ,-0.0152173 ,0 
508,12.675 ,-0.0148075 ,0 
509,12.7 ,-0.0144078 ,0 
510,12.725 ,-0.0140181 ,0 
511,12.75 ,-0.0136381 ,0 
512,12.775 ,-0.0132675 ,0 
513,12.8 ,-0.0129062 ,0 
514,12.825 ,-0.012554 ,0 
515,12.85 ,-0.0122106 ,0 
516,12.875 ,-0.011876 ,0 
517,12.9 ,-0.0115498 ,0 
518,12.925 ,-0.0112318 ,0 
519,12.95 ,-0.010922 ,0 
520,12.975 ,-0.0106201 ,0 
521,13 ,-0.010326 ,0 
522,13.025 ,-0.0100394 ,0 
523,13.05 ,-0.00976015 ,0 
524,13.075 ,-0.00948815 ,0 
525,13.1 ,-0.0092232 ,0 
526,13.125 ,-0.00896513 ,0 
527,13.15 ,-0.00871379 ,0 
528,13.175 ,-0.00846901 ,0 
529,13.2 ,-0.00823064 ,0 
530,13.225 ,-0.00799854 ,0 
531,13.25 ,-0.00777254 ,0 
532,13.275 ,-0.00755251 ,0 
533,13.3 ,-0.0073383 ,0 
534,13.325 ,-0.00712978 ,0 
535,13.35 ,-0.0069268 ,0 
536,13.375 ,-0.00672924 ,0 
537,13.4 ,-0.00653696 ,0 
538,13.425 ,-0.00634983 ,0 
539,13.45 ,-0.00616772 ,0 
540,13.475 ,-0.00599052 ,0 
541,13.5 ,-0.0058181 ,0 
542,13.525 ,-0.00565035 ,0 
543,13.55 ,-0.00548714 ,0 
544,13.575 ,-0.00532837 ,0 
545,13.6 ,-0.00517392 ,0 
546,13.625 ,-0.0050237 ,0 
547,13.65 ,-0.00487758 ,0 
548,13.675 ,-0.00473547 ,0 
549,13.7 ,-0.00459727 ,0 
550,13.725 ,-0.00446287 ,0 
551,13.75 ,-0.00433218 ,0 
552,13.775 ,-0.00420511 ,0 
553,13.8 ,-0.00408157 ,0 
554,13.825 ,-0.00396145 ,0 
555,13.85 ,-0.00384468 ,0 
556,13.875 ,-0.00373117 ,0 
557,13.9 ,-0.00362083 ,0 
558,13.925 ,-0.00351359 ,0 
559,13.95 ,-0.00340935 ,0 
560,13.975 ,-0.00330805 ,0 
561,14 ,-0.00320961 ,0 
562,14.025 ,-0.00311394 ,0 
563,14.05 ,-0.00302098 ,0 
564,14.075 ,-0.00293066 ,0 
565,14.1 ,-0.00284291 ,0 
566,14.125 ,-0.00275765 ,0 
567,14.15 ,-0.00267482 ,0 
568,14.175 ,-0.00259437 ,0 
569,14.2 ,-0.00251621 ,0 
570,14.225 ,-0.0024403 ,0 
571,14.25 ,-0.00236657 ,0 
572,14.275 ,-0.00229496 ,0 
573,14.3 ,-0.00222542 ,0 
574,14.325 ,-0.00215789 ,0 
575,14.35 ,-0.00209231 ,0 
576,14.375 ,-0.00202864 ,0 
577,14.4 ,-0.00196681 ,0 
578,14.425 ,-0.00190679 ,0 
579,14.45 ,-0.00184851 ,0 
580,14.475 ,-0.00179194 ,0 
581,14.5 ,-0.00173702 ,0 
582,14.525 ,-0.00168372 ,0 
583,14.55 ,-0.00163197 ,0 
584,14.575 ,-0.00158175 ,0 
585,14.6 ,-0.00153301 ,0 
586,14.625 ,-0.00148571 ,0 
587,14.65 ,-0.00143981 ,0 
588,14.675 ,-0.00139526 ,0 
589,14.7 ,-0.00135204 ,0 
590,14.725 ,-0.0013101 ,0 
591,14.75 ,-0.0012694 ,0 
592,14.775 ,-0.00122993 ,0 
593,14.8 ,-0.00119162 ,0 
594,14.825 ,-0.00115447 ,0 
595,14.85 ,-0.00111842 ,0 
596,14.875 ,-0.00108346 ,0 
597,14.9 ,-0.00104955 ,0 
598,14.925 ,-0.00101666 ,0 
599,14.95 ,-0.000984757 ,0 
600,14.975 ,-0.000953818 ,0 
601,15 ,-0.000923815 ,0 
602,15.025 ,-0.000894719 ,0 
603,15.05 ,-0.000866506 ,0 
604,15.075 ,-0.000839149 ,0 
605,15.1 ,-0.000812624 ,0 
606,15.125 ,-0.000786907 ,0 
607,15.15 ,-0.000761973 ,0 
608,15.175 ,-0.000737801 ,0 
609,15.2 ,-0.000714368 ,0 
610,15.225 ,-0.000691653 ,0 
611,15.25 ,-0.000669634 ,0 
612,15.275 ,-0.000648292 ,0 
613,15.3 ,-0.000627606 ,0 
614,15.325 ,-0.000607557 ,0 
615,15.35 ,-0.000588126 ,0 
616,15.375 ,-0.000569295 ,0 
617,15.4 ,-0.000551046 ,0 
618,15.425 ,-0.000533363 ,0 
619,15.45 ,-0.000516228 ,0 
620,15.475 ,-0.000499625 ,0 
621,15.5 ,-0.000483538 ,0 
622,15.525 ,-0.000467952 ,0 
623,15.55 ,-0.000452852 ,0 
624,15.575 ,-0.000438223 ,0 
625,15.6 ,-0.000424051 ,0 
626,15.625 ,-0.000410323 ,0 
627,15.65 ,-0.000397025 ,0 
628,15.675 ,-0.000384144 ,0 
629,15.7 ,-0.000371668 ,0 
630,15.725 ,-0.000359585 ,0 
631,15.75 ,-0.000347882 ,0 
632,15.775 ,-0.000336548 ,0 
633,15.8 ,-0.000325571 ,0 
634,15.825 ,-0.000314942 ,0 
635,15.85 ,-0.000304649 ,0 
636,15.875 ,-0.000294683 ,0 
637,15.9 ,-0.000285032 ,0 
638,15.925 ,-0.000275689 ,0 
639,15.95 ,-0.000266642 ,0 
640,15.975 ,-0.000257883 ,0 
641,16 ,-0.000249404 ,0 
642,16.025 ,-0.000241195 ,0 
643,16.05 ,-0.000233249 ,0 
644,16.075 ,-0.000225557 ,0 
645,16.1 ,-0.000218111 ,0 
646,16.125 ,-0.000210904 ,0 
647,16.15 ,-0.000203929 ,0 
648,16.175 ,-0.000197177 ,0 
649,16.2 ,-0.000190643 ,0 
650,16.225 ,-0.000184319 ,0 
651,16.25 ,-0.0001782 ,0 
652,16.275 ,-0.000172277 ,0 
653,16.3 ,-0.000166547 ,0 
654,16.325 ,-0.000161001 ,0 
655,16.35 ,-0.000155636 ,0 
656,16.375 ,-0.000150444 ,0 
657,16.4 ,-0.000145421 ,0 
658,16.425 ,-0.000140561 ,0 
659,16.45 ,-0.000135859 ,0 
660,16.475 ,-0.00013131 ,0 
661,16.5 ,-0.00012691 ,0 
662,16.525 ,-0.000122653 ,0 
663,16.55 ,-0.000118536 ,0 
664,16.575 ,-0.000114553 ,0 
665,16.6 ,-0.0001107 ,0 
666,16.625 ,-0.000106974 ,0 
667,16.65 ,-0.00010337 ,0 
668,16.675 ,-9.98841e-05 ,0 
669,16.7 ,-9.6513e-05 ,0 
670,16.725 ,-9.32529e-05 ,0 
671,16.75 ,-9.01001e-05 ,0 
672,16.775 ,-8.70513e-05 ,0 
673,16.8 ,-8.41032e-05 ,0 
674,16.825 ,-8.12524e-05 ,0 
675,16.85 ,-7.8496e-05 ,0 
676,16.875 ,-7.58308e-05 ,0 
677,16.9 ,-7.32539e-05 ,0 
678,16.925 ,-7.07625e-05 ,0 
679,16.95 ,-6.83538e-05 ,0 
680,16.975 ,-6.60252e-05 ,0 
681,17 ,-6.3774e-05 ,0 
682,17.025 ,-6.15978e-05 ,0 
683,17.05 ,-5.94942e-05 ,0 
684,17.075 ,-5.74607e-05 ,0 
685,17.1 ,-5.54951e-05 ,0 
686,17.125 ,-5.35953e-05 ,0 
687,17.15 ,-5.17589e-05 ,0 
688,17.175 ,-4.99841e-05 ,0 
689,17.2 ,-4.82688e-05 ,0 
690,17.225 ,-4.6611e-05 ,0 
691,17.25 ,-4.50089e-05 ,0 
692,17.275 ,-4.34606e-05 ,0 
693,17.3 ,-4.19645e-05 ,0 
694,17.325 ,-4.05187e-05 ,0 
695,17.35 ,-3.91216e-05 ,0 
696,17.375 ,-3.77716e-05 ,0 
697,17.4 ,-3.64673e-05 ,0 
698,17.425 ,-3.5207e-05 ,0 
699,17.45 ,-3.39893e-05 ,0 
700,17.475 ,-3.28128e-05 ,0 
701,17.5 ,-3.16762e-05 ,0 
702,17.525 ,-3.05782e-05 ,0 
703,17.55 ,-2.95174e-05 ,0 
704,17.575 ,-2.84926e-05 ,0 
705,17.6 ,-2.75027e-05 ,0 
706,17.625 ,-2.65465e-05 ,0 
707,17.65 ,-2.56228e-05 ,0 
708,17.675 ,-2.47306e-05 ,0 
709,17.7 ,-2.38689e-05 ,0 
710,17.725 ,-2.30366e-05 ,0 
711,17.75 ,-2.22327e-05 ,0 
712,17.775 ,-2.14563e-05 ,0 
713,17.8 ,-2.07064e-05 ,0 
714,17.825 ,-1.99823e-05 ,0 
715,17.85 ,-1.9283e-05 ,0 
716,17.875 ,-1.86076e-05 ,0 
717,17.9 ,-1.79555e-05 ,0 
718,17.925 ,-1.73258e-05 ,0 
719,17.95 ,-1.67177e-05 ,0 
720,17.975 ,-1.61305e-05 ,0 
721,18 ,-1.55636e-05 ,0 
722,18.025 ,-1.50163e-05 ,0 
723,18.05 ,-1.44878e-05 ,0 
724,18.075 ,-1.39775e-05 ,0 
725,18.1 ,-1.34849e-05 ,0 
726,18.125 ,-1.30094e-05 ,0 
727,18.15 ,-1.25502e-05 ,0 
728,18.175 ,-1.2107e-05 ,0 
729,18.2 ,-1.16792e-05 ,0 
730,18.225 ,-1.12662e-05 ,0 
731,18.25 ,-1.08675e-05 ,0 
732,18.275 ,-1.04827e-05 ,0 
733,18.3 ,-1.01112e-05 ,0 
734,18.325 ,-9.75272e-06 ,0 
735,18.35 ,-9.40668e-06 ,0 
736,18.375 ,-9.07271e-06 ,0 
737,18.4 ,-8.75038e-06 ,0 
738,18.425 ,-8.43929e-06 ,0 
739,18.45 ,-8.13907e-06 ,0 
740,18.475 ,-7.84935e-06 ,0 
741,18.5 ,-7.56975e-06 ,0 
742,18.525 ,-7.29994e-06 ,0 
743,18.55 ,-7.03958e-06 ,0 
744,18.575 ,-6.78835e-06 ,0 
745,18.6 ,-6.54592e-06 ,0 
746,18.625 ,-6.31201e-06 ,0 
747,18.65 ,-6.08631e-06 ,0 
748,18.675 ,-5.86854e-06 ,0 
749,18.7 ,-5.65844e-06 ,0 
750,18.725 ,-5.45572e-06 ,0 
751,18.75 ,-5.26015e-06 ,0 
752,18.775 ,-5.07147e-06 ,0 
753,18.8 ,-4.88945e-06 ,0 
754,18.825 ,-4.71385e-06 ,0 
755,18.85 ,-4.54445e-06 ,0 
756,18.875 ,-4.38104e-06 ,0 
757,18.9 ,-4.2234e-06 ,0 
758,18.925 ,-4.07135e-06 ,0 
759,18.95 ,-3.92468e-06 ,0 
760,18.975 ,-3.7832e-06 ,0 
761,19 ,-3.64675e-06 ,0 
762,19.025 ,-3.51513e-06 ,0 
763,19.05 ,-3.38819e-06 ,0 
764,19.075 ,-3.26576e-06 ,0 
765,19.1 ,-3.14768e-06 ,0 
766,19.125 ,-3.0338e-06 ,0 
767,19.15 ,-2.92397e-06 ,0 
768,19.175 ,-2.81806e-06 ,0 
769,19.2 ,-2.71592e-06 ,0 
770,19.225 ,-2.61742e-06 ,0 
771,19.25 ,-2.52244e-06 ,0 
772,19.275 ,-2.43085e-06 ,0 
773,19.3 ,-2.34253e-06 ,0 
774,19.325 ,-2.25737e-06 ,0 
775,19.35 ,-2.17526e-06 ,0 
776,19.375 ,-2.09608e-06 ,0 
777,19.4 ,-2.01974e-06 ,0 
778,19.425 ,-1.94614e-06 ,0 
779,19.45 ,-1.87517e-06 ,0 
780,19.475 ,-1.80675e-06 ,0 
781,19.5 ,-1.74079e-06 ,0 
782,19.525 ,-1.67719e-06 ,0 
783,19.55 ,-1.61588e-06 ,0 
784,19.575 ,-1.55678e-06 ,0 
785,19.6 ,-1.4998e-06 ,0 
786,19.625 ,-1.44487e-06 ,0 
787,19.65 ,-1.39192e-06 ,0 
788,19.675 ,-1.34088e-06 ,0 
789,19.7 ,-1.29167e-06 ,0 
790,19.725 ,-1.24424e-06 ,0 
791,19.75 ,-1.19853e-06 ,0 
792,19.775 ,-1.15446e-06 ,0 
793,19.8 ,-1.11198e-06 ,0 
794,19.825 ,-1.07104e-06 ,0 
795,19.85 ,-1.03158e-06 ,0 
796,19.875 ,-9.93545e-07 ,0 
797,19.9 ,-9.56886e-07 ,0 
798,19.925 ,-9.21553e-07 ,0 
799,19.95 ,-8.875e-07 ,0 
800,19.975 ,-8.54679e-07 ,0 
801,20 ,-8.23047e-07 ,0 
802,20.025 ,-7.92562e-07 ,0 
803,20.05 ,-7.63181e-07 ,0 
804,20.075 ,-7.34865e-07 ,0 
805,20.1 ,-7.07576e-07 ,0 
806,20.125 ,-6.81277e-07 ,0 
807,20.15 ,-6.55931e-07 ,0 
808,20.175 ,-6.31505e-07 ,0 
809,20.2 ,-6.07965e-07 ,0 
810,20.225 ,-5.85279e-07 ,0 
811,20.25 ,-5.63416e-07 ,0 
812,20.275 ,-5.42346e-07 ,0 
813,20.3 ,-5.2204e-07 ,0 
814,20.325 ,-5.02471e-07 ,0 
815,20.35 ,-4.83611e-07 ,0 
816,20.375 ,-4.65435e-07 ,0 
817,20.4 ,-4.47917e-07 ,0 
818,20.425 ,-4.31034e-07 ,0 
819,20.45 ,-4.14763e-07 ,0 
820,20.475 ,-3.9908e-07 ,0 
821,20.5 ,-3.83964e-07 ,0 
822,20.525 ,-3.69394e-07 ,0 
823,20.55 ,-3.55351e-07 ,0 
824,20.575 ,-3.41814e-07 ,0 
825,20.6 ,-3.28764e-07 ,0 
826,20.625 ,-3.16185e-07 ,0 
827,20.65 ,-3.04057e-07 ,0 
828,20.675 ,-2.92365e-07 ,0 
829,20.7 ,-2.81091e-07 ,0 
830,20.725 ,-2.70221e-07 ,0 
831,20.75 ,-2.59738e-07 ,0 
832,20.775 ,-2.49629e-07 ,0 
833,20.8 ,-2.39878e-07 ,0 
834,20.825 ,-2.30474e-07 ,0 
835,20.85 ,-2.21401e-07 ,0 
836,20.875 ,-2.12648e-07 ,0 
837,20.9 ,-2.04201e-07 ,0 
838,20.925 ,-1.9605e-07 ,0 
839,20.95 ,-1.88183e-07 ,0 
840,20.975 ,-1.80588e-07 ,0 
841,21 ,-1.73255e-07 ,0 
842,21.025 ,-1.66174e-07 ,0 
843,21.05 ,-1.59334e-07 ,0 
844,21.075 ,-1.52725e-07 ,0 
845,21.1 ,-1.46339e-07 ,0 
846,21.125 ,-1.40166e-07 ,0 
847,21.15 ,-1.34197e-07 ,0 
848,21.175 ,-1.28424e-07 ,0 
849,21.2 ,-1.22839e-07 ,0 
850,21.225 ,-1.17433e-07 ,0 
851,21.25 ,-1.12199e-07 ,0 
852,21.275 ,-1.0713e-07 ,0 
853,21.3 ,-1.02218e-07 ,0 
854,21.325 ,-9.74552e-08 ,0 
855,21.35 ,-9.28361e-08 ,0 
856,21.375 ,-8.83534e-08 ,0 
857,21.4 ,-8.40008e-08 ,0 
858,21.425 ,-7.9772e-08 ,0 
859,21.45 ,-7.56607e-08 ,0 
860,21.475 ,-7.16611e-08 ,0 
861,21.5 ,-6.77674e-08 ,0 
862,21.525 ,-6.39738e-08 ,0 
863,21.55 ,-6.02749e-08 ,0 
864,21.575 ,-5.66653e-08 ,0 
865,21.6 ,-5.31397e-08 ,0 
866,21.625 ,-4.96929e-08 ,0 
867,21.65 ,-4.63199e-08 ,0 
868,21.675 ,-4.30158e-08 ,0 
869,21.7 ,-3.97757e-08 ,0 
870,21.725 ,-3.65948e-08 ,0 
871,21.75 ,-3.34684e-08 ,0 
872,21.775 ,-3.0392e-08 ,0 
873,21.8 ,-2.73609e-08 ,0 
874,21.825 ,-2.43707e-08 ,0 
875,21.85 ,-2.1417e-08 ,0 
876,21.875 ,-1.84953e-08 ,0 
877,21.9 ,-1.56013e-08 ,0 
878,21.925 ,-1.27307e-08 ,0 
879,21.95 ,-9.87921e-09 ,0 
880,21.975 ,-7.04257e-09 ,0 
881,22 ,-4.2165e-09 ,0 
882,22.025 ,-1.39679e-09 ,0 
883,22.05 ,1.42083e-09 ,0 
884,22.075 ,4.24059e-09 ,0 
885,22.1 ,7.06674e-09 ,0 
886,22.125 ,9.90356e-09 ,0 
887,22.15 ,1.27553e-08 ,0 
888,22.175 ,1.56264e-08 ,0 
889,22.2 ,1.85211e-08 ,0 
890,22.225 ,2.14439e-08 ,0 
891,22.25 ,2.43992e-08 ,0 
892,22.275 ,2.73915e-08 ,0 
893,22.3 ,3.04254e-08 ,0 
894,22.325 ,3.35055e-08 ,0 
895,22.35 ,3.66366e-08 ,0 
896,22.375 ,3.98234e-08 ,0 
897,22.4 ,4.3071e-08 ,0 
898,22.425 ,4.63841e-08 ,0 
899,22.45 ,4.97681e-08 ,0 
900,22.475 ,5.3228e-08 ,0 
901,22.5 ,5.67693e-08 ,0 
902,22.525 ,6.03974e-08 ,0 
903,22.55 ,6.4118e-08 ,0 
904,22.575 ,6.79368e-08 ,0 
905,22.6 ,7.18597e-08 ,0 
906,22.625 ,7.58929e-08 ,0 
907,22.65 ,8.00426e-08 ,0 
908,22.675 ,8.43153e-08 ,0 
909,22.7 ,8.87177e-08 ,0 
910,22.725 ,9.32567e-08 ,0 
911,22.75 ,9.79392e-08 ,0 
912,22.775 ,1.02773e-07 ,0 
913,22.8 ,1.07765e-07 ,0 
914,22.825 ,1.12923e-07 ,0 
915,22.85 ,1.18256e-07 ,0 
916,22.875 ,1.23772e-07 ,0 
917,22.9 ,1.29479e-07 ,0 
918,22.925 ,1.35387e-07 ,0 
919,22.95 ,1.41505e-07 ,0 
920,22.975 ,1.47842e-07 ,0 
921,23 ,1.54409e-07 ,0 
922,23.025 ,1.61215e-07 ,0 
923,23.05 ,1.68272e-07 ,0 
924,23.075 ,1.75591e-07 ,0 
925,23.1 ,1.83183e-07 ,0 
926,23.125 ,1.91061e-07 ,0 
927,23.15 ,1.99236e-07 ,0 
928,23.175 ,2.07722e-07 ,0 
929,23.2 ,2.16533e-07 ,0 
930,23.225 ,2.25682e-07 ,0 
931,23.25 ,2.35184e-07 ,0 
932,23.275 ,2.45054e-07 ,0 
933,23.3 ,2.55307e-07 ,0 
934,23.325 ,2.65961e-07 ,0 
935,23.35 ,2.77032e-07 ,0 
936,23.375 ,2.88537e-07 ,0 
937,23.4 ,3.00496e-07 ,0 
938,23.425 ,3.12927e-07 ,0 
939,23.45 ,3.2585e-07 ,0 
940,23.475 ,3.39286e-07 ,0 
941,23.5 ,3.53256e-07 ,0 
942,23.525 ,3.67783e-07 ,0 
943,23.55 ,3.82891e-07 ,0 
944,23.575 ,3.98602e-07 ,0 
945,23.6 ,4.14943e-07 ,0 
946,23.625 ,4.3194e-07 ,0 
947,23.65 ,4.4962e-07 ,0 
948,23.675 ,4.68012e-07 ,0 
949,23.7 ,4.87145e-07 ,0 
950,23.725 ,5.0705e-07 ,0 
951,23.75 ,5.2776e-07 ,0 
952,23.775 ,5.49307e-07 ,0 
953,23.8 ,5.71726e-07 ,0 
954,23.825 ,5.95055e-07 ,0 
955,23.85 ,6.19329e-07 ,0 
956,23.875 ,6.44589e-07 ,0 
957,23.9 ,6.70876e-07 ,0 
958,23.925 ,6.98232e-07 ,0 
959,23.95 ,7.26702e-07 ,0 
960,23.975 ,7.56331e-07 ,0 
961,24 ,7.87168e-07 ,0 
962,24.025 ,8.19263e-07 ,0 
963,24.05 ,8.52668e-07 ,0 
964,24.075 ,8.87438e-07 ,0 
965,24.1 ,9.23628e-07 ,0 
966,24.125 ,9.61298e-07 ,0 
967,24.15 ,1.00051e-06 ,0 
968,24.175 ,1.04133e-06 ,0 
969,24.2 ,1.08382e-06 ,0 
970,24.225 ,1.12804e-06 ,0 
971,24.25 ,1.17409e-06 ,0 
972,24.275 ,1.22202e-06 ,0 
973,24.3 ,1.27192e-06 ,0 
974,24.325 ,1.32387e-06 ,0 
975,24.35 ,1.37795e-06 ,0 
976,24.375 ,1.43425e-06 ,0 
977,24.4 ,1.49287e-06 ,0 
978,24.425 ,1.5539e-06 ,0 
979,24.45 ,1.61744e-06 ,0 
980,24.475 ,1.68359e-06 ,0 
981,24.5 ,1.75247e-06 ,0 
982,24.525 ,1.82419e-06 ,0 
983,24.55 ,1.89886e-06 ,0 
984,24.575 ,1.97661e-06 ,0 
985,24.6 ,2.05757e-06 ,0 
986,24.625 ,2.14186e-06 ,0 
987,24.65 ,2.22964e-06 ,0 
988,24.675 ,2.32104e-06 ,0 
989,24.7 ,2.41621e-06 ,0 
990,24.725 ,2.51531e-06 ,0 
991,24.75 ,2.61851e-06 ,0 
992,24.775 ,2.72598e-06 ,0 
993,24.8 ,2.83789e-06 ,0 
994,24.825 ,2.95443e-06 ,0 
995,24.85 ,3.07579e-06 ,0 
996,24.875 ,3.20217e-06 ,0 
997,24.9 ,3.33379e-06 ,0 
998,24.925 ,3.47086e-06 ,0 
999,24.95 ,3.6136e-06 ,0 
1000,24.975 ,3.76227e-06 ,0 