
1,0.025 ,0.000508609 ,0 
2,0.05 ,0.000508609 ,0 
3,0.075 ,0.000690816 ,0 
4,0.1 ,0.000897629 ,0 
5,0.125 ,0.00111135 ,0 
6,0.15 ,0.00132763 ,0 
7,0.175 ,0.00154496 ,0 
8,0.2 ,0.00176266 ,0 
9,0.225 ,0.0019804 ,0 
10,0.25 ,0.00219799 ,0 
11,0.275 ,0.00241528 ,0 
12,0.3 ,0.00263219 ,0 
13,0.325 ,0.00284863 ,0 
14,0.35 ,0.00306454 ,0 
15,0.375 ,0.00327985 ,0 
16,0.4 ,0.00349452 ,0 
17,0.425 ,0.00370849 ,0 
18,0.45 ,0.00392171 ,0 
19,0.475 ,0.00413414 ,0 
20,0.5 ,0.00434572 ,0 
21,0.525 ,0.00455642 ,0 
22,0.55 ,0.00476619 ,0 
23,0.575 ,0.00497498 ,0 
24,0.6 ,0.00518275 ,0 
25,0.625 ,0.00538946 ,0 
26,0.65 ,0.00559506 ,0 
27,0.675 ,0.00579952 ,0 
28,0.7 ,0.00600279 ,0 
29,0.725 ,0.00620483 ,0 
30,0.75 ,0.0064056 ,0 
31,0.775 ,0.00660507 ,0 
32,0.8 ,0.00680318 ,0 
33,0.825 ,0.00699991 ,0 
34,0.85 ,0.00719521 ,0 
35,0.875 ,0.00738904 ,0 
36,0.9 ,0.00758138 ,0 
37,0.925 ,0.00777217 ,0 
38,0.95 ,0.00796138 ,0 
39,0.975 ,0.00814899 ,0 
40,1 ,0.00833494 ,0 
41,1.025 ,0.00851921 ,0 
42,1.05 ,0.00870177 ,0 
43,1.075 ,0.00888257 ,0 
44,1.1 ,0.00906158 ,0 
45,1.125 ,0.00923877 ,0 
46,1.15 ,0.00941411 ,0 
47,1.175 ,0.00958757 ,0 
48,1.2 ,0.00975911 ,0 
49,1.225 ,0.0099287 ,0 
50,1.25 ,0.0100963 ,0 
51,1.275 ,0.0102619 ,0 
52,1.3 ,0.0104255 ,0 
53,1.325 ,0.010587 ,0 
54,1.35 ,0.0107464 ,0 
55,1.375 ,0.0109037 ,0 
56,1.4 ,0.0110589 ,0 
57,1.425 ,0.0112119 ,0 
58,1.45 ,0.0113626 ,0 
59,1.475 ,0.0115112 ,0 
60,1.5 ,0.0116575 ,0 
61,1.525 ,0.0118016 ,0 
62,1.55 ,0.0119433 ,0 
63,1.575 ,0.0120828 ,0 
64,1.6 ,0.0122199 ,0 
65,1.625 ,0.0123546 ,0 
66,1.65 ,0.012487 ,0 
67,1.675 ,0.0126169 ,0 
68,1.7 ,0.0127445 ,0 
69,1.725 ,0.0128696 ,0 
70,1.75 ,0.0129923 ,0 
71,1.775 ,0.0131125 ,0 
72,1.8 ,0.0132303 ,0 
73,1.825 ,0.0133455 ,0 
74,1.85 ,0.0134582 ,0 
75,1.875 ,0.0135684 ,0 
76,1.9 ,0.0136761 ,0 
77,1.925 ,0.0137812 ,0 
78,1.95 ,0.0138837 ,0 
79,1.975 ,0.0139837 ,0 
80,2 ,0.014081 ,0 
81,2.025 ,0.0141758 ,0 
82,2.05 ,0.014268 ,0 
83,2.075 ,0.0143576 ,0 
84,2.1 ,0.0144446 ,0 
85,2.125 ,0.0145289 ,0 
86,2.15 ,0.0146106 ,0 
87,2.175 ,0.0146897 ,0 
88,2.2 ,0.0147661 ,0 
89,2.225 ,0.0148399 ,0 
90,2.25 ,0.014911 ,0 
91,2.275 ,0.0149795 ,0 
92,2.3 ,0.0150453 ,0 
93,2.325 ,0.0151085 ,0 
94,2.35 ,0.015169 ,0 
95,2.375 ,0.0152269 ,0 
96,2.4 ,0.0152821 ,0 
97,2.425 ,0.0153347 ,0 
98,2.45 ,0.0153846 ,0 
99,2.475 ,0.0154319 ,0 
100,2.5 ,0.0154765 ,0 
101,2.525 ,0.0155185 ,0 
102,2.55 ,0.0155578 ,0 
103,2.575 ,0.0155946 ,0 
104,2.6 ,0.0156287 ,0 
105,2.625 ,0.0156602 ,0 
106,2.65 ,0.015689 ,0 
107,2.675 ,0.0157153 ,0 
108,2.7 ,0.015739 ,0 
109,2.725 ,0.0157601 ,0 
110,2.75 ,0.0157787 ,0 
111,2.775 ,0.0157946 ,0 
112,2.8 ,0.0158081 ,0 
113,2.825 ,0.015819 ,0 
114,2.85 ,0.0158273 ,0 
115,2.875 ,0.0158332 ,0 
116,2.9 ,0.0158365 ,0 
117,2.925 ,0.0158374 ,0 
118,2.95 ,0.0158358 ,0 
119,2.975 ,0.0158317 ,0 
120,3 ,0.0158252 ,0 
121,3.025 ,0.0158162 ,0 
122,3.05 ,0.0158049 ,0 
123,3.075 ,0.0157911 ,0 
124,3.1 ,0.015775 ,0 
125,3.125 ,0.0157565 ,0 
126,3.15 ,0.0157357 ,0 
127,3.175 ,0.0157126 ,0 
128,3.2 ,0.0156872 ,0 
129,3.225 ,0.0156594 ,0 
130,3.25 ,0.0156295 ,0 
131,3.275 ,0.0155972 ,0 
132,3.3 ,0.0155628 ,0 
133,3.325 ,0.0155262 ,0 
134,3.35 ,0.0154873 ,0 
135,3.375 ,0.0154464 ,0 
136,3.4 ,0.0154033 ,0 
137,3.425 ,0.0153581 ,0 
138,3.45 ,0.0153108 ,0 
139,3.475 ,0.0152614 ,0 
140,3.5 ,0.01521 ,0 
141,3.525 ,0.0151566 ,0 
142,3.55 ,0.0151012 ,0 
143,3.575 ,0.0150439 ,0 
144,3.6 ,0.0149846 ,0 
145,3.625 ,0.0149234 ,0 
146,3.65 ,0.0148603 ,0 
147,3.675 ,0.0147953 ,0 
148,3.7 ,0.0147285 ,0 
149,3.725 ,0.0146599 ,0 
150,3.75 ,0.0145895 ,0 
151,3.775 ,0.0145174 ,0 
152,3.8 ,0.0144435 ,0 
153,3.825 ,0.014368 ,0 
154,3.85 ,0.0142907 ,0 
155,3.875 ,0.0142119 ,0 
156,3.9 ,0.0141314 ,0 
157,3.925 ,0.0140493 ,0 
158,3.95 ,0.0139656 ,0 
159,3.975 ,0.0138804 ,0 
160,4 ,0.0137938 ,0 
161,4.025 ,0.0137056 ,0 
162,4.05 ,0.013616 ,0 
163,4.075 ,0.013525 ,0 
164,4.1 ,0.0134325 ,0 
165,4.125 ,0.0133388 ,0 
166,4.15 ,0.0132437 ,0 
167,4.175 ,0.0131473 ,0 
168,4.2 ,0.0130496 ,0 
169,4.225 ,0.0129507 ,0 
170,4.25 ,0.0128505 ,0 
171,4.275 ,0.0127492 ,0 
172,4.3 ,0.0126467 ,0 
173,4.325 ,0.0125431 ,0 
174,4.35 ,0.0124384 ,0 
175,4.375 ,0.0123326 ,0 
176,4.4 ,0.0122258 ,0 
177,4.425 ,0.012118 ,0 
178,4.45 ,0.0120092 ,0 
179,4.475 ,0.0118994 ,0 
180,4.5 ,0.0117887 ,0 
181,4.525 ,0.0116771 ,0 
182,4.55 ,0.0115647 ,0 
183,4.575 ,0.0114514 ,0 
184,4.6 ,0.0113373 ,0 
185,4.625 ,0.0112224 ,0 
186,4.65 ,0.0111068 ,0 
187,4.675 ,0.0109904 ,0 
188,4.7 ,0.0108734 ,0 
189,4.725 ,0.0107556 ,0 
190,4.75 ,0.0106373 ,0 
191,4.775 ,0.0105183 ,0 
192,4.8 ,0.0103987 ,0 
193,4.825 ,0.0102786 ,0 
194,4.85 ,0.010158 ,0 
195,4.875 ,0.0100368 ,0 
196,4.9 ,0.00991516 ,0 
197,4.925 ,0.00979307 ,0 
198,4.95 ,0.00967055 ,0 
199,4.975 ,0.00954764 ,0 
200,5 ,0.00942434 ,0 
201,5.025 ,0.00930071 ,0 
202,5.05 ,0.00917674 ,0 
203,5.075 ,0.00905248 ,0 
204,5.1 ,0.00892794 ,0 
205,5.125 ,0.00880315 ,0 
206,5.15 ,0.00867814 ,0 
207,5.175 ,0.00855291 ,0 
208,5.2 ,0.00842751 ,0 
209,5.225 ,0.00830195 ,0 
210,5.25 ,0.00817624 ,0 
211,5.275 ,0.00805042 ,0 
212,5.3 ,0.00792451 ,0 
213,5.325 ,0.00779852 ,0 
214,5.35 ,0.00767247 ,0 
215,5.375 ,0.0075464 ,0 
216,5.4 ,0.0074203 ,0 
217,5.425 ,0.00729422 ,0 
218,5.45 ,0.00716815 ,0 
219,5.475 ,0.00704214 ,0 
220,5.5 ,0.00691618 ,0 
221,5.525 ,0.0067903 ,0 
222,5.55 ,0.00666452 ,0 
223,5.575 ,0.00653885 ,0 
224,5.6 ,0.00641332 ,0 
225,5.625 ,0.00628794 ,0 
226,5.65 ,0.00616272 ,0 
227,5.675 ,0.00603769 ,0 
228,5.7 ,0.00591285 ,0 
229,5.725 ,0.00578823 ,0 
230,5.75 ,0.00566383 ,0 
231,5.775 ,0.00553969 ,0 
232,5.8 ,0.0054158 ,0 
233,5.825 ,0.00529218 ,0 
234,5.85 ,0.00516886 ,0 
235,5.875 ,0.00504583 ,0 
236,5.9 ,0.00492312 ,0 
237,5.925 ,0.00480075 ,0 
238,5.95 ,0.00467871 ,0 
239,5.975 ,0.00455703 ,0 
240,6 ,0.00443572 ,0 
241,6.025 ,0.00431479 ,0 
242,6.05 ,0.00419426 ,0 
243,6.075 ,0.00407412 ,0 
244,6.1 ,0.00395441 ,0 
245,6.125 ,0.00383513 ,0 
246,6.15 ,0.00371628 ,0 
247,6.175 ,0.00359788 ,0 
248,6.2 ,0.00347995 ,0 
249,6.225 ,0.00336249 ,0 
250,6.25 ,0.00324551 ,0 
251,6.275 ,0.00312902 ,0 
252,6.3 ,0.00301304 ,0 
253,6.325 ,0.00289757 ,0 
254,6.35 ,0.00278262 ,0 
255,6.375 ,0.0026682 ,0 
256,6.4 ,0.00255431 ,0 
257,6.425 ,0.00244098 ,0 
258,6.45 ,0.00232821 ,0 
259,6.475 ,0.00221599 ,0 
260,6.5 ,0.00210436 ,0 
261,6.525 ,0.0019933 ,0 
262,6.55 ,0.00188284 ,0 
263,6.575 ,0.00177297 ,0 
264,6.6 ,0.0016637 ,0 
265,6.625 ,0.00155504 ,0 
266,6.65 ,0.00144701 ,0 
267,6.675 ,0.0013396 ,0 
268,6.7 ,0.00123282 ,0 
269,6.725 ,0.00112668 ,0 
270,6.75 ,0.00102118 ,0 
271,6.775 ,0.000916334 ,0 
272,6.8 ,0.000812144 ,0 
273,6.825 ,0.000708617 ,0 
274,6.85 ,0.000605758 ,0 
275,6.875 ,0.000503572 ,0 
276,6.9 ,0.000402065 ,0 
277,6.925 ,0.000301241 ,0 
278,6.95 ,0.000201106 ,0 
279,6.975 ,0.000101664 ,0 
280,7 ,2.91981e-06 ,0 
281,7.025 ,-9.51216e-05 ,0 
282,7.05 ,-0.000192456 ,0 
283,7.075 ,-0.00028908 ,0 
284,7.1 ,-0.000384989 ,0 
285,7.125 ,-0.000480179 ,0 
286,7.15 ,-0.000574646 ,0 
287,7.175 ,-0.000668388 ,0 
288,7.2 ,-0.0007614 ,0 
289,7.225 ,-0.000853679 ,0 
290,7.25 ,-0.000945222 ,0 
291,7.275 ,-0.00103603 ,0 
292,7.3 ,-0.00112609 ,0 
293,7.325 ,-0.00121541 ,0 
294,7.35 ,-0.00130398 ,0 
295,7.375 ,-0.0013918 ,0 
296,7.4 ,-0.00147886 ,0 
297,7.425 ,-0.00156518 ,0 
298,7.45 ,-0.00165073 ,0 
299,7.475 ,-0.00173553 ,0 
300,7.5 ,-0.00181957 ,0 
301,7.525 ,-0.00190284 ,0 
302,7.55 ,-0.00198536 ,0 
303,7.575 ,-0.0020671 ,0 
304,7.6 ,-0.00214808 ,0 
305,7.625 ,-0.00222829 ,0 
306,7.65 ,-0.00230773 ,0 
307,7.675 ,-0.0023864 ,0 
308,7.7 ,-0.0024643 ,0 
309,7.725 ,-0.00254143 ,0 
310,7.75 ,-0.00261778 ,0 
311,7.775 ,-0.00269336 ,0 
312,7.8 ,-0.00276816 ,0 
313,7.825 ,-0.00284219 ,0 
314,7.85 ,-0.00291544 ,0 
315,7.875 ,-0.00298792 ,0 
316,7.9 ,-0.00305962 ,0 
317,7.925 ,-0.00313054 ,0 
318,7.95 ,-0.00320069 ,0 
319,7.975 ,-0.00327006 ,0 
320,8 ,-0.00333866 ,0 
321,8.025 ,-0.00340648 ,0 
322,8.05 ,-0.00347352 ,0 
323,8.075 ,-0.00353979 ,0 
324,8.1 ,-0.00360528 ,0 
325,8.125 ,-0.00367 ,0 
326,8.15 ,-0.00373395 ,0 
327,8.175 ,-0.00379712 ,0 
328,8.2 ,-0.00385952 ,0 
329,8.225 ,-0.00392115 ,0 
330,8.25 ,-0.00398201 ,0 
331,8.275 ,-0.0040421 ,0 
332,8.3 ,-0.00410142 ,0 
333,8.325 ,-0.00415998 ,0 
334,8.35 ,-0.00421777 ,0 
335,8.375 ,-0.00427479 ,0 
336,8.4 ,-0.00433105 ,0 
337,8.425 ,-0.00438655 ,0 
338,8.45 ,-0.00444129 ,0 
339,8.475 ,-0.00449527 ,0 
340,8.5 ,-0.00454849 ,0 
341,8.525 ,-0.00460096 ,0 
342,8.55 ,-0.00465267 ,0 
343,8.575 ,-0.00470363 ,0 
344,8.6 ,-0.00475384 ,0 
345,8.625 ,-0.0048033 ,0 
346,8.65 ,-0.00485202 ,0 
347,8.675 ,-0.00489999 ,0 
348,8.7 ,-0.00494722 ,0 
349,8.725 ,-0.00499371 ,0 
350,8.75 ,-0.00503946 ,0 
351,8.775 ,-0.00508447 ,0 
352,8.8 ,-0.00512876 ,0 
353,8.825 ,-0.00517231 ,0 
354,8.85 ,-0.00521513 ,0 
355,8.875 ,-0.00525722 ,0 
356,8.9 ,-0.00529859 ,0 
357,8.925 ,-0.00533924 ,0 
358,8.95 ,-0.00537917 ,0 
359,8.975 ,-0.00541839 ,0 
360,9 ,-0.00545689 ,0 
361,9.025 ,-0.00549468 ,0 
362,9.05 ,-0.00553176 ,0 
363,9.075 ,-0.00556814 ,0 
364,9.1 ,-0.00560381 ,0 
365,9.125 ,-0.00563878 ,0 
366,9.15 ,-0.00567306 ,0 
367,9.175 ,-0.00570664 ,0 
368,9.2 ,-0.00573953 ,0 
369,9.225 ,-0.00577173 ,0 
370,9.25 ,-0.00580324 ,0 
371,9.275 ,-0.00583408 ,0 
372,9.3 ,-0.00586423 ,0 
373,9.325 ,-0.00589371 ,0 
374,9.35 ,-0.00592252 ,0 
375,9.375 ,-0.00595065 ,0 
376,9.4 ,-0.00597812 ,0 
377,9.425 ,-0.00600493 ,0 
378,9.45 ,-0.00603107 ,0 
379,9.475 ,-0.00605656 ,0 
380,9.5 ,-0.00608139 ,0 
381,9.525 ,-0.00610558 ,0 
382,9.55 ,-0.00612911 ,0 
383,9.575 ,-0.00615201 ,0 
384,9.6 ,-0.00617426 ,0 
385,9.625 ,-0.00619587 ,0 
386,9.65 ,-0.00621686 ,0 
387,9.675 ,-0.00623721 ,0 
388,9.7 ,-0.00625693 ,0 
389,9.725 ,-0.00627603 ,0 
390,9.75 ,-0.00629452 ,0 
391,9.775 ,-0.00631238 ,0 
392,9.8 ,-0.00632964 ,0 
393,9.825 ,-0.00634628 ,0 
394,9.85 ,-0.00636232 ,0 
395,9.875 ,-0.00637776 ,0 
396,9.9 ,-0.0063926 ,0 
397,9.925 ,-0.00640684 ,0 
398,9.95 ,-0.0064205 ,0 
399,9.975 ,-0.00643356 ,0 
400,10 ,-0.00644604 ,0 
401,10.025 ,-0.00645795 ,0 
402,10.05 ,-0.00646927 ,0 
403,10.075 ,-0.00648003 ,0 
404,10.1 ,-0.00649021 ,0 
405,10.125 ,-0.00649983 ,0 
406,10.15 ,-0.00650889 ,0 
407,10.175 ,-0.00651739 ,0 
408,10.2 ,-0.00652534 ,0 
409,10.225 ,-0.00653274 ,0 
410,10.25 ,-0.00653959 ,0 
411,10.275 ,-0.00654589 ,0 
412,10.3 ,-0.00655166 ,0 
413,10.325 ,-0.0065569 ,0 
414,10.35 ,-0.0065616 ,0 
415,10.375 ,-0.00656577 ,0 
416,10.4 ,-0.00656942 ,0 
417,10.425 ,-0.00657256 ,0 
418,10.45 ,-0.00657517 ,0 
419,10.475 ,-0.00657727 ,0 
420,10.5 ,-0.00657887 ,0 
421,10.525 ,-0.00657996 ,0 
422,10.55 ,-0.00658055 ,0 
423,10.575 ,-0.00658064 ,0 
424,10.6 ,-0.00658024 ,0 
425,10.625 ,-0.00657935 ,0 
426,10.65 ,-0.00657797 ,0 
427,10.675 ,-0.00657612 ,0 
428,10.7 ,-0.00657378 ,0 
429,10.725 ,-0.00657097 ,0 
430,10.75 ,-0.00656769 ,0 
431,10.775 ,-0.00656395 ,0 
432,10.8 ,-0.00655974 ,0 
433,10.825 ,-0.00655508 ,0 
434,10.85 ,-0.00654996 ,0 
435,10.875 ,-0.00654438 ,0 
436,10.9 ,-0.00653836 ,0 
437,10.925 ,-0.0065319 ,0 
438,10.95 ,-0.006525 ,0 
439,10.975 ,-0.00651766 ,0 
440,11 ,-0.00650989 ,0 
441,11.025 ,-0.0065017 ,0 
442,11.05 ,-0.00649308 ,0 
443,11.075 ,-0.00648403 ,0 
444,11.1 ,-0.00647458 ,0 
445,11.125 ,-0.00646471 ,0 
446,11.15 ,-0.00645443 ,0 
447,11.175 ,-0.00644374 ,0 
448,11.2 ,-0.00643265 ,0 
449,11.225 ,-0.00642117 ,0 
450,11.25 ,-0.00640929 ,0 
451,11.275 ,-0.00639702 ,0 
452,11.3 ,-0.00638437 ,0 
453,11.325 ,-0.00637133 ,0 
454,11.35 ,-0.00635791 ,0 
455,11.375 ,-0.00634412 ,0 
456,11.4 ,-0.00632996 ,0 
457,11.425 ,-0.00631542 ,0 
458,11.45 ,-0.00630053 ,0 
459,11.475 ,-0.00628527 ,0 
460,11.5 ,-0.00626966 ,0 
461,11.525 ,-0.00625369 ,0 
462,11.55 ,-0.00623738 ,0 
463,11.575 ,-0.00622072 ,0 
464,11.6 ,-0.00620372 ,0 
465,11.625 ,-0.00618637 ,0 
466,11.65 ,-0.0061687 ,0 
467,11.675 ,-0.00615069 ,0 
468,11.7 ,-0.00613236 ,0 
469,11.725 ,-0.0061137 ,0 
470,11.75 ,-0.00609472 ,0 
471,11.775 ,-0.00607542 ,0 
472,11.8 ,-0.00605581 ,0 
473,11.825 ,-0.00603589 ,0 
474,11.85 ,-0.00601567 ,0 
475,11.875 ,-0.00599514 ,0 
476,11.9 ,-0.00597431 ,0 
477,11.925 ,-0.00595319 ,0 
478,11.95 ,-0.00593178 ,0 
479,11.975 ,-0.00591007 ,0 
480,12 ,-0.00588808 ,0 
481,12.025 ,-0.00586581 ,0 
482,12.05 ,-0.00584326 ,0 
483,12.075 ,-0.00582044 ,0 
484,12.1 ,-0.00579735 ,0 
485,12.125 ,-0.00577398 ,0 
486,12.15 ,-0.00575036 ,0 
487,12.175 ,-0.00572647 ,0 
488,12.2 ,-0.00570232 ,0 
489,12.225 ,-0.00567792 ,0 
490,12.25 ,-0.00565327 ,0 
491,12.275 ,-0.00562837 ,0 
492,12.3 ,-0.00560322 ,0 
493,12.325 ,-0.00557784 ,0 
494,12.35 ,-0.00555221 ,0 
495,12.375 ,-0.00552636 ,0 
496,12.4 ,-0.00550027 ,0 
497,12.425 ,-0.00547395 ,0 
498,12.45 ,-0.00544741 ,0 
499,12.475 ,-0.00542064 ,0 
500,12.5 ,-0.00539366 ,0 
501,12.525 ,-0.00536646 ,0 
502,12.55 ,-0.00533905 ,0 
503,12.575 ,-0.00531143 ,0 
504,12.6 ,-0.0052836 ,0 
505,12.625 ,-0.00525558 ,0 
506,12.65 ,-0.00522735 ,0 
507,12.675 ,-0.00519892 ,0 
508,12.7 ,-0.0051703 ,0 
509,12.725 ,-0.0051415 ,0 
510,12.75 ,-0.0051125 ,0 
511,12.775 ,-0.00508332 ,0 
512,12.8 ,-0.00505396 ,0 
513,12.825 ,-0.00502442 ,0 
514,12.85 ,-0.0049947 ,0 
515,12.875 ,-0.00496482 ,0 
516,12.9 ,-0.00493476 ,0 
517,12.925 ,-0.00490454 ,0 
518,12.95 ,-0.00487415 ,0 
519,12.975 ,-0.0048436 ,0 
520,13 ,-0.0048129 ,0 
521,13.025 ,-0.00478204 ,0 
522,13.05 ,-0.00475103 ,0 
523,13.075 ,-0.00471986 ,0 
524,13.1 ,-0.00468856 ,0 
525,13.125 ,-0.00465711 ,0 
526,13.15 ,-0.00462551 ,0 
527,13.175 ,-0.00459378 ,0 
528,13.2 ,-0.00456192 ,0 
529,13.225 ,-0.00452992 ,0 
530,13.25 ,-0.0044978 ,0 
531,13.275 ,-0.00446554 ,0 
532,13.3 ,-0.00443316 ,0 
533,13.325 ,-0.00440066 ,0 
534,13.35 ,-0.00436805 ,0 
535,13.375 ,-0.00433531 ,0 
536,13.4 ,-0.00430246 ,0 
537,13.425 ,-0.0042695 ,0 
538,13.45 ,-0.00423643 ,0 
539,13.475 ,-0.00420326 ,0 
540,13.5 ,-0.00416998 ,0 
541,13.525 ,-0.00413661 ,0 
542,13.55 ,-0.00410313 ,0 
543,13.575 ,-0.00406956 ,0 
544,13.6 ,-0.00403589 ,0 
545,13.625 ,-0.00400214 ,0 
546,13.65 ,-0.0039683 ,0 
547,13.675 ,-0.00393437 ,0 
548,13.7 ,-0.00390035 ,0 
549,13.725 ,-0.00386626 ,0 
550,13.75 ,-0.00383209 ,0 
551,13.775 ,-0.00379784 ,0 
552,13.8 ,-0.00376352 ,0 
553,13.825 ,-0.00372913 ,0 
554,13.85 ,-0.00369466 ,0 
555,13.875 ,-0.00366013 ,0 
556,13.9 ,-0.00362554 ,0 
557,13.925 ,-0.00359089 ,0 
558,13.95 ,-0.00355617 ,0 
559,13.975 ,-0.0035214 ,0 
560,14 ,-0.00348657 ,0 
561,14.025 ,-0.00345169 ,0 
562,14.05 ,-0.00341676 ,0 
563,14.075 ,-0.00338178 ,0 
564,14.1 ,-0.00334675 ,0 
565,14.125 ,-0.00331168 ,0 
566,14.15 ,-0.00327657 ,0 
567,14.175 ,-0.00324141 ,0 
568,14.2 ,-0.00320622 ,0 
569,14.225 ,-0.00317099 ,0 
570,14.25 ,-0.00313573 ,0 
571,14.275 ,-0.00310044 ,0 
572,14.3 ,-0.00306512 ,0 
573,14.325 ,-0.00302977 ,0 
574,14.35 ,-0.00299439 ,0 
575,14.375 ,-0.00295899 ,0 
576,14.4 ,-0.00292357 ,0 
577,14.425 ,-0.00288813 ,0 
578,14.45 ,-0.00285267 ,0 
579,14.475 ,-0.0028172 ,0 
580,14.5 ,-0.00278171 ,0 
581,14.525 ,-0.00274621 ,0 
582,14.55 ,-0.0027107 ,0 
583,14.575 ,-0.00267519 ,0 
584,14.6 ,-0.00263966 ,0 
585,14.625 ,-0.00260413 ,0 
586,14.65 ,-0.0025686 ,0 
587,14.675 ,-0.00253307 ,0 
588,14.7 ,-0.00249754 ,0 
589,14.725 ,-0.00246201 ,0 
590,14.75 ,-0.00242649 ,0 
591,14.775 ,-0.00239097 ,0 
592,14.8 ,-0.00235546 ,0 
593,14.825 ,-0.00231996 ,0 
594,14.85 ,-0.00228448 ,0 
595,14.875 ,-0.002249 ,0 
596,14.9 ,-0.00221354 ,0 
597,14.925 ,-0.0021781 ,0 
598,14.95 ,-0.00214267 ,0 
599,14.975 ,-0.00210727 ,0 
600,15 ,-0.00207188 ,0 
601,15.025 ,-0.00203652 ,0 
602,15.05 ,-0.00200119 ,0 
603,15.075 ,-0.00196588 ,0 
604,15.1 ,-0.0019306 ,0 
605,15.125 ,-0.00189534 ,0 
606,15.15 ,-0.00186012 ,0 
607,15.175 ,-0.00182493 ,0 
608,15.2 ,-0.00178977 ,0 
609,15.225 ,-0.00175465 ,0 
610,15.25 ,-0.00171957 ,0 
611,15.275 ,-0.00168453 ,0 
612,15.3 ,-0.00164952 ,0 
613,15.325 ,-0.00161455 ,0 
614,15.35 ,-0.00157963 ,0 
615,15.375 ,-0.00154475 ,0 
616,15.4 ,-0.00150992 ,0 
617,15.425 ,-0.00147514 ,0 
618,15.45 ,-0.0014404 ,0 
619,15.475 ,-0.00140571 ,0 
620,15.5 ,-0.00137107 ,0 
621,15.525 ,-0.00133648 ,0 
622,15.55 ,-0.00130195 ,0 
623,15.575 ,-0.00126747 ,0 
624,15.6 ,-0.00123305 ,0 
625,15.625 ,-0.00119869 ,0 
626,15.65 ,-0.00116438 ,0 
627,15.675 ,-0.00113014 ,0 
628,15.7 ,-0.00109595 ,0 
629,15.725 ,-0.00106183 ,0 
630,15.75 ,-0.00102777 ,0 
631,15.775 ,-0.00099377 ,0 
632,15.8 ,-0.00095984 ,0 
633,15.825 ,-0.000925977 ,0 
634,15.85 ,-0.000892182 ,0 
635,15.875 ,-0.000858456 ,0 
636,15.9 ,-0.0008248 ,0 
637,15.925 ,-0.000791215 ,0 
638,15.95 ,-0.000757703 ,0 
639,15.975 ,-0.000724265 ,0 
640,16 ,-0.000690901 ,0 
641,16.025 ,-0.000657612 ,0 
642,16.05 ,-0.000624401 ,0 
643,16.075 ,-0.000591267 ,0 
644,16.1 ,-0.000558212 ,0 
645,16.125 ,-0.000525236 ,0 
646,16.15 ,-0.000492341 ,0 
647,16.175 ,-0.000459528 ,0 
648,16.2 ,-0.000426798 ,0 
649,16.225 ,-0.000394151 ,0 
650,16.25 ,-0.000361589 ,0 
651,16.275 ,-0.000329113 ,0 
652,16.3 ,-0.000296722 ,0 
653,16.325 ,-0.00026442 ,0 
654,16.35 ,-0.000232205 ,0 
655,16.375 ,-0.00020008 ,0 
656,16.4 ,-0.000168044 ,0 
657,16.425 ,-0.0001361 ,0 
658,16.45 ,-0.000104247 ,0 
659,16.475 ,-7.24866e-05 ,0 
660,16.5 ,-4.08198e-05 ,0 
661,16.525 ,-9.2472e-06 ,0 
662,16.55 ,2.22304e-05 ,0 
663,16.575 ,5.36121e-05 ,0 
664,16.6 ,8.48973e-05 ,0 
665,16.625 ,0.000116085 ,0 
666,16.65 ,0.000147175 ,0 
667,16.675 ,0.000178165 ,0 
668,16.7 ,0.000209057 ,0 
669,16.725 ,0.000239847 ,0 
670,16.75 ,0.000270537 ,0 
671,16.775 ,0.000301125 ,0 
672,16.8 ,0.00033161 ,0 
673,16.825 ,0.000361993 ,0 
674,16.85 ,0.000392271 ,0 
675,16.875 ,0.000422445 ,0 
676,16.9 ,0.000452513 ,0 
677,16.925 ,0.000482476 ,0 
678,16.95 ,0.000512333 ,0 
679,16.975 ,0.000542082 ,0 
680,17 ,0.000571724 ,0 
681,17.025 ,0.000601257 ,0 
682,17.05 ,0.000630681 ,0 
683,17.075 ,0.000659996 ,0 
684,17.1 ,0.000689201 ,0 
685,17.125 ,0.000718295 ,0 
686,17.15 ,0.000747279 ,0 
687,17.175 ,0.00077615 ,0 
688,17.2 ,0.000804909 ,0 
689,17.225 ,0.000833555 ,0 
690,17.25 ,0.000862088 ,0 
691,17.275 ,0.000890507 ,0 
692,17.3 ,0.000918812 ,0 
693,17.325 ,0.000947002 ,0 
694,17.35 ,0.000975077 ,0 
695,17.375 ,0.00100304 ,0 
696,17.4 ,0.00103088 ,0 
697,17.425 ,0.00105861 ,0 
698,17.45 ,0.00108621 ,0 
699,17.475 ,0.00111371 ,0 
700,17.5 ,0.00114108 ,0 
701,17.525 ,0.00116833 ,0 
702,17.55 ,0.00119547 ,0 
703,17.575 ,0.00122249 ,0 
704,17.6 ,0.00124939 ,0 
705,17.625 ,0.00127616 ,0 
706,17.65 ,0.00130282 ,0 
707,17.675 ,0.00132936 ,0 
708,17.7 ,0.00135577 ,0 
709,17.725 ,0.00138207 ,0 
710,17.75 ,0.00140824 ,0 
711,17.775 ,0.00143429 ,0 
712,17.8 ,0.00146022 ,0 
713,17.825 ,0.00148602 ,0 
714,17.85 ,0.0015117 ,0 
715,17.875 ,0.00153726 ,0 
716,17.9 ,0.0015627 ,0 
717,17.925 ,0.00158801 ,0 
718,17.95 ,0.00161319 ,0 
719,17.975 ,0.00163826 ,0 
720,18 ,0.00166319 ,0 
721,18.025 ,0.00168801 ,0 
722,18.05 ,0.00171269 ,0 
723,18.075 ,0.00173726 ,0 
724,18.1 ,0.00176169 ,0 
725,18.125 ,0.001786 ,0 
726,18.15 ,0.00181019 ,0 
727,18.175 ,0.00183424 ,0 
728,18.2 ,0.00185817 ,0 
729,18.225 ,0.00188198 ,0 
730,18.25 ,0.00190566 ,0 
731,18.275 ,0.00192921 ,0 
732,18.3 ,0.00195263 ,0 
733,18.325 ,0.00197593 ,0 
734,18.35 ,0.00199909 ,0 
735,18.375 ,0.00202213 ,0 
736,18.4 ,0.00204505 ,0 
737,18.425 ,0.00206783 ,0 
738,18.45 ,0.00209049 ,0 
739,18.475 ,0.00211301 ,0 
740,18.5 ,0.00213541 ,0 
741,18.525 ,0.00215768 ,0 
742,18.55 ,0.00217983 ,0 
743,18.575 ,0.00220184 ,0 
744,18.6 ,0.00222372 ,0 
745,18.625 ,0.00224548 ,0 
746,18.65 ,0.00226711 ,0 
747,18.675 ,0.0022886 ,0 
748,18.7 ,0.00230997 ,0 
749,18.725 ,0.00233121 ,0 
750,18.75 ,0.00235232 ,0 
751,18.775 ,0.0023733 ,0 
752,18.8 ,0.00239415 ,0 
753,18.825 ,0.00241487 ,0 
754,18.85 ,0.00243547 ,0 
755,18.875 ,0.00245593 ,0 
756,18.9 ,0.00247626 ,0 
757,18.925 ,0.00249647 ,0 
758,18.95 ,0.00251654 ,0 
759,18.975 ,0.00253648 ,0 
760,19 ,0.0025563 ,0 
761,19.025 ,0.00257598 ,0 
762,19.05 ,0.00259554 ,0 
763,19.075 ,0.00261497 ,0 
764,19.1 ,0.00263426 ,0 
765,19.125 ,0.00265343 ,0 
766,19.15 ,0.00267247 ,0 
767,19.175 ,0.00269138 ,0 
768,19.2 ,0.00271016 ,0 
769,19.225 ,0.00272881 ,0 
770,19.25 ,0.00274733 ,0 
771,19.275 ,0.00276572 ,0 
772,19.3 ,0.00278398 ,0 
773,19.325 ,0.00280211 ,0 
774,19.35 ,0.00282012 ,0 
775,19.375 ,0.00283799 ,0 
776,19.4 ,0.00285574 ,0 
777,19.425 ,0.00287336 ,0 
778,19.45 ,0.00289085 ,0 
779,19.475 ,0.00290821 ,0 
780,19.5 ,0.00292544 ,0 
781,19.525 ,0.00294254 ,0 
782,19.55 ,0.00295952 ,0 
783,19.575 ,0.00297636 ,0 
784,19.6 ,0.00299308 ,0 
785,19.625 ,0.00300968 ,0 
786,19.65 ,0.00302614 ,0 
787,19.675 ,0.00304247 ,0 
788,19.7 ,0.00305868 ,0 
789,19.725 ,0.00307476 ,0 
790,19.75 ,0.00309072 ,0 
791,19.775 ,0.00310654 ,0 
792,19.8 ,0.00312224 ,0 
793,19.825 ,0.00313782 ,0 
794,19.85 ,0.00315326 ,0 
795,19.875 ,0.00316858 ,0 
796,19.9 ,0.00318378 ,0 
797,19.925 ,0.00319884 ,0 
798,19.95 ,0.00321379 ,0 
799,19.975 ,0.0032286 ,0 
800,20 ,0.00324329 ,0 
801,20.025 ,0.00325786 ,0 
802,20.05 ,0.0032723 ,0 
803,20.075 ,0.00328661 ,0 
804,20.1 ,0.0033008 ,0 
805,20.125 ,0.00331486 ,0 
806,20.15 ,0.0033288 ,0 
807,20.175 ,0.00334262 ,0 
808,20.2 ,0.00335631 ,0 
809,20.225 ,0.00336988 ,0 
810,20.25 ,0.00338333 ,0 
811,20.275 ,0.00339665 ,0 
812,20.3 ,0.00340985 ,0 
813,20.325 ,0.00342292 ,0 
814,20.35 ,0.00343587 ,0 
815,20.375 ,0.00344871 ,0 
816,20.4 ,0.00346141 ,0 
817,20.425 ,0.003474 ,0 
818,20.45 ,0.00348646 ,0 
819,20.475 ,0.00349881 ,0 
820,20.5 ,0.00351103 ,0 
821,20.525 ,0.00352313 ,0 
822,20.55 ,0.00353511 ,0 
823,20.575 ,0.00354697 ,0 
824,20.6 ,0.00355871 ,0 
825,20.625 ,0.00357033 ,0 
826,20.65 ,0.00358182 ,0 
827,20.675 ,0.0035932 ,0 
828,20.7 ,0.00360447 ,0 
829,20.725 ,0.00361561 ,0 
830,20.75 ,0.00362663 ,0 
831,20.775 ,0.00363754 ,0 
832,20.8 ,0.00364832 ,0 
833,20.825 ,0.00365899 ,0 
834,20.85 ,0.00366954 ,0 
835,20.875 ,0.00367998 ,0 
836,20.9 ,0.00369029 ,0 
837,20.925 ,0.00370049 ,0 
838,20.95 ,0.00371058 ,0 
839,20.975 ,0.00372055 ,0 
840,21 ,0.0037304 ,0 
841,21.025 ,0.00374013 ,0 
842,21.05 ,0.00374976 ,0 
843,21.075 ,0.00375926 ,0 
844,21.1 ,0.00376865 ,0 
845,21.125 ,0.00377793 ,0 
846,21.15 ,0.0037871 ,0 
847,21.175 ,0.00379615 ,0 
848,21.2 ,0.00380508 ,0 
849,21.225 ,0.00381391 ,0 
850,21.25 ,0.00382262 ,0 
851,21.275 ,0.00383122 ,0 
852,21.3 ,0.0038397 ,0 
853,21.325 ,0.00384808 ,0 
854,21.35 ,0.00385634 ,0 
855,21.375 ,0.00386449 ,0 
856,21.4 ,0.00387254 ,0 
857,21.425 ,0.00388047 ,0 
858,21.45 ,0.00388829 ,0 
859,21.475 ,0.003896 ,0 
860,21.5 ,0.0039036 ,0 
861,21.525 ,0.00391109 ,0 
862,21.55 ,0.00391848 ,0 
863,21.575 ,0.00392575 ,0 
864,21.6 ,0.00393292 ,0 
865,21.625 ,0.00393998 ,0 
866,21.65 ,0.00394693 ,0 
867,21.675 ,0.00395378 ,0 
868,21.7 ,0.00396052 ,0 
869,21.725 ,0.00396715 ,0 
870,21.75 ,0.00397368 ,0 
871,21.775 ,0.0039801 ,0 
872,21.8 ,0.00398641 ,0 
873,21.825 ,0.00399262 ,0 
874,21.85 ,0.00399873 ,0 
875,21.875 ,0.00400473 ,0 
876,21.9 ,0.00401063 ,0 
877,21.925 ,0.00401642 ,0 
878,21.95 ,0.00402211 ,0 
879,21.975 ,0.0040277 ,0 
880,22 ,0.00403319 ,0 
881,22.025 ,0.00403857 ,0 
882,22.05 ,0.00404385 ,0 
883,22.075 ,0.00404903 ,0 
884,22.1 ,0.00405411 ,0 
885,22.125 ,0.00405909 ,0 
886,22.15 ,0.00406397 ,0 
887,22.175 ,0.00406875 ,0 
888,22.2 ,0.00407343 ,0 
889,22.225 ,0.00407801 ,0 
890,22.25 ,0.00408249 ,0 
891,22.275 ,0.00408687 ,0 
892,22.3 ,0.00409115 ,0 
893,22.325 ,0.00409534 ,0 
894,22.35 ,0.00409943 ,0 
895,22.375 ,0.00410342 ,0 
896,22.4 ,0.00410732 ,0 
897,22.425 ,0.00411112 ,0 
898,22.45 ,0.00411482 ,0 
899,22.475 ,0.00411843 ,0 
900,22.5 ,0.00412194 ,0 
901,22.525 ,0.00412536 ,0 
902,22.55 ,0.00412869 ,0 
903,22.575 ,0.00413192 ,0 
904,22.6 ,0.00413505 ,0 
905,22.625 ,0.0041381 ,0 
906,22.65 ,0.00414105 ,0 
907,22.675 ,0.00414391 ,0 
908,22.7 ,0.00414667 ,0 
909,22.725 ,0.00414935 ,0 
910,22.75 ,0.00415193 ,0 
911,22.775 ,0.00415443 ,0 
912,22.8 ,0.00415683 ,0 
913,22.825 ,0.00415914 ,0 
914,22.85 ,0.00416136 ,0 
915,22.875 ,0.0041635 ,0 
916,22.9 ,0.00416554 ,0 
917,22.925 ,0.00416749 ,0 
918,22.95 ,0.00416936 ,0 
919,22.975 ,0.00417114 ,0 
920,23 ,0.00417283 ,0 
921,23.025 ,0.00417444 ,0 
922,23.05 ,0.00417596 ,0 
923,23.075 ,0.00417739 ,0 
924,23.1 ,0.00417873 ,0 
925,23.125 ,0.00418 ,0 
926,23.15 ,0.00418117 ,0 
927,23.175 ,0.00418226 ,0 
928,23.2 ,0.00418327 ,0 
929,23.225 ,0.00418419 ,0 
930,23.25 ,0.00418503 ,0 
931,23.275 ,0.00418578 ,0 
932,23.3 ,0.00418646 ,0 
933,23.325 ,0.00418705 ,0 
934,23.35 ,0.00418756 ,0 
935,23.375 ,0.00418798 ,0 
936,23.4 ,0.00418833 ,0 
937,23.425 ,0.00418859 ,0 
938,23.45 ,0.00418878 ,0 
939,23.475 ,0.00418888 ,0 
940,23.5 ,0.00418891 ,0 
941,23.525 ,0.00418885 ,0 
942,23.55 ,0.00418872 ,0 
943,23.575 ,0.0041885 ,0 
944,23.6 ,0.00418821 ,0 
945,23.625 ,0.00418785 ,0 
946,23.65 ,0.0041874 ,0 
947,23.675 ,0.00418688 ,0 
948,23.7 ,0.00418628 ,0 
949,23.725 ,0.0041856 ,0 
950,23.75 ,0.00418485 ,0 
951,23.775 ,0.00418402 ,0 
952,23.8 ,0.00418312 ,0 
953,23.825 ,0.00418214 ,0 
954,23.85 ,0.00418109 ,0 
955,23.875 ,0.00417997 ,0 
956,23.9 ,0.00417877 ,0 
957,23.925 ,0.0041775 ,0 
958,23.95 ,0.00417615 ,0 
959,23.975 ,0.00417474 ,0 
960,24 ,0.00417325 ,0 
961,24.025 ,0.00417169 ,0 
962,24.05 ,0.00417005 ,0 
963,24.075 ,0.00416835 ,0 
964,24.1 ,0.00416658 ,0 
965,24.125 ,0.00416473 ,0 
966,24.15 ,0.00416282 ,0 
967,24.175 ,0.00416084 ,0 
968,24.2 ,0.00415879 ,0 
969,24.225 ,0.00415667 ,0 
970,24.25 ,0.00415448 ,0 
971,24.275 ,0.00415222 ,0 
972,24.3 ,0.0041499 ,0 
973,24.325 ,0.00414751 ,0 
974,24.35 ,0.00414505 ,0 
975,24.375 ,0.00414252 ,0 
976,24.4 ,0.00413993 ,0 
977,24.425 ,0.00413728 ,0 
978,24.45 ,0.00413456 ,0 
979,24.475 ,0.00413177 ,0 
980,24.5 ,0.00412892 ,0 
981,24.525 ,0.00412601 ,0 
982,24.55 ,0.00412303 ,0 
983,24.575 ,0.00411999 ,0 
984,24.6 ,0.00411688 ,0 
985,24.625 ,0.00411372 ,0 
986,24.65 ,0.00411049 ,0 
987,24.675 ,0.0041072 ,0 
988,24.7 ,0.00410384 ,0 
989,24.725 ,0.00410043 ,0 
990,24.75 ,0.00409695 ,0 
991,24.775 ,0.00409342 ,0 
992,24.8 ,0.00408982 ,0 
993,24.825 ,0.00408617 ,0 
994,24.85 ,0.00408245 ,0 
995,24.875 ,0.00407868 ,0 
996,24.9 ,0.00407485 ,0 
997,24.925 ,0.00407096 ,0 
998,24.95 ,0.00406701 ,0 
999,24.975 ,0.004063 ,0 
1000,25 ,0.00405894 ,0 