N_e = 2
1,0 ,0 ,0 
2,0.025 ,0 ,0 
3,0.05 ,0 ,0 
4,0.075 ,2.30771e-07 ,0 
5,0.1 ,7.29062e-07 ,0 
6,0.125 ,1.77904e-06 ,0 
7,0.15 ,3.68673e-06 ,0 
8,0.175 ,6.82513e-06 ,0 
9,0.2 ,1.16336e-05 ,0 
10,0.225 ,1.86169e-05 ,0 
11,0.25 ,2.83448e-05 ,0 
12,0.275 ,4.14506e-05 ,0 
13,0.3 ,5.86305e-05 ,0 
14,0.325 ,8.0642e-05 ,0 
15,0.35 ,0.000108303 ,0 
16,0.375 ,0.00014249 ,0 
17,0.4 ,0.000184137 ,0 
18,0.425 ,0.000234235 ,0 
19,0.45 ,0.000293826 ,0 
20,0.475 ,0.000364007 ,0 
21,0.5 ,0.000445925 ,0 
22,0.525 ,0.000540774 ,0 
23,0.55 ,0.000649797 ,0 
24,0.575 ,0.000774279 ,0 
25,0.6 ,0.000915547 ,0 
26,0.625 ,0.00107497 ,0 
27,0.65 ,0.00125395 ,0 
28,0.675 ,0.00145393 ,0 
29,0.7 ,0.00167638 ,0 
30,0.725 ,0.00192281 ,0 
31,0.75 ,0.00219474 ,0 
32,0.775 ,0.00249373 ,0 
33,0.8 ,0.00282135 ,0 
34,0.825 ,0.0031792 ,0 
35,0.85 ,0.00356888 ,0 
36,0.875 ,0.00399204 ,0 
37,0.9 ,0.00445029 ,0 
38,0.925 ,0.00494529 ,0 
39,0.95 ,0.00547867 ,0 
40,0.975 ,0.00605209 ,0 
41,1 ,0.0066672 ,0 
42,1.025 ,0.00732563 ,0 
43,1.05 ,0.00802903 ,0 
44,1.075 ,0.00877901 ,0 
45,1.1 ,0.00957719 ,0 
46,1.125 ,0.0104252 ,0 
47,1.15 ,0.0113245 ,0 
48,1.175 ,0.0122768 ,0 
49,1.2 ,0.0132835 ,0 
50,1.225 ,0.0143461 ,0 
51,1.25 ,0.0154662 ,0 
52,1.275 ,0.0166451 ,0 
53,1.3 ,0.0178842 ,0 
54,1.325 ,0.0191849 ,0 
55,1.35 ,0.0205485 ,0 
56,1.375 ,0.0219762 ,0 
57,1.4 ,0.0234694 ,0 
58,1.425 ,0.025029 ,0 
59,1.45 ,0.0266563 ,0 
60,1.475 ,0.0283523 ,0 
61,1.5 ,0.030118 ,0 
62,1.525 ,0.0319543 ,0 
63,1.55 ,0.0338621 ,0 
64,1.575 ,0.0358421 ,0 
65,1.6 ,0.0378952 ,0 
66,1.625 ,0.040022 ,0 
67,1.65 ,0.042223 ,0 
68,1.675 ,0.0444989 ,0 
69,1.7 ,0.0468499 ,0 
70,1.725 ,0.0492765 ,0 
71,1.75 ,0.051779 ,0 
72,1.775 ,0.0543575 ,0 
73,1.8 ,0.0570122 ,0 
74,1.825 ,0.0597431 ,0 
75,1.85 ,0.0625501 ,0 
76,1.875 ,0.0654331 ,0 
77,1.9 ,0.0683919 ,0 
78,1.925 ,0.0714261 ,0 
79,1.95 ,0.0745353 ,0 
80,1.975 ,0.0777191 ,0 
81,2 ,0.0809768 ,0 
82,2.025 ,0.0843077 ,0 
83,2.05 ,0.0877111 ,0 
84,2.075 ,0.0911861 ,0 
85,2.1 ,0.0947317 ,0 
86,2.125 ,0.0983469 ,0 
87,2.15 ,0.102031 ,0 
88,2.175 ,0.105781 ,0 
89,2.2 ,0.109598 ,0 
90,2.225 ,0.113479 ,0 
91,2.25 ,0.117423 ,0 
92,2.275 ,0.121428 ,0 
93,2.3 ,0.125493 ,0 
94,2.325 ,0.129616 ,0 
95,2.35 ,0.133794 ,0 
96,2.375 ,0.138027 ,0 
97,2.4 ,0.142311 ,0 
98,2.425 ,0.146645 ,0 
99,2.45 ,0.151027 ,0 
100,2.475 ,0.155454 ,0 
101,2.5 ,0.159924 ,0 
102,2.525 ,0.164434 ,0 
103,2.55 ,0.168982 ,0 
104,2.575 ,0.173566 ,0 
105,2.6 ,0.178182 ,0 
106,2.625 ,0.182828 ,0 
107,2.65 ,0.187501 ,0 
108,2.675 ,0.192198 ,0 
109,2.7 ,0.196916 ,0 
110,2.725 ,0.201652 ,0 
111,2.75 ,0.206404 ,0 
112,2.775 ,0.211167 ,0 
113,2.8 ,0.215939 ,0 
114,2.825 ,0.220717 ,0 
115,2.85 ,0.225497 ,0 
116,2.875 ,0.230276 ,0 
117,2.9 ,0.235051 ,0 
118,2.925 ,0.239817 ,0 
119,2.95 ,0.244573 ,0 
120,2.975 ,0.249314 ,0 
121,3 ,0.254036 ,0 
122,3.025 ,0.258737 ,0 
123,3.05 ,0.263413 ,0 
124,3.075 ,0.268059 ,0 
125,3.1 ,0.272674 ,0 
126,3.125 ,0.277252 ,0 
127,3.15 ,0.28179 ,0 
128,3.175 ,0.286286 ,0 
129,3.2 ,0.290734 ,0 
130,3.225 ,0.295132 ,0 
131,3.25 ,0.299476 ,0 
132,3.275 ,0.303762 ,0 
133,3.3 ,0.307986 ,0 
134,3.325 ,0.312146 ,0 
135,3.35 ,0.316237 ,0 
136,3.375 ,0.320257 ,0 
137,3.4 ,0.3242 ,0 
138,3.425 ,0.328065 ,0 
139,3.45 ,0.331847 ,0 
140,3.475 ,0.335544 ,0 
141,3.5 ,0.339151 ,0 
142,3.525 ,0.342665 ,0 
143,3.55 ,0.346083 ,0 
144,3.575 ,0.349403 ,0 
145,3.6 ,0.352619 ,0 
146,3.625 ,0.35573 ,0 
147,3.65 ,0.358733 ,0 
148,3.675 ,0.361624 ,0 
149,3.7 ,0.3644 ,0 
150,3.725 ,0.367058 ,0 
151,3.75 ,0.369596 ,0 
152,3.775 ,0.372011 ,0 
153,3.8 ,0.374299 ,0 
154,3.825 ,0.376459 ,0 
155,3.85 ,0.378488 ,0 
156,3.875 ,0.380384 ,0 
157,3.9 ,0.382143 ,0 
158,3.925 ,0.383765 ,0 
159,3.95 ,0.385245 ,0 
160,3.975 ,0.386583 ,0 
161,4 ,0.387777 ,0 
162,4.025 ,0.388824 ,0 
163,4.05 ,0.389722 ,0 
164,4.075 ,0.39047 ,0 
165,4.1 ,0.391066 ,0 
166,4.125 ,0.391509 ,0 
167,4.15 ,0.391797 ,0 
168,4.175 ,0.391929 ,0 
169,4.2 ,0.391903 ,0 
170,4.225 ,0.391718 ,0 
171,4.25 ,0.391374 ,0 
172,4.275 ,0.39087 ,0 
173,4.3 ,0.390204 ,0 
174,4.325 ,0.389375 ,0 
175,4.35 ,0.388384 ,0 
176,4.375 ,0.38723 ,0 
177,4.4 ,0.385912 ,0 
178,4.425 ,0.38443 ,0 
179,4.45 ,0.382784 ,0 
180,4.475 ,0.380974 ,0 
181,4.5 ,0.378999 ,0 
182,4.525 ,0.376861 ,0 
183,4.55 ,0.374559 ,0 
184,4.575 ,0.372093 ,0 
185,4.6 ,0.369465 ,0 
186,4.625 ,0.366675 ,0 
187,4.65 ,0.363722 ,0 
188,4.675 ,0.360609 ,0 
189,4.7 ,0.357336 ,0 
190,4.725 ,0.353905 ,0 
191,4.75 ,0.350315 ,0 
192,4.775 ,0.346569 ,0 
193,4.8 ,0.342668 ,0 
194,4.825 ,0.338613 ,0 
195,4.85 ,0.334406 ,0 
196,4.875 ,0.330048 ,0 
197,4.9 ,0.325541 ,0 
198,4.925 ,0.320887 ,0 
199,4.95 ,0.316087 ,0 
200,4.975 ,0.311145 ,0 
201,5 ,0.306061 ,0 
202,5.025 ,0.300838 ,0 
203,5.05 ,0.295479 ,0 
204,5.075 ,0.289985 ,0 
205,5.1 ,0.284359 ,0 
206,5.125 ,0.278604 ,0 
207,5.15 ,0.272722 ,0 
208,5.175 ,0.266715 ,0 
209,5.2 ,0.260587 ,0 
210,5.225 ,0.25434 ,0 
211,5.25 ,0.247977 ,0 
212,5.275 ,0.241501 ,0 
213,5.3 ,0.234916 ,0 
214,5.325 ,0.228223 ,0 
215,5.35 ,0.221426 ,0 
216,5.375 ,0.214529 ,0 
217,5.4 ,0.207534 ,0 
218,5.425 ,0.200445 ,0 
219,5.45 ,0.193265 ,0 
220,5.475 ,0.185997 ,0 
221,5.5 ,0.178645 ,0 
222,5.525 ,0.171213 ,0 
223,5.55 ,0.163703 ,0 
224,5.575 ,0.156119 ,0 
225,5.6 ,0.148465 ,0 
226,5.625 ,0.140744 ,0 
227,5.65 ,0.13296 ,0 
228,5.675 ,0.125117 ,0 
229,5.7 ,0.117217 ,0 
230,5.725 ,0.109266 ,0 
231,5.75 ,0.101265 ,0 
232,5.775 ,0.0932198 ,0 
233,5.8 ,0.0851331 ,0 
234,5.825 ,0.0770087 ,0 
235,5.85 ,0.0688504 ,0 
236,5.875 ,0.0606618 ,0 
237,5.9 ,0.0524465 ,0 
238,5.925 ,0.0442083 ,0 
239,5.95 ,0.0359508 ,0 
240,5.975 ,0.0276776 ,0 
241,6 ,0.0193924 ,0 
242,6.025 ,0.0110989 ,0 
243,6.05 ,0.00280052 ,0 
244,6.075 ,-0.00549904 ,0 
245,6.1 ,-0.0137962 ,0 
246,6.125 ,-0.0220876 ,0 
247,6.15 ,-0.0303695 ,0 
248,6.175 ,-0.0386385 ,0 
249,6.2 ,-0.0468913 ,0 
250,6.225 ,-0.0551243 ,0 
251,6.25 ,-0.0633342 ,0 
252,6.275 ,-0.0715177 ,0 
253,6.3 ,-0.0796715 ,0 
254,6.325 ,-0.0877923 ,0 
255,6.35 ,-0.0958769 ,0 
256,6.375 ,-0.103922 ,0 
257,6.4 ,-0.111925 ,0 
258,6.425 ,-0.119882 ,0 
259,6.45 ,-0.127791 ,0 
260,6.475 ,-0.135648 ,0 
261,6.5 ,-0.143451 ,0 
262,6.525 ,-0.151197 ,0 
263,6.55 ,-0.158882 ,0 
264,6.575 ,-0.166505 ,0 
265,6.6 ,-0.174063 ,0 
266,6.625 ,-0.181552 ,0 
267,6.65 ,-0.188971 ,0 
268,6.675 ,-0.196317 ,0 
269,6.7 ,-0.203587 ,0 
270,6.725 ,-0.210779 ,0 
271,6.75 ,-0.217892 ,0 
272,6.775 ,-0.224922 ,0 
273,6.8 ,-0.231867 ,0 
274,6.825 ,-0.238726 ,0 
275,6.85 ,-0.245497 ,0 
276,6.875 ,-0.252177 ,0 
277,6.9 ,-0.258764 ,0 
278,6.925 ,-0.265258 ,0 
279,6.95 ,-0.271655 ,0 
280,6.975 ,-0.277955 ,0 
281,7 ,-0.284156 ,0 
282,7.025 ,-0.290257 ,0 
283,7.05 ,-0.296255 ,0 
284,7.075 ,-0.30215 ,0 
285,7.1 ,-0.307941 ,0 
286,7.125 ,-0.313625 ,0 
287,7.15 ,-0.319203 ,0 
288,7.175 ,-0.324673 ,0 
289,7.2 ,-0.330033 ,0 
290,7.225 ,-0.335284 ,0 
291,7.25 ,-0.340423 ,0 
292,7.275 ,-0.345452 ,0 
293,7.3 ,-0.350368 ,0 
294,7.325 ,-0.355171 ,0 
295,7.35 ,-0.359861 ,0 
296,7.375 ,-0.364437 ,0 
297,7.4 ,-0.368898 ,0 
298,7.425 ,-0.373245 ,0 
299,7.45 ,-0.377477 ,0 
300,7.475 ,-0.381594 ,0 
301,7.5 ,-0.385596 ,0 
302,7.525 ,-0.389482 ,0 
303,7.55 ,-0.393253 ,0 
304,7.575 ,-0.396909 ,0 
305,7.6 ,-0.400449 ,0 
306,7.625 ,-0.403875 ,0 
307,7.65 ,-0.407186 ,0 
308,7.675 ,-0.410383 ,0 
309,7.7 ,-0.413465 ,0 
310,7.725 ,-0.416435 ,0 
311,7.75 ,-0.419291 ,0 
312,7.775 ,-0.422034 ,0 
313,7.8 ,-0.424666 ,0 
314,7.825 ,-0.427187 ,0 
315,7.85 ,-0.429597 ,0 
316,7.875 ,-0.431897 ,0 
317,7.9 ,-0.434089 ,0 
318,7.925 ,-0.436172 ,0 
319,7.95 ,-0.438149 ,0 
320,7.975 ,-0.440019 ,0 
321,8 ,-0.441784 ,0 
322,8.025 ,-0.443445 ,0 
323,8.05 ,-0.445002 ,0 
324,8.075 ,-0.446457 ,0 
325,8.1 ,-0.447811 ,0 
326,8.125 ,-0.449065 ,0 
327,8.15 ,-0.45022 ,0 
328,8.175 ,-0.451278 ,0 
329,8.2 ,-0.452238 ,0 
330,8.225 ,-0.453103 ,0 
331,8.25 ,-0.453874 ,0 
332,8.275 ,-0.454551 ,0 
333,8.3 ,-0.455137 ,0 
334,8.325 ,-0.455632 ,0 
335,8.35 ,-0.456038 ,0 
336,8.375 ,-0.456356 ,0 
337,8.4 ,-0.456586 ,0 
338,8.425 ,-0.456732 ,0 
339,8.45 ,-0.456793 ,0 
340,8.475 ,-0.456771 ,0 
341,8.5 ,-0.456667 ,0 
342,8.525 ,-0.456483 ,0 
343,8.55 ,-0.45622 ,0 
344,8.575 ,-0.45588 ,0 
345,8.6 ,-0.455463 ,0 
346,8.625 ,-0.454971 ,0 
347,8.65 ,-0.454405 ,0 
348,8.675 ,-0.453768 ,0 
349,8.7 ,-0.453059 ,0 
350,8.725 ,-0.452281 ,0 
351,8.75 ,-0.451434 ,0 
352,8.775 ,-0.450521 ,0 
353,8.8 ,-0.449542 ,0 
354,8.825 ,-0.4485 ,0 
355,8.85 ,-0.447394 ,0 
356,8.875 ,-0.446227 ,0 
357,8.9 ,-0.444999 ,0 
358,8.925 ,-0.443713 ,0 
359,8.95 ,-0.44237 ,0 
360,8.975 ,-0.44097 ,0 
361,9 ,-0.439515 ,0 
362,9.025 ,-0.438007 ,0 
363,9.05 ,-0.436447 ,0 
364,9.075 ,-0.434836 ,0 
365,9.1 ,-0.433175 ,0 
366,9.125 ,-0.431466 ,0 
367,9.15 ,-0.42971 ,0 
368,9.175 ,-0.427909 ,0 
369,9.2 ,-0.426062 ,0 
370,9.225 ,-0.424173 ,0 
371,9.25 ,-0.422241 ,0 
372,9.275 ,-0.420269 ,0 
373,9.3 ,-0.418257 ,0 
374,9.325 ,-0.416206 ,0 
375,9.35 ,-0.414119 ,0 
376,9.375 ,-0.411995 ,0 
377,9.4 ,-0.409837 ,0 
378,9.425 ,-0.407645 ,0 
379,9.45 ,-0.40542 ,0 
380,9.475 ,-0.403164 ,0 
381,9.5 ,-0.400878 ,0 
382,9.525 ,-0.398562 ,0 
383,9.55 ,-0.396219 ,0 
384,9.575 ,-0.393849 ,0 
385,9.6 ,-0.391452 ,0 
386,9.625 ,-0.389031 ,0 
387,9.65 ,-0.386586 ,0 
388,9.675 ,-0.384118 ,0 
389,9.7 ,-0.381629 ,0 
390,9.725 ,-0.379118 ,0 
391,9.75 ,-0.376588 ,0 
392,9.775 ,-0.374039 ,0 
393,9.8 ,-0.371473 ,0 
394,9.825 ,-0.368889 ,0 
395,9.85 ,-0.366289 ,0 
396,9.875 ,-0.363675 ,0 
397,9.9 ,-0.361046 ,0 
398,9.925 ,-0.358403 ,0 
399,9.95 ,-0.355749 ,0 
400,9.975 ,-0.353083 ,0 
401,10 ,-0.350406 ,0 
402,10.025 ,-0.347719 ,0 
403,10.05 ,-0.345023 ,0 
404,10.075 ,-0.342319 ,0 
405,10.1 ,-0.339608 ,0 
406,10.125 ,-0.33689 ,0 
407,10.15 ,-0.334165 ,0 
408,10.175 ,-0.331436 ,0 
409,10.2 ,-0.328702 ,0 
410,10.225 ,-0.325964 ,0 
411,10.25 ,-0.323223 ,0 
412,10.275 ,-0.32048 ,0 
413,10.3 ,-0.317735 ,0 
414,10.325 ,-0.314989 ,0 
415,10.35 ,-0.312243 ,0 
416,10.375 ,-0.309496 ,0 
417,10.4 ,-0.306751 ,0 
418,10.425 ,-0.304007 ,0 
419,10.45 ,-0.301265 ,0 
420,10.475 ,-0.298525 ,0 
421,10.5 ,-0.295789 ,0 
422,10.525 ,-0.293056 ,0 
423,10.55 ,-0.290328 ,0 
424,10.575 ,-0.287604 ,0 
425,10.6 ,-0.284886 ,0 
426,10.625 ,-0.282173 ,0 
427,10.65 ,-0.279467 ,0 
428,10.675 ,-0.276767 ,0 
429,10.7 ,-0.274074 ,0 
430,10.725 ,-0.271389 ,0 
431,10.75 ,-0.268712 ,0 
432,10.775 ,-0.266044 ,0 
433,10.8 ,-0.263384 ,0 
434,10.825 ,-0.260733 ,0 
435,10.85 ,-0.258093 ,0 
436,10.875 ,-0.255462 ,0 
437,10.9 ,-0.252842 ,0 
438,10.925 ,-0.250232 ,0 
439,10.95 ,-0.247633 ,0 
440,10.975 ,-0.245046 ,0 
441,11 ,-0.242471 ,0 
442,11.025 ,-0.239908 ,0 
443,11.05 ,-0.237357 ,0 
444,11.075 ,-0.234818 ,0 
445,11.1 ,-0.232293 ,0 
446,11.125 ,-0.229781 ,0 
447,11.15 ,-0.227282 ,0 
448,11.175 ,-0.224797 ,0 
449,11.2 ,-0.222326 ,0 
450,11.225 ,-0.219869 ,0 
451,11.25 ,-0.217426 ,0 
452,11.275 ,-0.214998 ,0 
453,11.3 ,-0.212585 ,0 
454,11.325 ,-0.210187 ,0 
455,11.35 ,-0.207804 ,0 
456,11.375 ,-0.205436 ,0 
457,11.4 ,-0.203084 ,0 
458,11.425 ,-0.200747 ,0 
459,11.45 ,-0.198427 ,0 
460,11.475 ,-0.196122 ,0 
461,11.5 ,-0.193834 ,0 
462,11.525 ,-0.191562 ,0 
463,11.55 ,-0.189306 ,0 
464,11.575 ,-0.187067 ,0 
465,11.6 ,-0.184844 ,0 
466,11.625 ,-0.182638 ,0 
467,11.65 ,-0.180449 ,0 
468,11.675 ,-0.178277 ,0 
469,11.7 ,-0.176122 ,0 
470,11.725 ,-0.173984 ,0 
471,11.75 ,-0.171863 ,0 
472,11.775 ,-0.169759 ,0 
473,11.8 ,-0.167673 ,0 
474,11.825 ,-0.165603 ,0 
475,11.85 ,-0.163552 ,0 
476,11.875 ,-0.161517 ,0 
477,11.9 ,-0.1595 ,0 
478,11.925 ,-0.157501 ,0 
479,11.95 ,-0.155518 ,0 
480,11.975 ,-0.153554 ,0 
481,12 ,-0.151607 ,0 
482,12.025 ,-0.149677 ,0 
483,12.05 ,-0.147765 ,0 
484,12.075 ,-0.14587 ,0 
485,12.1 ,-0.143993 ,0 
486,12.125 ,-0.142134 ,0 
487,12.15 ,-0.140292 ,0 
488,12.175 ,-0.138467 ,0 
489,12.2 ,-0.13666 ,0 
490,12.225 ,-0.13487 ,0 
491,12.25 ,-0.133098 ,0 
492,12.275 ,-0.131343 ,0 
493,12.3 ,-0.129606 ,0 
494,12.325 ,-0.127885 ,0 
495,12.35 ,-0.126182 ,0 
496,12.375 ,-0.124496 ,0 
497,12.4 ,-0.122828 ,0 
498,12.425 ,-0.121176 ,0 
499,12.45 ,-0.119541 ,0 
500,12.475 ,-0.117924 ,0 
501,12.5 ,-0.116323 ,0 
502,12.525 ,-0.114739 ,0 
503,12.55 ,-0.113172 ,0 
504,12.575 ,-0.111621 ,0 
505,12.6 ,-0.110088 ,0 
506,12.625 ,-0.10857 ,0 
507,12.65 ,-0.10707 ,0 
508,12.675 ,-0.105585 ,0 
509,12.7 ,-0.104117 ,0 
510,12.725 ,-0.102665 ,0 
511,12.75 ,-0.10123 ,0 
512,12.775 ,-0.0998102 ,0 
513,12.8 ,-0.0984066 ,0 
514,12.825 ,-0.0970188 ,0 
515,12.85 ,-0.0956468 ,0 
516,12.875 ,-0.0942905 ,0 
517,12.9 ,-0.0929498 ,0 
518,12.925 ,-0.0916246 ,0 
519,12.95 ,-0.0903148 ,0 
520,12.975 ,-0.0890202 ,0 
521,13 ,-0.0877409 ,0 
522,13.025 ,-0.0864767 ,0 
523,13.05 ,-0.0852274 ,0 
524,13.075 ,-0.083993 ,0 
525,13.1 ,-0.0827734 ,0 
526,13.125 ,-0.0815684 ,0 
527,13.15 ,-0.080378 ,0 
528,13.175 ,-0.0792021 ,0 
529,13.2 ,-0.0780404 ,0 
530,13.225 ,-0.076893 ,0 
531,13.25 ,-0.0757597 ,0 
532,13.275 ,-0.0746405 ,0 
533,13.3 ,-0.0735351 ,0 
534,13.325 ,-0.0724434 ,0 
535,13.35 ,-0.0713655 ,0 
536,13.375 ,-0.070301 ,0 
537,13.4 ,-0.0692501 ,0 
538,13.425 ,-0.0682124 ,0 
539,13.45 ,-0.0671879 ,0 
540,13.475 ,-0.0661765 ,0 
541,13.5 ,-0.0651781 ,0 
542,13.525 ,-0.0641926 ,0 
543,13.55 ,-0.0632198 ,0 
544,13.575 ,-0.0622596 ,0 
545,13.6 ,-0.0613119 ,0 
546,13.625 ,-0.0603766 ,0 
547,13.65 ,-0.0594535 ,0 
548,13.675 ,-0.0585426 ,0 
549,13.7 ,-0.0576438 ,0 
550,13.725 ,-0.0567569 ,0 
551,13.75 ,-0.0558818 ,0 
552,13.775 ,-0.0550184 ,0 
553,13.8 ,-0.0541665 ,0 
554,13.825 ,-0.0533261 ,0 
555,13.85 ,-0.0524971 ,0 
556,13.875 ,-0.0516793 ,0 
557,13.9 ,-0.0508726 ,0 
558,13.925 ,-0.0500769 ,0 
559,13.95 ,-0.049292 ,0 
560,13.975 ,-0.048518 ,0 
561,14 ,-0.0477546 ,0 
562,14.025 ,-0.0470017 ,0 
563,14.05 ,-0.0462593 ,0 
564,14.075 ,-0.0455272 ,0 
565,14.1 ,-0.0448053 ,0 
566,14.125 ,-0.0440935 ,0 
567,14.15 ,-0.0433917 ,0 
568,14.175 ,-0.0426998 ,0 
569,14.2 ,-0.0420176 ,0 
570,14.225 ,-0.041345 ,0 
571,14.25 ,-0.0406821 ,0 
572,14.275 ,-0.0400285 ,0 
573,14.3 ,-0.0393843 ,0 
574,14.325 ,-0.0387493 ,0 
575,14.35 ,-0.0381234 ,0 
576,14.375 ,-0.0375066 ,0 
577,14.4 ,-0.0368986 ,0 
578,14.425 ,-0.0362995 ,0 
579,14.45 ,-0.035709 ,0 
580,14.475 ,-0.0351272 ,0 
581,14.5 ,-0.0345538 ,0 
582,14.525 ,-0.0339888 ,0 
583,14.55 ,-0.0334321 ,0 
584,14.575 ,-0.0328836 ,0 
585,14.6 ,-0.0323432 ,0 
586,14.625 ,-0.0318108 ,0 
587,14.65 ,-0.0312862 ,0 
588,14.675 ,-0.0307695 ,0 
589,14.7 ,-0.0302605 ,0 
590,14.725 ,-0.029759 ,0 
591,14.75 ,-0.0292651 ,0 
592,14.775 ,-0.0287786 ,0 
593,14.8 ,-0.0282994 ,0 
594,14.825 ,-0.0278274 ,0 
595,14.85 ,-0.0273626 ,0 
596,14.875 ,-0.0269048 ,0 
597,14.9 ,-0.026454 ,0 
598,14.925 ,-0.02601 ,0 
599,14.95 ,-0.0255728 ,0 
600,14.975 ,-0.0251423 ,0 
601,15 ,-0.0247184 ,0 
602,15.025 ,-0.024301 ,0 
603,15.05 ,-0.02389 ,0 
604,15.075 ,-0.0234854 ,0 
605,15.1 ,-0.023087 ,0 
606,15.125 ,-0.0226948 ,0 
607,15.15 ,-0.0223087 ,0 
608,15.175 ,-0.0219286 ,0 
609,15.2 ,-0.0215544 ,0 
610,15.225 ,-0.0211861 ,0 
611,15.25 ,-0.0208236 ,0 
612,15.275 ,-0.0204667 ,0 
613,15.3 ,-0.0201155 ,0 
614,15.325 ,-0.0197697 ,0 
615,15.35 ,-0.0194295 ,0 
616,15.375 ,-0.0190946 ,0 
617,15.4 ,-0.0187651 ,0 
618,15.425 ,-0.0184408 ,0 
619,15.45 ,-0.0181216 ,0 
620,15.475 ,-0.0178076 ,0 
621,15.5 ,-0.0174985 ,0 
622,15.525 ,-0.0171944 ,0 
623,15.55 ,-0.0168952 ,0 
624,15.575 ,-0.0166008 ,0 
625,15.6 ,-0.0163112 ,0 
626,15.625 ,-0.0160262 ,0 
627,15.65 ,-0.0157458 ,0 
628,15.675 ,-0.01547 ,0 
629,15.7 ,-0.0151986 ,0 
630,15.725 ,-0.0149317 ,0 
631,15.75 ,-0.0146691 ,0 
632,15.775 ,-0.0144108 ,0 
633,15.8 ,-0.0141567 ,0 
634,15.825 ,-0.0139068 ,0 
635,15.85 ,-0.013661 ,0 
636,15.875 ,-0.0134192 ,0 
637,15.9 ,-0.0131814 ,0 
638,15.925 ,-0.0129475 ,0 
639,15.95 ,-0.0127175 ,0 
640,15.975 ,-0.0124913 ,0 
641,16 ,-0.0122688 ,0 
642,16.025 ,-0.01205 ,0 
643,16.05 ,-0.0118349 ,0 
644,16.075 ,-0.0116234 ,0 
645,16.1 ,-0.0114153 ,0 
646,16.125 ,-0.0112108 ,0 
647,16.15 ,-0.0110097 ,0 
648,16.175 ,-0.010812 ,0 
649,16.2 ,-0.0106175 ,0 
650,16.225 ,-0.0104264 ,0 
651,16.25 ,-0.0102385 ,0 
652,16.275 ,-0.0100537 ,0 
653,16.3 ,-0.00987209 ,0 
654,16.325 ,-0.00969353 ,0 
655,16.35 ,-0.00951801 ,0 
656,16.375 ,-0.00934547 ,0 
657,16.4 ,-0.00917586 ,0 
658,16.425 ,-0.00900914 ,0 
659,16.45 ,-0.00884527 ,0 
660,16.475 ,-0.00868419 ,0 
661,16.5 ,-0.00852588 ,0 
662,16.525 ,-0.00837028 ,0 
663,16.55 ,-0.00821734 ,0 
664,16.575 ,-0.00806704 ,0 
665,16.6 ,-0.00791933 ,0 
666,16.625 ,-0.00777416 ,0 
667,16.65 ,-0.0076315 ,0 
668,16.675 ,-0.00749131 ,0 
669,16.7 ,-0.00735354 ,0 
670,16.725 ,-0.00721817 ,0 
671,16.75 ,-0.00708514 ,0 
672,16.775 ,-0.00695443 ,0 
673,16.8 ,-0.00682599 ,0 
674,16.825 ,-0.0066998 ,0 
675,16.85 ,-0.00657581 ,0 
676,16.875 ,-0.00645398 ,0 
677,16.9 ,-0.00633429 ,0 
678,16.925 ,-0.0062167 ,0 
679,16.95 ,-0.00610118 ,0 
680,16.975 ,-0.00598768 ,0 
681,17 ,-0.00587618 ,0 
682,17.025 ,-0.00576665 ,0 
683,17.05 ,-0.00565906 ,0 
684,17.075 ,-0.00555336 ,0 
685,17.1 ,-0.00544954 ,0 
686,17.125 ,-0.00534755 ,0 
687,17.15 ,-0.00524738 ,0 
688,17.175 ,-0.00514898 ,0 
689,17.2 ,-0.00505234 ,0 
690,17.225 ,-0.00495742 ,0 
691,17.25 ,-0.00486419 ,0 
692,17.275 ,-0.00477262 ,0 
693,17.3 ,-0.0046827 ,0 
694,17.325 ,-0.00459438 ,0 
695,17.35 ,-0.00450765 ,0 
696,17.375 ,-0.00442247 ,0 
697,17.4 ,-0.00433882 ,0 
698,17.425 ,-0.00425668 ,0 
699,17.45 ,-0.00417602 ,0 
700,17.475 ,-0.00409681 ,0 
701,17.5 ,-0.00401904 ,0 
702,17.525 ,-0.00394267 ,0 
703,17.55 ,-0.00386768 ,0 
704,17.575 ,-0.00379405 ,0 
705,17.6 ,-0.00372176 ,0 
706,17.625 ,-0.00365078 ,0 
707,17.65 ,-0.00358109 ,0 
708,17.675 ,-0.00351267 ,0 
709,17.7 ,-0.0034455 ,0 
710,17.725 ,-0.00337955 ,0 
711,17.75 ,-0.00331481 ,0 
712,17.775 ,-0.00325125 ,0 
713,17.8 ,-0.00318885 ,0 
714,17.825 ,-0.0031276 ,0 
715,17.85 ,-0.00306748 ,0 
716,17.875 ,-0.00300845 ,0 
717,17.9 ,-0.00295052 ,0 
718,17.925 ,-0.00289365 ,0 
719,17.95 ,-0.00283783 ,0 
720,17.975 ,-0.00278304 ,0 
721,18 ,-0.00272926 ,0 
722,18.025 ,-0.00267647 ,0 
723,18.05 ,-0.00262467 ,0 
724,18.075 ,-0.00257382 ,0 
725,18.1 ,-0.00252391 ,0 
726,18.125 ,-0.00247494 ,0 
727,18.15 ,-0.00242687 ,0 
728,18.175 ,-0.0023797 ,0 
729,18.2 ,-0.00233341 ,0 
730,18.225 ,-0.00228798 ,0 
731,18.25 ,-0.00224339 ,0 
732,18.275 ,-0.00219965 ,0 
733,18.3 ,-0.00215672 ,0 
734,18.325 ,-0.00211459 ,0 
735,18.35 ,-0.00207325 ,0 
736,18.375 ,-0.00203269 ,0 
737,18.4 ,-0.00199289 ,0 
738,18.425 ,-0.00195384 ,0 
739,18.45 ,-0.00191553 ,0 
740,18.475 ,-0.00187793 ,0 
741,18.5 ,-0.00184105 ,0 
742,18.525 ,-0.00180486 ,0 
743,18.55 ,-0.00176936 ,0 
744,18.575 ,-0.00173452 ,0 
745,18.6 ,-0.00170035 ,0 
746,18.625 ,-0.00166682 ,0 
747,18.65 ,-0.00163393 ,0 
748,18.675 ,-0.00160167 ,0 
749,18.7 ,-0.00157001 ,0 
750,18.725 ,-0.00153896 ,0 
751,18.75 ,-0.0015085 ,0 
752,18.775 ,-0.00147863 ,0 
753,18.8 ,-0.00144932 ,0 
754,18.825 ,-0.00142057 ,0 
755,18.85 ,-0.00139237 ,0 
756,18.875 ,-0.00136471 ,0 
757,18.9 ,-0.00133758 ,0 
758,18.925 ,-0.00131097 ,0 
759,18.95 ,-0.00128486 ,0 
760,18.975 ,-0.00125927 ,0 
761,19 ,-0.00123416 ,0 
762,19.025 ,-0.00120953 ,0 
763,19.05 ,-0.00118538 ,0 
764,19.075 ,-0.0011617 ,0 
765,19.1 ,-0.00113847 ,0 
766,19.125 ,-0.00111569 ,0 
767,19.15 ,-0.00109335 ,0 
768,19.175 ,-0.00107144 ,0 
769,19.2 ,-0.00104996 ,0 
770,19.225 ,-0.00102889 ,0 
771,19.25 ,-0.00100823 ,0 
772,19.275 ,-0.000987969 ,0 
773,19.3 ,-0.000968104 ,0 
774,19.325 ,-0.000948625 ,0 
775,19.35 ,-0.000929524 ,0 
776,19.375 ,-0.000910796 ,0 
777,19.4 ,-0.000892432 ,0 
778,19.425 ,-0.000874426 ,0 
779,19.45 ,-0.000856772 ,0 
780,19.475 ,-0.000839463 ,0 
781,19.5 ,-0.000822492 ,0 
782,19.525 ,-0.000805853 ,0 
783,19.55 ,-0.00078954 ,0 
784,19.575 ,-0.000773547 ,0 
785,19.6 ,-0.000757867 ,0 
786,19.625 ,-0.000742495 ,0 
787,19.65 ,-0.000727426 ,0 
788,19.675 ,-0.000712652 ,0 
789,19.7 ,-0.000698169 ,0 
790,19.725 ,-0.000683972 ,0 
791,19.75 ,-0.000670054 ,0 
792,19.775 ,-0.000656411 ,0 
793,19.8 ,-0.000643037 ,0 
794,19.825 ,-0.000629927 ,0 
795,19.85 ,-0.000617076 ,0 
796,19.875 ,-0.00060448 ,0 
797,19.9 ,-0.000592133 ,0 
798,19.925 ,-0.000580031 ,0 
799,19.95 ,-0.000568169 ,0 
800,19.975 ,-0.000556543 ,0 
801,20 ,-0.000545147 ,0 
802,20.025 ,-0.000533978 ,0 
803,20.05 ,-0.000523031 ,0 
804,20.075 ,-0.000512302 ,0 
805,20.1 ,-0.000501787 ,0 
806,20.125 ,-0.000491481 ,0 
807,20.15 ,-0.000481381 ,0 
808,20.175 ,-0.000471483 ,0 
809,20.2 ,-0.000461783 ,0 
810,20.225 ,-0.000452277 ,0 
811,20.25 ,-0.000442961 ,0 
812,20.275 ,-0.000433831 ,0 
813,20.3 ,-0.000424885 ,0 
814,20.325 ,-0.000416118 ,0 
815,20.35 ,-0.000407527 ,0 
816,20.375 ,-0.000399109 ,0 
817,20.4 ,-0.00039086 ,0 
818,20.425 ,-0.000382776 ,0 
819,20.45 ,-0.000374856 ,0 
820,20.475 ,-0.000367095 ,0 
821,20.5 ,-0.000359491 ,0 
822,20.525 ,-0.00035204 ,0 
823,20.55 ,-0.00034474 ,0 
824,20.575 ,-0.000337587 ,0 
825,20.6 ,-0.000330579 ,0 
826,20.625 ,-0.000323713 ,0 
827,20.65 ,-0.000316985 ,0 
828,20.675 ,-0.000310394 ,0 
829,20.7 ,-0.000303937 ,0 
830,20.725 ,-0.000297611 ,0 
831,20.75 ,-0.000291413 ,0 
832,20.775 ,-0.000285342 ,0 
833,20.8 ,-0.000279394 ,0 
834,20.825 ,-0.000273566 ,0 
835,20.85 ,-0.000267858 ,0 
836,20.875 ,-0.000262266 ,0 
837,20.9 ,-0.000256788 ,0 
838,20.925 ,-0.000251422 ,0 
839,20.95 ,-0.000246166 ,0 
840,20.975 ,-0.000241017 ,0 
841,21 ,-0.000235973 ,0 
842,21.025 ,-0.000231032 ,0 
843,21.05 ,-0.000226193 ,0 
844,21.075 ,-0.000221453 ,0 
845,21.1 ,-0.000216811 ,0 
846,21.125 ,-0.000212263 ,0 
847,21.15 ,-0.00020781 ,0 
848,21.175 ,-0.000203447 ,0 
849,21.2 ,-0.000199175 ,0 
850,21.225 ,-0.00019499 ,0 
851,21.25 ,-0.000190892 ,0 
852,21.275 ,-0.000186878 ,0 
853,21.3 ,-0.000182947 ,0 
854,21.325 ,-0.000179098 ,0 
855,21.35 ,-0.000175328 ,0 
856,21.375 ,-0.000171636 ,0 
857,21.4 ,-0.00016802 ,0 
858,21.425 ,-0.000164479 ,0 
859,21.45 ,-0.000161012 ,0 
860,21.475 ,-0.000157617 ,0 
861,21.5 ,-0.000154292 ,0 
862,21.525 ,-0.000151036 ,0 
863,21.55 ,-0.000147848 ,0 
864,21.575 ,-0.000144726 ,0 
865,21.6 ,-0.00014167 ,0 
866,21.625 ,-0.000138677 ,0 
867,21.65 ,-0.000135747 ,0 
868,21.675 ,-0.000132878 ,0 
869,21.7 ,-0.000130068 ,0 
870,21.725 ,-0.000127318 ,0 
871,21.75 ,-0.000124625 ,0 
872,21.775 ,-0.000121989 ,0 
873,21.8 ,-0.000119408 ,0 
874,21.825 ,-0.000116881 ,0 
875,21.85 ,-0.000114407 ,0 
876,21.875 ,-0.000111986 ,0 
877,21.9 ,-0.000109615 ,0 
878,21.925 ,-0.000107294 ,0 
879,21.95 ,-0.000105022 ,0 
880,21.975 ,-0.000102799 ,0 
881,22 ,-0.000100622 ,0 
882,22.025 ,-9.84911e-05 ,0 
883,22.05 ,-9.64055e-05 ,0 
884,22.075 ,-9.43642e-05 ,0 
885,22.1 ,-9.23661e-05 ,0 
886,22.125 ,-9.04105e-05 ,0 
887,22.15 ,-8.84966e-05 ,0 
888,22.175 ,-8.66234e-05 ,0 
889,22.2 ,-8.47901e-05 ,0 
890,22.225 ,-8.2996e-05 ,0 
891,22.25 ,-8.12402e-05 ,0 
892,22.275 ,-7.9522e-05 ,0 
893,22.3 ,-7.78406e-05 ,0 
894,22.325 ,-7.61953e-05 ,0 
895,22.35 ,-7.45853e-05 ,0 
896,22.375 ,-7.301e-05 ,0 
897,22.4 ,-7.14686e-05 ,0 
898,22.425 ,-6.99605e-05 ,0 
899,22.45 ,-6.8485e-05 ,0 
900,22.475 ,-6.70414e-05 ,0 
901,22.5 ,-6.56291e-05 ,0 
902,22.525 ,-6.42474e-05 ,0 
903,22.55 ,-6.28958e-05 ,0 
904,22.575 ,-6.15736e-05 ,0 
905,22.6 ,-6.02803e-05 ,0 
906,22.625 ,-5.90153e-05 ,0 
907,22.65 ,-5.7778e-05 ,0 
908,22.675 ,-5.65678e-05 ,0 
909,22.7 ,-5.53842e-05 ,0 
910,22.725 ,-5.42267e-05 ,0 
911,22.75 ,-5.30948e-05 ,0 
912,22.775 ,-5.19879e-05 ,0 
913,22.8 ,-5.09055e-05 ,0 
914,22.825 ,-4.98472e-05 ,0 
915,22.85 ,-4.88125e-05 ,0 
916,22.875 ,-4.7801e-05 ,0 
917,22.9 ,-4.6812e-05 ,0 
918,22.925 ,-4.58453e-05 ,0 
919,22.95 ,-4.49004e-05 ,0 
920,22.975 ,-4.39767e-05 ,0 
921,23 ,-4.30741e-05 ,0 
922,23.025 ,-4.21919e-05 ,0 
923,23.05 ,-4.13298e-05 ,0 
924,23.075 ,-4.04875e-05 ,0 
925,23.1 ,-3.96645e-05 ,0 
926,23.125 ,-3.88604e-05 ,0 
927,23.15 ,-3.8075e-05 ,0 
928,23.175 ,-3.73078e-05 ,0 
929,23.2 ,-3.65584e-05 ,0 
930,23.225 ,-3.58266e-05 ,0 
931,23.25 ,-3.5112e-05 ,0 
932,23.275 ,-3.44143e-05 ,0 
933,23.3 ,-3.37331e-05 ,0 
934,23.325 ,-3.30682e-05 ,0 
935,23.35 ,-3.24192e-05 ,0 
936,23.375 ,-3.17858e-05 ,0 
937,23.4 ,-3.11678e-05 ,0 
938,23.425 ,-3.05648e-05 ,0 
939,23.45 ,-2.99766e-05 ,0 
940,23.475 ,-2.94029e-05 ,0 
941,23.5 ,-2.88435e-05 ,0 
942,23.525 ,-2.82981e-05 ,0 
943,23.55 ,-2.77664e-05 ,0 
944,23.575 ,-2.72481e-05 ,0 
945,23.6 ,-2.67432e-05 ,0 
946,23.625 ,-2.62512e-05 ,0 
947,23.65 ,-2.5772e-05 ,0 
948,23.675 ,-2.53054e-05 ,0 
949,23.7 ,-2.48511e-05 ,0 
950,23.725 ,-2.4409e-05 ,0 
951,23.75 ,-2.39788e-05 ,0 
952,23.775 ,-2.35603e-05 ,0 
953,23.8 ,-2.31533e-05 ,0 
954,23.825 ,-2.27577e-05 ,0 
955,23.85 ,-2.23733e-05 ,0 
956,23.875 ,-2.19998e-05 ,0 
957,23.9 ,-2.16371e-05 ,0 
958,23.925 ,-2.12851e-05 ,0 
959,23.95 ,-2.09435e-05 ,0 
960,23.975 ,-2.06123e-05 ,0 
961,24 ,-2.02912e-05 ,0 
962,24.025 ,-1.99801e-05 ,0 
963,24.05 ,-1.96788e-05 ,0 
964,24.075 ,-1.93873e-05 ,0 
965,24.1 ,-1.91054e-05 ,0 
966,24.125 ,-1.88329e-05 ,0 
967,24.15 ,-1.85698e-05 ,0 
968,24.175 ,-1.83159e-05 ,0 
969,24.2 ,-1.8071e-05 ,0 
970,24.225 ,-1.78351e-05 ,0 
971,24.25 ,-1.76081e-05 ,0 
972,24.275 ,-1.73898e-05 ,0 
973,24.3 ,-1.71802e-05 ,0 
974,24.325 ,-1.69792e-05 ,0 
975,24.35 ,-1.67866e-05 ,0 
976,24.375 ,-1.66023e-05 ,0 
977,24.4 ,-1.64264e-05 ,0 
978,24.425 ,-1.62587e-05 ,0 
979,24.45 ,-1.60991e-05 ,0 
980,24.475 ,-1.59475e-05 ,0 
981,24.5 ,-1.5804e-05 ,0 
982,24.525 ,-1.56683e-05 ,0 
983,24.55 ,-1.55405e-05 ,0 
984,24.575 ,-1.54206e-05 ,0 
985,24.6 ,-1.53083e-05 ,0 
986,24.625 ,-1.52038e-05 ,0 
987,24.65 ,-1.51069e-05 ,0 
988,24.675 ,-1.50176e-05 ,0 
989,24.7 ,-1.49359e-05 ,0 
990,24.725 ,-1.48617e-05 ,0 
991,24.75 ,-1.4795e-05 ,0 
992,24.775 ,-1.47358e-05 ,0 
993,24.8 ,-1.4684e-05 ,0 
994,24.825 ,-1.46397e-05 ,0 
995,24.85 ,-1.46028e-05 ,0 
996,24.875 ,-1.45732e-05 ,0 
997,24.9 ,-1.45511e-05 ,0 
998,24.925 ,-1.45363e-05 ,0 
999,24.95 ,-1.4529e-05 ,0 
1000,24.975 ,-1.4529e-05 ,0 