N_e = 8
1,0.025 ,0.00156276 ,0 
2,0.05 ,0.00156276 ,0 
3,0.075 ,0.00212242 ,0 
4,0.1 ,0.00275749 ,0 
5,0.125 ,0.00341353 ,0 
6,0.15 ,0.00407709 ,0 
7,0.175 ,0.00474346 ,0 
8,0.2 ,0.00541053 ,0 
9,0.225 ,0.0060772 ,0 
10,0.25 ,0.0067428 ,0 
11,0.275 ,0.00740685 ,0 
12,0.3 ,0.00806898 ,0 
13,0.325 ,0.0087289 ,0 
14,0.35 ,0.00938634 ,0 
15,0.375 ,0.010041 ,0 
16,0.4 ,0.0106928 ,0 
17,0.425 ,0.0113414 ,0 
18,0.45 ,0.0119865 ,0 
19,0.475 ,0.0126281 ,0 
20,0.5 ,0.0132659 ,0 
21,0.525 ,0.0138997 ,0 
22,0.55 ,0.0145293 ,0 
23,0.575 ,0.0151545 ,0 
24,0.6 ,0.0157751 ,0 
25,0.625 ,0.016391 ,0 
26,0.65 ,0.0170019 ,0 
27,0.675 ,0.0176077 ,0 
28,0.7 ,0.0182082 ,0 
29,0.725 ,0.0188033 ,0 
30,0.75 ,0.0193926 ,0 
31,0.775 ,0.0199761 ,0 
32,0.8 ,0.0205536 ,0 
33,0.825 ,0.021125 ,0 
34,0.85 ,0.02169 ,0 
35,0.875 ,0.0222485 ,0 
36,0.9 ,0.0228004 ,0 
37,0.925 ,0.0233454 ,0 
38,0.95 ,0.0238835 ,0 
39,0.975 ,0.0244145 ,0 
40,1 ,0.0249382 ,0 
41,1.025 ,0.0254545 ,0 
42,1.05 ,0.0259632 ,0 
43,1.075 ,0.0264642 ,0 
44,1.1 ,0.0269575 ,0 
45,1.125 ,0.0274427 ,0 
46,1.15 ,0.0279199 ,0 
47,1.175 ,0.0283888 ,0 
48,1.2 ,0.0288494 ,0 
49,1.225 ,0.0293015 ,0 
50,1.25 ,0.0297451 ,0 
51,1.275 ,0.0301799 ,0 
52,1.3 ,0.0306059 ,0 
53,1.325 ,0.0310231 ,0 
54,1.35 ,0.0314312 ,0 
55,1.375 ,0.0318302 ,0 
56,1.4 ,0.03222 ,0 
57,1.425 ,0.0326004 ,0 
58,1.45 ,0.0329715 ,0 
59,1.475 ,0.0333331 ,0 
60,1.5 ,0.0336852 ,0 
61,1.525 ,0.0340276 ,0 
62,1.55 ,0.0343603 ,0 
63,1.575 ,0.0346832 ,0 
64,1.6 ,0.0349962 ,0 
65,1.625 ,0.0352993 ,0 
66,1.65 ,0.0355925 ,0 
67,1.675 ,0.0358756 ,0 
68,1.7 ,0.0361486 ,0 
69,1.725 ,0.0364115 ,0 
70,1.75 ,0.0366642 ,0 
71,1.775 ,0.0369067 ,0 
72,1.8 ,0.037139 ,0 
73,1.825 ,0.0373609 ,0 
74,1.85 ,0.0375726 ,0 
75,1.875 ,0.0377738 ,0 
76,1.9 ,0.0379647 ,0 
77,1.925 ,0.0381453 ,0 
78,1.95 ,0.0383154 ,0 
79,1.975 ,0.0384751 ,0 
80,2 ,0.0386244 ,0 
81,2.025 ,0.0387632 ,0 
82,2.05 ,0.0388917 ,0 
83,2.075 ,0.0390097 ,0 
84,2.1 ,0.0391173 ,0 
85,2.125 ,0.0392145 ,0 
86,2.15 ,0.0393013 ,0 
87,2.175 ,0.0393777 ,0 
88,2.2 ,0.0394438 ,0 
89,2.225 ,0.0394996 ,0 
90,2.25 ,0.0395451 ,0 
91,2.275 ,0.0395803 ,0 
92,2.3 ,0.0396053 ,0 
93,2.325 ,0.0396201 ,0 
94,2.35 ,0.0396248 ,0 
95,2.375 ,0.0396194 ,0 
96,2.4 ,0.0396039 ,0 
97,2.425 ,0.0395785 ,0 
98,2.45 ,0.0395431 ,0 
99,2.475 ,0.0394978 ,0 
100,2.5 ,0.0394427 ,0 
101,2.525 ,0.0393779 ,0 
102,2.55 ,0.0393034 ,0 
103,2.575 ,0.0392193 ,0 
104,2.6 ,0.0391256 ,0 
105,2.625 ,0.0390225 ,0 
106,2.65 ,0.03891 ,0 
107,2.675 ,0.0387883 ,0 
108,2.7 ,0.0386573 ,0 
109,2.725 ,0.0385172 ,0 
110,2.75 ,0.0383681 ,0 
111,2.775 ,0.03821 ,0 
112,2.8 ,0.0380431 ,0 
113,2.825 ,0.0378675 ,0 
114,2.85 ,0.0376833 ,0 
115,2.875 ,0.0374905 ,0 
116,2.9 ,0.0372893 ,0 
117,2.925 ,0.0370798 ,0 
118,2.95 ,0.0368622 ,0 
119,2.975 ,0.0366364 ,0 
120,3 ,0.0364026 ,0 
121,3.025 ,0.036161 ,0 
122,3.05 ,0.0359117 ,0 
123,3.075 ,0.0356547 ,0 
124,3.1 ,0.0353903 ,0 
125,3.125 ,0.0351185 ,0 
126,3.15 ,0.0348395 ,0 
127,3.175 ,0.0345534 ,0 
128,3.2 ,0.0342603 ,0 
129,3.225 ,0.0339603 ,0 
130,3.25 ,0.0336537 ,0 
131,3.275 ,0.0333404 ,0 
132,3.3 ,0.0330208 ,0 
133,3.325 ,0.0326948 ,0 
134,3.35 ,0.0323627 ,0 
135,3.375 ,0.0320246 ,0 
136,3.4 ,0.0316805 ,0 
137,3.425 ,0.0313308 ,0 
138,3.45 ,0.0309754 ,0 
139,3.475 ,0.0306146 ,0 
140,3.5 ,0.0302485 ,0 
141,3.525 ,0.0298773 ,0 
142,3.55 ,0.029501 ,0 
143,3.575 ,0.0291199 ,0 
144,3.6 ,0.028734 ,0 
145,3.625 ,0.0283436 ,0 
146,3.65 ,0.0279488 ,0 
147,3.675 ,0.0275497 ,0 
148,3.7 ,0.0271464 ,0 
149,3.725 ,0.0267392 ,0 
150,3.75 ,0.0263282 ,0 
151,3.775 ,0.0259136 ,0 
152,3.8 ,0.0254954 ,0 
153,3.825 ,0.0250738 ,0 
154,3.85 ,0.024649 ,0 
155,3.875 ,0.0242211 ,0 
156,3.9 ,0.0237904 ,0 
157,3.925 ,0.0233568 ,0 
158,3.95 ,0.0229207 ,0 
159,3.975 ,0.022482 ,0 
160,4 ,0.0220411 ,0 
161,4.025 ,0.021598 ,0 
162,4.05 ,0.0211528 ,0 
163,4.075 ,0.0207058 ,0 
164,4.1 ,0.020257 ,0 
165,4.125 ,0.0198067 ,0 
166,4.15 ,0.0193549 ,0 
167,4.175 ,0.0189019 ,0 
168,4.2 ,0.0184476 ,0 
169,4.225 ,0.0179924 ,0 
170,4.25 ,0.0175363 ,0 
171,4.275 ,0.0170795 ,0 
172,4.3 ,0.0166221 ,0 
173,4.325 ,0.0161643 ,0 
174,4.35 ,0.0157061 ,0 
175,4.375 ,0.0152478 ,0 
176,4.4 ,0.0147894 ,0 
177,4.425 ,0.0143312 ,0 
178,4.45 ,0.0138731 ,0 
179,4.475 ,0.0134155 ,0 
180,4.5 ,0.0129583 ,0 
181,4.525 ,0.0125017 ,0 
182,4.55 ,0.0120459 ,0 
183,4.575 ,0.011591 ,0 
184,4.6 ,0.0111371 ,0 
185,4.625 ,0.0106843 ,0 
186,4.65 ,0.0102327 ,0 
187,4.675 ,0.00978249 ,0 
188,4.7 ,0.00933376 ,0 
189,4.725 ,0.00888664 ,0 
190,4.75 ,0.00844123 ,0 
191,4.775 ,0.00799764 ,0 
192,4.8 ,0.00755599 ,0 
193,4.825 ,0.00711638 ,0 
194,4.85 ,0.00667892 ,0 
195,4.875 ,0.00624372 ,0 
196,4.9 ,0.00581088 ,0 
197,4.925 ,0.00538051 ,0 
198,4.95 ,0.0049527 ,0 
199,4.975 ,0.00452754 ,0 
200,5 ,0.00410515 ,0 
201,5.025 ,0.00368561 ,0 
202,5.05 ,0.003269 ,0 
203,5.075 ,0.00285544 ,0 
204,5.1 ,0.00244499 ,0 
205,5.125 ,0.00203775 ,0 
206,5.15 ,0.0016338 ,0 
207,5.175 ,0.00123322 ,0 
208,5.2 ,0.000836095 ,0 
209,5.225 ,0.0004425 ,0 
210,5.25 ,5.25121e-05 ,0 
211,5.275 ,-0.000333797 ,0 
212,5.3 ,-0.000716354 ,0 
213,5.325 ,-0.00109509 ,0 
214,5.35 ,-0.00146994 ,0 
215,5.375 ,-0.00184084 ,0 
216,5.4 ,-0.00220772 ,0 
217,5.425 ,-0.00257052 ,0 
218,5.45 ,-0.00292918 ,0 
219,5.475 ,-0.00328366 ,0 
220,5.5 ,-0.00363388 ,0 
221,5.525 ,-0.00397981 ,0 
222,5.55 ,-0.00432138 ,0 
223,5.575 ,-0.00465855 ,0 
224,5.6 ,-0.00499128 ,0 
225,5.625 ,-0.00531952 ,0 
226,5.65 ,-0.00564322 ,0 
227,5.675 ,-0.00596236 ,0 
228,5.7 ,-0.00627688 ,0 
229,5.725 ,-0.00658676 ,0 
230,5.75 ,-0.00689195 ,0 
231,5.775 ,-0.00719243 ,0 
232,5.8 ,-0.00748817 ,0 
233,5.825 ,-0.00777914 ,0 
234,5.85 ,-0.00806532 ,0 
235,5.875 ,-0.00834667 ,0 
236,5.9 ,-0.00862318 ,0 
237,5.925 ,-0.00889482 ,0 
238,5.95 ,-0.00916159 ,0 
239,5.975 ,-0.00942345 ,0 
240,6 ,-0.00968041 ,0 
241,6.025 ,-0.00993244 ,0 
242,6.05 ,-0.0101795 ,0 
243,6.075 ,-0.0104217 ,0 
244,6.1 ,-0.0106589 ,0 
245,6.125 ,-0.0108911 ,0 
246,6.15 ,-0.0111184 ,0 
247,6.175 ,-0.0113407 ,0 
248,6.2 ,-0.0115581 ,0 
249,6.225 ,-0.0117705 ,0 
250,6.25 ,-0.0119779 ,0 
251,6.275 ,-0.0121804 ,0 
252,6.3 ,-0.0123779 ,0 
253,6.325 ,-0.0125705 ,0 
254,6.35 ,-0.0127582 ,0 
255,6.375 ,-0.0129409 ,0 
256,6.4 ,-0.0131188 ,0 
257,6.425 ,-0.0132917 ,0 
258,6.45 ,-0.0134598 ,0 
259,6.475 ,-0.013623 ,0 
260,6.5 ,-0.0137814 ,0 
261,6.525 ,-0.013935 ,0 
262,6.55 ,-0.0140838 ,0 
263,6.575 ,-0.0142277 ,0 
264,6.6 ,-0.014367 ,0 
265,6.625 ,-0.0145015 ,0 
266,6.65 ,-0.0146313 ,0 
267,6.675 ,-0.0147565 ,0 
268,6.7 ,-0.014877 ,0 
269,6.725 ,-0.0149928 ,0 
270,6.75 ,-0.0151042 ,0 
271,6.775 ,-0.0152109 ,0 
272,6.8 ,-0.0153131 ,0 
273,6.825 ,-0.0154109 ,0 
274,6.85 ,-0.0155042 ,0 
275,6.875 ,-0.0155931 ,0 
276,6.9 ,-0.0156777 ,0 
277,6.925 ,-0.0157579 ,0 
278,6.95 ,-0.0158338 ,0 
279,6.975 ,-0.0159054 ,0 
280,7 ,-0.0159728 ,0 
281,7.025 ,-0.0160361 ,0 
282,7.05 ,-0.0160952 ,0 
283,7.075 ,-0.0161503 ,0 
284,7.1 ,-0.0162013 ,0 
285,7.125 ,-0.0162483 ,0 
286,7.15 ,-0.0162913 ,0 
287,7.175 ,-0.0163305 ,0 
288,7.2 ,-0.0163658 ,0 
289,7.225 ,-0.0163973 ,0 
290,7.25 ,-0.016425 ,0 
291,7.275 ,-0.016449 ,0 
292,7.3 ,-0.0164693 ,0 
293,7.325 ,-0.016486 ,0 
294,7.35 ,-0.0164992 ,0 
295,7.375 ,-0.0165088 ,0 
296,7.4 ,-0.016515 ,0 
297,7.425 ,-0.0165178 ,0 
298,7.45 ,-0.0165171 ,0 
299,7.475 ,-0.0165132 ,0 
300,7.5 ,-0.016506 ,0 
301,7.525 ,-0.0164956 ,0 
302,7.55 ,-0.0164821 ,0 
303,7.575 ,-0.0164654 ,0 
304,7.6 ,-0.0164457 ,0 
305,7.625 ,-0.016423 ,0 
306,7.65 ,-0.0163974 ,0 
307,7.675 ,-0.0163689 ,0 
308,7.7 ,-0.0163375 ,0 
309,7.725 ,-0.0163033 ,0 
310,7.75 ,-0.0162664 ,0 
311,7.775 ,-0.0162269 ,0 
312,7.8 ,-0.0161847 ,0 
313,7.825 ,-0.0161399 ,0 
314,7.85 ,-0.0160927 ,0 
315,7.875 ,-0.0160429 ,0 
316,7.9 ,-0.0159908 ,0 
317,7.925 ,-0.0159363 ,0 
318,7.95 ,-0.0158795 ,0 
319,7.975 ,-0.0158205 ,0 
320,8 ,-0.0157592 ,0 
321,8.025 ,-0.0156958 ,0 
322,8.05 ,-0.0156303 ,0 
323,8.075 ,-0.0155628 ,0 
324,8.1 ,-0.0154933 ,0 
325,8.125 ,-0.0154219 ,0 
326,8.15 ,-0.0153486 ,0 
327,8.175 ,-0.0152734 ,0 
328,8.2 ,-0.0151965 ,0 
329,8.225 ,-0.0151178 ,0 
330,8.25 ,-0.0150375 ,0 
331,8.275 ,-0.0149555 ,0 
332,8.3 ,-0.014872 ,0 
333,8.325 ,-0.0147869 ,0 
334,8.35 ,-0.0147004 ,0 
335,8.375 ,-0.0146124 ,0 
336,8.4 ,-0.014523 ,0 
337,8.425 ,-0.0144323 ,0 
338,8.45 ,-0.0143404 ,0 
339,8.475 ,-0.0142471 ,0 
340,8.5 ,-0.0141527 ,0 
341,8.525 ,-0.0140572 ,0 
342,8.55 ,-0.0139605 ,0 
343,8.575 ,-0.0138628 ,0 
344,8.6 ,-0.0137641 ,0 
345,8.625 ,-0.0136644 ,0 
346,8.65 ,-0.0135638 ,0 
347,8.675 ,-0.0134623 ,0 
348,8.7 ,-0.0133599 ,0 
349,8.725 ,-0.0132568 ,0 
350,8.75 ,-0.013153 ,0 
351,8.775 ,-0.0130484 ,0 
352,8.8 ,-0.0129431 ,0 
353,8.825 ,-0.0128372 ,0 
354,8.85 ,-0.0127308 ,0 
355,8.875 ,-0.0126238 ,0 
356,8.9 ,-0.0125162 ,0 
357,8.925 ,-0.0124082 ,0 
358,8.95 ,-0.0122998 ,0 
359,8.975 ,-0.012191 ,0 
360,9 ,-0.0120818 ,0 
361,9.025 ,-0.0119722 ,0 
362,9.05 ,-0.0118624 ,0 
363,9.075 ,-0.0117524 ,0 
364,9.1 ,-0.0116421 ,0 
365,9.125 ,-0.0115316 ,0 
366,9.15 ,-0.0114209 ,0 
367,9.175 ,-0.0113102 ,0 
368,9.2 ,-0.0111993 ,0 
369,9.225 ,-0.0110884 ,0 
370,9.25 ,-0.0109775 ,0 
371,9.275 ,-0.0108665 ,0 
372,9.3 ,-0.0107556 ,0 
373,9.325 ,-0.0106448 ,0 
374,9.35 ,-0.010534 ,0 
375,9.375 ,-0.0104233 ,0 
376,9.4 ,-0.0103128 ,0 
377,9.425 ,-0.0102025 ,0 
378,9.45 ,-0.0100923 ,0 
379,9.475 ,-0.00998238 ,0 
380,9.5 ,-0.00987269 ,0 
381,9.525 ,-0.00976327 ,0 
382,9.55 ,-0.00965414 ,0 
383,9.575 ,-0.00954533 ,0 
384,9.6 ,-0.00943685 ,0 
385,9.625 ,-0.00932873 ,0 
386,9.65 ,-0.00922099 ,0 
387,9.675 ,-0.00911366 ,0 
388,9.7 ,-0.00900674 ,0 
389,9.725 ,-0.00890027 ,0 
390,9.75 ,-0.00879426 ,0 
391,9.775 ,-0.00868872 ,0 
392,9.8 ,-0.00858369 ,0 
393,9.825 ,-0.00847917 ,0 
394,9.85 ,-0.00837518 ,0 
395,9.875 ,-0.00827174 ,0 
396,9.9 ,-0.00816886 ,0 
397,9.925 ,-0.00806657 ,0 
398,9.95 ,-0.00796487 ,0 
399,9.975 ,-0.00786378 ,0 
400,10 ,-0.00776331 ,0 
401,10.025 ,-0.00766348 ,0 
402,10.05 ,-0.0075643 ,0 
403,10.075 ,-0.00746578 ,0 
404,10.1 ,-0.00736794 ,0 
405,10.125 ,-0.00727079 ,0 
406,10.15 ,-0.00717433 ,0 
407,10.175 ,-0.00707859 ,0 
408,10.2 ,-0.00698356 ,0 
409,10.225 ,-0.00688926 ,0 
410,10.25 ,-0.00679569 ,0 
411,10.275 ,-0.00670288 ,0 
412,10.3 ,-0.00661082 ,0 
413,10.325 ,-0.00651953 ,0 
414,10.35 ,-0.006429 ,0 
415,10.375 ,-0.00633926 ,0 
416,10.4 ,-0.0062503 ,0 
417,10.425 ,-0.00616213 ,0 
418,10.45 ,-0.00607476 ,0 
419,10.475 ,-0.00598819 ,0 
420,10.5 ,-0.00590243 ,0 
421,10.525 ,-0.00581748 ,0 
422,10.55 ,-0.00573334 ,0 
423,10.575 ,-0.00565002 ,0 
424,10.6 ,-0.00556753 ,0 
425,10.625 ,-0.00548586 ,0 
426,10.65 ,-0.00540501 ,0 
427,10.675 ,-0.005325 ,0 
428,10.7 ,-0.00524581 ,0 
429,10.725 ,-0.00516745 ,0 
430,10.75 ,-0.00508993 ,0 
431,10.775 ,-0.00501324 ,0 
432,10.8 ,-0.00493737 ,0 
433,10.825 ,-0.00486235 ,0 
434,10.85 ,-0.00478815 ,0 
435,10.875 ,-0.00471478 ,0 
436,10.9 ,-0.00464224 ,0 
437,10.925 ,-0.00457053 ,0 
438,10.95 ,-0.00449965 ,0 
439,10.975 ,-0.00442959 ,0 
440,11 ,-0.00436035 ,0 
441,11.025 ,-0.00429193 ,0 
442,11.05 ,-0.00422433 ,0 
443,11.075 ,-0.00415755 ,0 
444,11.1 ,-0.00409158 ,0 
445,11.125 ,-0.00402641 ,0 
446,11.15 ,-0.00396205 ,0 
447,11.175 ,-0.00389849 ,0 
448,11.2 ,-0.00383572 ,0 
449,11.225 ,-0.00377375 ,0 
450,11.25 ,-0.00371257 ,0 
451,11.275 ,-0.00365218 ,0 
452,11.3 ,-0.00359256 ,0 
453,11.325 ,-0.00353372 ,0 
454,11.35 ,-0.00347565 ,0 
455,11.375 ,-0.00341834 ,0 
456,11.4 ,-0.0033618 ,0 
457,11.425 ,-0.00330601 ,0 
458,11.45 ,-0.00325097 ,0 
459,11.475 ,-0.00319668 ,0 
460,11.5 ,-0.00314312 ,0 
461,11.525 ,-0.0030903 ,0 
462,11.55 ,-0.00303821 ,0 
463,11.575 ,-0.00298684 ,0 
464,11.6 ,-0.00293618 ,0 
465,11.625 ,-0.00288624 ,0 
466,11.65 ,-0.002837 ,0 
467,11.675 ,-0.00278846 ,0 
468,11.7 ,-0.00274061 ,0 
469,11.725 ,-0.00269345 ,0 
470,11.75 ,-0.00264697 ,0 
471,11.775 ,-0.00260116 ,0 
472,11.8 ,-0.00255602 ,0 
473,11.825 ,-0.00251154 ,0 
474,11.85 ,-0.00246771 ,0 
475,11.875 ,-0.00242453 ,0 
476,11.9 ,-0.002382 ,0 
477,11.925 ,-0.0023401 ,0 
478,11.95 ,-0.00229882 ,0 
479,11.975 ,-0.00225817 ,0 
480,12 ,-0.00221814 ,0 
481,12.025 ,-0.00217871 ,0 
482,12.05 ,-0.00213988 ,0 
483,12.075 ,-0.00210166 ,0 
484,12.1 ,-0.00206402 ,0 
485,12.125 ,-0.00202696 ,0 
486,12.15 ,-0.00199048 ,0 
487,12.175 ,-0.00195457 ,0 
488,12.2 ,-0.00191922 ,0 
489,12.225 ,-0.00188442 ,0 
490,12.25 ,-0.00185018 ,0 
491,12.275 ,-0.00181648 ,0 
492,12.3 ,-0.00178332 ,0 
493,12.325 ,-0.00175069 ,0 
494,12.35 ,-0.00171858 ,0 
495,12.375 ,-0.00168699 ,0 
496,12.4 ,-0.0016559 ,0 
497,12.425 ,-0.00162533 ,0 
498,12.45 ,-0.00159525 ,0 
499,12.475 ,-0.00156566 ,0 
500,12.5 ,-0.00153656 ,0 
501,12.525 ,-0.00150794 ,0 
502,12.55 ,-0.00147979 ,0 
503,12.575 ,-0.00145211 ,0 
504,12.6 ,-0.00142488 ,0 
505,12.625 ,-0.00139812 ,0 
506,12.65 ,-0.0013718 ,0 
507,12.675 ,-0.00134592 ,0 
508,12.7 ,-0.00132048 ,0 
509,12.725 ,-0.00129547 ,0 
510,12.75 ,-0.00127088 ,0 
511,12.775 ,-0.00124671 ,0 
512,12.8 ,-0.00122296 ,0 
513,12.825 ,-0.00119961 ,0 
514,12.85 ,-0.00117666 ,0 
515,12.875 ,-0.00115411 ,0 
516,12.9 ,-0.00113194 ,0 
517,12.925 ,-0.00111016 ,0 
518,12.95 ,-0.00108876 ,0 
519,12.975 ,-0.00106774 ,0 
520,13 ,-0.00104708 ,0 
521,13.025 ,-0.00102678 ,0 
522,13.05 ,-0.00100684 ,0 
523,13.075 ,-0.000987252 ,0 
524,13.1 ,-0.000968009 ,0 
525,13.125 ,-0.000949108 ,0 
526,13.15 ,-0.000930542 ,0 
527,13.175 ,-0.000912308 ,0 
528,13.2 ,-0.000894399 ,0 
529,13.225 ,-0.000876811 ,0 
530,13.25 ,-0.000859539 ,0 
531,13.275 ,-0.000842578 ,0 
532,13.3 ,-0.000825924 ,0 
533,13.325 ,-0.000809571 ,0 
534,13.35 ,-0.000793514 ,0 
535,13.375 ,-0.00077775 ,0 
536,13.4 ,-0.000762273 ,0 
537,13.425 ,-0.000747079 ,0 
538,13.45 ,-0.000732164 ,0 
539,13.475 ,-0.000717522 ,0 
540,13.5 ,-0.00070315 ,0 
541,13.525 ,-0.000689044 ,0 
542,13.55 ,-0.000675198 ,0 
543,13.575 ,-0.000661609 ,0 
544,13.6 ,-0.000648272 ,0 
545,13.625 ,-0.000635184 ,0 
546,13.65 ,-0.000622341 ,0 
547,13.675 ,-0.000609737 ,0 
548,13.7 ,-0.00059737 ,0 
549,13.725 ,-0.000585235 ,0 
550,13.75 ,-0.000573329 ,0 
551,13.775 ,-0.000561647 ,0 
552,13.8 ,-0.000550187 ,0 
553,13.825 ,-0.000538943 ,0 
554,13.85 ,-0.000527913 ,0 
555,13.875 ,-0.000517093 ,0 
556,13.9 ,-0.00050648 ,0 
557,13.925 ,-0.000496069 ,0 
558,13.95 ,-0.000485857 ,0 
559,13.975 ,-0.000475842 ,0 
560,14 ,-0.000466019 ,0 
561,14.025 ,-0.000456385 ,0 
562,14.05 ,-0.000446937 ,0 
563,14.075 ,-0.000437672 ,0 
564,14.1 ,-0.000428587 ,0 
565,14.125 ,-0.000419678 ,0 
566,14.15 ,-0.000410942 ,0 
567,14.175 ,-0.000402376 ,0 
568,14.2 ,-0.000393978 ,0 
569,14.225 ,-0.000385744 ,0 
570,14.25 ,-0.000377671 ,0 
571,14.275 ,-0.000369757 ,0 
572,14.3 ,-0.000361998 ,0 
573,14.325 ,-0.000354392 ,0 
574,14.35 ,-0.000346936 ,0 
575,14.375 ,-0.000339628 ,0 
576,14.4 ,-0.000332465 ,0 
577,14.425 ,-0.000325443 ,0 
578,14.45 ,-0.000318562 ,0 
579,14.475 ,-0.000311817 ,0 
580,14.5 ,-0.000305207 ,0 
581,14.525 ,-0.000298729 ,0 
582,14.55 ,-0.00029238 ,0 
583,14.575 ,-0.000286159 ,0 
584,14.6 ,-0.000280062 ,0 
585,14.625 ,-0.000274089 ,0 
586,14.65 ,-0.000268235 ,0 
587,14.675 ,-0.0002625 ,0 
588,14.7 ,-0.000256881 ,0 
589,14.725 ,-0.000251375 ,0 
590,14.75 ,-0.000245981 ,0 
591,14.775 ,-0.000240697 ,0 
592,14.8 ,-0.00023552 ,0 
593,14.825 ,-0.000230448 ,0 
594,14.85 ,-0.00022548 ,0 
595,14.875 ,-0.000220614 ,0 
596,14.9 ,-0.000215847 ,0 
597,14.925 ,-0.000211178 ,0 
598,14.95 ,-0.000206604 ,0 
599,14.975 ,-0.000202125 ,0 
600,15 ,-0.000197738 ,0 
601,15.025 ,-0.000193441 ,0 
602,15.05 ,-0.000189233 ,0 
603,15.075 ,-0.000185112 ,0 
604,15.1 ,-0.000181076 ,0 
605,15.125 ,-0.000177124 ,0 
606,15.15 ,-0.000173255 ,0 
607,15.175 ,-0.000169465 ,0 
608,15.2 ,-0.000165755 ,0 
609,15.225 ,-0.000162122 ,0 
610,15.25 ,-0.000158564 ,0 
611,15.275 ,-0.000155082 ,0 
612,15.3 ,-0.000151672 ,0 
613,15.325 ,-0.000148333 ,0 
614,15.35 ,-0.000145065 ,0 
615,15.375 ,-0.000141865 ,0 
616,15.4 ,-0.000138733 ,0 
617,15.425 ,-0.000135667 ,0 
618,15.45 ,-0.000132665 ,0 
619,15.475 ,-0.000129727 ,0 
620,15.5 ,-0.000126852 ,0 
621,15.525 ,-0.000124037 ,0 
622,15.55 ,-0.000121282 ,0 
623,15.575 ,-0.000118585 ,0 
624,15.6 ,-0.000115946 ,0 
625,15.625 ,-0.000113363 ,0 
626,15.65 ,-0.000110835 ,0 
627,15.675 ,-0.000108361 ,0 
628,15.7 ,-0.00010594 ,0 
629,15.725 ,-0.00010357 ,0 
630,15.75 ,-0.000101252 ,0 
631,15.775 ,-9.89833e-05 ,0 
632,15.8 ,-9.67633e-05 ,0 
633,15.825 ,-9.45911e-05 ,0 
634,15.85 ,-9.24656e-05 ,0 
635,15.875 ,-9.0386e-05 ,0 
636,15.9 ,-8.83513e-05 ,0 
637,15.925 ,-8.63605e-05 ,0 
638,15.95 ,-8.44129e-05 ,0 
639,15.975 ,-8.25074e-05 ,0 
640,16 ,-8.06432e-05 ,0 
641,16.025 ,-7.88196e-05 ,0 
642,16.05 ,-7.70355e-05 ,0 
643,16.075 ,-7.52903e-05 ,0 
644,16.1 ,-7.35831e-05 ,0 
645,16.125 ,-7.19132e-05 ,0 
646,16.15 ,-7.02797e-05 ,0 
647,16.175 ,-6.86819e-05 ,0 
648,16.2 ,-6.71191e-05 ,0 
649,16.225 ,-6.55905e-05 ,0 
650,16.25 ,-6.40954e-05 ,0 
651,16.275 ,-6.26332e-05 ,0 
652,16.3 ,-6.12031e-05 ,0 
653,16.325 ,-5.98044e-05 ,0 
654,16.35 ,-5.84366e-05 ,0 
655,16.375 ,-5.70989e-05 ,0 
656,16.4 ,-5.57908e-05 ,0 
657,16.425 ,-5.45115e-05 ,0 
658,16.45 ,-5.32606e-05 ,0 
659,16.475 ,-5.20373e-05 ,0 
660,16.5 ,-5.08412e-05 ,0 
661,16.525 ,-4.96716e-05 ,0 
662,16.55 ,-4.85279e-05 ,0 
663,16.575 ,-4.74097e-05 ,0 
664,16.6 ,-4.63164e-05 ,0 
665,16.625 ,-4.52474e-05 ,0 
666,16.65 ,-4.42023e-05 ,0 
667,16.675 ,-4.31805e-05 ,0 
668,16.7 ,-4.21815e-05 ,0 
669,16.725 ,-4.12049e-05 ,0 
670,16.75 ,-4.02501e-05 ,0 
671,16.775 ,-3.93167e-05 ,0 
672,16.8 ,-3.84043e-05 ,0 
673,16.825 ,-3.75123e-05 ,0 
674,16.85 ,-3.66404e-05 ,0 
675,16.875 ,-3.57881e-05 ,0 
676,16.9 ,-3.4955e-05 ,0 
677,16.925 ,-3.41407e-05 ,0 
678,16.95 ,-3.33447e-05 ,0 
679,16.975 ,-3.25667e-05 ,0 
680,17 ,-3.18063e-05 ,0 
681,17.025 ,-3.10631e-05 ,0 
682,17.05 ,-3.03367e-05 ,0 
683,17.075 ,-2.96268e-05 ,0 
684,17.1 ,-2.89329e-05 ,0 
685,17.125 ,-2.82549e-05 ,0 
686,17.15 ,-2.75922e-05 ,0 
687,17.175 ,-2.69446e-05 ,0 
688,17.2 ,-2.63117e-05 ,0 
689,17.225 ,-2.56933e-05 ,0 
690,17.25 ,-2.5089e-05 ,0 
691,17.275 ,-2.44984e-05 ,0 
692,17.3 ,-2.39214e-05 ,0 
693,17.325 ,-2.33575e-05 ,0 
694,17.35 ,-2.28065e-05 ,0 
695,17.375 ,-2.22682e-05 ,0 
696,17.4 ,-2.17422e-05 ,0 
697,17.425 ,-2.12283e-05 ,0 
698,17.45 ,-2.07261e-05 ,0 
699,17.475 ,-2.02355e-05 ,0 
700,17.5 ,-1.97562e-05 ,0 
701,17.525 ,-1.92879e-05 ,0 
702,17.55 ,-1.88304e-05 ,0 
703,17.575 ,-1.83835e-05 ,0 
704,17.6 ,-1.79469e-05 ,0 
705,17.625 ,-1.75203e-05 ,0 
706,17.65 ,-1.71036e-05 ,0 
707,17.675 ,-1.66966e-05 ,0 
708,17.7 ,-1.62989e-05 ,0 
709,17.725 ,-1.59105e-05 ,0 
710,17.75 ,-1.55311e-05 ,0 
711,17.775 ,-1.51605e-05 ,0 
712,17.8 ,-1.47985e-05 ,0 
713,17.825 ,-1.44449e-05 ,0 
714,17.85 ,-1.40996e-05 ,0 
715,17.875 ,-1.37622e-05 ,0 
716,17.9 ,-1.34328e-05 ,0 
717,17.925 ,-1.3111e-05 ,0 
718,17.95 ,-1.27967e-05 ,0 
719,17.975 ,-1.24898e-05 ,0 
720,18 ,-1.219e-05 ,0 
721,18.025 ,-1.18973e-05 ,0 
722,18.05 ,-1.16114e-05 ,0 
723,18.075 ,-1.13322e-05 ,0 
724,18.1 ,-1.10595e-05 ,0 
725,18.125 ,-1.07932e-05 ,0 
726,18.15 ,-1.05332e-05 ,0 
727,18.175 ,-1.02793e-05 ,0 
728,18.2 ,-1.00314e-05 ,0 
729,18.225 ,-9.78925e-06 ,0 
730,18.25 ,-9.55284e-06 ,0 
731,18.275 ,-9.32201e-06 ,0 
732,18.3 ,-9.09661e-06 ,0 
733,18.325 ,-8.87653e-06 ,0 
734,18.35 ,-8.66165e-06 ,0 
735,18.375 ,-8.45184e-06 ,0 
736,18.4 ,-8.247e-06 ,0 
737,18.425 ,-8.047e-06 ,0 
738,18.45 ,-7.85174e-06 ,0 
739,18.475 ,-7.6611e-06 ,0 
740,18.5 ,-7.47498e-06 ,0 
741,18.525 ,-7.29328e-06 ,0 
742,18.55 ,-7.11589e-06 ,0 
743,18.575 ,-6.94272e-06 ,0 
744,18.6 ,-6.77366e-06 ,0 
745,18.625 ,-6.60863e-06 ,0 
746,18.65 ,-6.44752e-06 ,0 
747,18.675 ,-6.29026e-06 ,0 
748,18.7 ,-6.13674e-06 ,0 
749,18.725 ,-5.98688e-06 ,0 
750,18.75 ,-5.84061e-06 ,0 
751,18.775 ,-5.69782e-06 ,0 
752,18.8 ,-5.55845e-06 ,0 
753,18.825 ,-5.42241e-06 ,0 
754,18.85 ,-5.28963e-06 ,0 
755,18.875 ,-5.16003e-06 ,0 
756,18.9 ,-5.03353e-06 ,0 
757,18.925 ,-4.91007e-06 ,0 
758,18.95 ,-4.78957e-06 ,0 
759,18.975 ,-4.67197e-06 ,0 
760,19 ,-4.55719e-06 ,0 
761,19.025 ,-4.44516e-06 ,0 
762,19.05 ,-4.33584e-06 ,0 
763,19.075 ,-4.22914e-06 ,0 
764,19.1 ,-4.12502e-06 ,0 
765,19.125 ,-4.0234e-06 ,0 
766,19.15 ,-3.92424e-06 ,0 
767,19.175 ,-3.82747e-06 ,0 
768,19.2 ,-3.73304e-06 ,0 
769,19.225 ,-3.64088e-06 ,0 
770,19.25 ,-3.55096e-06 ,0 
771,19.275 ,-3.46321e-06 ,0 
772,19.3 ,-3.37759e-06 ,0 
773,19.325 ,-3.29404e-06 ,0 
774,19.35 ,-3.21251e-06 ,0 
775,19.375 ,-3.13296e-06 ,0 
776,19.4 ,-3.05534e-06 ,0 
777,19.425 ,-2.97961e-06 ,0 
778,19.45 ,-2.90572e-06 ,0 
779,19.475 ,-2.83362e-06 ,0 
780,19.5 ,-2.76327e-06 ,0 
781,19.525 ,-2.69464e-06 ,0 
782,19.55 ,-2.62768e-06 ,0 
783,19.575 ,-2.56235e-06 ,0 
784,19.6 ,-2.49862e-06 ,0 
785,19.625 ,-2.43643e-06 ,0 
786,19.65 ,-2.37577e-06 ,0 
787,19.675 ,-2.31659e-06 ,0 
788,19.7 ,-2.25885e-06 ,0 
789,19.725 ,-2.20253e-06 ,0 
790,19.75 ,-2.14758e-06 ,0 
791,19.775 ,-2.09398e-06 ,0 
792,19.8 ,-2.04169e-06 ,0 
793,19.825 ,-1.99068e-06 ,0 
794,19.85 ,-1.94093e-06 ,0 
795,19.875 ,-1.89239e-06 ,0 
796,19.9 ,-1.84505e-06 ,0 
797,19.925 ,-1.79886e-06 ,0 
798,19.95 ,-1.75382e-06 ,0 
799,19.975 ,-1.70988e-06 ,0 
800,20 ,-1.66702e-06 ,0 
801,20.025 ,-1.62521e-06 ,0 
802,20.05 ,-1.58444e-06 ,0 
803,20.075 ,-1.54467e-06 ,0 
804,20.1 ,-1.50588e-06 ,0 
805,20.125 ,-1.46805e-06 ,0 
806,20.15 ,-1.43115e-06 ,0 
807,20.175 ,-1.39516e-06 ,0 
808,20.2 ,-1.36007e-06 ,0 
809,20.225 ,-1.32583e-06 ,0 
810,20.25 ,-1.29245e-06 ,0 
811,20.275 ,-1.25989e-06 ,0 
812,20.3 ,-1.22814e-06 ,0 
813,20.325 ,-1.19718e-06 ,0 
814,20.35 ,-1.16698e-06 ,0 
815,20.375 ,-1.13753e-06 ,0 
816,20.4 ,-1.10881e-06 ,0 
817,20.425 ,-1.08081e-06 ,0 
818,20.45 ,-1.0535e-06 ,0 
819,20.475 ,-1.02686e-06 ,0 
820,20.5 ,-1.00089e-06 ,0 
821,20.525 ,-9.75572e-07 ,0 
822,20.55 ,-9.50879e-07 ,0 
823,20.575 ,-9.26801e-07 ,0 
824,20.6 ,-9.03323e-07 ,0 
825,20.625 ,-8.8043e-07 ,0 
826,20.65 ,-8.58108e-07 ,0 
827,20.675 ,-8.36343e-07 ,0 
828,20.7 ,-8.15121e-07 ,0 
829,20.725 ,-7.94429e-07 ,0 
830,20.75 ,-7.74254e-07 ,0 
831,20.775 ,-7.54584e-07 ,0 
832,20.8 ,-7.35406e-07 ,0 
833,20.825 ,-7.16707e-07 ,0 
834,20.85 ,-6.98477e-07 ,0 
835,20.875 ,-6.80704e-07 ,0 
836,20.9 ,-6.63376e-07 ,0 
837,20.925 ,-6.46482e-07 ,0 
838,20.95 ,-6.30012e-07 ,0 
839,20.975 ,-6.13956e-07 ,0 
840,21 ,-5.98303e-07 ,0 
841,21.025 ,-5.83043e-07 ,0 
842,21.05 ,-5.68167e-07 ,0 
843,21.075 ,-5.53665e-07 ,0 
844,21.1 ,-5.39528e-07 ,0 
845,21.125 ,-5.25746e-07 ,0 
846,21.15 ,-5.12312e-07 ,0 
847,21.175 ,-4.99217e-07 ,0 
848,21.2 ,-4.86451e-07 ,0 
849,21.225 ,-4.74008e-07 ,0 
850,21.25 ,-4.61878e-07 ,0 
851,21.275 ,-4.50055e-07 ,0 
852,21.3 ,-4.38531e-07 ,0 
853,21.325 ,-4.27297e-07 ,0 
854,21.35 ,-4.16348e-07 ,0 
855,21.375 ,-4.05676e-07 ,0 
856,21.4 ,-3.95274e-07 ,0 
857,21.425 ,-3.85136e-07 ,0 
858,21.45 ,-3.75254e-07 ,0 
859,21.475 ,-3.65623e-07 ,0 
860,21.5 ,-3.56236e-07 ,0 
861,21.525 ,-3.47087e-07 ,0 
862,21.55 ,-3.38171e-07 ,0 
863,21.575 ,-3.29481e-07 ,0 
864,21.6 ,-3.21012e-07 ,0 
865,21.625 ,-3.12758e-07 ,0 
866,21.65 ,-3.04714e-07 ,0 
867,21.675 ,-2.96875e-07 ,0 
868,21.7 ,-2.89236e-07 ,0 
869,21.725 ,-2.81791e-07 ,0 
870,21.75 ,-2.74536e-07 ,0 
871,21.775 ,-2.67466e-07 ,0 
872,21.8 ,-2.60577e-07 ,0 
873,21.825 ,-2.53864e-07 ,0 
874,21.85 ,-2.47322e-07 ,0 
875,21.875 ,-2.40947e-07 ,0 
876,21.9 ,-2.34735e-07 ,0 
877,21.925 ,-2.28683e-07 ,0 
878,21.95 ,-2.22785e-07 ,0 
879,21.975 ,-2.17038e-07 ,0 
880,22 ,-2.11439e-07 ,0 
881,22.025 ,-2.05984e-07 ,0 
882,22.05 ,-2.00668e-07 ,0 
883,22.075 ,-1.95489e-07 ,0 
884,22.1 ,-1.90443e-07 ,0 
885,22.125 ,-1.85527e-07 ,0 
886,22.15 ,-1.80737e-07 ,0 
887,22.175 ,-1.76071e-07 ,0 
888,22.2 ,-1.71525e-07 ,0 
889,22.225 ,-1.67096e-07 ,0 
890,22.25 ,-1.62782e-07 ,0 
891,22.275 ,-1.58579e-07 ,0 
892,22.3 ,-1.54484e-07 ,0 
893,22.325 ,-1.50495e-07 ,0 
894,22.35 ,-1.4661e-07 ,0 
895,22.375 ,-1.42825e-07 ,0 
896,22.4 ,-1.39139e-07 ,0 
897,22.425 ,-1.35548e-07 ,0 
898,22.45 ,-1.3205e-07 ,0 
899,22.475 ,-1.28643e-07 ,0 
900,22.5 ,-1.25324e-07 ,0 
901,22.525 ,-1.22093e-07 ,0 
902,22.55 ,-1.18945e-07 ,0 
903,22.575 ,-1.15879e-07 ,0 
904,22.6 ,-1.12894e-07 ,0 
905,22.625 ,-1.09986e-07 ,0 
906,22.65 ,-1.07155e-07 ,0 
907,22.675 ,-1.04397e-07 ,0 
908,22.7 ,-1.01712e-07 ,0 
909,22.725 ,-9.90975e-08 ,0 
910,22.75 ,-9.65517e-08 ,0 
911,22.775 ,-9.40728e-08 ,0 
912,22.8 ,-9.16592e-08 ,0 
913,22.825 ,-8.93093e-08 ,0 
914,22.85 ,-8.70215e-08 ,0 
915,22.875 ,-8.47942e-08 ,0 
916,22.9 ,-8.26259e-08 ,0 
917,22.925 ,-8.05152e-08 ,0 
918,22.95 ,-7.84605e-08 ,0 
919,22.975 ,-7.64606e-08 ,0 
920,23 ,-7.4514e-08 ,0 
921,23.025 ,-7.26194e-08 ,0 
922,23.05 ,-7.07755e-08 ,0 
923,23.075 ,-6.89811e-08 ,0 
924,23.1 ,-6.72349e-08 ,0 
925,23.125 ,-6.55358e-08 ,0 
926,23.15 ,-6.38825e-08 ,0 
927,23.175 ,-6.22739e-08 ,0 
928,23.2 ,-6.0709e-08 ,0 
929,23.225 ,-5.91866e-08 ,0 
930,23.25 ,-5.77057e-08 ,0 
931,23.275 ,-5.62653e-08 ,0 
932,23.3 ,-5.48644e-08 ,0 
933,23.325 ,-5.3502e-08 ,0 
934,23.35 ,-5.21773e-08 ,0 
935,23.375 ,-5.08891e-08 ,0 
936,23.4 ,-4.96368e-08 ,0 
937,23.425 ,-4.84194e-08 ,0 
938,23.45 ,-4.7236e-08 ,0 
939,23.475 ,-4.60859e-08 ,0 
940,23.5 ,-4.49683e-08 ,0 
941,23.525 ,-4.38823e-08 ,0 
942,23.55 ,-4.28273e-08 ,0 
943,23.575 ,-4.18024e-08 ,0 
944,23.6 ,-4.0807e-08 ,0 
945,23.625 ,-3.98404e-08 ,0 
946,23.65 ,-3.89019e-08 ,0 
947,23.675 ,-3.79908e-08 ,0 
948,23.7 ,-3.71065e-08 ,0 
949,23.725 ,-3.62485e-08 ,0 
950,23.75 ,-3.5416e-08 ,0 
951,23.775 ,-3.46085e-08 ,0 
952,23.8 ,-3.38254e-08 ,0 
953,23.825 ,-3.30663e-08 ,0 
954,23.85 ,-3.23305e-08 ,0 
955,23.875 ,-3.16175e-08 ,0 
956,23.9 ,-3.09268e-08 ,0 
957,23.925 ,-3.0258e-08 ,0 
958,23.95 ,-2.96106e-08 ,0 
959,23.975 ,-2.89841e-08 ,0 
960,24 ,-2.8378e-08 ,0 
961,24.025 ,-2.77919e-08 ,0 
962,24.05 ,-2.72255e-08 ,0 
963,24.075 ,-2.66783e-08 ,0 
964,24.1 ,-2.61499e-08 ,0 
965,24.125 ,-2.56399e-08 ,0 
966,24.15 ,-2.51481e-08 ,0 
967,24.175 ,-2.46739e-08 ,0 
968,24.2 ,-2.42171e-08 ,0 
969,24.225 ,-2.37774e-08 ,0 
970,24.25 ,-2.33544e-08 ,0 
971,24.275 ,-2.29479e-08 ,0 
972,24.3 ,-2.25575e-08 ,0 
973,24.325 ,-2.21829e-08 ,0 
974,24.35 ,-2.18239e-08 ,0 
975,24.375 ,-2.14803e-08 ,0 
976,24.4 ,-2.11517e-08 ,0 
977,24.425 ,-2.08379e-08 ,0 
978,24.45 ,-2.05387e-08 ,0 
979,24.475 ,-2.02539e-08 ,0 
980,24.5 ,-1.99833e-08 ,0 
981,24.525 ,-1.97266e-08 ,0 
982,24.55 ,-1.94837e-08 ,0 
983,24.575 ,-1.92543e-08 ,0 
984,24.6 ,-1.90384e-08 ,0 
985,24.625 ,-1.88357e-08 ,0 
986,24.65 ,-1.86462e-08 ,0 
987,24.675 ,-1.84695e-08 ,0 
988,24.7 ,-1.83057e-08 ,0 
989,24.725 ,-1.81545e-08 ,0 
990,24.75 ,-1.8016e-08 ,0 
991,24.775 ,-1.78898e-08 ,0 
992,24.8 ,-1.7776e-08 ,0 
993,24.825 ,-1.76745e-08 ,0 
994,24.85 ,-1.75851e-08 ,0 
995,24.875 ,-1.75079e-08 ,0 
996,24.9 ,-1.74426e-08 ,0 
997,24.925 ,-1.73893e-08 ,0 
998,24.95 ,-1.73479e-08 ,0 
999,24.975 ,-1.73184e-08 ,0 
1000,25 ,-1.73007e-08 ,0 