N_e = 26
1,0.025 ,1.64683e-05 ,0 
2,0.05 ,1.64683e-05 ,0 
3,0.075 ,3.48657e-05 ,0 
4,0.1 ,6.15265e-05 ,0 
5,0.125 ,9.59542e-05 ,0 
6,0.15 ,0.000138047 ,0 
7,0.175 ,0.000187759 ,0 
8,0.2 ,0.000245056 ,0 
9,0.225 ,0.000309904 ,0 
10,0.25 ,0.000382268 ,0 
11,0.275 ,0.000462107 ,0 
12,0.3 ,0.000549379 ,0 
13,0.325 ,0.000644037 ,0 
14,0.35 ,0.000746029 ,0 
15,0.375 ,0.000855302 ,0 
16,0.4 ,0.000971798 ,0 
17,0.425 ,0.00109545 ,0 
18,0.45 ,0.0012262 ,0 
19,0.475 ,0.00136398 ,0 
20,0.5 ,0.0015087 ,0 
21,0.525 ,0.0016603 ,0 
22,0.55 ,0.00181869 ,0 
23,0.575 ,0.00198378 ,0 
24,0.6 ,0.0021555 ,0 
25,0.625 ,0.00233375 ,0 
26,0.65 ,0.00251843 ,0 
27,0.675 ,0.00270945 ,0 
28,0.7 ,0.0029067 ,0 
29,0.725 ,0.00311007 ,0 
30,0.75 ,0.00331947 ,0 
31,0.775 ,0.00353478 ,0 
32,0.8 ,0.00375589 ,0 
33,0.825 ,0.00398267 ,0 
34,0.85 ,0.00421501 ,0 
35,0.875 ,0.00445279 ,0 
36,0.9 ,0.00469587 ,0 
37,0.925 ,0.00494414 ,0 
38,0.95 ,0.00519745 ,0 
39,0.975 ,0.00545567 ,0 
40,1 ,0.00571868 ,0 
41,1.025 ,0.00598632 ,0 
42,1.05 ,0.00625846 ,0 
43,1.075 ,0.00653495 ,0 
44,1.1 ,0.00681566 ,0 
45,1.125 ,0.00710042 ,0 
46,1.15 ,0.00738909 ,0 
47,1.175 ,0.00768152 ,0 
48,1.2 ,0.00797755 ,0 
49,1.225 ,0.00827703 ,0 
50,1.25 ,0.00857981 ,0 
51,1.275 ,0.00888571 ,0 
52,1.3 ,0.00919459 ,0 
53,1.325 ,0.00950628 ,0 
54,1.35 ,0.00982061 ,0 
55,1.375 ,0.0101374 ,0 
56,1.4 ,0.0104566 ,0 
57,1.425 ,0.0107778 ,0 
58,1.45 ,0.0111011 ,0 
59,1.475 ,0.0114262 ,0 
60,1.5 ,0.0117529 ,0 
61,1.525 ,0.0120811 ,0 
62,1.55 ,0.0124106 ,0 
63,1.575 ,0.0127413 ,0 
64,1.6 ,0.0130728 ,0 
65,1.625 ,0.0134052 ,0 
66,1.65 ,0.0137382 ,0 
67,1.675 ,0.0140717 ,0 
68,1.7 ,0.0144054 ,0 
69,1.725 ,0.0147392 ,0 
70,1.75 ,0.015073 ,0 
71,1.775 ,0.0154065 ,0 
72,1.8 ,0.0157396 ,0 
73,1.825 ,0.0160721 ,0 
74,1.85 ,0.0164038 ,0 
75,1.875 ,0.0167346 ,0 
76,1.9 ,0.0170644 ,0 
77,1.925 ,0.0173928 ,0 
78,1.95 ,0.0177199 ,0 
79,1.975 ,0.0180453 ,0 
80,2 ,0.0183689 ,0 
81,2.025 ,0.0186907 ,0 
82,2.05 ,0.0190103 ,0 
83,2.075 ,0.0193277 ,0 
84,2.1 ,0.0196426 ,0 
85,2.125 ,0.019955 ,0 
86,2.15 ,0.0202647 ,0 
87,2.175 ,0.0205714 ,0 
88,2.2 ,0.0208752 ,0 
89,2.225 ,0.0211757 ,0 
90,2.25 ,0.0214728 ,0 
91,2.275 ,0.0217665 ,0 
92,2.3 ,0.0220565 ,0 
93,2.325 ,0.0223428 ,0 
94,2.35 ,0.0226251 ,0 
95,2.375 ,0.0229033 ,0 
96,2.4 ,0.0231773 ,0 
97,2.425 ,0.023447 ,0 
98,2.45 ,0.0237122 ,0 
99,2.475 ,0.0239728 ,0 
100,2.5 ,0.0242286 ,0 
101,2.525 ,0.0244795 ,0 
102,2.55 ,0.0247255 ,0 
103,2.575 ,0.0249664 ,0 
104,2.6 ,0.025202 ,0 
105,2.625 ,0.0254323 ,0 
106,2.65 ,0.0256571 ,0 
107,2.675 ,0.0258763 ,0 
108,2.7 ,0.0260899 ,0 
109,2.725 ,0.0262977 ,0 
110,2.75 ,0.0264996 ,0 
111,2.775 ,0.0266955 ,0 
112,2.8 ,0.0268853 ,0 
113,2.825 ,0.027069 ,0 
114,2.85 ,0.0272465 ,0 
115,2.875 ,0.0274175 ,0 
116,2.9 ,0.0275822 ,0 
117,2.925 ,0.0277404 ,0 
118,2.95 ,0.027892 ,0 
119,2.975 ,0.0280369 ,0 
120,3 ,0.0281752 ,0 
121,3.025 ,0.0283066 ,0 
122,3.05 ,0.0284312 ,0 
123,3.075 ,0.0285489 ,0 
124,3.1 ,0.0286596 ,0 
125,3.125 ,0.0287634 ,0 
126,3.15 ,0.02886 ,0 
127,3.175 ,0.0289496 ,0 
128,3.2 ,0.029032 ,0 
129,3.225 ,0.0291073 ,0 
130,3.25 ,0.0291753 ,0 
131,3.275 ,0.0292361 ,0 
132,3.3 ,0.0292895 ,0 
133,3.325 ,0.0293357 ,0 
134,3.35 ,0.0293746 ,0 
135,3.375 ,0.0294061 ,0 
136,3.4 ,0.0294303 ,0 
137,3.425 ,0.0294471 ,0 
138,3.45 ,0.0294565 ,0 
139,3.475 ,0.0294586 ,0 
140,3.5 ,0.0294532 ,0 
141,3.525 ,0.0294405 ,0 
142,3.55 ,0.0294205 ,0 
143,3.575 ,0.029393 ,0 
144,3.6 ,0.0293583 ,0 
145,3.625 ,0.0293162 ,0 
146,3.65 ,0.0292667 ,0 
147,3.675 ,0.02921 ,0 
148,3.7 ,0.0291461 ,0 
149,3.725 ,0.0290749 ,0 
150,3.75 ,0.0289965 ,0 
151,3.775 ,0.0289109 ,0 
152,3.8 ,0.0288182 ,0 
153,3.825 ,0.0287184 ,0 
154,3.85 ,0.0286116 ,0 
155,3.875 ,0.0284977 ,0 
156,3.9 ,0.0283769 ,0 
157,3.925 ,0.0282493 ,0 
158,3.95 ,0.0281147 ,0 
159,3.975 ,0.0279735 ,0 
160,4 ,0.0278254 ,0 
161,4.025 ,0.0276708 ,0 
162,4.05 ,0.0275095 ,0 
163,4.075 ,0.0273417 ,0 
164,4.1 ,0.0271675 ,0 
165,4.125 ,0.0269869 ,0 
166,4.15 ,0.0268 ,0 
167,4.175 ,0.0266068 ,0 
168,4.2 ,0.0264076 ,0 
169,4.225 ,0.0262023 ,0 
170,4.25 ,0.025991 ,0 
171,4.275 ,0.0257738 ,0 
172,4.3 ,0.0255508 ,0 
173,4.325 ,0.0253221 ,0 
174,4.35 ,0.0250878 ,0 
175,4.375 ,0.024848 ,0 
176,4.4 ,0.0246028 ,0 
177,4.425 ,0.0243523 ,0 
178,4.45 ,0.0240966 ,0 
179,4.475 ,0.0238357 ,0 
180,4.5 ,0.0235698 ,0 
181,4.525 ,0.0232991 ,0 
182,4.55 ,0.0230235 ,0 
183,4.575 ,0.0227432 ,0 
184,4.6 ,0.0224584 ,0 
185,4.625 ,0.0221691 ,0 
186,4.65 ,0.0218755 ,0 
187,4.675 ,0.0215776 ,0 
188,4.7 ,0.0212756 ,0 
189,4.725 ,0.0209695 ,0 
190,4.75 ,0.0206596 ,0 
191,4.775 ,0.0203459 ,0 
192,4.8 ,0.0200286 ,0 
193,4.825 ,0.0197077 ,0 
194,4.85 ,0.0193834 ,0 
195,4.875 ,0.0190558 ,0 
196,4.9 ,0.018725 ,0 
197,4.925 ,0.0183912 ,0 
198,4.95 ,0.0180544 ,0 
199,4.975 ,0.0177149 ,0 
200,5 ,0.0173726 ,0 
201,5.025 ,0.0170278 ,0 
202,5.05 ,0.0166806 ,0 
203,5.075 ,0.016331 ,0 
204,5.1 ,0.0159792 ,0 
205,5.125 ,0.0156254 ,0 
206,5.15 ,0.0152696 ,0 
207,5.175 ,0.014912 ,0 
208,5.2 ,0.0145527 ,0 
209,5.225 ,0.0141919 ,0 
210,5.25 ,0.0138296 ,0 
211,5.275 ,0.0134659 ,0 
212,5.3 ,0.0131011 ,0 
213,5.325 ,0.0127351 ,0 
214,5.35 ,0.0123683 ,0 
215,5.375 ,0.0120005 ,0 
216,5.4 ,0.0116321 ,0 
217,5.425 ,0.011263 ,0 
218,5.45 ,0.0108935 ,0 
219,5.475 ,0.0105236 ,0 
220,5.5 ,0.0101534 ,0 
221,5.525 ,0.00978313 ,0 
222,5.55 ,0.00941283 ,0 
223,5.575 ,0.00904264 ,0 
224,5.6 ,0.00867266 ,0 
225,5.625 ,0.00830301 ,0 
226,5.65 ,0.0079338 ,0 
227,5.675 ,0.00756514 ,0 
228,5.7 ,0.00719714 ,0 
229,5.725 ,0.00682991 ,0 
230,5.75 ,0.00646355 ,0 
231,5.775 ,0.00609818 ,0 
232,5.8 ,0.00573389 ,0 
233,5.825 ,0.00537079 ,0 
234,5.85 ,0.00500899 ,0 
235,5.875 ,0.00464858 ,0 
236,5.9 ,0.00428965 ,0 
237,5.925 ,0.00393232 ,0 
238,5.95 ,0.00357667 ,0 
239,5.975 ,0.00322281 ,0 
240,6 ,0.00287081 ,0 
241,6.025 ,0.00252079 ,0 
242,6.05 ,0.00217281 ,0 
243,6.075 ,0.00182698 ,0 
244,6.1 ,0.00148338 ,0 
245,6.125 ,0.0011421 ,0 
246,6.15 ,0.00080321 ,0 
247,6.175 ,0.000466803 ,0 
248,6.2 ,0.000132956 ,0 
249,6.225 ,-0.000198253 ,0 
250,6.25 ,-0.000526748 ,0 
251,6.275 ,-0.000852454 ,0 
252,6.3 ,-0.0011753 ,0 
253,6.325 ,-0.00149521 ,0 
254,6.35 ,-0.00181212 ,0 
255,6.375 ,-0.00212596 ,0 
256,6.4 ,-0.00243667 ,0 
257,6.425 ,-0.00274417 ,0 
258,6.45 ,-0.00304842 ,0 
259,6.475 ,-0.00334935 ,0 
260,6.5 ,-0.0036469 ,0 
261,6.525 ,-0.00394101 ,0 
262,6.55 ,-0.00423164 ,0 
263,6.575 ,-0.00451873 ,0 
264,6.6 ,-0.00480222 ,0 
265,6.625 ,-0.00508208 ,0 
266,6.65 ,-0.00535825 ,0 
267,6.675 ,-0.00563068 ,0 
268,6.7 ,-0.00589935 ,0 
269,6.725 ,-0.0061642 ,0 
270,6.75 ,-0.00642519 ,0 
271,6.775 ,-0.00668229 ,0 
272,6.8 ,-0.00693546 ,0 
273,6.825 ,-0.00718468 ,0 
274,6.85 ,-0.0074299 ,0 
275,6.875 ,-0.0076711 ,0 
276,6.9 ,-0.00790824 ,0 
277,6.925 ,-0.00814131 ,0 
278,6.95 ,-0.00837028 ,0 
279,6.975 ,-0.00859513 ,0 
280,7 ,-0.00881583 ,0 
281,7.025 ,-0.00903237 ,0 
282,7.05 ,-0.00924473 ,0 
283,7.075 ,-0.00945289 ,0 
284,7.1 ,-0.00965684 ,0 
285,7.125 ,-0.00985657 ,0 
286,7.15 ,-0.0100521 ,0 
287,7.175 ,-0.0102433 ,0 
288,7.2 ,-0.0104303 ,0 
289,7.225 ,-0.0106131 ,0 
290,7.25 ,-0.0107916 ,0 
291,7.275 ,-0.0109658 ,0 
292,7.3 ,-0.0111358 ,0 
293,7.325 ,-0.0113015 ,0 
294,7.35 ,-0.011463 ,0 
295,7.375 ,-0.0116202 ,0 
296,7.4 ,-0.0117731 ,0 
297,7.425 ,-0.0119219 ,0 
298,7.45 ,-0.0120663 ,0 
299,7.475 ,-0.0122066 ,0 
300,7.5 ,-0.0123427 ,0 
301,7.525 ,-0.0124745 ,0 
302,7.55 ,-0.0126022 ,0 
303,7.575 ,-0.0127257 ,0 
304,7.6 ,-0.0128451 ,0 
305,7.625 ,-0.0129603 ,0 
306,7.65 ,-0.0130714 ,0 
307,7.675 ,-0.0131785 ,0 
308,7.7 ,-0.0132814 ,0 
309,7.725 ,-0.0133803 ,0 
310,7.75 ,-0.0134752 ,0 
311,7.775 ,-0.0135661 ,0 
312,7.8 ,-0.013653 ,0 
313,7.825 ,-0.0137359 ,0 
314,7.85 ,-0.013815 ,0 
315,7.875 ,-0.0138901 ,0 
316,7.9 ,-0.0139614 ,0 
317,7.925 ,-0.0140289 ,0 
318,7.95 ,-0.0140926 ,0 
319,7.975 ,-0.0141525 ,0 
320,8 ,-0.0142087 ,0 
321,8.025 ,-0.0142612 ,0 
322,8.05 ,-0.0143101 ,0 
323,8.075 ,-0.0143553 ,0 
324,8.1 ,-0.014397 ,0 
325,8.125 ,-0.0144351 ,0 
326,8.15 ,-0.0144697 ,0 
327,8.175 ,-0.0145008 ,0 
328,8.2 ,-0.0145285 ,0 
329,8.225 ,-0.0145528 ,0 
330,8.25 ,-0.0145738 ,0 
331,8.275 ,-0.0145915 ,0 
332,8.3 ,-0.0146059 ,0 
333,8.325 ,-0.0146171 ,0 
334,8.35 ,-0.0146252 ,0 
335,8.375 ,-0.0146301 ,0 
336,8.4 ,-0.0146319 ,0 
337,8.425 ,-0.0146307 ,0 
338,8.45 ,-0.0146265 ,0 
339,8.475 ,-0.0146194 ,0 
340,8.5 ,-0.0146093 ,0 
341,8.525 ,-0.0145964 ,0 
342,8.55 ,-0.0145807 ,0 
343,8.575 ,-0.0145622 ,0 
344,8.6 ,-0.014541 ,0 
345,8.625 ,-0.0145171 ,0 
346,8.65 ,-0.0144907 ,0 
347,8.675 ,-0.0144616 ,0 
348,8.7 ,-0.01443 ,0 
349,8.725 ,-0.014396 ,0 
350,8.75 ,-0.0143595 ,0 
351,8.775 ,-0.0143206 ,0 
352,8.8 ,-0.0142794 ,0 
353,8.825 ,-0.0142359 ,0 
354,8.85 ,-0.0141902 ,0 
355,8.875 ,-0.0141423 ,0 
356,8.9 ,-0.0140922 ,0 
357,8.925 ,-0.0140401 ,0 
358,8.95 ,-0.0139859 ,0 
359,8.975 ,-0.0139297 ,0 
360,9 ,-0.0138716 ,0 
361,9.025 ,-0.0138116 ,0 
362,9.05 ,-0.0137497 ,0 
363,9.075 ,-0.013686 ,0 
364,9.1 ,-0.0136205 ,0 
365,9.125 ,-0.0135534 ,0 
366,9.15 ,-0.0134846 ,0 
367,9.175 ,-0.0134141 ,0 
368,9.2 ,-0.0133421 ,0 
369,9.225 ,-0.0132686 ,0 
370,9.25 ,-0.0131936 ,0 
371,9.275 ,-0.0131171 ,0 
372,9.3 ,-0.0130393 ,0 
373,9.325 ,-0.0129601 ,0 
374,9.35 ,-0.0128796 ,0 
375,9.375 ,-0.0127979 ,0 
376,9.4 ,-0.012715 ,0 
377,9.425 ,-0.0126309 ,0 
378,9.45 ,-0.0125457 ,0 
379,9.475 ,-0.0124594 ,0 
380,9.5 ,-0.012372 ,0 
381,9.525 ,-0.0122837 ,0 
382,9.55 ,-0.0121944 ,0 
383,9.575 ,-0.0121042 ,0 
384,9.6 ,-0.0120131 ,0 
385,9.625 ,-0.0119212 ,0 
386,9.65 ,-0.0118286 ,0 
387,9.675 ,-0.0117351 ,0 
388,9.7 ,-0.011641 ,0 
389,9.725 ,-0.0115461 ,0 
390,9.75 ,-0.0114507 ,0 
391,9.775 ,-0.0113546 ,0 
392,9.8 ,-0.011258 ,0 
393,9.825 ,-0.0111608 ,0 
394,9.85 ,-0.0110632 ,0 
395,9.875 ,-0.0109651 ,0 
396,9.9 ,-0.0108666 ,0 
397,9.925 ,-0.0107677 ,0 
398,9.95 ,-0.0106685 ,0 
399,9.975 ,-0.010569 ,0 
400,10 ,-0.0104691 ,0 
401,10.025 ,-0.010369 ,0 
402,10.05 ,-0.0102687 ,0 
403,10.075 ,-0.0101683 ,0 
404,10.1 ,-0.0100676 ,0 
405,10.125 ,-0.00996684 ,0 
406,10.15 ,-0.00986598 ,0 
407,10.175 ,-0.00976505 ,0 
408,10.2 ,-0.00966407 ,0 
409,10.225 ,-0.00956309 ,0 
410,10.25 ,-0.00946213 ,0 
411,10.275 ,-0.00936121 ,0 
412,10.3 ,-0.00926036 ,0 
413,10.325 ,-0.00915961 ,0 
414,10.35 ,-0.00905898 ,0 
415,10.375 ,-0.00895849 ,0 
416,10.4 ,-0.00885818 ,0 
417,10.425 ,-0.00875806 ,0 
418,10.45 ,-0.00865816 ,0 
419,10.475 ,-0.0085585 ,0 
420,10.5 ,-0.0084591 ,0 
421,10.525 ,-0.00835998 ,0 
422,10.55 ,-0.00826117 ,0 
423,10.575 ,-0.00816269 ,0 
424,10.6 ,-0.00806454 ,0 
425,10.625 ,-0.00796677 ,0 
426,10.65 ,-0.00786937 ,0 
427,10.675 ,-0.00777238 ,0 
428,10.7 ,-0.00767581 ,0 
429,10.725 ,-0.00757967 ,0 
430,10.75 ,-0.00748399 ,0 
431,10.775 ,-0.00738878 ,0 
432,10.8 ,-0.00729405 ,0 
433,10.825 ,-0.00719982 ,0 
434,10.85 ,-0.00710611 ,0 
435,10.875 ,-0.00701293 ,0 
436,10.9 ,-0.0069203 ,0 
437,10.925 ,-0.00682822 ,0 
438,10.95 ,-0.0067367 ,0 
439,10.975 ,-0.00664578 ,0 
440,11 ,-0.00655544 ,0 
441,11.025 ,-0.00646572 ,0 
442,11.05 ,-0.0063766 ,0 
443,11.075 ,-0.00628812 ,0 
444,11.1 ,-0.00620027 ,0 
445,11.125 ,-0.00611307 ,0 
446,11.15 ,-0.00602653 ,0 
447,11.175 ,-0.00594066 ,0 
448,11.2 ,-0.00585545 ,0 
449,11.225 ,-0.00577093 ,0 
450,11.25 ,-0.0056871 ,0 
451,11.275 ,-0.00560396 ,0 
452,11.3 ,-0.00552153 ,0 
453,11.325 ,-0.00543981 ,0 
454,11.35 ,-0.0053588 ,0 
455,11.375 ,-0.00527852 ,0 
456,11.4 ,-0.00519896 ,0 
457,11.425 ,-0.00512014 ,0 
458,11.45 ,-0.00504205 ,0 
459,11.475 ,-0.0049647 ,0 
460,11.5 ,-0.00488809 ,0 
461,11.525 ,-0.00481224 ,0 
462,11.55 ,-0.00473713 ,0 
463,11.575 ,-0.00466278 ,0 
464,11.6 ,-0.00458919 ,0 
465,11.625 ,-0.00451636 ,0 
466,11.65 ,-0.00444429 ,0 
467,11.675 ,-0.00437298 ,0 
468,11.7 ,-0.00430243 ,0 
469,11.725 ,-0.00423265 ,0 
470,11.75 ,-0.00416364 ,0 
471,11.775 ,-0.00409539 ,0 
472,11.8 ,-0.00402791 ,0 
473,11.825 ,-0.0039612 ,0 
474,11.85 ,-0.00389525 ,0 
475,11.875 ,-0.00383007 ,0 
476,11.9 ,-0.00376565 ,0 
477,11.925 ,-0.003702 ,0 
478,11.95 ,-0.00363912 ,0 
479,11.975 ,-0.00357699 ,0 
480,12 ,-0.00351563 ,0 
481,12.025 ,-0.00345502 ,0 
482,12.05 ,-0.00339517 ,0 
483,12.075 ,-0.00333607 ,0 
484,12.1 ,-0.00327773 ,0 
485,12.125 ,-0.00322013 ,0 
486,12.15 ,-0.00316329 ,0 
487,12.175 ,-0.00310718 ,0 
488,12.2 ,-0.00305181 ,0 
489,12.225 ,-0.00299718 ,0 
490,12.25 ,-0.00294329 ,0 
491,12.275 ,-0.00289012 ,0 
492,12.3 ,-0.00283768 ,0 
493,12.325 ,-0.00278596 ,0 
494,12.35 ,-0.00273496 ,0 
495,12.375 ,-0.00268467 ,0 
496,12.4 ,-0.00263509 ,0 
497,12.425 ,-0.00258621 ,0 
498,12.45 ,-0.00253804 ,0 
499,12.475 ,-0.00249056 ,0 
500,12.5 ,-0.00244377 ,0 
501,12.525 ,-0.00239766 ,0 
502,12.55 ,-0.00235224 ,0 
503,12.575 ,-0.00230749 ,0 
504,12.6 ,-0.00226341 ,0 
505,12.625 ,-0.00222 ,0 
506,12.65 ,-0.00217725 ,0 
507,12.675 ,-0.00213515 ,0 
508,12.7 ,-0.00209369 ,0 
509,12.725 ,-0.00205289 ,0 
510,12.75 ,-0.00201271 ,0 
511,12.775 ,-0.00197317 ,0 
512,12.8 ,-0.00193426 ,0 
513,12.825 ,-0.00189596 ,0 
514,12.85 ,-0.00185828 ,0 
515,12.875 ,-0.00182121 ,0 
516,12.9 ,-0.00178474 ,0 
517,12.925 ,-0.00174886 ,0 
518,12.95 ,-0.00171357 ,0 
519,12.975 ,-0.00167887 ,0 
520,13 ,-0.00164475 ,0 
521,13.025 ,-0.00161119 ,0 
522,13.05 ,-0.00157821 ,0 
523,13.075 ,-0.00154578 ,0 
524,13.1 ,-0.0015139 ,0 
525,13.125 ,-0.00148257 ,0 
526,13.15 ,-0.00145178 ,0 
527,13.175 ,-0.00142153 ,0 
528,13.2 ,-0.0013918 ,0 
529,13.225 ,-0.0013626 ,0 
530,13.25 ,-0.00133391 ,0 
531,13.275 ,-0.00130573 ,0 
532,13.3 ,-0.00127805 ,0 
533,13.325 ,-0.00125087 ,0 
534,13.35 ,-0.00122418 ,0 
535,13.375 ,-0.00119797 ,0 
536,13.4 ,-0.00117224 ,0 
537,13.425 ,-0.00114698 ,0 
538,13.45 ,-0.00112219 ,0 
539,13.475 ,-0.00109786 ,0 
540,13.5 ,-0.00107398 ,0 
541,13.525 ,-0.00105055 ,0 
542,13.55 ,-0.00102756 ,0 
543,13.575 ,-0.00100501 ,0 
544,13.6 ,-0.000982884 ,0 
545,13.625 ,-0.000961181 ,0 
546,13.65 ,-0.000939894 ,0 
547,13.675 ,-0.000919019 ,0 
548,13.7 ,-0.000898547 ,0 
549,13.725 ,-0.000878475 ,0 
550,13.75 ,-0.000858795 ,0 
551,13.775 ,-0.000839502 ,0 
552,13.8 ,-0.00082059 ,0 
553,13.825 ,-0.000802052 ,0 
554,13.85 ,-0.000783884 ,0 
555,13.875 ,-0.000766079 ,0 
556,13.9 ,-0.000748632 ,0 
557,13.925 ,-0.000731536 ,0 
558,13.95 ,-0.000714787 ,0 
559,13.975 ,-0.000698378 ,0 
560,14 ,-0.000682304 ,0 
561,14.025 ,-0.000666559 ,0 
562,14.05 ,-0.000651139 ,0 
563,14.075 ,-0.000636037 ,0 
564,14.1 ,-0.000621248 ,0 
565,14.125 ,-0.000606767 ,0 
566,14.15 ,-0.000592588 ,0 
567,14.175 ,-0.000578707 ,0 
568,14.2 ,-0.000565118 ,0 
569,14.225 ,-0.000551816 ,0 
570,14.25 ,-0.000538796 ,0 
571,14.275 ,-0.000526053 ,0 
572,14.3 ,-0.000513582 ,0 
573,14.325 ,-0.000501379 ,0 
574,14.35 ,-0.000489437 ,0 
575,14.375 ,-0.000477753 ,0 
576,14.4 ,-0.000466322 ,0 
577,14.425 ,-0.00045514 ,0 
578,14.45 ,-0.0004442 ,0 
579,14.475 ,-0.0004335 ,0 
580,14.5 ,-0.000423035 ,0 
581,14.525 ,-0.0004128 ,0 
582,14.55 ,-0.000402791 ,0 
583,14.575 ,-0.000393003 ,0 
584,14.6 ,-0.000383432 ,0 
585,14.625 ,-0.000374075 ,0 
586,14.65 ,-0.000364927 ,0 
587,14.675 ,-0.000355984 ,0 
588,14.7 ,-0.000347241 ,0 
589,14.725 ,-0.000338696 ,0 
590,14.75 ,-0.000330344 ,0 
591,14.775 ,-0.000322182 ,0 
592,14.8 ,-0.000314205 ,0 
593,14.825 ,-0.000306409 ,0 
594,14.85 ,-0.000298792 ,0 
595,14.875 ,-0.00029135 ,0 
596,14.9 ,-0.000284079 ,0 
597,14.925 ,-0.000276975 ,0 
598,14.95 ,-0.000270036 ,0 
599,14.975 ,-0.000263258 ,0 
600,15 ,-0.000256637 ,0 
601,15.025 ,-0.00025017 ,0 
602,15.05 ,-0.000243854 ,0 
603,15.075 ,-0.000237686 ,0 
604,15.1 ,-0.000231664 ,0 
605,15.125 ,-0.000225782 ,0 
606,15.15 ,-0.00022004 ,0 
607,15.175 ,-0.000214434 ,0 
608,15.2 ,-0.00020896 ,0 
609,15.225 ,-0.000203617 ,0 
610,15.25 ,-0.000198401 ,0 
611,15.275 ,-0.000193309 ,0 
612,15.3 ,-0.00018834 ,0 
613,15.325 ,-0.00018349 ,0 
614,15.35 ,-0.000178756 ,0 
615,15.375 ,-0.000174137 ,0 
616,15.4 ,-0.000169629 ,0 
617,15.425 ,-0.000165231 ,0 
618,15.45 ,-0.000160939 ,0 
619,15.475 ,-0.000156752 ,0 
620,15.5 ,-0.000152667 ,0 
621,15.525 ,-0.000148682 ,0 
622,15.55 ,-0.000144794 ,0 
623,15.575 ,-0.000141002 ,0 
624,15.6 ,-0.000137303 ,0 
625,15.625 ,-0.000133696 ,0 
626,15.65 ,-0.000130177 ,0 
627,15.675 ,-0.000126746 ,0 
628,15.7 ,-0.0001234 ,0 
629,15.725 ,-0.000120137 ,0 
630,15.75 ,-0.000116955 ,0 
631,15.775 ,-0.000113853 ,0 
632,15.8 ,-0.000110828 ,0 
633,15.825 ,-0.000107879 ,0 
634,15.85 ,-0.000105005 ,0 
635,15.875 ,-0.000102202 ,0 
636,15.9 ,-9.94707e-05 ,0 
637,15.925 ,-9.6808e-05 ,0 
638,15.95 ,-9.42128e-05 ,0 
639,15.975 ,-9.16834e-05 ,0 
640,16 ,-8.92182e-05 ,0 
641,16.025 ,-8.68159e-05 ,0 
642,16.05 ,-8.44748e-05 ,0 
643,16.075 ,-8.21935e-05 ,0 
644,16.1 ,-7.99707e-05 ,0 
645,16.125 ,-7.78049e-05 ,0 
646,16.15 ,-7.56947e-05 ,0 
647,16.175 ,-7.36389e-05 ,0 
648,16.2 ,-7.16361e-05 ,0 
649,16.225 ,-6.96851e-05 ,0 
650,16.25 ,-6.77845e-05 ,0 
651,16.275 ,-6.59333e-05 ,0 
652,16.3 ,-6.41301e-05 ,0 
653,16.325 ,-6.23738e-05 ,0 
654,16.35 ,-6.06634e-05 ,0 
655,16.375 ,-5.89975e-05 ,0 
656,16.4 ,-5.73753e-05 ,0 
657,16.425 ,-5.57956e-05 ,0 
658,16.45 ,-5.42573e-05 ,0 
659,16.475 ,-5.27594e-05 ,0 
660,16.5 ,-5.1301e-05 ,0 
661,16.525 ,-4.98811e-05 ,0 
662,16.55 ,-4.84987e-05 ,0 
663,16.575 ,-4.71528e-05 ,0 
664,16.6 ,-4.58426e-05 ,0 
665,16.625 ,-4.45673e-05 ,0 
666,16.65 ,-4.33258e-05 ,0 
667,16.675 ,-4.21173e-05 ,0 
668,16.7 ,-4.09412e-05 ,0 
669,16.725 ,-3.97964e-05 ,0 
670,16.75 ,-3.86822e-05 ,0 
671,16.775 ,-3.7598e-05 ,0 
672,16.8 ,-3.65428e-05 ,0 
673,16.825 ,-3.55159e-05 ,0 
674,16.85 ,-3.45168e-05 ,0 
675,16.875 ,-3.35445e-05 ,0 
676,16.9 ,-3.25985e-05 ,0 
677,16.925 ,-3.16781e-05 ,0 
678,16.95 ,-3.07826e-05 ,0 
679,16.975 ,-2.99114e-05 ,0 
680,17 ,-2.90639e-05 ,0 
681,17.025 ,-2.82394e-05 ,0 
682,17.05 ,-2.74373e-05 ,0 
683,17.075 ,-2.66572e-05 ,0 
684,17.1 ,-2.58983e-05 ,0 
685,17.125 ,-2.51602e-05 ,0 
686,17.15 ,-2.44424e-05 ,0 
687,17.175 ,-2.37442e-05 ,0 
688,17.2 ,-2.30652e-05 ,0 
689,17.225 ,-2.24049e-05 ,0 
690,17.25 ,-2.17627e-05 ,0 
691,17.275 ,-2.11383e-05 ,0 
692,17.3 ,-2.05311e-05 ,0 
693,17.325 ,-1.99407e-05 ,0 
694,17.35 ,-1.93667e-05 ,0 
695,17.375 ,-1.88086e-05 ,0 
696,17.4 ,-1.8266e-05 ,0 
697,17.425 ,-1.77384e-05 ,0 
698,17.45 ,-1.72256e-05 ,0 
699,17.475 ,-1.6727e-05 ,0 
700,17.5 ,-1.62424e-05 ,0 
701,17.525 ,-1.57713e-05 ,0 
702,17.55 ,-1.53134e-05 ,0 
703,17.575 ,-1.48683e-05 ,0 
704,17.6 ,-1.44357e-05 ,0 
705,17.625 ,-1.40153e-05 ,0 
706,17.65 ,-1.36067e-05 ,0 
707,17.675 ,-1.32096e-05 ,0 
708,17.7 ,-1.28237e-05 ,0 
709,17.725 ,-1.24486e-05 ,0 
710,17.75 ,-1.20842e-05 ,0 
711,17.775 ,-1.17301e-05 ,0 
712,17.8 ,-1.1386e-05 ,0 
713,17.825 ,-1.10517e-05 ,0 
714,17.85 ,-1.07269e-05 ,0 
715,17.875 ,-1.04113e-05 ,0 
716,17.9 ,-1.01047e-05 ,0 
717,17.925 ,-9.80685e-06 ,0 
718,17.95 ,-9.51749e-06 ,0 
719,17.975 ,-9.23639e-06 ,0 
720,18 ,-8.96333e-06 ,0 
721,18.025 ,-8.69809e-06 ,0 
722,18.05 ,-8.44046e-06 ,0 
723,18.075 ,-8.19021e-06 ,0 
724,18.1 ,-7.94716e-06 ,0 
725,18.125 ,-7.7111e-06 ,0 
726,18.15 ,-7.48183e-06 ,0 
727,18.175 ,-7.25918e-06 ,0 
728,18.2 ,-7.04295e-06 ,0 
729,18.225 ,-6.83297e-06 ,0 
730,18.25 ,-6.62906e-06 ,0 
731,18.275 ,-6.43105e-06 ,0 
732,18.3 ,-6.23878e-06 ,0 
733,18.325 ,-6.0521e-06 ,0 
734,18.35 ,-5.87083e-06 ,0 
735,18.375 ,-5.69484e-06 ,0 
736,18.4 ,-5.52397e-06 ,0 
737,18.425 ,-5.35808e-06 ,0 
738,18.45 ,-5.19703e-06 ,0 
739,18.475 ,-5.04068e-06 ,0 
740,18.5 ,-4.8889e-06 ,0 
741,18.525 ,-4.74156e-06 ,0 
742,18.55 ,-4.59854e-06 ,0 
743,18.575 ,-4.45971e-06 ,0 
744,18.6 ,-4.32496e-06 ,0 
745,18.625 ,-4.19416e-06 ,0 
746,18.65 ,-4.06722e-06 ,0 
747,18.675 ,-3.94401e-06 ,0 
748,18.7 ,-3.82443e-06 ,0 
749,18.725 ,-3.70838e-06 ,0 
750,18.75 ,-3.59576e-06 ,0 
751,18.775 ,-3.48646e-06 ,0 
752,18.8 ,-3.3804e-06 ,0 
753,18.825 ,-3.27748e-06 ,0 
754,18.85 ,-3.17761e-06 ,0 
755,18.875 ,-3.08071e-06 ,0 
756,18.9 ,-2.98668e-06 ,0 
757,18.925 ,-2.89545e-06 ,0 
758,18.95 ,-2.80693e-06 ,0 
759,18.975 ,-2.72105e-06 ,0 
760,19 ,-2.63773e-06 ,0 
761,19.025 ,-2.5569e-06 ,0 
762,19.05 ,-2.47848e-06 ,0 
763,19.075 ,-2.40241e-06 ,0 
764,19.1 ,-2.32861e-06 ,0 
765,19.125 ,-2.25702e-06 ,0 
766,19.15 ,-2.18758e-06 ,0 
767,19.175 ,-2.12023e-06 ,0 
768,19.2 ,-2.05489e-06 ,0 
769,19.225 ,-1.99152e-06 ,0 
770,19.25 ,-1.93006e-06 ,0 
771,19.275 ,-1.87045e-06 ,0 
772,19.3 ,-1.81263e-06 ,0 
773,19.325 ,-1.75656e-06 ,0 
774,19.35 ,-1.70219e-06 ,0 
775,19.375 ,-1.64945e-06 ,0 
776,19.4 ,-1.59831e-06 ,0 
777,19.425 ,-1.54872e-06 ,0 
778,19.45 ,-1.50064e-06 ,0 
779,19.475 ,-1.45401e-06 ,0 
780,19.5 ,-1.40879e-06 ,0 
781,19.525 ,-1.36495e-06 ,0 
782,19.55 ,-1.32245e-06 ,0 
783,19.575 ,-1.28123e-06 ,0 
784,19.6 ,-1.24127e-06 ,0 
785,19.625 ,-1.20253e-06 ,0 
786,19.65 ,-1.16498e-06 ,0 
787,19.675 ,-1.12856e-06 ,0 
788,19.7 ,-1.09327e-06 ,0 
789,19.725 ,-1.05905e-06 ,0 
790,19.75 ,-1.02588e-06 ,0 
791,19.775 ,-9.9372e-07 ,0 
792,19.8 ,-9.62551e-07 ,0 
793,19.825 ,-9.32338e-07 ,0 
794,19.85 ,-9.03053e-07 ,0 
795,19.875 ,-8.74668e-07 ,0 
796,19.9 ,-8.47156e-07 ,0 
797,19.925 ,-8.20491e-07 ,0 
798,19.95 ,-7.94647e-07 ,0 
799,19.975 ,-7.696e-07 ,0 
800,20 ,-7.45326e-07 ,0 
801,20.025 ,-7.21802e-07 ,0 
802,20.05 ,-6.99005e-07 ,0 
803,20.075 ,-6.76913e-07 ,0 
804,20.1 ,-6.55504e-07 ,0 
805,20.125 ,-6.34759e-07 ,0 
806,20.15 ,-6.14657e-07 ,0 
807,20.175 ,-5.95179e-07 ,0 
808,20.2 ,-5.76305e-07 ,0 
809,20.225 ,-5.58018e-07 ,0 
810,20.25 ,-5.40299e-07 ,0 
811,20.275 ,-5.23132e-07 ,0 
812,20.3 ,-5.06499e-07 ,0 
813,20.325 ,-4.90385e-07 ,0 
814,20.35 ,-4.74773e-07 ,0 
815,20.375 ,-4.59649e-07 ,0 
816,20.4 ,-4.44996e-07 ,0 
817,20.425 ,-4.30802e-07 ,0 
818,20.45 ,-4.17052e-07 ,0 
819,20.475 ,-4.03732e-07 ,0 
820,20.5 ,-3.9083e-07 ,0 
821,20.525 ,-3.78332e-07 ,0 
822,20.55 ,-3.66226e-07 ,0 
823,20.575 ,-3.545e-07 ,0 
824,20.6 ,-3.43142e-07 ,0 
825,20.625 ,-3.32142e-07 ,0 
826,20.65 ,-3.21487e-07 ,0 
827,20.675 ,-3.11168e-07 ,0 
828,20.7 ,-3.01174e-07 ,0 
829,20.725 ,-2.91495e-07 ,0 
830,20.75 ,-2.82122e-07 ,0 
831,20.775 ,-2.73044e-07 ,0 
832,20.8 ,-2.64253e-07 ,0 
833,20.825 ,-2.5574e-07 ,0 
834,20.85 ,-2.47497e-07 ,0 
835,20.875 ,-2.39514e-07 ,0 
836,20.9 ,-2.31784e-07 ,0 
837,20.925 ,-2.24299e-07 ,0 
838,20.95 ,-2.17052e-07 ,0 
839,20.975 ,-2.10034e-07 ,0 
840,21 ,-2.0324e-07 ,0 
841,21.025 ,-1.96661e-07 ,0 
842,21.05 ,-1.90292e-07 ,0 
843,21.075 ,-1.84125e-07 ,0 
844,21.1 ,-1.78155e-07 ,0 
845,21.125 ,-1.72375e-07 ,0 
846,21.15 ,-1.6678e-07 ,0 
847,21.175 ,-1.61363e-07 ,0 
848,21.2 ,-1.56119e-07 ,0 
849,21.225 ,-1.51042e-07 ,0 
850,21.25 ,-1.46128e-07 ,0 
851,21.275 ,-1.41371e-07 ,0 
852,21.3 ,-1.36766e-07 ,0 
853,21.325 ,-1.32309e-07 ,0 
854,21.35 ,-1.27994e-07 ,0 
855,21.375 ,-1.23818e-07 ,0 
856,21.4 ,-1.19777e-07 ,0 
857,21.425 ,-1.15864e-07 ,0 
858,21.45 ,-1.12078e-07 ,0 
859,21.475 ,-1.08413e-07 ,0 
860,21.5 ,-1.04867e-07 ,0 
861,21.525 ,-1.01434e-07 ,0 
862,21.55 ,-9.81121e-08 ,0 
863,21.575 ,-9.48972e-08 ,0 
864,21.6 ,-9.1786e-08 ,0 
865,21.625 ,-8.87752e-08 ,0 
866,21.65 ,-8.58617e-08 ,0 
867,21.675 ,-8.30423e-08 ,0 
868,21.7 ,-8.03141e-08 ,0 
869,21.725 ,-7.76742e-08 ,0 
870,21.75 ,-7.51197e-08 ,0 
871,21.775 ,-7.2648e-08 ,0 
872,21.8 ,-7.02564e-08 ,0 
873,21.825 ,-6.79424e-08 ,0 
874,21.85 ,-6.57035e-08 ,0 
875,21.875 ,-6.35373e-08 ,0 
876,21.9 ,-6.14414e-08 ,0 
877,21.925 ,-5.94138e-08 ,0 
878,21.95 ,-5.74521e-08 ,0 
879,21.975 ,-5.55542e-08 ,0 
880,22 ,-5.37182e-08 ,0 
881,22.025 ,-5.1942e-08 ,0 
882,22.05 ,-5.02237e-08 ,0 
883,22.075 ,-4.85616e-08 ,0 
884,22.1 ,-4.69536e-08 ,0 
885,22.125 ,-4.53983e-08 ,0 
886,22.15 ,-4.38937e-08 ,0 
887,22.175 ,-4.24384e-08 ,0 
888,22.2 ,-4.10308e-08 ,0 
889,22.225 ,-3.96692e-08 ,0 
890,22.25 ,-3.83523e-08 ,0 
891,22.275 ,-3.70785e-08 ,0 
892,22.3 ,-3.58466e-08 ,0 
893,22.325 ,-3.46551e-08 ,0 
894,22.35 ,-3.35027e-08 ,0 
895,22.375 ,-3.23883e-08 ,0 
896,22.4 ,-3.13105e-08 ,0 
897,22.425 ,-3.02681e-08 ,0 
898,22.45 ,-2.92601e-08 ,0 
899,22.475 ,-2.82854e-08 ,0 
900,22.5 ,-2.73428e-08 ,0 
901,22.525 ,-2.64313e-08 ,0 
902,22.55 ,-2.55499e-08 ,0 
903,22.575 ,-2.46976e-08 ,0 
904,22.6 ,-2.38736e-08 ,0 
905,22.625 ,-2.30768e-08 ,0 
906,22.65 ,-2.23064e-08 ,0 
907,22.675 ,-2.15615e-08 ,0 
908,22.7 ,-2.08413e-08 ,0 
909,22.725 ,-2.01451e-08 ,0 
910,22.75 ,-1.94719e-08 ,0 
911,22.775 ,-1.88212e-08 ,0 
912,22.8 ,-1.81921e-08 ,0 
913,22.825 ,-1.75839e-08 ,0 
914,22.85 ,-1.69961e-08 ,0 
915,22.875 ,-1.64278e-08 ,0 
916,22.9 ,-1.58785e-08 ,0 
917,22.925 ,-1.53475e-08 ,0 
918,22.95 ,-1.48344e-08 ,0 
919,22.975 ,-1.43383e-08 ,0 
920,23 ,-1.3859e-08 ,0 
921,23.025 ,-1.33956e-08 ,0 
922,23.05 ,-1.29479e-08 ,0 
923,23.075 ,-1.25152e-08 ,0 
924,23.1 ,-1.20971e-08 ,0 
925,23.125 ,-1.1693e-08 ,0 
926,23.15 ,-1.13026e-08 ,0 
927,23.175 ,-1.09254e-08 ,0 
928,23.2 ,-1.05609e-08 ,0 
929,23.225 ,-1.02087e-08 ,0 
930,23.25 ,-9.86855e-09 ,0 
931,23.275 ,-9.53991e-09 ,0 
932,23.3 ,-9.22245e-09 ,0 
933,23.325 ,-8.91581e-09 ,0 
934,23.35 ,-8.61963e-09 ,0 
935,23.375 ,-8.33358e-09 ,0 
936,23.4 ,-8.05732e-09 ,0 
937,23.425 ,-7.79055e-09 ,0 
938,23.45 ,-7.53295e-09 ,0 
939,23.475 ,-7.28423e-09 ,0 
940,23.5 ,-7.0441e-09 ,0 
941,23.525 ,-6.81228e-09 ,0 
942,23.55 ,-6.58852e-09 ,0 
943,23.575 ,-6.37254e-09 ,0 
944,23.6 ,-6.1641e-09 ,0 
945,23.625 ,-5.96297e-09 ,0 
946,23.65 ,-5.76889e-09 ,0 
947,23.675 ,-5.58166e-09 ,0 
948,23.7 ,-5.40105e-09 ,0 
949,23.725 ,-5.22685e-09 ,0 
950,23.75 ,-5.05887e-09 ,0 
951,23.775 ,-4.89689e-09 ,0 
952,23.8 ,-4.74075e-09 ,0 
953,23.825 ,-4.59024e-09 ,0 
954,23.85 ,-4.44521e-09 ,0 
955,23.875 ,-4.30547e-09 ,0 
956,23.9 ,-4.17087e-09 ,0 
957,23.925 ,-4.04124e-09 ,0 
958,23.95 ,-3.91643e-09 ,0 
959,23.975 ,-3.7963e-09 ,0 
960,24 ,-3.68071e-09 ,0 
961,24.025 ,-3.56952e-09 ,0 
962,24.05 ,-3.4626e-09 ,0 
963,24.075 ,-3.35981e-09 ,0 
964,24.1 ,-3.26105e-09 ,0 
965,24.125 ,-3.16619e-09 ,0 
966,24.15 ,-3.07512e-09 ,0 
967,24.175 ,-2.98774e-09 ,0 
968,24.2 ,-2.90393e-09 ,0 
969,24.225 ,-2.8236e-09 ,0 
970,24.25 ,-2.74666e-09 ,0 
971,24.275 ,-2.673e-09 ,0 
972,24.3 ,-2.60255e-09 ,0 
973,24.325 ,-2.53522e-09 ,0 
974,24.35 ,-2.47092e-09 ,0 
975,24.375 ,-2.40959e-09 ,0 
976,24.4 ,-2.35114e-09 ,0 
977,24.425 ,-2.29551e-09 ,0 
978,24.45 ,-2.24262e-09 ,0 
979,24.475 ,-2.19242e-09 ,0 
980,24.5 ,-2.14485e-09 ,0 
981,24.525 ,-2.09984e-09 ,0 
982,24.55 ,-2.05734e-09 ,0 
983,24.575 ,-2.01729e-09 ,0 
984,24.6 ,-1.97966e-09 ,0 
985,24.625 ,-1.94439e-09 ,0 
986,24.65 ,-1.91144e-09 ,0 
987,24.675 ,-1.88077e-09 ,0 
988,24.7 ,-1.85234e-09 ,0 
989,24.725 ,-1.82611e-09 ,0 
990,24.75 ,-1.80206e-09 ,0 
991,24.775 ,-1.78014e-09 ,0 
992,24.8 ,-1.76034e-09 ,0 
993,24.825 ,-1.74262e-09 ,0 
994,24.85 ,-1.72697e-09 ,0 
995,24.875 ,-1.71337e-09 ,0 
996,24.9 ,-1.70179e-09 ,0 
997,24.925 ,-1.69221e-09 ,0 
998,24.95 ,-1.68464e-09 ,0 
999,24.975 ,-1.67905e-09 ,0 
1000,25 ,-1.67543e-09 ,0 