N_e = 18
1,0 ,0 ,0 
2,0.025 ,0 ,0 
3,0.05 ,0 ,0 
4,0.075 ,0.02956 ,0 
5,0.1 ,0.0393894 ,0 
6,0.125 ,0.0491967 ,0 
7,0.15 ,0.0589763 ,0 
8,0.175 ,0.0687228 ,0 
9,0.2 ,0.0784308 ,0 
10,0.225 ,0.0880947 ,0 
11,0.25 ,0.0977093 ,0 
12,0.275 ,0.107269 ,0 
13,0.3 ,0.116769 ,0 
14,0.325 ,0.126203 ,0 
15,0.35 ,0.135566 ,0 
16,0.375 ,0.144854 ,0 
17,0.4 ,0.15406 ,0 
18,0.425 ,0.16318 ,0 
19,0.45 ,0.172209 ,0 
20,0.475 ,0.181141 ,0 
21,0.5 ,0.189972 ,0 
22,0.525 ,0.198697 ,0 
23,0.55 ,0.207311 ,0 
24,0.575 ,0.215809 ,0 
25,0.6 ,0.224187 ,0 
26,0.625 ,0.232439 ,0 
27,0.65 ,0.240563 ,0 
28,0.675 ,0.248552 ,0 
29,0.7 ,0.256402 ,0 
30,0.725 ,0.26411 ,0 
31,0.75 ,0.271671 ,0 
32,0.775 ,0.279081 ,0 
33,0.8 ,0.286336 ,0 
34,0.825 ,0.293433 ,0 
35,0.85 ,0.300366 ,0 
36,0.875 ,0.307133 ,0 
37,0.9 ,0.31373 ,0 
38,0.925 ,0.320154 ,0 
39,0.95 ,0.3264 ,0 
40,0.975 ,0.332467 ,0 
41,1 ,0.338349 ,0 
42,1.025 ,0.344046 ,0 
43,1.05 ,0.349553 ,0 
44,1.075 ,0.354867 ,0 
45,1.1 ,0.359987 ,0 
46,1.125 ,0.364909 ,0 
47,1.15 ,0.36963 ,0 
48,1.175 ,0.374149 ,0 
49,1.2 ,0.378464 ,0 
50,1.225 ,0.382571 ,0 
51,1.25 ,0.38647 ,0 
52,1.275 ,0.390158 ,0 
53,1.3 ,0.393633 ,0 
54,1.325 ,0.396894 ,0 
55,1.35 ,0.39994 ,0 
56,1.375 ,0.402768 ,0 
57,1.4 ,0.405378 ,0 
58,1.425 ,0.407768 ,0 
59,1.45 ,0.409938 ,0 
60,1.475 ,0.411887 ,0 
61,1.5 ,0.413614 ,0 
62,1.525 ,0.415118 ,0 
63,1.55 ,0.416399 ,0 
64,1.575 ,0.417456 ,0 
65,1.6 ,0.41829 ,0 
66,1.625 ,0.4189 ,0 
67,1.65 ,0.419286 ,0 
68,1.675 ,0.419448 ,0 
69,1.7 ,0.419387 ,0 
70,1.725 ,0.419103 ,0 
71,1.75 ,0.418596 ,0 
72,1.775 ,0.417867 ,0 
73,1.8 ,0.416918 ,0 
74,1.825 ,0.415748 ,0 
75,1.85 ,0.414359 ,0 
76,1.875 ,0.412752 ,0 
77,1.9 ,0.410928 ,0 
78,1.925 ,0.408889 ,0 
79,1.95 ,0.406635 ,0 
80,1.975 ,0.404169 ,0 
81,2 ,0.401493 ,0 
82,2.025 ,0.398607 ,0 
83,2.05 ,0.395515 ,0 
84,2.075 ,0.392218 ,0 
85,2.1 ,0.388717 ,0 
86,2.125 ,0.385017 ,0 
87,2.15 ,0.381117 ,0 
88,2.175 ,0.377022 ,0 
89,2.2 ,0.372734 ,0 
90,2.225 ,0.368255 ,0 
91,2.25 ,0.363588 ,0 
92,2.275 ,0.358735 ,0 
93,2.3 ,0.353701 ,0 
94,2.325 ,0.348487 ,0 
95,2.35 ,0.343096 ,0 
96,2.375 ,0.337533 ,0 
97,2.4 ,0.3318 ,0 
98,2.425 ,0.3259 ,0 
99,2.45 ,0.319836 ,0 
100,2.475 ,0.313613 ,0 
101,2.5 ,0.307234 ,0 
102,2.525 ,0.300702 ,0 
103,2.55 ,0.29402 ,0 
104,2.575 ,0.287194 ,0 
105,2.6 ,0.280225 ,0 
106,2.625 ,0.273119 ,0 
107,2.65 ,0.265879 ,0 
108,2.675 ,0.258508 ,0 
109,2.7 ,0.251012 ,0 
110,2.725 ,0.243394 ,0 
111,2.75 ,0.235657 ,0 
112,2.775 ,0.227806 ,0 
113,2.8 ,0.219846 ,0 
114,2.825 ,0.21178 ,0 
115,2.85 ,0.203612 ,0 
116,2.875 ,0.195347 ,0 
117,2.9 ,0.186989 ,0 
118,2.925 ,0.178542 ,0 
119,2.95 ,0.170011 ,0 
120,2.975 ,0.161399 ,0 
121,3 ,0.152712 ,0 
122,3.025 ,0.143953 ,0 
123,3.05 ,0.135126 ,0 
124,3.075 ,0.126237 ,0 
125,3.1 ,0.117289 ,0 
126,3.125 ,0.108287 ,0 
127,3.15 ,0.0992349 ,0 
128,3.175 ,0.0901372 ,0 
129,3.2 ,0.0809983 ,0 
130,3.225 ,0.0718224 ,0 
131,3.25 ,0.0626138 ,0 
132,3.275 ,0.053377 ,0 
133,3.3 ,0.044116 ,0 
134,3.325 ,0.0348352 ,0 
135,3.35 ,0.0255388 ,0 
136,3.375 ,0.016231 ,0 
137,3.4 ,0.006916 ,0 
138,3.425 ,-0.00240206 ,0 
139,3.45 ,-0.0117191 ,0 
140,3.475 ,-0.0210309 ,0 
141,3.5 ,-0.0303336 ,0 
142,3.525 ,-0.0396231 ,0 
143,3.55 ,-0.0488954 ,0 
144,3.575 ,-0.0581466 ,0 
145,3.6 ,-0.0673728 ,0 
146,3.625 ,-0.0765701 ,0 
147,3.65 ,-0.0857348 ,0 
148,3.675 ,-0.0948632 ,0 
149,3.7 ,-0.103951 ,0 
150,3.725 ,-0.112996 ,0 
151,3.75 ,-0.121993 ,0 
152,3.775 ,-0.13094 ,0 
153,3.8 ,-0.139832 ,0 
154,3.825 ,-0.148666 ,0 
155,3.85 ,-0.157439 ,0 
156,3.875 ,-0.166148 ,0 
157,3.9 ,-0.17479 ,0 
158,3.925 ,-0.18336 ,0 
159,3.95 ,-0.191857 ,0 
160,3.975 ,-0.200277 ,0 
161,4 ,-0.208616 ,0 
162,4.025 ,-0.216874 ,0 
163,4.05 ,-0.225045 ,0 
164,4.075 ,-0.233128 ,0 
165,4.1 ,-0.24112 ,0 
166,4.125 ,-0.249019 ,0 
167,4.15 ,-0.256821 ,0 
168,4.175 ,-0.264524 ,0 
169,4.2 ,-0.272127 ,0 
170,4.225 ,-0.279626 ,0 
171,4.25 ,-0.28702 ,0 
172,4.275 ,-0.294305 ,0 
173,4.3 ,-0.301481 ,0 
174,4.325 ,-0.308545 ,0 
175,4.35 ,-0.315495 ,0 
176,4.375 ,-0.32233 ,0 
177,4.4 ,-0.329047 ,0 
178,4.425 ,-0.335644 ,0 
179,4.45 ,-0.342121 ,0 
180,4.475 ,-0.348476 ,0 
181,4.5 ,-0.354707 ,0 
182,4.525 ,-0.360812 ,0 
183,4.55 ,-0.366792 ,0 
184,4.575 ,-0.372643 ,0 
185,4.6 ,-0.378365 ,0 
186,4.625 ,-0.383957 ,0 
187,4.65 ,-0.389419 ,0 
188,4.675 ,-0.394748 ,0 
189,4.7 ,-0.399944 ,0 
190,4.725 ,-0.405007 ,0 
191,4.75 ,-0.409936 ,0 
192,4.775 ,-0.414729 ,0 
193,4.8 ,-0.419388 ,0 
194,4.825 ,-0.42391 ,0 
195,4.85 ,-0.428295 ,0 
196,4.875 ,-0.432544 ,0 
197,4.9 ,-0.436656 ,0 
198,4.925 ,-0.440631 ,0 
199,4.95 ,-0.444468 ,0 
200,4.975 ,-0.448167 ,0 
201,5 ,-0.45173 ,0 
202,5.025 ,-0.455155 ,0 
203,5.05 ,-0.458442 ,0 
204,5.075 ,-0.461593 ,0 
205,5.1 ,-0.464607 ,0 
206,5.125 ,-0.467484 ,0 
207,5.15 ,-0.470226 ,0 
208,5.175 ,-0.472831 ,0 
209,5.2 ,-0.475302 ,0 
210,5.225 ,-0.477638 ,0 
211,5.25 ,-0.47984 ,0 
212,5.275 ,-0.481909 ,0 
213,5.3 ,-0.483845 ,0 
214,5.325 ,-0.485649 ,0 
215,5.35 ,-0.487323 ,0 
216,5.375 ,-0.488866 ,0 
217,5.4 ,-0.490281 ,0 
218,5.425 ,-0.491567 ,0 
219,5.45 ,-0.492726 ,0 
220,5.475 ,-0.49376 ,0 
221,5.5 ,-0.494668 ,0 
222,5.525 ,-0.495453 ,0 
223,5.55 ,-0.496115 ,0 
224,5.575 ,-0.496656 ,0 
225,5.6 ,-0.497077 ,0 
226,5.625 ,-0.49738 ,0 
227,5.65 ,-0.497565 ,0 
228,5.675 ,-0.497634 ,0 
229,5.7 ,-0.497589 ,0 
230,5.725 ,-0.497431 ,0 
231,5.75 ,-0.497161 ,0 
232,5.775 ,-0.496782 ,0 
233,5.8 ,-0.496294 ,0 
234,5.825 ,-0.495699 ,0 
235,5.85 ,-0.495 ,0 
236,5.875 ,-0.494196 ,0 
237,5.9 ,-0.493291 ,0 
238,5.925 ,-0.492286 ,0 
239,5.95 ,-0.491182 ,0 
240,5.975 ,-0.489981 ,0 
241,6 ,-0.488686 ,0 
242,6.025 ,-0.487297 ,0 
243,6.05 ,-0.485816 ,0 
244,6.075 ,-0.484246 ,0 
245,6.1 ,-0.482588 ,0 
246,6.125 ,-0.480844 ,0 
247,6.15 ,-0.479015 ,0 
248,6.175 ,-0.477105 ,0 
249,6.2 ,-0.475113 ,0 
250,6.225 ,-0.473043 ,0 
251,6.25 ,-0.470896 ,0 
252,6.275 ,-0.468674 ,0 
253,6.3 ,-0.466378 ,0 
254,6.325 ,-0.464012 ,0 
255,6.35 ,-0.461576 ,0 
256,6.375 ,-0.459072 ,0 
257,6.4 ,-0.456503 ,0 
258,6.425 ,-0.45387 ,0 
259,6.45 ,-0.451175 ,0 
260,6.475 ,-0.44842 ,0 
261,6.5 ,-0.445607 ,0 
262,6.525 ,-0.442737 ,0 
263,6.55 ,-0.439813 ,0 
264,6.575 ,-0.436836 ,0 
265,6.6 ,-0.433808 ,0 
266,6.625 ,-0.430731 ,0 
267,6.65 ,-0.427607 ,0 
268,6.675 ,-0.424438 ,0 
269,6.7 ,-0.421225 ,0 
270,6.725 ,-0.41797 ,0 
271,6.75 ,-0.414675 ,0 
272,6.775 ,-0.411342 ,0 
273,6.8 ,-0.407972 ,0 
274,6.825 ,-0.404567 ,0 
275,6.85 ,-0.401129 ,0 
276,6.875 ,-0.39766 ,0 
277,6.9 ,-0.394161 ,0 
278,6.925 ,-0.390634 ,0 
279,6.95 ,-0.38708 ,0 
280,6.975 ,-0.383502 ,0 
281,7 ,-0.3799 ,0 
282,7.025 ,-0.376276 ,0 
283,7.05 ,-0.372633 ,0 
284,7.075 ,-0.368971 ,0 
285,7.1 ,-0.365292 ,0 
286,7.125 ,-0.361597 ,0 
287,7.15 ,-0.357889 ,0 
288,7.175 ,-0.354167 ,0 
289,7.2 ,-0.350435 ,0 
290,7.225 ,-0.346693 ,0 
291,7.25 ,-0.342943 ,0 
292,7.275 ,-0.339185 ,0 
293,7.3 ,-0.335422 ,0 
294,7.325 ,-0.331655 ,0 
295,7.35 ,-0.327885 ,0 
296,7.375 ,-0.324112 ,0 
297,7.4 ,-0.32034 ,0 
298,7.425 ,-0.316568 ,0 
299,7.45 ,-0.312798 ,0 
300,7.475 ,-0.309031 ,0 
301,7.5 ,-0.305269 ,0 
302,7.525 ,-0.301512 ,0 
303,7.55 ,-0.297761 ,0 
304,7.575 ,-0.294018 ,0 
305,7.6 ,-0.290283 ,0 
306,7.625 ,-0.286559 ,0 
307,7.65 ,-0.282844 ,0 
308,7.675 ,-0.279142 ,0 
309,7.7 ,-0.275452 ,0 
310,7.725 ,-0.271775 ,0 
311,7.75 ,-0.268113 ,0 
312,7.775 ,-0.264466 ,0 
313,7.8 ,-0.260835 ,0 
314,7.825 ,-0.257221 ,0 
315,7.85 ,-0.253625 ,0 
316,7.875 ,-0.250047 ,0 
317,7.9 ,-0.246489 ,0 
318,7.925 ,-0.24295 ,0 
319,7.95 ,-0.239433 ,0 
320,7.975 ,-0.235936 ,0 
321,8 ,-0.232462 ,0 
322,8.025 ,-0.22901 ,0 
323,8.05 ,-0.225582 ,0 
324,8.075 ,-0.222177 ,0 
325,8.1 ,-0.218797 ,0 
326,8.125 ,-0.215442 ,0 
327,8.15 ,-0.212112 ,0 
328,8.175 ,-0.208808 ,0 
329,8.2 ,-0.205531 ,0 
330,8.225 ,-0.20228 ,0 
331,8.25 ,-0.199057 ,0 
332,8.275 ,-0.195861 ,0 
333,8.3 ,-0.192694 ,0 
334,8.325 ,-0.189555 ,0 
335,8.35 ,-0.186445 ,0 
336,8.375 ,-0.183364 ,0 
337,8.4 ,-0.180313 ,0 
338,8.425 ,-0.177291 ,0 
339,8.45 ,-0.174299 ,0 
340,8.475 ,-0.171338 ,0 
341,8.5 ,-0.168407 ,0 
342,8.525 ,-0.165507 ,0 
343,8.55 ,-0.162637 ,0 
344,8.575 ,-0.159799 ,0 
345,8.6 ,-0.156992 ,0 
346,8.625 ,-0.154216 ,0 
347,8.65 ,-0.151472 ,0 
348,8.675 ,-0.14876 ,0 
349,8.7 ,-0.146079 ,0 
350,8.725 ,-0.14343 ,0 
351,8.75 ,-0.140814 ,0 
352,8.775 ,-0.138228 ,0 
353,8.8 ,-0.135675 ,0 
354,8.825 ,-0.133154 ,0 
355,8.85 ,-0.130665 ,0 
356,8.875 ,-0.128208 ,0 
357,8.9 ,-0.125783 ,0 
358,8.925 ,-0.12339 ,0 
359,8.95 ,-0.121029 ,0 
360,8.975 ,-0.118699 ,0 
361,9 ,-0.116402 ,0 
362,9.025 ,-0.114136 ,0 
363,9.05 ,-0.111902 ,0 
364,9.075 ,-0.109699 ,0 
365,9.1 ,-0.107528 ,0 
366,9.125 ,-0.105388 ,0 
367,9.15 ,-0.103279 ,0 
368,9.175 ,-0.101202 ,0 
369,9.2 ,-0.0991547 ,0 
370,9.225 ,-0.0971386 ,0 
371,9.25 ,-0.095153 ,0 
372,9.275 ,-0.0931979 ,0 
373,9.3 ,-0.091273 ,0 
374,9.325 ,-0.0893781 ,0 
375,9.35 ,-0.087513 ,0 
376,9.375 ,-0.0856776 ,0 
377,9.4 ,-0.0838716 ,0 
378,9.425 ,-0.0820948 ,0 
379,9.45 ,-0.080347 ,0 
380,9.475 ,-0.078628 ,0 
381,9.5 ,-0.0769375 ,0 
382,9.525 ,-0.0752753 ,0 
383,9.55 ,-0.0736411 ,0 
384,9.575 ,-0.0720347 ,0 
385,9.6 ,-0.0704559 ,0 
386,9.625 ,-0.0689044 ,0 
387,9.65 ,-0.0673799 ,0 
388,9.675 ,-0.0658822 ,0 
389,9.7 ,-0.064411 ,0 
390,9.725 ,-0.062966 ,0 
391,9.75 ,-0.061547 ,0 
392,9.775 ,-0.0601537 ,0 
393,9.8 ,-0.0587857 ,0 
394,9.825 ,-0.0574429 ,0 
395,9.85 ,-0.0561249 ,0 
396,9.875 ,-0.0548315 ,0 
397,9.9 ,-0.0535624 ,0 
398,9.925 ,-0.0523172 ,0 
399,9.95 ,-0.0510957 ,0 
400,9.975 ,-0.0498976 ,0 
401,10 ,-0.0487226 ,0 
402,10.025 ,-0.0475704 ,0 
403,10.05 ,-0.0464408 ,0 
404,10.075 ,-0.0453333 ,0 
405,10.1 ,-0.0442478 ,0 
406,10.125 ,-0.0431839 ,0 
407,10.15 ,-0.0421413 ,0 
408,10.175 ,-0.0411198 ,0 
409,10.2 ,-0.040119 ,0 
410,10.225 ,-0.0391387 ,0 
411,10.25 ,-0.0381785 ,0 
412,10.275 ,-0.0372382 ,0 
413,10.3 ,-0.0363175 ,0 
414,10.325 ,-0.035416 ,0 
415,10.35 ,-0.0345335 ,0 
416,10.375 ,-0.0336698 ,0 
417,10.4 ,-0.0328244 ,0 
418,10.425 ,-0.0319972 ,0 
419,10.45 ,-0.0311878 ,0 
420,10.475 ,-0.0303959 ,0 
421,10.5 ,-0.0296213 ,0 
422,10.525 ,-0.0288638 ,0 
423,10.55 ,-0.0281229 ,0 
424,10.575 ,-0.0273985 ,0 
425,10.6 ,-0.0266902 ,0 
426,10.625 ,-0.0259979 ,0 
427,10.65 ,-0.0253211 ,0 
428,10.675 ,-0.0246597 ,0 
429,10.7 ,-0.0240134 ,0 
430,10.725 ,-0.0233819 ,0 
431,10.75 ,-0.022765 ,0 
432,10.775 ,-0.0221624 ,0 
433,10.8 ,-0.0215738 ,0 
434,10.825 ,-0.020999 ,0 
435,10.85 ,-0.0204377 ,0 
436,10.875 ,-0.0198897 ,0 
437,10.9 ,-0.0193548 ,0 
438,10.925 ,-0.0188326 ,0 
439,10.95 ,-0.0183229 ,0 
440,10.975 ,-0.0178256 ,0 
441,11 ,-0.0173402 ,0 
442,11.025 ,-0.0168667 ,0 
443,11.05 ,-0.0164048 ,0 
444,11.075 ,-0.0159542 ,0 
445,11.1 ,-0.0155147 ,0 
446,11.125 ,-0.0150861 ,0 
447,11.15 ,-0.0146682 ,0 
448,11.175 ,-0.0142607 ,0 
449,11.2 ,-0.0138634 ,0 
450,11.225 ,-0.0134761 ,0 
451,11.25 ,-0.0130986 ,0 
452,11.275 ,-0.0127307 ,0 
453,11.3 ,-0.0123722 ,0 
454,11.325 ,-0.0120228 ,0 
455,11.35 ,-0.0116825 ,0 
456,11.375 ,-0.0113508 ,0 
457,11.4 ,-0.0110278 ,0 
458,11.425 ,-0.0107132 ,0 
459,11.45 ,-0.0104067 ,0 
460,11.475 ,-0.0101083 ,0 
461,11.5 ,-0.00981773 ,0 
462,11.525 ,-0.0095348 ,0 
463,11.55 ,-0.00925936 ,0 
464,11.575 ,-0.00899122 ,0 
465,11.6 ,-0.00873022 ,0 
466,11.625 ,-0.00847619 ,0 
467,11.65 ,-0.00822897 ,0 
468,11.675 ,-0.00798839 ,0 
469,11.7 ,-0.00775431 ,0 
470,11.725 ,-0.00752656 ,0 
471,11.75 ,-0.007305 ,0 
472,11.775 ,-0.00708947 ,0 
473,11.8 ,-0.00687983 ,0 
474,11.825 ,-0.00667594 ,0 
475,11.85 ,-0.00647765 ,0 
476,11.875 ,-0.00628483 ,0 
477,11.9 ,-0.00609734 ,0 
478,11.925 ,-0.00591505 ,0 
479,11.95 ,-0.00573783 ,0 
480,11.975 ,-0.00556556 ,0 
481,12 ,-0.00539811 ,0 
482,12.025 ,-0.00523536 ,0 
483,12.05 ,-0.00507718 ,0 
484,12.075 ,-0.00492347 ,0 
485,12.1 ,-0.00477411 ,0 
486,12.125 ,-0.00462899 ,0 
487,12.15 ,-0.004488 ,0 
488,12.175 ,-0.00435102 ,0 
489,12.2 ,-0.00421797 ,0 
490,12.225 ,-0.00408873 ,0 
491,12.25 ,-0.00396321 ,0 
492,12.275 ,-0.00384131 ,0 
493,12.3 ,-0.00372292 ,0 
494,12.325 ,-0.00360797 ,0 
495,12.35 ,-0.00349636 ,0 
496,12.375 ,-0.003388 ,0 
497,12.4 ,-0.0032828 ,0 
498,12.425 ,-0.00318068 ,0 
499,12.45 ,-0.00308155 ,0 
500,12.475 ,-0.00298534 ,0 
501,12.5 ,-0.00289196 ,0 
502,12.525 ,-0.00280134 ,0 
503,12.55 ,-0.00271341 ,0 
504,12.575 ,-0.00262808 ,0 
505,12.6 ,-0.0025453 ,0 
506,12.625 ,-0.00246498 ,0 
507,12.65 ,-0.00238706 ,0 
508,12.675 ,-0.00231147 ,0 
509,12.7 ,-0.00223815 ,0 
510,12.725 ,-0.00216704 ,0 
511,12.75 ,-0.00209807 ,0 
512,12.775 ,-0.00203119 ,0 
513,12.8 ,-0.00196633 ,0 
514,12.825 ,-0.00190344 ,0 
515,12.85 ,-0.00184246 ,0 
516,12.875 ,-0.00178333 ,0 
517,12.9 ,-0.00172601 ,0 
518,12.925 ,-0.00167045 ,0 
519,12.95 ,-0.00161659 ,0 
520,12.975 ,-0.00156438 ,0 
521,13 ,-0.00151378 ,0 
522,13.025 ,-0.00146474 ,0 
523,13.05 ,-0.00141721 ,0 
524,13.075 ,-0.00137116 ,0 
525,13.1 ,-0.00132654 ,0 
526,13.125 ,-0.0012833 ,0 
527,13.15 ,-0.0012414 ,0 
528,13.175 ,-0.00120082 ,0 
529,13.2 ,-0.0011615 ,0 
530,13.225 ,-0.00112342 ,0 
531,13.25 ,-0.00108652 ,0 
532,13.275 ,-0.00105079 ,0 
533,13.3 ,-0.00101619 ,0 
534,13.325 ,-0.000982669 ,0 
535,13.35 ,-0.000950213 ,0 
536,13.375 ,-0.000918784 ,0 
537,13.4 ,-0.000888351 ,0 
538,13.425 ,-0.000858885 ,0 
539,13.45 ,-0.000830356 ,0 
540,13.475 ,-0.000802737 ,0 
541,13.5 ,-0.000776 ,0 
542,13.525 ,-0.000750118 ,0 
543,13.55 ,-0.000725065 ,0 
544,13.575 ,-0.000700816 ,0 
545,13.6 ,-0.000677346 ,0 
546,13.625 ,-0.000654632 ,0 
547,13.65 ,-0.000632651 ,0 
548,13.675 ,-0.000611379 ,0 
549,13.7 ,-0.000590796 ,0 
550,13.725 ,-0.00057088 ,0 
551,13.75 ,-0.00055161 ,0 
552,13.775 ,-0.000532967 ,0 
553,13.8 ,-0.000514931 ,0 
554,13.825 ,-0.000497483 ,0 
555,13.85 ,-0.000480604 ,0 
556,13.875 ,-0.000464278 ,0 
557,13.9 ,-0.000448487 ,0 
558,13.925 ,-0.000433214 ,0 
559,13.95 ,-0.000418443 ,0 
560,13.975 ,-0.000404158 ,0 
561,14 ,-0.000390343 ,0 
562,14.025 ,-0.000376985 ,0 
563,14.05 ,-0.000364068 ,0 
564,14.075 ,-0.000351579 ,0 
565,14.1 ,-0.000339504 ,0 
566,14.125 ,-0.00032783 ,0 
567,14.15 ,-0.000316544 ,0 
568,14.175 ,-0.000305633 ,0 
569,14.2 ,-0.000295087 ,0 
570,14.225 ,-0.000284892 ,0 
571,14.25 ,-0.000275039 ,0 
572,14.275 ,-0.000265515 ,0 
573,14.3 ,-0.00025631 ,0 
574,14.325 ,-0.000247415 ,0 
575,14.35 ,-0.000238819 ,0 
576,14.375 ,-0.000230512 ,0 
577,14.4 ,-0.000222485 ,0 
578,14.425 ,-0.000214728 ,0 
579,14.45 ,-0.000207235 ,0 
580,14.475 ,-0.000199994 ,0 
581,14.5 ,-0.000192999 ,0 
582,14.525 ,-0.000186241 ,0 
583,14.55 ,-0.000179713 ,0 
584,14.575 ,-0.000173407 ,0 
585,14.6 ,-0.000167316 ,0 
586,14.625 ,-0.000161433 ,0 
587,14.65 ,-0.00015575 ,0 
588,14.675 ,-0.000150262 ,0 
589,14.7 ,-0.000144961 ,0 
590,14.725 ,-0.000139842 ,0 
591,14.75 ,-0.000134899 ,0 
592,14.775 ,-0.000130126 ,0 
593,14.8 ,-0.000125517 ,0 
594,14.825 ,-0.000121066 ,0 
595,14.85 ,-0.000116769 ,0 
596,14.875 ,-0.000112621 ,0 
597,14.9 ,-0.000108615 ,0 
598,14.925 ,-0.000104749 ,0 
599,14.95 ,-0.000101016 ,0 
600,14.975 ,-9.74128e-05 ,0 
601,15 ,-9.39347e-05 ,0 
602,15.025 ,-9.05775e-05 ,0 
603,15.05 ,-8.73371e-05 ,0 
604,15.075 ,-8.42097e-05 ,0 
605,15.1 ,-8.11913e-05 ,0 
606,15.125 ,-7.82784e-05 ,0 
607,15.15 ,-7.54673e-05 ,0 
608,15.175 ,-7.27546e-05 ,0 
609,15.2 ,-7.01369e-05 ,0 
610,15.225 ,-6.76111e-05 ,0 
611,15.25 ,-6.51739e-05 ,0 
612,15.275 ,-6.28224e-05 ,0 
613,15.3 ,-6.05537e-05 ,0 
614,15.325 ,-5.83649e-05 ,0 
615,15.35 ,-5.62533e-05 ,0 
616,15.375 ,-5.42162e-05 ,0 
617,15.4 ,-5.22512e-05 ,0 
618,15.425 ,-5.03556e-05 ,0 
619,15.45 ,-4.85272e-05 ,0 
620,15.475 ,-4.67636e-05 ,0 
621,15.5 ,-4.50626e-05 ,0 
622,15.525 ,-4.3422e-05 ,0 
623,15.55 ,-4.18397e-05 ,0 
624,15.575 ,-4.03138e-05 ,0 
625,15.6 ,-3.88422e-05 ,0 
626,15.625 ,-3.74232e-05 ,0 
627,15.65 ,-3.60548e-05 ,0 
628,15.675 ,-3.47353e-05 ,0 
629,15.7 ,-3.3463e-05 ,0 
630,15.725 ,-3.22363e-05 ,0 
631,15.75 ,-3.10535e-05 ,0 
632,15.775 ,-2.99132e-05 ,0 
633,15.8 ,-2.88138e-05 ,0 
634,15.825 ,-2.7754e-05 ,0 
635,15.85 ,-2.67323e-05 ,0 
636,15.875 ,-2.57474e-05 ,0 
637,15.9 ,-2.4798e-05 ,0 
638,15.925 ,-2.38829e-05 ,0 
639,15.95 ,-2.30008e-05 ,0 
640,15.975 ,-2.21506e-05 ,0 
641,16 ,-2.13312e-05 ,0 
642,16.025 ,-2.05414e-05 ,0 
643,16.05 ,-1.97803e-05 ,0 
644,16.075 ,-1.90468e-05 ,0 
645,16.1 ,-1.834e-05 ,0 
646,16.125 ,-1.76588e-05 ,0 
647,16.15 ,-1.70024e-05 ,0 
648,16.175 ,-1.637e-05 ,0 
649,16.2 ,-1.57605e-05 ,0 
650,16.225 ,-1.51734e-05 ,0 
651,16.25 ,-1.46076e-05 ,0 
652,16.275 ,-1.40626e-05 ,0 
653,16.3 ,-1.35374e-05 ,0 
654,16.325 ,-1.30315e-05 ,0 
655,16.35 ,-1.25442e-05 ,0 
656,16.375 ,-1.20747e-05 ,0 
657,16.4 ,-1.16224e-05 ,0 
658,16.425 ,-1.11868e-05 ,0 
659,16.45 ,-1.07671e-05 ,0 
660,16.475 ,-1.0363e-05 ,0 
661,16.5 ,-9.97366e-06 ,0 
662,16.525 ,-9.59871e-06 ,0 
663,16.55 ,-9.23759e-06 ,0 
664,16.575 ,-8.88981e-06 ,0 
665,16.6 ,-8.55488e-06 ,0 
666,16.625 ,-8.23233e-06 ,0 
667,16.65 ,-7.92172e-06 ,0 
668,16.675 ,-7.62262e-06 ,0 
669,16.7 ,-7.3346e-06 ,0 
670,16.725 ,-7.05728e-06 ,0 
671,16.75 ,-6.79024e-06 ,0 
672,16.775 ,-6.53314e-06 ,0 
673,16.8 ,-6.28559e-06 ,0 
674,16.825 ,-6.04726e-06 ,0 
675,16.85 ,-5.8178e-06 ,0 
676,16.875 ,-5.5969e-06 ,0 
677,16.9 ,-5.38424e-06 ,0 
678,16.925 ,-5.17952e-06 ,0 
679,16.95 ,-4.98245e-06 ,0 
680,16.975 ,-4.79275e-06 ,0 
681,17 ,-4.61014e-06 ,0 
682,17.025 ,-4.43438e-06 ,0 
683,17.05 ,-4.2652e-06 ,0 
684,17.075 ,-4.10236e-06 ,0 
685,17.1 ,-3.94564e-06 ,0 
686,17.125 ,-3.79481e-06 ,0 
687,17.15 ,-3.64964e-06 ,0 
688,17.175 ,-3.50994e-06 ,0 
689,17.2 ,-3.37549e-06 ,0 
690,17.225 ,-3.24611e-06 ,0 
691,17.25 ,-3.12161e-06 ,0 
692,17.275 ,-3.0018e-06 ,0 
693,17.3 ,-2.88652e-06 ,0 
694,17.325 ,-2.77559e-06 ,0 
695,17.35 ,-2.66885e-06 ,0 
696,17.375 ,-2.56616e-06 ,0 
697,17.4 ,-2.46735e-06 ,0 
698,17.425 ,-2.37228e-06 ,0 
699,17.45 ,-2.28082e-06 ,0 
700,17.475 ,-2.19283e-06 ,0 
701,17.5 ,-2.10818e-06 ,0 
702,17.525 ,-2.02674e-06 ,0 
703,17.55 ,-1.9484e-06 ,0 
704,17.575 ,-1.87304e-06 ,0 
705,17.6 ,-1.80055e-06 ,0 
706,17.625 ,-1.73082e-06 ,0 
707,17.65 ,-1.66375e-06 ,0 
708,17.675 ,-1.59923e-06 ,0 
709,17.7 ,-1.53718e-06 ,0 
710,17.725 ,-1.4775e-06 ,0 
711,17.75 ,-1.4201e-06 ,0 
712,17.775 ,-1.36489e-06 ,0 
713,17.8 ,-1.31179e-06 ,0 
714,17.825 ,-1.26073e-06 ,0 
715,17.85 ,-1.21162e-06 ,0 
716,17.875 ,-1.1644e-06 ,0 
717,17.9 ,-1.11898e-06 ,0 
718,17.925 ,-1.07531e-06 ,0 
719,17.95 ,-1.03331e-06 ,0 
720,17.975 ,-9.92932e-07 ,0 
721,18 ,-9.54102e-07 ,0 
722,18.025 ,-9.16766e-07 ,0 
723,18.05 ,-8.80866e-07 ,0 
724,18.075 ,-8.46348e-07 ,0 
725,18.1 ,-8.13159e-07 ,0 
726,18.125 ,-7.8125e-07 ,0 
727,18.15 ,-7.5057e-07 ,0 
728,18.175 ,-7.21074e-07 ,0 
729,18.2 ,-6.92716e-07 ,0 
730,18.225 ,-6.65452e-07 ,0 
731,18.25 ,-6.39242e-07 ,0 
732,18.275 ,-6.14044e-07 ,0 
733,18.3 ,-5.8982e-07 ,0 
734,18.325 ,-5.66532e-07 ,0 
735,18.35 ,-5.44146e-07 ,0 
736,18.375 ,-5.22625e-07 ,0 
737,18.4 ,-5.01937e-07 ,0 
738,18.425 ,-4.82049e-07 ,0 
739,18.45 ,-4.62932e-07 ,0 
740,18.475 ,-4.44554e-07 ,0 
741,18.5 ,-4.26889e-07 ,0 
742,18.525 ,-4.09907e-07 ,0 
743,18.55 ,-3.93583e-07 ,0 
744,18.575 ,-3.77892e-07 ,0 
745,18.6 ,-3.62808e-07 ,0 
746,18.625 ,-3.48308e-07 ,0 
747,18.65 ,-3.34369e-07 ,0 
748,18.675 ,-3.2097e-07 ,0 
749,18.7 ,-3.08089e-07 ,0 
750,18.725 ,-2.95707e-07 ,0 
751,18.75 ,-2.83803e-07 ,0 
752,18.775 ,-2.72359e-07 ,0 
753,18.8 ,-2.61357e-07 ,0 
754,18.825 ,-2.5078e-07 ,0 
755,18.85 ,-2.4061e-07 ,0 
756,18.875 ,-2.30832e-07 ,0 
757,18.9 ,-2.2143e-07 ,0 
758,18.925 ,-2.12389e-07 ,0 
759,18.95 ,-2.03695e-07 ,0 
760,18.975 ,-1.95335e-07 ,0 
761,19 ,-1.87293e-07 ,0 
762,19.025 ,-1.79559e-07 ,0 
763,19.05 ,-1.72119e-07 ,0 
764,19.075 ,-1.64961e-07 ,0 
765,19.1 ,-1.58075e-07 ,0 
766,19.125 ,-1.51449e-07 ,0 
767,19.15 ,-1.45072e-07 ,0 
768,19.175 ,-1.38934e-07 ,0 
769,19.2 ,-1.33026e-07 ,0 
770,19.225 ,-1.27337e-07 ,0 
771,19.25 ,-1.21859e-07 ,0 
772,19.275 ,-1.16582e-07 ,0 
773,19.3 ,-1.11499e-07 ,0 
774,19.325 ,-1.066e-07 ,0 
775,19.35 ,-1.01879e-07 ,0 
776,19.375 ,-9.73269e-08 ,0 
777,19.4 ,-9.29367e-08 ,0 
778,19.425 ,-8.87013e-08 ,0 
779,19.45 ,-8.46138e-08 ,0 
780,19.475 ,-8.06675e-08 ,0 
781,19.5 ,-7.68559e-08 ,0 
782,19.525 ,-7.31727e-08 ,0 
783,19.55 ,-6.96121e-08 ,0 
784,19.575 ,-6.61681e-08 ,0 
785,19.6 ,-6.2835e-08 ,0 
786,19.625 ,-5.96074e-08 ,0 
787,19.65 ,-5.64799e-08 ,0 
788,19.675 ,-5.34474e-08 ,0 
789,19.7 ,-5.05049e-08 ,0 
790,19.725 ,-4.76474e-08 ,0 
791,19.75 ,-4.48704e-08 ,0 
792,19.775 ,-4.21691e-08 ,0 
793,19.8 ,-3.9539e-08 ,0 
794,19.825 ,-3.69758e-08 ,0 
795,19.85 ,-3.44752e-08 ,0 
796,19.875 ,-3.20331e-08 ,0 
797,19.9 ,-2.96452e-08 ,0 
798,19.925 ,-2.73077e-08 ,0 
799,19.95 ,-2.50166e-08 ,0 
800,19.975 ,-2.2768e-08 ,0 
801,20 ,-2.05582e-08 ,0 
802,20.025 ,-1.83835e-08 ,0 
803,20.05 ,-1.62401e-08 ,0 
804,20.075 ,-1.41244e-08 ,0 
805,20.1 ,-1.20328e-08 ,0 
806,20.125 ,-9.96182e-09 ,0 
807,20.15 ,-7.90789e-09 ,0 
808,20.175 ,-5.86751e-09 ,0 
809,20.2 ,-3.83719e-09 ,0 
810,20.225 ,-1.81345e-09 ,0 
811,20.25 ,2.0717e-10 ,0 
812,20.275 ,2.22815e-09 ,0 
813,20.3 ,4.25296e-09 ,0 
814,20.325 ,6.2851e-09 ,0 
815,20.35 ,8.32807e-09 ,0 
816,20.375 ,1.03854e-08 ,0 
817,20.4 ,1.24607e-08 ,0 
818,20.425 ,1.45575e-08 ,0 
819,20.45 ,1.66795e-08 ,0 
820,20.475 ,1.88304e-08 ,0 
821,20.5 ,2.10139e-08 ,0 
822,20.525 ,2.32339e-08 ,0 
823,20.55 ,2.54942e-08 ,0 
824,20.575 ,2.77988e-08 ,0 
825,20.6 ,3.01517e-08 ,0 
826,20.625 ,3.25571e-08 ,0 
827,20.65 ,3.50193e-08 ,0 
828,20.675 ,3.75424e-08 ,0 
829,20.7 ,4.01311e-08 ,0 
830,20.725 ,4.27899e-08 ,0 
831,20.75 ,4.55234e-08 ,0 
832,20.775 ,4.83366e-08 ,0 
833,20.8 ,5.12344e-08 ,0 
834,20.825 ,5.4222e-08 ,0 
835,20.85 ,5.73046e-08 ,0 
836,20.875 ,6.04879e-08 ,0 
837,20.9 ,6.37773e-08 ,0 
838,20.925 ,6.71789e-08 ,0 
839,20.95 ,7.06986e-08 ,0 
840,20.975 ,7.43429e-08 ,0 
841,21 ,7.81181e-08 ,0 
842,21.025 ,8.20311e-08 ,0 
843,21.05 ,8.60889e-08 ,0 
844,21.075 ,9.02987e-08 ,0 
845,21.1 ,9.46682e-08 ,0 
846,21.125 ,9.92051e-08 ,0 
847,21.15 ,1.03918e-07 ,0 
848,21.175 ,1.08815e-07 ,0 
849,21.2 ,1.13904e-07 ,0 
850,21.225 ,1.19196e-07 ,0 
851,21.25 ,1.247e-07 ,0 
852,21.275 ,1.30425e-07 ,0 
853,21.3 ,1.36382e-07 ,0 
854,21.325 ,1.42582e-07 ,0 
855,21.35 ,1.49036e-07 ,0 
856,21.375 ,1.55756e-07 ,0 
857,21.4 ,1.62754e-07 ,0 
858,21.425 ,1.70042e-07 ,0 
859,21.45 ,1.77635e-07 ,0 
860,21.475 ,1.85545e-07 ,0 
861,21.5 ,1.93787e-07 ,0 
862,21.525 ,2.02376e-07 ,0 
863,21.55 ,2.11328e-07 ,0 
864,21.575 ,2.20659e-07 ,0 
865,21.6 ,2.30387e-07 ,0 
866,21.625 ,2.40528e-07 ,0 
867,21.65 ,2.51101e-07 ,0 
868,21.675 ,2.62127e-07 ,0 
869,21.7 ,2.73624e-07 ,0 
870,21.725 ,2.85615e-07 ,0 
871,21.75 ,2.9812e-07 ,0 
872,21.775 ,3.11164e-07 ,0 
873,21.8 ,3.24769e-07 ,0 
874,21.825 ,3.38962e-07 ,0 
875,21.85 ,3.53767e-07 ,0 
876,21.875 ,3.69213e-07 ,0 
877,21.9 ,3.85327e-07 ,0 
878,21.925 ,4.0214e-07 ,0 
879,21.95 ,4.19682e-07 ,0 
880,21.975 ,4.37986e-07 ,0 
881,22 ,4.57086e-07 ,0 
882,22.025 ,4.77016e-07 ,0 
883,22.05 ,4.97814e-07 ,0 
884,22.075 ,5.19518e-07 ,0 
885,22.1 ,5.42169e-07 ,0 
886,22.125 ,5.65808e-07 ,0 
887,22.15 ,5.90478e-07 ,0 
888,22.175 ,6.16227e-07 ,0 
889,22.2 ,6.43101e-07 ,0 
890,22.225 ,6.71151e-07 ,0 
891,22.25 ,7.00429e-07 ,0 
892,22.275 ,7.30988e-07 ,0 
893,22.3 ,7.62887e-07 ,0 
894,22.325 ,7.96184e-07 ,0 
895,22.35 ,8.30941e-07 ,0 
896,22.375 ,8.67223e-07 ,0 
897,22.4 ,9.05099e-07 ,0 
898,22.425 ,9.44637e-07 ,0 
899,22.45 ,9.85914e-07 ,0 
900,22.475 ,1.029e-06 ,0 
901,22.5 ,1.07399e-06 ,0 
902,22.525 ,1.12096e-06 ,0 
903,22.55 ,1.16999e-06 ,0 
904,22.575 ,1.22118e-06 ,0 
905,22.6 ,1.27463e-06 ,0 
906,22.625 ,1.33043e-06 ,0 
907,22.65 ,1.38869e-06 ,0 
908,22.675 ,1.44952e-06 ,0 
909,22.7 ,1.51304e-06 ,0 
910,22.725 ,1.57935e-06 ,0 
911,22.75 ,1.6486e-06 ,0 
912,22.775 ,1.7209e-06 ,0 
913,22.8 ,1.7964e-06 ,0 
914,22.825 ,1.87524e-06 ,0 
915,22.85 ,1.95756e-06 ,0 
916,22.875 ,2.04353e-06 ,0 
917,22.9 ,2.13329e-06 ,0 
918,22.925 ,2.22703e-06 ,0 
919,22.95 ,2.32492e-06 ,0 
920,22.975 ,2.42714e-06 ,0 
921,23 ,2.5339e-06 ,0 
922,23.025 ,2.64538e-06 ,0 
923,23.05 ,2.76181e-06 ,0 
924,23.075 ,2.8834e-06 ,0 
925,23.1 ,3.01038e-06 ,0 
926,23.125 ,3.143e-06 ,0 
927,23.15 ,3.28151e-06 ,0 
928,23.175 ,3.42616e-06 ,0 
929,23.2 ,3.57724e-06 ,0 
930,23.225 ,3.73503e-06 ,0 
931,23.25 ,3.89984e-06 ,0 
932,23.275 ,4.07197e-06 ,0 
933,23.3 ,4.25176e-06 ,0 
934,23.325 ,4.43954e-06 ,0 
935,23.35 ,4.63569e-06 ,0 
936,23.375 ,4.84056e-06 ,0 
937,23.4 ,5.05455e-06 ,0 
938,23.425 ,5.27808e-06 ,0 
939,23.45 ,5.51156e-06 ,0 
940,23.475 ,5.75545e-06 ,0 
941,23.5 ,6.01022e-06 ,0 
942,23.525 ,6.27634e-06 ,0 
943,23.55 ,6.55434e-06 ,0 
944,23.575 ,6.84473e-06 ,0 
945,23.6 ,7.14809e-06 ,0 
946,23.625 ,7.465e-06 ,0 
947,23.65 ,7.79605e-06 ,0 
948,23.675 ,8.1419e-06 ,0 
949,23.7 ,8.5032e-06 ,0 
950,23.725 ,8.88065e-06 ,0 
951,23.75 ,9.27497e-06 ,0 
952,23.775 ,9.68693e-06 ,0 
953,23.8 ,1.01173e-05 ,0 
954,23.825 ,1.0567e-05 ,0 
955,23.85 ,1.10367e-05 ,0 
956,23.875 ,1.15276e-05 ,0 
957,23.9 ,1.20403e-05 ,0 
958,23.925 ,1.25761e-05 ,0 
959,23.95 ,1.31359e-05 ,0 
960,23.975 ,1.37208e-05 ,0 
961,24 ,1.43319e-05 ,0 
962,24.025 ,1.49704e-05 ,0 
963,24.05 ,1.56375e-05 ,0 
964,24.075 ,1.63346e-05 ,0 
965,24.1 ,1.7063e-05 ,0 
966,24.125 ,1.7824e-05 ,0 
967,24.15 ,1.86193e-05 ,0 
968,24.175 ,1.94503e-05 ,0 
969,24.2 ,2.03186e-05 ,0 
970,24.225 ,2.1226e-05 ,0 
971,24.25 ,2.21742e-05 ,0 
972,24.275 ,2.3165e-05 ,0 
973,24.3 ,2.42004e-05 ,0 
974,24.325 ,2.52823e-05 ,0 
975,24.35 ,2.6413e-05 ,0 
976,24.375 ,2.75946e-05 ,0 
977,24.4 ,2.88294e-05 ,0 
978,24.425 ,3.01198e-05 ,0 
979,24.45 ,3.14684e-05 ,0 
980,24.475 ,3.28778e-05 ,0 
981,24.5 ,3.43506e-05 ,0 
982,24.525 ,3.589e-05 ,0 
983,24.55 ,3.74987e-05 ,0 
984,24.575 ,3.91801e-05 ,0 
985,24.6 ,4.09373e-05 ,0 
986,24.625 ,4.27738e-05 ,0 
987,24.65 ,4.46933e-05 ,0 
988,24.675 ,4.66995e-05 ,0 
989,24.7 ,4.87963e-05 ,0 
990,24.725 ,5.09879e-05 ,0 
991,24.75 ,5.32786e-05 ,0 
992,24.775 ,5.56728e-05 ,0 
993,24.8 ,5.81753e-05 ,0 
994,24.825 ,6.0791e-05 ,0 
995,24.85 ,6.35251e-05 ,0 
996,24.875 ,6.63829e-05 ,0 
997,24.9 ,6.93701e-05 ,0 
998,24.925 ,7.24926e-05 ,0 
999,24.95 ,7.57565e-05 ,0 
1000,24.975 ,7.91683e-05 ,0 