N_e = 18
1,0 ,0 ,0 
2,0.025 ,0 ,0 
3,0.05 ,0 ,0 
4,0.075 ,0.0241502 ,0 
5,0.1 ,0.0321919 ,0 
6,0.125 ,0.0402259 ,0 
7,0.15 ,0.0482501 ,0 
8,0.175 ,0.0562628 ,0 
9,0.2 ,0.0642619 ,0 
10,0.225 ,0.0722457 ,0 
11,0.25 ,0.080212 ,0 
12,0.275 ,0.0881591 ,0 
13,0.3 ,0.0960851 ,0 
14,0.325 ,0.103988 ,0 
15,0.35 ,0.111866 ,0 
16,0.375 ,0.119717 ,0 
17,0.4 ,0.12754 ,0 
18,0.425 ,0.135332 ,0 
19,0.45 ,0.143092 ,0 
20,0.475 ,0.150817 ,0 
21,0.5 ,0.158507 ,0 
22,0.525 ,0.166159 ,0 
23,0.55 ,0.173772 ,0 
24,0.575 ,0.181343 ,0 
25,0.6 ,0.188871 ,0 
26,0.625 ,0.196354 ,0 
27,0.65 ,0.203791 ,0 
28,0.675 ,0.21118 ,0 
29,0.7 ,0.218519 ,0 
30,0.725 ,0.225806 ,0 
31,0.75 ,0.233041 ,0 
32,0.775 ,0.24022 ,0 
33,0.8 ,0.247344 ,0 
34,0.825 ,0.254409 ,0 
35,0.85 ,0.261415 ,0 
36,0.875 ,0.26836 ,0 
37,0.9 ,0.275242 ,0 
38,0.925 ,0.282061 ,0 
39,0.95 ,0.288814 ,0 
40,0.975 ,0.295501 ,0 
41,1 ,0.302119 ,0 
42,1.025 ,0.308667 ,0 
43,1.05 ,0.315145 ,0 
44,1.075 ,0.32155 ,0 
45,1.1 ,0.327882 ,0 
46,1.125 ,0.334139 ,0 
47,1.15 ,0.34032 ,0 
48,1.175 ,0.346423 ,0 
49,1.2 ,0.352449 ,0 
50,1.225 ,0.358394 ,0 
51,1.25 ,0.364259 ,0 
52,1.275 ,0.370042 ,0 
53,1.3 ,0.375742 ,0 
54,1.325 ,0.381359 ,0 
55,1.35 ,0.38689 ,0 
56,1.375 ,0.392336 ,0 
57,1.4 ,0.397694 ,0 
58,1.425 ,0.402966 ,0 
59,1.45 ,0.408148 ,0 
60,1.475 ,0.413241 ,0 
61,1.5 ,0.418244 ,0 
62,1.525 ,0.423156 ,0 
63,1.55 ,0.427977 ,0 
64,1.575 ,0.432705 ,0 
65,1.6 ,0.437339 ,0 
66,1.625 ,0.441881 ,0 
67,1.65 ,0.446327 ,0 
68,1.675 ,0.450679 ,0 
69,1.7 ,0.454936 ,0 
70,1.725 ,0.459096 ,0 
71,1.75 ,0.46316 ,0 
72,1.775 ,0.467128 ,0 
73,1.8 ,0.470997 ,0 
74,1.825 ,0.47477 ,0 
75,1.85 ,0.478444 ,0 
76,1.875 ,0.48202 ,0 
77,1.9 ,0.485498 ,0 
78,1.925 ,0.488876 ,0 
79,1.95 ,0.492156 ,0 
80,1.975 ,0.495337 ,0 
81,2 ,0.498418 ,0 
82,2.025 ,0.5014 ,0 
83,2.05 ,0.504282 ,0 
84,2.075 ,0.507065 ,0 
85,2.1 ,0.509748 ,0 
86,2.125 ,0.512332 ,0 
87,2.15 ,0.514816 ,0 
88,2.175 ,0.517201 ,0 
89,2.2 ,0.519486 ,0 
90,2.225 ,0.521673 ,0 
91,2.25 ,0.52376 ,0 
92,2.275 ,0.525749 ,0 
93,2.3 ,0.527639 ,0 
94,2.325 ,0.529431 ,0 
95,2.35 ,0.531125 ,0 
96,2.375 ,0.532722 ,0 
97,2.4 ,0.534221 ,0 
98,2.425 ,0.535623 ,0 
99,2.45 ,0.536929 ,0 
100,2.475 ,0.538139 ,0 
101,2.5 ,0.539253 ,0 
102,2.525 ,0.540272 ,0 
103,2.55 ,0.541197 ,0 
104,2.575 ,0.542027 ,0 
105,2.6 ,0.542764 ,0 
106,2.625 ,0.543408 ,0 
107,2.65 ,0.543961 ,0 
108,2.675 ,0.544421 ,0 
109,2.7 ,0.544791 ,0 
110,2.725 ,0.54507 ,0 
111,2.75 ,0.54526 ,0 
112,2.775 ,0.545361 ,0 
113,2.8 ,0.545374 ,0 
114,2.825 ,0.5453 ,0 
115,2.85 ,0.545139 ,0 
116,2.875 ,0.544893 ,0 
117,2.9 ,0.544562 ,0 
118,2.925 ,0.544147 ,0 
119,2.95 ,0.54365 ,0 
120,2.975 ,0.54307 ,0 
121,3 ,0.542408 ,0 
122,3.025 ,0.541667 ,0 
123,3.05 ,0.540846 ,0 
124,3.075 ,0.539947 ,0 
125,3.1 ,0.538971 ,0 
126,3.125 ,0.537918 ,0 
127,3.15 ,0.53679 ,0 
128,3.175 ,0.535587 ,0 
129,3.2 ,0.534311 ,0 
130,3.225 ,0.532963 ,0 
131,3.25 ,0.531544 ,0 
132,3.275 ,0.530054 ,0 
133,3.3 ,0.528496 ,0 
134,3.325 ,0.526869 ,0 
135,3.35 ,0.525176 ,0 
136,3.375 ,0.523417 ,0 
137,3.4 ,0.521594 ,0 
138,3.425 ,0.519707 ,0 
139,3.45 ,0.517758 ,0 
140,3.475 ,0.515747 ,0 
141,3.5 ,0.513677 ,0 
142,3.525 ,0.511548 ,0 
143,3.55 ,0.509361 ,0 
144,3.575 ,0.507117 ,0 
145,3.6 ,0.504819 ,0 
146,3.625 ,0.502466 ,0 
147,3.65 ,0.50006 ,0 
148,3.675 ,0.497603 ,0 
149,3.7 ,0.495095 ,0 
150,3.725 ,0.492537 ,0 
151,3.75 ,0.489932 ,0 
152,3.775 ,0.487279 ,0 
153,3.8 ,0.484581 ,0 
154,3.825 ,0.481838 ,0 
155,3.85 ,0.479052 ,0 
156,3.875 ,0.476223 ,0 
157,3.9 ,0.473354 ,0 
158,3.925 ,0.470445 ,0 
159,3.95 ,0.467497 ,0 
160,3.975 ,0.464512 ,0 
161,4 ,0.46149 ,0 
162,4.025 ,0.458434 ,0 
163,4.05 ,0.455344 ,0 
164,4.075 ,0.452221 ,0 
165,4.1 ,0.449066 ,0 
166,4.125 ,0.445881 ,0 
167,4.15 ,0.442667 ,0 
168,4.175 ,0.439425 ,0 
169,4.2 ,0.436156 ,0 
170,4.225 ,0.432862 ,0 
171,4.25 ,0.429542 ,0 
172,4.275 ,0.4262 ,0 
173,4.3 ,0.422835 ,0 
174,4.325 ,0.419448 ,0 
175,4.35 ,0.416042 ,0 
176,4.375 ,0.412616 ,0 
177,4.4 ,0.409172 ,0 
178,4.425 ,0.405712 ,0 
179,4.45 ,0.402235 ,0 
180,4.475 ,0.398744 ,0 
181,4.5 ,0.395239 ,0 
182,4.525 ,0.391722 ,0 
183,4.55 ,0.388192 ,0 
184,4.575 ,0.384652 ,0 
185,4.6 ,0.381103 ,0 
186,4.625 ,0.377544 ,0 
187,4.65 ,0.373978 ,0 
188,4.675 ,0.370406 ,0 
189,4.7 ,0.366827 ,0 
190,4.725 ,0.363244 ,0 
191,4.75 ,0.359656 ,0 
192,4.775 ,0.356066 ,0 
193,4.8 ,0.352474 ,0 
194,4.825 ,0.34888 ,0 
195,4.85 ,0.345286 ,0 
196,4.875 ,0.341693 ,0 
197,4.9 ,0.3381 ,0 
198,4.925 ,0.334511 ,0 
199,4.95 ,0.330924 ,0 
200,4.975 ,0.327341 ,0 
201,5 ,0.323763 ,0 
202,5.025 ,0.32019 ,0 
203,5.05 ,0.316623 ,0 
204,5.075 ,0.313063 ,0 
205,5.1 ,0.309511 ,0 
206,5.125 ,0.305967 ,0 
207,5.15 ,0.302433 ,0 
208,5.175 ,0.298908 ,0 
209,5.2 ,0.295394 ,0 
210,5.225 ,0.291891 ,0 
211,5.25 ,0.288399 ,0 
212,5.275 ,0.284921 ,0 
213,5.3 ,0.281455 ,0 
214,5.325 ,0.278003 ,0 
215,5.35 ,0.274565 ,0 
216,5.375 ,0.271142 ,0 
217,5.4 ,0.267734 ,0 
218,5.425 ,0.264342 ,0 
219,5.45 ,0.260967 ,0 
220,5.475 ,0.257609 ,0 
221,5.5 ,0.254268 ,0 
222,5.525 ,0.250946 ,0 
223,5.55 ,0.247642 ,0 
224,5.575 ,0.244356 ,0 
225,5.6 ,0.24109 ,0 
226,5.625 ,0.237844 ,0 
227,5.65 ,0.234619 ,0 
228,5.675 ,0.231414 ,0 
229,5.7 ,0.228229 ,0 
230,5.725 ,0.225067 ,0 
231,5.75 ,0.221926 ,0 
232,5.775 ,0.218807 ,0 
233,5.8 ,0.215711 ,0 
234,5.825 ,0.212638 ,0 
235,5.85 ,0.209587 ,0 
236,5.875 ,0.20656 ,0 
237,5.9 ,0.203557 ,0 
238,5.925 ,0.200578 ,0 
239,5.95 ,0.197623 ,0 
240,5.975 ,0.194692 ,0 
241,6 ,0.191787 ,0 
242,6.025 ,0.188906 ,0 
243,6.05 ,0.18605 ,0 
244,6.075 ,0.18322 ,0 
245,6.1 ,0.180415 ,0 
246,6.125 ,0.177636 ,0 
247,6.15 ,0.174882 ,0 
248,6.175 ,0.172155 ,0 
249,6.2 ,0.169454 ,0 
250,6.225 ,0.166779 ,0 
251,6.25 ,0.164131 ,0 
252,6.275 ,0.161509 ,0 
253,6.3 ,0.158913 ,0 
254,6.325 ,0.156345 ,0 
255,6.35 ,0.153803 ,0 
256,6.375 ,0.151288 ,0 
257,6.4 ,0.1488 ,0 
258,6.425 ,0.146339 ,0 
259,6.45 ,0.143905 ,0 
260,6.475 ,0.141498 ,0 
261,6.5 ,0.139117 ,0 
262,6.525 ,0.136764 ,0 
263,6.55 ,0.134438 ,0 
264,6.575 ,0.132139 ,0 
265,6.6 ,0.129867 ,0 
266,6.625 ,0.127622 ,0 
267,6.65 ,0.125404 ,0 
268,6.675 ,0.123213 ,0 
269,6.7 ,0.121049 ,0 
270,6.725 ,0.118912 ,0 
271,6.75 ,0.116801 ,0 
272,6.775 ,0.114717 ,0 
273,6.8 ,0.11266 ,0 
274,6.825 ,0.110629 ,0 
275,6.85 ,0.108625 ,0 
276,6.875 ,0.106647 ,0 
277,6.9 ,0.104695 ,0 
278,6.925 ,0.102769 ,0 
279,6.95 ,0.100869 ,0 
280,6.975 ,0.0989956 ,0 
281,7 ,0.0971476 ,0 
282,7.025 ,0.0953252 ,0 
283,7.05 ,0.0935283 ,0 
284,7.075 ,0.0917568 ,0 
285,7.1 ,0.0900105 ,0 
286,7.125 ,0.0882892 ,0 
287,7.15 ,0.0865929 ,0 
288,7.175 ,0.0849213 ,0 
289,7.2 ,0.0832742 ,0 
290,7.225 ,0.0816516 ,0 
291,7.25 ,0.0800532 ,0 
292,7.275 ,0.0784789 ,0 
293,7.3 ,0.0769285 ,0 
294,7.325 ,0.0754017 ,0 
295,7.35 ,0.0738985 ,0 
296,7.375 ,0.0724186 ,0 
297,7.4 ,0.0709618 ,0 
298,7.425 ,0.0695279 ,0 
299,7.45 ,0.0681168 ,0 
300,7.475 ,0.0667282 ,0 
301,7.5 ,0.065362 ,0 
302,7.525 ,0.0640179 ,0 
303,7.55 ,0.0626957 ,0 
304,7.575 ,0.0613952 ,0 
305,7.6 ,0.0601162 ,0 
306,7.625 ,0.0588585 ,0 
307,7.65 ,0.0576218 ,0 
308,7.675 ,0.0564061 ,0 
309,7.7 ,0.0552109 ,0 
310,7.725 ,0.0540362 ,0 
311,7.75 ,0.0528817 ,0 
312,7.775 ,0.0517471 ,0 
313,7.8 ,0.0506323 ,0 
314,7.825 ,0.0495371 ,0 
315,7.85 ,0.0484611 ,0 
316,7.875 ,0.0474043 ,0 
317,7.9 ,0.0463663 ,0 
318,7.925 ,0.0453469 ,0 
319,7.95 ,0.044346 ,0 
320,7.975 ,0.0433632 ,0 
321,8 ,0.0423984 ,0 
322,8.025 ,0.0414513 ,0 
323,8.05 ,0.0405218 ,0 
324,8.075 ,0.0396095 ,0 
325,8.1 ,0.0387143 ,0 
326,8.125 ,0.0378359 ,0 
327,8.15 ,0.0369742 ,0 
328,8.175 ,0.0361288 ,0 
329,8.2 ,0.0352996 ,0 
330,8.225 ,0.0344864 ,0 
331,8.25 ,0.0336888 ,0 
332,8.275 ,0.0329068 ,0 
333,8.3 ,0.0321401 ,0 
334,8.325 ,0.0313884 ,0 
335,8.35 ,0.0306515 ,0 
336,8.375 ,0.0299293 ,0 
337,8.4 ,0.0292215 ,0 
338,8.425 ,0.0285279 ,0 
339,8.45 ,0.0278483 ,0 
340,8.475 ,0.0271825 ,0 
341,8.5 ,0.0265302 ,0 
342,8.525 ,0.0258913 ,0 
343,8.55 ,0.0252655 ,0 
344,8.575 ,0.0246527 ,0 
345,8.6 ,0.0240526 ,0 
346,8.625 ,0.023465 ,0 
347,8.65 ,0.0228897 ,0 
348,8.675 ,0.0223266 ,0 
349,8.7 ,0.0217754 ,0 
350,8.725 ,0.0212359 ,0 
351,8.75 ,0.020708 ,0 
352,8.775 ,0.0201914 ,0 
353,8.8 ,0.0196859 ,0 
354,8.825 ,0.0191914 ,0 
355,8.85 ,0.0187077 ,0 
356,8.875 ,0.0182346 ,0 
357,8.9 ,0.0177719 ,0 
358,8.925 ,0.0173194 ,0 
359,8.95 ,0.0168769 ,0 
360,8.975 ,0.0164443 ,0 
361,9 ,0.0160213 ,0 
362,9.025 ,0.0156079 ,0 
363,9.05 ,0.0152038 ,0 
364,9.075 ,0.0148089 ,0 
365,9.1 ,0.014423 ,0 
366,9.125 ,0.0140459 ,0 
367,9.15 ,0.0136774 ,0 
368,9.175 ,0.0133175 ,0 
369,9.2 ,0.0129659 ,0 
370,9.225 ,0.0126224 ,0 
371,9.25 ,0.012287 ,0 
372,9.275 ,0.0119595 ,0 
373,9.3 ,0.0116397 ,0 
374,9.325 ,0.0113274 ,0 
375,9.35 ,0.0110226 ,0 
376,9.375 ,0.010725 ,0 
377,9.4 ,0.0104346 ,0 
378,9.425 ,0.0101511 ,0 
379,9.45 ,0.00987448 ,0 
380,9.475 ,0.00960456 ,0 
381,9.5 ,0.00934121 ,0 
382,9.525 ,0.0090843 ,0 
383,9.55 ,0.00883368 ,0 
384,9.575 ,0.00858923 ,0 
385,9.6 ,0.00835083 ,0 
386,9.625 ,0.00811834 ,0 
387,9.65 ,0.00789164 ,0 
388,9.675 ,0.00767061 ,0 
389,9.7 ,0.00745512 ,0 
390,9.725 ,0.00724507 ,0 
391,9.75 ,0.00704032 ,0 
392,9.775 ,0.00684078 ,0 
393,9.8 ,0.00664631 ,0 
394,9.825 ,0.00645683 ,0 
395,9.85 ,0.0062722 ,0 
396,9.875 ,0.00609233 ,0 
397,9.9 ,0.00591712 ,0 
398,9.925 ,0.00574645 ,0 
399,9.95 ,0.00558022 ,0 
400,9.975 ,0.00541834 ,0 
401,10 ,0.00526071 ,0 
402,10.025 ,0.00510723 ,0 
403,10.05 ,0.00495781 ,0 
404,10.075 ,0.00481235 ,0 
405,10.1 ,0.00467076 ,0 
406,10.125 ,0.00453295 ,0 
407,10.15 ,0.00439884 ,0 
408,10.175 ,0.00426834 ,0 
409,10.2 ,0.00414136 ,0 
410,10.225 ,0.00401781 ,0 
411,10.25 ,0.00389763 ,0 
412,10.275 ,0.00378073 ,0 
413,10.3 ,0.00366702 ,0 
414,10.325 ,0.00355644 ,0 
415,10.35 ,0.00344891 ,0 
416,10.375 ,0.00334435 ,0 
417,10.4 ,0.00324269 ,0 
418,10.425 ,0.00314387 ,0 
419,10.45 ,0.0030478 ,0 
420,10.475 ,0.00295443 ,0 
421,10.5 ,0.00286369 ,0 
422,10.525 ,0.00277551 ,0 
423,10.55 ,0.00268983 ,0 
424,10.575 ,0.00260658 ,0 
425,10.6 ,0.00252571 ,0 
426,10.625 ,0.00244715 ,0 
427,10.65 ,0.00237084 ,0 
428,10.675 ,0.00229674 ,0 
429,10.7 ,0.00222478 ,0 
430,10.725 ,0.0021549 ,0 
431,10.75 ,0.00208706 ,0 
432,10.775 ,0.0020212 ,0 
433,10.8 ,0.00195727 ,0 
434,10.825 ,0.00189521 ,0 
435,10.85 ,0.00183499 ,0 
436,10.875 ,0.00177655 ,0 
437,10.9 ,0.00171984 ,0 
438,10.925 ,0.00166482 ,0 
439,10.95 ,0.00161144 ,0 
440,10.975 ,0.00155966 ,0 
441,11 ,0.00150943 ,0 
442,11.025 ,0.00146071 ,0 
443,11.05 ,0.00141347 ,0 
444,11.075 ,0.00136766 ,0 
445,11.1 ,0.00132324 ,0 
446,11.125 ,0.00128017 ,0 
447,11.15 ,0.00123841 ,0 
448,11.175 ,0.00119794 ,0 
449,11.2 ,0.00115871 ,0 
450,11.225 ,0.00112068 ,0 
451,11.25 ,0.00108383 ,0 
452,11.275 ,0.00104813 ,0 
453,11.3 ,0.00101353 ,0 
454,11.325 ,0.000980001 ,0 
455,11.35 ,0.000947523 ,0 
456,11.375 ,0.000916061 ,0 
457,11.4 ,0.000885585 ,0 
458,11.425 ,0.000856067 ,0 
459,11.45 ,0.00082748 ,0 
460,11.475 ,0.000799795 ,0 
461,11.5 ,0.000772987 ,0 
462,11.525 ,0.00074703 ,0 
463,11.55 ,0.000721899 ,0 
464,11.575 ,0.000697569 ,0 
465,11.6 ,0.000674017 ,0 
466,11.625 ,0.000651219 ,0 
467,11.65 ,0.000629153 ,0 
468,11.675 ,0.000607798 ,0 
469,11.7 ,0.000587132 ,0 
470,11.725 ,0.000567133 ,0 
471,11.75 ,0.000547783 ,0 
472,11.775 ,0.000529061 ,0 
473,11.8 ,0.000510948 ,0 
474,11.825 ,0.000493426 ,0 
475,11.85 ,0.000476477 ,0 
476,11.875 ,0.000460083 ,0 
477,11.9 ,0.000444226 ,0 
478,11.925 ,0.000428891 ,0 
479,11.95 ,0.000414062 ,0 
480,11.975 ,0.000399722 ,0 
481,12 ,0.000385857 ,0 
482,12.025 ,0.000372451 ,0 
483,12.05 ,0.000359491 ,0 
484,12.075 ,0.000346962 ,0 
485,12.1 ,0.000334851 ,0 
486,12.125 ,0.000323145 ,0 
487,12.15 ,0.000311831 ,0 
488,12.175 ,0.000300896 ,0 
489,12.2 ,0.000290329 ,0 
490,12.225 ,0.000280117 ,0 
491,12.25 ,0.00027025 ,0 
492,12.275 ,0.000260717 ,0 
493,12.3 ,0.000251506 ,0 
494,12.325 ,0.000242608 ,0 
495,12.35 ,0.000234012 ,0 
496,12.375 ,0.000225709 ,0 
497,12.4 ,0.000217688 ,0 
498,12.425 ,0.000209942 ,0 
499,12.45 ,0.000202461 ,0 
500,12.475 ,0.000195237 ,0 
501,12.5 ,0.00018826 ,0 
502,12.525 ,0.000181524 ,0 
503,12.55 ,0.000175019 ,0 
504,12.575 ,0.000168739 ,0 
505,12.6 ,0.000162676 ,0 
506,12.625 ,0.000156823 ,0 
507,12.65 ,0.000151174 ,0 
508,12.675 ,0.00014572 ,0 
509,12.7 ,0.000140456 ,0 
510,12.725 ,0.000135376 ,0 
511,12.75 ,0.000130473 ,0 
512,12.775 ,0.000125742 ,0 
513,12.8 ,0.000121176 ,0 
514,12.825 ,0.00011677 ,0 
515,12.85 ,0.000112519 ,0 
516,12.875 ,0.000108418 ,0 
517,12.9 ,0.000104461 ,0 
518,12.925 ,0.000100644 ,0 
519,12.95 ,9.69616e-05 ,0 
520,12.975 ,9.34097e-05 ,0 
521,13 ,8.99837e-05 ,0 
522,13.025 ,8.66793e-05 ,0 
523,13.05 ,8.34925e-05 ,0 
524,13.075 ,8.04191e-05 ,0 
525,13.1 ,7.74552e-05 ,0 
526,13.125 ,7.45972e-05 ,0 
527,13.15 ,7.18415e-05 ,0 
528,13.175 ,6.91843e-05 ,0 
529,13.2 ,6.66225e-05 ,0 
530,13.225 ,6.41527e-05 ,0 
531,13.25 ,6.17717e-05 ,0 
532,13.275 ,5.94764e-05 ,0 
533,13.3 ,5.72639e-05 ,0 
534,13.325 ,5.51313e-05 ,0 
535,13.35 ,5.30757e-05 ,0 
536,13.375 ,5.10946e-05 ,0 
537,13.4 ,4.91853e-05 ,0 
538,13.425 ,4.73454e-05 ,0 
539,13.45 ,4.55723e-05 ,0 
540,13.475 ,4.38637e-05 ,0 
541,13.5 ,4.22174e-05 ,0 
542,13.525 ,4.06312e-05 ,0 
543,13.55 ,3.91029e-05 ,0 
544,13.575 ,3.76305e-05 ,0 
545,13.6 ,3.62121e-05 ,0 
546,13.625 ,3.48457e-05 ,0 
547,13.65 ,3.35294e-05 ,0 
548,13.675 ,3.22616e-05 ,0 
549,13.7 ,3.10404e-05 ,0 
550,13.725 ,2.98642e-05 ,0 
551,13.75 ,2.87315e-05 ,0 
552,13.775 ,2.76406e-05 ,0 
553,13.8 ,2.659e-05 ,0 
554,13.825 ,2.55783e-05 ,0 
555,13.85 ,2.46042e-05 ,0 
556,13.875 ,2.36662e-05 ,0 
557,13.9 ,2.27631e-05 ,0 
558,13.925 ,2.18935e-05 ,0 
559,13.95 ,2.10564e-05 ,0 
560,13.975 ,2.02505e-05 ,0 
561,14 ,1.94747e-05 ,0 
562,14.025 ,1.87278e-05 ,0 
563,14.05 ,1.8009e-05 ,0 
564,14.075 ,1.7317e-05 ,0 
565,14.1 ,1.6651e-05 ,0 
566,14.125 ,1.601e-05 ,0 
567,14.15 ,1.53931e-05 ,0 
568,14.175 ,1.47994e-05 ,0 
569,14.2 ,1.42281e-05 ,0 
570,14.225 ,1.36784e-05 ,0 
571,14.25 ,1.31493e-05 ,0 
572,14.275 ,1.26403e-05 ,0 
573,14.3 ,1.21505e-05 ,0 
574,14.325 ,1.16793e-05 ,0 
575,14.35 ,1.1226e-05 ,0 
576,14.375 ,1.07898e-05 ,0 
577,14.4 ,1.03702e-05 ,0 
578,14.425 ,9.9666e-06 ,0 
579,14.45 ,9.57834e-06 ,0 
580,14.475 ,9.20487e-06 ,0 
581,14.5 ,8.84566e-06 ,0 
582,14.525 ,8.50016e-06 ,0 
583,14.55 ,8.16786e-06 ,0 
584,14.575 ,7.84828e-06 ,0 
585,14.6 ,7.54094e-06 ,0 
586,14.625 ,7.24538e-06 ,0 
587,14.65 ,6.96116e-06 ,0 
588,14.675 ,6.68787e-06 ,0 
589,14.7 ,6.42507e-06 ,0 
590,14.725 ,6.1724e-06 ,0 
591,14.75 ,5.92946e-06 ,0 
592,14.775 ,5.69588e-06 ,0 
593,14.8 ,5.47132e-06 ,0 
594,14.825 ,5.25544e-06 ,0 
595,14.85 ,5.0479e-06 ,0 
596,14.875 ,4.8484e-06 ,0 
597,14.9 ,4.65663e-06 ,0 
598,14.925 ,4.47229e-06 ,0 
599,14.95 ,4.29511e-06 ,0 
600,14.975 ,4.12481e-06 ,0 
601,15 ,3.96113e-06 ,0 
602,15.025 ,3.80382e-06 ,0 
603,15.05 ,3.65264e-06 ,0 
604,15.075 ,3.50736e-06 ,0 
605,15.1 ,3.36774e-06 ,0 
606,15.125 ,3.23358e-06 ,0 
607,15.15 ,3.10466e-06 ,0 
608,15.175 ,2.98078e-06 ,0 
609,15.2 ,2.86176e-06 ,0 
610,15.225 ,2.7474e-06 ,0 
611,15.25 ,2.63753e-06 ,0 
612,15.275 ,2.53197e-06 ,0 
613,15.3 ,2.43056e-06 ,0 
614,15.325 ,2.33314e-06 ,0 
615,15.35 ,2.23955e-06 ,0 
616,15.375 ,2.14965e-06 ,0 
617,15.4 ,2.06329e-06 ,0 
618,15.425 ,1.98034e-06 ,0 
619,15.45 ,1.90067e-06 ,0 
620,15.475 ,1.82414e-06 ,0 
621,15.5 ,1.75065e-06 ,0 
622,15.525 ,1.68006e-06 ,0 
623,15.55 ,1.61226e-06 ,0 
624,15.575 ,1.54716e-06 ,0 
625,15.6 ,1.48464e-06 ,0 
626,15.625 ,1.4246e-06 ,0 
627,15.65 ,1.36695e-06 ,0 
628,15.675 ,1.31159e-06 ,0 
629,15.7 ,1.25843e-06 ,0 
630,15.725 ,1.2074e-06 ,0 
631,15.75 ,1.15839e-06 ,0 
632,15.775 ,1.11134e-06 ,0 
633,15.8 ,1.06617e-06 ,0 
634,15.825 ,1.0228e-06 ,0 
635,15.85 ,9.81171e-07 ,0 
636,15.875 ,9.41204e-07 ,0 
637,15.9 ,9.02837e-07 ,0 
638,15.925 ,8.66007e-07 ,0 
639,15.95 ,8.30654e-07 ,0 
640,15.975 ,7.96719e-07 ,0 
641,16 ,7.64146e-07 ,0 
642,16.025 ,7.32882e-07 ,0 
643,16.05 ,7.02874e-07 ,0 
644,16.075 ,6.74074e-07 ,0 
645,16.1 ,6.46432e-07 ,0 
646,16.125 ,6.19904e-07 ,0 
647,16.15 ,5.94445e-07 ,0 
648,16.175 ,5.70012e-07 ,0 
649,16.2 ,5.46565e-07 ,0 
650,16.225 ,5.24065e-07 ,0 
651,16.25 ,5.02473e-07 ,0 
652,16.275 ,4.81754e-07 ,0 
653,16.3 ,4.61872e-07 ,0 
654,16.325 ,4.42795e-07 ,0 
655,16.35 ,4.24489e-07 ,0 
656,16.375 ,4.06925e-07 ,0 
657,16.4 ,3.90072e-07 ,0 
658,16.425 ,3.73902e-07 ,0 
659,16.45 ,3.58387e-07 ,0 
660,16.475 ,3.43502e-07 ,0 
661,16.5 ,3.2922e-07 ,0 
662,16.525 ,3.15517e-07 ,0 
663,16.55 ,3.0237e-07 ,0 
664,16.575 ,2.89757e-07 ,0 
665,16.6 ,2.77655e-07 ,0 
666,16.625 ,2.66045e-07 ,0 
667,16.65 ,2.54906e-07 ,0 
668,16.675 ,2.44219e-07 ,0 
669,16.7 ,2.33965e-07 ,0 
670,16.725 ,2.24128e-07 ,0 
671,16.75 ,2.14689e-07 ,0 
672,16.775 ,2.05634e-07 ,0 
673,16.8 ,1.96945e-07 ,0 
674,16.825 ,1.88608e-07 ,0 
675,16.85 ,1.80608e-07 ,0 
676,16.875 ,1.72932e-07 ,0 
677,16.9 ,1.65566e-07 ,0 
678,16.925 ,1.58498e-07 ,0 
679,16.95 ,1.51714e-07 ,0 
680,16.975 ,1.45203e-07 ,0 
681,17 ,1.38954e-07 ,0 
682,17.025 ,1.32956e-07 ,0 
683,17.05 ,1.27198e-07 ,0 
684,17.075 ,1.2167e-07 ,0 
685,17.1 ,1.16362e-07 ,0 
686,17.125 ,1.11266e-07 ,0 
687,17.15 ,1.06371e-07 ,0 
688,17.175 ,1.0167e-07 ,0 
689,17.2 ,9.7153e-08 ,0 
690,17.225 ,9.28135e-08 ,0 
691,17.25 ,8.86432e-08 ,0 
692,17.275 ,8.46347e-08 ,0 
693,17.3 ,8.0781e-08 ,0 
694,17.325 ,7.7075e-08 ,0 
695,17.35 ,7.35102e-08 ,0 
696,17.375 ,7.00803e-08 ,0 
697,17.4 ,6.6779e-08 ,0 
698,17.425 ,6.36004e-08 ,0 
699,17.45 ,6.05389e-08 ,0 
700,17.475 ,5.7589e-08 ,0 
701,17.5 ,5.47452e-08 ,0 
702,17.525 ,5.20025e-08 ,0 
703,17.55 ,4.93559e-08 ,0 
704,17.575 ,4.68007e-08 ,0 
705,17.6 ,4.43322e-08 ,0 
706,17.625 ,4.19458e-08 ,0 
707,17.65 ,3.96374e-08 ,0 
708,17.675 ,3.74026e-08 ,0 
709,17.7 ,3.52373e-08 ,0 
710,17.725 ,3.31378e-08 ,0 
711,17.75 ,3.11e-08 ,0 
712,17.775 ,2.91202e-08 ,0 
713,17.8 ,2.71949e-08 ,0 
714,17.825 ,2.53204e-08 ,0 
715,17.85 ,2.34933e-08 ,0 
716,17.875 ,2.17103e-08 ,0 
717,17.9 ,1.9968e-08 ,0 
718,17.925 ,1.82632e-08 ,0 
719,17.95 ,1.65927e-08 ,0 
720,17.975 ,1.49535e-08 ,0 
721,18 ,1.33425e-08 ,0 
722,18.025 ,1.17566e-08 ,0 
723,18.05 ,1.01929e-08 ,0 
724,18.075 ,8.64844e-09 ,0 
725,18.1 ,7.12037e-09 ,0 
726,18.125 ,5.60578e-09 ,0 
727,18.15 ,4.10182e-09 ,0 
728,18.175 ,2.60564e-09 ,0 
729,18.2 ,1.11441e-09 ,0 
730,18.225 ,-3.74699e-10 ,0 
731,18.25 ,-1.86452e-09 ,0 
732,18.275 ,-3.3579e-09 ,0 
733,18.3 ,-4.85768e-09 ,0 
734,18.325 ,-6.36674e-09 ,0 
735,18.35 ,-7.88795e-09 ,0 
736,18.375 ,-9.42426e-09 ,0 
737,18.4 ,-1.09786e-08 ,0 
738,18.425 ,-1.2554e-08 ,0 
739,18.45 ,-1.41535e-08 ,0 
740,18.475 ,-1.57801e-08 ,0 
741,18.5 ,-1.74371e-08 ,0 
742,18.525 ,-1.91276e-08 ,0 
743,18.55 ,-2.08549e-08 ,0 
744,18.575 ,-2.26224e-08 ,0 
745,18.6 ,-2.44336e-08 ,0 
746,18.625 ,-2.6292e-08 ,0 
747,18.65 ,-2.82011e-08 ,0 
748,18.675 ,-3.01648e-08 ,0 
749,18.7 ,-3.2187e-08 ,0 
750,18.725 ,-3.42715e-08 ,0 
751,18.75 ,-3.64225e-08 ,0 
752,18.775 ,-3.86442e-08 ,0 
753,18.8 ,-4.0941e-08 ,0 
754,18.825 ,-4.33174e-08 ,0 
755,18.85 ,-4.57782e-08 ,0 
756,18.875 ,-4.83282e-08 ,0 
757,18.9 ,-5.09724e-08 ,0 
758,18.925 ,-5.37162e-08 ,0 
759,18.95 ,-5.65649e-08 ,0 
760,18.975 ,-5.95243e-08 ,0 
761,19 ,-6.26001e-08 ,0 
762,19.025 ,-6.57986e-08 ,0 
763,19.05 ,-6.91262e-08 ,0 
764,19.075 ,-7.25894e-08 ,0 
765,19.1 ,-7.61951e-08 ,0 
766,19.125 ,-7.99507e-08 ,0 
767,19.15 ,-8.38637e-08 ,0 
768,19.175 ,-8.79417e-08 ,0 
769,19.2 ,-9.21932e-08 ,0 
770,19.225 ,-9.66265e-08 ,0 
771,19.25 ,-1.01251e-07 ,0 
772,19.275 ,-1.06075e-07 ,0 
773,19.3 ,-1.11109e-07 ,0 
774,19.325 ,-1.16363e-07 ,0 
775,19.35 ,-1.21847e-07 ,0 
776,19.375 ,-1.27574e-07 ,0 
777,19.4 ,-1.33553e-07 ,0 
778,19.425 ,-1.39798e-07 ,0 
779,19.45 ,-1.4632e-07 ,0 
780,19.475 ,-1.53134e-07 ,0 
781,19.5 ,-1.60252e-07 ,0 
782,19.525 ,-1.6769e-07 ,0 
783,19.55 ,-1.75463e-07 ,0 
784,19.575 ,-1.83585e-07 ,0 
785,19.6 ,-1.92075e-07 ,0 
786,19.625 ,-2.00948e-07 ,0 
787,19.65 ,-2.10224e-07 ,0 
788,19.675 ,-2.19921e-07 ,0 
789,19.7 ,-2.30058e-07 ,0 
790,19.725 ,-2.40657e-07 ,0 
791,19.75 ,-2.51739e-07 ,0 
792,19.775 ,-2.63327e-07 ,0 
793,19.8 ,-2.75444e-07 ,0 
794,19.825 ,-2.88116e-07 ,0 
795,19.85 ,-3.01368e-07 ,0 
796,19.875 ,-3.15227e-07 ,0 
797,19.9 ,-3.29722e-07 ,0 
798,19.925 ,-3.44883e-07 ,0 
799,19.95 ,-3.6074e-07 ,0 
800,19.975 ,-3.77327e-07 ,0 
801,20 ,-3.94678e-07 ,0 
802,20.025 ,-4.12827e-07 ,0 
803,20.05 ,-4.31813e-07 ,0 
804,20.075 ,-4.51675e-07 ,0 
805,20.1 ,-4.72454e-07 ,0 
806,20.125 ,-4.94192e-07 ,0 
807,20.15 ,-5.16935e-07 ,0 
808,20.175 ,-5.4073e-07 ,0 
809,20.2 ,-5.65625e-07 ,0 
810,20.225 ,-5.91673e-07 ,0 
811,20.25 ,-6.18927e-07 ,0 
812,20.275 ,-6.47444e-07 ,0 
813,20.3 ,-6.77283e-07 ,0 
814,20.325 ,-7.08506e-07 ,0 
815,20.35 ,-7.41178e-07 ,0 
816,20.375 ,-7.75367e-07 ,0 
817,20.4 ,-8.11143e-07 ,0 
818,20.425 ,-8.48582e-07 ,0 
819,20.45 ,-8.87762e-07 ,0 
820,20.475 ,-9.28764e-07 ,0 
821,20.5 ,-9.71673e-07 ,0 
822,20.525 ,-1.01658e-06 ,0 
823,20.55 ,-1.06358e-06 ,0 
824,20.575 ,-1.11276e-06 ,0 
825,20.6 ,-1.16424e-06 ,0 
826,20.625 ,-1.21812e-06 ,0 
827,20.65 ,-1.27451e-06 ,0 
828,20.675 ,-1.33354e-06 ,0 
829,20.7 ,-1.39532e-06 ,0 
830,20.725 ,-1.45998e-06 ,0 
831,20.75 ,-1.52766e-06 ,0 
832,20.775 ,-1.59851e-06 ,0 
833,20.8 ,-1.67266e-06 ,0 
834,20.825 ,-1.75029e-06 ,0 
835,20.85 ,-1.83154e-06 ,0 
836,20.875 ,-1.9166e-06 ,0 
837,20.9 ,-2.00564e-06 ,0 
838,20.925 ,-2.09885e-06 ,0 
839,20.95 ,-2.19642e-06 ,0 
840,20.975 ,-2.29857e-06 ,0 
841,21 ,-2.4055e-06 ,0 
842,21.025 ,-2.51745e-06 ,0 
843,21.05 ,-2.63465e-06 ,0 
844,21.075 ,-2.75735e-06 ,0 
845,21.1 ,-2.88581e-06 ,0 
846,21.125 ,-3.02031e-06 ,0 
847,21.15 ,-3.16111e-06 ,0 
848,21.175 ,-3.30854e-06 ,0 
849,21.2 ,-3.46289e-06 ,0 
850,21.225 ,-3.6245e-06 ,0 
851,21.25 ,-3.79372e-06 ,0 
852,21.275 ,-3.97089e-06 ,0 
853,21.3 ,-4.1564e-06 ,0 
854,21.325 ,-4.35065e-06 ,0 
855,21.35 ,-4.55404e-06 ,0 
856,21.375 ,-4.76702e-06 ,0 
857,21.4 ,-4.99003e-06 ,0 
858,21.425 ,-5.22356e-06 ,0 
859,21.45 ,-5.4681e-06 ,0 
860,21.475 ,-5.72417e-06 ,0 
861,21.5 ,-5.99232e-06 ,0 
862,21.525 ,-6.27314e-06 ,0 
863,21.55 ,-6.56721e-06 ,0 
864,21.575 ,-6.87517e-06 ,0 
865,21.6 ,-7.19768e-06 ,0 
866,21.625 ,-7.53543e-06 ,0 
867,21.65 ,-7.88915e-06 ,0 
868,21.675 ,-8.2596e-06 ,0 
869,21.7 ,-8.64757e-06 ,0 
870,21.725 ,-9.0539e-06 ,0 
871,21.75 ,-9.47946e-06 ,0 
872,21.775 ,-9.92517e-06 ,0 
873,21.8 ,-1.0392e-05 ,0 
874,21.825 ,-1.08809e-05 ,0 
875,21.85 ,-1.1393e-05 ,0 
876,21.875 ,-1.19294e-05 ,0 
877,21.9 ,-1.24912e-05 ,0 
878,21.925 ,-1.30797e-05 ,0 
879,21.95 ,-1.36961e-05 ,0 
880,21.975 ,-1.43418e-05 ,0 
881,22 ,-1.50181e-05 ,0 
882,22.025 ,-1.57265e-05 ,0 
883,22.05 ,-1.64686e-05 ,0 
884,22.075 ,-1.72459e-05 ,0 
885,22.1 ,-1.80602e-05 ,0 
886,22.125 ,-1.89132e-05 ,0 
887,22.15 ,-1.98068e-05 ,0 
888,22.175 ,-2.07429e-05 ,0 
889,22.2 ,-2.17235e-05 ,0 
890,22.225 ,-2.27508e-05 ,0 
891,22.25 ,-2.3827e-05 ,0 
892,22.275 ,-2.49545e-05 ,0 
893,22.3 ,-2.61358e-05 ,0 
894,22.325 ,-2.73733e-05 ,0 
895,22.35 ,-2.86698e-05 ,0 
896,22.375 ,-3.00281e-05 ,0 
897,22.4 ,-3.14512e-05 ,0 
898,22.425 ,-3.29423e-05 ,0 
899,22.45 ,-3.45045e-05 ,0 
900,22.475 ,-3.61412e-05 ,0 
901,22.5 ,-3.78562e-05 ,0 
902,22.525 ,-3.9653e-05 ,0 
903,22.55 ,-4.15357e-05 ,0 
904,22.575 ,-4.35084e-05 ,0 
905,22.6 ,-4.55754e-05 ,0 
906,22.625 ,-4.77412e-05 ,0 
907,22.65 ,-5.00107e-05 ,0 
908,22.675 ,-5.23887e-05 ,0 
909,22.7 ,-5.48805e-05 ,0 
910,22.725 ,-5.74917e-05 ,0 
911,22.75 ,-6.02279e-05 ,0 
912,22.775 ,-6.30951e-05 ,0 
913,22.8 ,-6.60997e-05 ,0 
914,22.825 ,-6.92483e-05 ,0 
915,22.85 ,-7.25479e-05 ,0 
916,22.875 ,-7.60057e-05 ,0 
917,22.9 ,-7.96293e-05 ,0 
918,22.925 ,-8.34268e-05 ,0 
919,22.95 ,-8.74066e-05 ,0 
920,22.975 ,-9.15774e-05 ,0 
921,23 ,-9.59485e-05 ,0 
922,23.025 ,-0.000100529 ,0 
923,23.05 ,-0.000105331 ,0 
924,23.075 ,-0.000110362 ,0 
925,23.1 ,-0.000115636 ,0 
926,23.125 ,-0.000121163 ,0 
927,23.15 ,-0.000126956 ,0 
928,23.175 ,-0.000133028 ,0 
929,23.2 ,-0.000139392 ,0 
930,23.225 ,-0.000146062 ,0 
931,23.25 ,-0.000153054 ,0 
932,23.275 ,-0.000160382 ,0 
933,23.3 ,-0.000168063 ,0 
934,23.325 ,-0.000176114 ,0 
935,23.35 ,-0.000184553 ,0 
936,23.375 ,-0.000193399 ,0 
937,23.4 ,-0.000202672 ,0 
938,23.425 ,-0.000212391 ,0 
939,23.45 ,-0.00022258 ,0 
940,23.475 ,-0.00023326 ,0 
941,23.5 ,-0.000244456 ,0 
942,23.525 ,-0.000256193 ,0 
943,23.55 ,-0.000268496 ,0 
944,23.575 ,-0.000281394 ,0 
945,23.6 ,-0.000294914 ,0 
946,23.625 ,-0.000309088 ,0 
947,23.65 ,-0.000323948 ,0 
948,23.675 ,-0.000339526 ,0 
949,23.7 ,-0.000355857 ,0 
950,23.725 ,-0.000372978 ,0 
951,23.75 ,-0.000390928 ,0 
952,23.775 ,-0.000409747 ,0 
953,23.8 ,-0.000429477 ,0 
954,23.825 ,-0.000450162 ,0 
955,23.85 ,-0.000471849 ,0 
956,23.875 ,-0.000494587 ,0 
957,23.9 ,-0.000518426 ,0 
958,23.925 ,-0.000543422 ,0 
959,23.95 ,-0.000569629 ,0 
960,23.975 ,-0.000597107 ,0 
961,24 ,-0.000625918 ,0 
962,24.025 ,-0.000656127 ,0 
963,24.05 ,-0.000687803 ,0 
964,24.075 ,-0.000721015 ,0 
965,24.1 ,-0.000755841 ,0 
966,24.125 ,-0.000792358 ,0 
967,24.15 ,-0.000830648 ,0 
968,24.175 ,-0.0008708 ,0 
969,24.2 ,-0.000912902 ,0 
970,24.225 ,-0.000957052 ,0 
971,24.25 ,-0.00100335 ,0 
972,24.275 ,-0.0010519 ,0 
973,24.3 ,-0.0011028 ,0 
974,24.325 ,-0.00115619 ,0 
975,24.35 ,-0.00121218 ,0 
976,24.375 ,-0.00127089 ,0 
977,24.4 ,-0.00133246 ,0 
978,24.425 ,-0.00139702 ,0 
979,24.45 ,-0.00146474 ,0 
980,24.475 ,-0.00153575 ,0 
981,24.5 ,-0.00161022 ,0 
982,24.525 ,-0.00168833 ,0 
983,24.55 ,-0.00177024 ,0 
984,24.575 ,-0.00185615 ,0 
985,24.6 ,-0.00194625 ,0 
986,24.625 ,-0.00204074 ,0 
987,24.65 ,-0.00213985 ,0 
988,24.675 ,-0.00224379 ,0 
989,24.7 ,-0.00235281 ,0 
990,24.725 ,-0.00246715 ,0 
991,24.75 ,-0.00258708 ,0 
992,24.775 ,-0.00271287 ,0 
993,24.8 ,-0.00284481 ,0 
994,24.825 ,-0.00298319 ,0 
995,24.85 ,-0.00312834 ,0 
996,24.875 ,-0.00328059 ,0 
997,24.9 ,-0.00344029 ,0 
998,24.925 ,-0.0036078 ,0 
999,24.95 ,-0.0037835 ,0 
1000,24.975 ,-0.00396781 ,0 