N_e = 26
1,0.025 ,8.80435e-06 ,0 
2,0.05 ,8.80435e-06 ,0 
3,0.075 ,1.86417e-05 ,0 
4,0.1 ,3.29003e-05 ,0 
5,0.125 ,5.13174e-05 ,0 
6,0.15 ,7.38422e-05 ,0 
7,0.175 ,0.000100455 ,0 
8,0.2 ,0.000131142 ,0 
9,0.225 ,0.000165891 ,0 
10,0.25 ,0.00020469 ,0 
11,0.275 ,0.000247526 ,0 
12,0.3 ,0.000294382 ,0 
13,0.325 ,0.000345245 ,0 
14,0.35 ,0.000400095 ,0 
15,0.375 ,0.000458914 ,0 
16,0.4 ,0.000521683 ,0 
17,0.425 ,0.00058838 ,0 
18,0.45 ,0.000658982 ,0 
19,0.475 ,0.000733466 ,0 
20,0.5 ,0.000811806 ,0 
21,0.525 ,0.000893976 ,0 
22,0.55 ,0.000979948 ,0 
23,0.575 ,0.00106969 ,0 
24,0.6 ,0.00116318 ,0 
25,0.625 ,0.00126038 ,0 
26,0.65 ,0.00136125 ,0 
27,0.675 ,0.00146577 ,0 
28,0.7 ,0.0015739 ,0 
29,0.725 ,0.00168561 ,0 
30,0.75 ,0.00180084 ,0 
31,0.775 ,0.00191958 ,0 
32,0.8 ,0.00204177 ,0 
33,0.825 ,0.00216737 ,0 
34,0.85 ,0.00229635 ,0 
35,0.875 ,0.00242866 ,0 
36,0.9 ,0.00256425 ,0 
37,0.925 ,0.00270308 ,0 
38,0.95 ,0.00284511 ,0 
39,0.975 ,0.00299029 ,0 
40,1 ,0.00313856 ,0 
41,1.025 ,0.00328989 ,0 
42,1.05 ,0.00344421 ,0 
43,1.075 ,0.00360148 ,0 
44,1.1 ,0.00376164 ,0 
45,1.125 ,0.00392465 ,0 
46,1.15 ,0.00409044 ,0 
47,1.175 ,0.00425897 ,0 
48,1.2 ,0.00443018 ,0 
49,1.225 ,0.00460401 ,0 
50,1.25 ,0.00478041 ,0 
51,1.275 ,0.00495931 ,0 
52,1.3 ,0.00514066 ,0 
53,1.325 ,0.0053244 ,0 
54,1.35 ,0.00551046 ,0 
55,1.375 ,0.0056988 ,0 
56,1.4 ,0.00588934 ,0 
57,1.425 ,0.00608203 ,0 
58,1.45 ,0.0062768 ,0 
59,1.475 ,0.00647359 ,0 
60,1.5 ,0.00667234 ,0 
61,1.525 ,0.00687297 ,0 
62,1.55 ,0.00707544 ,0 
63,1.575 ,0.00727966 ,0 
64,1.6 ,0.00748558 ,0 
65,1.625 ,0.00769314 ,0 
66,1.65 ,0.00790225 ,0 
67,1.675 ,0.00811287 ,0 
68,1.7 ,0.00832492 ,0 
69,1.725 ,0.00853832 ,0 
70,1.75 ,0.00875303 ,0 
71,1.775 ,0.00896896 ,0 
72,1.8 ,0.00918606 ,0 
73,1.825 ,0.00940424 ,0 
74,1.85 ,0.00962345 ,0 
75,1.875 ,0.00984361 ,0 
76,1.9 ,0.0100647 ,0 
77,1.925 ,0.0102865 ,0 
78,1.95 ,0.0105091 ,0 
79,1.975 ,0.0107324 ,0 
80,2 ,0.0109563 ,0 
81,2.025 ,0.0111808 ,0 
82,2.05 ,0.0114057 ,0 
83,2.075 ,0.011631 ,0 
84,2.1 ,0.0118567 ,0 
85,2.125 ,0.0120826 ,0 
86,2.15 ,0.0123088 ,0 
87,2.175 ,0.012535 ,0 
88,2.2 ,0.0127613 ,0 
89,2.225 ,0.0129876 ,0 
90,2.25 ,0.0132139 ,0 
91,2.275 ,0.01344 ,0 
92,2.3 ,0.0136659 ,0 
93,2.325 ,0.0138915 ,0 
94,2.35 ,0.0141168 ,0 
95,2.375 ,0.0143416 ,0 
96,2.4 ,0.014566 ,0 
97,2.425 ,0.0147899 ,0 
98,2.45 ,0.0150132 ,0 
99,2.475 ,0.0152357 ,0 
100,2.5 ,0.0154576 ,0 
101,2.525 ,0.0156787 ,0 
102,2.55 ,0.0158989 ,0 
103,2.575 ,0.0161181 ,0 
104,2.6 ,0.0163364 ,0 
105,2.625 ,0.0165537 ,0 
106,2.65 ,0.0167698 ,0 
107,2.675 ,0.0169848 ,0 
108,2.7 ,0.0171986 ,0 
109,2.725 ,0.0174111 ,0 
110,2.75 ,0.0176222 ,0 
111,2.775 ,0.0178319 ,0 
112,2.8 ,0.0180402 ,0 
113,2.825 ,0.018247 ,0 
114,2.85 ,0.0184522 ,0 
115,2.875 ,0.0186558 ,0 
116,2.9 ,0.0188577 ,0 
117,2.925 ,0.0190578 ,0 
118,2.95 ,0.0192562 ,0 
119,2.975 ,0.0194528 ,0 
120,3 ,0.0196475 ,0 
121,3.025 ,0.0198402 ,0 
122,3.05 ,0.020031 ,0 
123,3.075 ,0.0202197 ,0 
124,3.1 ,0.0204063 ,0 
125,3.125 ,0.0205909 ,0 
126,3.15 ,0.0207732 ,0 
127,3.175 ,0.0209534 ,0 
128,3.2 ,0.0211313 ,0 
129,3.225 ,0.0213069 ,0 
130,3.25 ,0.0214801 ,0 
131,3.275 ,0.021651 ,0 
132,3.3 ,0.0218194 ,0 
133,3.325 ,0.0219854 ,0 
134,3.35 ,0.0221489 ,0 
135,3.375 ,0.0223098 ,0 
136,3.4 ,0.0224682 ,0 
137,3.425 ,0.022624 ,0 
138,3.45 ,0.0227771 ,0 
139,3.475 ,0.0229276 ,0 
140,3.5 ,0.0230753 ,0 
141,3.525 ,0.0232204 ,0 
142,3.55 ,0.0233626 ,0 
143,3.575 ,0.0235021 ,0 
144,3.6 ,0.0236387 ,0 
145,3.625 ,0.0237725 ,0 
146,3.65 ,0.0239034 ,0 
147,3.675 ,0.0240315 ,0 
148,3.7 ,0.0241566 ,0 
149,3.725 ,0.0242787 ,0 
150,3.75 ,0.0243979 ,0 
151,3.775 ,0.0245141 ,0 
152,3.8 ,0.0246274 ,0 
153,3.825 ,0.0247375 ,0 
154,3.85 ,0.0248447 ,0 
155,3.875 ,0.0249488 ,0 
156,3.9 ,0.0250498 ,0 
157,3.925 ,0.0251477 ,0 
158,3.95 ,0.0252426 ,0 
159,3.975 ,0.0253343 ,0 
160,4 ,0.0254229 ,0 
161,4.025 ,0.0255084 ,0 
162,4.05 ,0.0255907 ,0 
163,4.075 ,0.0256699 ,0 
164,4.1 ,0.025746 ,0 
165,4.125 ,0.0258189 ,0 
166,4.15 ,0.0258886 ,0 
167,4.175 ,0.0259551 ,0 
168,4.2 ,0.0260185 ,0 
169,4.225 ,0.0260787 ,0 
170,4.25 ,0.0261357 ,0 
171,4.275 ,0.0261896 ,0 
172,4.3 ,0.0262403 ,0 
173,4.325 ,0.0262878 ,0 
174,4.35 ,0.0263322 ,0 
175,4.375 ,0.0263733 ,0 
176,4.4 ,0.0264114 ,0 
177,4.425 ,0.0264462 ,0 
178,4.45 ,0.026478 ,0 
179,4.475 ,0.0265065 ,0 
180,4.5 ,0.026532 ,0 
181,4.525 ,0.0265543 ,0 
182,4.55 ,0.0265736 ,0 
183,4.575 ,0.0265897 ,0 
184,4.6 ,0.0266027 ,0 
185,4.625 ,0.0266127 ,0 
186,4.65 ,0.0266196 ,0 
187,4.675 ,0.0266234 ,0 
188,4.7 ,0.0266243 ,0 
189,4.725 ,0.0266221 ,0 
190,4.75 ,0.0266169 ,0 
191,4.775 ,0.0266087 ,0 
192,4.8 ,0.0265975 ,0 
193,4.825 ,0.0265834 ,0 
194,4.85 ,0.0265664 ,0 
195,4.875 ,0.0265465 ,0 
196,4.9 ,0.0265237 ,0 
197,4.925 ,0.026498 ,0 
198,4.95 ,0.0264695 ,0 
199,4.975 ,0.0264382 ,0 
200,5 ,0.026404 ,0 
201,5.025 ,0.0263671 ,0 
202,5.05 ,0.0263275 ,0 
203,5.075 ,0.0262851 ,0 
204,5.1 ,0.0262401 ,0 
205,5.125 ,0.0261924 ,0 
206,5.15 ,0.026142 ,0 
207,5.175 ,0.026089 ,0 
208,5.2 ,0.0260335 ,0 
209,5.225 ,0.0259754 ,0 
210,5.25 ,0.0259147 ,0 
211,5.275 ,0.0258516 ,0 
212,5.3 ,0.025786 ,0 
213,5.325 ,0.0257179 ,0 
214,5.35 ,0.0256475 ,0 
215,5.375 ,0.0255746 ,0 
216,5.4 ,0.0254995 ,0 
217,5.425 ,0.025422 ,0 
218,5.45 ,0.0253422 ,0 
219,5.475 ,0.0252602 ,0 
220,5.5 ,0.025176 ,0 
221,5.525 ,0.0250896 ,0 
222,5.55 ,0.0250011 ,0 
223,5.575 ,0.0249104 ,0 
224,5.6 ,0.0248177 ,0 
225,5.625 ,0.0247229 ,0 
226,5.65 ,0.0246261 ,0 
227,5.675 ,0.0245274 ,0 
228,5.7 ,0.0244267 ,0 
229,5.725 ,0.0243241 ,0 
230,5.75 ,0.0242196 ,0 
231,5.775 ,0.0241133 ,0 
232,5.8 ,0.0240053 ,0 
233,5.825 ,0.0238954 ,0 
234,5.85 ,0.0237838 ,0 
235,5.875 ,0.0236706 ,0 
236,5.9 ,0.0235557 ,0 
237,5.925 ,0.0234392 ,0 
238,5.95 ,0.0233211 ,0 
239,5.975 ,0.0232014 ,0 
240,6 ,0.0230803 ,0 
241,6.025 ,0.0229577 ,0 
242,6.05 ,0.0228336 ,0 
243,6.075 ,0.0227082 ,0 
244,6.1 ,0.0225814 ,0 
245,6.125 ,0.0224533 ,0 
246,6.15 ,0.0223239 ,0 
247,6.175 ,0.0221933 ,0 
248,6.2 ,0.0220614 ,0 
249,6.225 ,0.0219284 ,0 
250,6.25 ,0.0217942 ,0 
251,6.275 ,0.021659 ,0 
252,6.3 ,0.0215227 ,0 
253,6.325 ,0.0213853 ,0 
254,6.35 ,0.021247 ,0 
255,6.375 ,0.0211077 ,0 
256,6.4 ,0.0209674 ,0 
257,6.425 ,0.0208263 ,0 
258,6.45 ,0.0206844 ,0 
259,6.475 ,0.0205416 ,0 
260,6.5 ,0.020398 ,0 
261,6.525 ,0.0202537 ,0 
262,6.55 ,0.0201087 ,0 
263,6.575 ,0.019963 ,0 
264,6.6 ,0.0198167 ,0 
265,6.625 ,0.0196698 ,0 
266,6.65 ,0.0195223 ,0 
267,6.675 ,0.0193742 ,0 
268,6.7 ,0.0192257 ,0 
269,6.725 ,0.0190766 ,0 
270,6.75 ,0.0189272 ,0 
271,6.775 ,0.0187773 ,0 
272,6.8 ,0.018627 ,0 
273,6.825 ,0.0184764 ,0 
274,6.85 ,0.0183255 ,0 
275,6.875 ,0.0181743 ,0 
276,6.9 ,0.0180228 ,0 
277,6.925 ,0.0178712 ,0 
278,6.95 ,0.0177193 ,0 
279,6.975 ,0.0175673 ,0 
280,7 ,0.0174151 ,0 
281,7.025 ,0.0172629 ,0 
282,7.05 ,0.0171105 ,0 
283,7.075 ,0.0169582 ,0 
284,7.1 ,0.0168058 ,0 
285,7.125 ,0.0166534 ,0 
286,7.15 ,0.016501 ,0 
287,7.175 ,0.0163488 ,0 
288,7.2 ,0.0161966 ,0 
289,7.225 ,0.0160445 ,0 
290,7.25 ,0.0158926 ,0 
291,7.275 ,0.0157409 ,0 
292,7.3 ,0.0155893 ,0 
293,7.325 ,0.015438 ,0 
294,7.35 ,0.0152869 ,0 
295,7.375 ,0.0151361 ,0 
296,7.4 ,0.0149856 ,0 
297,7.425 ,0.0148354 ,0 
298,7.45 ,0.0146855 ,0 
299,7.475 ,0.014536 ,0 
300,7.5 ,0.0143869 ,0 
301,7.525 ,0.0142382 ,0 
302,7.55 ,0.0140899 ,0 
303,7.575 ,0.0139421 ,0 
304,7.6 ,0.0137947 ,0 
305,7.625 ,0.0136478 ,0 
306,7.65 ,0.0135015 ,0 
307,7.675 ,0.0133556 ,0 
308,7.7 ,0.0132103 ,0 
309,7.725 ,0.0130656 ,0 
310,7.75 ,0.0129214 ,0 
311,7.775 ,0.0127779 ,0 
312,7.8 ,0.0126349 ,0 
313,7.825 ,0.0124926 ,0 
314,7.85 ,0.012351 ,0 
315,7.875 ,0.01221 ,0 
316,7.9 ,0.0120697 ,0 
317,7.925 ,0.0119301 ,0 
318,7.95 ,0.0117912 ,0 
319,7.975 ,0.011653 ,0 
320,8 ,0.0115156 ,0 
321,8.025 ,0.0113789 ,0 
322,8.05 ,0.011243 ,0 
323,8.075 ,0.0111078 ,0 
324,8.1 ,0.0109735 ,0 
325,8.125 ,0.01084 ,0 
326,8.15 ,0.0107072 ,0 
327,8.175 ,0.0105753 ,0 
328,8.2 ,0.0104443 ,0 
329,8.225 ,0.0103141 ,0 
330,8.25 ,0.0101847 ,0 
331,8.275 ,0.0100562 ,0 
332,8.3 ,0.00992861 ,0 
333,8.325 ,0.00980188 ,0 
334,8.35 ,0.00967605 ,0 
335,8.375 ,0.00955111 ,0 
336,8.4 ,0.00942709 ,0 
337,8.425 ,0.00930399 ,0 
338,8.45 ,0.00918181 ,0 
339,8.475 ,0.00906057 ,0 
340,8.5 ,0.00894026 ,0 
341,8.525 ,0.0088209 ,0 
342,8.55 ,0.00870248 ,0 
343,8.575 ,0.00858503 ,0 
344,8.6 ,0.00846853 ,0 
345,8.625 ,0.008353 ,0 
346,8.65 ,0.00823844 ,0 
347,8.675 ,0.00812485 ,0 
348,8.7 ,0.00801225 ,0 
349,8.725 ,0.00790062 ,0 
350,8.75 ,0.00778998 ,0 
351,8.775 ,0.00768033 ,0 
352,8.8 ,0.00757167 ,0 
353,8.825 ,0.00746401 ,0 
354,8.85 ,0.00735733 ,0 
355,8.875 ,0.00725166 ,0 
356,8.9 ,0.00714699 ,0 
357,8.925 ,0.00704331 ,0 
358,8.95 ,0.00694064 ,0 
359,8.975 ,0.00683897 ,0 
360,9 ,0.0067383 ,0 
361,9.025 ,0.00663863 ,0 
362,9.05 ,0.00653997 ,0 
363,9.075 ,0.00644231 ,0 
364,9.1 ,0.00634565 ,0 
365,9.125 ,0.00624999 ,0 
366,9.15 ,0.00615534 ,0 
367,9.175 ,0.00606168 ,0 
368,9.2 ,0.00596902 ,0 
369,9.225 ,0.00587736 ,0 
370,9.25 ,0.00578669 ,0 
371,9.275 ,0.00569701 ,0 
372,9.3 ,0.00560832 ,0 
373,9.325 ,0.00552062 ,0 
374,9.35 ,0.00543391 ,0 
375,9.375 ,0.00534818 ,0 
376,9.4 ,0.00526343 ,0 
377,9.425 ,0.00517965 ,0 
378,9.45 ,0.00509685 ,0 
379,9.475 ,0.00501501 ,0 
380,9.5 ,0.00493414 ,0 
381,9.525 ,0.00485423 ,0 
382,9.55 ,0.00477528 ,0 
383,9.575 ,0.00469729 ,0 
384,9.6 ,0.00462024 ,0 
385,9.625 ,0.00454414 ,0 
386,9.65 ,0.00446897 ,0 
387,9.675 ,0.00439474 ,0 
388,9.7 ,0.00432144 ,0 
389,9.725 ,0.00424907 ,0 
390,9.75 ,0.00417762 ,0 
391,9.775 ,0.00410708 ,0 
392,9.8 ,0.00403745 ,0 
393,9.825 ,0.00396872 ,0 
394,9.85 ,0.00390089 ,0 
395,9.875 ,0.00383396 ,0 
396,9.9 ,0.00376791 ,0 
397,9.925 ,0.00370274 ,0 
398,9.95 ,0.00363844 ,0 
399,9.975 ,0.00357502 ,0 
400,10 ,0.00351246 ,0 
401,10.025 ,0.00345075 ,0 
402,10.05 ,0.00338989 ,0 
403,10.075 ,0.00332988 ,0 
404,10.1 ,0.0032707 ,0 
405,10.125 ,0.00321235 ,0 
406,10.15 ,0.00315483 ,0 
407,10.175 ,0.00309812 ,0 
408,10.2 ,0.00304222 ,0 
409,10.225 ,0.00298713 ,0 
410,10.25 ,0.00293283 ,0 
411,10.275 ,0.00287933 ,0 
412,10.3 ,0.0028266 ,0 
413,10.325 ,0.00277465 ,0 
414,10.35 ,0.00272347 ,0 
415,10.375 ,0.00267305 ,0 
416,10.4 ,0.00262338 ,0 
417,10.425 ,0.00257446 ,0 
418,10.45 ,0.00252628 ,0 
419,10.475 ,0.00247884 ,0 
420,10.5 ,0.00243212 ,0 
421,10.525 ,0.00238611 ,0 
422,10.55 ,0.00234082 ,0 
423,10.575 ,0.00229623 ,0 
424,10.6 ,0.00225234 ,0 
425,10.625 ,0.00220914 ,0 
426,10.65 ,0.00216662 ,0 
427,10.675 ,0.00212477 ,0 
428,10.7 ,0.00208359 ,0 
429,10.725 ,0.00204308 ,0 
430,10.75 ,0.00200321 ,0 
431,10.775 ,0.00196399 ,0 
432,10.8 ,0.00192541 ,0 
433,10.825 ,0.00188745 ,0 
434,10.85 ,0.00185013 ,0 
435,10.875 ,0.00181341 ,0 
436,10.9 ,0.00177731 ,0 
437,10.925 ,0.00174181 ,0 
438,10.95 ,0.0017069 ,0 
439,10.975 ,0.00167258 ,0 
440,11 ,0.00163884 ,0 
441,11.025 ,0.00160567 ,0 
442,11.05 ,0.00157307 ,0 
443,11.075 ,0.00154103 ,0 
444,11.1 ,0.00150954 ,0 
445,11.125 ,0.0014786 ,0 
446,11.15 ,0.00144819 ,0 
447,11.175 ,0.00141831 ,0 
448,11.2 ,0.00138896 ,0 
449,11.225 ,0.00136012 ,0 
450,11.25 ,0.0013318 ,0 
451,11.275 ,0.00130397 ,0 
452,11.3 ,0.00127665 ,0 
453,11.325 ,0.00124981 ,0 
454,11.35 ,0.00122346 ,0 
455,11.375 ,0.00119758 ,0 
456,11.4 ,0.00117217 ,0 
457,11.425 ,0.00114723 ,0 
458,11.45 ,0.00112274 ,0 
459,11.475 ,0.0010987 ,0 
460,11.5 ,0.0010751 ,0 
461,11.525 ,0.00105195 ,0 
462,11.55 ,0.00102922 ,0 
463,11.575 ,0.00100692 ,0 
464,11.6 ,0.000985034 ,0 
465,11.625 ,0.000963562 ,0 
466,11.65 ,0.000942497 ,0 
467,11.675 ,0.000921831 ,0 
468,11.7 ,0.00090156 ,0 
469,11.725 ,0.000881676 ,0 
470,11.75 ,0.000862174 ,0 
471,11.775 ,0.000843049 ,0 
472,11.8 ,0.000824293 ,0 
473,11.825 ,0.000805902 ,0 
474,11.85 ,0.00078787 ,0 
475,11.875 ,0.000770191 ,0 
476,11.9 ,0.00075286 ,0 
477,11.925 ,0.00073587 ,0 
478,11.95 ,0.000719217 ,0 
479,11.975 ,0.000702895 ,0 
480,12 ,0.000686899 ,0 
481,12.025 ,0.000671223 ,0 
482,12.05 ,0.000655862 ,0 
483,12.075 ,0.000640811 ,0 
484,12.1 ,0.000626065 ,0 
485,12.125 ,0.000611619 ,0 
486,12.15 ,0.000597467 ,0 
487,12.175 ,0.000583605 ,0 
488,12.2 ,0.000570027 ,0 
489,12.225 ,0.00055673 ,0 
490,12.25 ,0.000543707 ,0 
491,12.275 ,0.000530955 ,0 
492,12.3 ,0.000518469 ,0 
493,12.325 ,0.000506243 ,0 
494,12.35 ,0.000494275 ,0 
495,12.375 ,0.000482558 ,0 
496,12.4 ,0.000471088 ,0 
497,12.425 ,0.000459862 ,0 
498,12.45 ,0.000448874 ,0 
499,12.475 ,0.000438121 ,0 
500,12.5 ,0.000427599 ,0 
501,12.525 ,0.000417302 ,0 
502,12.55 ,0.000407227 ,0 
503,12.575 ,0.00039737 ,0 
504,12.6 ,0.000387728 ,0 
505,12.625 ,0.000378295 ,0 
506,12.65 ,0.000369068 ,0 
507,12.675 ,0.000360043 ,0 
508,12.7 ,0.000351217 ,0 
509,12.725 ,0.000342586 ,0 
510,12.75 ,0.000334145 ,0 
511,12.775 ,0.000325892 ,0 
512,12.8 ,0.000317823 ,0 
513,12.825 ,0.000309934 ,0 
514,12.85 ,0.000302222 ,0 
515,12.875 ,0.000294684 ,0 
516,12.9 ,0.000287316 ,0 
517,12.925 ,0.000280114 ,0 
518,12.95 ,0.000273076 ,0 
519,12.975 ,0.000266198 ,0 
520,13 ,0.000259478 ,0 
521,13.025 ,0.000252911 ,0 
522,13.05 ,0.000246496 ,0 
523,13.075 ,0.000240228 ,0 
524,13.1 ,0.000234105 ,0 
525,13.125 ,0.000228125 ,0 
526,13.15 ,0.000222284 ,0 
527,13.175 ,0.000216579 ,0 
528,13.2 ,0.000211007 ,0 
529,13.225 ,0.000205567 ,0 
530,13.25 ,0.000200255 ,0 
531,13.275 ,0.000195068 ,0 
532,13.3 ,0.000190005 ,0 
533,13.325 ,0.000185062 ,0 
534,13.35 ,0.000180237 ,0 
535,13.375 ,0.000175527 ,0 
536,13.4 ,0.00017093 ,0 
537,13.425 ,0.000166444 ,0 
538,13.45 ,0.000162066 ,0 
539,13.475 ,0.000157795 ,0 
540,13.5 ,0.000153627 ,0 
541,13.525 ,0.00014956 ,0 
542,13.55 ,0.000145593 ,0 
543,13.575 ,0.000141724 ,0 
544,13.6 ,0.000137949 ,0 
545,13.625 ,0.000134267 ,0 
546,13.65 ,0.000130677 ,0 
547,13.675 ,0.000127175 ,0 
548,13.7 ,0.00012376 ,0 
549,13.725 ,0.000120431 ,0 
550,13.75 ,0.000117184 ,0 
551,13.775 ,0.000114019 ,0 
552,13.8 ,0.000110934 ,0 
553,13.825 ,0.000107926 ,0 
554,13.85 ,0.000104995 ,0 
555,13.875 ,0.000102137 ,0 
556,13.9 ,9.9352e-05 ,0 
557,13.925 ,9.66379e-05 ,0 
558,13.95 ,9.39931e-05 ,0 
559,13.975 ,9.14159e-05 ,0 
560,14 ,8.89048e-05 ,0 
561,14.025 ,8.64582e-05 ,0 
562,14.05 ,8.40747e-05 ,0 
563,14.075 ,8.17527e-05 ,0 
564,14.1 ,7.94909e-05 ,0 
565,14.125 ,7.72878e-05 ,0 
566,14.15 ,7.51419e-05 ,0 
567,14.175 ,7.30521e-05 ,0 
568,14.2 ,7.10168e-05 ,0 
569,14.225 ,6.90348e-05 ,0 
570,14.25 ,6.71049e-05 ,0 
571,14.275 ,6.52257e-05 ,0 
572,14.3 ,6.33962e-05 ,0 
573,14.325 ,6.16149e-05 ,0 
574,14.35 ,5.98808e-05 ,0 
575,14.375 ,5.81928e-05 ,0 
576,14.4 ,5.65497e-05 ,0 
577,14.425 ,5.49503e-05 ,0 
578,14.45 ,5.33937e-05 ,0 
579,14.475 ,5.18788e-05 ,0 
580,14.5 ,5.04045e-05 ,0 
581,14.525 ,4.89698e-05 ,0 
582,14.55 ,4.75738e-05 ,0 
583,14.575 ,4.62154e-05 ,0 
584,14.6 ,4.48938e-05 ,0 
585,14.625 ,4.3608e-05 ,0 
586,14.65 ,4.23571e-05 ,0 
587,14.675 ,4.11403e-05 ,0 
588,14.7 ,3.99566e-05 ,0 
589,14.725 ,3.88052e-05 ,0 
590,14.75 ,3.76854e-05 ,0 
591,14.775 ,3.65962e-05 ,0 
592,14.8 ,3.5537e-05 ,0 
593,14.825 ,3.45069e-05 ,0 
594,14.85 ,3.35053e-05 ,0 
595,14.875 ,3.25313e-05 ,0 
596,14.9 ,3.15842e-05 ,0 
597,14.925 ,3.06634e-05 ,0 
598,14.95 ,2.97682e-05 ,0 
599,14.975 ,2.88979e-05 ,0 
600,15 ,2.80518e-05 ,0 
601,15.025 ,2.72294e-05 ,0 
602,15.05 ,2.643e-05 ,0 
603,15.075 ,2.5653e-05 ,0 
604,15.1 ,2.48978e-05 ,0 
605,15.125 ,2.41638e-05 ,0 
606,15.15 ,2.34505e-05 ,0 
607,15.175 ,2.27573e-05 ,0 
608,15.2 ,2.20837e-05 ,0 
609,15.225 ,2.14292e-05 ,0 
610,15.25 ,2.07932e-05 ,0 
611,15.275 ,2.01754e-05 ,0 
612,15.3 ,1.9575e-05 ,0 
613,15.325 ,1.89918e-05 ,0 
614,15.35 ,1.84253e-05 ,0 
615,15.375 ,1.78749e-05 ,0 
616,15.4 ,1.73403e-05 ,0 
617,15.425 ,1.6821e-05 ,0 
618,15.45 ,1.63166e-05 ,0 
619,15.475 ,1.58268e-05 ,0 
620,15.5 ,1.5351e-05 ,0 
621,15.525 ,1.4889e-05 ,0 
622,15.55 ,1.44404e-05 ,0 
623,15.575 ,1.40047e-05 ,0 
624,15.6 ,1.35817e-05 ,0 
625,15.625 ,1.31709e-05 ,0 
626,15.65 ,1.27721e-05 ,0 
627,15.675 ,1.23849e-05 ,0 
628,15.7 ,1.2009e-05 ,0 
629,15.725 ,1.1644e-05 ,0 
630,15.75 ,1.12898e-05 ,0 
631,15.775 ,1.09459e-05 ,0 
632,15.8 ,1.06121e-05 ,0 
633,15.825 ,1.02881e-05 ,0 
634,15.85 ,9.9736e-06 ,0 
635,15.875 ,9.6684e-06 ,0 
636,15.9 ,9.37219e-06 ,0 
637,15.925 ,9.08474e-06 ,0 
638,15.95 ,8.80579e-06 ,0 
639,15.975 ,8.5351e-06 ,0 
640,16 ,8.27243e-06 ,0 
641,16.025 ,8.01757e-06 ,0 
642,16.05 ,7.77029e-06 ,0 
643,16.075 ,7.53037e-06 ,0 
644,16.1 ,7.29761e-06 ,0 
645,16.125 ,7.07179e-06 ,0 
646,16.15 ,6.85273e-06 ,0 
647,16.175 ,6.64022e-06 ,0 
648,16.2 ,6.43408e-06 ,0 
649,16.225 ,6.23413e-06 ,0 
650,16.25 ,6.04019e-06 ,0 
651,16.275 ,5.85208e-06 ,0 
652,16.3 ,5.66965e-06 ,0 
653,16.325 ,5.49271e-06 ,0 
654,16.35 ,5.32112e-06 ,0 
655,16.375 ,5.15471e-06 ,0 
656,16.4 ,4.99335e-06 ,0 
657,16.425 ,4.83688e-06 ,0 
658,16.45 ,4.68515e-06 ,0 
659,16.475 ,4.53804e-06 ,0 
660,16.5 ,4.3954e-06 ,0 
661,16.525 ,4.25711e-06 ,0 
662,16.55 ,4.12304e-06 ,0 
663,16.575 ,3.99306e-06 ,0 
664,16.6 ,3.86705e-06 ,0 
665,16.625 ,3.7449e-06 ,0 
666,16.65 ,3.62649e-06 ,0 
667,16.675 ,3.51172e-06 ,0 
668,16.7 ,3.40047e-06 ,0 
669,16.725 ,3.29264e-06 ,0 
670,16.75 ,3.18813e-06 ,0 
671,16.775 ,3.08684e-06 ,0 
672,16.8 ,2.98868e-06 ,0 
673,16.825 ,2.89354e-06 ,0 
674,16.85 ,2.80135e-06 ,0 
675,16.875 ,2.71202e-06 ,0 
676,16.9 ,2.62545e-06 ,0 
677,16.925 ,2.54157e-06 ,0 
678,16.95 ,2.46029e-06 ,0 
679,16.975 ,2.38154e-06 ,0 
680,17 ,2.30524e-06 ,0 
681,17.025 ,2.23132e-06 ,0 
682,17.05 ,2.15971e-06 ,0 
683,17.075 ,2.09033e-06 ,0 
684,17.1 ,2.02312e-06 ,0 
685,17.125 ,1.95801e-06 ,0 
686,17.15 ,1.89494e-06 ,0 
687,17.175 ,1.83385e-06 ,0 
688,17.2 ,1.77468e-06 ,0 
689,17.225 ,1.71737e-06 ,0 
690,17.25 ,1.66186e-06 ,0 
691,17.275 ,1.60809e-06 ,0 
692,17.3 ,1.55602e-06 ,0 
693,17.325 ,1.5056e-06 ,0 
694,17.35 ,1.45676e-06 ,0 
695,17.375 ,1.40947e-06 ,0 
696,17.4 ,1.36368e-06 ,0 
697,17.425 ,1.31934e-06 ,0 
698,17.45 ,1.2764e-06 ,0 
699,17.475 ,1.23483e-06 ,0 
700,17.5 ,1.19457e-06 ,0 
701,17.525 ,1.1556e-06 ,0 
702,17.55 ,1.11787e-06 ,0 
703,17.575 ,1.08134e-06 ,0 
704,17.6 ,1.04597e-06 ,0 
705,17.625 ,1.01173e-06 ,0 
706,17.65 ,9.78592e-07 ,0 
707,17.675 ,9.46509e-07 ,0 
708,17.7 ,9.15452e-07 ,0 
709,17.725 ,8.85391e-07 ,0 
710,17.75 ,8.56294e-07 ,0 
711,17.775 ,8.28131e-07 ,0 
712,17.8 ,8.00873e-07 ,0 
713,17.825 ,7.74491e-07 ,0 
714,17.85 ,7.48958e-07 ,0 
715,17.875 ,7.24248e-07 ,0 
716,17.9 ,7.00335e-07 ,0 
717,17.925 ,6.77193e-07 ,0 
718,17.95 ,6.54799e-07 ,0 
719,17.975 ,6.33129e-07 ,0 
720,18 ,6.12161e-07 ,0 
721,18.025 ,5.91871e-07 ,0 
722,18.05 ,5.72239e-07 ,0 
723,18.075 ,5.53244e-07 ,0 
724,18.1 ,5.34866e-07 ,0 
725,18.125 ,5.17085e-07 ,0 
726,18.15 ,4.99882e-07 ,0 
727,18.175 ,4.83239e-07 ,0 
728,18.2 ,4.67139e-07 ,0 
729,18.225 ,4.51564e-07 ,0 
730,18.25 ,4.36497e-07 ,0 
731,18.275 ,4.21922e-07 ,0 
732,18.3 ,4.07824e-07 ,0 
733,18.325 ,3.94187e-07 ,0 
734,18.35 ,3.80996e-07 ,0 
735,18.375 ,3.68238e-07 ,0 
736,18.4 ,3.55899e-07 ,0 
737,18.425 ,3.43964e-07 ,0 
738,18.45 ,3.32421e-07 ,0 
739,18.475 ,3.21258e-07 ,0 
740,18.5 ,3.10463e-07 ,0 
741,18.525 ,3.00022e-07 ,0 
742,18.55 ,2.89926e-07 ,0 
743,18.575 ,2.80163e-07 ,0 
744,18.6 ,2.70722e-07 ,0 
745,18.625 ,2.61593e-07 ,0 
746,18.65 ,2.52766e-07 ,0 
747,18.675 ,2.44231e-07 ,0 
748,18.7 ,2.35979e-07 ,0 
749,18.725 ,2.28e-07 ,0 
750,18.75 ,2.20285e-07 ,0 
751,18.775 ,2.12827e-07 ,0 
752,18.8 ,2.05617e-07 ,0 
753,18.825 ,1.98646e-07 ,0 
754,18.85 ,1.91907e-07 ,0 
755,18.875 ,1.85392e-07 ,0 
756,18.9 ,1.79094e-07 ,0 
757,18.925 ,1.73007e-07 ,0 
758,18.95 ,1.67122e-07 ,0 
759,18.975 ,1.61434e-07 ,0 
760,19 ,1.55936e-07 ,0 
761,19.025 ,1.50621e-07 ,0 
762,19.05 ,1.45485e-07 ,0 
763,19.075 ,1.40521e-07 ,0 
764,19.1 ,1.35723e-07 ,0 
765,19.125 ,1.31085e-07 ,0 
766,19.15 ,1.26604e-07 ,0 
767,19.175 ,1.22273e-07 ,0 
768,19.2 ,1.18087e-07 ,0 
769,19.225 ,1.14043e-07 ,0 
770,19.25 ,1.10134e-07 ,0 
771,19.275 ,1.06357e-07 ,0 
772,19.3 ,1.02707e-07 ,0 
773,19.325 ,9.91805e-08 ,0 
774,19.35 ,9.57728e-08 ,0 
775,19.375 ,9.24803e-08 ,0 
776,19.4 ,8.9299e-08 ,0 
777,19.425 ,8.62252e-08 ,0 
778,19.45 ,8.32555e-08 ,0 
779,19.475 ,8.03863e-08 ,0 
780,19.5 ,7.76144e-08 ,0 
781,19.525 ,7.49364e-08 ,0 
782,19.55 ,7.23493e-08 ,0 
783,19.575 ,6.98501e-08 ,0 
784,19.6 ,6.74357e-08 ,0 
785,19.625 ,6.51034e-08 ,0 
786,19.65 ,6.28505e-08 ,0 
787,19.675 ,6.06743e-08 ,0 
788,19.7 ,5.85722e-08 ,0 
789,19.725 ,5.65417e-08 ,0 
790,19.75 ,5.45805e-08 ,0 
791,19.775 ,5.26862e-08 ,0 
792,19.8 ,5.08566e-08 ,0 
793,19.825 ,4.90896e-08 ,0 
794,19.85 ,4.73829e-08 ,0 
795,19.875 ,4.57347e-08 ,0 
796,19.9 ,4.41428e-08 ,0 
797,19.925 ,4.26055e-08 ,0 
798,19.95 ,4.1121e-08 ,0 
799,19.975 ,3.96873e-08 ,0 
800,20 ,3.83028e-08 ,0 
801,20.025 ,3.69659e-08 ,0 
802,20.05 ,3.56749e-08 ,0 
803,20.075 ,3.44283e-08 ,0 
804,20.1 ,3.32246e-08 ,0 
805,20.125 ,3.20624e-08 ,0 
806,20.15 ,3.09401e-08 ,0 
807,20.175 ,2.98566e-08 ,0 
808,20.2 ,2.88104e-08 ,0 
809,20.225 ,2.78003e-08 ,0 
810,20.25 ,2.68251e-08 ,0 
811,20.275 ,2.58836e-08 ,0 
812,20.3 ,2.49746e-08 ,0 
813,20.325 ,2.40971e-08 ,0 
814,20.35 ,2.32499e-08 ,0 
815,20.375 ,2.24321e-08 ,0 
816,20.4 ,2.16426e-08 ,0 
817,20.425 ,2.08804e-08 ,0 
818,20.45 ,2.01447e-08 ,0 
819,20.475 ,1.94346e-08 ,0 
820,20.5 ,1.8749e-08 ,0 
821,20.525 ,1.80873e-08 ,0 
822,20.55 ,1.74486e-08 ,0 
823,20.575 ,1.68322e-08 ,0 
824,20.6 ,1.62371e-08 ,0 
825,20.625 ,1.56628e-08 ,0 
826,20.65 ,1.51085e-08 ,0 
827,20.675 ,1.45735e-08 ,0 
828,20.7 ,1.40571e-08 ,0 
829,20.725 ,1.35588e-08 ,0 
830,20.75 ,1.30778e-08 ,0 
831,20.775 ,1.26137e-08 ,0 
832,20.8 ,1.21658e-08 ,0 
833,20.825 ,1.17335e-08 ,0 
834,20.85 ,1.13163e-08 ,0 
835,20.875 ,1.09137e-08 ,0 
836,20.9 ,1.05252e-08 ,0 
837,20.925 ,1.01504e-08 ,0 
838,20.95 ,9.78861e-09 ,0 
839,20.975 ,9.43953e-09 ,0 
840,21 ,9.10269e-09 ,0 
841,21.025 ,8.77767e-09 ,0 
842,21.05 ,8.46404e-09 ,0 
843,21.075 ,8.16143e-09 ,0 
844,21.1 ,7.86943e-09 ,0 
845,21.125 ,7.5877e-09 ,0 
846,21.15 ,7.31586e-09 ,0 
847,21.175 ,7.05357e-09 ,0 
848,21.2 ,6.8005e-09 ,0 
849,21.225 ,6.55633e-09 ,0 
850,21.25 ,6.32075e-09 ,0 
851,21.275 ,6.09346e-09 ,0 
852,21.3 ,5.87416e-09 ,0 
853,21.325 ,5.66258e-09 ,0 
854,21.35 ,5.45845e-09 ,0 
855,21.375 ,5.2615e-09 ,0 
856,21.4 ,5.07149e-09 ,0 
857,21.425 ,4.88816e-09 ,0 
858,21.45 ,4.71129e-09 ,0 
859,21.475 ,4.54065e-09 ,0 
860,21.5 ,4.37602e-09 ,0 
861,21.525 ,4.21718e-09 ,0 
862,21.55 ,4.06393e-09 ,0 
863,21.575 ,3.91608e-09 ,0 
864,21.6 ,3.77342e-09 ,0 
865,21.625 ,3.63579e-09 ,0 
866,21.65 ,3.50299e-09 ,0 
867,21.675 ,3.37486e-09 ,0 
868,21.7 ,3.25124e-09 ,0 
869,21.725 ,3.13195e-09 ,0 
870,21.75 ,3.01685e-09 ,0 
871,21.775 ,2.90579e-09 ,0 
872,21.8 ,2.79861e-09 ,0 
873,21.825 ,2.69519e-09 ,0 
874,21.85 ,2.59539e-09 ,0 
875,21.875 ,2.49907e-09 ,0 
876,21.9 ,2.40611e-09 ,0 
877,21.925 ,2.31639e-09 ,0 
878,21.95 ,2.2298e-09 ,0 
879,21.975 ,2.14621e-09 ,0 
880,22 ,2.06551e-09 ,0 
881,22.025 ,1.98761e-09 ,0 
882,22.05 ,1.9124e-09 ,0 
883,22.075 ,1.83978e-09 ,0 
884,22.1 ,1.76966e-09 ,0 
885,22.125 ,1.70194e-09 ,0 
886,22.15 ,1.63653e-09 ,0 
887,22.175 ,1.57335e-09 ,0 
888,22.2 ,1.51231e-09 ,0 
889,22.225 ,1.45334e-09 ,0 
890,22.25 ,1.39635e-09 ,0 
891,22.275 ,1.34127e-09 ,0 
892,22.3 ,1.28802e-09 ,0 
893,22.325 ,1.23654e-09 ,0 
894,22.35 ,1.18676e-09 ,0 
895,22.375 ,1.13861e-09 ,0 
896,22.4 ,1.09202e-09 ,0 
897,22.425 ,1.04695e-09 ,0 
898,22.45 ,1.00331e-09 ,0 
899,22.475 ,9.61066e-10 ,0 
900,22.5 ,9.20149e-10 ,0 
901,22.525 ,8.80509e-10 ,0 
902,22.55 ,8.42092e-10 ,0 
903,22.575 ,8.04847e-10 ,0 
904,22.6 ,7.68723e-10 ,0 
905,22.625 ,7.33673e-10 ,0 
906,22.65 ,6.9965e-10 ,0 
907,22.675 ,6.66609e-10 ,0 
908,22.7 ,6.34504e-10 ,0 
909,22.725 ,6.03293e-10 ,0 
910,22.75 ,5.72935e-10 ,0 
911,22.775 ,5.43388e-10 ,0 
912,22.8 ,5.14613e-10 ,0 
913,22.825 ,4.86571e-10 ,0 
914,22.85 ,4.59225e-10 ,0 
915,22.875 ,4.32538e-10 ,0 
916,22.9 ,4.06474e-10 ,0 
917,22.925 ,3.80998e-10 ,0 
918,22.95 ,3.56076e-10 ,0 
919,22.975 ,3.31675e-10 ,0 
920,23 ,3.07761e-10 ,0 
921,23.025 ,2.84303e-10 ,0 
922,23.05 ,2.6127e-10 ,0 
923,23.075 ,2.38629e-10 ,0 
924,23.1 ,2.16352e-10 ,0 
925,23.125 ,1.94407e-10 ,0 
926,23.15 ,1.72766e-10 ,0 
927,23.175 ,1.514e-10 ,0 
928,23.2 ,1.30279e-10 ,0 
929,23.225 ,1.09376e-10 ,0 
930,23.25 ,8.86628e-11 ,0 
931,23.275 ,6.81112e-11 ,0 
932,23.3 ,4.76939e-11 ,0 
933,23.325 ,2.73836e-11 ,0 
934,23.35 ,7.15314e-12 ,0 
935,23.375 ,-1.30246e-11 ,0 
936,23.4 ,-3.31764e-11 ,0 
937,23.425 ,-5.33295e-11 ,0 
938,23.45 ,-7.35105e-11 ,0 
939,23.475 ,-9.37465e-11 ,0 
940,23.5 ,-1.14065e-10 ,0 
941,23.525 ,-1.34492e-10 ,0 
942,23.55 ,-1.55055e-10 ,0 
943,23.575 ,-1.75782e-10 ,0 
944,23.6 ,-1.967e-10 ,0 
945,23.625 ,-2.17838e-10 ,0 
946,23.65 ,-2.39223e-10 ,0 
947,23.675 ,-2.60883e-10 ,0 
948,23.7 ,-2.82848e-10 ,0 
949,23.725 ,-3.05147e-10 ,0 
950,23.75 ,-3.27809e-10 ,0 
951,23.775 ,-3.50865e-10 ,0 
952,23.8 ,-3.74344e-10 ,0 
953,23.825 ,-3.98279e-10 ,0 
954,23.85 ,-4.22702e-10 ,0 
955,23.875 ,-4.47643e-10 ,0 
956,23.9 ,-4.73138e-10 ,0 
957,23.925 ,-4.99219e-10 ,0 
958,23.95 ,-5.25921e-10 ,0 
959,23.975 ,-5.5328e-10 ,0 
960,24 ,-5.81332e-10 ,0 
961,24.025 ,-6.10114e-10 ,0 
962,24.05 ,-6.39664e-10 ,0 
963,24.075 ,-6.70023e-10 ,0 
964,24.1 ,-7.01229e-10 ,0 
965,24.125 ,-7.33325e-10 ,0 
966,24.15 ,-7.66354e-10 ,0 
967,24.175 ,-8.00358e-10 ,0 
968,24.2 ,-8.35385e-10 ,0 
969,24.225 ,-8.71479e-10 ,0 
970,24.25 ,-9.08689e-10 ,0 
971,24.275 ,-9.47065e-10 ,0 
972,24.3 ,-9.86658e-10 ,0 
973,24.325 ,-1.02752e-09 ,0 
974,24.35 ,-1.06971e-09 ,0 
975,24.375 ,-1.11328e-09 ,0 
976,24.4 ,-1.15828e-09 ,0 
977,24.425 ,-1.20479e-09 ,0 
978,24.45 ,-1.25285e-09 ,0 
979,24.475 ,-1.30254e-09 ,0 
980,24.5 ,-1.35392e-09 ,0 
981,24.525 ,-1.40707e-09 ,0 
982,24.55 ,-1.46204e-09 ,0 
983,24.575 ,-1.51892e-09 ,0 
984,24.6 ,-1.57778e-09 ,0 
985,24.625 ,-1.6387e-09 ,0 
986,24.65 ,-1.70177e-09 ,0 
987,24.675 ,-1.76706e-09 ,0 
988,24.7 ,-1.83467e-09 ,0 
989,24.725 ,-1.90468e-09 ,0 
990,24.75 ,-1.97719e-09 ,0 
991,24.775 ,-2.0523e-09 ,0 
992,24.8 ,-2.13011e-09 ,0 
993,24.825 ,-2.21072e-09 ,0 
994,24.85 ,-2.29424e-09 ,0 
995,24.875 ,-2.38079e-09 ,0 
996,24.9 ,-2.47048e-09 ,0 
997,24.925 ,-2.56344e-09 ,0 
998,24.95 ,-2.65978e-09 ,0 
999,24.975 ,-2.75965e-09 ,0 
1000,25 ,-2.86317e-09 ,0 