
1,0.025 ,2.61674e-06 ,0 
2,0.05 ,2.61674e-06 ,0 
3,0.075 ,5.54068e-06 ,0 
4,0.1 ,9.77906e-06 ,0 
5,0.125 ,1.52541e-05 ,0 
6,0.15 ,2.19511e-05 ,0 
7,0.175 ,2.98646e-05 ,0 
8,0.2 ,3.89913e-05 ,0 
9,0.225 ,4.93283e-05 ,0 
10,0.25 ,6.08726e-05 ,0 
11,0.275 ,7.3621e-05 ,0 
12,0.3 ,8.75701e-05 ,0 
13,0.325 ,0.000102716 ,0 
14,0.35 ,0.000119055 ,0 
15,0.375 ,0.000136582 ,0 
16,0.4 ,0.000155294 ,0 
17,0.425 ,0.000175184 ,0 
18,0.45 ,0.000196248 ,0 
19,0.475 ,0.00021848 ,0 
20,0.5 ,0.000241875 ,0 
21,0.525 ,0.000266425 ,0 
22,0.55 ,0.000292125 ,0 
23,0.575 ,0.000318968 ,0 
24,0.6 ,0.000346947 ,0 
25,0.625 ,0.000376054 ,0 
26,0.65 ,0.000406282 ,0 
27,0.675 ,0.000437622 ,0 
28,0.7 ,0.000470068 ,0 
29,0.725 ,0.000503609 ,0 
30,0.75 ,0.000538238 ,0 
31,0.775 ,0.000573945 ,0 
32,0.8 ,0.000610721 ,0 
33,0.825 ,0.000648557 ,0 
34,0.85 ,0.000687442 ,0 
35,0.875 ,0.000727367 ,0 
36,0.9 ,0.00076832 ,0 
37,0.925 ,0.000810292 ,0 
38,0.95 ,0.000853272 ,0 
39,0.975 ,0.000897248 ,0 
40,1 ,0.00094221 ,0 
41,1.025 ,0.000988145 ,0 
42,1.05 ,0.00103504 ,0 
43,1.075 ,0.00108289 ,0 
44,1.1 ,0.00113167 ,0 
45,1.125 ,0.00118138 ,0 
46,1.15 ,0.001232 ,0 
47,1.175 ,0.00128352 ,0 
48,1.2 ,0.00133593 ,0 
49,1.225 ,0.00138921 ,0 
50,1.25 ,0.00144335 ,0 
51,1.275 ,0.00149833 ,0 
52,1.3 ,0.00155415 ,0 
53,1.325 ,0.00161078 ,0 
54,1.35 ,0.00166822 ,0 
55,1.375 ,0.00172644 ,0 
56,1.4 ,0.00178544 ,0 
57,1.425 ,0.00184521 ,0 
58,1.45 ,0.00190571 ,0 
59,1.475 ,0.00196695 ,0 
60,1.5 ,0.0020289 ,0 
61,1.525 ,0.00209155 ,0 
62,1.55 ,0.00215488 ,0 
63,1.575 ,0.00221888 ,0 
64,1.6 ,0.00228353 ,0 
65,1.625 ,0.00234883 ,0 
66,1.65 ,0.00241474 ,0 
67,1.675 ,0.00248125 ,0 
68,1.7 ,0.00254836 ,0 
69,1.725 ,0.00261604 ,0 
70,1.75 ,0.00268427 ,0 
71,1.775 ,0.00275305 ,0 
72,1.8 ,0.00282234 ,0 
73,1.825 ,0.00289215 ,0 
74,1.85 ,0.00296244 ,0 
75,1.875 ,0.00303321 ,0 
76,1.9 ,0.00310443 ,0 
77,1.925 ,0.0031761 ,0 
78,1.95 ,0.00324818 ,0 
79,1.975 ,0.00332068 ,0 
80,2 ,0.00339356 ,0 
81,2.025 ,0.00346682 ,0 
82,2.05 ,0.00354043 ,0 
83,2.075 ,0.00361438 ,0 
84,2.1 ,0.00368865 ,0 
85,2.125 ,0.00376323 ,0 
86,2.15 ,0.0038381 ,0 
87,2.175 ,0.00391323 ,0 
88,2.2 ,0.00398862 ,0 
89,2.225 ,0.00406425 ,0 
90,2.25 ,0.0041401 ,0 
91,2.275 ,0.00421615 ,0 
92,2.3 ,0.00429239 ,0 
93,2.325 ,0.0043688 ,0 
94,2.35 ,0.00444536 ,0 
95,2.375 ,0.00452206 ,0 
96,2.4 ,0.00459887 ,0 
97,2.425 ,0.00467579 ,0 
98,2.45 ,0.0047528 ,0 
99,2.475 ,0.00482988 ,0 
100,2.5 ,0.00490701 ,0 
101,2.525 ,0.00498419 ,0 
102,2.55 ,0.00506138 ,0 
103,2.575 ,0.00513858 ,0 
104,2.6 ,0.00521576 ,0 
105,2.625 ,0.00529293 ,0 
106,2.65 ,0.00537005 ,0 
107,2.675 ,0.00544711 ,0 
108,2.7 ,0.0055241 ,0 
109,2.725 ,0.005601 ,0 
110,2.75 ,0.0056778 ,0 
111,2.775 ,0.00575448 ,0 
112,2.8 ,0.00583102 ,0 
113,2.825 ,0.00590742 ,0 
114,2.85 ,0.00598365 ,0 
115,2.875 ,0.00605971 ,0 
116,2.9 ,0.00613557 ,0 
117,2.925 ,0.00621123 ,0 
118,2.95 ,0.00628667 ,0 
119,2.975 ,0.00636187 ,0 
120,3 ,0.00643682 ,0 
121,3.025 ,0.00651151 ,0 
122,3.05 ,0.00658593 ,0 
123,3.075 ,0.00666005 ,0 
124,3.1 ,0.00673388 ,0 
125,3.125 ,0.00680739 ,0 
126,3.15 ,0.00688057 ,0 
127,3.175 ,0.00695341 ,0 
128,3.2 ,0.0070259 ,0 
129,3.225 ,0.00709803 ,0 
130,3.25 ,0.00716978 ,0 
131,3.275 ,0.00724114 ,0 
132,3.3 ,0.00731211 ,0 
133,3.325 ,0.00738266 ,0 
134,3.35 ,0.00745279 ,0 
135,3.375 ,0.00752248 ,0 
136,3.4 ,0.00759174 ,0 
137,3.425 ,0.00766054 ,0 
138,3.45 ,0.00772887 ,0 
139,3.475 ,0.00779674 ,0 
140,3.5 ,0.00786412 ,0 
141,3.525 ,0.007931 ,0 
142,3.55 ,0.00799738 ,0 
143,3.575 ,0.00806325 ,0 
144,3.6 ,0.0081286 ,0 
145,3.625 ,0.00819342 ,0 
146,3.65 ,0.00825771 ,0 
147,3.675 ,0.00832144 ,0 
148,3.7 ,0.00838463 ,0 
149,3.725 ,0.00844725 ,0 
150,3.75 ,0.0085093 ,0 
151,3.775 ,0.00857078 ,0 
152,3.8 ,0.00863168 ,0 
153,3.825 ,0.00869198 ,0 
154,3.85 ,0.00875169 ,0 
155,3.875 ,0.0088108 ,0 
156,3.9 ,0.00886929 ,0 
157,3.925 ,0.00892718 ,0 
158,3.95 ,0.00898444 ,0 
159,3.975 ,0.00904108 ,0 
160,4 ,0.00909709 ,0 
161,4.025 ,0.00915247 ,0 
162,4.05 ,0.0092072 ,0 
163,4.075 ,0.0092613 ,0 
164,4.1 ,0.00931474 ,0 
165,4.125 ,0.00936754 ,0 
166,4.15 ,0.00941968 ,0 
167,4.175 ,0.00947116 ,0 
168,4.2 ,0.00952198 ,0 
169,4.225 ,0.00957214 ,0 
170,4.25 ,0.00962163 ,0 
171,4.275 ,0.00967046 ,0 
172,4.3 ,0.00971861 ,0 
173,4.325 ,0.00976609 ,0 
174,4.35 ,0.0098129 ,0 
175,4.375 ,0.00985903 ,0 
176,4.4 ,0.00990448 ,0 
177,4.425 ,0.00994926 ,0 
178,4.45 ,0.00999336 ,0 
179,4.475 ,0.0100368 ,0 
180,4.5 ,0.0100795 ,0 
181,4.525 ,0.0101216 ,0 
182,4.55 ,0.010163 ,0 
183,4.575 ,0.0102037 ,0 
184,4.6 ,0.0102437 ,0 
185,4.625 ,0.0102831 ,0 
186,4.65 ,0.0103218 ,0 
187,4.675 ,0.0103598 ,0 
188,4.7 ,0.0103971 ,0 
189,4.725 ,0.0104338 ,0 
190,4.75 ,0.0104698 ,0 
191,4.775 ,0.0105051 ,0 
192,4.8 ,0.0105398 ,0 
193,4.825 ,0.0105738 ,0 
194,4.85 ,0.0106072 ,0 
195,4.875 ,0.0106399 ,0 
196,4.9 ,0.010672 ,0 
197,4.925 ,0.0107034 ,0 
198,4.95 ,0.0107342 ,0 
199,4.975 ,0.0107643 ,0 
200,5 ,0.0107938 ,0 
201,5.025 ,0.0108227 ,0 
202,5.05 ,0.0108509 ,0 
203,5.075 ,0.0108785 ,0 
204,5.1 ,0.0109056 ,0 
205,5.125 ,0.0109319 ,0 
206,5.15 ,0.0109577 ,0 
207,5.175 ,0.0109829 ,0 
208,5.2 ,0.0110075 ,0 
209,5.225 ,0.0110315 ,0 
210,5.25 ,0.0110549 ,0 
211,5.275 ,0.0110777 ,0 
212,5.3 ,0.0110999 ,0 
213,5.325 ,0.0111215 ,0 
214,5.35 ,0.0111426 ,0 
215,5.375 ,0.0111631 ,0 
216,5.4 ,0.011183 ,0 
217,5.425 ,0.0112023 ,0 
218,5.45 ,0.0112211 ,0 
219,5.475 ,0.0112394 ,0 
220,5.5 ,0.0112571 ,0 
221,5.525 ,0.0112742 ,0 
222,5.55 ,0.0112908 ,0 
223,5.575 ,0.0113069 ,0 
224,5.6 ,0.0113224 ,0 
225,5.625 ,0.0113374 ,0 
226,5.65 ,0.0113518 ,0 
227,5.675 ,0.0113658 ,0 
228,5.7 ,0.0113792 ,0 
229,5.725 ,0.0113921 ,0 
230,5.75 ,0.0114045 ,0 
231,5.775 ,0.0114164 ,0 
232,5.8 ,0.0114277 ,0 
233,5.825 ,0.0114386 ,0 
234,5.85 ,0.011449 ,0 
235,5.875 ,0.0114589 ,0 
236,5.9 ,0.0114683 ,0 
237,5.925 ,0.0114772 ,0 
238,5.95 ,0.0114856 ,0 
239,5.975 ,0.0114936 ,0 
240,6 ,0.0115011 ,0 
241,6.025 ,0.0115081 ,0 
242,6.05 ,0.0115147 ,0 
243,6.075 ,0.0115208 ,0 
244,6.1 ,0.0115264 ,0 
245,6.125 ,0.0115316 ,0 
246,6.15 ,0.0115363 ,0 
247,6.175 ,0.0115406 ,0 
248,6.2 ,0.0115445 ,0 
249,6.225 ,0.0115479 ,0 
250,6.25 ,0.0115509 ,0 
251,6.275 ,0.0115534 ,0 
252,6.3 ,0.0115556 ,0 
253,6.325 ,0.0115573 ,0 
254,6.35 ,0.0115585 ,0 
255,6.375 ,0.0115594 ,0 
256,6.4 ,0.0115599 ,0 
257,6.425 ,0.0115599 ,0 
258,6.45 ,0.0115596 ,0 
259,6.475 ,0.0115588 ,0 
260,6.5 ,0.0115577 ,0 
261,6.525 ,0.0115561 ,0 
262,6.55 ,0.0115542 ,0 
263,6.575 ,0.0115519 ,0 
264,6.6 ,0.0115492 ,0 
265,6.625 ,0.0115461 ,0 
266,6.65 ,0.0115427 ,0 
267,6.675 ,0.0115388 ,0 
268,6.7 ,0.0115347 ,0 
269,6.725 ,0.0115301 ,0 
270,6.75 ,0.0115252 ,0 
271,6.775 ,0.0115199 ,0 
272,6.8 ,0.0115143 ,0 
273,6.825 ,0.0115084 ,0 
274,6.85 ,0.011502 ,0 
275,6.875 ,0.0114954 ,0 
276,6.9 ,0.0114884 ,0 
277,6.925 ,0.0114811 ,0 
278,6.95 ,0.0114734 ,0 
279,6.975 ,0.0114654 ,0 
280,7 ,0.0114571 ,0 
281,7.025 ,0.0114485 ,0 
282,7.05 ,0.0114395 ,0 
283,7.075 ,0.0114302 ,0 
284,7.1 ,0.0114207 ,0 
285,7.125 ,0.0114108 ,0 
286,7.15 ,0.0114006 ,0 
287,7.175 ,0.0113901 ,0 
288,7.2 ,0.0113793 ,0 
289,7.225 ,0.0113682 ,0 
290,7.25 ,0.0113568 ,0 
291,7.275 ,0.0113452 ,0 
292,7.3 ,0.0113332 ,0 
293,7.325 ,0.011321 ,0 
294,7.35 ,0.0113085 ,0 
295,7.375 ,0.0112957 ,0 
296,7.4 ,0.0112826 ,0 
297,7.425 ,0.0112693 ,0 
298,7.45 ,0.0112557 ,0 
299,7.475 ,0.0112418 ,0 
300,7.5 ,0.0112277 ,0 
301,7.525 ,0.0112134 ,0 
302,7.55 ,0.0111987 ,0 
303,7.575 ,0.0111839 ,0 
304,7.6 ,0.0111687 ,0 
305,7.625 ,0.0111534 ,0 
306,7.65 ,0.0111378 ,0 
307,7.675 ,0.0111219 ,0 
308,7.7 ,0.0111058 ,0 
309,7.725 ,0.0110895 ,0 
310,7.75 ,0.011073 ,0 
311,7.775 ,0.0110562 ,0 
312,7.8 ,0.0110392 ,0 
313,7.825 ,0.011022 ,0 
314,7.85 ,0.0110046 ,0 
315,7.875 ,0.0109869 ,0 
316,7.9 ,0.0109691 ,0 
317,7.925 ,0.010951 ,0 
318,7.95 ,0.0109327 ,0 
319,7.975 ,0.0109142 ,0 
320,8 ,0.0108956 ,0 
321,8.025 ,0.0108767 ,0 
322,8.05 ,0.0108576 ,0 
323,8.075 ,0.0108383 ,0 
324,8.1 ,0.0108189 ,0 
325,8.125 ,0.0107992 ,0 
326,8.15 ,0.0107794 ,0 
327,8.175 ,0.0107594 ,0 
328,8.2 ,0.0107392 ,0 
329,8.225 ,0.0107189 ,0 
330,8.25 ,0.0106983 ,0 
331,8.275 ,0.0106776 ,0 
332,8.3 ,0.0106567 ,0 
333,8.325 ,0.0106357 ,0 
334,8.35 ,0.0106145 ,0 
335,8.375 ,0.0105931 ,0 
336,8.4 ,0.0105716 ,0 
337,8.425 ,0.0105499 ,0 
338,8.45 ,0.010528 ,0 
339,8.475 ,0.010506 ,0 
340,8.5 ,0.0104839 ,0 
341,8.525 ,0.0104616 ,0 
342,8.55 ,0.0104392 ,0 
343,8.575 ,0.0104166 ,0 
344,8.6 ,0.0103939 ,0 
345,8.625 ,0.010371 ,0 
346,8.65 ,0.0103481 ,0 
347,8.675 ,0.0103249 ,0 
348,8.7 ,0.0103017 ,0 
349,8.725 ,0.0102783 ,0 
350,8.75 ,0.0102548 ,0 
351,8.775 ,0.0102312 ,0 
352,8.8 ,0.0102074 ,0 
353,8.825 ,0.0101836 ,0 
354,8.85 ,0.0101596 ,0 
355,8.875 ,0.0101355 ,0 
356,8.9 ,0.0101113 ,0 
357,8.925 ,0.010087 ,0 
358,8.95 ,0.0100625 ,0 
359,8.975 ,0.010038 ,0 
360,9 ,0.0100133 ,0 
361,9.025 ,0.0099886 ,0 
362,9.05 ,0.00996376 ,0 
363,9.075 ,0.00993882 ,0 
364,9.1 ,0.00991378 ,0 
365,9.125 ,0.00988865 ,0 
366,9.15 ,0.00986343 ,0 
367,9.175 ,0.00983812 ,0 
368,9.2 ,0.00981272 ,0 
369,9.225 ,0.00978723 ,0 
370,9.25 ,0.00976166 ,0 
371,9.275 ,0.009736 ,0 
372,9.3 ,0.00971027 ,0 
373,9.325 ,0.00968446 ,0 
374,9.35 ,0.00965857 ,0 
375,9.375 ,0.00963261 ,0 
376,9.4 ,0.00960657 ,0 
377,9.425 ,0.00958046 ,0 
378,9.45 ,0.00955429 ,0 
379,9.475 ,0.00952804 ,0 
380,9.5 ,0.00950173 ,0 
381,9.525 ,0.00947536 ,0 
382,9.55 ,0.00944892 ,0 
383,9.575 ,0.00942243 ,0 
384,9.6 ,0.00939587 ,0 
385,9.625 ,0.00936926 ,0 
386,9.65 ,0.00934259 ,0 
387,9.675 ,0.00931587 ,0 
388,9.7 ,0.00928909 ,0 
389,9.725 ,0.00926227 ,0 
390,9.75 ,0.0092354 ,0 
391,9.775 ,0.00920848 ,0 
392,9.8 ,0.00918151 ,0 
393,9.825 ,0.0091545 ,0 
394,9.85 ,0.00912744 ,0 
395,9.875 ,0.00910035 ,0 
396,9.9 ,0.00907322 ,0 
397,9.925 ,0.00904604 ,0 
398,9.95 ,0.00901884 ,0 
399,9.975 ,0.00899159 ,0 
400,10 ,0.00896432 ,0 
401,10.025 ,0.00893701 ,0 
402,10.05 ,0.00890967 ,0 
403,10.075 ,0.0088823 ,0 
404,10.1 ,0.0088549 ,0 
405,10.125 ,0.00882748 ,0 
406,10.15 ,0.00880003 ,0 
407,10.175 ,0.00877256 ,0 
408,10.2 ,0.00874506 ,0 
409,10.225 ,0.00871755 ,0 
410,10.25 ,0.00869002 ,0 
411,10.275 ,0.00866246 ,0 
412,10.3 ,0.00863489 ,0 
413,10.325 ,0.00860731 ,0 
414,10.35 ,0.00857971 ,0 
415,10.375 ,0.0085521 ,0 
416,10.4 ,0.00852447 ,0 
417,10.425 ,0.00849684 ,0 
418,10.45 ,0.00846919 ,0 
419,10.475 ,0.00844154 ,0 
420,10.5 ,0.00841388 ,0 
421,10.525 ,0.00838622 ,0 
422,10.55 ,0.00835855 ,0 
423,10.575 ,0.00833087 ,0 
424,10.6 ,0.0083032 ,0 
425,10.625 ,0.00827552 ,0 
426,10.65 ,0.00824785 ,0 
427,10.675 ,0.00822017 ,0 
428,10.7 ,0.0081925 ,0 
429,10.725 ,0.00816483 ,0 
430,10.75 ,0.00813717 ,0 
431,10.775 ,0.00810951 ,0 
432,10.8 ,0.00808185 ,0 
433,10.825 ,0.00805421 ,0 
434,10.85 ,0.00802657 ,0 
435,10.875 ,0.00799895 ,0 
436,10.9 ,0.00797133 ,0 
437,10.925 ,0.00794373 ,0 
438,10.95 ,0.00791614 ,0 
439,10.975 ,0.00788856 ,0 
440,11 ,0.007861 ,0 
441,11.025 ,0.00783345 ,0 
442,11.05 ,0.00780592 ,0 
443,11.075 ,0.0077784 ,0 
444,11.1 ,0.00775091 ,0 
445,11.125 ,0.00772343 ,0 
446,11.15 ,0.00769598 ,0 
447,11.175 ,0.00766855 ,0 
448,11.2 ,0.00764113 ,0 
449,11.225 ,0.00761374 ,0 
450,11.25 ,0.00758638 ,0 
451,11.275 ,0.00755904 ,0 
452,11.3 ,0.00753172 ,0 
453,11.325 ,0.00750443 ,0 
454,11.35 ,0.00747717 ,0 
455,11.375 ,0.00744994 ,0 
456,11.4 ,0.00742273 ,0 
457,11.425 ,0.00739556 ,0 
458,11.45 ,0.00736841 ,0 
459,11.475 ,0.0073413 ,0 
460,11.5 ,0.00731421 ,0 
461,11.525 ,0.00728716 ,0 
462,11.55 ,0.00726015 ,0 
463,11.575 ,0.00723316 ,0 
464,11.6 ,0.00720621 ,0 
465,11.625 ,0.0071793 ,0 
466,11.65 ,0.00715242 ,0 
467,11.675 ,0.00712558 ,0 
468,11.7 ,0.00709878 ,0 
469,11.725 ,0.00707202 ,0 
470,11.75 ,0.00704529 ,0 
471,11.775 ,0.00701861 ,0 
472,11.8 ,0.00699196 ,0 
473,11.825 ,0.00696536 ,0 
474,11.85 ,0.00693879 ,0 
475,11.875 ,0.00691227 ,0 
476,11.9 ,0.00688579 ,0 
477,11.925 ,0.00685936 ,0 
478,11.95 ,0.00683297 ,0 
479,11.975 ,0.00680662 ,0 
480,12 ,0.00678032 ,0 
481,12.025 ,0.00675406 ,0 
482,12.05 ,0.00672785 ,0 
483,12.075 ,0.00670168 ,0 
484,12.1 ,0.00667557 ,0 
485,12.125 ,0.0066495 ,0 
486,12.15 ,0.00662348 ,0 
487,12.175 ,0.00659751 ,0 
488,12.2 ,0.00657159 ,0 
489,12.225 ,0.00654571 ,0 
490,12.25 ,0.00651989 ,0 
491,12.275 ,0.00649412 ,0 
492,12.3 ,0.0064684 ,0 
493,12.325 ,0.00644273 ,0 
494,12.35 ,0.00641712 ,0 
495,12.375 ,0.00639155 ,0 
496,12.4 ,0.00636604 ,0 
497,12.425 ,0.00634059 ,0 
498,12.45 ,0.00631518 ,0 
499,12.475 ,0.00628984 ,0 
500,12.5 ,0.00626454 ,0 
501,12.525 ,0.00623931 ,0 
502,12.55 ,0.00621412 ,0 
503,12.575 ,0.006189 ,0 
504,12.6 ,0.00616393 ,0 
505,12.625 ,0.00613892 ,0 
506,12.65 ,0.00611396 ,0 
507,12.675 ,0.00608907 ,0 
508,12.7 ,0.00606423 ,0 
509,12.725 ,0.00603945 ,0 
510,12.75 ,0.00601472 ,0 
511,12.775 ,0.00599006 ,0 
512,12.8 ,0.00596546 ,0 
513,12.825 ,0.00594091 ,0 
514,12.85 ,0.00591643 ,0 
515,12.875 ,0.00589201 ,0 
516,12.9 ,0.00586764 ,0 
517,12.925 ,0.00584334 ,0 
518,12.95 ,0.0058191 ,0 
519,12.975 ,0.00579492 ,0 
520,13 ,0.00577081 ,0 
521,13.025 ,0.00574675 ,0 
522,13.05 ,0.00572276 ,0 
523,13.075 ,0.00569883 ,0 
524,13.1 ,0.00567497 ,0 
525,13.125 ,0.00565117 ,0 
526,13.15 ,0.00562743 ,0 
527,13.175 ,0.00560375 ,0 
528,13.2 ,0.00558014 ,0 
529,13.225 ,0.0055566 ,0 
530,13.25 ,0.00553311 ,0 
531,13.275 ,0.0055097 ,0 
532,13.3 ,0.00548634 ,0 
533,13.325 ,0.00546306 ,0 
534,13.35 ,0.00543984 ,0 
535,13.375 ,0.00541668 ,0 
536,13.4 ,0.00539359 ,0 
537,13.425 ,0.00537057 ,0 
538,13.45 ,0.00534761 ,0 
539,13.475 ,0.00532472 ,0 
540,13.5 ,0.00530189 ,0 
541,13.525 ,0.00527914 ,0 
542,13.55 ,0.00525645 ,0 
543,13.575 ,0.00523382 ,0 
544,13.6 ,0.00521127 ,0 
545,13.625 ,0.00518878 ,0 
546,13.65 ,0.00516636 ,0 
547,13.675 ,0.005144 ,0 
548,13.7 ,0.00512172 ,0 
549,13.725 ,0.0050995 ,0 
550,13.75 ,0.00507735 ,0 
551,13.775 ,0.00505527 ,0 
552,13.8 ,0.00503326 ,0 
553,13.825 ,0.00501132 ,0 
554,13.85 ,0.00498944 ,0 
555,13.875 ,0.00496764 ,0 
556,13.9 ,0.0049459 ,0 
557,13.925 ,0.00492423 ,0 
558,13.95 ,0.00490263 ,0 
559,13.975 ,0.00488111 ,0 
560,14 ,0.00485965 ,0 
561,14.025 ,0.00483825 ,0 
562,14.05 ,0.00481693 ,0 
563,14.075 ,0.00479568 ,0 
564,14.1 ,0.0047745 ,0 
565,14.125 ,0.00475339 ,0 
566,14.15 ,0.00473235 ,0 
567,14.175 ,0.00471138 ,0 
568,14.2 ,0.00469047 ,0 
569,14.225 ,0.00466964 ,0 
570,14.25 ,0.00464888 ,0 
571,14.275 ,0.00462819 ,0 
572,14.3 ,0.00460757 ,0 
573,14.325 ,0.00458701 ,0 
574,14.35 ,0.00456653 ,0 
575,14.375 ,0.00454612 ,0 
576,14.4 ,0.00452578 ,0 
577,14.425 ,0.00450551 ,0 
578,14.45 ,0.00448531 ,0 
579,14.475 ,0.00446518 ,0 
580,14.5 ,0.00444513 ,0 
581,14.525 ,0.00442514 ,0 
582,14.55 ,0.00440522 ,0 
583,14.575 ,0.00438537 ,0 
584,14.6 ,0.0043656 ,0 
585,14.625 ,0.00434589 ,0 
586,14.65 ,0.00432626 ,0 
587,14.675 ,0.00430669 ,0 
588,14.7 ,0.0042872 ,0 
589,14.725 ,0.00426777 ,0 
590,14.75 ,0.00424842 ,0 
591,14.775 ,0.00422914 ,0 
592,14.8 ,0.00420992 ,0 
593,14.825 ,0.00419078 ,0 
594,14.85 ,0.00417171 ,0 
595,14.875 ,0.00415271 ,0 
596,14.9 ,0.00413378 ,0 
597,14.925 ,0.00411492 ,0 
598,14.95 ,0.00409613 ,0 
599,14.975 ,0.00407741 ,0 
600,15 ,0.00405877 ,0 
601,15.025 ,0.00404019 ,0 
602,15.05 ,0.00402168 ,0 
603,15.075 ,0.00400324 ,0 
604,15.1 ,0.00398487 ,0 
605,15.125 ,0.00396658 ,0 
606,15.15 ,0.00394835 ,0 
607,15.175 ,0.00393019 ,0 
608,15.2 ,0.0039121 ,0 
609,15.225 ,0.00389409 ,0 
610,15.25 ,0.00387614 ,0 
611,15.275 ,0.00385826 ,0 
612,15.3 ,0.00384045 ,0 
613,15.325 ,0.00382271 ,0 
614,15.35 ,0.00380504 ,0 
615,15.375 ,0.00378745 ,0 
616,15.4 ,0.00376992 ,0 
617,15.425 ,0.00375246 ,0 
618,15.45 ,0.00373506 ,0 
619,15.475 ,0.00371774 ,0 
620,15.5 ,0.00370049 ,0 
621,15.525 ,0.00368331 ,0 
622,15.55 ,0.00366619 ,0 
623,15.575 ,0.00364915 ,0 
624,15.6 ,0.00363217 ,0 
625,15.625 ,0.00361526 ,0 
626,15.65 ,0.00359842 ,0 
627,15.675 ,0.00358165 ,0 
628,15.7 ,0.00356495 ,0 
629,15.725 ,0.00354832 ,0 
630,15.75 ,0.00353175 ,0 
631,15.775 ,0.00351525 ,0 
632,15.8 ,0.00349882 ,0 
633,15.825 ,0.00348246 ,0 
634,15.85 ,0.00346617 ,0 
635,15.875 ,0.00344994 ,0 
636,15.9 ,0.00343379 ,0 
637,15.925 ,0.00341769 ,0 
638,15.95 ,0.00340167 ,0 
639,15.975 ,0.00338572 ,0 
640,16 ,0.00336983 ,0 
641,16.025 ,0.00335401 ,0 
642,16.05 ,0.00333825 ,0 
643,16.075 ,0.00332257 ,0 
644,16.1 ,0.00330695 ,0 
645,16.125 ,0.00329139 ,0 
646,16.15 ,0.00327591 ,0 
647,16.175 ,0.00326048 ,0 
648,16.2 ,0.00324513 ,0 
649,16.225 ,0.00322984 ,0 
650,16.25 ,0.00321462 ,0 
651,16.275 ,0.00319946 ,0 
652,16.3 ,0.00318437 ,0 
653,16.325 ,0.00316935 ,0 
654,16.35 ,0.00315439 ,0 
655,16.375 ,0.0031395 ,0 
656,16.4 ,0.00312467 ,0 
657,16.425 ,0.00310991 ,0 
658,16.45 ,0.00309521 ,0 
659,16.475 ,0.00308057 ,0 
660,16.5 ,0.00306601 ,0 
661,16.525 ,0.0030515 ,0 
662,16.55 ,0.00303706 ,0 
663,16.575 ,0.00302269 ,0 
664,16.6 ,0.00300838 ,0 
665,16.625 ,0.00299413 ,0 
666,16.65 ,0.00297995 ,0 
667,16.675 ,0.00296583 ,0 
668,16.7 ,0.00295178 ,0 
669,16.725 ,0.00293778 ,0 
670,16.75 ,0.00292386 ,0 
671,16.775 ,0.00290999 ,0 
672,16.8 ,0.00289619 ,0 
673,16.825 ,0.00288245 ,0 
674,16.85 ,0.00286877 ,0 
675,16.875 ,0.00285516 ,0 
676,16.9 ,0.00284161 ,0 
677,16.925 ,0.00282812 ,0 
678,16.95 ,0.00281469 ,0 
679,16.975 ,0.00280133 ,0 
680,17 ,0.00278803 ,0 
681,17.025 ,0.00277479 ,0 
682,17.05 ,0.00276161 ,0 
683,17.075 ,0.00274849 ,0 
684,17.1 ,0.00273543 ,0 
685,17.125 ,0.00272244 ,0 
686,17.15 ,0.0027095 ,0 
687,17.175 ,0.00269663 ,0 
688,17.2 ,0.00268382 ,0 
689,17.225 ,0.00267106 ,0 
690,17.25 ,0.00265837 ,0 
691,17.275 ,0.00264574 ,0 
692,17.3 ,0.00263317 ,0 
693,17.325 ,0.00262066 ,0 
694,17.35 ,0.0026082 ,0 
695,17.375 ,0.00259581 ,0 
696,17.4 ,0.00258348 ,0 
697,17.425 ,0.00257121 ,0 
698,17.45 ,0.00255899 ,0 
699,17.475 ,0.00254683 ,0 
700,17.5 ,0.00253474 ,0 
701,17.525 ,0.0025227 ,0 
702,17.55 ,0.00251072 ,0 
703,17.575 ,0.0024988 ,0 
704,17.6 ,0.00248693 ,0 
705,17.625 ,0.00247513 ,0 
706,17.65 ,0.00246338 ,0 
707,17.675 ,0.00245169 ,0 
708,17.7 ,0.00244006 ,0 
709,17.725 ,0.00242848 ,0 
710,17.75 ,0.00241696 ,0 
711,17.775 ,0.0024055 ,0 
712,17.8 ,0.0023941 ,0 
713,17.825 ,0.00238275 ,0 
714,17.85 ,0.00237146 ,0 
715,17.875 ,0.00236022 ,0 
716,17.9 ,0.00234904 ,0 
717,17.925 ,0.00233792 ,0 
718,17.95 ,0.00232685 ,0 
719,17.975 ,0.00231584 ,0 
720,18 ,0.00230488 ,0 
721,18.025 ,0.00229398 ,0 
722,18.05 ,0.00228314 ,0 
723,18.075 ,0.00227234 ,0 
724,18.1 ,0.00226161 ,0 
725,18.125 ,0.00225093 ,0 
726,18.15 ,0.0022403 ,0 
727,18.175 ,0.00222973 ,0 
728,18.2 ,0.00221921 ,0 
729,18.225 ,0.00220875 ,0 
730,18.25 ,0.00219833 ,0 
731,18.275 ,0.00218798 ,0 
732,18.3 ,0.00217767 ,0 
733,18.325 ,0.00216742 ,0 
734,18.35 ,0.00215723 ,0 
735,18.375 ,0.00214708 ,0 
736,18.4 ,0.00213699 ,0 
737,18.425 ,0.00212695 ,0 
738,18.45 ,0.00211697 ,0 
739,18.475 ,0.00210703 ,0 
740,18.5 ,0.00209715 ,0 
741,18.525 ,0.00208732 ,0 
742,18.55 ,0.00207755 ,0 
743,18.575 ,0.00206782 ,0 
744,18.6 ,0.00205814 ,0 
745,18.625 ,0.00204852 ,0 
746,18.65 ,0.00203895 ,0 
747,18.675 ,0.00202943 ,0 
748,18.7 ,0.00201996 ,0 
749,18.725 ,0.00201054 ,0 
750,18.75 ,0.00200117 ,0 
751,18.775 ,0.00199185 ,0 
752,18.8 ,0.00198258 ,0 
753,18.825 ,0.00197336 ,0 
754,18.85 ,0.00196419 ,0 
755,18.875 ,0.00195508 ,0 
756,18.9 ,0.00194601 ,0 
757,18.925 ,0.00193699 ,0 
758,18.95 ,0.00192801 ,0 
759,18.975 ,0.00191909 ,0 
760,19 ,0.00191022 ,0 
761,19.025 ,0.00190139 ,0 
762,19.05 ,0.00189262 ,0 
763,19.075 ,0.00188389 ,0 
764,19.1 ,0.00187521 ,0 
765,19.125 ,0.00186658 ,0 
766,19.15 ,0.001858 ,0 
767,19.175 ,0.00184946 ,0 
768,19.2 ,0.00184097 ,0 
769,19.225 ,0.00183253 ,0 
770,19.25 ,0.00182414 ,0 
771,19.275 ,0.00181579 ,0 
772,19.3 ,0.00180749 ,0 
773,19.325 ,0.00179924 ,0 
774,19.35 ,0.00179103 ,0 
775,19.375 ,0.00178287 ,0 
776,19.4 ,0.00177476 ,0 
777,19.425 ,0.00176669 ,0 
778,19.45 ,0.00175867 ,0 
779,19.475 ,0.00175069 ,0 
780,19.5 ,0.00174276 ,0 
781,19.525 ,0.00173488 ,0 
782,19.55 ,0.00172704 ,0 
783,19.575 ,0.00171925 ,0 
784,19.6 ,0.0017115 ,0 
785,19.625 ,0.00170379 ,0 
786,19.65 ,0.00169613 ,0 
787,19.675 ,0.00168852 ,0 
788,19.7 ,0.00168095 ,0 
789,19.725 ,0.00167342 ,0 
790,19.75 ,0.00166594 ,0 
791,19.775 ,0.0016585 ,0 
792,19.8 ,0.0016511 ,0 
793,19.825 ,0.00164375 ,0 
794,19.85 ,0.00163644 ,0 
795,19.875 ,0.00162918 ,0 
796,19.9 ,0.00162196 ,0 
797,19.925 ,0.00161478 ,0 
798,19.95 ,0.00160764 ,0 
799,19.975 ,0.00160055 ,0 
800,20 ,0.0015935 ,0 
801,20.025 ,0.00158649 ,0 
802,20.05 ,0.00157953 ,0 
803,20.075 ,0.0015726 ,0 
804,20.1 ,0.00156572 ,0 
805,20.125 ,0.00155888 ,0 
806,20.15 ,0.00155209 ,0 
807,20.175 ,0.00154533 ,0 
808,20.2 ,0.00153861 ,0 
809,20.225 ,0.00153194 ,0 
810,20.25 ,0.00152531 ,0 
811,20.275 ,0.00151871 ,0 
812,20.3 ,0.00151216 ,0 
813,20.325 ,0.00150565 ,0 
814,20.35 ,0.00149918 ,0 
815,20.375 ,0.00149275 ,0 
816,20.4 ,0.00148636 ,0 
817,20.425 ,0.00148001 ,0 
818,20.45 ,0.0014737 ,0 
819,20.475 ,0.00146743 ,0 
820,20.5 ,0.0014612 ,0 
821,20.525 ,0.00145501 ,0 
822,20.55 ,0.00144886 ,0 
823,20.575 ,0.00144275 ,0 
824,20.6 ,0.00143667 ,0 
825,20.625 ,0.00143064 ,0 
826,20.65 ,0.00142464 ,0 
827,20.675 ,0.00141869 ,0 
828,20.7 ,0.00141277 ,0 
829,20.725 ,0.00140689 ,0 
830,20.75 ,0.00140104 ,0 
831,20.775 ,0.00139524 ,0 
832,20.8 ,0.00138947 ,0 
833,20.825 ,0.00138375 ,0 
834,20.85 ,0.00137806 ,0 
835,20.875 ,0.0013724 ,0 
836,20.9 ,0.00136679 ,0 
837,20.925 ,0.00136121 ,0 
838,20.95 ,0.00135567 ,0 
839,20.975 ,0.00135016 ,0 
840,21 ,0.0013447 ,0 
841,21.025 ,0.00133927 ,0 
842,21.05 ,0.00133387 ,0 
843,21.075 ,0.00132851 ,0 
844,21.1 ,0.00132319 ,0 
845,21.125 ,0.00131791 ,0 
846,21.15 ,0.00131266 ,0 
847,21.175 ,0.00130745 ,0 
848,21.2 ,0.00130227 ,0 
849,21.225 ,0.00129713 ,0 
850,21.25 ,0.00129202 ,0 
851,21.275 ,0.00128695 ,0 
852,21.3 ,0.00128192 ,0 
853,21.325 ,0.00127692 ,0 
854,21.35 ,0.00127195 ,0 
855,21.375 ,0.00126703 ,0 
856,21.4 ,0.00126213 ,0 
857,21.425 ,0.00125727 ,0 
858,21.45 ,0.00125244 ,0 
859,21.475 ,0.00124765 ,0 
860,21.5 ,0.0012429 ,0 
861,21.525 ,0.00123818 ,0 
862,21.55 ,0.00123349 ,0 
863,21.575 ,0.00122883 ,0 
864,21.6 ,0.00122421 ,0 
865,21.625 ,0.00121963 ,0 
866,21.65 ,0.00121507 ,0 
867,21.675 ,0.00121055 ,0 
868,21.7 ,0.00120607 ,0 
869,21.725 ,0.00120161 ,0 
870,21.75 ,0.00119719 ,0 
871,21.775 ,0.00119281 ,0 
872,21.8 ,0.00118845 ,0 
873,21.825 ,0.00118413 ,0 
874,21.85 ,0.00117985 ,0 
875,21.875 ,0.00117559 ,0 
876,21.9 ,0.00117137 ,0 
877,21.925 ,0.00116718 ,0 
878,21.95 ,0.00116302 ,0 
879,21.975 ,0.00115889 ,0 
880,22 ,0.0011548 ,0 
881,22.025 ,0.00115074 ,0 
882,22.05 ,0.0011467 ,0 
883,22.075 ,0.00114271 ,0 
884,22.1 ,0.00113874 ,0 
885,22.125 ,0.0011348 ,0 
886,22.15 ,0.0011309 ,0 
887,22.175 ,0.00112703 ,0 
888,22.2 ,0.00112318 ,0 
889,22.225 ,0.00111937 ,0 
890,22.25 ,0.00111559 ,0 
891,22.275 ,0.00111185 ,0 
892,22.3 ,0.00110813 ,0 
893,22.325 ,0.00110444 ,0 
894,22.35 ,0.00110078 ,0 
895,22.375 ,0.00109716 ,0 
896,22.4 ,0.00109356 ,0 
897,22.425 ,0.00109 ,0 
898,22.45 ,0.00108646 ,0 
899,22.475 ,0.00108295 ,0 
900,22.5 ,0.00107948 ,0 
901,22.525 ,0.00107603 ,0 
902,22.55 ,0.00107262 ,0 
903,22.575 ,0.00106923 ,0 
904,22.6 ,0.00106588 ,0 
905,22.625 ,0.00106255 ,0 
906,22.65 ,0.00105925 ,0 
907,22.675 ,0.00105598 ,0 
908,22.7 ,0.00105274 ,0 
909,22.725 ,0.00104953 ,0 
910,22.75 ,0.00104635 ,0 
911,22.775 ,0.0010432 ,0 
912,22.8 ,0.00104008 ,0 
913,22.825 ,0.00103698 ,0 
914,22.85 ,0.00103392 ,0 
915,22.875 ,0.00103088 ,0 
916,22.9 ,0.00102787 ,0 
917,22.925 ,0.00102489 ,0 
918,22.95 ,0.00102194 ,0 
919,22.975 ,0.00101902 ,0 
920,23 ,0.00101612 ,0 
921,23.025 ,0.00101325 ,0 
922,23.05 ,0.00101041 ,0 
923,23.075 ,0.0010076 ,0 
924,23.1 ,0.00100482 ,0 
925,23.125 ,0.00100206 ,0 
926,23.15 ,0.000999332 ,0 
927,23.175 ,0.00099663 ,0 
928,23.2 ,0.000993957 ,0 
929,23.225 ,0.000991311 ,0 
930,23.25 ,0.000988692 ,0 
931,23.275 ,0.0009861 ,0 
932,23.3 ,0.000983535 ,0 
933,23.325 ,0.000980998 ,0 
934,23.35 ,0.000978488 ,0 
935,23.375 ,0.000976004 ,0 
936,23.4 ,0.000973547 ,0 
937,23.425 ,0.000971117 ,0 
938,23.45 ,0.000968714 ,0 
939,23.475 ,0.000966337 ,0 
940,23.5 ,0.000963987 ,0 
941,23.525 ,0.000961664 ,0 
942,23.55 ,0.000959367 ,0 
943,23.575 ,0.000957096 ,0 
944,23.6 ,0.000954851 ,0 
945,23.625 ,0.000952632 ,0 
946,23.65 ,0.00095044 ,0 
947,23.675 ,0.000948274 ,0 
948,23.7 ,0.000946133 ,0 
949,23.725 ,0.000944019 ,0 
950,23.75 ,0.00094193 ,0 
951,23.775 ,0.000939867 ,0 
952,23.8 ,0.00093783 ,0 
953,23.825 ,0.000935819 ,0 
954,23.85 ,0.000933833 ,0 
955,23.875 ,0.000931872 ,0 
956,23.9 ,0.000929937 ,0 
957,23.925 ,0.000928028 ,0 
958,23.95 ,0.000926143 ,0 
959,23.975 ,0.000924284 ,0 
960,24 ,0.00092245 ,0 
961,24.025 ,0.000920642 ,0 
962,24.05 ,0.000918858 ,0 
963,24.075 ,0.000917099 ,0 
964,24.1 ,0.000915365 ,0 
965,24.125 ,0.000913657 ,0 
966,24.15 ,0.000911973 ,0 
967,24.175 ,0.000910313 ,0 
968,24.2 ,0.000908679 ,0 
969,24.225 ,0.000907069 ,0 
970,24.25 ,0.000905484 ,0 
971,24.275 ,0.000903923 ,0 
972,24.3 ,0.000902387 ,0 
973,24.325 ,0.000900875 ,0 
974,24.35 ,0.000899388 ,0 
975,24.375 ,0.000897924 ,0 
976,24.4 ,0.000896486 ,0 
977,24.425 ,0.000895071 ,0 
978,24.45 ,0.000893681 ,0 
979,24.475 ,0.000892315 ,0 
980,24.5 ,0.000890972 ,0 
981,24.525 ,0.000889654 ,0 
982,24.55 ,0.00088836 ,0 
983,24.575 ,0.00088709 ,0 
984,24.6 ,0.000885844 ,0 
985,24.625 ,0.000884621 ,0 
986,24.65 ,0.000883422 ,0 
987,24.675 ,0.000882248 ,0 
988,24.7 ,0.000881096 ,0 
989,24.725 ,0.000879969 ,0 
990,24.75 ,0.000878865 ,0 
991,24.775 ,0.000877784 ,0 
992,24.8 ,0.000876728 ,0 
993,24.825 ,0.000875694 ,0 
994,24.85 ,0.000874684 ,0 
995,24.875 ,0.000873698 ,0 
996,24.9 ,0.000872735 ,0 
997,24.925 ,0.000871795 ,0 
998,24.95 ,0.000870879 ,0 
999,24.975 ,0.000869985 ,0 
1000,25 ,0.000869116 ,0 