N_e = 18
1,0 ,0 ,0 
2,0.025 ,0 ,0 
3,0.05 ,0 ,0 
4,0.075 ,3.27285e-05 ,0 
5,0.1 ,7.69719e-05 ,0 
6,0.125 ,0.000149967 ,0 
7,0.15 ,0.000258723 ,0 
8,0.175 ,0.000410202 ,0 
9,0.2 ,0.000611281 ,0 
10,0.225 ,0.000868736 ,0 
11,0.25 ,0.00118922 ,0 
12,0.275 ,0.00157925 ,0 
13,0.3 ,0.00204518 ,0 
14,0.325 ,0.00259324 ,0 
15,0.35 ,0.00322943 ,0 
16,0.375 ,0.00395959 ,0 
17,0.4 ,0.00478935 ,0 
18,0.425 ,0.00572412 ,0 
19,0.45 ,0.00676907 ,0 
20,0.475 ,0.00792914 ,0 
21,0.5 ,0.00920902 ,0 
22,0.525 ,0.0106131 ,0 
23,0.55 ,0.0121456 ,0 
24,0.575 ,0.0138103 ,0 
25,0.6 ,0.0156109 ,0 
26,0.625 ,0.0175505 ,0 
27,0.65 ,0.0196321 ,0 
28,0.675 ,0.0218583 ,0 
29,0.7 ,0.0242316 ,0 
30,0.725 ,0.0267538 ,0 
31,0.75 ,0.0294265 ,0 
32,0.775 ,0.0322512 ,0 
33,0.8 ,0.0352287 ,0 
34,0.825 ,0.0383595 ,0 
35,0.85 ,0.0416441 ,0 
36,0.875 ,0.0450822 ,0 
37,0.9 ,0.0486733 ,0 
38,0.925 ,0.0524166 ,0 
39,0.95 ,0.056311 ,0 
40,0.975 ,0.0603547 ,0 
41,1 ,0.064546 ,0 
42,1.025 ,0.0688824 ,0 
43,1.05 ,0.0733614 ,0 
44,1.075 ,0.07798 ,0 
45,1.1 ,0.0827347 ,0 
46,1.125 ,0.0876219 ,0 
47,1.15 ,0.0926375 ,0 
48,1.175 ,0.0977771 ,0 
49,1.2 ,0.103036 ,0 
50,1.225 ,0.108409 ,0 
51,1.25 ,0.113891 ,0 
52,1.275 ,0.119476 ,0 
53,1.3 ,0.125158 ,0 
54,1.325 ,0.130931 ,0 
55,1.35 ,0.136789 ,0 
56,1.375 ,0.142723 ,0 
57,1.4 ,0.148728 ,0 
58,1.425 ,0.154796 ,0 
59,1.45 ,0.16092 ,0 
60,1.475 ,0.16709 ,0 
61,1.5 ,0.173301 ,0 
62,1.525 ,0.179542 ,0 
63,1.55 ,0.185806 ,0 
64,1.575 ,0.192084 ,0 
65,1.6 ,0.198367 ,0 
66,1.625 ,0.204646 ,0 
67,1.65 ,0.210912 ,0 
68,1.675 ,0.217156 ,0 
69,1.7 ,0.223369 ,0 
70,1.725 ,0.229541 ,0 
71,1.75 ,0.235663 ,0 
72,1.775 ,0.241725 ,0 
73,1.8 ,0.247717 ,0 
74,1.825 ,0.25363 ,0 
75,1.85 ,0.259454 ,0 
76,1.875 ,0.26518 ,0 
77,1.9 ,0.270798 ,0 
78,1.925 ,0.276298 ,0 
79,1.95 ,0.281671 ,0 
80,1.975 ,0.286908 ,0 
81,2 ,0.291998 ,0 
82,2.025 ,0.296934 ,0 
83,2.05 ,0.301705 ,0 
84,2.075 ,0.306302 ,0 
85,2.1 ,0.310718 ,0 
86,2.125 ,0.314942 ,0 
87,2.15 ,0.318967 ,0 
88,2.175 ,0.322785 ,0 
89,2.2 ,0.326386 ,0 
90,2.225 ,0.329764 ,0 
91,2.25 ,0.33291 ,0 
92,2.275 ,0.335818 ,0 
93,2.3 ,0.33848 ,0 
94,2.325 ,0.340888 ,0 
95,2.35 ,0.343038 ,0 
96,2.375 ,0.344922 ,0 
97,2.4 ,0.346534 ,0 
98,2.425 ,0.347869 ,0 
99,2.45 ,0.348922 ,0 
100,2.475 ,0.349688 ,0 
101,2.5 ,0.350161 ,0 
102,2.525 ,0.350338 ,0 
103,2.55 ,0.350216 ,0 
104,2.575 ,0.349789 ,0 
105,2.6 ,0.349057 ,0 
106,2.625 ,0.348015 ,0 
107,2.65 ,0.346661 ,0 
108,2.675 ,0.344995 ,0 
109,2.7 ,0.343013 ,0 
110,2.725 ,0.340716 ,0 
111,2.75 ,0.338102 ,0 
112,2.775 ,0.335172 ,0 
113,2.8 ,0.331925 ,0 
114,2.825 ,0.328363 ,0 
115,2.85 ,0.324486 ,0 
116,2.875 ,0.320296 ,0 
117,2.9 ,0.315795 ,0 
118,2.925 ,0.310985 ,0 
119,2.95 ,0.30587 ,0 
120,2.975 ,0.300451 ,0 
121,3 ,0.294734 ,0 
122,3.025 ,0.288721 ,0 
123,3.05 ,0.282418 ,0 
124,3.075 ,0.27583 ,0 
125,3.1 ,0.268961 ,0 
126,3.125 ,0.261818 ,0 
127,3.15 ,0.254406 ,0 
128,3.175 ,0.246732 ,0 
129,3.2 ,0.238803 ,0 
130,3.225 ,0.230626 ,0 
131,3.25 ,0.222208 ,0 
132,3.275 ,0.213558 ,0 
133,3.3 ,0.204684 ,0 
134,3.325 ,0.195594 ,0 
135,3.35 ,0.186297 ,0 
136,3.375 ,0.176803 ,0 
137,3.4 ,0.167121 ,0 
138,3.425 ,0.15726 ,0 
139,3.45 ,0.147231 ,0 
140,3.475 ,0.137045 ,0 
141,3.5 ,0.126711 ,0 
142,3.525 ,0.11624 ,0 
143,3.55 ,0.105644 ,0 
144,3.575 ,0.0949333 ,0 
145,3.6 ,0.0841198 ,0 
146,3.625 ,0.0732147 ,0 
147,3.65 ,0.06223 ,0 
148,3.675 ,0.0511772 ,0 
149,3.7 ,0.0400686 ,0 
150,3.725 ,0.028916 ,0 
151,3.75 ,0.0177318 ,0 
152,3.775 ,0.00652804 ,0 
153,3.8 ,-0.00468288 ,0 
154,3.825 ,-0.0158886 ,0 
155,3.85 ,-0.0270769 ,0 
156,3.875 ,-0.0382352 ,0 
157,3.9 ,-0.0493512 ,0 
158,3.925 ,-0.0604126 ,0 
159,3.95 ,-0.0714071 ,0 
160,3.975 ,-0.0823223 ,0 
161,4 ,-0.0931462 ,0 
162,4.025 ,-0.103867 ,0 
163,4.05 ,-0.114471 ,0 
164,4.075 ,-0.124949 ,0 
165,4.1 ,-0.135287 ,0 
166,4.125 ,-0.145475 ,0 
167,4.15 ,-0.155501 ,0 
168,4.175 ,-0.165353 ,0 
169,4.2 ,-0.175021 ,0 
170,4.225 ,-0.184493 ,0 
171,4.25 ,-0.19376 ,0 
172,4.275 ,-0.20281 ,0 
173,4.3 ,-0.211633 ,0 
174,4.325 ,-0.220221 ,0 
175,4.35 ,-0.228562 ,0 
176,4.375 ,-0.236648 ,0 
177,4.4 ,-0.24447 ,0 
178,4.425 ,-0.252018 ,0 
179,4.45 ,-0.259285 ,0 
180,4.475 ,-0.266262 ,0 
181,4.5 ,-0.272943 ,0 
182,4.525 ,-0.279318 ,0 
183,4.55 ,-0.285381 ,0 
184,4.575 ,-0.291127 ,0 
185,4.6 ,-0.296547 ,0 
186,4.625 ,-0.301637 ,0 
187,4.65 ,-0.30639 ,0 
188,4.675 ,-0.310803 ,0 
189,4.7 ,-0.314869 ,0 
190,4.725 ,-0.318585 ,0 
191,4.75 ,-0.321946 ,0 
192,4.775 ,-0.32495 ,0 
193,4.8 ,-0.327592 ,0 
194,4.825 ,-0.329871 ,0 
195,4.85 ,-0.331784 ,0 
196,4.875 ,-0.333329 ,0 
197,4.9 ,-0.334505 ,0 
198,4.925 ,-0.335311 ,0 
199,4.95 ,-0.335746 ,0 
200,4.975 ,-0.33581 ,0 
201,5 ,-0.335503 ,0 
202,5.025 ,-0.334826 ,0 
203,5.05 ,-0.333781 ,0 
204,5.075 ,-0.332368 ,0 
205,5.1 ,-0.33059 ,0 
206,5.125 ,-0.328449 ,0 
207,5.15 ,-0.325947 ,0 
208,5.175 ,-0.323089 ,0 
209,5.2 ,-0.319877 ,0 
210,5.225 ,-0.316315 ,0 
211,5.25 ,-0.312408 ,0 
212,5.275 ,-0.30816 ,0 
213,5.3 ,-0.303577 ,0 
214,5.325 ,-0.298663 ,0 
215,5.35 ,-0.293426 ,0 
216,5.375 ,-0.28787 ,0 
217,5.4 ,-0.282002 ,0 
218,5.425 ,-0.27583 ,0 
219,5.45 ,-0.269359 ,0 
220,5.475 ,-0.262599 ,0 
221,5.5 ,-0.255555 ,0 
222,5.525 ,-0.248237 ,0 
223,5.55 ,-0.240653 ,0 
224,5.575 ,-0.232811 ,0 
225,5.6 ,-0.22472 ,0 
226,5.625 ,-0.216389 ,0 
227,5.65 ,-0.207827 ,0 
228,5.675 ,-0.199044 ,0 
229,5.7 ,-0.19005 ,0 
230,5.725 ,-0.180854 ,0 
231,5.75 ,-0.171467 ,0 
232,5.775 ,-0.161899 ,0 
233,5.8 ,-0.15216 ,0 
234,5.825 ,-0.142261 ,0 
235,5.85 ,-0.132212 ,0 
236,5.875 ,-0.122025 ,0 
237,5.9 ,-0.11171 ,0 
238,5.925 ,-0.101279 ,0 
239,5.95 ,-0.0907422 ,0 
240,5.975 ,-0.080111 ,0 
241,6 ,-0.0693967 ,0 
242,6.025 ,-0.0586105 ,0 
243,6.05 ,-0.0477638 ,0 
244,6.075 ,-0.0368678 ,0 
245,6.1 ,-0.0259339 ,0 
246,6.125 ,-0.0149734 ,0 
247,6.15 ,-0.00399759 ,0 
248,6.175 ,0.00698234 ,0 
249,6.2 ,0.0179552 ,0 
250,6.225 ,0.0289097 ,0 
251,6.25 ,0.039835 ,0 
252,6.275 ,0.0507199 ,0 
253,6.3 ,0.0615536 ,0 
254,6.325 ,0.0723254 ,0 
255,6.35 ,0.0830245 ,0 
256,6.375 ,0.0936405 ,0 
257,6.4 ,0.104163 ,0 
258,6.425 ,0.114581 ,0 
259,6.45 ,0.124886 ,0 
260,6.475 ,0.135067 ,0 
261,6.5 ,0.145114 ,0 
262,6.525 ,0.155018 ,0 
263,6.55 ,0.16477 ,0 
264,6.575 ,0.17436 ,0 
265,6.6 ,0.183779 ,0 
266,6.625 ,0.193019 ,0 
267,6.65 ,0.202071 ,0 
268,6.675 ,0.210928 ,0 
269,6.7 ,0.21958 ,0 
270,6.725 ,0.228021 ,0 
271,6.75 ,0.236242 ,0 
272,6.775 ,0.244237 ,0 
273,6.8 ,0.251998 ,0 
274,6.825 ,0.259519 ,0 
275,6.85 ,0.266794 ,0 
276,6.875 ,0.273816 ,0 
277,6.9 ,0.28058 ,0 
278,6.925 ,0.287079 ,0 
279,6.95 ,0.293309 ,0 
280,6.975 ,0.299265 ,0 
281,7 ,0.304942 ,0 
282,7.025 ,0.310335 ,0 
283,7.05 ,0.315442 ,0 
284,7.075 ,0.320257 ,0 
285,7.1 ,0.324777 ,0 
286,7.125 ,0.329 ,0 
287,7.15 ,0.332922 ,0 
288,7.175 ,0.336541 ,0 
289,7.2 ,0.339855 ,0 
290,7.225 ,0.342862 ,0 
291,7.25 ,0.345559 ,0 
292,7.275 ,0.347947 ,0 
293,7.3 ,0.350023 ,0 
294,7.325 ,0.351787 ,0 
295,7.35 ,0.35324 ,0 
296,7.375 ,0.354379 ,0 
297,7.4 ,0.355207 ,0 
298,7.425 ,0.355722 ,0 
299,7.45 ,0.355927 ,0 
300,7.475 ,0.355821 ,0 
301,7.5 ,0.355407 ,0 
302,7.525 ,0.354685 ,0 
303,7.55 ,0.353659 ,0 
304,7.575 ,0.352329 ,0 
305,7.6 ,0.350698 ,0 
306,7.625 ,0.348768 ,0 
307,7.65 ,0.346544 ,0 
308,7.675 ,0.344027 ,0 
309,7.7 ,0.341221 ,0 
310,7.725 ,0.33813 ,0 
311,7.75 ,0.334757 ,0 
312,7.775 ,0.331106 ,0 
313,7.8 ,0.327182 ,0 
314,7.825 ,0.322989 ,0 
315,7.85 ,0.318532 ,0 
316,7.875 ,0.313815 ,0 
317,7.9 ,0.308844 ,0 
318,7.925 ,0.303623 ,0 
319,7.95 ,0.298158 ,0 
320,7.975 ,0.292455 ,0 
321,8 ,0.286519 ,0 
322,8.025 ,0.280355 ,0 
323,8.05 ,0.273971 ,0 
324,8.075 ,0.267371 ,0 
325,8.1 ,0.260563 ,0 
326,8.125 ,0.253552 ,0 
327,8.15 ,0.246344 ,0 
328,8.175 ,0.238947 ,0 
329,8.2 ,0.231368 ,0 
330,8.225 ,0.223611 ,0 
331,8.25 ,0.215686 ,0 
332,8.275 ,0.207597 ,0 
333,8.3 ,0.199353 ,0 
334,8.325 ,0.19096 ,0 
335,8.35 ,0.182425 ,0 
336,8.375 ,0.173756 ,0 
337,8.4 ,0.164958 ,0 
338,8.425 ,0.156041 ,0 
339,8.45 ,0.14701 ,0 
340,8.475 ,0.137872 ,0 
341,8.5 ,0.128636 ,0 
342,8.525 ,0.119308 ,0 
343,8.55 ,0.109895 ,0 
344,8.575 ,0.100404 ,0 
345,8.6 ,0.0908434 ,0 
346,8.625 ,0.081219 ,0 
347,8.65 ,0.0715381 ,0 
348,8.675 ,0.061808 ,0 
349,8.7 ,0.0520354 ,0 
350,8.725 ,0.0422274 ,0 
351,8.75 ,0.0323909 ,0 
352,8.775 ,0.0225325 ,0 
353,8.8 ,0.012659 ,0 
354,8.825 ,0.0027771 ,0 
355,8.85 ,-0.00710662 ,0 
356,8.875 ,-0.0169857 ,0 
357,8.9 ,-0.0268537 ,0 
358,8.925 ,-0.0367043 ,0 
359,8.95 ,-0.0465314 ,0 
360,8.975 ,-0.0563287 ,0 
361,9 ,-0.0660903 ,0 
362,9.025 ,-0.0758103 ,0 
363,9.05 ,-0.0854829 ,0 
364,9.075 ,-0.0951024 ,0 
365,9.1 ,-0.104663 ,0 
366,9.125 ,-0.11416 ,0 
367,9.15 ,-0.123588 ,0 
368,9.175 ,-0.13294 ,0 
369,9.2 ,-0.142214 ,0 
370,9.225 ,-0.151402 ,0 
371,9.25 ,-0.160502 ,0 
372,9.275 ,-0.169507 ,0 
373,9.3 ,-0.178414 ,0 
374,9.325 ,-0.187219 ,0 
375,9.35 ,-0.195916 ,0 
376,9.375 ,-0.204502 ,0 
377,9.4 ,-0.212973 ,0 
378,9.425 ,-0.221325 ,0 
379,9.45 ,-0.229555 ,0 
380,9.475 ,-0.237659 ,0 
381,9.5 ,-0.245633 ,0 
382,9.525 ,-0.253475 ,0 
383,9.55 ,-0.261182 ,0 
384,9.575 ,-0.26875 ,0 
385,9.6 ,-0.276177 ,0 
386,9.625 ,-0.28346 ,0 
387,9.65 ,-0.290597 ,0 
388,9.675 ,-0.297585 ,0 
389,9.7 ,-0.304423 ,0 
390,9.725 ,-0.311108 ,0 
391,9.75 ,-0.317639 ,0 
392,9.775 ,-0.324013 ,0 
393,9.8 ,-0.33023 ,0 
394,9.825 ,-0.336287 ,0 
395,9.85 ,-0.342184 ,0 
396,9.875 ,-0.347919 ,0 
397,9.9 ,-0.353491 ,0 
398,9.925 ,-0.3589 ,0 
399,9.95 ,-0.364144 ,0 
400,9.975 ,-0.369224 ,0 
401,10 ,-0.374138 ,0 
402,10.025 ,-0.378886 ,0 
403,10.05 ,-0.383469 ,0 
404,10.075 ,-0.387885 ,0 
405,10.1 ,-0.392135 ,0 
406,10.125 ,-0.396219 ,0 
407,10.15 ,-0.400138 ,0 
408,10.175 ,-0.403892 ,0 
409,10.2 ,-0.40748 ,0 
410,10.225 ,-0.410905 ,0 
411,10.25 ,-0.414166 ,0 
412,10.275 ,-0.417264 ,0 
413,10.3 ,-0.420201 ,0 
414,10.325 ,-0.422977 ,0 
415,10.35 ,-0.425593 ,0 
416,10.375 ,-0.428051 ,0 
417,10.4 ,-0.430352 ,0 
418,10.425 ,-0.432497 ,0 
419,10.45 ,-0.434488 ,0 
420,10.475 ,-0.436326 ,0 
421,10.5 ,-0.438013 ,0 
422,10.525 ,-0.439551 ,0 
423,10.55 ,-0.440941 ,0 
424,10.575 ,-0.442185 ,0 
425,10.6 ,-0.443286 ,0 
426,10.625 ,-0.444245 ,0 
427,10.65 ,-0.445064 ,0 
428,10.675 ,-0.445745 ,0 
429,10.7 ,-0.446291 ,0 
430,10.725 ,-0.446704 ,0 
431,10.75 ,-0.446986 ,0 
432,10.775 ,-0.447138 ,0 
433,10.8 ,-0.447165 ,0 
434,10.825 ,-0.447067 ,0 
435,10.85 ,-0.446848 ,0 
436,10.875 ,-0.446509 ,0 
437,10.9 ,-0.446053 ,0 
438,10.925 ,-0.445482 ,0 
439,10.95 ,-0.4448 ,0 
440,10.975 ,-0.444007 ,0 
441,11 ,-0.443107 ,0 
442,11.025 ,-0.442103 ,0 
443,11.05 ,-0.440995 ,0 
444,11.075 ,-0.439788 ,0 
445,11.1 ,-0.438484 ,0 
446,11.125 ,-0.437084 ,0 
447,11.15 ,-0.435592 ,0 
448,11.175 ,-0.43401 ,0 
449,11.2 ,-0.43234 ,0 
450,11.225 ,-0.430584 ,0 
451,11.25 ,-0.428746 ,0 
452,11.275 ,-0.426828 ,0 
453,11.3 ,-0.424831 ,0 
454,11.325 ,-0.422759 ,0 
455,11.35 ,-0.420614 ,0 
456,11.375 ,-0.418398 ,0 
457,11.4 ,-0.416113 ,0 
458,11.425 ,-0.413762 ,0 
459,11.45 ,-0.411347 ,0 
460,11.475 ,-0.408871 ,0 
461,11.5 ,-0.406335 ,0 
462,11.525 ,-0.403742 ,0 
463,11.55 ,-0.401095 ,0 
464,11.575 ,-0.398394 ,0 
465,11.6 ,-0.395643 ,0 
466,11.625 ,-0.392844 ,0 
467,11.65 ,-0.389999 ,0 
468,11.675 ,-0.387109 ,0 
469,11.7 ,-0.384177 ,0 
470,11.725 ,-0.381205 ,0 
471,11.75 ,-0.378196 ,0 
472,11.775 ,-0.37515 ,0 
473,11.8 ,-0.372069 ,0 
474,11.825 ,-0.368957 ,0 
475,11.85 ,-0.365814 ,0 
476,11.875 ,-0.362643 ,0 
477,11.9 ,-0.359445 ,0 
478,11.925 ,-0.356222 ,0 
479,11.95 ,-0.352976 ,0 
480,11.975 ,-0.349709 ,0 
481,12 ,-0.346421 ,0 
482,12.025 ,-0.343116 ,0 
483,12.05 ,-0.339794 ,0 
484,12.075 ,-0.336458 ,0 
485,12.1 ,-0.333108 ,0 
486,12.125 ,-0.329746 ,0 
487,12.15 ,-0.326374 ,0 
488,12.175 ,-0.322993 ,0 
489,12.2 ,-0.319604 ,0 
490,12.225 ,-0.31621 ,0 
491,12.25 ,-0.312811 ,0 
492,12.275 ,-0.309408 ,0 
493,12.3 ,-0.306003 ,0 
494,12.325 ,-0.302598 ,0 
495,12.35 ,-0.299193 ,0 
496,12.375 ,-0.29579 ,0 
497,12.4 ,-0.292389 ,0 
498,12.425 ,-0.288992 ,0 
499,12.45 ,-0.2856 ,0 
500,12.475 ,-0.282214 ,0 
501,12.5 ,-0.278836 ,0 
502,12.525 ,-0.275465 ,0 
503,12.55 ,-0.272104 ,0 
504,12.575 ,-0.268752 ,0 
505,12.6 ,-0.265412 ,0 
506,12.625 ,-0.262083 ,0 
507,12.65 ,-0.258767 ,0 
508,12.675 ,-0.255465 ,0 
509,12.7 ,-0.252176 ,0 
510,12.725 ,-0.248903 ,0 
511,12.75 ,-0.245646 ,0 
512,12.775 ,-0.242405 ,0 
513,12.8 ,-0.239182 ,0 
514,12.825 ,-0.235976 ,0 
515,12.85 ,-0.232789 ,0 
516,12.875 ,-0.229621 ,0 
517,12.9 ,-0.226473 ,0 
518,12.925 ,-0.223345 ,0 
519,12.95 ,-0.220238 ,0 
520,12.975 ,-0.217152 ,0 
521,13 ,-0.214088 ,0 
522,13.025 ,-0.211047 ,0 
523,13.05 ,-0.208028 ,0 
524,13.075 ,-0.205032 ,0 
525,13.1 ,-0.20206 ,0 
526,13.125 ,-0.199112 ,0 
527,13.15 ,-0.196188 ,0 
528,13.175 ,-0.193289 ,0 
529,13.2 ,-0.190414 ,0 
530,13.225 ,-0.187565 ,0 
531,13.25 ,-0.184742 ,0 
532,13.275 ,-0.181944 ,0 
533,13.3 ,-0.179172 ,0 
534,13.325 ,-0.176427 ,0 
535,13.35 ,-0.173708 ,0 
536,13.375 ,-0.171016 ,0 
537,13.4 ,-0.16835 ,0 
538,13.425 ,-0.165712 ,0 
539,13.45 ,-0.1631 ,0 
540,13.475 ,-0.160516 ,0 
541,13.5 ,-0.157959 ,0 
542,13.525 ,-0.15543 ,0 
543,13.55 ,-0.152928 ,0 
544,13.575 ,-0.150454 ,0 
545,13.6 ,-0.148008 ,0 
546,13.625 ,-0.145589 ,0 
547,13.65 ,-0.143198 ,0 
548,13.675 ,-0.140834 ,0 
549,13.7 ,-0.138499 ,0 
550,13.725 ,-0.136191 ,0 
551,13.75 ,-0.13391 ,0 
552,13.775 ,-0.131658 ,0 
553,13.8 ,-0.129433 ,0 
554,13.825 ,-0.127236 ,0 
555,13.85 ,-0.125066 ,0 
556,13.875 ,-0.122924 ,0 
557,13.9 ,-0.120809 ,0 
558,13.925 ,-0.118721 ,0 
559,13.95 ,-0.116661 ,0 
560,13.975 ,-0.114627 ,0 
561,14 ,-0.112621 ,0 
562,14.025 ,-0.110641 ,0 
563,14.05 ,-0.108688 ,0 
564,14.075 ,-0.106762 ,0 
565,14.1 ,-0.104862 ,0 
566,14.125 ,-0.102989 ,0 
567,14.15 ,-0.101142 ,0 
568,14.175 ,-0.0993204 ,0 
569,14.2 ,-0.097525 ,0 
570,14.225 ,-0.0957551 ,0 
571,14.25 ,-0.0940108 ,0 
572,14.275 ,-0.0922918 ,0 
573,14.3 ,-0.0905979 ,0 
574,14.325 ,-0.0889289 ,0 
575,14.35 ,-0.0872846 ,0 
576,14.375 ,-0.0856649 ,0 
577,14.4 ,-0.0840695 ,0 
578,14.425 ,-0.0824983 ,0 
579,14.45 ,-0.080951 ,0 
580,14.475 ,-0.0794273 ,0 
581,14.5 ,-0.0779272 ,0 
582,14.525 ,-0.0764504 ,0 
583,14.55 ,-0.0749966 ,0 
584,14.575 ,-0.0735657 ,0 
585,14.6 ,-0.0721574 ,0 
586,14.625 ,-0.0707714 ,0 
587,14.65 ,-0.0694077 ,0 
588,14.675 ,-0.0680659 ,0 
589,14.7 ,-0.0667457 ,0 
590,14.725 ,-0.0654471 ,0 
591,14.75 ,-0.0641697 ,0 
592,14.775 ,-0.0629133 ,0 
593,14.8 ,-0.0616777 ,0 
594,14.825 ,-0.0604626 ,0 
595,14.85 ,-0.0592678 ,0 
596,14.875 ,-0.0580931 ,0 
597,14.9 ,-0.0569382 ,0 
598,14.925 ,-0.0558029 ,0 
599,14.95 ,-0.054687 ,0 
600,14.975 ,-0.0535902 ,0 
601,15 ,-0.0525123 ,0 
602,15.025 ,-0.051453 ,0 
603,15.05 ,-0.0504121 ,0 
604,15.075 ,-0.0493894 ,0 
605,15.1 ,-0.0483846 ,0 
606,15.125 ,-0.0473975 ,0 
607,15.15 ,-0.0464279 ,0 
608,15.175 ,-0.0454756 ,0 
609,15.2 ,-0.0445402 ,0 
610,15.225 ,-0.0436216 ,0 
611,15.25 ,-0.0427196 ,0 
612,15.275 ,-0.0418338 ,0 
613,15.3 ,-0.0409642 ,0 
614,15.325 ,-0.0401104 ,0 
615,15.35 ,-0.0392722 ,0 
616,15.375 ,-0.0384495 ,0 
617,15.4 ,-0.0376419 ,0 
618,15.425 ,-0.0368493 ,0 
619,15.45 ,-0.0360714 ,0 
620,15.475 ,-0.0353081 ,0 
621,15.5 ,-0.0345591 ,0 
622,15.525 ,-0.0338241 ,0 
623,15.55 ,-0.0331031 ,0 
624,15.575 ,-0.0323957 ,0 
625,15.6 ,-0.0317017 ,0 
626,15.625 ,-0.031021 ,0 
627,15.65 ,-0.0303534 ,0 
628,15.675 ,-0.0296986 ,0 
629,15.7 ,-0.0290564 ,0 
630,15.725 ,-0.0284267 ,0 
631,15.75 ,-0.0278092 ,0 
632,15.775 ,-0.0272037 ,0 
633,15.8 ,-0.0266101 ,0 
634,15.825 ,-0.0260281 ,0 
635,15.85 ,-0.0254576 ,0 
636,15.875 ,-0.0248983 ,0 
637,15.9 ,-0.0243502 ,0 
638,15.925 ,-0.0238129 ,0 
639,15.95 ,-0.0232863 ,0 
640,15.975 ,-0.0227703 ,0 
641,16 ,-0.0222647 ,0 
642,16.025 ,-0.0217692 ,0 
643,16.05 ,-0.0212837 ,0 
644,16.075 ,-0.0208081 ,0 
645,16.1 ,-0.0203421 ,0 
646,16.125 ,-0.0198856 ,0 
647,16.15 ,-0.0194385 ,0 
648,16.175 ,-0.0190005 ,0 
649,16.2 ,-0.0185715 ,0 
650,16.225 ,-0.0181514 ,0 
651,16.25 ,-0.0177399 ,0 
652,16.275 ,-0.017337 ,0 
653,16.3 ,-0.0169424 ,0 
654,16.325 ,-0.0165561 ,0 
655,16.35 ,-0.0161778 ,0 
656,16.375 ,-0.0158075 ,0 
657,16.4 ,-0.015445 ,0 
658,16.425 ,-0.0150901 ,0 
659,16.45 ,-0.0147427 ,0 
660,16.475 ,-0.0144026 ,0 
661,16.5 ,-0.0140698 ,0 
662,16.525 ,-0.013744 ,0 
663,16.55 ,-0.0134253 ,0 
664,16.575 ,-0.0131133 ,0 
665,16.6 ,-0.012808 ,0 
666,16.625 ,-0.0125093 ,0 
667,16.65 ,-0.0122171 ,0 
668,16.675 ,-0.0119311 ,0 
669,16.7 ,-0.0116514 ,0 
670,16.725 ,-0.0113777 ,0 
671,16.75 ,-0.01111 ,0 
672,16.775 ,-0.0108481 ,0 
673,16.8 ,-0.010592 ,0 
674,16.825 ,-0.0103415 ,0 
675,16.85 ,-0.0100965 ,0 
676,16.875 ,-0.00985683 ,0 
677,16.9 ,-0.00962251 ,0 
678,16.925 ,-0.00939336 ,0 
679,16.95 ,-0.0091693 ,0 
680,16.975 ,-0.00895022 ,0 
681,17 ,-0.00873602 ,0 
682,17.025 ,-0.00852661 ,0 
683,17.05 ,-0.00832187 ,0 
684,17.075 ,-0.00812174 ,0 
685,17.1 ,-0.00792609 ,0 
686,17.125 ,-0.00773486 ,0 
687,17.15 ,-0.00754794 ,0 
688,17.175 ,-0.00736525 ,0 
689,17.2 ,-0.0071867 ,0 
690,17.225 ,-0.0070122 ,0 
691,17.25 ,-0.00684168 ,0 
692,17.275 ,-0.00667504 ,0 
693,17.3 ,-0.00651222 ,0 
694,17.325 ,-0.00635312 ,0 
695,17.35 ,-0.00619767 ,0 
696,17.375 ,-0.00604579 ,0 
697,17.4 ,-0.00589742 ,0 
698,17.425 ,-0.00575246 ,0 
699,17.45 ,-0.00561086 ,0 
700,17.475 ,-0.00547254 ,0 
701,17.5 ,-0.00533744 ,0 
702,17.525 ,-0.00520547 ,0 
703,17.55 ,-0.00507658 ,0 
704,17.575 ,-0.0049507 ,0 
705,17.6 ,-0.00482776 ,0 
706,17.625 ,-0.00470771 ,0 
707,17.65 ,-0.00459047 ,0 
708,17.675 ,-0.00447599 ,0 
709,17.7 ,-0.0043642 ,0 
710,17.725 ,-0.00425506 ,0 
711,17.75 ,-0.0041485 ,0 
712,17.775 ,-0.00404446 ,0 
713,17.8 ,-0.00394289 ,0 
714,17.825 ,-0.00384374 ,0 
715,17.85 ,-0.00374694 ,0 
716,17.875 ,-0.00365246 ,0 
717,17.9 ,-0.00356023 ,0 
718,17.925 ,-0.00347021 ,0 
719,17.95 ,-0.00338236 ,0 
720,17.975 ,-0.00329661 ,0 
721,18 ,-0.00321292 ,0 
722,18.025 ,-0.00313125 ,0 
723,18.05 ,-0.00305156 ,0 
724,18.075 ,-0.00297379 ,0 
725,18.1 ,-0.0028979 ,0 
726,18.125 ,-0.00282385 ,0 
727,18.15 ,-0.00275161 ,0 
728,18.175 ,-0.00268112 ,0 
729,18.2 ,-0.00261235 ,0 
730,18.225 ,-0.00254526 ,0 
731,18.25 ,-0.00247981 ,0 
732,18.275 ,-0.00241597 ,0 
733,18.3 ,-0.00235369 ,0 
734,18.325 ,-0.00229294 ,0 
735,18.35 ,-0.00223369 ,0 
736,18.375 ,-0.00217589 ,0 
737,18.4 ,-0.00211952 ,0 
738,18.425 ,-0.00206455 ,0 
739,18.45 ,-0.00201094 ,0 
740,18.475 ,-0.00195866 ,0 
741,18.5 ,-0.00190767 ,0 
742,18.525 ,-0.00185795 ,0 
743,18.55 ,-0.00180948 ,0 
744,18.575 ,-0.00176221 ,0 
745,18.6 ,-0.00171612 ,0 
746,18.625 ,-0.00167118 ,0 
747,18.65 ,-0.00162737 ,0 
748,18.675 ,-0.00158466 ,0 
749,18.7 ,-0.00154303 ,0 
750,18.725 ,-0.00150244 ,0 
751,18.75 ,-0.00146287 ,0 
752,18.775 ,-0.0014243 ,0 
753,18.8 ,-0.00138671 ,0 
754,18.825 ,-0.00135006 ,0 
755,18.85 ,-0.00131435 ,0 
756,18.875 ,-0.00127954 ,0 
757,18.9 ,-0.00124561 ,0 
758,18.925 ,-0.00121255 ,0 
759,18.95 ,-0.00118033 ,0 
760,18.975 ,-0.00114894 ,0 
761,19 ,-0.00111834 ,0 
762,19.025 ,-0.00108853 ,0 
763,19.05 ,-0.00105948 ,0 
764,19.075 ,-0.00103117 ,0 
765,19.1 ,-0.0010036 ,0 
766,19.125 ,-0.000976728 ,0 
767,19.15 ,-0.000950551 ,0 
768,19.175 ,-0.000925048 ,0 
769,19.2 ,-0.000900204 ,0 
770,19.225 ,-0.000876002 ,0 
771,19.25 ,-0.000852426 ,0 
772,19.275 ,-0.000829461 ,0 
773,19.3 ,-0.000807091 ,0 
774,19.325 ,-0.000785303 ,0 
775,19.35 ,-0.000764081 ,0 
776,19.375 ,-0.000743412 ,0 
777,19.4 ,-0.000723281 ,0 
778,19.425 ,-0.000703676 ,0 
779,19.45 ,-0.000684583 ,0 
780,19.475 ,-0.000665989 ,0 
781,19.5 ,-0.000647883 ,0 
782,19.525 ,-0.000630251 ,0 
783,19.55 ,-0.000613083 ,0 
784,19.575 ,-0.000596366 ,0 
785,19.6 ,-0.000580088 ,0 
786,19.625 ,-0.00056424 ,0 
787,19.65 ,-0.000548809 ,0 
788,19.675 ,-0.000533787 ,0 
789,19.7 ,-0.000519161 ,0 
790,19.725 ,-0.000504923 ,0 
791,19.75 ,-0.000491061 ,0 
792,19.775 ,-0.000477568 ,0 
793,19.8 ,-0.000464433 ,0 
794,19.825 ,-0.000451647 ,0 
795,19.85 ,-0.000439202 ,0 
796,19.875 ,-0.000427088 ,0 
797,19.9 ,-0.000415298 ,0 
798,19.925 ,-0.000403822 ,0 
799,19.95 ,-0.000392653 ,0 
800,19.975 ,-0.000381784 ,0 
801,20 ,-0.000371205 ,0 
802,20.025 ,-0.00036091 ,0 
803,20.05 ,-0.000350892 ,0 
804,20.075 ,-0.000341143 ,0 
805,20.1 ,-0.000331657 ,0 
806,20.125 ,-0.000322426 ,0 
807,20.15 ,-0.000313444 ,0 
808,20.175 ,-0.000304704 ,0 
809,20.2 ,-0.000296201 ,0 
810,20.225 ,-0.000287928 ,0 
811,20.25 ,-0.000279878 ,0 
812,20.275 ,-0.000272047 ,0 
813,20.3 ,-0.000264429 ,0 
814,20.325 ,-0.000257017 ,0 
815,20.35 ,-0.000249807 ,0 
816,20.375 ,-0.000242794 ,0 
817,20.4 ,-0.000235971 ,0 
818,20.425 ,-0.000229334 ,0 
819,20.45 ,-0.000222879 ,0 
820,20.475 ,-0.0002166 ,0 
821,20.5 ,-0.000210493 ,0 
822,20.525 ,-0.000204553 ,0 
823,20.55 ,-0.000198776 ,0 
824,20.575 ,-0.000193158 ,0 
825,20.6 ,-0.000187693 ,0 
826,20.625 ,-0.000182379 ,0 
827,20.65 ,-0.000177212 ,0 
828,20.675 ,-0.000172186 ,0 
829,20.7 ,-0.000167299 ,0 
830,20.725 ,-0.000162547 ,0 
831,20.75 ,-0.000157927 ,0 
832,20.775 ,-0.000153434 ,0 
833,20.8 ,-0.000149065 ,0 
834,20.825 ,-0.000144817 ,0 
835,20.85 ,-0.000140687 ,0 
836,20.875 ,-0.000136672 ,0 
837,20.9 ,-0.000132769 ,0 
838,20.925 ,-0.000128973 ,0 
839,20.95 ,-0.000125284 ,0 
840,20.975 ,-0.000121697 ,0 
841,21 ,-0.00011821 ,0 
842,21.025 ,-0.000114821 ,0 
843,21.05 ,-0.000111526 ,0 
844,21.075 ,-0.000108324 ,0 
845,21.1 ,-0.00010521 ,0 
846,21.125 ,-0.000102185 ,0 
847,21.15 ,-9.92436e-05 ,0 
848,21.175 ,-9.63851e-05 ,0 
849,21.2 ,-9.36069e-05 ,0 
850,21.225 ,-9.09067e-05 ,0 
851,21.25 ,-8.82825e-05 ,0 
852,21.275 ,-8.57322e-05 ,0 
853,21.3 ,-8.32538e-05 ,0 
854,21.325 ,-8.08453e-05 ,0 
855,21.35 ,-7.85047e-05 ,0 
856,21.375 ,-7.62303e-05 ,0 
857,21.4 ,-7.40202e-05 ,0 
858,21.425 ,-7.18727e-05 ,0 
859,21.45 ,-6.9786e-05 ,0 
860,21.475 ,-6.77585e-05 ,0 
861,21.5 ,-6.57885e-05 ,0 
862,21.525 ,-6.38744e-05 ,0 
863,21.55 ,-6.20148e-05 ,0 
864,21.575 ,-6.0208e-05 ,0 
865,21.6 ,-5.84527e-05 ,0 
866,21.625 ,-5.67475e-05 ,0 
867,21.65 ,-5.50908e-05 ,0 
868,21.675 ,-5.34815e-05 ,0 
869,21.7 ,-5.19181e-05 ,0 
870,21.725 ,-5.03994e-05 ,0 
871,21.75 ,-4.89242e-05 ,0 
872,21.775 ,-4.74912e-05 ,0 
873,21.8 ,-4.60994e-05 ,0 
874,21.825 ,-4.47474e-05 ,0 
875,21.85 ,-4.34343e-05 ,0 
876,21.875 ,-4.21589e-05 ,0 
877,21.9 ,-4.09202e-05 ,0 
878,21.925 ,-3.97171e-05 ,0 
879,21.95 ,-3.85487e-05 ,0 
880,21.975 ,-3.7414e-05 ,0 
881,22 ,-3.6312e-05 ,0 
882,22.025 ,-3.52419e-05 ,0 
883,22.05 ,-3.42027e-05 ,0 
884,22.075 ,-3.31936e-05 ,0 
885,22.1 ,-3.22137e-05 ,0 
886,22.125 ,-3.12621e-05 ,0 
887,22.15 ,-3.03382e-05 ,0 
888,22.175 ,-2.94411e-05 ,0 
889,22.2 ,-2.85701e-05 ,0 
890,22.225 ,-2.77244e-05 ,0 
891,22.25 ,-2.69033e-05 ,0 
892,22.275 ,-2.61062e-05 ,0 
893,22.3 ,-2.53322e-05 ,0 
894,22.325 ,-2.45809e-05 ,0 
895,22.35 ,-2.38515e-05 ,0 
896,22.375 ,-2.31435e-05 ,0 
897,22.4 ,-2.24561e-05 ,0 
898,22.425 ,-2.17889e-05 ,0 
899,22.45 ,-2.11413e-05 ,0 
900,22.475 ,-2.05126e-05 ,0 
901,22.5 ,-1.99024e-05 ,0 
902,22.525 ,-1.93102e-05 ,0 
903,22.55 ,-1.87354e-05 ,0 
904,22.575 ,-1.81775e-05 ,0 
905,22.6 ,-1.76361e-05 ,0 
906,22.625 ,-1.71107e-05 ,0 
907,22.65 ,-1.66007e-05 ,0 
908,22.675 ,-1.61059e-05 ,0 
909,22.7 ,-1.56257e-05 ,0 
910,22.725 ,-1.51598e-05 ,0 
911,22.75 ,-1.47077e-05 ,0 
912,22.775 ,-1.4269e-05 ,0 
913,22.8 ,-1.38434e-05 ,0 
914,22.825 ,-1.34305e-05 ,0 
915,22.85 ,-1.30299e-05 ,0 
916,22.875 ,-1.26412e-05 ,0 
917,22.9 ,-1.22642e-05 ,0 
918,22.925 ,-1.18984e-05 ,0 
919,22.95 ,-1.15436e-05 ,0 
920,22.975 ,-1.11995e-05 ,0 
921,23 ,-1.08657e-05 ,0 
922,23.025 ,-1.0542e-05 ,0 
923,23.05 ,-1.0228e-05 ,0 
924,23.075 ,-9.92357e-06 ,0 
925,23.1 ,-9.62832e-06 ,0 
926,23.125 ,-9.34202e-06 ,0 
927,23.15 ,-9.06442e-06 ,0 
928,23.175 ,-8.79527e-06 ,0 
929,23.2 ,-8.53432e-06 ,0 
930,23.225 ,-8.28136e-06 ,0 
931,23.25 ,-8.03614e-06 ,0 
932,23.275 ,-7.79845e-06 ,0 
933,23.3 ,-7.56807e-06 ,0 
934,23.325 ,-7.3448e-06 ,0 
935,23.35 ,-7.12844e-06 ,0 
936,23.375 ,-6.91878e-06 ,0 
937,23.4 ,-6.71565e-06 ,0 
938,23.425 ,-6.51886e-06 ,0 
939,23.45 ,-6.32822e-06 ,0 
940,23.475 ,-6.14357e-06 ,0 
941,23.5 ,-5.96473e-06 ,0 
942,23.525 ,-5.79156e-06 ,0 
943,23.55 ,-5.62387e-06 ,0 
944,23.575 ,-5.46154e-06 ,0 
945,23.6 ,-5.3044e-06 ,0 
946,23.625 ,-5.15231e-06 ,0 
947,23.65 ,-5.00513e-06 ,0 
948,23.675 ,-4.86274e-06 ,0 
949,23.7 ,-4.72499e-06 ,0 
950,23.725 ,-4.59177e-06 ,0 
951,23.75 ,-4.46294e-06 ,0 
952,23.775 ,-4.33839e-06 ,0 
953,23.8 ,-4.21801e-06 ,0 
954,23.825 ,-4.10169e-06 ,0 
955,23.85 ,-3.98931e-06 ,0 
956,23.875 ,-3.88077e-06 ,0 
957,23.9 ,-3.77598e-06 ,0 
958,23.925 ,-3.67484e-06 ,0 
959,23.95 ,-3.57725e-06 ,0 
960,23.975 ,-3.48312e-06 ,0 
961,24 ,-3.39236e-06 ,0 
962,24.025 ,-3.3049e-06 ,0 
963,24.05 ,-3.22064e-06 ,0 
964,24.075 ,-3.13952e-06 ,0 
965,24.1 ,-3.06145e-06 ,0 
966,24.125 ,-2.98637e-06 ,0 
967,24.15 ,-2.91419e-06 ,0 
968,24.175 ,-2.84486e-06 ,0 
969,24.2 ,-2.77832e-06 ,0 
970,24.225 ,-2.71449e-06 ,0 
971,24.25 ,-2.65332e-06 ,0 
972,24.275 ,-2.59475e-06 ,0 
973,24.3 ,-2.53873e-06 ,0 
974,24.325 ,-2.4852e-06 ,0 
975,24.35 ,-2.43412e-06 ,0 
976,24.375 ,-2.38544e-06 ,0 
977,24.4 ,-2.3391e-06 ,0 
978,24.425 ,-2.29508e-06 ,0 
979,24.45 ,-2.25332e-06 ,0 
980,24.475 ,-2.21379e-06 ,0 
981,24.5 ,-2.17645e-06 ,0 
982,24.525 ,-2.14127e-06 ,0 
983,24.55 ,-2.10822e-06 ,0 
984,24.575 ,-2.07725e-06 ,0 
985,24.6 ,-2.04835e-06 ,0 
986,24.625 ,-2.02149e-06 ,0 
987,24.65 ,-1.99665e-06 ,0 
988,24.675 ,-1.97379e-06 ,0 
989,24.7 ,-1.95291e-06 ,0 
990,24.725 ,-1.93397e-06 ,0 
991,24.75 ,-1.91697e-06 ,0 
992,24.775 ,-1.90189e-06 ,0 
993,24.8 ,-1.88872e-06 ,0 
994,24.825 ,-1.87744e-06 ,0 
995,24.85 ,-1.86804e-06 ,0 
996,24.875 ,-1.86053e-06 ,0 
997,24.9 ,-1.85488e-06 ,0 
998,24.925 ,-1.85111e-06 ,0 
999,24.95 ,-1.8492e-06 ,0 
1000,24.975 ,-1.84915e-06 ,0 