N_e = 2
1,0 ,0 ,0 
2,0.025 ,0 ,0 
3,0.05 ,0 ,0 
4,0.075 ,0.0308662 ,0 
5,0.1 ,0.0411163 ,0 
6,0.125 ,0.0513309 ,0 
7,0.15 ,0.0615011 ,0 
8,0.175 ,0.071618 ,0 
9,0.2 ,0.0816731 ,0 
10,0.225 ,0.0916574 ,0 
11,0.25 ,0.101563 ,0 
12,0.275 ,0.11138 ,0 
13,0.3 ,0.121101 ,0 
14,0.325 ,0.130717 ,0 
15,0.35 ,0.140221 ,0 
16,0.375 ,0.149603 ,0 
17,0.4 ,0.158856 ,0 
18,0.425 ,0.167972 ,0 
19,0.45 ,0.176942 ,0 
20,0.475 ,0.18576 ,0 
21,0.5 ,0.194418 ,0 
22,0.525 ,0.202908 ,0 
23,0.55 ,0.211223 ,0 
24,0.575 ,0.219356 ,0 
25,0.6 ,0.2273 ,0 
26,0.625 ,0.235048 ,0 
27,0.65 ,0.242594 ,0 
28,0.675 ,0.24993 ,0 
29,0.7 ,0.257052 ,0 
30,0.725 ,0.263952 ,0 
31,0.75 ,0.270626 ,0 
32,0.775 ,0.277067 ,0 
33,0.8 ,0.28327 ,0 
34,0.825 ,0.28923 ,0 
35,0.85 ,0.294941 ,0 
36,0.875 ,0.300399 ,0 
37,0.9 ,0.3056 ,0 
38,0.925 ,0.310539 ,0 
39,0.95 ,0.315212 ,0 
40,0.975 ,0.319616 ,0 
41,1 ,0.323745 ,0 
42,1.025 ,0.327598 ,0 
43,1.05 ,0.331171 ,0 
44,1.075 ,0.334462 ,0 
45,1.1 ,0.337466 ,0 
46,1.125 ,0.340183 ,0 
47,1.15 ,0.342611 ,0 
48,1.175 ,0.344746 ,0 
49,1.2 ,0.346588 ,0 
50,1.225 ,0.348135 ,0 
51,1.25 ,0.349386 ,0 
52,1.275 ,0.350341 ,0 
53,1.3 ,0.350998 ,0 
54,1.325 ,0.351358 ,0 
55,1.35 ,0.35142 ,0 
56,1.375 ,0.351185 ,0 
57,1.4 ,0.350652 ,0 
58,1.425 ,0.349824 ,0 
59,1.45 ,0.348699 ,0 
60,1.475 ,0.347281 ,0 
61,1.5 ,0.34557 ,0 
62,1.525 ,0.343568 ,0 
63,1.55 ,0.341277 ,0 
64,1.575 ,0.338699 ,0 
65,1.6 ,0.335836 ,0 
66,1.625 ,0.332692 ,0 
67,1.65 ,0.329269 ,0 
68,1.675 ,0.325571 ,0 
69,1.7 ,0.3216 ,0 
70,1.725 ,0.31736 ,0 
71,1.75 ,0.312855 ,0 
72,1.775 ,0.30809 ,0 
73,1.8 ,0.303068 ,0 
74,1.825 ,0.297794 ,0 
75,1.85 ,0.292272 ,0 
76,1.875 ,0.286508 ,0 
77,1.9 ,0.280507 ,0 
78,1.925 ,0.274273 ,0 
79,1.95 ,0.267812 ,0 
80,1.975 ,0.26113 ,0 
81,2 ,0.254232 ,0 
82,2.025 ,0.247125 ,0 
83,2.05 ,0.239814 ,0 
84,2.075 ,0.232307 ,0 
85,2.1 ,0.224608 ,0 
86,2.125 ,0.216726 ,0 
87,2.15 ,0.208666 ,0 
88,2.175 ,0.200435 ,0 
89,2.2 ,0.192041 ,0 
90,2.225 ,0.18349 ,0 
91,2.25 ,0.17479 ,0 
92,2.275 ,0.165948 ,0 
93,2.3 ,0.156971 ,0 
94,2.325 ,0.147866 ,0 
95,2.35 ,0.138642 ,0 
96,2.375 ,0.129306 ,0 
97,2.4 ,0.119865 ,0 
98,2.425 ,0.110328 ,0 
99,2.45 ,0.100702 ,0 
100,2.475 ,0.0909951 ,0 
101,2.5 ,0.0812152 ,0 
102,2.525 ,0.0713702 ,0 
103,2.55 ,0.0614682 ,0 
104,2.575 ,0.0515171 ,0 
105,2.6 ,0.0415249 ,0 
106,2.625 ,0.0314997 ,0 
107,2.65 ,0.0214494 ,0 
108,2.675 ,0.0113822 ,0 
109,2.7 ,0.00130594 ,0 
110,2.725 ,-0.00877136 ,0 
111,2.75 ,-0.0188417 ,0 
112,2.775 ,-0.0288973 ,0 
113,2.8 ,-0.0389301 ,0 
114,2.825 ,-0.0489324 ,0 
115,2.85 ,-0.0588964 ,0 
116,2.875 ,-0.0688143 ,0 
117,2.9 ,-0.0786786 ,0 
118,2.925 ,-0.0884816 ,0 
119,2.95 ,-0.0982158 ,0 
120,2.975 ,-0.107874 ,0 
121,3 ,-0.117448 ,0 
122,3.025 ,-0.126932 ,0 
123,3.05 ,-0.136318 ,0 
124,3.075 ,-0.145599 ,0 
125,3.1 ,-0.154768 ,0 
126,3.125 ,-0.163819 ,0 
127,3.15 ,-0.172744 ,0 
128,3.175 ,-0.181538 ,0 
129,3.2 ,-0.190193 ,0 
130,3.225 ,-0.198704 ,0 
131,3.25 ,-0.207064 ,0 
132,3.275 ,-0.215267 ,0 
133,3.3 ,-0.223308 ,0 
134,3.325 ,-0.231181 ,0 
135,3.35 ,-0.23888 ,0 
136,3.375 ,-0.2464 ,0 
137,3.4 ,-0.253736 ,0 
138,3.425 ,-0.260882 ,0 
139,3.45 ,-0.267834 ,0 
140,3.475 ,-0.274587 ,0 
141,3.5 ,-0.281137 ,0 
142,3.525 ,-0.287479 ,0 
143,3.55 ,-0.293609 ,0 
144,3.575 ,-0.299523 ,0 
145,3.6 ,-0.305217 ,0 
146,3.625 ,-0.310688 ,0 
147,3.65 ,-0.315932 ,0 
148,3.675 ,-0.320946 ,0 
149,3.7 ,-0.325727 ,0 
150,3.725 ,-0.330272 ,0 
151,3.75 ,-0.334578 ,0 
152,3.775 ,-0.338644 ,0 
153,3.8 ,-0.342466 ,0 
154,3.825 ,-0.346042 ,0 
155,3.85 ,-0.349372 ,0 
156,3.875 ,-0.352452 ,0 
157,3.9 ,-0.355282 ,0 
158,3.925 ,-0.35786 ,0 
159,3.95 ,-0.360185 ,0 
160,3.975 ,-0.362256 ,0 
161,4 ,-0.364073 ,0 
162,4.025 ,-0.365635 ,0 
163,4.05 ,-0.366941 ,0 
164,4.075 ,-0.367992 ,0 
165,4.1 ,-0.368787 ,0 
166,4.125 ,-0.369328 ,0 
167,4.15 ,-0.369613 ,0 
168,4.175 ,-0.369644 ,0 
169,4.2 ,-0.369421 ,0 
170,4.225 ,-0.368946 ,0 
171,4.25 ,-0.368219 ,0 
172,4.275 ,-0.367243 ,0 
173,4.3 ,-0.366017 ,0 
174,4.325 ,-0.364545 ,0 
175,4.35 ,-0.362827 ,0 
176,4.375 ,-0.360866 ,0 
177,4.4 ,-0.358664 ,0 
178,4.425 ,-0.356223 ,0 
179,4.45 ,-0.353546 ,0 
180,4.475 ,-0.350635 ,0 
181,4.5 ,-0.347492 ,0 
182,4.525 ,-0.344122 ,0 
183,4.55 ,-0.340526 ,0 
184,4.575 ,-0.336708 ,0 
185,4.6 ,-0.332672 ,0 
186,4.625 ,-0.32842 ,0 
187,4.65 ,-0.323956 ,0 
188,4.675 ,-0.319284 ,0 
189,4.7 ,-0.314407 ,0 
190,4.725 ,-0.309331 ,0 
191,4.75 ,-0.304057 ,0 
192,4.775 ,-0.298591 ,0 
193,4.8 ,-0.292937 ,0 
194,4.825 ,-0.287098 ,0 
195,4.85 ,-0.28108 ,0 
196,4.875 ,-0.274887 ,0 
197,4.9 ,-0.268524 ,0 
198,4.925 ,-0.261994 ,0 
199,4.95 ,-0.255303 ,0 
200,4.975 ,-0.248456 ,0 
201,5 ,-0.241457 ,0 
202,5.025 ,-0.234311 ,0 
203,5.05 ,-0.227023 ,0 
204,5.075 ,-0.219599 ,0 
205,5.1 ,-0.212043 ,0 
206,5.125 ,-0.20436 ,0 
207,5.15 ,-0.196555 ,0 
208,5.175 ,-0.188634 ,0 
209,5.2 ,-0.180602 ,0 
210,5.225 ,-0.172464 ,0 
211,5.25 ,-0.164225 ,0 
212,5.275 ,-0.15589 ,0 
213,5.3 ,-0.147466 ,0 
214,5.325 ,-0.138956 ,0 
215,5.35 ,-0.130367 ,0 
216,5.375 ,-0.121703 ,0 
217,5.4 ,-0.11297 ,0 
218,5.425 ,-0.104174 ,0 
219,5.45 ,-0.0953183 ,0 
220,5.475 ,-0.0864098 ,0 
221,5.5 ,-0.0774531 ,0 
222,5.525 ,-0.0684536 ,0 
223,5.55 ,-0.0594163 ,0 
224,5.575 ,-0.0503464 ,0 
225,5.6 ,-0.0412491 ,0 
226,5.625 ,-0.0321294 ,0 
227,5.65 ,-0.0229924 ,0 
228,5.675 ,-0.013843 ,0 
229,5.7 ,-0.00468628 ,0 
230,5.725 ,0.00447297 ,0 
231,5.75 ,0.0136299 ,0 
232,5.775 ,0.0227796 ,0 
233,5.8 ,0.0319175 ,0 
234,5.825 ,0.0410388 ,0 
235,5.85 ,0.0501389 ,0 
236,5.875 ,0.0592133 ,0 
237,5.9 ,0.0682576 ,0 
238,5.925 ,0.0772672 ,0 
239,5.95 ,0.0862379 ,0 
240,5.975 ,0.0951655 ,0 
241,6 ,0.104046 ,0 
242,6.025 ,0.112874 ,0 
243,6.05 ,0.121648 ,0 
244,6.075 ,0.130361 ,0 
245,6.1 ,0.139012 ,0 
246,6.125 ,0.147595 ,0 
247,6.15 ,0.156108 ,0 
248,6.175 ,0.164547 ,0 
249,6.2 ,0.172908 ,0 
250,6.225 ,0.181187 ,0 
251,6.25 ,0.189382 ,0 
252,6.275 ,0.19749 ,0 
253,6.3 ,0.205506 ,0 
254,6.325 ,0.213429 ,0 
255,6.35 ,0.221255 ,0 
256,6.375 ,0.228982 ,0 
257,6.4 ,0.236606 ,0 
258,6.425 ,0.244125 ,0 
259,6.45 ,0.251536 ,0 
260,6.475 ,0.258838 ,0 
261,6.5 ,0.266028 ,0 
262,6.525 ,0.273103 ,0 
263,6.55 ,0.280061 ,0 
264,6.575 ,0.286901 ,0 
265,6.6 ,0.29362 ,0 
266,6.625 ,0.300217 ,0 
267,6.65 ,0.30669 ,0 
268,6.675 ,0.313037 ,0 
269,6.7 ,0.319257 ,0 
270,6.725 ,0.325348 ,0 
271,6.75 ,0.331309 ,0 
272,6.775 ,0.337139 ,0 
273,6.8 ,0.342837 ,0 
274,6.825 ,0.348401 ,0 
275,6.85 ,0.35383 ,0 
276,6.875 ,0.359125 ,0 
277,6.9 ,0.364283 ,0 
278,6.925 ,0.369305 ,0 
279,6.95 ,0.37419 ,0 
280,6.975 ,0.378937 ,0 
281,7 ,0.383545 ,0 
282,7.025 ,0.388016 ,0 
283,7.05 ,0.392348 ,0 
284,7.075 ,0.396541 ,0 
285,7.1 ,0.400595 ,0 
286,7.125 ,0.404511 ,0 
287,7.15 ,0.408288 ,0 
288,7.175 ,0.411927 ,0 
289,7.2 ,0.415428 ,0 
290,7.225 ,0.41879 ,0 
291,7.25 ,0.422016 ,0 
292,7.275 ,0.425105 ,0 
293,7.3 ,0.428058 ,0 
294,7.325 ,0.430875 ,0 
295,7.35 ,0.433557 ,0 
296,7.375 ,0.436105 ,0 
297,7.4 ,0.438521 ,0 
298,7.425 ,0.440804 ,0 
299,7.45 ,0.442955 ,0 
300,7.475 ,0.444977 ,0 
301,7.5 ,0.44687 ,0 
302,7.525 ,0.448634 ,0 
303,7.55 ,0.450272 ,0 
304,7.575 ,0.451785 ,0 
305,7.6 ,0.453174 ,0 
306,7.625 ,0.45444 ,0 
307,7.65 ,0.455585 ,0 
308,7.675 ,0.45661 ,0 
309,7.7 ,0.457517 ,0 
310,7.725 ,0.458308 ,0 
311,7.75 ,0.458983 ,0 
312,7.775 ,0.459545 ,0 
313,7.8 ,0.459996 ,0 
314,7.825 ,0.460337 ,0 
315,7.85 ,0.460569 ,0 
316,7.875 ,0.460695 ,0 
317,7.9 ,0.460717 ,0 
318,7.925 ,0.460636 ,0 
319,7.95 ,0.460455 ,0 
320,7.975 ,0.460174 ,0 
321,8 ,0.459796 ,0 
322,8.025 ,0.459324 ,0 
323,8.05 ,0.458758 ,0 
324,8.075 ,0.4581 ,0 
325,8.1 ,0.457353 ,0 
326,8.125 ,0.456519 ,0 
327,8.15 ,0.455599 ,0 
328,8.175 ,0.454595 ,0 
329,8.2 ,0.453509 ,0 
330,8.225 ,0.452343 ,0 
331,8.25 ,0.451099 ,0 
332,8.275 ,0.449779 ,0 
333,8.3 ,0.448384 ,0 
334,8.325 ,0.446917 ,0 
335,8.35 ,0.445379 ,0 
336,8.375 ,0.443772 ,0 
337,8.4 ,0.442099 ,0 
338,8.425 ,0.44036 ,0 
339,8.45 ,0.438557 ,0 
340,8.475 ,0.436694 ,0 
341,8.5 ,0.43477 ,0 
342,8.525 ,0.432788 ,0 
343,8.55 ,0.43075 ,0 
344,8.575 ,0.428658 ,0 
345,8.6 ,0.426513 ,0 
346,8.625 ,0.424317 ,0 
347,8.65 ,0.422071 ,0 
348,8.675 ,0.419778 ,0 
349,8.7 ,0.417438 ,0 
350,8.725 ,0.415055 ,0 
351,8.75 ,0.412628 ,0 
352,8.775 ,0.41016 ,0 
353,8.8 ,0.407653 ,0 
354,8.825 ,0.405108 ,0 
355,8.85 ,0.402526 ,0 
356,8.875 ,0.399909 ,0 
357,8.9 ,0.397259 ,0 
358,8.925 ,0.394576 ,0 
359,8.95 ,0.391864 ,0 
360,8.975 ,0.389122 ,0 
361,9 ,0.386352 ,0 
362,9.025 ,0.383556 ,0 
363,9.05 ,0.380735 ,0 
364,9.075 ,0.377891 ,0 
365,9.1 ,0.375024 ,0 
366,9.125 ,0.372136 ,0 
367,9.15 ,0.369229 ,0 
368,9.175 ,0.366303 ,0 
369,9.2 ,0.36336 ,0 
370,9.225 ,0.360402 ,0 
371,9.25 ,0.357428 ,0 
372,9.275 ,0.354441 ,0 
373,9.3 ,0.351441 ,0 
374,9.325 ,0.34843 ,0 
375,9.35 ,0.345409 ,0 
376,9.375 ,0.342379 ,0 
377,9.4 ,0.33934 ,0 
378,9.425 ,0.336295 ,0 
379,9.45 ,0.333243 ,0 
380,9.475 ,0.330187 ,0 
381,9.5 ,0.327126 ,0 
382,9.525 ,0.324063 ,0 
383,9.55 ,0.320997 ,0 
384,9.575 ,0.317929 ,0 
385,9.6 ,0.314862 ,0 
386,9.625 ,0.311794 ,0 
387,9.65 ,0.308728 ,0 
388,9.675 ,0.305664 ,0 
389,9.7 ,0.302603 ,0 
390,9.725 ,0.299546 ,0 
391,9.75 ,0.296493 ,0 
392,9.775 ,0.293445 ,0 
393,9.8 ,0.290404 ,0 
394,9.825 ,0.287368 ,0 
395,9.85 ,0.28434 ,0 
396,9.875 ,0.28132 ,0 
397,9.9 ,0.278308 ,0 
398,9.925 ,0.275306 ,0 
399,9.95 ,0.272313 ,0 
400,9.975 ,0.269331 ,0 
401,10 ,0.26636 ,0 
402,10.025 ,0.2634 ,0 
403,10.05 ,0.260452 ,0 
404,10.075 ,0.257517 ,0 
405,10.1 ,0.254594 ,0 
406,10.125 ,0.251685 ,0 
407,10.15 ,0.24879 ,0 
408,10.175 ,0.24591 ,0 
409,10.2 ,0.243044 ,0 
410,10.225 ,0.240193 ,0 
411,10.25 ,0.237358 ,0 
412,10.275 ,0.23454 ,0 
413,10.3 ,0.231737 ,0 
414,10.325 ,0.228951 ,0 
415,10.35 ,0.226182 ,0 
416,10.375 ,0.223431 ,0 
417,10.4 ,0.220697 ,0 
418,10.425 ,0.217982 ,0 
419,10.45 ,0.215284 ,0 
420,10.475 ,0.212605 ,0 
421,10.5 ,0.209945 ,0 
422,10.525 ,0.207304 ,0 
423,10.55 ,0.204683 ,0 
424,10.575 ,0.20208 ,0 
425,10.6 ,0.199498 ,0 
426,10.625 ,0.196935 ,0 
427,10.65 ,0.194392 ,0 
428,10.675 ,0.19187 ,0 
429,10.7 ,0.189368 ,0 
430,10.725 ,0.186886 ,0 
431,10.75 ,0.184425 ,0 
432,10.775 ,0.181985 ,0 
433,10.8 ,0.179566 ,0 
434,10.825 ,0.177168 ,0 
435,10.85 ,0.174791 ,0 
436,10.875 ,0.172436 ,0 
437,10.9 ,0.170101 ,0 
438,10.925 ,0.167788 ,0 
439,10.95 ,0.165497 ,0 
440,10.975 ,0.163226 ,0 
441,11 ,0.160978 ,0 
442,11.025 ,0.158751 ,0 
443,11.05 ,0.156545 ,0 
444,11.075 ,0.154362 ,0 
445,11.1 ,0.152199 ,0 
446,11.125 ,0.150059 ,0 
447,11.15 ,0.14794 ,0 
448,11.175 ,0.145843 ,0 
449,11.2 ,0.143767 ,0 
450,11.225 ,0.141713 ,0 
451,11.25 ,0.13968 ,0 
452,11.275 ,0.137669 ,0 
453,11.3 ,0.13568 ,0 
454,11.325 ,0.133712 ,0 
455,11.35 ,0.131765 ,0 
456,11.375 ,0.12984 ,0 
457,11.4 ,0.127936 ,0 
458,11.425 ,0.126053 ,0 
459,11.45 ,0.124191 ,0 
460,11.475 ,0.122351 ,0 
461,11.5 ,0.120531 ,0 
462,11.525 ,0.118732 ,0 
463,11.55 ,0.116955 ,0 
464,11.575 ,0.115197 ,0 
465,11.6 ,0.113461 ,0 
466,11.625 ,0.111745 ,0 
467,11.65 ,0.110049 ,0 
468,11.675 ,0.108374 ,0 
469,11.7 ,0.106719 ,0 
470,11.725 ,0.105084 ,0 
471,11.75 ,0.10347 ,0 
472,11.775 ,0.101874 ,0 
473,11.8 ,0.100299 ,0 
474,11.825 ,0.0987435 ,0 
475,11.85 ,0.0972073 ,0 
476,11.875 ,0.0956905 ,0 
477,11.9 ,0.0941929 ,0 
478,11.925 ,0.0927144 ,0 
479,11.95 ,0.0912549 ,0 
480,11.975 ,0.0898142 ,0 
481,12 ,0.0883921 ,0 
482,12.025 ,0.0869886 ,0 
483,12.05 ,0.0856035 ,0 
484,12.075 ,0.0842366 ,0 
485,12.1 ,0.0828879 ,0 
486,12.125 ,0.0815571 ,0 
487,12.15 ,0.0802441 ,0 
488,12.175 ,0.0789487 ,0 
489,12.2 ,0.0776709 ,0 
490,12.225 ,0.0764104 ,0 
491,12.25 ,0.0751671 ,0 
492,12.275 ,0.0739409 ,0 
493,12.3 ,0.0727315 ,0 
494,12.325 ,0.0715389 ,0 
495,12.35 ,0.0703628 ,0 
496,12.375 ,0.0692032 ,0 
497,12.4 ,0.0680598 ,0 
498,12.425 ,0.0669325 ,0 
499,12.45 ,0.0658212 ,0 
500,12.475 ,0.0647256 ,0 
501,12.5 ,0.0636457 ,0 
502,12.525 ,0.0625813 ,0 
503,12.55 ,0.0615321 ,0 
504,12.575 ,0.0604981 ,0 
505,12.6 ,0.0594791 ,0 
506,12.625 ,0.058475 ,0 
507,12.65 ,0.0574855 ,0 
508,12.675 ,0.0565105 ,0 
509,12.7 ,0.0555499 ,0 
510,12.725 ,0.0546035 ,0 
511,12.75 ,0.0536712 ,0 
512,12.775 ,0.0527527 ,0 
513,12.8 ,0.051848 ,0 
514,12.825 ,0.0509568 ,0 
515,12.85 ,0.050079 ,0 
516,12.875 ,0.0492146 ,0 
517,12.9 ,0.0483632 ,0 
518,12.925 ,0.0475248 ,0 
519,12.95 ,0.0466991 ,0 
520,12.975 ,0.0458862 ,0 
521,13 ,0.0450857 ,0 
522,13.025 ,0.0442976 ,0 
523,13.05 ,0.0435216 ,0 
524,13.075 ,0.0427577 ,0 
525,13.1 ,0.0420057 ,0 
526,13.125 ,0.0412655 ,0 
527,13.15 ,0.0405369 ,0 
528,13.175 ,0.0398197 ,0 
529,13.2 ,0.0391138 ,0 
530,13.225 ,0.0384191 ,0 
531,13.25 ,0.0377354 ,0 
532,13.275 ,0.0370626 ,0 
533,13.3 ,0.0364005 ,0 
534,13.325 ,0.0357491 ,0 
535,13.35 ,0.0351081 ,0 
536,13.375 ,0.0344774 ,0 
537,13.4 ,0.0338569 ,0 
538,13.425 ,0.0332464 ,0 
539,13.45 ,0.0326459 ,0 
540,13.475 ,0.0320551 ,0 
541,13.5 ,0.031474 ,0 
542,13.525 ,0.0309024 ,0 
543,13.55 ,0.0303402 ,0 
544,13.575 ,0.0297872 ,0 
545,13.6 ,0.0292434 ,0 
546,13.625 ,0.0287086 ,0 
547,13.65 ,0.0281826 ,0 
548,13.675 ,0.0276654 ,0 
549,13.7 ,0.0271568 ,0 
550,13.725 ,0.0266567 ,0 
551,13.75 ,0.026165 ,0 
552,13.775 ,0.0256816 ,0 
553,13.8 ,0.0252063 ,0 
554,13.825 ,0.0247391 ,0 
555,13.85 ,0.0242797 ,0 
556,13.875 ,0.0238281 ,0 
557,13.9 ,0.0233843 ,0 
558,13.925 ,0.022948 ,0 
559,13.95 ,0.0225191 ,0 
560,13.975 ,0.0220976 ,0 
561,14 ,0.0216833 ,0 
562,14.025 ,0.0212762 ,0 
563,14.05 ,0.0208761 ,0 
564,14.075 ,0.0204829 ,0 
565,14.1 ,0.0200965 ,0 
566,14.125 ,0.0197168 ,0 
567,14.15 ,0.0193437 ,0 
568,14.175 ,0.0189771 ,0 
569,14.2 ,0.018617 ,0 
570,14.225 ,0.0182631 ,0 
571,14.25 ,0.0179155 ,0 
572,14.275 ,0.017574 ,0 
573,14.3 ,0.0172385 ,0 
574,14.325 ,0.0169089 ,0 
575,14.35 ,0.0165851 ,0 
576,14.375 ,0.0162671 ,0 
577,14.4 ,0.0159548 ,0 
578,14.425 ,0.015648 ,0 
579,14.45 ,0.0153466 ,0 
580,14.475 ,0.0150507 ,0 
581,14.5 ,0.0147601 ,0 
582,14.525 ,0.0144747 ,0 
583,14.55 ,0.0141944 ,0 
584,14.575 ,0.0139191 ,0 
585,14.6 ,0.0136489 ,0 
586,14.625 ,0.0133835 ,0 
587,14.65 ,0.0131229 ,0 
588,14.675 ,0.0128671 ,0 
589,14.7 ,0.0126159 ,0 
590,14.725 ,0.0123693 ,0 
591,14.75 ,0.0121272 ,0 
592,14.775 ,0.0118895 ,0 
593,14.8 ,0.0116562 ,0 
594,14.825 ,0.0114271 ,0 
595,14.85 ,0.0112023 ,0 
596,14.875 ,0.0109816 ,0 
597,14.9 ,0.010765 ,0 
598,14.925 ,0.0105524 ,0 
599,14.95 ,0.0103437 ,0 
600,14.975 ,0.0101389 ,0 
601,15 ,0.00993791 ,0 
602,15.025 ,0.00974065 ,0 
603,15.05 ,0.00954706 ,0 
604,15.075 ,0.00935709 ,0 
605,15.1 ,0.00917068 ,0 
606,15.125 ,0.00898775 ,0 
607,15.15 ,0.00880826 ,0 
608,15.175 ,0.00863214 ,0 
609,15.2 ,0.00845934 ,0 
610,15.225 ,0.00828979 ,0 
611,15.25 ,0.00812345 ,0 
612,15.275 ,0.00796025 ,0 
613,15.3 ,0.00780015 ,0 
614,15.325 ,0.00764308 ,0 
615,15.35 ,0.007489 ,0 
616,15.375 ,0.00733785 ,0 
617,15.4 ,0.00718958 ,0 
618,15.425 ,0.00704415 ,0 
619,15.45 ,0.00690149 ,0 
620,15.475 ,0.00676156 ,0 
621,15.5 ,0.00662432 ,0 
622,15.525 ,0.00648972 ,0 
623,15.55 ,0.0063577 ,0 
624,15.575 ,0.00622823 ,0 
625,15.6 ,0.00610125 ,0 
626,15.625 ,0.00597673 ,0 
627,15.65 ,0.00585461 ,0 
628,15.675 ,0.00573487 ,0 
629,15.7 ,0.00561744 ,0 
630,15.725 ,0.0055023 ,0 
631,15.75 ,0.00538939 ,0 
632,15.775 ,0.00527869 ,0 
633,15.8 ,0.00517015 ,0 
634,15.825 ,0.00506372 ,0 
635,15.85 ,0.00495938 ,0 
636,15.875 ,0.00485708 ,0 
637,15.9 ,0.00475679 ,0 
638,15.925 ,0.00465847 ,0 
639,15.95 ,0.00456208 ,0 
640,15.975 ,0.0044676 ,0 
641,16 ,0.00437497 ,0 
642,16.025 ,0.00428417 ,0 
643,16.05 ,0.00419517 ,0 
644,16.075 ,0.00410793 ,0 
645,16.1 ,0.00402242 ,0 
646,16.125 ,0.00393861 ,0 
647,16.15 ,0.00385646 ,0 
648,16.175 ,0.00377595 ,0 
649,16.2 ,0.00369704 ,0 
650,16.225 ,0.00361971 ,0 
651,16.25 ,0.00354392 ,0 
652,16.275 ,0.00346965 ,0 
653,16.3 ,0.00339686 ,0 
654,16.325 ,0.00332553 ,0 
655,16.35 ,0.00325564 ,0 
656,16.375 ,0.00318715 ,0 
657,16.4 ,0.00312003 ,0 
658,16.425 ,0.00305427 ,0 
659,16.45 ,0.00298984 ,0 
660,16.475 ,0.00292671 ,0 
661,16.5 ,0.00286485 ,0 
662,16.525 ,0.00280424 ,0 
663,16.55 ,0.00274487 ,0 
664,16.575 ,0.00268669 ,0 
665,16.6 ,0.0026297 ,0 
666,16.625 ,0.00257387 ,0 
667,16.65 ,0.00251917 ,0 
668,16.675 ,0.00246559 ,0 
669,16.7 ,0.0024131 ,0 
670,16.725 ,0.00236169 ,0 
671,16.75 ,0.00231132 ,0 
672,16.775 ,0.00226199 ,0 
673,16.8 ,0.00221367 ,0 
674,16.825 ,0.00216634 ,0 
675,16.85 ,0.00211998 ,0 
676,16.875 ,0.00207457 ,0 
677,16.9 ,0.0020301 ,0 
678,16.925 ,0.00198654 ,0 
679,16.95 ,0.00194389 ,0 
680,16.975 ,0.00190211 ,0 
681,17 ,0.0018612 ,0 
682,17.025 ,0.00182113 ,0 
683,17.05 ,0.0017819 ,0 
684,17.075 ,0.00174347 ,0 
685,17.1 ,0.00170585 ,0 
686,17.125 ,0.001669 ,0 
687,17.15 ,0.00163293 ,0 
688,17.175 ,0.0015976 ,0 
689,17.2 ,0.00156301 ,0 
690,17.225 ,0.00152914 ,0 
691,17.25 ,0.00149598 ,0 
692,17.275 ,0.00146351 ,0 
693,17.3 ,0.00143173 ,0 
694,17.325 ,0.0014006 ,0 
695,17.35 ,0.00137013 ,0 
696,17.375 ,0.0013403 ,0 
697,17.4 ,0.0013111 ,0 
698,17.425 ,0.00128251 ,0 
699,17.45 ,0.00125452 ,0 
700,17.475 ,0.00122712 ,0 
701,17.5 ,0.0012003 ,0 
702,17.525 ,0.00117404 ,0 
703,17.55 ,0.00114834 ,0 
704,17.575 ,0.00112319 ,0 
705,17.6 ,0.00109856 ,0 
706,17.625 ,0.00107446 ,0 
707,17.65 ,0.00105087 ,0 
708,17.675 ,0.00102778 ,0 
709,17.7 ,0.00100518 ,0 
710,17.725 ,0.00098306 ,0 
711,17.75 ,0.000961411 ,0 
712,17.775 ,0.000940223 ,0 
713,17.8 ,0.000919488 ,0 
714,17.825 ,0.000899194 ,0 
715,17.85 ,0.000879335 ,0 
716,17.875 ,0.0008599 ,0 
717,17.9 ,0.00084088 ,0 
718,17.925 ,0.000822268 ,0 
719,17.95 ,0.000804055 ,0 
720,17.975 ,0.000786233 ,0 
721,18 ,0.000768793 ,0 
722,18.025 ,0.000751728 ,0 
723,18.05 ,0.000735031 ,0 
724,18.075 ,0.000718692 ,0 
725,18.1 ,0.000702706 ,0 
726,18.125 ,0.000687065 ,0 
727,18.15 ,0.000671761 ,0 
728,18.175 ,0.000656788 ,0 
729,18.2 ,0.000642138 ,0 
730,18.225 ,0.000627805 ,0 
731,18.25 ,0.000613783 ,0 
732,18.275 ,0.000600065 ,0 
733,18.3 ,0.000586644 ,0 
734,18.325 ,0.000573514 ,0 
735,18.35 ,0.00056067 ,0 
736,18.375 ,0.000548105 ,0 
737,18.4 ,0.000535814 ,0 
738,18.425 ,0.00052379 ,0 
739,18.45 ,0.000512028 ,0 
740,18.475 ,0.000500523 ,0 
741,18.5 ,0.000489269 ,0 
742,18.525 ,0.000478261 ,0 
743,18.55 ,0.000467493 ,0 
744,18.575 ,0.000456961 ,0 
745,18.6 ,0.00044666 ,0 
746,18.625 ,0.000436585 ,0 
747,18.65 ,0.00042673 ,0 
748,18.675 ,0.000417092 ,0 
749,18.7 ,0.000407665 ,0 
750,18.725 ,0.000398446 ,0 
751,18.75 ,0.00038943 ,0 
752,18.775 ,0.000380612 ,0 
753,18.8 ,0.000371988 ,0 
754,18.825 ,0.000363555 ,0 
755,18.85 ,0.000355307 ,0 
756,18.875 ,0.000347242 ,0 
757,18.9 ,0.000339355 ,0 
758,18.925 ,0.000331642 ,0 
759,18.95 ,0.0003241 ,0 
760,18.975 ,0.000316725 ,0 
761,19 ,0.000309514 ,0 
762,19.025 ,0.000302462 ,0 
763,19.05 ,0.000295567 ,0 
764,19.075 ,0.000288825 ,0 
765,19.1 ,0.000282233 ,0 
766,19.125 ,0.000275788 ,0 
767,19.15 ,0.000269486 ,0 
768,19.175 ,0.000263325 ,0 
769,19.2 ,0.0002573 ,0 
770,19.225 ,0.000251411 ,0 
771,19.25 ,0.000245652 ,0 
772,19.275 ,0.000240022 ,0 
773,19.3 ,0.000234518 ,0 
774,19.325 ,0.000229138 ,0 
775,19.35 ,0.000223877 ,0 
776,19.375 ,0.000218735 ,0 
777,19.4 ,0.000213707 ,0 
778,19.425 ,0.000208793 ,0 
779,19.45 ,0.000203989 ,0 
780,19.475 ,0.000199292 ,0 
781,19.5 ,0.000194701 ,0 
782,19.525 ,0.000190214 ,0 
783,19.55 ,0.000185827 ,0 
784,19.575 ,0.00018154 ,0 
785,19.6 ,0.000177348 ,0 
786,19.625 ,0.000173252 ,0 
787,19.65 ,0.000169248 ,0 
788,19.675 ,0.000165334 ,0 
789,19.7 ,0.000161508 ,0 
790,19.725 ,0.000157769 ,0 
791,19.75 ,0.000154115 ,0 
792,19.775 ,0.000150543 ,0 
793,19.8 ,0.000147053 ,0 
794,19.825 ,0.000143641 ,0 
795,19.85 ,0.000140307 ,0 
796,19.875 ,0.000137048 ,0 
797,19.9 ,0.000133864 ,0 
798,19.925 ,0.000130752 ,0 
799,19.95 ,0.00012771 ,0 
800,19.975 ,0.000124738 ,0 
801,20 ,0.000121833 ,0 
802,20.025 ,0.000118995 ,0 
803,20.05 ,0.000116221 ,0 
804,20.075 ,0.000113511 ,0 
805,20.1 ,0.000110862 ,0 
806,20.125 ,0.000108274 ,0 
807,20.15 ,0.000105745 ,0 
808,20.175 ,0.000103274 ,0 
809,20.2 ,0.000100859 ,0 
810,20.225 ,9.84999e-05 ,0 
811,20.25 ,9.61946e-05 ,0 
812,20.275 ,9.39421e-05 ,0 
813,20.3 ,9.17413e-05 ,0 
814,20.325 ,8.9591e-05 ,0 
815,20.35 ,8.749e-05 ,0 
816,20.375 ,8.54374e-05 ,0 
817,20.4 ,8.34319e-05 ,0 
818,20.425 ,8.14725e-05 ,0 
819,20.45 ,7.95582e-05 ,0 
820,20.475 ,7.7688e-05 ,0 
821,20.5 ,7.58609e-05 ,0 
822,20.525 ,7.4076e-05 ,0 
823,20.55 ,7.23322e-05 ,0 
824,20.575 ,7.06286e-05 ,0 
825,20.6 ,6.89644e-05 ,0 
826,20.625 ,6.73387e-05 ,0 
827,20.65 ,6.57505e-05 ,0 
828,20.675 ,6.41991e-05 ,0 
829,20.7 ,6.26836e-05 ,0 
830,20.725 ,6.12032e-05 ,0 
831,20.75 ,5.97571e-05 ,0 
832,20.775 ,5.83445e-05 ,0 
833,20.8 ,5.69648e-05 ,0 
834,20.825 ,5.5617e-05 ,0 
835,20.85 ,5.43006e-05 ,0 
836,20.875 ,5.30147e-05 ,0 
837,20.9 ,5.17588e-05 ,0 
838,20.925 ,5.0532e-05 ,0 
839,20.95 ,4.93339e-05 ,0 
840,20.975 ,4.81636e-05 ,0 
841,21 ,4.70206e-05 ,0 
842,21.025 ,4.59043e-05 ,0 
843,21.05 ,4.48141e-05 ,0 
844,21.075 ,4.37492e-05 ,0 
845,21.1 ,4.27093e-05 ,0 
846,21.125 ,4.16937e-05 ,0 
847,21.15 ,4.07018e-05 ,0 
848,21.175 ,3.97331e-05 ,0 
849,21.2 ,3.87871e-05 ,0 
850,21.225 ,3.78633e-05 ,0 
851,21.25 ,3.69611e-05 ,0 
852,21.275 ,3.60801e-05 ,0 
853,21.3 ,3.52198e-05 ,0 
854,21.325 ,3.43796e-05 ,0 
855,21.35 ,3.35592e-05 ,0 
856,21.375 ,3.27581e-05 ,0 
857,21.4 ,3.19759e-05 ,0 
858,21.425 ,3.1212e-05 ,0 
859,21.45 ,3.04661e-05 ,0 
860,21.475 ,2.97378e-05 ,0 
861,21.5 ,2.90267e-05 ,0 
862,21.525 ,2.83324e-05 ,0 
863,21.55 ,2.76544e-05 ,0 
864,21.575 ,2.69925e-05 ,0 
865,21.6 ,2.63462e-05 ,0 
866,21.625 ,2.57152e-05 ,0 
867,21.65 ,2.50991e-05 ,0 
868,21.675 ,2.44976e-05 ,0 
869,21.7 ,2.39104e-05 ,0 
870,21.725 ,2.3337e-05 ,0 
871,21.75 ,2.27773e-05 ,0 
872,21.775 ,2.22309e-05 ,0 
873,21.8 ,2.16974e-05 ,0 
874,21.825 ,2.11767e-05 ,0 
875,21.85 ,2.06683e-05 ,0 
876,21.875 ,2.0172e-05 ,0 
877,21.9 ,1.96875e-05 ,0 
878,21.925 ,1.92146e-05 ,0 
879,21.95 ,1.87529e-05 ,0 
880,21.975 ,1.83023e-05 ,0 
881,22 ,1.78625e-05 ,0 
882,22.025 ,1.74331e-05 ,0 
883,22.05 ,1.7014e-05 ,0 
884,22.075 ,1.6605e-05 ,0 
885,22.1 ,1.62057e-05 ,0 
886,22.125 ,1.5816e-05 ,0 
887,22.15 ,1.54357e-05 ,0 
888,22.175 ,1.50645e-05 ,0 
889,22.2 ,1.47022e-05 ,0 
890,22.225 ,1.43486e-05 ,0 
891,22.25 ,1.40036e-05 ,0 
892,22.275 ,1.36668e-05 ,0 
893,22.3 ,1.33382e-05 ,0 
894,22.325 ,1.30175e-05 ,0 
895,22.35 ,1.27046e-05 ,0 
896,22.375 ,1.23992e-05 ,0 
897,22.4 ,1.21012e-05 ,0 
898,22.425 ,1.18104e-05 ,0 
899,22.45 ,1.15267e-05 ,0 
900,22.475 ,1.12499e-05 ,0 
901,22.5 ,1.09798e-05 ,0 
902,22.525 ,1.07163e-05 ,0 
903,22.55 ,1.04592e-05 ,0 
904,22.575 ,1.02083e-05 ,0 
905,22.6 ,9.96362e-06 ,0 
906,22.625 ,9.7249e-06 ,0 
907,22.65 ,9.49202e-06 ,0 
908,22.675 ,9.26486e-06 ,0 
909,22.7 ,9.04327e-06 ,0 
910,22.725 ,8.82713e-06 ,0 
911,22.75 ,8.61632e-06 ,0 
912,22.775 ,8.4107e-06 ,0 
913,22.8 ,8.21017e-06 ,0 
914,22.825 ,8.01459e-06 ,0 
915,22.85 ,7.82387e-06 ,0 
916,22.875 ,7.63788e-06 ,0 
917,22.9 ,7.45652e-06 ,0 
918,22.925 ,7.27969e-06 ,0 
919,22.95 ,7.10727e-06 ,0 
920,22.975 ,6.93916e-06 ,0 
921,23 ,6.77528e-06 ,0 
922,23.025 ,6.61552e-06 ,0 
923,23.05 ,6.45978e-06 ,0 
924,23.075 ,6.30798e-06 ,0 
925,23.1 ,6.16002e-06 ,0 
926,23.125 ,6.01583e-06 ,0 
927,23.15 ,5.87531e-06 ,0 
928,23.175 ,5.73838e-06 ,0 
929,23.2 ,5.60495e-06 ,0 
930,23.225 ,5.47496e-06 ,0 
931,23.25 ,5.34832e-06 ,0 
932,23.275 ,5.22496e-06 ,0 
933,23.3 ,5.10481e-06 ,0 
934,23.325 ,4.98779e-06 ,0 
935,23.35 ,4.87383e-06 ,0 
936,23.375 ,4.76287e-06 ,0 
937,23.4 ,4.65484e-06 ,0 
938,23.425 ,4.54968e-06 ,0 
939,23.45 ,4.44732e-06 ,0 
940,23.475 ,4.3477e-06 ,0 
941,23.5 ,4.25077e-06 ,0 
942,23.525 ,4.15646e-06 ,0 
943,23.55 ,4.06472e-06 ,0 
944,23.575 ,3.97549e-06 ,0 
945,23.6 ,3.88873e-06 ,0 
946,23.625 ,3.80437e-06 ,0 
947,23.65 ,3.72237e-06 ,0 
948,23.675 ,3.64268e-06 ,0 
949,23.7 ,3.56525e-06 ,0 
950,23.725 ,3.49003e-06 ,0 
951,23.75 ,3.41698e-06 ,0 
952,23.775 ,3.34606e-06 ,0 
953,23.8 ,3.27723e-06 ,0 
954,23.825 ,3.21043e-06 ,0 
955,23.85 ,3.14563e-06 ,0 
956,23.875 ,3.0828e-06 ,0 
957,23.9 ,3.02189e-06 ,0 
958,23.925 ,2.96287e-06 ,0 
959,23.95 ,2.9057e-06 ,0 
960,23.975 ,2.85035e-06 ,0 
961,24 ,2.79679e-06 ,0 
962,24.025 ,2.74497e-06 ,0 
963,24.05 ,2.69488e-06 ,0 
964,24.075 ,2.64647e-06 ,0 
965,24.1 ,2.59973e-06 ,0 
966,24.125 ,2.55462e-06 ,0 
967,24.15 ,2.51112e-06 ,0 
968,24.175 ,2.4692e-06 ,0 
969,24.2 ,2.42883e-06 ,0 
970,24.225 ,2.38999e-06 ,0 
971,24.25 ,2.35265e-06 ,0 
972,24.275 ,2.3168e-06 ,0 
973,24.3 ,2.28241e-06 ,0 
974,24.325 ,2.24947e-06 ,0 
975,24.35 ,2.21794e-06 ,0 
976,24.375 ,2.18782e-06 ,0 
977,24.4 ,2.15908e-06 ,0 
978,24.425 ,2.13171e-06 ,0 
979,24.45 ,2.1057e-06 ,0 
980,24.475 ,2.08101e-06 ,0 
981,24.5 ,2.05765e-06 ,0 
982,24.525 ,2.03559e-06 ,0 
983,24.55 ,2.01483e-06 ,0 
984,24.575 ,1.99534e-06 ,0 
985,24.6 ,1.97713e-06 ,0 
986,24.625 ,1.96018e-06 ,0 
987,24.65 ,1.94447e-06 ,0 
988,24.675 ,1.93e-06 ,0 
989,24.7 ,1.91677e-06 ,0 
990,24.725 ,1.90475e-06 ,0 
991,24.75 ,1.89396e-06 ,0 
992,24.775 ,1.88437e-06 ,0 
993,24.8 ,1.87599e-06 ,0 
994,24.825 ,1.86881e-06 ,0 
995,24.85 ,1.86283e-06 ,0 
996,24.875 ,1.85804e-06 ,0 
997,24.9 ,1.85444e-06 ,0 
998,24.925 ,1.85203e-06 ,0 
999,24.95 ,1.85081e-06 ,0 
1000,24.975 ,1.85078e-06 ,0 