N_e = 2
1,0 ,0 ,0 
2,0.025 ,0 ,0 
3,0.05 ,0 ,0 
4,0.075 ,0.000553463 ,0 
5,0.1 ,0.000958837 ,0 
6,0.125 ,0.00148384 ,0 
7,0.15 ,0.00212701 ,0 
8,0.175 ,0.0028875 ,0 
9,0.2 ,0.0037647 ,0 
10,0.225 ,0.00475804 ,0 
11,0.25 ,0.00586696 ,0 
12,0.275 ,0.00709086 ,0 
13,0.3 ,0.00842912 ,0 
14,0.325 ,0.00988108 ,0 
15,0.35 ,0.011446 ,0 
16,0.375 ,0.0131232 ,0 
17,0.4 ,0.0149117 ,0 
18,0.425 ,0.0168108 ,0 
19,0.45 ,0.0188196 ,0 
20,0.475 ,0.0209369 ,0 
21,0.5 ,0.023162 ,0 
22,0.525 ,0.0254936 ,0 
23,0.55 ,0.0279306 ,0 
24,0.575 ,0.030472 ,0 
25,0.6 ,0.0331164 ,0 
26,0.625 ,0.0358627 ,0 
27,0.65 ,0.0387095 ,0 
28,0.675 ,0.0416555 ,0 
29,0.7 ,0.0446992 ,0 
30,0.725 ,0.0478393 ,0 
31,0.75 ,0.0510742 ,0 
32,0.775 ,0.0544024 ,0 
33,0.8 ,0.0578224 ,0 
34,0.825 ,0.0613324 ,0 
35,0.85 ,0.064931 ,0 
36,0.875 ,0.0686163 ,0 
37,0.9 ,0.0723867 ,0 
38,0.925 ,0.0762404 ,0 
39,0.95 ,0.0801755 ,0 
40,0.975 ,0.0841903 ,0 
41,1 ,0.0882829 ,0 
42,1.025 ,0.0924513 ,0 
43,1.05 ,0.0966936 ,0 
44,1.075 ,0.101008 ,0 
45,1.1 ,0.105392 ,0 
46,1.125 ,0.109844 ,0 
47,1.15 ,0.114362 ,0 
48,1.175 ,0.118944 ,0 
49,1.2 ,0.123588 ,0 
50,1.225 ,0.128291 ,0 
51,1.25 ,0.133051 ,0 
52,1.275 ,0.137867 ,0 
53,1.3 ,0.142736 ,0 
54,1.325 ,0.147655 ,0 
55,1.35 ,0.152623 ,0 
56,1.375 ,0.157638 ,0 
57,1.4 ,0.162696 ,0 
58,1.425 ,0.167797 ,0 
59,1.45 ,0.172937 ,0 
60,1.475 ,0.178114 ,0 
61,1.5 ,0.183326 ,0 
62,1.525 ,0.18857 ,0 
63,1.55 ,0.193845 ,0 
64,1.575 ,0.199148 ,0 
65,1.6 ,0.204476 ,0 
66,1.625 ,0.209828 ,0 
67,1.65 ,0.2152 ,0 
68,1.675 ,0.220591 ,0 
69,1.7 ,0.225999 ,0 
70,1.725 ,0.23142 ,0 
71,1.75 ,0.236852 ,0 
72,1.775 ,0.242294 ,0 
73,1.8 ,0.247743 ,0 
74,1.825 ,0.253196 ,0 
75,1.85 ,0.258651 ,0 
76,1.875 ,0.264106 ,0 
77,1.9 ,0.269559 ,0 
78,1.925 ,0.275007 ,0 
79,1.95 ,0.280448 ,0 
80,1.975 ,0.28588 ,0 
81,2 ,0.2913 ,0 
82,2.025 ,0.296706 ,0 
83,2.05 ,0.302097 ,0 
84,2.075 ,0.307469 ,0 
85,2.1 ,0.312821 ,0 
86,2.125 ,0.31815 ,0 
87,2.15 ,0.323454 ,0 
88,2.175 ,0.328732 ,0 
89,2.2 ,0.333981 ,0 
90,2.225 ,0.339198 ,0 
91,2.25 ,0.344383 ,0 
92,2.275 ,0.349533 ,0 
93,2.3 ,0.354645 ,0 
94,2.325 ,0.359718 ,0 
95,2.35 ,0.364751 ,0 
96,2.375 ,0.36974 ,0 
97,2.4 ,0.374685 ,0 
98,2.425 ,0.379582 ,0 
99,2.45 ,0.384432 ,0 
100,2.475 ,0.389231 ,0 
101,2.5 ,0.393978 ,0 
102,2.525 ,0.398671 ,0 
103,2.55 ,0.403308 ,0 
104,2.575 ,0.407888 ,0 
105,2.6 ,0.41241 ,0 
106,2.625 ,0.416871 ,0 
107,2.65 ,0.42127 ,0 
108,2.675 ,0.425606 ,0 
109,2.7 ,0.429877 ,0 
110,2.725 ,0.434081 ,0 
111,2.75 ,0.438217 ,0 
112,2.775 ,0.442285 ,0 
113,2.8 ,0.446282 ,0 
114,2.825 ,0.450207 ,0 
115,2.85 ,0.454059 ,0 
116,2.875 ,0.457837 ,0 
117,2.9 ,0.461539 ,0 
118,2.925 ,0.465165 ,0 
119,2.95 ,0.468714 ,0 
120,2.975 ,0.472184 ,0 
121,3 ,0.475574 ,0 
122,3.025 ,0.478884 ,0 
123,3.05 ,0.482112 ,0 
124,3.075 ,0.485258 ,0 
125,3.1 ,0.48832 ,0 
126,3.125 ,0.491299 ,0 
127,3.15 ,0.494193 ,0 
128,3.175 ,0.497001 ,0 
129,3.2 ,0.499724 ,0 
130,3.225 ,0.50236 ,0 
131,3.25 ,0.504908 ,0 
132,3.275 ,0.507369 ,0 
133,3.3 ,0.509741 ,0 
134,3.325 ,0.512025 ,0 
135,3.35 ,0.51422 ,0 
136,3.375 ,0.516325 ,0 
137,3.4 ,0.51834 ,0 
138,3.425 ,0.520265 ,0 
139,3.45 ,0.5221 ,0 
140,3.475 ,0.523844 ,0 
141,3.5 ,0.525498 ,0 
142,3.525 ,0.527061 ,0 
143,3.55 ,0.528533 ,0 
144,3.575 ,0.529914 ,0 
145,3.6 ,0.531204 ,0 
146,3.625 ,0.532403 ,0 
147,3.65 ,0.533512 ,0 
148,3.675 ,0.53453 ,0 
149,3.7 ,0.535457 ,0 
150,3.725 ,0.536294 ,0 
151,3.75 ,0.53704 ,0 
152,3.775 ,0.537697 ,0 
153,3.8 ,0.538265 ,0 
154,3.825 ,0.538743 ,0 
155,3.85 ,0.539132 ,0 
156,3.875 ,0.539433 ,0 
157,3.9 ,0.539646 ,0 
158,3.925 ,0.539772 ,0 
159,3.95 ,0.53981 ,0 
160,3.975 ,0.539762 ,0 
161,4 ,0.539628 ,0 
162,4.025 ,0.539409 ,0 
163,4.05 ,0.539105 ,0 
164,4.075 ,0.538717 ,0 
165,4.1 ,0.538245 ,0 
166,4.125 ,0.537691 ,0 
167,4.15 ,0.537055 ,0 
168,4.175 ,0.536338 ,0 
169,4.2 ,0.535541 ,0 
170,4.225 ,0.534664 ,0 
171,4.25 ,0.533708 ,0 
172,4.275 ,0.532675 ,0 
173,4.3 ,0.531565 ,0 
174,4.325 ,0.530378 ,0 
175,4.35 ,0.529117 ,0 
176,4.375 ,0.527782 ,0 
177,4.4 ,0.526373 ,0 
178,4.425 ,0.524892 ,0 
179,4.45 ,0.52334 ,0 
180,4.475 ,0.521718 ,0 
181,4.5 ,0.520027 ,0 
182,4.525 ,0.518268 ,0 
183,4.55 ,0.516442 ,0 
184,4.575 ,0.51455 ,0 
185,4.6 ,0.512594 ,0 
186,4.625 ,0.510574 ,0 
187,4.65 ,0.508491 ,0 
188,4.675 ,0.506347 ,0 
189,4.7 ,0.504143 ,0 
190,4.725 ,0.50188 ,0 
191,4.75 ,0.49956 ,0 
192,4.775 ,0.497183 ,0 
193,4.8 ,0.49475 ,0 
194,4.825 ,0.492263 ,0 
195,4.85 ,0.489723 ,0 
196,4.875 ,0.487132 ,0 
197,4.9 ,0.48449 ,0 
198,4.925 ,0.481799 ,0 
199,4.95 ,0.47906 ,0 
200,4.975 ,0.476273 ,0 
201,5 ,0.473442 ,0 
202,5.025 ,0.470566 ,0 
203,5.05 ,0.467647 ,0 
204,5.075 ,0.464686 ,0 
205,5.1 ,0.461685 ,0 
206,5.125 ,0.458644 ,0 
207,5.15 ,0.455566 ,0 
208,5.175 ,0.45245 ,0 
209,5.2 ,0.449299 ,0 
210,5.225 ,0.446114 ,0 
211,5.25 ,0.442896 ,0 
212,5.275 ,0.439646 ,0 
213,5.3 ,0.436365 ,0 
214,5.325 ,0.433055 ,0 
215,5.35 ,0.429717 ,0 
216,5.375 ,0.426352 ,0 
217,5.4 ,0.422961 ,0 
218,5.425 ,0.419546 ,0 
219,5.45 ,0.416107 ,0 
220,5.475 ,0.412647 ,0 
221,5.5 ,0.409165 ,0 
222,5.525 ,0.405664 ,0 
223,5.55 ,0.402145 ,0 
224,5.575 ,0.398607 ,0 
225,5.6 ,0.395054 ,0 
226,5.625 ,0.391486 ,0 
227,5.65 ,0.387903 ,0 
228,5.675 ,0.384308 ,0 
229,5.7 ,0.380701 ,0 
230,5.725 ,0.377083 ,0 
231,5.75 ,0.373456 ,0 
232,5.775 ,0.36982 ,0 
233,5.8 ,0.366177 ,0 
234,5.825 ,0.362528 ,0 
235,5.85 ,0.358873 ,0 
236,5.875 ,0.355214 ,0 
237,5.9 ,0.351551 ,0 
238,5.925 ,0.347886 ,0 
239,5.95 ,0.34422 ,0 
240,5.975 ,0.340553 ,0 
241,6 ,0.336887 ,0 
242,6.025 ,0.333223 ,0 
243,6.05 ,0.329561 ,0 
244,6.075 ,0.325902 ,0 
245,6.1 ,0.322247 ,0 
246,6.125 ,0.318597 ,0 
247,6.15 ,0.314954 ,0 
248,6.175 ,0.311317 ,0 
249,6.2 ,0.307688 ,0 
250,6.225 ,0.304067 ,0 
251,6.25 ,0.300455 ,0 
252,6.275 ,0.296853 ,0 
253,6.3 ,0.293262 ,0 
254,6.325 ,0.289683 ,0 
255,6.35 ,0.286116 ,0 
256,6.375 ,0.282561 ,0 
257,6.4 ,0.279021 ,0 
258,6.425 ,0.275495 ,0 
259,6.45 ,0.271983 ,0 
260,6.475 ,0.268487 ,0 
261,6.5 ,0.265008 ,0 
262,6.525 ,0.261545 ,0 
263,6.55 ,0.2581 ,0 
264,6.575 ,0.254673 ,0 
265,6.6 ,0.251264 ,0 
266,6.625 ,0.247875 ,0 
267,6.65 ,0.244505 ,0 
268,6.675 ,0.241156 ,0 
269,6.7 ,0.237827 ,0 
270,6.725 ,0.23452 ,0 
271,6.75 ,0.231234 ,0 
272,6.775 ,0.22797 ,0 
273,6.8 ,0.224728 ,0 
274,6.825 ,0.22151 ,0 
275,6.85 ,0.218315 ,0 
276,6.875 ,0.215144 ,0 
277,6.9 ,0.211997 ,0 
278,6.925 ,0.208874 ,0 
279,6.95 ,0.205776 ,0 
280,6.975 ,0.202704 ,0 
281,7 ,0.199657 ,0 
282,7.025 ,0.196635 ,0 
283,7.05 ,0.19364 ,0 
284,7.075 ,0.190671 ,0 
285,7.1 ,0.187729 ,0 
286,7.125 ,0.184813 ,0 
287,7.15 ,0.181924 ,0 
288,7.175 ,0.179063 ,0 
289,7.2 ,0.176229 ,0 
290,7.225 ,0.173423 ,0 
291,7.25 ,0.170645 ,0 
292,7.275 ,0.167894 ,0 
293,7.3 ,0.165172 ,0 
294,7.325 ,0.162478 ,0 
295,7.35 ,0.159813 ,0 
296,7.375 ,0.157176 ,0 
297,7.4 ,0.154567 ,0 
298,7.425 ,0.151987 ,0 
299,7.45 ,0.149437 ,0 
300,7.475 ,0.146914 ,0 
301,7.5 ,0.144421 ,0 
302,7.525 ,0.141957 ,0 
303,7.55 ,0.139522 ,0 
304,7.575 ,0.137115 ,0 
305,7.6 ,0.134738 ,0 
306,7.625 ,0.13239 ,0 
307,7.65 ,0.130071 ,0 
308,7.675 ,0.127781 ,0 
309,7.7 ,0.125519 ,0 
310,7.725 ,0.123287 ,0 
311,7.75 ,0.121084 ,0 
312,7.775 ,0.118909 ,0 
313,7.8 ,0.116763 ,0 
314,7.825 ,0.114646 ,0 
315,7.85 ,0.112558 ,0 
316,7.875 ,0.110498 ,0 
317,7.9 ,0.108467 ,0 
318,7.925 ,0.106464 ,0 
319,7.95 ,0.104489 ,0 
320,7.975 ,0.102543 ,0 
321,8 ,0.100624 ,0 
322,8.025 ,0.0987334 ,0 
323,8.05 ,0.0968705 ,0 
324,8.075 ,0.0950351 ,0 
325,8.1 ,0.0932271 ,0 
326,8.125 ,0.0914463 ,0 
327,8.15 ,0.0896925 ,0 
328,8.175 ,0.0879656 ,0 
329,8.2 ,0.0862653 ,0 
330,8.225 ,0.0845915 ,0 
331,8.25 ,0.0829438 ,0 
332,8.275 ,0.0813222 ,0 
333,8.3 ,0.0797264 ,0 
334,8.325 ,0.0781562 ,0 
335,8.35 ,0.0766113 ,0 
336,8.375 ,0.0750915 ,0 
337,8.4 ,0.0735966 ,0 
338,8.425 ,0.0721263 ,0 
339,8.45 ,0.0706804 ,0 
340,8.475 ,0.0692587 ,0 
341,8.5 ,0.0678608 ,0 
342,8.525 ,0.0664865 ,0 
343,8.55 ,0.0651357 ,0 
344,8.575 ,0.0638079 ,0 
345,8.6 ,0.062503 ,0 
346,8.625 ,0.0612207 ,0 
347,8.65 ,0.0599607 ,0 
348,8.675 ,0.0587228 ,0 
349,8.7 ,0.0575067 ,0 
350,8.725 ,0.0563122 ,0 
351,8.75 ,0.0551389 ,0 
352,8.775 ,0.0539866 ,0 
353,8.8 ,0.0528551 ,0 
354,8.825 ,0.051744 ,0 
355,8.85 ,0.0506531 ,0 
356,8.875 ,0.0495821 ,0 
357,8.9 ,0.0485308 ,0 
358,8.925 ,0.0474989 ,0 
359,8.95 ,0.0464861 ,0 
360,8.975 ,0.0454922 ,0 
361,9 ,0.0445169 ,0 
362,9.025 ,0.0435598 ,0 
363,9.05 ,0.0426209 ,0 
364,9.075 ,0.0416998 ,0 
365,9.1 ,0.0407962 ,0 
366,9.125 ,0.0399099 ,0 
367,9.15 ,0.0390406 ,0 
368,9.175 ,0.0381881 ,0 
369,9.2 ,0.0373521 ,0 
370,9.225 ,0.0365323 ,0 
371,9.25 ,0.0357285 ,0 
372,9.275 ,0.0349406 ,0 
373,9.3 ,0.0341681 ,0 
374,9.325 ,0.0334108 ,0 
375,9.35 ,0.0326686 ,0 
376,9.375 ,0.0319412 ,0 
377,9.4 ,0.0312283 ,0 
378,9.425 ,0.0305297 ,0 
379,9.45 ,0.0298451 ,0 
380,9.475 ,0.0291744 ,0 
381,9.5 ,0.0285172 ,0 
382,9.525 ,0.0278734 ,0 
383,9.55 ,0.0272428 ,0 
384,9.575 ,0.0266251 ,0 
385,9.6 ,0.0260201 ,0 
386,9.625 ,0.0254275 ,0 
387,9.65 ,0.0248472 ,0 
388,9.675 ,0.0242789 ,0 
389,9.7 ,0.0237225 ,0 
390,9.725 ,0.0231777 ,0 
391,9.75 ,0.0226443 ,0 
392,9.775 ,0.0221221 ,0 
393,9.8 ,0.0216109 ,0 
394,9.825 ,0.0211105 ,0 
395,9.85 ,0.0206207 ,0 
396,9.875 ,0.0201413 ,0 
397,9.9 ,0.0196722 ,0 
398,9.925 ,0.0192131 ,0 
399,9.95 ,0.0187638 ,0 
400,9.975 ,0.0183242 ,0 
401,10 ,0.0178941 ,0 
402,10.025 ,0.0174733 ,0 
403,10.05 ,0.0170616 ,0 
404,10.075 ,0.0166589 ,0 
405,10.1 ,0.016265 ,0 
406,10.125 ,0.0158796 ,0 
407,10.15 ,0.0155028 ,0 
408,10.175 ,0.0151342 ,0 
409,10.2 ,0.0147737 ,0 
410,10.225 ,0.0144212 ,0 
411,10.25 ,0.0140765 ,0 
412,10.275 ,0.0137394 ,0 
413,10.3 ,0.0134099 ,0 
414,10.325 ,0.0130877 ,0 
415,10.35 ,0.0127727 ,0 
416,10.375 ,0.0124647 ,0 
417,10.4 ,0.0121637 ,0 
418,10.425 ,0.0118695 ,0 
419,10.45 ,0.0115819 ,0 
420,10.475 ,0.0113009 ,0 
421,10.5 ,0.0110262 ,0 
422,10.525 ,0.0107577 ,0 
423,10.55 ,0.0104954 ,0 
424,10.575 ,0.010239 ,0 
425,10.6 ,0.00998853 ,0 
426,10.625 ,0.00974379 ,0 
427,10.65 ,0.00950468 ,0 
428,10.675 ,0.00927108 ,0 
429,10.7 ,0.00904287 ,0 
430,10.725 ,0.00881994 ,0 
431,10.75 ,0.00860217 ,0 
432,10.775 ,0.00838947 ,0 
433,10.8 ,0.00818171 ,0 
434,10.825 ,0.00797881 ,0 
435,10.85 ,0.00778064 ,0 
436,10.875 ,0.00758711 ,0 
437,10.9 ,0.00739812 ,0 
438,10.925 ,0.00721358 ,0 
439,10.95 ,0.00703338 ,0 
440,10.975 ,0.00685744 ,0 
441,11 ,0.00668565 ,0 
442,11.025 ,0.00651794 ,0 
443,11.05 ,0.00635421 ,0 
444,11.075 ,0.00619436 ,0 
445,11.1 ,0.00603833 ,0 
446,11.125 ,0.00588602 ,0 
447,11.15 ,0.00573735 ,0 
448,11.175 ,0.00559224 ,0 
449,11.2 ,0.00545062 ,0 
450,11.225 ,0.0053124 ,0 
451,11.25 ,0.0051775 ,0 
452,11.275 ,0.00504586 ,0 
453,11.3 ,0.0049174 ,0 
454,11.325 ,0.00479205 ,0 
455,11.35 ,0.00466974 ,0 
456,11.375 ,0.0045504 ,0 
457,11.4 ,0.00443396 ,0 
458,11.425 ,0.00432036 ,0 
459,11.45 ,0.00420953 ,0 
460,11.475 ,0.00410141 ,0 
461,11.5 ,0.00399594 ,0 
462,11.525 ,0.00389306 ,0 
463,11.55 ,0.0037927 ,0 
464,11.575 ,0.00369481 ,0 
465,11.6 ,0.00359933 ,0 
466,11.625 ,0.00350621 ,0 
467,11.65 ,0.0034154 ,0 
468,11.675 ,0.00332683 ,0 
469,11.7 ,0.00324045 ,0 
470,11.725 ,0.00315622 ,0 
471,11.75 ,0.00307409 ,0 
472,11.775 ,0.002994 ,0 
473,11.8 ,0.00291591 ,0 
474,11.825 ,0.00283977 ,0 
475,11.85 ,0.00276553 ,0 
476,11.875 ,0.00269315 ,0 
477,11.9 ,0.00262259 ,0 
478,11.925 ,0.00255381 ,0 
479,11.95 ,0.00248675 ,0 
480,11.975 ,0.00242138 ,0 
481,12 ,0.00235766 ,0 
482,12.025 ,0.00229555 ,0 
483,12.05 ,0.00223501 ,0 
484,12.075 ,0.00217601 ,0 
485,12.1 ,0.0021185 ,0 
486,12.125 ,0.00206246 ,0 
487,12.15 ,0.00200784 ,0 
488,12.175 ,0.00195461 ,0 
489,12.2 ,0.00190273 ,0 
490,12.225 ,0.00185219 ,0 
491,12.25 ,0.00180293 ,0 
492,12.275 ,0.00175494 ,0 
493,12.3 ,0.00170817 ,0 
494,12.325 ,0.00166261 ,0 
495,12.35 ,0.00161822 ,0 
496,12.375 ,0.00157497 ,0 
497,12.4 ,0.00153283 ,0 
498,12.425 ,0.00149178 ,0 
499,12.45 ,0.00145179 ,0 
500,12.475 ,0.00141284 ,0 
501,12.5 ,0.00137489 ,0 
502,12.525 ,0.00133793 ,0 
503,12.55 ,0.00130193 ,0 
504,12.575 ,0.00126686 ,0 
505,12.6 ,0.00123271 ,0 
506,12.625 ,0.00119944 ,0 
507,12.65 ,0.00116704 ,0 
508,12.675 ,0.00113549 ,0 
509,12.7 ,0.00110476 ,0 
510,12.725 ,0.00107484 ,0 
511,12.75 ,0.0010457 ,0 
512,12.775 ,0.00101733 ,0 
513,12.8 ,0.000989696 ,0 
514,12.825 ,0.000962792 ,0 
515,12.85 ,0.000936596 ,0 
516,12.875 ,0.00091109 ,0 
517,12.9 ,0.000886257 ,0 
518,12.925 ,0.000862079 ,0 
519,12.95 ,0.000838541 ,0 
520,12.975 ,0.000815625 ,0 
521,13 ,0.000793316 ,0 
522,13.025 ,0.000771599 ,0 
523,13.05 ,0.000750458 ,0 
524,13.075 ,0.000729878 ,0 
525,13.1 ,0.000709847 ,0 
526,13.125 ,0.000690348 ,0 
527,13.15 ,0.000671369 ,0 
528,13.175 ,0.000652897 ,0 
529,13.2 ,0.000634918 ,0 
530,13.225 ,0.000617419 ,0 
531,13.25 ,0.000600389 ,0 
532,13.275 ,0.000583816 ,0 
533,13.3 ,0.000567686 ,0 
534,13.325 ,0.00055199 ,0 
535,13.35 ,0.000536715 ,0 
536,13.375 ,0.000521851 ,0 
537,13.4 ,0.000507387 ,0 
538,13.425 ,0.000493313 ,0 
539,13.45 ,0.000479618 ,0 
540,13.475 ,0.000466294 ,0 
541,13.5 ,0.000453329 ,0 
542,13.525 ,0.000440715 ,0 
543,13.55 ,0.000428442 ,0 
544,13.575 ,0.000416503 ,0 
545,13.6 ,0.000404887 ,0 
546,13.625 ,0.000393586 ,0 
547,13.65 ,0.000382592 ,0 
548,13.675 ,0.000371898 ,0 
549,13.7 ,0.000361495 ,0 
550,13.725 ,0.000351375 ,0 
551,13.75 ,0.000341531 ,0 
552,13.775 ,0.000331956 ,0 
553,13.8 ,0.000322642 ,0 
554,13.825 ,0.000313583 ,0 
555,13.85 ,0.000304772 ,0 
556,13.875 ,0.000296203 ,0 
557,13.9 ,0.000287868 ,0 
558,13.925 ,0.000279762 ,0 
559,13.95 ,0.000271879 ,0 
560,13.975 ,0.000264212 ,0 
561,14 ,0.000256757 ,0 
562,14.025 ,0.000249506 ,0 
563,14.05 ,0.000242456 ,0 
564,14.075 ,0.0002356 ,0 
565,14.1 ,0.000228933 ,0 
566,14.125 ,0.00022245 ,0 
567,14.15 ,0.000216147 ,0 
568,14.175 ,0.000210018 ,0 
569,14.2 ,0.000204058 ,0 
570,14.225 ,0.000198264 ,0 
571,14.25 ,0.000192631 ,0 
572,14.275 ,0.000187154 ,0 
573,14.3 ,0.000181829 ,0 
574,14.325 ,0.000176653 ,0 
575,14.35 ,0.00017162 ,0 
576,14.375 ,0.000166727 ,0 
577,14.4 ,0.000161971 ,0 
578,14.425 ,0.000157348 ,0 
579,14.45 ,0.000152853 ,0 
580,14.475 ,0.000148484 ,0 
581,14.5 ,0.000144238 ,0 
582,14.525 ,0.00014011 ,0 
583,14.55 ,0.000136097 ,0 
584,14.575 ,0.000132198 ,0 
585,14.6 ,0.000128407 ,0 
586,14.625 ,0.000124723 ,0 
587,14.65 ,0.000121142 ,0 
588,14.675 ,0.000117662 ,0 
589,14.7 ,0.00011428 ,0 
590,14.725 ,0.000110993 ,0 
591,14.75 ,0.000107798 ,0 
592,14.775 ,0.000104694 ,0 
593,14.8 ,0.000101677 ,0 
594,14.825 ,9.87454e-05 ,0 
595,14.85 ,9.58965e-05 ,0 
596,14.875 ,9.31281e-05 ,0 
597,14.9 ,9.04381e-05 ,0 
598,14.925 ,8.78242e-05 ,0 
599,14.95 ,8.52843e-05 ,0 
600,14.975 ,8.28165e-05 ,0 
601,15 ,8.04186e-05 ,0 
602,15.025 ,7.80888e-05 ,0 
603,15.05 ,7.58252e-05 ,0 
604,15.075 ,7.36259e-05 ,0 
605,15.1 ,7.14892e-05 ,0 
606,15.125 ,6.94133e-05 ,0 
607,15.15 ,6.73965e-05 ,0 
608,15.175 ,6.54372e-05 ,0 
609,15.2 ,6.35338e-05 ,0 
610,15.225 ,6.16847e-05 ,0 
611,15.25 ,5.98884e-05 ,0 
612,15.275 ,5.81434e-05 ,0 
613,15.3 ,5.64483e-05 ,0 
614,15.325 ,5.48017e-05 ,0 
615,15.35 ,5.32023e-05 ,0 
616,15.375 ,5.16487e-05 ,0 
617,15.4 ,5.01396e-05 ,0 
618,15.425 ,4.86739e-05 ,0 
619,15.45 ,4.72502e-05 ,0 
620,15.475 ,4.58673e-05 ,0 
621,15.5 ,4.45243e-05 ,0 
622,15.525 ,4.32198e-05 ,0 
623,15.55 ,4.19529e-05 ,0 
624,15.575 ,4.07225e-05 ,0 
625,15.6 ,3.95275e-05 ,0 
626,15.625 ,3.8367e-05 ,0 
627,15.65 ,3.724e-05 ,0 
628,15.675 ,3.61455e-05 ,0 
629,15.7 ,3.50826e-05 ,0 
630,15.725 ,3.40504e-05 ,0 
631,15.75 ,3.30481e-05 ,0 
632,15.775 ,3.20747e-05 ,0 
633,15.8 ,3.11296e-05 ,0 
634,15.825 ,3.02118e-05 ,0 
635,15.85 ,2.93207e-05 ,0 
636,15.875 ,2.84554e-05 ,0 
637,15.9 ,2.76152e-05 ,0 
638,15.925 ,2.67994e-05 ,0 
639,15.95 ,2.60073e-05 ,0 
640,15.975 ,2.52382e-05 ,0 
641,16 ,2.44915e-05 ,0 
642,16.025 ,2.37665e-05 ,0 
643,16.05 ,2.30626e-05 ,0 
644,16.075 ,2.23793e-05 ,0 
645,16.1 ,2.17159e-05 ,0 
646,16.125 ,2.10718e-05 ,0 
647,16.15 ,2.04465e-05 ,0 
648,16.175 ,1.98395e-05 ,0 
649,16.2 ,1.92502e-05 ,0 
650,16.225 ,1.86782e-05 ,0 
651,16.25 ,1.81229e-05 ,0 
652,16.275 ,1.75838e-05 ,0 
653,16.3 ,1.70605e-05 ,0 
654,16.325 ,1.65526e-05 ,0 
655,16.35 ,1.60595e-05 ,0 
656,16.375 ,1.55809e-05 ,0 
657,16.4 ,1.51164e-05 ,0 
658,16.425 ,1.46655e-05 ,0 
659,16.45 ,1.42278e-05 ,0 
660,16.475 ,1.3803e-05 ,0 
661,16.5 ,1.33907e-05 ,0 
662,16.525 ,1.29906e-05 ,0 
663,16.55 ,1.26022e-05 ,0 
664,16.575 ,1.22252e-05 ,0 
665,16.6 ,1.18594e-05 ,0 
666,16.625 ,1.15043e-05 ,0 
667,16.65 ,1.11597e-05 ,0 
668,16.675 ,1.08253e-05 ,0 
669,16.7 ,1.05008e-05 ,0 
670,16.725 ,1.01859e-05 ,0 
671,16.75 ,9.88024e-06 ,0 
672,16.775 ,9.58365e-06 ,0 
673,16.8 ,9.29584e-06 ,0 
674,16.825 ,9.01654e-06 ,0 
675,16.85 ,8.74552e-06 ,0 
676,16.875 ,8.48253e-06 ,0 
677,16.9 ,8.22734e-06 ,0 
678,16.925 ,7.97972e-06 ,0 
679,16.95 ,7.73945e-06 ,0 
680,16.975 ,7.50632e-06 ,0 
681,17 ,7.28011e-06 ,0 
682,17.025 ,7.06062e-06 ,0 
683,17.05 ,6.84766e-06 ,0 
684,17.075 ,6.64104e-06 ,0 
685,17.1 ,6.44056e-06 ,0 
686,17.125 ,6.24606e-06 ,0 
687,17.15 ,6.05735e-06 ,0 
688,17.175 ,5.87427e-06 ,0 
689,17.2 ,5.69665e-06 ,0 
690,17.225 ,5.52432e-06 ,0 
691,17.25 ,5.35714e-06 ,0 
692,17.275 ,5.19496e-06 ,0 
693,17.3 ,5.03762e-06 ,0 
694,17.325 ,4.88498e-06 ,0 
695,17.35 ,4.73691e-06 ,0 
696,17.375 ,4.59327e-06 ,0 
697,17.4 ,4.45392e-06 ,0 
698,17.425 ,4.31875e-06 ,0 
699,17.45 ,4.18763e-06 ,0 
700,17.475 ,4.06044e-06 ,0 
701,17.5 ,3.93707e-06 ,0 
702,17.525 ,3.81739e-06 ,0 
703,17.55 ,3.70131e-06 ,0 
704,17.575 ,3.58871e-06 ,0 
705,17.6 ,3.4795e-06 ,0 
706,17.625 ,3.37357e-06 ,0 
707,17.65 ,3.27082e-06 ,0 
708,17.675 ,3.17117e-06 ,0 
709,17.7 ,3.07451e-06 ,0 
710,17.725 ,2.98076e-06 ,0 
711,17.75 ,2.88984e-06 ,0 
712,17.775 ,2.80165e-06 ,0 
713,17.8 ,2.71613e-06 ,0 
714,17.825 ,2.63318e-06 ,0 
715,17.85 ,2.55274e-06 ,0 
716,17.875 ,2.47473e-06 ,0 
717,17.9 ,2.39907e-06 ,0 
718,17.925 ,2.32569e-06 ,0 
719,17.95 ,2.25454e-06 ,0 
720,17.975 ,2.18553e-06 ,0 
721,18 ,2.11861e-06 ,0 
722,18.025 ,2.05372e-06 ,0 
723,18.05 ,1.99079e-06 ,0 
724,18.075 ,1.92977e-06 ,0 
725,18.1 ,1.8706e-06 ,0 
726,18.125 ,1.81322e-06 ,0 
727,18.15 ,1.75758e-06 ,0 
728,18.175 ,1.70362e-06 ,0 
729,18.2 ,1.65131e-06 ,0 
730,18.225 ,1.60058e-06 ,0 
731,18.25 ,1.5514e-06 ,0 
732,18.275 ,1.50371e-06 ,0 
733,18.3 ,1.45746e-06 ,0 
734,18.325 ,1.41263e-06 ,0 
735,18.35 ,1.36916e-06 ,0 
736,18.375 ,1.32701e-06 ,0 
737,18.4 ,1.28614e-06 ,0 
738,18.425 ,1.24652e-06 ,0 
739,18.45 ,1.20811e-06 ,0 
740,18.475 ,1.17086e-06 ,0 
741,18.5 ,1.13476e-06 ,0 
742,18.525 ,1.09975e-06 ,0 
743,18.55 ,1.06581e-06 ,0 
744,18.575 ,1.03291e-06 ,0 
745,18.6 ,1.00101e-06 ,0 
746,18.625 ,9.70089e-07 ,0 
747,18.65 ,9.40112e-07 ,0 
748,18.675 ,9.1105e-07 ,0 
749,18.7 ,8.82878e-07 ,0 
750,18.725 ,8.55568e-07 ,0 
751,18.75 ,8.29093e-07 ,0 
752,18.775 ,8.03429e-07 ,0 
753,18.8 ,7.78551e-07 ,0 
754,18.825 ,7.54436e-07 ,0 
755,18.85 ,7.31059e-07 ,0 
756,18.875 ,7.084e-07 ,0 
757,18.9 ,6.86435e-07 ,0 
758,18.925 ,6.65145e-07 ,0 
759,18.95 ,6.44508e-07 ,0 
760,18.975 ,6.24505e-07 ,0 
761,19 ,6.05116e-07 ,0 
762,19.025 ,5.86323e-07 ,0 
763,19.05 ,5.68108e-07 ,0 
764,19.075 ,5.50453e-07 ,0 
765,19.1 ,5.33341e-07 ,0 
766,19.125 ,5.16756e-07 ,0 
767,19.15 ,5.00681e-07 ,0 
768,19.175 ,4.85102e-07 ,0 
769,19.2 ,4.70002e-07 ,0 
770,19.225 ,4.55367e-07 ,0 
771,19.25 ,4.41184e-07 ,0 
772,19.275 ,4.27438e-07 ,0 
773,19.3 ,4.14117e-07 ,0 
774,19.325 ,4.01206e-07 ,0 
775,19.35 ,3.88694e-07 ,0 
776,19.375 ,3.76568e-07 ,0 
777,19.4 ,3.64816e-07 ,0 
778,19.425 ,3.53428e-07 ,0 
779,19.45 ,3.42392e-07 ,0 
780,19.475 ,3.31697e-07 ,0 
781,19.5 ,3.21333e-07 ,0 
782,19.525 ,3.1129e-07 ,0 
783,19.55 ,3.01557e-07 ,0 
784,19.575 ,2.92126e-07 ,0 
785,19.6 ,2.82987e-07 ,0 
786,19.625 ,2.74131e-07 ,0 
787,19.65 ,2.6555e-07 ,0 
788,19.675 ,2.57234e-07 ,0 
789,19.7 ,2.49177e-07 ,0 
790,19.725 ,2.41369e-07 ,0 
791,19.75 ,2.33804e-07 ,0 
792,19.775 ,2.26473e-07 ,0 
793,19.8 ,2.1937e-07 ,0 
794,19.825 ,2.12488e-07 ,0 
795,19.85 ,2.05819e-07 ,0 
796,19.875 ,1.99358e-07 ,0 
797,19.9 ,1.93097e-07 ,0 
798,19.925 ,1.87032e-07 ,0 
799,19.95 ,1.81155e-07 ,0 
800,19.975 ,1.7546e-07 ,0 
801,20 ,1.69943e-07 ,0 
802,20.025 ,1.64598e-07 ,0 
803,20.05 ,1.59419e-07 ,0 
804,20.075 ,1.54402e-07 ,0 
805,20.1 ,1.49541e-07 ,0 
806,20.125 ,1.44831e-07 ,0 
807,20.15 ,1.40268e-07 ,0 
808,20.175 ,1.35847e-07 ,0 
809,20.2 ,1.31565e-07 ,0 
810,20.225 ,1.27416e-07 ,0 
811,20.25 ,1.23396e-07 ,0 
812,20.275 ,1.19502e-07 ,0 
813,20.3 ,1.15729e-07 ,0 
814,20.325 ,1.12074e-07 ,0 
815,20.35 ,1.08533e-07 ,0 
816,20.375 ,1.05103e-07 ,0 
817,20.4 ,1.01781e-07 ,0 
818,20.425 ,9.85615e-08 ,0 
819,20.45 ,9.5443e-08 ,0 
820,20.475 ,9.24221e-08 ,0 
821,20.5 ,8.94956e-08 ,0 
822,20.525 ,8.66607e-08 ,0 
823,20.55 ,8.39144e-08 ,0 
824,20.575 ,8.12541e-08 ,0 
825,20.6 ,7.86769e-08 ,0 
826,20.625 ,7.61805e-08 ,0 
827,20.65 ,7.37621e-08 ,0 
828,20.675 ,7.14195e-08 ,0 
829,20.7 ,6.91502e-08 ,0 
830,20.725 ,6.69519e-08 ,0 
831,20.75 ,6.48224e-08 ,0 
832,20.775 ,6.27596e-08 ,0 
833,20.8 ,6.07614e-08 ,0 
834,20.825 ,5.88258e-08 ,0 
835,20.85 ,5.69507e-08 ,0 
836,20.875 ,5.51344e-08 ,0 
837,20.9 ,5.33749e-08 ,0 
838,20.925 ,5.16705e-08 ,0 
839,20.95 ,5.00194e-08 ,0 
840,20.975 ,4.842e-08 ,0 
841,21 ,4.68707e-08 ,0 
842,21.025 ,4.53698e-08 ,0 
843,21.05 ,4.39159e-08 ,0 
844,21.075 ,4.25074e-08 ,0 
845,21.1 ,4.1143e-08 ,0 
846,21.125 ,3.98212e-08 ,0 
847,21.15 ,3.85407e-08 ,0 
848,21.175 ,3.73002e-08 ,0 
849,21.2 ,3.60984e-08 ,0 
850,21.225 ,3.4934e-08 ,0 
851,21.25 ,3.3806e-08 ,0 
852,21.275 ,3.27132e-08 ,0 
853,21.3 ,3.16543e-08 ,0 
854,21.325 ,3.06285e-08 ,0 
855,21.35 ,2.96345e-08 ,0 
856,21.375 ,2.86714e-08 ,0 
857,21.4 ,2.77381e-08 ,0 
858,21.425 ,2.68338e-08 ,0 
859,21.45 ,2.59575e-08 ,0 
860,21.475 ,2.51083e-08 ,0 
861,21.5 ,2.42854e-08 ,0 
862,21.525 ,2.34878e-08 ,0 
863,21.55 ,2.27147e-08 ,0 
864,21.575 ,2.19655e-08 ,0 
865,21.6 ,2.12392e-08 ,0 
866,21.625 ,2.05351e-08 ,0 
867,21.65 ,1.98526e-08 ,0 
868,21.675 ,1.91909e-08 ,0 
869,21.7 ,1.85493e-08 ,0 
870,21.725 ,1.79272e-08 ,0 
871,21.75 ,1.73239e-08 ,0 
872,21.775 ,1.67388e-08 ,0 
873,21.8 ,1.61713e-08 ,0 
874,21.825 ,1.56208e-08 ,0 
875,21.85 ,1.50867e-08 ,0 
876,21.875 ,1.45685e-08 ,0 
877,21.9 ,1.40657e-08 ,0 
878,21.925 ,1.35776e-08 ,0 
879,21.95 ,1.31039e-08 ,0 
880,21.975 ,1.2644e-08 ,0 
881,22 ,1.21974e-08 ,0 
882,22.025 ,1.17637e-08 ,0 
883,22.05 ,1.13425e-08 ,0 
884,22.075 ,1.09332e-08 ,0 
885,22.1 ,1.05354e-08 ,0 
886,22.125 ,1.01489e-08 ,0 
887,22.15 ,9.77301e-09 ,0 
888,22.175 ,9.4075e-09 ,0 
889,22.2 ,9.05196e-09 ,0 
890,22.225 ,8.70601e-09 ,0 
891,22.25 ,8.36929e-09 ,0 
892,22.275 ,8.04144e-09 ,0 
893,22.3 ,7.72213e-09 ,0 
894,22.325 ,7.41102e-09 ,0 
895,22.35 ,7.10778e-09 ,0 
896,22.375 ,6.81209e-09 ,0 
897,22.4 ,6.52364e-09 ,0 
898,22.425 ,6.24213e-09 ,0 
899,22.45 ,5.96726e-09 ,0 
900,22.475 ,5.69874e-09 ,0 
901,22.5 ,5.4363e-09 ,0 
902,22.525 ,5.17964e-09 ,0 
903,22.55 ,4.92851e-09 ,0 
904,22.575 ,4.68264e-09 ,0 
905,22.6 ,4.44176e-09 ,0 
906,22.625 ,4.20562e-09 ,0 
907,22.65 ,3.97397e-09 ,0 
908,22.675 ,3.74657e-09 ,0 
909,22.7 ,3.52317e-09 ,0 
910,22.725 ,3.30355e-09 ,0 
911,22.75 ,3.08745e-09 ,0 
912,22.775 ,2.87466e-09 ,0 
913,22.8 ,2.66495e-09 ,0 
914,22.825 ,2.4581e-09 ,0 
915,22.85 ,2.25388e-09 ,0 
916,22.875 ,2.05207e-09 ,0 
917,22.9 ,1.85247e-09 ,0 
918,22.925 ,1.65485e-09 ,0 
919,22.95 ,1.45901e-09 ,0 
920,22.975 ,1.26474e-09 ,0 
921,23 ,1.07183e-09 ,0 
922,23.025 ,8.80071e-10 ,0 
923,23.05 ,6.89257e-10 ,0 
924,23.075 ,4.99186e-10 ,0 
925,23.1 ,3.09651e-10 ,0 
926,23.125 ,1.2045e-10 ,0 
927,23.15 ,-6.86207e-11 ,0 
928,23.175 ,-2.57766e-10 ,0 
929,23.2 ,-4.47189e-10 ,0 
930,23.225 ,-6.37094e-10 ,0 
931,23.25 ,-8.27687e-10 ,0 
932,23.275 ,-1.01917e-09 ,0 
933,23.3 ,-1.21176e-09 ,0 
934,23.325 ,-1.40566e-09 ,0 
935,23.35 ,-1.60108e-09 ,0 
936,23.375 ,-1.79822e-09 ,0 
937,23.4 ,-1.99732e-09 ,0 
938,23.425 ,-2.19857e-09 ,0 
939,23.45 ,-2.40221e-09 ,0 
940,23.475 ,-2.60845e-09 ,0 
941,23.5 ,-2.81752e-09 ,0 
942,23.525 ,-3.02964e-09 ,0 
943,23.55 ,-3.24505e-09 ,0 
944,23.575 ,-3.46397e-09 ,0 
945,23.6 ,-3.68666e-09 ,0 
946,23.625 ,-3.91336e-09 ,0 
947,23.65 ,-4.1443e-09 ,0 
948,23.675 ,-4.37975e-09 ,0 
949,23.7 ,-4.61996e-09 ,0 
950,23.725 ,-4.8652e-09 ,0 
951,23.75 ,-5.11573e-09 ,0 
952,23.775 ,-5.37183e-09 ,0 
953,23.8 ,-5.63379e-09 ,0 
954,23.825 ,-5.90188e-09 ,0 
955,23.85 ,-6.1764e-09 ,0 
956,23.875 ,-6.45766e-09 ,0 
957,23.9 ,-6.74596e-09 ,0 
958,23.925 ,-7.04162e-09 ,0 
959,23.95 ,-7.34498e-09 ,0 
960,23.975 ,-7.65635e-09 ,0 
961,24 ,-7.97609e-09 ,0 
962,24.025 ,-8.30455e-09 ,0 
963,24.05 ,-8.64208e-09 ,0 
964,24.075 ,-8.98907e-09 ,0 
965,24.1 ,-9.3459e-09 ,0 
966,24.125 ,-9.71296e-09 ,0 
967,24.15 ,-1.00907e-08 ,0 
968,24.175 ,-1.04794e-08 ,0 
969,24.2 ,-1.08796e-08 ,0 
970,24.225 ,-1.12918e-08 ,0 
971,24.25 ,-1.17164e-08 ,0 
972,24.275 ,-1.21538e-08 ,0 
973,24.3 ,-1.26045e-08 ,0 
974,24.325 ,-1.30691e-08 ,0 
975,24.35 ,-1.35481e-08 ,0 
976,24.375 ,-1.40419e-08 ,0 
977,24.4 ,-1.45512e-08 ,0 
978,24.425 ,-1.50764e-08 ,0 
979,24.45 ,-1.56183e-08 ,0 
980,24.475 ,-1.61773e-08 ,0 
981,24.5 ,-1.67542e-08 ,0 
982,24.525 ,-1.73495e-08 ,0 
983,24.55 ,-1.7964e-08 ,0 
984,24.575 ,-1.85982e-08 ,0 
985,24.6 ,-1.92529e-08 ,0 
986,24.625 ,-1.99289e-08 ,0 
987,24.65 ,-2.06269e-08 ,0 
988,24.675 ,-2.13476e-08 ,0 
989,24.7 ,-2.20919e-08 ,0 
990,24.725 ,-2.28607e-08 ,0 
991,24.75 ,-2.36546e-08 ,0 
992,24.775 ,-2.44748e-08 ,0 
993,24.8 ,-2.5322e-08 ,0 
994,24.825 ,-2.61972e-08 ,0 
995,24.85 ,-2.71014e-08 ,0 
996,24.875 ,-2.80356e-08 ,0 
997,24.9 ,-2.90009e-08 ,0 
998,24.925 ,-2.99983e-08 ,0 
999,24.95 ,-3.10289e-08 ,0 
1000,24.975 ,-3.2094e-08 ,0 