N_e = 20
1,0.025 ,0.0023645 ,0 
2,0.05 ,0.0023645 ,0 
3,0.075 ,0.00321056 ,0 
4,0.1 ,0.00416987 ,0 
5,0.125 ,0.00515982 ,0 
6,0.15 ,0.00615981 ,0 
7,0.175 ,0.00716243 ,0 
8,0.2 ,0.00816424 ,0 
9,0.225 ,0.00916331 ,0 
10,0.25 ,0.0101584 ,0 
11,0.275 ,0.0111484 ,0 
12,0.3 ,0.0121327 ,0 
13,0.325 ,0.0131104 ,0 
14,0.35 ,0.014081 ,0 
15,0.375 ,0.0150437 ,0 
16,0.4 ,0.0159982 ,0 
17,0.425 ,0.0169436 ,0 
18,0.45 ,0.0178796 ,0 
19,0.475 ,0.0188056 ,0 
20,0.5 ,0.0197209 ,0 
21,0.525 ,0.0206252 ,0 
22,0.55 ,0.021518 ,0 
23,0.575 ,0.0223986 ,0 
24,0.6 ,0.0232667 ,0 
25,0.625 ,0.0241217 ,0 
26,0.65 ,0.0249631 ,0 
27,0.675 ,0.0257906 ,0 
28,0.7 ,0.0266037 ,0 
29,0.725 ,0.0274019 ,0 
30,0.75 ,0.0281848 ,0 
31,0.775 ,0.028952 ,0 
32,0.8 ,0.0297031 ,0 
33,0.825 ,0.0304377 ,0 
34,0.85 ,0.0311553 ,0 
35,0.875 ,0.0318557 ,0 
36,0.9 ,0.0325385 ,0 
37,0.925 ,0.0332034 ,0 
38,0.95 ,0.0338499 ,0 
39,0.975 ,0.0344778 ,0 
40,1 ,0.0350867 ,0 
41,1.025 ,0.0356764 ,0 
42,1.05 ,0.0362466 ,0 
43,1.075 ,0.036797 ,0 
44,1.1 ,0.0373274 ,0 
45,1.125 ,0.0378375 ,0 
46,1.15 ,0.0383271 ,0 
47,1.175 ,0.038796 ,0 
48,1.2 ,0.0392439 ,0 
49,1.225 ,0.0396707 ,0 
50,1.25 ,0.0400762 ,0 
51,1.275 ,0.0404603 ,0 
52,1.3 ,0.0408228 ,0 
53,1.325 ,0.0411635 ,0 
54,1.35 ,0.0414825 ,0 
55,1.375 ,0.0417794 ,0 
56,1.4 ,0.0420544 ,0 
57,1.425 ,0.0423073 ,0 
58,1.45 ,0.042538 ,0 
59,1.475 ,0.0427465 ,0 
60,1.5 ,0.0429328 ,0 
61,1.525 ,0.0430968 ,0 
62,1.55 ,0.0432387 ,0 
63,1.575 ,0.0433582 ,0 
64,1.6 ,0.0434556 ,0 
65,1.625 ,0.0435309 ,0 
66,1.65 ,0.043584 ,0 
67,1.675 ,0.0436152 ,0 
68,1.7 ,0.0436244 ,0 
69,1.725 ,0.0436117 ,0 
70,1.75 ,0.0435774 ,0 
71,1.775 ,0.0435214 ,0 
72,1.8 ,0.043444 ,0 
73,1.825 ,0.0433453 ,0 
74,1.85 ,0.0432254 ,0 
75,1.875 ,0.0430846 ,0 
76,1.9 ,0.042923 ,0 
77,1.925 ,0.0427409 ,0 
78,1.95 ,0.0425384 ,0 
79,1.975 ,0.0423159 ,0 
80,2 ,0.0420734 ,0 
81,2.025 ,0.0418114 ,0 
82,2.05 ,0.04153 ,0 
83,2.075 ,0.0412295 ,0 
84,2.1 ,0.0409103 ,0 
85,2.125 ,0.0405725 ,0 
86,2.15 ,0.0402166 ,0 
87,2.175 ,0.0398429 ,0 
88,2.2 ,0.0394516 ,0 
89,2.225 ,0.0390431 ,0 
90,2.25 ,0.0386178 ,0 
91,2.275 ,0.0381761 ,0 
92,2.3 ,0.0377182 ,0 
93,2.325 ,0.0372446 ,0 
94,2.35 ,0.0367556 ,0 
95,2.375 ,0.0362517 ,0 
96,2.4 ,0.0357332 ,0 
97,2.425 ,0.0352006 ,0 
98,2.45 ,0.0346542 ,0 
99,2.475 ,0.0340945 ,0 
100,2.5 ,0.0335219 ,0 
101,2.525 ,0.0329369 ,0 
102,2.55 ,0.0323398 ,0 
103,2.575 ,0.0317312 ,0 
104,2.6 ,0.0311115 ,0 
105,2.625 ,0.030481 ,0 
106,2.65 ,0.0298404 ,0 
107,2.675 ,0.02919 ,0 
108,2.7 ,0.0285303 ,0 
109,2.725 ,0.0278619 ,0 
110,2.75 ,0.027185 ,0 
111,2.775 ,0.0265003 ,0 
112,2.8 ,0.0258082 ,0 
113,2.825 ,0.0251092 ,0 
114,2.85 ,0.0244037 ,0 
115,2.875 ,0.0236923 ,0 
116,2.9 ,0.0229754 ,0 
117,2.925 ,0.0222535 ,0 
118,2.95 ,0.0215271 ,0 
119,2.975 ,0.0207967 ,0 
120,3 ,0.0200628 ,0 
121,3.025 ,0.0193257 ,0 
122,3.05 ,0.0185861 ,0 
123,3.075 ,0.0178444 ,0 
124,3.1 ,0.017101 ,0 
125,3.125 ,0.0163565 ,0 
126,3.15 ,0.0156112 ,0 
127,3.175 ,0.0148658 ,0 
128,3.2 ,0.0141206 ,0 
129,3.225 ,0.0133761 ,0 
130,3.25 ,0.0126328 ,0 
131,3.275 ,0.011891 ,0 
132,3.3 ,0.0111514 ,0 
133,3.325 ,0.0104143 ,0 
134,3.35 ,0.00968006 ,0 
135,3.375 ,0.00894925 ,0 
136,3.4 ,0.00822225 ,0 
137,3.425 ,0.00749949 ,0 
138,3.45 ,0.00678137 ,0 
139,3.475 ,0.00606832 ,0 
140,3.5 ,0.00536074 ,0 
141,3.525 ,0.00465902 ,0 
142,3.55 ,0.00396355 ,0 
143,3.575 ,0.00327473 ,0 
144,3.6 ,0.00259291 ,0 
145,3.625 ,0.00191847 ,0 
146,3.65 ,0.00125178 ,0 
147,3.675 ,0.000593176 ,0 
148,3.7 ,-5.69894e-05 ,0 
149,3.725 ,-0.000698384 ,0 
150,3.75 ,-0.00133068 ,0 
151,3.775 ,-0.00195356 ,0 
152,3.8 ,-0.00256671 ,0 
153,3.825 ,-0.00316984 ,0 
154,3.85 ,-0.00376266 ,0 
155,3.875 ,-0.00434488 ,0 
156,3.9 ,-0.00491622 ,0 
157,3.925 ,-0.00547644 ,0 
158,3.95 ,-0.00602528 ,0 
159,3.975 ,-0.00656249 ,0 
160,4 ,-0.00708784 ,0 
161,4.025 ,-0.00760111 ,0 
162,4.05 ,-0.00810209 ,0 
163,4.075 ,-0.00859057 ,0 
164,4.1 ,-0.00906636 ,0 
165,4.125 ,-0.00952928 ,0 
166,4.15 ,-0.00997916 ,0 
167,4.175 ,-0.0104158 ,0 
168,4.2 ,-0.0108392 ,0 
169,4.225 ,-0.011249 ,0 
170,4.25 ,-0.0116452 ,0 
171,4.275 ,-0.0120277 ,0 
172,4.3 ,-0.0123963 ,0 
173,4.325 ,-0.0127509 ,0 
174,4.35 ,-0.0130915 ,0 
175,4.375 ,-0.013418 ,0 
176,4.4 ,-0.0137304 ,0 
177,4.425 ,-0.0140284 ,0 
178,4.45 ,-0.0143122 ,0 
179,4.475 ,-0.0145816 ,0 
180,4.5 ,-0.0148367 ,0 
181,4.525 ,-0.0150774 ,0 
182,4.55 ,-0.0153038 ,0 
183,4.575 ,-0.0155157 ,0 
184,4.6 ,-0.0157133 ,0 
185,4.625 ,-0.0158966 ,0 
186,4.65 ,-0.0160655 ,0 
187,4.675 ,-0.0162202 ,0 
188,4.7 ,-0.0163606 ,0 
189,4.725 ,-0.0164869 ,0 
190,4.75 ,-0.0165991 ,0 
191,4.775 ,-0.0166973 ,0 
192,4.8 ,-0.0167815 ,0 
193,4.825 ,-0.0168519 ,0 
194,4.85 ,-0.0169086 ,0 
195,4.875 ,-0.0169517 ,0 
196,4.9 ,-0.0169813 ,0 
197,4.925 ,-0.0169975 ,0 
198,4.95 ,-0.0170005 ,0 
199,4.975 ,-0.0169904 ,0 
200,5 ,-0.0169673 ,0 
201,5.025 ,-0.0169315 ,0 
202,5.05 ,-0.0168831 ,0 
203,5.075 ,-0.0168222 ,0 
204,5.1 ,-0.0167491 ,0 
205,5.125 ,-0.0166639 ,0 
206,5.15 ,-0.0165668 ,0 
207,5.175 ,-0.016458 ,0 
208,5.2 ,-0.0163378 ,0 
209,5.225 ,-0.0162063 ,0 
210,5.25 ,-0.0160637 ,0 
211,5.275 ,-0.0159103 ,0 
212,5.3 ,-0.0157464 ,0 
213,5.325 ,-0.015572 ,0 
214,5.35 ,-0.0153875 ,0 
215,5.375 ,-0.0151931 ,0 
216,5.4 ,-0.0149891 ,0 
217,5.425 ,-0.0147756 ,0 
218,5.45 ,-0.0145531 ,0 
219,5.475 ,-0.0143216 ,0 
220,5.5 ,-0.0140815 ,0 
221,5.525 ,-0.013833 ,0 
222,5.55 ,-0.0135764 ,0 
223,5.575 ,-0.013312 ,0 
224,5.6 ,-0.01304 ,0 
225,5.625 ,-0.0127607 ,0 
226,5.65 ,-0.0124744 ,0 
227,5.675 ,-0.0121814 ,0 
228,5.7 ,-0.0118819 ,0 
229,5.725 ,-0.0115763 ,0 
230,5.75 ,-0.0112647 ,0 
231,5.775 ,-0.0109475 ,0 
232,5.8 ,-0.010625 ,0 
233,5.825 ,-0.0102975 ,0 
234,5.85 ,-0.00996516 ,0 
235,5.875 ,-0.00962837 ,0 
236,5.9 ,-0.00928738 ,0 
237,5.925 ,-0.00894248 ,0 
238,5.95 ,-0.00859395 ,0 
239,5.975 ,-0.00824208 ,0 
240,6 ,-0.00788715 ,0 
241,6.025 ,-0.00752943 ,0 
242,6.05 ,-0.00716922 ,0 
243,6.075 ,-0.00680678 ,0 
244,6.1 ,-0.0064424 ,0 
245,6.125 ,-0.00607635 ,0 
246,6.15 ,-0.0057089 ,0 
247,6.175 ,-0.00534032 ,0 
248,6.2 ,-0.00497089 ,0 
249,6.225 ,-0.00460086 ,0 
250,6.25 ,-0.00423051 ,0 
251,6.275 ,-0.00386009 ,0 
252,6.3 ,-0.00348986 ,0 
253,6.325 ,-0.00312009 ,0 
254,6.35 ,-0.00275101 ,0 
255,6.375 ,-0.00238287 ,0 
256,6.4 ,-0.00201593 ,0 
257,6.425 ,-0.00165043 ,0 
258,6.45 ,-0.0012866 ,0 
259,6.475 ,-0.00092467 ,0 
260,6.5 ,-0.000564879 ,0 
261,6.525 ,-0.00020745 ,0 
262,6.55 ,0.000147395 ,0 
263,6.575 ,0.00049944 ,0 
264,6.6 ,0.00084847 ,0 
265,6.625 ,0.00119428 ,0 
266,6.65 ,0.00153666 ,0 
267,6.675 ,0.00187541 ,0 
268,6.7 ,0.00221035 ,0 
269,6.725 ,0.00254128 ,0 
270,6.75 ,0.00286801 ,0 
271,6.775 ,0.00319036 ,0 
272,6.8 ,0.00350817 ,0 
273,6.825 ,0.00382126 ,0 
274,6.85 ,0.00412946 ,0 
275,6.875 ,0.00443262 ,0 
276,6.9 ,0.00473058 ,0 
277,6.925 ,0.0050232 ,0 
278,6.95 ,0.00531033 ,0 
279,6.975 ,0.00559183 ,0 
280,7 ,0.00586757 ,0 
281,7.025 ,0.00613743 ,0 
282,7.05 ,0.00640127 ,0 
283,7.075 ,0.00665899 ,0 
284,7.1 ,0.00691047 ,0 
285,7.125 ,0.00715561 ,0 
286,7.15 ,0.0073943 ,0 
287,7.175 ,0.00762646 ,0 
288,7.2 ,0.00785199 ,0 
289,7.225 ,0.00807081 ,0 
290,7.25 ,0.00828285 ,0 
291,7.275 ,0.00848802 ,0 
292,7.3 ,0.00868626 ,0 
293,7.325 ,0.00887751 ,0 
294,7.35 ,0.00906171 ,0 
295,7.375 ,0.00923881 ,0 
296,7.4 ,0.00940877 ,0 
297,7.425 ,0.00957154 ,0 
298,7.45 ,0.00972709 ,0 
299,7.475 ,0.00987538 ,0 
300,7.5 ,0.0100164 ,0 
301,7.525 ,0.0101501 ,0 
302,7.55 ,0.0102765 ,0 
303,7.575 ,0.0103956 ,0 
304,7.6 ,0.0105073 ,0 
305,7.625 ,0.0106118 ,0 
306,7.65 ,0.0107088 ,0 
307,7.675 ,0.0107986 ,0 
308,7.7 ,0.0108811 ,0 
309,7.725 ,0.0109562 ,0 
310,7.75 ,0.0110241 ,0 
311,7.775 ,0.0110848 ,0 
312,7.8 ,0.0111383 ,0 
313,7.825 ,0.0111846 ,0 
314,7.85 ,0.0112237 ,0 
315,7.875 ,0.0112558 ,0 
316,7.9 ,0.0112808 ,0 
317,7.925 ,0.0112988 ,0 
318,7.95 ,0.0113099 ,0 
319,7.975 ,0.0113141 ,0 
320,8 ,0.0113115 ,0 
321,8.025 ,0.0113021 ,0 
322,8.05 ,0.0112861 ,0 
323,8.075 ,0.0112634 ,0 
324,8.1 ,0.0112342 ,0 
325,8.125 ,0.0111986 ,0 
326,8.15 ,0.0111566 ,0 
327,8.175 ,0.0111083 ,0 
328,8.2 ,0.0110538 ,0 
329,8.225 ,0.0109932 ,0 
330,8.25 ,0.0109266 ,0 
331,8.275 ,0.010854 ,0 
332,8.3 ,0.0107757 ,0 
333,8.325 ,0.0106916 ,0 
334,8.35 ,0.0106019 ,0 
335,8.375 ,0.0105067 ,0 
336,8.4 ,0.0104061 ,0 
337,8.425 ,0.0103001 ,0 
338,8.45 ,0.010189 ,0 
339,8.475 ,0.0100729 ,0 
340,8.5 ,0.00995173 ,0 
341,8.525 ,0.00982574 ,0 
342,8.55 ,0.00969503 ,0 
343,8.575 ,0.00955971 ,0 
344,8.6 ,0.0094199 ,0 
345,8.625 ,0.00927572 ,0 
346,8.65 ,0.0091273 ,0 
347,8.675 ,0.00897475 ,0 
348,8.7 ,0.00881819 ,0 
349,8.725 ,0.00865776 ,0 
350,8.75 ,0.00849358 ,0 
351,8.775 ,0.00832577 ,0 
352,8.8 ,0.00815447 ,0 
353,8.825 ,0.00797978 ,0 
354,8.85 ,0.00780185 ,0 
355,8.875 ,0.0076208 ,0 
356,8.9 ,0.00743676 ,0 
357,8.925 ,0.00724985 ,0 
358,8.95 ,0.0070602 ,0 
359,8.975 ,0.00686794 ,0 
360,9 ,0.00667319 ,0 
361,9.025 ,0.00647608 ,0 
362,9.05 ,0.00627674 ,0 
363,9.075 ,0.00607529 ,0 
364,9.1 ,0.00587186 ,0 
365,9.125 ,0.00566657 ,0 
366,9.15 ,0.00545955 ,0 
367,9.175 ,0.00525091 ,0 
368,9.2 ,0.00504078 ,0 
369,9.225 ,0.00482929 ,0 
370,9.25 ,0.00461655 ,0 
371,9.275 ,0.00440268 ,0 
372,9.3 ,0.0041878 ,0 
373,9.325 ,0.00397204 ,0 
374,9.35 ,0.00375549 ,0 
375,9.375 ,0.00353828 ,0 
376,9.4 ,0.00332053 ,0 
377,9.425 ,0.00310234 ,0 
378,9.45 ,0.00288383 ,0 
379,9.475 ,0.00266511 ,0 
380,9.5 ,0.00244627 ,0 
381,9.525 ,0.00222744 ,0 
382,9.55 ,0.00200872 ,0 
383,9.575 ,0.0017902 ,0 
384,9.6 ,0.00157199 ,0 
385,9.625 ,0.00135419 ,0 
386,9.65 ,0.00113691 ,0 
387,9.675 ,0.000920222 ,0 
388,9.7 ,0.00070424 ,0 
389,9.725 ,0.000489051 ,0 
390,9.75 ,0.000274746 ,0 
391,9.775 ,6.14152e-05 ,0 
392,9.8 ,-0.000150855 ,0 
393,9.825 ,-0.000361978 ,0 
394,9.85 ,-0.000571871 ,0 
395,9.875 ,-0.000780452 ,0 
396,9.9 ,-0.000987642 ,0 
397,9.925 ,-0.00119336 ,0 
398,9.95 ,-0.00139754 ,0 
399,9.975 ,-0.0016001 ,0 
400,10 ,-0.00180096 ,0 
401,10.025 ,-0.00200007 ,0 
402,10.05 ,-0.00219735 ,0 
403,10.075 ,-0.00239274 ,0 
404,10.1 ,-0.00258617 ,0 
405,10.125 ,-0.00277759 ,0 
406,10.15 ,-0.00296693 ,0 
407,10.175 ,-0.00315413 ,0 
408,10.2 ,-0.00333915 ,0 
409,10.225 ,-0.00352193 ,0 
410,10.25 ,-0.00370241 ,0 
411,10.275 ,-0.00388055 ,0 
412,10.3 ,-0.0040563 ,0 
413,10.325 ,-0.00422961 ,0 
414,10.35 ,-0.00440045 ,0 
415,10.375 ,-0.00456877 ,0 
416,10.4 ,-0.00473454 ,0 
417,10.425 ,-0.00489771 ,0 
418,10.45 ,-0.00505826 ,0 
419,10.475 ,-0.00521614 ,0 
420,10.5 ,-0.00537133 ,0 
421,10.525 ,-0.0055238 ,0 
422,10.55 ,-0.00567352 ,0 
423,10.575 ,-0.00582047 ,0 
424,10.6 ,-0.00596463 ,0 
425,10.625 ,-0.00610596 ,0 
426,10.65 ,-0.00624446 ,0 
427,10.675 ,-0.0063801 ,0 
428,10.7 ,-0.00651287 ,0 
429,10.725 ,-0.00664276 ,0 
430,10.75 ,-0.00676975 ,0 
431,10.775 ,-0.00689383 ,0 
432,10.8 ,-0.00701499 ,0 
433,10.825 ,-0.00713323 ,0 
434,10.85 ,-0.00724854 ,0 
435,10.875 ,-0.00736091 ,0 
436,10.9 ,-0.00747035 ,0 
437,10.925 ,-0.00757685 ,0 
438,10.95 ,-0.00768041 ,0 
439,10.975 ,-0.00778104 ,0 
440,11 ,-0.00787873 ,0 
441,11.025 ,-0.00797351 ,0 
442,11.05 ,-0.00806536 ,0 
443,11.075 ,-0.0081543 ,0 
444,11.1 ,-0.00824033 ,0 
445,11.125 ,-0.00832348 ,0 
446,11.15 ,-0.00840375 ,0 
447,11.175 ,-0.00848114 ,0 
448,11.2 ,-0.00855569 ,0 
449,11.225 ,-0.0086274 ,0 
450,11.25 ,-0.00869629 ,0 
451,11.275 ,-0.00876238 ,0 
452,11.3 ,-0.00882569 ,0 
453,11.325 ,-0.00888624 ,0 
454,11.35 ,-0.00894404 ,0 
455,11.375 ,-0.00899912 ,0 
456,11.4 ,-0.00905151 ,0 
457,11.425 ,-0.00910123 ,0 
458,11.45 ,-0.0091483 ,0 
459,11.475 ,-0.00919275 ,0 
460,11.5 ,-0.0092346 ,0 
461,11.525 ,-0.00927389 ,0 
462,11.55 ,-0.00931064 ,0 
463,11.575 ,-0.00934488 ,0 
464,11.6 ,-0.00937664 ,0 
465,11.625 ,-0.00940596 ,0 
466,11.65 ,-0.00943285 ,0 
467,11.675 ,-0.00945736 ,0 
468,11.7 ,-0.00947952 ,0 
469,11.725 ,-0.00949936 ,0 
470,11.75 ,-0.00951691 ,0 
471,11.775 ,-0.0095322 ,0 
472,11.8 ,-0.00954528 ,0 
473,11.825 ,-0.00955617 ,0 
474,11.85 ,-0.00956491 ,0 
475,11.875 ,-0.00957153 ,0 
476,11.9 ,-0.00957607 ,0 
477,11.925 ,-0.00957856 ,0 
478,11.95 ,-0.00957904 ,0 
479,11.975 ,-0.00957754 ,0 
480,12 ,-0.0095741 ,0 
481,12.025 ,-0.00956876 ,0 
482,12.05 ,-0.00956154 ,0 
483,12.075 ,-0.00955249 ,0 
484,12.1 ,-0.00954163 ,0 
485,12.125 ,-0.00952901 ,0 
486,12.15 ,-0.00951467 ,0 
487,12.175 ,-0.00949863 ,0 
488,12.2 ,-0.00948093 ,0 
489,12.225 ,-0.00946161 ,0 
490,12.25 ,-0.00944071 ,0 
491,12.275 ,-0.00941825 ,0 
492,12.3 ,-0.00939427 ,0 
493,12.325 ,-0.00936882 ,0 
494,12.35 ,-0.00934191 ,0 
495,12.375 ,-0.0093136 ,0 
496,12.4 ,-0.0092839 ,0 
497,12.425 ,-0.00925286 ,0 
498,12.45 ,-0.00922052 ,0 
499,12.475 ,-0.00918689 ,0 
500,12.5 ,-0.00915203 ,0 
501,12.525 ,-0.00911595 ,0 
502,12.55 ,-0.00907871 ,0 
503,12.575 ,-0.00904031 ,0 
504,12.6 ,-0.00900081 ,0 
505,12.625 ,-0.00896023 ,0 
506,12.65 ,-0.00891861 ,0 
507,12.675 ,-0.00887597 ,0 
508,12.7 ,-0.00883235 ,0 
509,12.725 ,-0.00878778 ,0 
510,12.75 ,-0.00874229 ,0 
511,12.775 ,-0.00869591 ,0 
512,12.8 ,-0.00864867 ,0 
513,12.825 ,-0.0086006 ,0 
514,12.85 ,-0.00855173 ,0 
515,12.875 ,-0.00850208 ,0 
516,12.9 ,-0.0084517 ,0 
517,12.925 ,-0.0084006 ,0 
518,12.95 ,-0.00834882 ,0 
519,12.975 ,-0.00829638 ,0 
520,13 ,-0.0082433 ,0 
521,13.025 ,-0.00818963 ,0 
522,13.05 ,-0.00813537 ,0 
523,13.075 ,-0.00808057 ,0 
524,13.1 ,-0.00802524 ,0 
525,13.125 ,-0.00796941 ,0 
526,13.15 ,-0.0079131 ,0 
527,13.175 ,-0.00785635 ,0 
528,13.2 ,-0.00779916 ,0 
529,13.225 ,-0.00774158 ,0 
530,13.25 ,-0.00768362 ,0 
531,13.275 ,-0.0076253 ,0 
532,13.3 ,-0.00756665 ,0 
533,13.325 ,-0.00750768 ,0 
534,13.35 ,-0.00744843 ,0 
535,13.375 ,-0.00738891 ,0 
536,13.4 ,-0.00732915 ,0 
537,13.425 ,-0.00726916 ,0 
538,13.45 ,-0.00720896 ,0 
539,13.475 ,-0.00714858 ,0 
540,13.5 ,-0.00708803 ,0 
541,13.525 ,-0.00702733 ,0 
542,13.55 ,-0.00696651 ,0 
543,13.575 ,-0.00690558 ,0 
544,13.6 ,-0.00684455 ,0 
545,13.625 ,-0.00678345 ,0 
546,13.65 ,-0.0067223 ,0 
547,13.675 ,-0.0066611 ,0 
548,13.7 ,-0.00659988 ,0 
549,13.725 ,-0.00653865 ,0 
550,13.75 ,-0.00647743 ,0 
551,13.775 ,-0.00641623 ,0 
552,13.8 ,-0.00635508 ,0 
553,13.825 ,-0.00629397 ,0 
554,13.85 ,-0.00623293 ,0 
555,13.875 ,-0.00617197 ,0 
556,13.9 ,-0.00611111 ,0 
557,13.925 ,-0.00605035 ,0 
558,13.95 ,-0.00598972 ,0 
559,13.975 ,-0.00592922 ,0 
560,14 ,-0.00586886 ,0 
561,14.025 ,-0.00580866 ,0 
562,14.05 ,-0.00574863 ,0 
563,14.075 ,-0.00568878 ,0 
564,14.1 ,-0.00562912 ,0 
565,14.125 ,-0.00556966 ,0 
566,14.15 ,-0.00551042 ,0 
567,14.175 ,-0.00545139 ,0 
568,14.2 ,-0.0053926 ,0 
569,14.225 ,-0.00533404 ,0 
570,14.25 ,-0.00527574 ,0 
571,14.275 ,-0.00521769 ,0 
572,14.3 ,-0.00515991 ,0 
573,14.325 ,-0.00510241 ,0 
574,14.35 ,-0.00504519 ,0 
575,14.375 ,-0.00498825 ,0 
576,14.4 ,-0.00493162 ,0 
577,14.425 ,-0.00487529 ,0 
578,14.45 ,-0.00481927 ,0 
579,14.475 ,-0.00476357 ,0 
580,14.5 ,-0.0047082 ,0 
581,14.525 ,-0.00465315 ,0 
582,14.55 ,-0.00459844 ,0 
583,14.575 ,-0.00454407 ,0 
584,14.6 ,-0.00449005 ,0 
585,14.625 ,-0.00443638 ,0 
586,14.65 ,-0.00438307 ,0 
587,14.675 ,-0.00433011 ,0 
588,14.7 ,-0.00427753 ,0 
589,14.725 ,-0.00422531 ,0 
590,14.75 ,-0.00417347 ,0 
591,14.775 ,-0.004122 ,0 
592,14.8 ,-0.00407092 ,0 
593,14.825 ,-0.00402022 ,0 
594,14.85 ,-0.0039699 ,0 
595,14.875 ,-0.00391998 ,0 
596,14.9 ,-0.00387045 ,0 
597,14.925 ,-0.00382132 ,0 
598,14.95 ,-0.00377258 ,0 
599,14.975 ,-0.00372425 ,0 
600,15 ,-0.00367632 ,0 
601,15.025 ,-0.00362879 ,0 
602,15.05 ,-0.00358166 ,0 
603,15.075 ,-0.00353495 ,0 
604,15.1 ,-0.00348864 ,0 
605,15.125 ,-0.00344275 ,0 
606,15.15 ,-0.00339726 ,0 
607,15.175 ,-0.00335219 ,0 
608,15.2 ,-0.00330753 ,0 
609,15.225 ,-0.00326328 ,0 
610,15.25 ,-0.00321945 ,0 
611,15.275 ,-0.00317603 ,0 
612,15.3 ,-0.00313302 ,0 
613,15.325 ,-0.00309043 ,0 
614,15.35 ,-0.00304826 ,0 
615,15.375 ,-0.00300649 ,0 
616,15.4 ,-0.00296515 ,0 
617,15.425 ,-0.00292421 ,0 
618,15.45 ,-0.00288369 ,0 
619,15.475 ,-0.00284359 ,0 
620,15.5 ,-0.00280389 ,0 
621,15.525 ,-0.00276461 ,0 
622,15.55 ,-0.00272573 ,0 
623,15.575 ,-0.00268727 ,0 
624,15.6 ,-0.00264922 ,0 
625,15.625 ,-0.00261157 ,0 
626,15.65 ,-0.00257432 ,0 
627,15.675 ,-0.00253749 ,0 
628,15.7 ,-0.00250105 ,0 
629,15.725 ,-0.00246502 ,0 
630,15.75 ,-0.00242939 ,0 
631,15.775 ,-0.00239415 ,0 
632,15.8 ,-0.00235932 ,0 
633,15.825 ,-0.00232487 ,0 
634,15.85 ,-0.00229082 ,0 
635,15.875 ,-0.00225717 ,0 
636,15.9 ,-0.0022239 ,0 
637,15.925 ,-0.00219102 ,0 
638,15.95 ,-0.00215852 ,0 
639,15.975 ,-0.00212641 ,0 
640,16 ,-0.00209467 ,0 
641,16.025 ,-0.00206332 ,0 
642,16.05 ,-0.00203234 ,0 
643,16.075 ,-0.00200174 ,0 
644,16.1 ,-0.00197151 ,0 
645,16.125 ,-0.00194165 ,0 
646,16.15 ,-0.00191215 ,0 
647,16.175 ,-0.00188302 ,0 
648,16.2 ,-0.00185425 ,0 
649,16.225 ,-0.00182584 ,0 
650,16.25 ,-0.00179779 ,0 
651,16.275 ,-0.00177009 ,0 
652,16.3 ,-0.00174274 ,0 
653,16.325 ,-0.00171574 ,0 
654,16.35 ,-0.00168908 ,0 
655,16.375 ,-0.00166277 ,0 
656,16.4 ,-0.0016368 ,0 
657,16.425 ,-0.00161117 ,0 
658,16.45 ,-0.00158587 ,0 
659,16.475 ,-0.00156091 ,0 
660,16.5 ,-0.00153627 ,0 
661,16.525 ,-0.00151196 ,0 
662,16.55 ,-0.00148797 ,0 
663,16.575 ,-0.00146431 ,0 
664,16.6 ,-0.00144096 ,0 
665,16.625 ,-0.00141792 ,0 
666,16.65 ,-0.0013952 ,0 
667,16.675 ,-0.00137279 ,0 
668,16.7 ,-0.00135069 ,0 
669,16.725 ,-0.00132888 ,0 
670,16.75 ,-0.00130738 ,0 
671,16.775 ,-0.00128618 ,0 
672,16.8 ,-0.00126526 ,0 
673,16.825 ,-0.00124465 ,0 
674,16.85 ,-0.00122432 ,0 
675,16.875 ,-0.00120427 ,0 
676,16.9 ,-0.00118451 ,0 
677,16.925 ,-0.00116503 ,0 
678,16.95 ,-0.00114582 ,0 
679,16.975 ,-0.00112689 ,0 
680,17 ,-0.00110823 ,0 
681,17.025 ,-0.00108984 ,0 
682,17.05 ,-0.00107172 ,0 
683,17.075 ,-0.00105385 ,0 
684,17.1 ,-0.00103625 ,0 
685,17.125 ,-0.0010189 ,0 
686,17.15 ,-0.00100181 ,0 
687,17.175 ,-0.000984966 ,0 
688,17.2 ,-0.000968372 ,0 
689,17.225 ,-0.000952023 ,0 
690,17.25 ,-0.000935916 ,0 
691,17.275 ,-0.00092005 ,0 
692,17.3 ,-0.00090442 ,0 
693,17.325 ,-0.000889025 ,0 
694,17.35 ,-0.00087386 ,0 
695,17.375 ,-0.000858925 ,0 
696,17.4 ,-0.000844215 ,0 
697,17.425 ,-0.000829729 ,0 
698,17.45 ,-0.000815463 ,0 
699,17.475 ,-0.000801415 ,0 
700,17.5 ,-0.000787581 ,0 
701,17.525 ,-0.000773961 ,0 
702,17.55 ,-0.00076055 ,0 
703,17.575 ,-0.000747346 ,0 
704,17.6 ,-0.000734347 ,0 
705,17.625 ,-0.00072155 ,0 
706,17.65 ,-0.000708952 ,0 
707,17.675 ,-0.000696552 ,0 
708,17.7 ,-0.000684345 ,0 
709,17.725 ,-0.000672331 ,0 
710,17.75 ,-0.000660506 ,0 
711,17.775 ,-0.000648867 ,0 
712,17.8 ,-0.000637414 ,0 
713,17.825 ,-0.000626142 ,0 
714,17.85 ,-0.000615049 ,0 
715,17.875 ,-0.000604134 ,0 
716,17.9 ,-0.000593394 ,0 
717,17.925 ,-0.000582827 ,0 
718,17.95 ,-0.000572429 ,0 
719,17.975 ,-0.000562199 ,0 
720,18 ,-0.000552135 ,0 
721,18.025 ,-0.000542234 ,0 
722,18.05 ,-0.000532495 ,0 
723,18.075 ,-0.000522914 ,0 
724,18.1 ,-0.000513489 ,0 
725,18.125 ,-0.000504219 ,0 
726,18.15 ,-0.000495102 ,0 
727,18.175 ,-0.000486134 ,0 
728,18.2 ,-0.000477315 ,0 
729,18.225 ,-0.000468641 ,0 
730,18.25 ,-0.000460111 ,0 
731,18.275 ,-0.000451723 ,0 
732,18.3 ,-0.000443475 ,0 
733,18.325 ,-0.000435365 ,0 
734,18.35 ,-0.00042739 ,0 
735,18.375 ,-0.000419549 ,0 
736,18.4 ,-0.00041184 ,0 
737,18.425 ,-0.000404261 ,0 
738,18.45 ,-0.000396809 ,0 
739,18.475 ,-0.000389484 ,0 
740,18.5 ,-0.000382284 ,0 
741,18.525 ,-0.000375205 ,0 
742,18.55 ,-0.000368247 ,0 
743,18.575 ,-0.000361408 ,0 
744,18.6 ,-0.000354686 ,0 
745,18.625 ,-0.000348079 ,0 
746,18.65 ,-0.000341586 ,0 
747,18.675 ,-0.000335204 ,0 
748,18.7 ,-0.000328933 ,0 
749,18.725 ,-0.00032277 ,0 
750,18.75 ,-0.000316714 ,0 
751,18.775 ,-0.000310762 ,0 
752,18.8 ,-0.000304915 ,0 
753,18.825 ,-0.000299169 ,0 
754,18.85 ,-0.000293523 ,0 
755,18.875 ,-0.000287977 ,0 
756,18.9 ,-0.000282527 ,0 
757,18.925 ,-0.000277173 ,0 
758,18.95 ,-0.000271914 ,0 
759,18.975 ,-0.000266747 ,0 
760,19 ,-0.000261671 ,0 
761,19.025 ,-0.000256686 ,0 
762,19.05 ,-0.000251788 ,0 
763,19.075 ,-0.000246978 ,0 
764,19.1 ,-0.000242253 ,0 
765,19.125 ,-0.000237612 ,0 
766,19.15 ,-0.000233055 ,0 
767,19.175 ,-0.000228578 ,0 
768,19.2 ,-0.000224183 ,0 
769,19.225 ,-0.000219866 ,0 
770,19.25 ,-0.000215626 ,0 
771,19.275 ,-0.000211463 ,0 
772,19.3 ,-0.000207375 ,0 
773,19.325 ,-0.000203361 ,0 
774,19.35 ,-0.00019942 ,0 
775,19.375 ,-0.000195551 ,0 
776,19.4 ,-0.000191751 ,0 
777,19.425 ,-0.000188021 ,0 
778,19.45 ,-0.000184359 ,0 
779,19.475 ,-0.000180764 ,0 
780,19.5 ,-0.000177234 ,0 
781,19.525 ,-0.000173769 ,0 
782,19.55 ,-0.000170368 ,0 
783,19.575 ,-0.00016703 ,0 
784,19.6 ,-0.000163753 ,0 
785,19.625 ,-0.000160536 ,0 
786,19.65 ,-0.000157379 ,0 
787,19.675 ,-0.00015428 ,0 
788,19.7 ,-0.000151238 ,0 
789,19.725 ,-0.000148254 ,0 
790,19.75 ,-0.000145324 ,0 
791,19.775 ,-0.000142449 ,0 
792,19.8 ,-0.000139628 ,0 
793,19.825 ,-0.00013686 ,0 
794,19.85 ,-0.000134143 ,0 
795,19.875 ,-0.000131477 ,0 
796,19.9 ,-0.000128861 ,0 
797,19.925 ,-0.000126295 ,0 
798,19.95 ,-0.000123777 ,0 
799,19.975 ,-0.000121306 ,0 
800,20 ,-0.000118882 ,0 
801,20.025 ,-0.000116503 ,0 
802,20.05 ,-0.00011417 ,0 
803,20.075 ,-0.000111881 ,0 
804,20.1 ,-0.000109636 ,0 
805,20.125 ,-0.000107433 ,0 
806,20.15 ,-0.000105272 ,0 
807,20.175 ,-0.000103152 ,0 
808,20.2 ,-0.000101073 ,0 
809,20.225 ,-9.90336e-05 ,0 
810,20.25 ,-9.70332e-05 ,0 
811,20.275 ,-9.50712e-05 ,0 
812,20.3 ,-9.3147e-05 ,0 
813,20.325 ,-9.12597e-05 ,0 
814,20.35 ,-8.94088e-05 ,0 
815,20.375 ,-8.75936e-05 ,0 
816,20.4 ,-8.58134e-05 ,0 
817,20.425 ,-8.40677e-05 ,0 
818,20.45 ,-8.23558e-05 ,0 
819,20.475 ,-8.06771e-05 ,0 
820,20.5 ,-7.9031e-05 ,0 
821,20.525 ,-7.74169e-05 ,0 
822,20.55 ,-7.58342e-05 ,0 
823,20.575 ,-7.42824e-05 ,0 
824,20.6 ,-7.27609e-05 ,0 
825,20.625 ,-7.12692e-05 ,0 
826,20.65 ,-6.98066e-05 ,0 
827,20.675 ,-6.83727e-05 ,0 
828,20.7 ,-6.6967e-05 ,0 
829,20.725 ,-6.55889e-05 ,0 
830,20.75 ,-6.42379e-05 ,0 
831,20.775 ,-6.29135e-05 ,0 
832,20.8 ,-6.16153e-05 ,0 
833,20.825 ,-6.03427e-05 ,0 
834,20.85 ,-5.90952e-05 ,0 
835,20.875 ,-5.78725e-05 ,0 
836,20.9 ,-5.6674e-05 ,0 
837,20.925 ,-5.54994e-05 ,0 
838,20.95 ,-5.4348e-05 ,0 
839,20.975 ,-5.32196e-05 ,0 
840,21 ,-5.21137e-05 ,0 
841,21.025 ,-5.10299e-05 ,0 
842,21.05 ,-4.99677e-05 ,0 
843,21.075 ,-4.89268e-05 ,0 
844,21.1 ,-4.79067e-05 ,0 
845,21.125 ,-4.69071e-05 ,0 
846,21.15 ,-4.59275e-05 ,0 
847,21.175 ,-4.49676e-05 ,0 
848,21.2 ,-4.40271e-05 ,0 
849,21.225 ,-4.31055e-05 ,0 
850,21.25 ,-4.22026e-05 ,0 
851,21.275 ,-4.13178e-05 ,0 
852,21.3 ,-4.0451e-05 ,0 
853,21.325 ,-3.96017e-05 ,0 
854,21.35 ,-3.87697e-05 ,0 
855,21.375 ,-3.79546e-05 ,0 
856,21.4 ,-3.7156e-05 ,0 
857,21.425 ,-3.63737e-05 ,0 
858,21.45 ,-3.56073e-05 ,0 
859,21.475 ,-3.48566e-05 ,0 
860,21.5 ,-3.41212e-05 ,0 
861,21.525 ,-3.34008e-05 ,0 
862,21.55 ,-3.26952e-05 ,0 
863,21.575 ,-3.20041e-05 ,0 
864,21.6 ,-3.13272e-05 ,0 
865,21.625 ,-3.06642e-05 ,0 
866,21.65 ,-3.00149e-05 ,0 
867,21.675 ,-2.93789e-05 ,0 
868,21.7 ,-2.87561e-05 ,0 
869,21.725 ,-2.81461e-05 ,0 
870,21.75 ,-2.75488e-05 ,0 
871,21.775 ,-2.69638e-05 ,0 
872,21.8 ,-2.6391e-05 ,0 
873,21.825 ,-2.583e-05 ,0 
874,21.85 ,-2.52808e-05 ,0 
875,21.875 ,-2.4743e-05 ,0 
876,21.9 ,-2.42164e-05 ,0 
877,21.925 ,-2.37008e-05 ,0 
878,21.95 ,-2.31959e-05 ,0 
879,21.975 ,-2.27017e-05 ,0 
880,22 ,-2.22178e-05 ,0 
881,22.025 ,-2.17441e-05 ,0 
882,22.05 ,-2.12804e-05 ,0 
883,22.075 ,-2.08264e-05 ,0 
884,22.1 ,-2.03819e-05 ,0 
885,22.125 ,-1.99469e-05 ,0 
886,22.15 ,-1.95211e-05 ,0 
887,22.175 ,-1.91043e-05 ,0 
888,22.2 ,-1.86963e-05 ,0 
889,22.225 ,-1.8297e-05 ,0 
890,22.25 ,-1.79062e-05 ,0 
891,22.275 ,-1.75238e-05 ,0 
892,22.3 ,-1.71495e-05 ,0 
893,22.325 ,-1.67832e-05 ,0 
894,22.35 ,-1.64247e-05 ,0 
895,22.375 ,-1.6074e-05 ,0 
896,22.4 ,-1.57307e-05 ,0 
897,22.425 ,-1.53949e-05 ,0 
898,22.45 ,-1.50663e-05 ,0 
899,22.475 ,-1.47448e-05 ,0 
900,22.5 ,-1.44303e-05 ,0 
901,22.525 ,-1.41225e-05 ,0 
902,22.55 ,-1.38215e-05 ,0 
903,22.575 ,-1.3527e-05 ,0 
904,22.6 ,-1.3239e-05 ,0 
905,22.625 ,-1.29572e-05 ,0 
906,22.65 ,-1.26816e-05 ,0 
907,22.675 ,-1.24121e-05 ,0 
908,22.7 ,-1.21484e-05 ,0 
909,22.725 ,-1.18906e-05 ,0 
910,22.75 ,-1.16385e-05 ,0 
911,22.775 ,-1.1392e-05 ,0 
912,22.8 ,-1.11509e-05 ,0 
913,22.825 ,-1.09152e-05 ,0 
914,22.85 ,-1.06848e-05 ,0 
915,22.875 ,-1.04595e-05 ,0 
916,22.9 ,-1.02393e-05 ,0 
917,22.925 ,-1.0024e-05 ,0 
918,22.95 ,-9.81358e-06 ,0 
919,22.975 ,-9.60791e-06 ,0 
920,23 ,-9.40691e-06 ,0 
921,23.025 ,-9.21049e-06 ,0 
922,23.05 ,-9.01855e-06 ,0 
923,23.075 ,-8.831e-06 ,0 
924,23.1 ,-8.64777e-06 ,0 
925,23.125 ,-8.46876e-06 ,0 
926,23.15 ,-8.29389e-06 ,0 
927,23.175 ,-8.12309e-06 ,0 
928,23.2 ,-7.95627e-06 ,0 
929,23.225 ,-7.79336e-06 ,0 
930,23.25 ,-7.63428e-06 ,0 
931,23.275 ,-7.47895e-06 ,0 
932,23.3 ,-7.32731e-06 ,0 
933,23.325 ,-7.17929e-06 ,0 
934,23.35 ,-7.0348e-06 ,0 
935,23.375 ,-6.8938e-06 ,0 
936,23.4 ,-6.75621e-06 ,0 
937,23.425 ,-6.62196e-06 ,0 
938,23.45 ,-6.491e-06 ,0 
939,23.475 ,-6.36325e-06 ,0 
940,23.5 ,-6.23867e-06 ,0 
941,23.525 ,-6.11719e-06 ,0 
942,23.55 ,-5.99876e-06 ,0 
943,23.575 ,-5.88331e-06 ,0 
944,23.6 ,-5.77079e-06 ,0 
945,23.625 ,-5.66116e-06 ,0 
946,23.65 ,-5.55435e-06 ,0 
947,23.675 ,-5.45032e-06 ,0 
948,23.7 ,-5.34901e-06 ,0 
949,23.725 ,-5.25038e-06 ,0 
950,23.75 ,-5.15438e-06 ,0 
951,23.775 ,-5.06096e-06 ,0 
952,23.8 ,-4.97008e-06 ,0 
953,23.825 ,-4.88169e-06 ,0 
954,23.85 ,-4.79576e-06 ,0 
955,23.875 ,-4.71223e-06 ,0 
956,23.9 ,-4.63107e-06 ,0 
957,23.925 ,-4.55224e-06 ,0 
958,23.95 ,-4.4757e-06 ,0 
959,23.975 ,-4.40142e-06 ,0 
960,24 ,-4.32935e-06 ,0 
961,24.025 ,-4.25946e-06 ,0 
962,24.05 ,-4.19172e-06 ,0 
963,24.075 ,-4.12609e-06 ,0 
964,24.1 ,-4.06254e-06 ,0 
965,24.125 ,-4.00103e-06 ,0 
966,24.15 ,-3.94155e-06 ,0 
967,24.175 ,-3.88406e-06 ,0 
968,24.2 ,-3.82852e-06 ,0 
969,24.225 ,-3.77492e-06 ,0 
970,24.25 ,-3.72322e-06 ,0 
971,24.275 ,-3.6734e-06 ,0 
972,24.3 ,-3.62543e-06 ,0 
973,24.325 ,-3.57929e-06 ,0 
974,24.35 ,-3.53496e-06 ,0 
975,24.375 ,-3.49241e-06 ,0 
976,24.4 ,-3.45162e-06 ,0 
977,24.425 ,-3.41258e-06 ,0 
978,24.45 ,-3.37525e-06 ,0 
979,24.475 ,-3.33963e-06 ,0 
980,24.5 ,-3.30569e-06 ,0 
981,24.525 ,-3.27341e-06 ,0 
982,24.55 ,-3.24278e-06 ,0 
983,24.575 ,-3.21378e-06 ,0 
984,24.6 ,-3.1864e-06 ,0 
985,24.625 ,-3.16063e-06 ,0 
986,24.65 ,-3.13644e-06 ,0 
987,24.675 ,-3.11383e-06 ,0 
988,24.7 ,-3.09278e-06 ,0 
989,24.725 ,-3.07328e-06 ,0 
990,24.75 ,-3.05533e-06 ,0 
991,24.775 ,-3.0389e-06 ,0 
992,24.8 ,-3.024e-06 ,0 
993,24.825 ,-3.01062e-06 ,0 
994,24.85 ,-2.99873e-06 ,0 
995,24.875 ,-2.98835e-06 ,0 
996,24.9 ,-2.97947e-06 ,0 
997,24.925 ,-2.97207e-06 ,0 
998,24.95 ,-2.96615e-06 ,0 
999,24.975 ,-2.96171e-06 ,0 
1000,25 ,-2.95875e-06 ,0 