N_e = 18
1,0 ,0 ,0 
2,0.025 ,0 ,0 
3,0.05 ,0 ,0 
4,0.075 ,0.00115549 ,0 
5,0.1 ,0.00200086 ,0 
6,0.125 ,0.00309458 ,0 
7,0.15 ,0.00443272 ,0 
8,0.175 ,0.00601251 ,0 
9,0.2 ,0.00783145 ,0 
10,0.225 ,0.00988694 ,0 
11,0.25 ,0.0121762 ,0 
12,0.275 ,0.0146963 ,0 
13,0.3 ,0.017444 ,0 
14,0.325 ,0.0204158 ,0 
15,0.35 ,0.0236079 ,0 
16,0.375 ,0.0270164 ,0 
17,0.4 ,0.0306368 ,0 
18,0.425 ,0.0344646 ,0 
19,0.45 ,0.0384951 ,0 
20,0.475 ,0.0427231 ,0 
21,0.5 ,0.0471434 ,0 
22,0.525 ,0.0517504 ,0 
23,0.55 ,0.0565382 ,0 
24,0.575 ,0.0615009 ,0 
25,0.6 ,0.0666322 ,0 
26,0.625 ,0.0719256 ,0 
27,0.65 ,0.0773745 ,0 
28,0.675 ,0.0829719 ,0 
29,0.7 ,0.0887109 ,0 
30,0.725 ,0.0945841 ,0 
31,0.75 ,0.100584 ,0 
32,0.775 ,0.106704 ,0 
33,0.8 ,0.112934 ,0 
34,0.825 ,0.119269 ,0 
35,0.85 ,0.125699 ,0 
36,0.875 ,0.132216 ,0 
37,0.9 ,0.138812 ,0 
38,0.925 ,0.145479 ,0 
39,0.95 ,0.152209 ,0 
40,0.975 ,0.158991 ,0 
41,1 ,0.165819 ,0 
42,1.025 ,0.172683 ,0 
43,1.05 ,0.179574 ,0 
44,1.075 ,0.186484 ,0 
45,1.1 ,0.193403 ,0 
46,1.125 ,0.200322 ,0 
47,1.15 ,0.207234 ,0 
48,1.175 ,0.214128 ,0 
49,1.2 ,0.220995 ,0 
50,1.225 ,0.227828 ,0 
51,1.25 ,0.234616 ,0 
52,1.275 ,0.241351 ,0 
53,1.3 ,0.248025 ,0 
54,1.325 ,0.254627 ,0 
55,1.35 ,0.26115 ,0 
56,1.375 ,0.267585 ,0 
57,1.4 ,0.273923 ,0 
58,1.425 ,0.280155 ,0 
59,1.45 ,0.286274 ,0 
60,1.475 ,0.292271 ,0 
61,1.5 ,0.298138 ,0 
62,1.525 ,0.303867 ,0 
63,1.55 ,0.309449 ,0 
64,1.575 ,0.314877 ,0 
65,1.6 ,0.320144 ,0 
66,1.625 ,0.325243 ,0 
67,1.65 ,0.330164 ,0 
68,1.675 ,0.334903 ,0 
69,1.7 ,0.339451 ,0 
70,1.725 ,0.343803 ,0 
71,1.75 ,0.347951 ,0 
72,1.775 ,0.351889 ,0 
73,1.8 ,0.355612 ,0 
74,1.825 ,0.359113 ,0 
75,1.85 ,0.362387 ,0 
76,1.875 ,0.365428 ,0 
77,1.9 ,0.368231 ,0 
78,1.925 ,0.370792 ,0 
79,1.95 ,0.373106 ,0 
80,1.975 ,0.375167 ,0 
81,2 ,0.376974 ,0 
82,2.025 ,0.37852 ,0 
83,2.05 ,0.379803 ,0 
84,2.075 ,0.38082 ,0 
85,2.1 ,0.381568 ,0 
86,2.125 ,0.382043 ,0 
87,2.15 ,0.382243 ,0 
88,2.175 ,0.382167 ,0 
89,2.2 ,0.381812 ,0 
90,2.225 ,0.381176 ,0 
91,2.25 ,0.380259 ,0 
92,2.275 ,0.379059 ,0 
93,2.3 ,0.377576 ,0 
94,2.325 ,0.375809 ,0 
95,2.35 ,0.373759 ,0 
96,2.375 ,0.371424 ,0 
97,2.4 ,0.368806 ,0 
98,2.425 ,0.365906 ,0 
99,2.45 ,0.362724 ,0 
100,2.475 ,0.359262 ,0 
101,2.5 ,0.355522 ,0 
102,2.525 ,0.351505 ,0 
103,2.55 ,0.347214 ,0 
104,2.575 ,0.342651 ,0 
105,2.6 ,0.337818 ,0 
106,2.625 ,0.33272 ,0 
107,2.65 ,0.327358 ,0 
108,2.675 ,0.321738 ,0 
109,2.7 ,0.315861 ,0 
110,2.725 ,0.309734 ,0 
111,2.75 ,0.30336 ,0 
112,2.775 ,0.296743 ,0 
113,2.8 ,0.289888 ,0 
114,2.825 ,0.282801 ,0 
115,2.85 ,0.275487 ,0 
116,2.875 ,0.267951 ,0 
117,2.9 ,0.260199 ,0 
118,2.925 ,0.252237 ,0 
119,2.95 ,0.244071 ,0 
120,2.975 ,0.235708 ,0 
121,3 ,0.227153 ,0 
122,3.025 ,0.218415 ,0 
123,3.05 ,0.209499 ,0 
124,3.075 ,0.200414 ,0 
125,3.1 ,0.191165 ,0 
126,3.125 ,0.181761 ,0 
127,3.15 ,0.172209 ,0 
128,3.175 ,0.162517 ,0 
129,3.2 ,0.152692 ,0 
130,3.225 ,0.142743 ,0 
131,3.25 ,0.132678 ,0 
132,3.275 ,0.122504 ,0 
133,3.3 ,0.112231 ,0 
134,3.325 ,0.101866 ,0 
135,3.35 ,0.0914176 ,0 
136,3.375 ,0.080895 ,0 
137,3.4 ,0.0703065 ,0 
138,3.425 ,0.0596607 ,0 
139,3.45 ,0.0489663 ,0 
140,3.475 ,0.0382319 ,0 
141,3.5 ,0.0274664 ,0 
142,3.525 ,0.0166786 ,0 
143,3.55 ,0.00587719 ,0 
144,3.575 ,-0.00492901 ,0 
145,3.6 ,-0.0157312 ,0 
146,3.625 ,-0.0265206 ,0 
147,3.65 ,-0.0372885 ,0 
148,3.675 ,-0.0480261 ,0 
149,3.7 ,-0.0587248 ,0 
150,3.725 ,-0.0693759 ,0 
151,3.75 ,-0.0799709 ,0 
152,3.775 ,-0.0905012 ,0 
153,3.8 ,-0.100958 ,0 
154,3.825 ,-0.111334 ,0 
155,3.85 ,-0.12162 ,0 
156,3.875 ,-0.131808 ,0 
157,3.9 ,-0.14189 ,0 
158,3.925 ,-0.151858 ,0 
159,3.95 ,-0.161704 ,0 
160,3.975 ,-0.171421 ,0 
161,4 ,-0.181 ,0 
162,4.025 ,-0.190434 ,0 
163,4.05 ,-0.199717 ,0 
164,4.075 ,-0.20884 ,0 
165,4.1 ,-0.217797 ,0 
166,4.125 ,-0.226581 ,0 
167,4.15 ,-0.235185 ,0 
168,4.175 ,-0.243603 ,0 
169,4.2 ,-0.251828 ,0 
170,4.225 ,-0.259854 ,0 
171,4.25 ,-0.267675 ,0 
172,4.275 ,-0.275286 ,0 
173,4.3 ,-0.28268 ,0 
174,4.325 ,-0.289852 ,0 
175,4.35 ,-0.296798 ,0 
176,4.375 ,-0.303512 ,0 
177,4.4 ,-0.309988 ,0 
178,4.425 ,-0.316224 ,0 
179,4.45 ,-0.322214 ,0 
180,4.475 ,-0.327954 ,0 
181,4.5 ,-0.33344 ,0 
182,4.525 ,-0.338669 ,0 
183,4.55 ,-0.343637 ,0 
184,4.575 ,-0.348341 ,0 
185,4.6 ,-0.352778 ,0 
186,4.625 ,-0.356944 ,0 
187,4.65 ,-0.360838 ,0 
188,4.675 ,-0.364458 ,0 
189,4.7 ,-0.3678 ,0 
190,4.725 ,-0.370863 ,0 
191,4.75 ,-0.373645 ,0 
192,4.775 ,-0.376146 ,0 
193,4.8 ,-0.378364 ,0 
194,4.825 ,-0.380297 ,0 
195,4.85 ,-0.381946 ,0 
196,4.875 ,-0.383309 ,0 
197,4.9 ,-0.384387 ,0 
198,4.925 ,-0.385179 ,0 
199,4.95 ,-0.385685 ,0 
200,4.975 ,-0.385907 ,0 
201,5 ,-0.385844 ,0 
202,5.025 ,-0.385498 ,0 
203,5.05 ,-0.384869 ,0 
204,5.075 ,-0.383959 ,0 
205,5.1 ,-0.382769 ,0 
206,5.125 ,-0.381301 ,0 
207,5.15 ,-0.379557 ,0 
208,5.175 ,-0.377539 ,0 
209,5.2 ,-0.375249 ,0 
210,5.225 ,-0.37269 ,0 
211,5.25 ,-0.369864 ,0 
212,5.275 ,-0.366774 ,0 
213,5.3 ,-0.363424 ,0 
214,5.325 ,-0.359816 ,0 
215,5.35 ,-0.355953 ,0 
216,5.375 ,-0.351841 ,0 
217,5.4 ,-0.347481 ,0 
218,5.425 ,-0.342879 ,0 
219,5.45 ,-0.338037 ,0 
220,5.475 ,-0.332961 ,0 
221,5.5 ,-0.327654 ,0 
222,5.525 ,-0.322122 ,0 
223,5.55 ,-0.316368 ,0 
224,5.575 ,-0.310397 ,0 
225,5.6 ,-0.304215 ,0 
226,5.625 ,-0.297826 ,0 
227,5.65 ,-0.291236 ,0 
228,5.675 ,-0.284449 ,0 
229,5.7 ,-0.27747 ,0 
230,5.725 ,-0.270307 ,0 
231,5.75 ,-0.262963 ,0 
232,5.775 ,-0.255444 ,0 
233,5.8 ,-0.247756 ,0 
234,5.825 ,-0.239905 ,0 
235,5.85 ,-0.231897 ,0 
236,5.875 ,-0.223737 ,0 
237,5.9 ,-0.215431 ,0 
238,5.925 ,-0.206986 ,0 
239,5.95 ,-0.198408 ,0 
240,5.975 ,-0.189701 ,0 
241,6 ,-0.180874 ,0 
242,6.025 ,-0.171931 ,0 
243,6.05 ,-0.162879 ,0 
244,6.075 ,-0.153725 ,0 
245,6.1 ,-0.144474 ,0 
246,6.125 ,-0.135132 ,0 
247,6.15 ,-0.125706 ,0 
248,6.175 ,-0.116203 ,0 
249,6.2 ,-0.106627 ,0 
250,6.225 ,-0.0969864 ,0 
251,6.25 ,-0.0872863 ,0 
252,6.275 ,-0.0775331 ,0 
253,6.3 ,-0.067733 ,0 
254,6.325 ,-0.057892 ,0 
255,6.35 ,-0.0480164 ,0 
256,6.375 ,-0.0381122 ,0 
257,6.4 ,-0.0281853 ,0 
258,6.425 ,-0.0182418 ,0 
259,6.45 ,-0.00828759 ,0 
260,6.475 ,0.00167147 ,0 
261,6.5 ,0.0116296 ,0 
262,6.525 ,0.0215809 ,0 
263,6.55 ,0.0315199 ,0 
264,6.575 ,0.0414409 ,0 
265,6.6 ,0.0513383 ,0 
266,6.625 ,0.0612067 ,0 
267,6.65 ,0.0710408 ,0 
268,6.675 ,0.0808351 ,0 
269,6.7 ,0.0905846 ,0 
270,6.725 ,0.100284 ,0 
271,6.75 ,0.109928 ,0 
272,6.775 ,0.119513 ,0 
273,6.8 ,0.129032 ,0 
274,6.825 ,0.138482 ,0 
275,6.85 ,0.147858 ,0 
276,6.875 ,0.157155 ,0 
277,6.9 ,0.166369 ,0 
278,6.925 ,0.175495 ,0 
279,6.95 ,0.18453 ,0 
280,6.975 ,0.193469 ,0 
281,7 ,0.202308 ,0 
282,7.025 ,0.211043 ,0 
283,7.05 ,0.219671 ,0 
284,7.075 ,0.228189 ,0 
285,7.1 ,0.236591 ,0 
286,7.125 ,0.244876 ,0 
287,7.15 ,0.253039 ,0 
288,7.175 ,0.261078 ,0 
289,7.2 ,0.26899 ,0 
290,7.225 ,0.276771 ,0 
291,7.25 ,0.284419 ,0 
292,7.275 ,0.291931 ,0 
293,7.3 ,0.299306 ,0 
294,7.325 ,0.306539 ,0 
295,7.35 ,0.313629 ,0 
296,7.375 ,0.320574 ,0 
297,7.4 ,0.327372 ,0 
298,7.425 ,0.334021 ,0 
299,7.45 ,0.340519 ,0 
300,7.475 ,0.346864 ,0 
301,7.5 ,0.353055 ,0 
302,7.525 ,0.35909 ,0 
303,7.55 ,0.364968 ,0 
304,7.575 ,0.370688 ,0 
305,7.6 ,0.376249 ,0 
306,7.625 ,0.381649 ,0 
307,7.65 ,0.386888 ,0 
308,7.675 ,0.391965 ,0 
309,7.7 ,0.39688 ,0 
310,7.725 ,0.401632 ,0 
311,7.75 ,0.40622 ,0 
312,7.775 ,0.410645 ,0 
313,7.8 ,0.414906 ,0 
314,7.825 ,0.419002 ,0 
315,7.85 ,0.422935 ,0 
316,7.875 ,0.426704 ,0 
317,7.9 ,0.430309 ,0 
318,7.925 ,0.43375 ,0 
319,7.95 ,0.437029 ,0 
320,7.975 ,0.440145 ,0 
321,8 ,0.443099 ,0 
322,8.025 ,0.445892 ,0 
323,8.05 ,0.448525 ,0 
324,8.075 ,0.450997 ,0 
325,8.1 ,0.453312 ,0 
326,8.125 ,0.455468 ,0 
327,8.15 ,0.457468 ,0 
328,8.175 ,0.459313 ,0 
329,8.2 ,0.461004 ,0 
330,8.225 ,0.462541 ,0 
331,8.25 ,0.463928 ,0 
332,8.275 ,0.465164 ,0 
333,8.3 ,0.466252 ,0 
334,8.325 ,0.467194 ,0 
335,8.35 ,0.46799 ,0 
336,8.375 ,0.468642 ,0 
337,8.4 ,0.469153 ,0 
338,8.425 ,0.469524 ,0 
339,8.45 ,0.469757 ,0 
340,8.475 ,0.469854 ,0 
341,8.5 ,0.469817 ,0 
342,8.525 ,0.469648 ,0 
343,8.55 ,0.469349 ,0 
344,8.575 ,0.468922 ,0 
345,8.6 ,0.468369 ,0 
346,8.625 ,0.467692 ,0 
347,8.65 ,0.466894 ,0 
348,8.675 ,0.465977 ,0 
349,8.7 ,0.464943 ,0 
350,8.725 ,0.463795 ,0 
351,8.75 ,0.462534 ,0 
352,8.775 ,0.461163 ,0 
353,8.8 ,0.459684 ,0 
354,8.825 ,0.458101 ,0 
355,8.85 ,0.456414 ,0 
356,8.875 ,0.454627 ,0 
357,8.9 ,0.452742 ,0 
358,8.925 ,0.450762 ,0 
359,8.95 ,0.448689 ,0 
360,8.975 ,0.446524 ,0 
361,9 ,0.444272 ,0 
362,9.025 ,0.441934 ,0 
363,9.05 ,0.439513 ,0 
364,9.075 ,0.437011 ,0 
365,9.1 ,0.434431 ,0 
366,9.125 ,0.431775 ,0 
367,9.15 ,0.429045 ,0 
368,9.175 ,0.426245 ,0 
369,9.2 ,0.423375 ,0 
370,9.225 ,0.42044 ,0 
371,9.25 ,0.417441 ,0 
372,9.275 ,0.414381 ,0 
373,9.3 ,0.411262 ,0 
374,9.325 ,0.408087 ,0 
375,9.35 ,0.404857 ,0 
376,9.375 ,0.401576 ,0 
377,9.4 ,0.398245 ,0 
378,9.425 ,0.394867 ,0 
379,9.45 ,0.391444 ,0 
380,9.475 ,0.387979 ,0 
381,9.5 ,0.384473 ,0 
382,9.525 ,0.380929 ,0 
383,9.55 ,0.377349 ,0 
384,9.575 ,0.373735 ,0 
385,9.6 ,0.37009 ,0 
386,9.625 ,0.366415 ,0 
387,9.65 ,0.362712 ,0 
388,9.675 ,0.358984 ,0 
389,9.7 ,0.355233 ,0 
390,9.725 ,0.35146 ,0 
391,9.75 ,0.347668 ,0 
392,9.775 ,0.343858 ,0 
393,9.8 ,0.340032 ,0 
394,9.825 ,0.336193 ,0 
395,9.85 ,0.332342 ,0 
396,9.875 ,0.328481 ,0 
397,9.9 ,0.324611 ,0 
398,9.925 ,0.320735 ,0 
399,9.95 ,0.316854 ,0 
400,9.975 ,0.312969 ,0 
401,10 ,0.309083 ,0 
402,10.025 ,0.305197 ,0 
403,10.05 ,0.301312 ,0 
404,10.075 ,0.297431 ,0 
405,10.1 ,0.293553 ,0 
406,10.125 ,0.289682 ,0 
407,10.15 ,0.285818 ,0 
408,10.175 ,0.281963 ,0 
409,10.2 ,0.278118 ,0 
410,10.225 ,0.274284 ,0 
411,10.25 ,0.270463 ,0 
412,10.275 ,0.266656 ,0 
413,10.3 ,0.262864 ,0 
414,10.325 ,0.259088 ,0 
415,10.35 ,0.255329 ,0 
416,10.375 ,0.251589 ,0 
417,10.4 ,0.247868 ,0 
418,10.425 ,0.244168 ,0 
419,10.45 ,0.24049 ,0 
420,10.475 ,0.236834 ,0 
421,10.5 ,0.233201 ,0 
422,10.525 ,0.229593 ,0 
423,10.55 ,0.226009 ,0 
424,10.575 ,0.222452 ,0 
425,10.6 ,0.218922 ,0 
426,10.625 ,0.215419 ,0 
427,10.65 ,0.211944 ,0 
428,10.675 ,0.208498 ,0 
429,10.7 ,0.205082 ,0 
430,10.725 ,0.201696 ,0 
431,10.75 ,0.198341 ,0 
432,10.775 ,0.195017 ,0 
433,10.8 ,0.191725 ,0 
434,10.825 ,0.188465 ,0 
435,10.85 ,0.185239 ,0 
436,10.875 ,0.182045 ,0 
437,10.9 ,0.178885 ,0 
438,10.925 ,0.175759 ,0 
439,10.95 ,0.172667 ,0 
440,10.975 ,0.16961 ,0 
441,11 ,0.166588 ,0 
442,11.025 ,0.163601 ,0 
443,11.05 ,0.160649 ,0 
444,11.075 ,0.157732 ,0 
445,11.1 ,0.154851 ,0 
446,11.125 ,0.152006 ,0 
447,11.15 ,0.149197 ,0 
448,11.175 ,0.146423 ,0 
449,11.2 ,0.143686 ,0 
450,11.225 ,0.140985 ,0 
451,11.25 ,0.138319 ,0 
452,11.275 ,0.13569 ,0 
453,11.3 ,0.133097 ,0 
454,11.325 ,0.130539 ,0 
455,11.35 ,0.128018 ,0 
456,11.375 ,0.125532 ,0 
457,11.4 ,0.123082 ,0 
458,11.425 ,0.120668 ,0 
459,11.45 ,0.11829 ,0 
460,11.475 ,0.115946 ,0 
461,11.5 ,0.113638 ,0 
462,11.525 ,0.111365 ,0 
463,11.55 ,0.109127 ,0 
464,11.575 ,0.106924 ,0 
465,11.6 ,0.104755 ,0 
466,11.625 ,0.10262 ,0 
467,11.65 ,0.100519 ,0 
468,11.675 ,0.0984521 ,0 
469,11.7 ,0.0964187 ,0 
470,11.725 ,0.0944186 ,0 
471,11.75 ,0.0924515 ,0 
472,11.775 ,0.0905172 ,0 
473,11.8 ,0.0886154 ,0 
474,11.825 ,0.0867457 ,0 
475,11.85 ,0.084908 ,0 
476,11.875 ,0.0831018 ,0 
477,11.9 ,0.0813269 ,0 
478,11.925 ,0.079583 ,0 
479,11.95 ,0.0778698 ,0 
480,11.975 ,0.0761869 ,0 
481,12 ,0.074534 ,0 
482,12.025 ,0.0729108 ,0 
483,12.05 ,0.0713169 ,0 
484,12.075 ,0.0697521 ,0 
485,12.1 ,0.0682159 ,0 
486,12.125 ,0.0667081 ,0 
487,12.15 ,0.0652282 ,0 
488,12.175 ,0.063776 ,0 
489,12.2 ,0.0623511 ,0 
490,12.225 ,0.0609531 ,0 
491,12.25 ,0.0595817 ,0 
492,12.275 ,0.0582366 ,0 
493,12.3 ,0.0569173 ,0 
494,12.325 ,0.0556236 ,0 
495,12.35 ,0.0543551 ,0 
496,12.375 ,0.0531114 ,0 
497,12.4 ,0.0518922 ,0 
498,12.425 ,0.0506971 ,0 
499,12.45 ,0.0495257 ,0 
500,12.475 ,0.0483778 ,0 
501,12.5 ,0.047253 ,0 
502,12.525 ,0.0461509 ,0 
503,12.55 ,0.0450712 ,0 
504,12.575 ,0.0440135 ,0 
505,12.6 ,0.0429775 ,0 
506,12.625 ,0.0419628 ,0 
507,12.65 ,0.0409691 ,0 
508,12.675 ,0.0399961 ,0 
509,12.7 ,0.0390435 ,0 
510,12.725 ,0.0381108 ,0 
511,12.75 ,0.0371978 ,0 
512,12.775 ,0.0363041 ,0 
513,12.8 ,0.0354295 ,0 
514,12.825 ,0.0345735 ,0 
515,12.85 ,0.0337359 ,0 
516,12.875 ,0.0329163 ,0 
517,12.9 ,0.0321145 ,0 
518,12.925 ,0.0313301 ,0 
519,12.95 ,0.0305628 ,0 
520,12.975 ,0.0298123 ,0 
521,13 ,0.0290783 ,0 
522,13.025 ,0.0283605 ,0 
523,13.05 ,0.0276586 ,0 
524,13.075 ,0.0269724 ,0 
525,13.1 ,0.0263014 ,0 
526,13.125 ,0.0256455 ,0 
527,13.15 ,0.0250044 ,0 
528,13.175 ,0.0243777 ,0 
529,13.2 ,0.0237653 ,0 
530,13.225 ,0.0231667 ,0 
531,13.25 ,0.0225819 ,0 
532,13.275 ,0.0220104 ,0 
533,13.3 ,0.0214521 ,0 
534,13.325 ,0.0209066 ,0 
535,13.35 ,0.0203738 ,0 
536,13.375 ,0.0198533 ,0 
537,13.4 ,0.019345 ,0 
538,13.425 ,0.0188485 ,0 
539,13.45 ,0.0183637 ,0 
540,13.475 ,0.0178903 ,0 
541,13.5 ,0.017428 ,0 
542,13.525 ,0.0169767 ,0 
543,13.55 ,0.0165362 ,0 
544,13.575 ,0.0161061 ,0 
545,13.6 ,0.0156863 ,0 
546,13.625 ,0.0152765 ,0 
547,13.65 ,0.0148767 ,0 
548,13.675 ,0.0144864 ,0 
549,13.7 ,0.0141056 ,0 
550,13.725 ,0.013734 ,0 
551,13.75 ,0.0133715 ,0 
552,13.775 ,0.0130178 ,0 
553,13.8 ,0.0126727 ,0 
554,13.825 ,0.0123362 ,0 
555,13.85 ,0.0120079 ,0 
556,13.875 ,0.0116877 ,0 
557,13.9 ,0.0113754 ,0 
558,13.925 ,0.0110708 ,0 
559,13.95 ,0.0107739 ,0 
560,13.975 ,0.0104843 ,0 
561,14 ,0.010202 ,0 
562,14.025 ,0.00992675 ,0 
563,14.05 ,0.00965842 ,0 
564,14.075 ,0.00939685 ,0 
565,14.1 ,0.00914189 ,0 
566,14.125 ,0.00889338 ,0 
567,14.15 ,0.00865119 ,0 
568,14.175 ,0.00841515 ,0 
569,14.2 ,0.00818514 ,0 
570,14.225 ,0.007961 ,0 
571,14.25 ,0.00774261 ,0 
572,14.275 ,0.00752984 ,0 
573,14.3 ,0.00732254 ,0 
574,14.325 ,0.00712059 ,0 
575,14.35 ,0.00692387 ,0 
576,14.375 ,0.00673226 ,0 
577,14.4 ,0.00654562 ,0 
578,14.425 ,0.00636384 ,0 
579,14.45 ,0.00618681 ,0 
580,14.475 ,0.00601442 ,0 
581,14.5 ,0.00584654 ,0 
582,14.525 ,0.00568308 ,0 
583,14.55 ,0.00552393 ,0 
584,14.575 ,0.00536897 ,0 
585,14.6 ,0.00521812 ,0 
586,14.625 ,0.00507126 ,0 
587,14.65 ,0.00492831 ,0 
588,14.675 ,0.00478916 ,0 
589,14.7 ,0.00465373 ,0 
590,14.725 ,0.00452191 ,0 
591,14.75 ,0.00439363 ,0 
592,14.775 ,0.00426879 ,0 
593,14.8 ,0.00414731 ,0 
594,14.825 ,0.0040291 ,0 
595,14.85 ,0.00391409 ,0 
596,14.875 ,0.00380218 ,0 
597,14.9 ,0.00369332 ,0 
598,14.925 ,0.0035874 ,0 
599,14.95 ,0.00348437 ,0 
600,14.975 ,0.00338415 ,0 
601,15 ,0.00328667 ,0 
602,15.025 ,0.00319186 ,0 
603,15.05 ,0.00309965 ,0 
604,15.075 ,0.00300997 ,0 
605,15.1 ,0.00292275 ,0 
606,15.125 ,0.00283795 ,0 
607,15.15 ,0.00275548 ,0 
608,15.175 ,0.0026753 ,0 
609,15.2 ,0.00259734 ,0 
610,15.225 ,0.00252155 ,0 
611,15.25 ,0.00244787 ,0 
612,15.275 ,0.00237623 ,0 
613,15.3 ,0.0023066 ,0 
614,15.325 ,0.00223892 ,0 
615,15.35 ,0.00217313 ,0 
616,15.375 ,0.00210919 ,0 
617,15.4 ,0.00204705 ,0 
618,15.425 ,0.00198665 ,0 
619,15.45 ,0.00192796 ,0 
620,15.475 ,0.00187093 ,0 
621,15.5 ,0.00181551 ,0 
622,15.525 ,0.00176167 ,0 
623,15.55 ,0.00170935 ,0 
624,15.575 ,0.00165852 ,0 
625,15.6 ,0.00160914 ,0 
626,15.625 ,0.00156116 ,0 
627,15.65 ,0.00151456 ,0 
628,15.675 ,0.00146929 ,0 
629,15.7 ,0.00142532 ,0 
630,15.725 ,0.00138261 ,0 
631,15.75 ,0.00134113 ,0 
632,15.775 ,0.00130084 ,0 
633,15.8 ,0.00126172 ,0 
634,15.825 ,0.00122372 ,0 
635,15.85 ,0.00118683 ,0 
636,15.875 ,0.001151 ,0 
637,15.9 ,0.00111621 ,0 
638,15.925 ,0.00108244 ,0 
639,15.95 ,0.00104964 ,0 
640,15.975 ,0.0010178 ,0 
641,16 ,0.000986896 ,0 
642,16.025 ,0.000956891 ,0 
643,16.05 ,0.000927763 ,0 
644,16.075 ,0.00089949 ,0 
645,16.1 ,0.000872047 ,0 
646,16.125 ,0.00084541 ,0 
647,16.15 ,0.000819557 ,0 
648,16.175 ,0.000794466 ,0 
649,16.2 ,0.000770116 ,0 
650,16.225 ,0.000746485 ,0 
651,16.25 ,0.000723554 ,0 
652,16.275 ,0.000701302 ,0 
653,16.3 ,0.000679711 ,0 
654,16.325 ,0.000658761 ,0 
655,16.35 ,0.000638435 ,0 
656,16.375 ,0.000618714 ,0 
657,16.4 ,0.000599582 ,0 
658,16.425 ,0.000581021 ,0 
659,16.45 ,0.000563015 ,0 
660,16.475 ,0.000545549 ,0 
661,16.5 ,0.000528606 ,0 
662,16.525 ,0.000512173 ,0 
663,16.55 ,0.000496233 ,0 
664,16.575 ,0.000480773 ,0 
665,16.6 ,0.000465779 ,0 
666,16.625 ,0.000451238 ,0 
667,16.65 ,0.000437136 ,0 
668,16.675 ,0.00042346 ,0 
669,16.7 ,0.000410199 ,0 
670,16.725 ,0.00039734 ,0 
671,16.75 ,0.000384871 ,0 
672,16.775 ,0.000372782 ,0 
673,16.8 ,0.00036106 ,0 
674,16.825 ,0.000349696 ,0 
675,16.85 ,0.000338678 ,0 
676,16.875 ,0.000327997 ,0 
677,16.9 ,0.000317643 ,0 
678,16.925 ,0.000307606 ,0 
679,16.95 ,0.000297876 ,0 
680,16.975 ,0.000288445 ,0 
681,17 ,0.000279303 ,0 
682,17.025 ,0.000270443 ,0 
683,17.05 ,0.000261856 ,0 
684,17.075 ,0.000253533 ,0 
685,17.1 ,0.000245468 ,0 
686,17.125 ,0.000237651 ,0 
687,17.15 ,0.000230076 ,0 
688,17.175 ,0.000222736 ,0 
689,17.2 ,0.000215623 ,0 
690,17.225 ,0.000208732 ,0 
691,17.25 ,0.000202054 ,0 
692,17.275 ,0.000195584 ,0 
693,17.3 ,0.000189315 ,0 
694,17.325 ,0.000183242 ,0 
695,17.35 ,0.000177358 ,0 
696,17.375 ,0.000171658 ,0 
697,17.4 ,0.000166137 ,0 
698,17.425 ,0.000160788 ,0 
699,17.45 ,0.000155606 ,0 
700,17.475 ,0.000150588 ,0 
701,17.5 ,0.000145726 ,0 
702,17.525 ,0.000141018 ,0 
703,17.55 ,0.000136458 ,0 
704,17.575 ,0.000132041 ,0 
705,17.6 ,0.000127764 ,0 
706,17.625 ,0.000123621 ,0 
707,17.65 ,0.00011961 ,0 
708,17.675 ,0.000115725 ,0 
709,17.7 ,0.000111964 ,0 
710,17.725 ,0.000108321 ,0 
711,17.75 ,0.000104794 ,0 
712,17.775 ,0.000101379 ,0 
713,17.8 ,9.80725e-05 ,0 
714,17.825 ,9.48712e-05 ,0 
715,17.85 ,9.17718e-05 ,0 
716,17.875 ,8.87712e-05 ,0 
717,17.9 ,8.58664e-05 ,0 
718,17.925 ,8.30542e-05 ,0 
719,17.95 ,8.0332e-05 ,0 
720,17.975 ,7.76969e-05 ,0 
721,18 ,7.51461e-05 ,0 
722,18.025 ,7.26771e-05 ,0 
723,18.05 ,7.02873e-05 ,0 
724,18.075 ,6.79742e-05 ,0 
725,18.1 ,6.57355e-05 ,0 
726,18.125 ,6.35688e-05 ,0 
727,18.15 ,6.14719e-05 ,0 
728,18.175 ,5.94425e-05 ,0 
729,18.2 ,5.74786e-05 ,0 
730,18.225 ,5.55781e-05 ,0 
731,18.25 ,5.3739e-05 ,0 
732,18.275 ,5.19595e-05 ,0 
733,18.3 ,5.02375e-05 ,0 
734,18.325 ,4.85713e-05 ,0 
735,18.35 ,4.69592e-05 ,0 
736,18.375 ,4.53993e-05 ,0 
737,18.4 ,4.38902e-05 ,0 
738,18.425 ,4.24301e-05 ,0 
739,18.45 ,4.10175e-05 ,0 
740,18.475 ,3.9651e-05 ,0 
741,18.5 ,3.8329e-05 ,0 
742,18.525 ,3.70501e-05 ,0 
743,18.55 ,3.5813e-05 ,0 
744,18.575 ,3.46163e-05 ,0 
745,18.6 ,3.34587e-05 ,0 
746,18.625 ,3.23391e-05 ,0 
747,18.65 ,3.12561e-05 ,0 
748,18.675 ,3.02086e-05 ,0 
749,18.7 ,2.91955e-05 ,0 
750,18.725 ,2.82157e-05 ,0 
751,18.75 ,2.72681e-05 ,0 
752,18.775 ,2.63517e-05 ,0 
753,18.8 ,2.54654e-05 ,0 
754,18.825 ,2.46084e-05 ,0 
755,18.85 ,2.37796e-05 ,0 
756,18.875 ,2.29781e-05 ,0 
757,18.9 ,2.22032e-05 ,0 
758,18.925 ,2.14538e-05 ,0 
759,18.95 ,2.07292e-05 ,0 
760,18.975 ,2.00287e-05 ,0 
761,19 ,1.93513e-05 ,0 
762,19.025 ,1.86964e-05 ,0 
763,19.05 ,1.80632e-05 ,0 
764,19.075 ,1.74511e-05 ,0 
765,19.1 ,1.68593e-05 ,0 
766,19.125 ,1.62872e-05 ,0 
767,19.15 ,1.57341e-05 ,0 
768,19.175 ,1.51995e-05 ,0 
769,19.2 ,1.46826e-05 ,0 
770,19.225 ,1.41831e-05 ,0 
771,19.25 ,1.37001e-05 ,0 
772,19.275 ,1.32334e-05 ,0 
773,19.3 ,1.27822e-05 ,0 
774,19.325 ,1.23462e-05 ,0 
775,19.35 ,1.19247e-05 ,0 
776,19.375 ,1.15174e-05 ,0 
777,19.4 ,1.11237e-05 ,0 
778,19.425 ,1.07432e-05 ,0 
779,19.45 ,1.03755e-05 ,0 
780,19.475 ,1.00202e-05 ,0 
781,19.5 ,9.6768e-06 ,0 
782,19.525 ,9.34497e-06 ,0 
783,19.55 ,9.02432e-06 ,0 
784,19.575 ,8.71447e-06 ,0 
785,19.6 ,8.41507e-06 ,0 
786,19.625 ,8.12578e-06 ,0 
787,19.65 ,7.84626e-06 ,0 
788,19.675 ,7.57619e-06 ,0 
789,19.7 ,7.31525e-06 ,0 
790,19.725 ,7.06314e-06 ,0 
791,19.75 ,6.81957e-06 ,0 
792,19.775 ,6.58425e-06 ,0 
793,19.8 ,6.35691e-06 ,0 
794,19.825 ,6.13729e-06 ,0 
795,19.85 ,5.92513e-06 ,0 
796,19.875 ,5.72017e-06 ,0 
797,19.9 ,5.52218e-06 ,0 
798,19.925 ,5.33094e-06 ,0 
799,19.95 ,5.1462e-06 ,0 
800,19.975 ,4.96775e-06 ,0 
801,20 ,4.79539e-06 ,0 
802,20.025 ,4.62891e-06 ,0 
803,20.05 ,4.46811e-06 ,0 
804,20.075 ,4.31281e-06 ,0 
805,20.1 ,4.16281e-06 ,0 
806,20.125 ,4.01794e-06 ,0 
807,20.15 ,3.87803e-06 ,0 
808,20.175 ,3.74292e-06 ,0 
809,20.2 ,3.61243e-06 ,0 
810,20.225 ,3.48641e-06 ,0 
811,20.25 ,3.36472e-06 ,0 
812,20.275 ,3.2472e-06 ,0 
813,20.3 ,3.13373e-06 ,0 
814,20.325 ,3.02415e-06 ,0 
815,20.35 ,2.91834e-06 ,0 
816,20.375 ,2.81617e-06 ,0 
817,20.4 ,2.71752e-06 ,0 
818,20.425 ,2.62226e-06 ,0 
819,20.45 ,2.53029e-06 ,0 
820,20.475 ,2.44149e-06 ,0 
821,20.5 ,2.35576e-06 ,0 
822,20.525 ,2.27298e-06 ,0 
823,20.55 ,2.19307e-06 ,0 
824,20.575 ,2.11592e-06 ,0 
825,20.6 ,2.04143e-06 ,0 
826,20.625 ,1.96952e-06 ,0 
827,20.65 ,1.9001e-06 ,0 
828,20.675 ,1.83309e-06 ,0 
829,20.7 ,1.7684e-06 ,0 
830,20.725 ,1.70595e-06 ,0 
831,20.75 ,1.64566e-06 ,0 
832,20.775 ,1.58747e-06 ,0 
833,20.8 ,1.5313e-06 ,0 
834,20.825 ,1.47708e-06 ,0 
835,20.85 ,1.42474e-06 ,0 
836,20.875 ,1.37422e-06 ,0 
837,20.9 ,1.32546e-06 ,0 
838,20.925 ,1.2784e-06 ,0 
839,20.95 ,1.23297e-06 ,0 
840,20.975 ,1.18913e-06 ,0 
841,21 ,1.14681e-06 ,0 
842,21.025 ,1.10596e-06 ,0 
843,21.05 ,1.06654e-06 ,0 
844,21.075 ,1.02849e-06 ,0 
845,21.1 ,9.9177e-07 ,0 
846,21.125 ,9.56329e-07 ,0 
847,21.15 ,9.22124e-07 ,0 
848,21.175 ,8.89112e-07 ,0 
849,21.2 ,8.57252e-07 ,0 
850,21.225 ,8.26503e-07 ,0 
851,21.25 ,7.96826e-07 ,0 
852,21.275 ,7.68186e-07 ,0 
853,21.3 ,7.40544e-07 ,0 
854,21.325 ,7.13866e-07 ,0 
855,21.35 ,6.88119e-07 ,0 
856,21.375 ,6.6327e-07 ,0 
857,21.4 ,6.39288e-07 ,0 
858,21.425 ,6.16141e-07 ,0 
859,21.45 ,5.938e-07 ,0 
860,21.475 ,5.72238e-07 ,0 
861,21.5 ,5.51426e-07 ,0 
862,21.525 ,5.31339e-07 ,0 
863,21.55 ,5.11949e-07 ,0 
864,21.575 ,4.93233e-07 ,0 
865,21.6 ,4.75167e-07 ,0 
866,21.625 ,4.57727e-07 ,0 
867,21.65 ,4.40891e-07 ,0 
868,21.675 ,4.24638e-07 ,0 
869,21.7 ,4.08946e-07 ,0 
870,21.725 ,3.93795e-07 ,0 
871,21.75 ,3.79166e-07 ,0 
872,21.775 ,3.6504e-07 ,0 
873,21.8 ,3.51399e-07 ,0 
874,21.825 ,3.38224e-07 ,0 
875,21.85 ,3.25499e-07 ,0 
876,21.875 ,3.13208e-07 ,0 
877,21.9 ,3.01335e-07 ,0 
878,21.925 ,2.89863e-07 ,0 
879,21.95 ,2.78778e-07 ,0 
880,21.975 ,2.68066e-07 ,0 
881,22 ,2.57713e-07 ,0 
882,22.025 ,2.47705e-07 ,0 
883,22.05 ,2.38029e-07 ,0 
884,22.075 ,2.28672e-07 ,0 
885,22.1 ,2.19622e-07 ,0 
886,22.125 ,2.10868e-07 ,0 
887,22.15 ,2.02398e-07 ,0 
888,22.175 ,1.942e-07 ,0 
889,22.2 ,1.86263e-07 ,0 
890,22.225 ,1.78579e-07 ,0 
891,22.25 ,1.71135e-07 ,0 
892,22.275 ,1.63923e-07 ,0 
893,22.3 ,1.56932e-07 ,0 
894,22.325 ,1.50155e-07 ,0 
895,22.35 ,1.4358e-07 ,0 
896,22.375 ,1.37201e-07 ,0 
897,22.4 ,1.31008e-07 ,0 
898,22.425 ,1.24993e-07 ,0 
899,22.45 ,1.19148e-07 ,0 
900,22.475 ,1.13466e-07 ,0 
901,22.5 ,1.07938e-07 ,0 
902,22.525 ,1.02557e-07 ,0 
903,22.55 ,9.73163e-08 ,0 
904,22.575 ,9.22087e-08 ,0 
905,22.6 ,8.72273e-08 ,0 
906,22.625 ,8.23653e-08 ,0 
907,22.65 ,7.76162e-08 ,0 
908,22.675 ,7.29736e-08 ,0 
909,22.7 ,6.84311e-08 ,0 
910,22.725 ,6.39827e-08 ,0 
911,22.75 ,5.96223e-08 ,0 
912,22.775 ,5.53439e-08 ,0 
913,22.8 ,5.11418e-08 ,0 
914,22.825 ,4.70102e-08 ,0 
915,22.85 ,4.29436e-08 ,0 
916,22.875 ,3.89362e-08 ,0 
917,22.9 ,3.49826e-08 ,0 
918,22.925 ,3.10775e-08 ,0 
919,22.95 ,2.72154e-08 ,0 
920,22.975 ,2.3391e-08 ,0 
921,23 ,1.95991e-08 ,0 
922,23.025 ,1.58344e-08 ,0 
923,23.05 ,1.20917e-08 ,0 
924,23.075 ,8.3658e-09 ,0 
925,23.1 ,4.65155e-09 ,0 
926,23.125 ,9.43787e-10 ,0 
927,23.15 ,-2.76266e-09 ,0 
928,23.175 ,-6.47297e-09 ,0 
929,23.2 ,-1.01923e-08 ,0 
930,23.225 ,-1.39259e-08 ,0 
931,23.25 ,-1.7679e-08 ,0 
932,23.275 ,-2.14568e-08 ,0 
933,23.3 ,-2.52647e-08 ,0 
934,23.325 ,-2.91081e-08 ,0 
935,23.35 ,-3.29923e-08 ,0 
936,23.375 ,-3.69228e-08 ,0 
937,23.4 ,-4.09052e-08 ,0 
938,23.425 ,-4.49452e-08 ,0 
939,23.45 ,-4.90485e-08 ,0 
940,23.475 ,-5.32209e-08 ,0 
941,23.5 ,-5.74684e-08 ,0 
942,23.525 ,-6.1797e-08 ,0 
943,23.55 ,-6.62128e-08 ,0 
944,23.575 ,-7.07223e-08 ,0 
945,23.6 ,-7.53319e-08 ,0 
946,23.625 ,-8.00481e-08 ,0 
947,23.65 ,-8.48778e-08 ,0 
948,23.675 ,-8.98278e-08 ,0 
949,23.7 ,-9.49054e-08 ,0 
950,23.725 ,-1.00118e-07 ,0 
951,23.75 ,-1.05472e-07 ,0 
952,23.775 ,-1.10977e-07 ,0 
953,23.8 ,-1.1664e-07 ,0 
954,23.825 ,-1.22469e-07 ,0 
955,23.85 ,-1.28472e-07 ,0 
956,23.875 ,-1.34659e-07 ,0 
957,23.9 ,-1.41038e-07 ,0 
958,23.925 ,-1.47619e-07 ,0 
959,23.95 ,-1.54411e-07 ,0 
960,23.975 ,-1.61424e-07 ,0 
961,24 ,-1.68668e-07 ,0 
962,24.025 ,-1.76154e-07 ,0 
963,24.05 ,-1.83893e-07 ,0 
964,24.075 ,-1.91896e-07 ,0 
965,24.1 ,-2.00174e-07 ,0 
966,24.125 ,-2.08741e-07 ,0 
967,24.15 ,-2.17607e-07 ,0 
968,24.175 ,-2.26787e-07 ,0 
969,24.2 ,-2.36294e-07 ,0 
970,24.225 ,-2.46142e-07 ,0 
971,24.25 ,-2.56345e-07 ,0 
972,24.275 ,-2.66918e-07 ,0 
973,24.3 ,-2.77877e-07 ,0 
974,24.325 ,-2.89237e-07 ,0 
975,24.35 ,-3.01017e-07 ,0 
976,24.375 ,-3.13232e-07 ,0 
977,24.4 ,-3.25902e-07 ,0 
978,24.425 ,-3.39044e-07 ,0 
979,24.45 ,-3.52679e-07 ,0 
980,24.475 ,-3.66826e-07 ,0 
981,24.5 ,-3.81506e-07 ,0 
982,24.525 ,-3.96741e-07 ,0 
983,24.55 ,-4.12553e-07 ,0 
984,24.575 ,-4.28967e-07 ,0 
985,24.6 ,-4.46006e-07 ,0 
986,24.625 ,-4.63696e-07 ,0 
987,24.65 ,-4.82062e-07 ,0 
988,24.675 ,-5.01133e-07 ,0 
989,24.7 ,-5.20937e-07 ,0 
990,24.725 ,-5.41503e-07 ,0 
991,24.75 ,-5.62861e-07 ,0 
992,24.775 ,-5.85044e-07 ,0 
993,24.8 ,-6.08085e-07 ,0 
994,24.825 ,-6.32018e-07 ,0 
995,24.85 ,-6.56878e-07 ,0 
996,24.875 ,-6.82704e-07 ,0 
997,24.9 ,-7.09534e-07 ,0 
998,24.925 ,-7.37407e-07 ,0 
999,24.95 ,-7.66365e-07 ,0 
1000,24.975 ,-7.96453e-07 ,0 