N_e = 40
1,0.025 ,0.0245553 
2,0.05 ,0.0245553 
3,0.075 ,0.0245629 
4,0.1 ,0.024573 
5,0.125 ,0.0245857 
6,0.15 ,0.0246011 
7,0.175 ,0.0246191 
8,0.2 ,0.0246398 
9,0.225 ,0.0246631 
10,0.25 ,0.024689 
11,0.275 ,0.0247175 
12,0.3 ,0.0247485 
13,0.325 ,0.0247819 
14,0.35 ,0.0248178 
15,0.375 ,0.024856 
16,0.4 ,0.0248966 
17,0.425 ,0.0249393 
18,0.45 ,0.0249843 
19,0.475 ,0.0250314 
20,0.5 ,0.0250805 
21,0.525 ,0.0251315 
22,0.55 ,0.0251845 
23,0.575 ,0.0252392 
24,0.6 ,0.0252956 
25,0.625 ,0.0253537 
26,0.65 ,0.0254133 
27,0.675 ,0.0254743 
28,0.7 ,0.0255367 
29,0.725 ,0.0256003 
30,0.75 ,0.0256651 
31,0.775 ,0.0257309 
32,0.8 ,0.0257976 
33,0.825 ,0.0258652 
34,0.85 ,0.0259335 
35,0.875 ,0.0260025 
36,0.9 ,0.026072 
37,0.925 ,0.0261419 
38,0.95 ,0.026212 
39,0.975 ,0.0262824 
40,1 ,0.0263529 
41,1.025 ,0.0264233 
42,1.05 ,0.0264936 
43,1.075 ,0.0265637 
44,1.1 ,0.0266334 
45,1.125 ,0.0267027 
46,1.15 ,0.0267713 
47,1.175 ,0.0268393 
48,1.2 ,0.0269066 
49,1.225 ,0.0269729 
50,1.25 ,0.0270382 
51,1.275 ,0.0271024 
52,1.3 ,0.0271655 
53,1.325 ,0.0272272 
54,1.35 ,0.0272876 
55,1.375 ,0.0273465 
56,1.4 ,0.0274038 
57,1.425 ,0.0274594 
58,1.45 ,0.0275132 
59,1.475 ,0.0275653 
60,1.5 ,0.0276153 
61,1.525 ,0.0276634 
62,1.55 ,0.0277094 
63,1.575 ,0.0277533 
64,1.6 ,0.0277949 
65,1.625 ,0.0278342 
66,1.65 ,0.0278711 
67,1.675 ,0.0279056 
68,1.7 ,0.0279377 
69,1.725 ,0.0279672 
70,1.75 ,0.0279941 
71,1.775 ,0.0280183 
72,1.8 ,0.0280399 
73,1.825 ,0.0280588 
74,1.85 ,0.0280749 
75,1.875 ,0.0280882 
76,1.9 ,0.0280986 
77,1.925 ,0.0281063 
78,1.95 ,0.028111 
79,1.975 ,0.0281129 
80,2 ,0.0281118 
81,2.025 ,0.0281079 
82,2.05 ,0.028101 
83,2.075 ,0.0280911 
84,2.1 ,0.0280784 
85,2.125 ,0.0280627 
86,2.15 ,0.0280441 
87,2.175 ,0.0280226 
88,2.2 ,0.0279982 
89,2.225 ,0.027971 
90,2.25 ,0.0279409 
91,2.275 ,0.0279079 
92,2.3 ,0.0278722 
93,2.325 ,0.0278336 
94,2.35 ,0.0277924 
95,2.375 ,0.0277484 
96,2.4 ,0.0277018 
97,2.425 ,0.0276526 
98,2.45 ,0.0276008 
99,2.475 ,0.0275465 
100,2.5 ,0.0274897 
101,2.525 ,0.0274305 
102,2.55 ,0.027369 
103,2.575 ,0.0273051 
104,2.6 ,0.027239 
105,2.625 ,0.0271707 
106,2.65 ,0.0271003 
107,2.675 ,0.0270279 
108,2.7 ,0.0269534 
109,2.725 ,0.0268771 
110,2.75 ,0.0267989 
111,2.775 ,0.0267189 
112,2.8 ,0.0266373 
113,2.825 ,0.026554 
114,2.85 ,0.0264692 
115,2.875 ,0.0263829 
116,2.9 ,0.0262952 
117,2.925 ,0.0262062 
118,2.95 ,0.0261159 
119,2.975 ,0.0260245 
120,3 ,0.025932 
121,3.025 ,0.0258385 
122,3.05 ,0.025744 
123,3.075 ,0.0256487 
124,3.1 ,0.0255526 
125,3.125 ,0.0254558 
126,3.15 ,0.0253584 
127,3.175 ,0.0252604 
128,3.2 ,0.025162 
129,3.225 ,0.0250631 
130,3.25 ,0.024964 
131,3.275 ,0.0248645 
132,3.3 ,0.0247649 
133,3.325 ,0.0246652 
134,3.35 ,0.0245654 
135,3.375 ,0.0244656 
136,3.4 ,0.0243659 
137,3.425 ,0.0242663 
138,3.45 ,0.0241669 
139,3.475 ,0.0240678 
140,3.5 ,0.023969 
141,3.525 ,0.0238706 
142,3.55 ,0.0237726 
143,3.575 ,0.0236751 
144,3.6 ,0.0235781 
145,3.625 ,0.0234816 
146,3.65 ,0.0233858 
147,3.675 ,0.0232906 
148,3.7 ,0.0231962 
149,3.725 ,0.0231024 
150,3.75 ,0.0230095 
151,3.775 ,0.0229173 
152,3.8 ,0.0228259 
153,3.825 ,0.0227355 
154,3.85 ,0.0226458 
155,3.875 ,0.0225571 
156,3.9 ,0.0224694 
157,3.925 ,0.0223825 
158,3.95 ,0.0222966 
159,3.975 ,0.0222117 
160,4 ,0.0221278 
161,4.025 ,0.0220448 
162,4.05 ,0.0219629 
163,4.075 ,0.0218819 
164,4.1 ,0.021802 
165,4.125 ,0.021723 
166,4.15 ,0.021645 
167,4.175 ,0.021568 
168,4.2 ,0.0214919 
169,4.225 ,0.0214169 
170,4.25 ,0.0213427 
171,4.275 ,0.0212695 
172,4.3 ,0.0211972 
173,4.325 ,0.0211259 
174,4.35 ,0.0210553 
175,4.375 ,0.0209857 
176,4.4 ,0.0209168 
177,4.425 ,0.0208488 
178,4.45 ,0.0207815 
179,4.475 ,0.020715 
180,4.5 ,0.0206492 
181,4.525 ,0.020584 
182,4.55 ,0.0205195 
183,4.575 ,0.0204556 
184,4.6 ,0.0203923 
185,4.625 ,0.0203295 
186,4.65 ,0.0202672 
187,4.675 ,0.0202053 
188,4.7 ,0.0201439 
189,4.725 ,0.0200828 
190,4.75 ,0.020022 
191,4.775 ,0.0199616 
192,4.8 ,0.0199013 
193,4.825 ,0.0198413 
194,4.85 ,0.0197814 
195,4.875 ,0.0197216 
196,4.9 ,0.0196618 
197,4.925 ,0.0196021 
198,4.95 ,0.0195423 
199,4.975 ,0.0194825 
200,5 ,0.0194225 
201,5.025 ,0.0193623 
202,5.05 ,0.0193019 
203,5.075 ,0.0192413 
204,5.1 ,0.0191803 
205,5.125 ,0.019119 
206,5.15 ,0.0190573 
207,5.175 ,0.0189952 
208,5.2 ,0.0189325 
209,5.225 ,0.0188693 
210,5.25 ,0.0188056 
211,5.275 ,0.0187413 
212,5.3 ,0.0186762 
213,5.325 ,0.0186105 
214,5.35 ,0.0185441 
215,5.375 ,0.0184769 
216,5.4 ,0.0184089 
217,5.425 ,0.0183401 
218,5.45 ,0.0182704 
219,5.475 ,0.0181998 
220,5.5 ,0.0181282 
221,5.525 ,0.0180557 
222,5.55 ,0.0179822 
223,5.575 ,0.0179076 
224,5.6 ,0.017832 
225,5.625 ,0.0177554 
226,5.65 ,0.0176776 
227,5.675 ,0.0175987 
228,5.7 ,0.0175187 
229,5.725 ,0.0174375 
230,5.75 ,0.0173551 
231,5.775 ,0.0172716 
232,5.8 ,0.0171868 
233,5.825 ,0.0171008 
234,5.85 ,0.0170136 
235,5.875 ,0.0169252 
236,5.9 ,0.0168355 
237,5.925 ,0.0167445 
238,5.95 ,0.0166523 
239,5.975 ,0.0165588 
240,6 ,0.0164641 
241,6.025 ,0.016368 
242,6.05 ,0.0162708 
243,6.075 ,0.0161722 
244,6.1 ,0.0160724 
245,6.125 ,0.0159714 
246,6.15 ,0.015869 
247,6.175 ,0.0157655 
248,6.2 ,0.0156607 
249,6.225 ,0.0155548 
250,6.25 ,0.0154476 
251,6.275 ,0.0153392 
252,6.3 ,0.0152296 
253,6.325 ,0.0151189 
254,6.35 ,0.0150071 
255,6.375 ,0.0148941 
256,6.4 ,0.0147801 
257,6.425 ,0.0146649 
258,6.45 ,0.0145487 
259,6.475 ,0.0144315 
260,6.5 ,0.0143133 
261,6.525 ,0.014194 
262,6.55 ,0.0140739 
263,6.575 ,0.0139528 
264,6.6 ,0.0138308 
265,6.625 ,0.0137079 
266,6.65 ,0.0135842 
267,6.675 ,0.0134597 
268,6.7 ,0.0133345 
269,6.725 ,0.0132085 
270,6.75 ,0.0130817 
271,6.775 ,0.0129544 
272,6.8 ,0.0128263 
273,6.825 ,0.0126977 
274,6.85 ,0.0125685 
275,6.875 ,0.0124387 
276,6.9 ,0.0123085 
277,6.925 ,0.0121778 
278,6.95 ,0.0120467 
279,6.975 ,0.0119152 
280,7 ,0.0117834 
281,7.025 ,0.0116512 
282,7.05 ,0.0115188 
283,7.075 ,0.0113861 
284,7.1 ,0.0112532 
285,7.125 ,0.0111202 
286,7.15 ,0.0109871 
287,7.175 ,0.0108538 
288,7.2 ,0.0107206 
289,7.225 ,0.0105873 
290,7.25 ,0.0104541 
291,7.275 ,0.0103209 
292,7.3 ,0.0101878 
293,7.325 ,0.0100549 
294,7.35 ,0.00992215 
295,7.375 ,0.00978962 
296,7.4 ,0.00965734 
297,7.425 ,0.00952535 
298,7.45 ,0.00939368 
299,7.475 ,0.00926237 
300,7.5 ,0.00913145 
301,7.525 ,0.00900096 
302,7.55 ,0.00887092 
303,7.575 ,0.00874138 
304,7.6 ,0.00861237 
305,7.625 ,0.00848391 
306,7.65 ,0.00835603 
307,7.675 ,0.00822878 
308,7.7 ,0.00810217 
309,7.725 ,0.00797624 
310,7.75 ,0.00785102 
311,7.775 ,0.00772653 
312,7.8 ,0.0076028 
313,7.825 ,0.00747985 
314,7.85 ,0.00735773 
315,7.875 ,0.00723643 
316,7.9 ,0.007116 
317,7.925 ,0.00699646 
318,7.95 ,0.00687783 
319,7.975 ,0.00676012 
320,8 ,0.00664337 
321,8.025 ,0.0065276 
322,8.05 ,0.00641281 
323,8.075 ,0.00629904 
324,8.1 ,0.00618629 
325,8.125 ,0.00607459 
326,8.15 ,0.00596396 
327,8.175 ,0.00585441 
328,8.2 ,0.00574595 
329,8.225 ,0.00563859 
330,8.25 ,0.00553237 
331,8.275 ,0.00542727 
332,8.3 ,0.00532333 
333,8.325 ,0.00522054 
334,8.35 ,0.00511892 
335,8.375 ,0.00501847 
336,8.4 ,0.00491922 
337,8.425 ,0.00482116 
338,8.45 ,0.00472431 
339,8.475 ,0.00462866 
340,8.5 ,0.00453423 
341,8.525 ,0.00444102 
342,8.55 ,0.00434903 
343,8.575 ,0.00425828 
344,8.6 ,0.00416875 
345,8.625 ,0.00408047 
346,8.65 ,0.00399342 
347,8.675 ,0.0039076 
348,8.7 ,0.00382303 
349,8.725 ,0.0037397 
350,8.75 ,0.0036576 
351,8.775 ,0.00357674 
352,8.8 ,0.00349712 
353,8.825 ,0.00341873 
354,8.85 ,0.00334158 
355,8.875 ,0.00326565 
356,8.9 ,0.00319094 
357,8.925 ,0.00311745 
358,8.95 ,0.00304518 
359,8.975 ,0.00297411 
360,9 ,0.00290425 
361,9.025 ,0.00283559 
362,9.05 ,0.00276811 
363,9.075 ,0.00270182 
364,9.1 ,0.00263671 
365,9.125 ,0.00257276 
366,9.15 ,0.00250997 
367,9.175 ,0.00244833 
368,9.2 ,0.00238784 
369,9.225 ,0.00232847 
370,9.25 ,0.00227023 
371,9.275 ,0.00221311 
372,9.3 ,0.00215708 
373,9.325 ,0.00210215 
374,9.35 ,0.0020483 
375,9.375 ,0.00199552 
376,9.4 ,0.0019438 
377,9.425 ,0.00189313 
378,9.45 ,0.0018435 
379,9.475 ,0.00179488 
380,9.5 ,0.00174729 
381,9.525 ,0.00170069 
382,9.55 ,0.00165508 
383,9.575 ,0.00161045 
384,9.6 ,0.00156678 
385,9.625 ,0.00152406 
386,9.65 ,0.00148228 
387,9.675 ,0.00144142 
388,9.7 ,0.00140148 
389,9.725 ,0.00136243 
390,9.75 ,0.00132427 
391,9.775 ,0.00128699 
392,9.8 ,0.00125056 
393,9.825 ,0.00121498 
394,9.85 ,0.00118023 
395,9.875 ,0.0011463 
396,9.9 ,0.00111318 
397,9.925 ,0.00108085 
398,9.95 ,0.0010493 
399,9.975 ,0.00101852 
400,10 ,0.000988495 
401,10.025 ,0.000959208 
402,10.05 ,0.000930648 
403,10.075 ,0.000902803 
404,10.1 ,0.000875659 
405,10.125 ,0.000849203 
406,10.15 ,0.000823424 
407,10.175 ,0.000798307 
408,10.2 ,0.00077384 
409,10.225 ,0.000750011 
410,10.25 ,0.000726807 
411,10.275 ,0.000704216 
412,10.3 ,0.000682225 
413,10.325 ,0.000660822 
414,10.35 ,0.000639995 
415,10.375 ,0.000619733 
416,10.4 ,0.000600022 
417,10.425 ,0.000580853 
418,10.45 ,0.000562212 
419,10.475 ,0.000544089 
420,10.5 ,0.000526472 
421,10.525 ,0.00050935 
422,10.55 ,0.000492712 
423,10.575 ,0.000476548 
424,10.6 ,0.000460845 
425,10.625 ,0.000445595 
426,10.65 ,0.000430785 
427,10.675 ,0.000416407 
428,10.7 ,0.000402449 
429,10.725 ,0.000388902 
430,10.75 ,0.000375756 
431,10.775 ,0.000363001 
432,10.8 ,0.000350628 
433,10.825 ,0.000338627 
434,10.85 ,0.000326989 
435,10.875 ,0.000315704 
436,10.9 ,0.000304765 
437,10.925 ,0.000294162 
438,10.95 ,0.000283887 
439,10.975 ,0.00027393 
440,11 ,0.000264285 
441,11.025 ,0.000254942 
442,11.05 ,0.000245893 
443,11.075 ,0.000237132 
444,11.1 ,0.000228649 
445,11.125 ,0.000220438 
446,11.15 ,0.000212492 
447,11.175 ,0.000204802 
448,11.2 ,0.000197362 
449,11.225 ,0.000190165 
450,11.25 ,0.000183204 
451,11.275 ,0.000176472 
452,11.3 ,0.000169963 
453,11.325 ,0.000163671 
454,11.35 ,0.000157589 
455,11.375 ,0.000151712 
456,11.4 ,0.000146032 
457,11.425 ,0.000140546 
458,11.45 ,0.000135246 
459,11.475 ,0.000130127 
460,11.5 ,0.000125184 
461,11.525 ,0.000120412 
462,11.55 ,0.000115806 
463,11.575 ,0.000111359 
464,11.6 ,0.000107069 
465,11.625 ,0.000102928 
466,11.65 ,9.89344e-05 
467,11.675 ,9.50819e-05 
468,11.7 ,9.13665e-05 
469,11.725 ,8.77839e-05 
470,11.75 ,8.43298e-05 
471,11.775 ,8.10002e-05 
472,11.8 ,7.77911e-05 
473,11.825 ,7.46986e-05 
474,11.85 ,7.1719e-05 
475,11.875 ,6.88486e-05 
476,11.9 ,6.60837e-05 
477,11.925 ,6.3421e-05 
478,11.95 ,6.08571e-05 
479,11.975 ,5.83886e-05 
480,12 ,5.60125e-05 
481,12.025 ,5.37255e-05 
482,12.05 ,5.15247e-05 
483,12.075 ,4.94072e-05 
484,12.1 ,4.73701e-05 
485,12.125 ,4.54107e-05 
486,12.15 ,4.35263e-05 
487,12.175 ,4.17143e-05 
488,12.2 ,3.99722e-05 
489,12.225 ,3.82976e-05 
490,12.25 ,3.6688e-05 
491,12.275 ,3.51413e-05 
492,12.3 ,3.36551e-05 
493,12.325 ,3.22273e-05 
494,12.35 ,3.08558e-05 
495,12.375 ,2.95387e-05 
496,12.4 ,2.82739e-05 
497,12.425 ,2.70595e-05 
498,12.45 ,2.58938e-05 
499,12.475 ,2.47749e-05 
500,12.5 ,2.37011e-05 
501,12.525 ,2.26707e-05 
502,12.55 ,2.16822e-05 
503,12.575 ,2.0734e-05 
504,12.6 ,1.98246e-05 
505,12.625 ,1.89524e-05 
506,12.65 ,1.81162e-05 
507,12.675 ,1.73146e-05 
508,12.7 ,1.65462e-05 
509,12.725 ,1.58097e-05 
510,12.75 ,1.51041e-05 
511,12.775 ,1.44279e-05 
512,12.8 ,1.37802e-05 
513,12.825 ,1.31599e-05 
514,12.85 ,1.25657e-05 
515,12.875 ,1.19969e-05 
516,12.9 ,1.14522e-05 
517,12.925 ,1.09308e-05 
518,12.95 ,1.04318e-05 
519,12.975 ,9.95424e-06 
520,13 ,9.4973e-06 
521,13.025 ,9.06015e-06 
522,13.05 ,8.64199e-06 
523,13.075 ,8.24206e-06 
524,13.1 ,7.85961e-06 
525,13.125 ,7.49394e-06 
526,13.15 ,7.14436e-06 
527,13.175 ,6.81021e-06 
528,13.2 ,6.49085e-06 
529,13.225 ,6.18568e-06 
530,13.25 ,5.89411e-06 
531,13.275 ,5.61556e-06 
532,13.3 ,5.34951e-06 
533,13.325 ,5.09542e-06 
534,13.35 ,4.85279e-06 
535,13.375 ,4.62114e-06 
536,13.4 ,4.4e-06 
537,13.425 ,4.18892e-06 
538,13.45 ,3.98749e-06 
539,13.475 ,3.79527e-06 
540,13.5 ,3.61189e-06 
541,13.525 ,3.43695e-06 
542,13.55 ,3.27009e-06 
543,13.575 ,3.11096e-06 
544,13.6 ,2.95922e-06 
545,13.625 ,2.81456e-06 
546,13.65 ,2.67665e-06 
547,13.675 ,2.5452e-06 
548,13.7 ,2.41993e-06 
549,13.725 ,2.30056e-06 
550,13.75 ,2.18682e-06 
551,13.775 ,2.07848e-06 
552,13.8 ,1.97527e-06 
553,13.825 ,1.87698e-06 
554,13.85 ,1.78338e-06 
555,13.875 ,1.69426e-06 
556,13.9 ,1.60941e-06 
557,13.925 ,1.52865e-06 
558,13.95 ,1.45178e-06 
559,13.975 ,1.37862e-06 
560,14 ,1.30901e-06 
561,14.025 ,1.24278e-06 
562,14.05 ,1.17977e-06 
563,14.075 ,1.11984e-06 
564,14.1 ,1.06284e-06 
565,14.125 ,1.00864e-06 
566,14.15 ,9.57096e-07 
567,14.175 ,9.08094e-07 
568,14.2 ,8.61511e-07 
569,14.225 ,8.17233e-07 
570,14.25 ,7.75151e-07 
571,14.275 ,7.35161e-07 
572,14.3 ,6.97163e-07 
573,14.325 ,6.61062e-07 
574,14.35 ,6.26767e-07 
575,14.375 ,5.94192e-07 
576,14.4 ,5.63254e-07 
577,14.425 ,5.33873e-07 
578,14.45 ,5.05975e-07 
579,14.475 ,4.79488e-07 
580,14.5 ,4.54344e-07 
581,14.525 ,4.30475e-07 
582,14.55 ,4.07822e-07 
583,14.575 ,3.86323e-07 
584,14.6 ,3.65923e-07 
585,14.625 ,3.46566e-07 
586,14.65 ,3.28203e-07 
587,14.675 ,3.10783e-07 
588,14.7 ,2.94261e-07 
589,14.725 ,2.7859e-07 
590,14.75 ,2.6373e-07 
591,14.775 ,2.49639e-07 
592,14.8 ,2.36279e-07 
593,14.825 ,2.23614e-07 
594,14.85 ,2.11608e-07 
595,14.875 ,2.00229e-07 
596,14.9 ,1.89445e-07 
597,14.925 ,1.79225e-07 
598,14.95 ,1.69542e-07 
599,14.975 ,1.60367e-07 
600,15 ,1.51675e-07 
601,15.025 ,1.43442e-07 
602,15.05 ,1.35644e-07 
603,15.075 ,1.28259e-07 
604,15.1 ,1.21265e-07 
605,15.125 ,1.14643e-07 
606,15.15 ,1.08373e-07 
607,15.175 ,1.02437e-07 
608,15.2 ,9.68176e-08 
609,15.225 ,9.1499e-08 
610,15.25 ,8.64653e-08 
611,15.275 ,8.17016e-08 
612,15.3 ,7.71939e-08 
613,15.325 ,7.29289e-08 
614,15.35 ,6.88937e-08 
615,15.375 ,6.50765e-08 
616,15.4 ,6.14657e-08 
617,15.425 ,5.80505e-08 
618,15.45 ,5.48206e-08 
619,15.475 ,5.17662e-08 
620,15.5 ,4.8878e-08 
621,15.525 ,4.61473e-08 
622,15.55 ,4.35656e-08 
623,15.575 ,4.11251e-08 
624,15.6 ,3.88183e-08 
625,15.625 ,3.66379e-08 
626,15.65 ,3.45773e-08 
627,15.675 ,3.263e-08 
628,15.7 ,3.079e-08 
629,15.725 ,2.90515e-08 
630,15.75 ,2.7409e-08 
631,15.775 ,2.58575e-08 
632,15.8 ,2.43918e-08 
633,15.825 ,2.30075e-08 
634,15.85 ,2.17001e-08 
635,15.875 ,2.04655e-08 
636,15.9 ,1.92996e-08 
637,15.925 ,1.81988e-08 
638,15.95 ,1.71595e-08 
639,15.975 ,1.61784e-08 
640,16 ,1.52522e-08 
641,16.025 ,1.4378e-08 
642,16.05 ,1.35529e-08 
643,16.075 ,1.27742e-08 
644,16.1 ,1.20394e-08 
645,16.125 ,1.13461e-08 
646,16.15 ,1.06919e-08 
647,16.175 ,1.00746e-08 
648,16.2 ,9.49239e-09 
649,16.225 ,8.94314e-09 
650,16.25 ,8.42508e-09 
651,16.275 ,7.93647e-09 
652,16.3 ,7.47567e-09 
653,16.325 ,7.04113e-09 
654,16.35 ,6.63139e-09 
655,16.375 ,6.24505e-09 
656,16.4 ,5.88082e-09 
657,16.425 ,5.53745e-09 
658,16.45 ,5.21377e-09 
659,16.475 ,4.90868e-09 
660,16.5 ,4.62112e-09 
661,16.525 ,4.35012e-09 
662,16.55 ,4.09473e-09 
663,16.575 ,3.85407e-09 
664,16.6 ,3.62732e-09 
665,16.625 ,3.41368e-09 
666,16.65 ,3.21241e-09 
667,16.675 ,3.02281e-09 
668,16.7 ,2.84421e-09 
669,16.725 ,2.67598e-09 
670,16.75 ,2.51754e-09 
671,16.775 ,2.36833e-09 
672,16.8 ,2.22782e-09 
673,16.825 ,2.09551e-09 
674,16.85 ,1.97093e-09 
675,16.875 ,1.85364e-09 
676,16.9 ,1.74321e-09 
677,16.925 ,1.63926e-09 
678,16.95 ,1.54141e-09 
679,16.975 ,1.44932e-09 
680,17 ,1.36263e-09 
681,17.025 ,1.28106e-09 
682,17.05 ,1.20429e-09 
683,17.075 ,1.13205e-09 
684,17.1 ,1.06408e-09 
685,17.125 ,1.00012e-09 
686,17.15 ,9.39958e-10 
687,17.175 ,8.83357e-10 
688,17.2 ,8.30114e-10 
689,17.225 ,7.80033e-10 
690,17.25 ,7.32929e-10 
691,17.275 ,6.88628e-10 
692,17.3 ,6.46966e-10 
693,17.325 ,6.07788e-10 
694,17.35 ,5.70949e-10 
695,17.375 ,5.3631e-10 
696,17.4 ,5.03744e-10 
697,17.425 ,4.73127e-10 
698,17.45 ,4.44345e-10 
699,17.475 ,4.17289e-10 
700,17.5 ,3.91858e-10 
701,17.525 ,3.67955e-10 
702,17.55 ,3.45491e-10 
703,17.575 ,3.24379e-10 
704,17.6 ,3.0454e-10 
705,17.625 ,2.85898e-10 
706,17.65 ,2.68382e-10 
707,17.675 ,2.51924e-10 
708,17.7 ,2.36463e-10 
709,17.725 ,2.21938e-10 
710,17.75 ,2.08293e-10 
711,17.775 ,1.95477e-10 
712,17.8 ,1.83438e-10 
713,17.825 ,1.72132e-10 
714,17.85 ,1.61513e-10 
715,17.875 ,1.51542e-10 
716,17.9 ,1.42178e-10 
717,17.925 ,1.33385e-10 
718,17.95 ,1.25129e-10 
719,17.975 ,1.17378e-10 
720,18 ,1.10101e-10 
721,18.025 ,1.0327e-10 
722,18.05 ,9.68573e-11 
723,18.075 ,9.08379e-11 
724,18.1 ,8.51881e-11 
725,18.125 ,7.98854e-11 
726,18.15 ,7.49088e-11 
727,18.175 ,7.02386e-11 
728,18.2 ,6.5856e-11 
729,18.225 ,6.17437e-11 
730,18.25 ,5.78851e-11 
731,18.275 ,5.42648e-11 
732,18.3 ,5.08684e-11 
733,18.325 ,4.7682e-11 
734,18.35 ,4.46929e-11 
735,18.375 ,4.18891e-11 
736,18.4 ,3.92591e-11 
737,18.425 ,3.67924e-11 
738,18.45 ,3.4479e-11 
739,18.475 ,3.23093e-11 
740,18.5 ,3.02747e-11 
741,18.525 ,2.83667e-11 
742,18.55 ,2.65777e-11 
743,18.575 ,2.49003e-11 
744,18.6 ,2.33275e-11 
745,18.625 ,2.1853e-11 
746,18.65 ,2.04707e-11 
747,18.675 ,1.91749e-11 
748,18.7 ,1.79603e-11 
749,18.725 ,1.68217e-11 
750,18.75 ,1.57546e-11 
751,18.775 ,1.47544e-11 
752,18.8 ,1.38171e-11 
753,18.825 ,1.29387e-11 
754,18.85 ,1.21155e-11 
755,18.875 ,1.13442e-11 
756,18.9 ,1.06215e-11 
757,18.925 ,9.94434e-12 
758,18.95 ,9.30991e-12 
759,18.975 ,8.71554e-12 
760,19 ,8.15874e-12 
761,19.025 ,7.63715e-12 
762,19.05 ,7.14856e-12 
763,19.075 ,6.69093e-12 
764,19.1 ,6.2623e-12 
765,19.125 ,5.86085e-12 
766,19.15 ,5.48489e-12 
767,19.175 ,5.1328e-12 
768,19.2 ,4.8031e-12 
769,19.225 ,4.49437e-12 
770,19.25 ,4.20529e-12 
771,19.275 ,3.93463e-12 
772,19.3 ,3.68122e-12 
773,19.325 ,3.44397e-12 
774,19.35 ,3.22187e-12 
775,19.375 ,3.01396e-12 
776,19.4 ,2.81934e-12 
777,19.425 ,2.63716e-12 
778,19.45 ,2.46665e-12 
779,19.475 ,2.30706e-12 
780,19.5 ,2.1577e-12 
781,19.525 ,2.01793e-12 
782,19.55 ,1.88712e-12 
783,19.575 ,1.76471e-12 
784,19.6 ,1.65018e-12 
785,19.625 ,1.54301e-12 
786,19.65 ,1.44273e-12 
787,19.675 ,1.34892e-12 
788,19.7 ,1.26115e-12 
789,19.725 ,1.17904e-12 
790,19.75 ,1.10223e-12 
791,19.775 ,1.03038e-12 
792,19.8 ,9.63173e-13 
793,19.825 ,9.00311e-13 
794,19.85 ,8.41516e-13 
795,19.875 ,7.86527e-13 
796,19.9 ,7.351e-13 
797,19.925 ,6.87008e-13 
798,19.95 ,6.42034e-13 
799,19.975 ,5.9998e-13 
800,20 ,5.60657e-13 
801,20.025 ,5.2389e-13 
802,20.05 ,4.89513e-13 
803,20.075 ,4.57374e-13 
804,20.1 ,4.27327e-13 
805,20.125 ,3.99237e-13 
806,20.15 ,3.72979e-13 
807,20.175 ,3.48434e-13 
808,20.2 ,3.2549e-13 
809,20.225 ,3.04045e-13 
810,20.25 ,2.84002e-13 
811,20.275 ,2.65269e-13 
812,20.3 ,2.47762e-13 
813,20.325 ,2.31401e-13 
814,20.35 ,2.16112e-13 
815,20.375 ,2.01824e-13 
816,20.4 ,1.88474e-13 
817,20.425 ,1.76e-13 
818,20.45 ,1.64346e-13 
819,20.475 ,1.53456e-13 
820,20.5 ,1.43283e-13 
821,20.525 ,1.33779e-13 
822,20.55 ,1.24901e-13 
823,20.575 ,1.16607e-13 
824,20.6 ,1.08859e-13 
825,20.625 ,1.01623e-13 
826,20.65 ,9.48635e-14 
827,20.675 ,8.85505e-14 
828,20.7 ,8.26544e-14 
829,20.725 ,7.7148e-14 
830,20.75 ,7.20056e-14 
831,20.775 ,6.72034e-14 
832,20.8 ,6.27191e-14 
833,20.825 ,5.85318e-14 
834,20.85 ,5.46219e-14 
835,20.875 ,5.09713e-14 
836,20.9 ,4.75629e-14 
837,20.925 ,4.43807e-14 
838,20.95 ,4.14099e-14 
839,20.975 ,3.86365e-14 
840,21 ,3.60474e-14 
841,21.025 ,3.36306e-14 
842,21.05 ,3.13747e-14 
843,21.075 ,2.9269e-14 
844,21.1 ,2.73036e-14 
845,21.125 ,2.54692e-14 
846,21.15 ,2.37572e-14 
847,21.175 ,2.21595e-14 
848,21.2 ,2.06684e-14 
849,21.225 ,1.92769e-14 
850,21.25 ,1.79785e-14 
851,21.275 ,1.67669e-14 
852,21.3 ,1.56364e-14 
853,21.325 ,1.45816e-14 
854,21.35 ,1.35974e-14 
855,21.375 ,1.26792e-14 
856,21.4 ,1.18226e-14 
857,21.425 ,1.10235e-14 
858,21.45 ,1.0278e-14 
859,21.475 ,9.58259e-15 
860,21.5 ,8.93391e-15 
861,21.525 ,8.32886e-15 
862,21.55 ,7.76452e-15 
863,21.575 ,7.23817e-15 
864,21.6 ,6.74728e-15 
865,21.625 ,6.28948e-15 
866,21.65 ,5.86255e-15 
867,21.675 ,5.46444e-15 
868,21.7 ,5.0932e-15 
869,21.725 ,4.74706e-15 
870,21.75 ,4.42432e-15 
871,21.775 ,4.12341e-15 
872,21.8 ,3.84289e-15 
873,21.825 ,3.58137e-15 
874,21.85 ,3.33759e-15 
875,21.875 ,3.11037e-15 
876,21.9 ,2.89858e-15 
877,21.925 ,2.70119e-15 
878,21.95 ,2.51725e-15 
879,21.975 ,2.34584e-15 
880,22 ,2.18614e-15 
881,22.025 ,2.03735e-15 
882,22.05 ,1.89875e-15 
883,22.075 ,1.76965e-15 
884,22.1 ,1.64942e-15 
885,22.125 ,1.53747e-15 
886,22.15 ,1.43325e-15 
887,22.175 ,1.33624e-15 
888,22.2 ,1.24596e-15 
889,22.225 ,1.16197e-15 
890,22.25 ,1.08386e-15 
891,22.275 ,1.01123e-15 
892,22.3 ,9.43729e-16 
893,22.325 ,8.8102e-16 
894,22.35 ,8.22794e-16 
895,22.375 ,7.68761e-16 
896,22.4 ,7.18654e-16 
897,22.425 ,6.72224e-16 
898,22.45 ,6.2924e-16 
899,22.475 ,5.89489e-16 
900,22.5 ,5.52775e-16 
901,22.525 ,5.18915e-16 
902,22.55 ,4.87741e-16 
903,22.575 ,4.59098e-16 
904,22.6 ,4.32846e-16 
905,22.625 ,4.08854e-16 
906,22.65 ,3.87004e-16 
907,22.675 ,3.67189e-16 
908,22.7 ,3.49312e-16 
909,22.725 ,3.33285e-16 
910,22.75 ,3.19031e-16 
911,22.775 ,3.06481e-16 
912,22.8 ,2.95577e-16 
913,22.825 ,2.86266e-16 
914,22.85 ,2.78505e-16 
915,22.875 ,2.72261e-16 
916,22.9 ,2.67507e-16 
917,22.925 ,2.64224e-16 
918,22.95 ,2.62401e-16 
919,22.975 ,2.62036e-16 
920,23 ,2.63134e-16 
921,23.025 ,2.65707e-16 
922,23.05 ,2.69777e-16 
923,23.075 ,2.75374e-16 
924,23.1 ,2.82536e-16 
925,23.125 ,2.91309e-16 
926,23.15 ,3.0175e-16 
927,23.175 ,3.13924e-16 
928,23.2 ,3.27907e-16 
929,23.225 ,3.43784e-16 
930,23.25 ,3.61651e-16 
931,23.275 ,3.81618e-16 
932,23.3 ,4.03803e-16 
933,23.325 ,4.28342e-16 
934,23.35 ,4.5538e-16 
935,23.375 ,4.85079e-16 
936,23.4 ,5.17617e-16 
937,23.425 ,5.53188e-16 
938,23.45 ,5.92003e-16 
939,23.475 ,6.34294e-16 
940,23.5 ,6.80313e-16 
941,23.525 ,7.30334e-16 
942,23.55 ,7.84653e-16 
943,23.575 ,8.43595e-16 
944,23.6 ,9.07511e-16 
945,23.625 ,9.76781e-16 
946,23.65 ,1.05182e-15 
947,23.675 ,1.13307e-15 
948,23.7 ,1.22102e-15 
949,23.725 ,1.31619e-15 
950,23.75 ,1.41915e-15 
951,23.775 ,1.53052e-15 
952,23.8 ,1.65096e-15 
953,23.825 ,1.7812e-15 
954,23.85 ,1.922e-15 
955,23.875 ,2.07422e-15 
956,23.9 ,2.23876e-15 
957,23.925 ,2.41662e-15 
958,23.95 ,2.60885e-15 
959,23.975 ,2.81662e-15 
960,24 ,3.04117e-15 
961,24.025 ,3.28385e-15 
962,24.05 ,3.54613e-15 
963,24.075 ,3.82957e-15 
964,24.1 ,4.1359e-15 
965,24.125 ,4.46695e-15 
966,24.15 ,4.82472e-15 
967,24.175 ,5.21138e-15 
968,24.2 ,5.62925e-15 
969,24.225 ,6.08088e-15 
970,24.25 ,6.56898e-15 
971,24.275 ,7.09652e-15 
972,24.3 ,7.6667e-15 
973,24.325 ,8.28296e-15 
974,24.35 ,8.94905e-15 
975,24.375 ,9.66903e-15 
976,24.4 ,1.04472e-14 
977,24.425 ,1.12885e-14 
978,24.45 ,1.21978e-14 
979,24.475 ,1.31807e-14 
980,24.5 ,1.42433e-14 
981,24.525 ,1.5392e-14 
982,24.55 ,1.66339e-14 
983,24.575 ,1.79764e-14 
984,24.6 ,1.94279e-14 
985,24.625 ,2.09971e-14 
986,24.65 ,2.26938e-14 
987,24.675 ,2.45283e-14 
988,24.7 ,2.65118e-14 
989,24.725 ,2.86565e-14 
990,24.75 ,3.09756e-14 
991,24.775 ,3.34833e-14 
992,24.8 ,3.6195e-14 
993,24.825 ,3.91274e-14 
994,24.85 ,4.22986e-14 
995,24.875 ,4.57281e-14 
996,24.9 ,4.94371e-14 
997,24.925 ,5.34483e-14 
998,24.95 ,5.77866e-14 
999,24.975 ,6.24788e-14 
1000,25 ,6.75538e-14 