
1,0.025 ,0.000685241 ,0 
2,0.05 ,0.000685241 ,0 
3,0.075 ,0.000930771 ,0 
4,0.1 ,0.00120951 ,0 
5,0.125 ,0.00149762 ,0 
6,0.15 ,0.00178926 ,0 
7,0.175 ,0.00208241 ,0 
8,0.2 ,0.00237619 ,0 
9,0.225 ,0.00267016 ,0 
10,0.25 ,0.00296406 ,0 
11,0.275 ,0.00325775 ,0 
12,0.3 ,0.0035511 ,0 
13,0.325 ,0.00384402 ,0 
14,0.35 ,0.00413643 ,0 
15,0.375 ,0.00442829 ,0 
16,0.4 ,0.00471952 ,0 
17,0.425 ,0.00501008 ,0 
18,0.45 ,0.00529991 ,0 
19,0.475 ,0.00558897 ,0 
20,0.5 ,0.00587721 ,0 
21,0.525 ,0.00616459 ,0 
22,0.55 ,0.00645105 ,0 
23,0.575 ,0.00673656 ,0 
24,0.6 ,0.00702107 ,0 
25,0.625 ,0.00730454 ,0 
26,0.65 ,0.00758693 ,0 
27,0.675 ,0.00786819 ,0 
28,0.7 ,0.00814829 ,0 
29,0.725 ,0.00842718 ,0 
30,0.75 ,0.00870482 ,0 
31,0.775 ,0.00898118 ,0 
32,0.8 ,0.00925621 ,0 
33,0.825 ,0.00952987 ,0 
34,0.85 ,0.00980213 ,0 
35,0.875 ,0.0100729 ,0 
36,0.9 ,0.0103423 ,0 
37,0.925 ,0.0106101 ,0 
38,0.95 ,0.0108764 ,0 
39,0.975 ,0.011141 ,0 
40,1 ,0.0114041 ,0 
41,1.025 ,0.0116654 ,0 
42,1.05 ,0.0119251 ,0 
43,1.075 ,0.012183 ,0 
44,1.1 ,0.0124392 ,0 
45,1.125 ,0.0126936 ,0 
46,1.15 ,0.0129461 ,0 
47,1.175 ,0.0131967 ,0 
48,1.2 ,0.0134455 ,0 
49,1.225 ,0.0136923 ,0 
50,1.25 ,0.0139372 ,0 
51,1.275 ,0.01418 ,0 
52,1.3 ,0.0144208 ,0 
53,1.325 ,0.0146596 ,0 
54,1.35 ,0.0148963 ,0 
55,1.375 ,0.0151308 ,0 
56,1.4 ,0.0153632 ,0 
57,1.425 ,0.0155935 ,0 
58,1.45 ,0.0158215 ,0 
59,1.475 ,0.0160473 ,0 
60,1.5 ,0.0162709 ,0 
61,1.525 ,0.0164922 ,0 
62,1.55 ,0.0167112 ,0 
63,1.575 ,0.0169278 ,0 
64,1.6 ,0.0171421 ,0 
65,1.625 ,0.0173541 ,0 
66,1.65 ,0.0175636 ,0 
67,1.675 ,0.0177707 ,0 
68,1.7 ,0.0179753 ,0 
69,1.725 ,0.0181776 ,0 
70,1.75 ,0.0183773 ,0 
71,1.775 ,0.0185745 ,0 
72,1.8 ,0.0187692 ,0 
73,1.825 ,0.0189613 ,0 
74,1.85 ,0.0191509 ,0 
75,1.875 ,0.019338 ,0 
76,1.9 ,0.0195224 ,0 
77,1.925 ,0.0197042 ,0 
78,1.95 ,0.0198834 ,0 
79,1.975 ,0.02006 ,0 
80,2 ,0.0202339 ,0 
81,2.025 ,0.0204052 ,0 
82,2.05 ,0.0205738 ,0 
83,2.075 ,0.0207397 ,0 
84,2.1 ,0.0209028 ,0 
85,2.125 ,0.0210633 ,0 
86,2.15 ,0.0212211 ,0 
87,2.175 ,0.0213761 ,0 
88,2.2 ,0.0215284 ,0 
89,2.225 ,0.0216779 ,0 
90,2.25 ,0.0218247 ,0 
91,2.275 ,0.0219687 ,0 
92,2.3 ,0.02211 ,0 
93,2.325 ,0.0222485 ,0 
94,2.35 ,0.0223842 ,0 
95,2.375 ,0.0225171 ,0 
96,2.4 ,0.0226472 ,0 
97,2.425 ,0.0227745 ,0 
98,2.45 ,0.0228991 ,0 
99,2.475 ,0.0230208 ,0 
100,2.5 ,0.0231397 ,0 
101,2.525 ,0.0232559 ,0 
102,2.55 ,0.0233692 ,0 
103,2.575 ,0.0234798 ,0 
104,2.6 ,0.0235875 ,0 
105,2.625 ,0.0236925 ,0 
106,2.65 ,0.0237947 ,0 
107,2.675 ,0.023894 ,0 
108,2.7 ,0.0239906 ,0 
109,2.725 ,0.0240844 ,0 
110,2.75 ,0.0241754 ,0 
111,2.775 ,0.0242637 ,0 
112,2.8 ,0.0243492 ,0 
113,2.825 ,0.0244319 ,0 
114,2.85 ,0.0245119 ,0 
115,2.875 ,0.0245891 ,0 
116,2.9 ,0.0246636 ,0 
117,2.925 ,0.0247353 ,0 
118,2.95 ,0.0248044 ,0 
119,2.975 ,0.0248707 ,0 
120,3 ,0.0249343 ,0 
121,3.025 ,0.0249952 ,0 
122,3.05 ,0.0250535 ,0 
123,3.075 ,0.0251091 ,0 
124,3.1 ,0.025162 ,0 
125,3.125 ,0.0252123 ,0 
126,3.15 ,0.0252599 ,0 
127,3.175 ,0.025305 ,0 
128,3.2 ,0.0253474 ,0 
129,3.225 ,0.0253873 ,0 
130,3.25 ,0.0254245 ,0 
131,3.275 ,0.0254593 ,0 
132,3.3 ,0.0254914 ,0 
133,3.325 ,0.0255211 ,0 
134,3.35 ,0.0255482 ,0 
135,3.375 ,0.0255729 ,0 
136,3.4 ,0.0255951 ,0 
137,3.425 ,0.0256148 ,0 
138,3.45 ,0.0256321 ,0 
139,3.475 ,0.025647 ,0 
140,3.5 ,0.0256594 ,0 
141,3.525 ,0.0256695 ,0 
142,3.55 ,0.0256773 ,0 
143,3.575 ,0.0256827 ,0 
144,3.6 ,0.0256857 ,0 
145,3.625 ,0.0256865 ,0 
146,3.65 ,0.025685 ,0 
147,3.675 ,0.0256813 ,0 
148,3.7 ,0.0256753 ,0 
149,3.725 ,0.0256672 ,0 
150,3.75 ,0.0256568 ,0 
151,3.775 ,0.0256443 ,0 
152,3.8 ,0.0256296 ,0 
153,3.825 ,0.0256128 ,0 
154,3.85 ,0.025594 ,0 
155,3.875 ,0.025573 ,0 
156,3.9 ,0.02555 ,0 
157,3.925 ,0.025525 ,0 
158,3.95 ,0.025498 ,0 
159,3.975 ,0.0254691 ,0 
160,4 ,0.0254382 ,0 
161,4.025 ,0.0254054 ,0 
162,4.05 ,0.0253707 ,0 
163,4.075 ,0.0253341 ,0 
164,4.1 ,0.0252957 ,0 
165,4.125 ,0.0252554 ,0 
166,4.15 ,0.0252134 ,0 
167,4.175 ,0.0251696 ,0 
168,4.2 ,0.0251241 ,0 
169,4.225 ,0.0250769 ,0 
170,4.25 ,0.025028 ,0 
171,4.275 ,0.0249775 ,0 
172,4.3 ,0.0249253 ,0 
173,4.325 ,0.0248716 ,0 
174,4.35 ,0.0248163 ,0 
175,4.375 ,0.0247594 ,0 
176,4.4 ,0.024701 ,0 
177,4.425 ,0.0246412 ,0 
178,4.45 ,0.0245799 ,0 
179,4.475 ,0.0245171 ,0 
180,4.5 ,0.024453 ,0 
181,4.525 ,0.0243875 ,0 
182,4.55 ,0.0243206 ,0 
183,4.575 ,0.0242524 ,0 
184,4.6 ,0.024183 ,0 
185,4.625 ,0.0241123 ,0 
186,4.65 ,0.0240403 ,0 
187,4.675 ,0.0239672 ,0 
188,4.7 ,0.0238928 ,0 
189,4.725 ,0.0238174 ,0 
190,4.75 ,0.0237408 ,0 
191,4.775 ,0.0236632 ,0 
192,4.8 ,0.0235844 ,0 
193,4.825 ,0.0235047 ,0 
194,4.85 ,0.0234239 ,0 
195,4.875 ,0.0233422 ,0 
196,4.9 ,0.0232596 ,0 
197,4.925 ,0.023176 ,0 
198,4.95 ,0.0230915 ,0 
199,4.975 ,0.0230062 ,0 
200,5 ,0.02292 ,0 
201,5.025 ,0.0228331 ,0 
202,5.05 ,0.0227453 ,0 
203,5.075 ,0.0226568 ,0 
204,5.1 ,0.0225676 ,0 
205,5.125 ,0.0224777 ,0 
206,5.15 ,0.0223871 ,0 
207,5.175 ,0.0222959 ,0 
208,5.2 ,0.022204 ,0 
209,5.225 ,0.0221115 ,0 
210,5.25 ,0.0220185 ,0 
211,5.275 ,0.0219249 ,0 
212,5.3 ,0.0218308 ,0 
213,5.325 ,0.0217361 ,0 
214,5.35 ,0.021641 ,0 
215,5.375 ,0.0215454 ,0 
216,5.4 ,0.0214494 ,0 
217,5.425 ,0.0213529 ,0 
218,5.45 ,0.021256 ,0 
219,5.475 ,0.0211587 ,0 
220,5.5 ,0.0210611 ,0 
221,5.525 ,0.0209631 ,0 
222,5.55 ,0.0208648 ,0 
223,5.575 ,0.0207662 ,0 
224,5.6 ,0.0206673 ,0 
225,5.625 ,0.0205681 ,0 
226,5.65 ,0.0204686 ,0 
227,5.675 ,0.0203689 ,0 
228,5.7 ,0.020269 ,0 
229,5.725 ,0.0201688 ,0 
230,5.75 ,0.0200685 ,0 
231,5.775 ,0.019968 ,0 
232,5.8 ,0.0198673 ,0 
233,5.825 ,0.0197665 ,0 
234,5.85 ,0.0196655 ,0 
235,5.875 ,0.0195645 ,0 
236,5.9 ,0.0194633 ,0 
237,5.925 ,0.019362 ,0 
238,5.95 ,0.0192606 ,0 
239,5.975 ,0.0191592 ,0 
240,6 ,0.0190578 ,0 
241,6.025 ,0.0189562 ,0 
242,6.05 ,0.0188547 ,0 
243,6.075 ,0.0187532 ,0 
244,6.1 ,0.0186516 ,0 
245,6.125 ,0.0185501 ,0 
246,6.15 ,0.0184485 ,0 
247,6.175 ,0.018347 ,0 
248,6.2 ,0.0182456 ,0 
249,6.225 ,0.0181442 ,0 
250,6.25 ,0.0180428 ,0 
251,6.275 ,0.0179416 ,0 
252,6.3 ,0.0178404 ,0 
253,6.325 ,0.0177393 ,0 
254,6.35 ,0.0176383 ,0 
255,6.375 ,0.0175375 ,0 
256,6.4 ,0.0174367 ,0 
257,6.425 ,0.0173361 ,0 
258,6.45 ,0.0172356 ,0 
259,6.475 ,0.0171353 ,0 
260,6.5 ,0.0170351 ,0 
261,6.525 ,0.0169351 ,0 
262,6.55 ,0.0168352 ,0 
263,6.575 ,0.0167356 ,0 
264,6.6 ,0.0166361 ,0 
265,6.625 ,0.0165368 ,0 
266,6.65 ,0.0164378 ,0 
267,6.675 ,0.0163389 ,0 
268,6.7 ,0.0162402 ,0 
269,6.725 ,0.0161418 ,0 
270,6.75 ,0.0160436 ,0 
271,6.775 ,0.0159456 ,0 
272,6.8 ,0.0158479 ,0 
273,6.825 ,0.0157504 ,0 
274,6.85 ,0.0156532 ,0 
275,6.875 ,0.0155563 ,0 
276,6.9 ,0.0154596 ,0 
277,6.925 ,0.0153631 ,0 
278,6.95 ,0.015267 ,0 
279,6.975 ,0.0151711 ,0 
280,7 ,0.0150756 ,0 
281,7.025 ,0.0149803 ,0 
282,7.05 ,0.0148853 ,0 
283,7.075 ,0.0147906 ,0 
284,7.1 ,0.0146962 ,0 
285,7.125 ,0.0146021 ,0 
286,7.15 ,0.0145083 ,0 
287,7.175 ,0.0144149 ,0 
288,7.2 ,0.0143218 ,0 
289,7.225 ,0.014229 ,0 
290,7.25 ,0.0141365 ,0 
291,7.275 ,0.0140444 ,0 
292,7.3 ,0.0139526 ,0 
293,7.325 ,0.0138611 ,0 
294,7.35 ,0.01377 ,0 
295,7.375 ,0.0136792 ,0 
296,7.4 ,0.0135888 ,0 
297,7.425 ,0.0134987 ,0 
298,7.45 ,0.013409 ,0 
299,7.475 ,0.0133197 ,0 
300,7.5 ,0.0132307 ,0 
301,7.525 ,0.013142 ,0 
302,7.55 ,0.0130538 ,0 
303,7.575 ,0.0129659 ,0 
304,7.6 ,0.0128783 ,0 
305,7.625 ,0.0127912 ,0 
306,7.65 ,0.0127044 ,0 
307,7.675 ,0.012618 ,0 
308,7.7 ,0.012532 ,0 
309,7.725 ,0.0124463 ,0 
310,7.75 ,0.0123611 ,0 
311,7.775 ,0.0122762 ,0 
312,7.8 ,0.0121917 ,0 
313,7.825 ,0.0121076 ,0 
314,7.85 ,0.0120239 ,0 
315,7.875 ,0.0119406 ,0 
316,7.9 ,0.0118576 ,0 
317,7.925 ,0.0117751 ,0 
318,7.95 ,0.011693 ,0 
319,7.975 ,0.0116112 ,0 
320,8 ,0.0115298 ,0 
321,8.025 ,0.0114489 ,0 
322,8.05 ,0.0113683 ,0 
323,8.075 ,0.0112882 ,0 
324,8.1 ,0.0112084 ,0 
325,8.125 ,0.011129 ,0 
326,8.15 ,0.0110501 ,0 
327,8.175 ,0.0109715 ,0 
328,8.2 ,0.0108934 ,0 
329,8.225 ,0.0108156 ,0 
330,8.25 ,0.0107383 ,0 
331,8.275 ,0.0106613 ,0 
332,8.3 ,0.0105848 ,0 
333,8.325 ,0.0105086 ,0 
334,8.35 ,0.0104329 ,0 
335,8.375 ,0.0103576 ,0 
336,8.4 ,0.0102826 ,0 
337,8.425 ,0.0102081 ,0 
338,8.45 ,0.010134 ,0 
339,8.475 ,0.0100603 ,0 
340,8.5 ,0.00998695 ,0 
341,8.525 ,0.00991405 ,0 
342,8.55 ,0.00984154 ,0 
343,8.575 ,0.00976944 ,0 
344,8.6 ,0.00969775 ,0 
345,8.625 ,0.00962645 ,0 
346,8.65 ,0.00955556 ,0 
347,8.675 ,0.00948507 ,0 
348,8.7 ,0.00941499 ,0 
349,8.725 ,0.0093453 ,0 
350,8.75 ,0.00927602 ,0 
351,8.775 ,0.00920714 ,0 
352,8.8 ,0.00913865 ,0 
353,8.825 ,0.00907057 ,0 
354,8.85 ,0.00900289 ,0 
355,8.875 ,0.0089356 ,0 
356,8.9 ,0.00886871 ,0 
357,8.925 ,0.00880222 ,0 
358,8.95 ,0.00873612 ,0 
359,8.975 ,0.00867042 ,0 
360,9 ,0.00860512 ,0 
361,9.025 ,0.0085402 ,0 
362,9.05 ,0.00847568 ,0 
363,9.075 ,0.00841155 ,0 
364,9.1 ,0.00834782 ,0 
365,9.125 ,0.00828447 ,0 
366,9.15 ,0.00822151 ,0 
367,9.175 ,0.00815894 ,0 
368,9.2 ,0.00809676 ,0 
369,9.225 ,0.00803496 ,0 
370,9.25 ,0.00797355 ,0 
371,9.275 ,0.00791252 ,0 
372,9.3 ,0.00785187 ,0 
373,9.325 ,0.00779161 ,0 
374,9.35 ,0.00773172 ,0 
375,9.375 ,0.00767222 ,0 
376,9.4 ,0.00761309 ,0 
377,9.425 ,0.00755434 ,0 
378,9.45 ,0.00749596 ,0 
379,9.475 ,0.00743797 ,0 
380,9.5 ,0.00738034 ,0 
381,9.525 ,0.00732308 ,0 
382,9.55 ,0.0072662 ,0 
383,9.575 ,0.00720968 ,0 
384,9.6 ,0.00715354 ,0 
385,9.625 ,0.00709776 ,0 
386,9.65 ,0.00704234 ,0 
387,9.675 ,0.00698729 ,0 
388,9.7 ,0.0069326 ,0 
389,9.725 ,0.00687828 ,0 
390,9.75 ,0.00682431 ,0 
391,9.775 ,0.0067707 ,0 
392,9.8 ,0.00671745 ,0 
393,9.825 ,0.00666455 ,0 
394,9.85 ,0.00661201 ,0 
395,9.875 ,0.00655982 ,0 
396,9.9 ,0.00650798 ,0 
397,9.925 ,0.0064565 ,0 
398,9.95 ,0.00640536 ,0 
399,9.975 ,0.00635456 ,0 
400,10 ,0.00630411 ,0 
401,10.025 ,0.00625401 ,0 
402,10.05 ,0.00620425 ,0 
403,10.075 ,0.00615483 ,0 
404,10.1 ,0.00610574 ,0 
405,10.125 ,0.006057 ,0 
406,10.15 ,0.00600859 ,0 
407,10.175 ,0.00596052 ,0 
408,10.2 ,0.00591278 ,0 
409,10.225 ,0.00586537 ,0 
410,10.25 ,0.00581829 ,0 
411,10.275 ,0.00577154 ,0 
412,10.3 ,0.00572512 ,0 
413,10.325 ,0.00567902 ,0 
414,10.35 ,0.00563324 ,0 
415,10.375 ,0.00558779 ,0 
416,10.4 ,0.00554266 ,0 
417,10.425 ,0.00549784 ,0 
418,10.45 ,0.00545335 ,0 
419,10.475 ,0.00540917 ,0 
420,10.5 ,0.0053653 ,0 
421,10.525 ,0.00532175 ,0 
422,10.55 ,0.0052785 ,0 
423,10.575 ,0.00523557 ,0 
424,10.6 ,0.00519294 ,0 
425,10.625 ,0.00515062 ,0 
426,10.65 ,0.00510861 ,0 
427,10.675 ,0.00506689 ,0 
428,10.7 ,0.00502548 ,0 
429,10.725 ,0.00498437 ,0 
430,10.75 ,0.00494356 ,0 
431,10.775 ,0.00490304 ,0 
432,10.8 ,0.00486282 ,0 
433,10.825 ,0.00482289 ,0 
434,10.85 ,0.00478325 ,0 
435,10.875 ,0.0047439 ,0 
436,10.9 ,0.00470484 ,0 
437,10.925 ,0.00466607 ,0 
438,10.95 ,0.00462758 ,0 
439,10.975 ,0.00458938 ,0 
440,11 ,0.00455145 ,0 
441,11.025 ,0.00451381 ,0 
442,11.05 ,0.00447645 ,0 
443,11.075 ,0.00443936 ,0 
444,11.1 ,0.00440255 ,0 
445,11.125 ,0.00436601 ,0 
446,11.15 ,0.00432975 ,0 
447,11.175 ,0.00429376 ,0 
448,11.2 ,0.00425803 ,0 
449,11.225 ,0.00422257 ,0 
450,11.25 ,0.00418738 ,0 
451,11.275 ,0.00415246 ,0 
452,11.3 ,0.00411779 ,0 
453,11.325 ,0.00408339 ,0 
454,11.35 ,0.00404925 ,0 
455,11.375 ,0.00401536 ,0 
456,11.4 ,0.00398173 ,0 
457,11.425 ,0.00394836 ,0 
458,11.45 ,0.00391524 ,0 
459,11.475 ,0.00388237 ,0 
460,11.5 ,0.00384975 ,0 
461,11.525 ,0.00381738 ,0 
462,11.55 ,0.00378526 ,0 
463,11.575 ,0.00375338 ,0 
464,11.6 ,0.00372175 ,0 
465,11.625 ,0.00369036 ,0 
466,11.65 ,0.00365921 ,0 
467,11.675 ,0.0036283 ,0 
468,11.7 ,0.00359763 ,0 
469,11.725 ,0.0035672 ,0 
470,11.75 ,0.003537 ,0 
471,11.775 ,0.00350703 ,0 
472,11.8 ,0.0034773 ,0 
473,11.825 ,0.00344779 ,0 
474,11.85 ,0.00341852 ,0 
475,11.875 ,0.00338947 ,0 
476,11.9 ,0.00336065 ,0 
477,11.925 ,0.00333205 ,0 
478,11.95 ,0.00330368 ,0 
479,11.975 ,0.00327553 ,0 
480,12 ,0.0032476 ,0 
481,12.025 ,0.00321988 ,0 
482,12.05 ,0.00319239 ,0 
483,12.075 ,0.00316511 ,0 
484,12.1 ,0.00313805 ,0 
485,12.125 ,0.00311119 ,0 
486,12.15 ,0.00308455 ,0 
487,12.175 ,0.00305812 ,0 
488,12.2 ,0.0030319 ,0 
489,12.225 ,0.00300589 ,0 
490,12.25 ,0.00298008 ,0 
491,12.275 ,0.00295448 ,0 
492,12.3 ,0.00292908 ,0 
493,12.325 ,0.00290388 ,0 
494,12.35 ,0.00287888 ,0 
495,12.375 ,0.00285408 ,0 
496,12.4 ,0.00282948 ,0 
497,12.425 ,0.00280508 ,0 
498,12.45 ,0.00278087 ,0 
499,12.475 ,0.00275685 ,0 
500,12.5 ,0.00273303 ,0 
501,12.525 ,0.0027094 ,0 
502,12.55 ,0.00268595 ,0 
503,12.575 ,0.0026627 ,0 
504,12.6 ,0.00263963 ,0 
505,12.625 ,0.00261675 ,0 
506,12.65 ,0.00259405 ,0 
507,12.675 ,0.00257154 ,0 
508,12.7 ,0.00254921 ,0 
509,12.725 ,0.00252706 ,0 
510,12.75 ,0.00250508 ,0 
511,12.775 ,0.00248329 ,0 
512,12.8 ,0.00246167 ,0 
513,12.825 ,0.00244023 ,0 
514,12.85 ,0.00241896 ,0 
515,12.875 ,0.00239787 ,0 
516,12.9 ,0.00237694 ,0 
517,12.925 ,0.00235619 ,0 
518,12.95 ,0.00233561 ,0 
519,12.975 ,0.00231519 ,0 
520,13 ,0.00229495 ,0 
521,13.025 ,0.00227486 ,0 
522,13.05 ,0.00225494 ,0 
523,13.075 ,0.00223519 ,0 
524,13.1 ,0.0022156 ,0 
525,13.125 ,0.00219617 ,0 
526,13.15 ,0.00217689 ,0 
527,13.175 ,0.00215778 ,0 
528,13.2 ,0.00213882 ,0 
529,13.225 ,0.00212003 ,0 
530,13.25 ,0.00210138 ,0 
531,13.275 ,0.00208289 ,0 
532,13.3 ,0.00206455 ,0 
533,13.325 ,0.00204637 ,0 
534,13.35 ,0.00202833 ,0 
535,13.375 ,0.00201045 ,0 
536,13.4 ,0.00199271 ,0 
537,13.425 ,0.00197512 ,0 
538,13.45 ,0.00195767 ,0 
539,13.475 ,0.00194038 ,0 
540,13.5 ,0.00192322 ,0 
541,13.525 ,0.00190621 ,0 
542,13.55 ,0.00188934 ,0 
543,13.575 ,0.00187261 ,0 
544,13.6 ,0.00185602 ,0 
545,13.625 ,0.00183957 ,0 
546,13.65 ,0.00182326 ,0 
547,13.675 ,0.00180708 ,0 
548,13.7 ,0.00179104 ,0 
549,13.725 ,0.00177513 ,0 
550,13.75 ,0.00175936 ,0 
551,13.775 ,0.00174372 ,0 
552,13.8 ,0.00172821 ,0 
553,13.825 ,0.00171283 ,0 
554,13.85 ,0.00169758 ,0 
555,13.875 ,0.00168246 ,0 
556,13.9 ,0.00166747 ,0 
557,13.925 ,0.00165261 ,0 
558,13.95 ,0.00163786 ,0 
559,13.975 ,0.00162325 ,0 
560,14 ,0.00160876 ,0 
561,14.025 ,0.00159439 ,0 
562,14.05 ,0.00158014 ,0 
563,14.075 ,0.00156601 ,0 
564,14.1 ,0.00155201 ,0 
565,14.125 ,0.00153812 ,0 
566,14.15 ,0.00152435 ,0 
567,14.175 ,0.0015107 ,0 
568,14.2 ,0.00149716 ,0 
569,14.225 ,0.00148374 ,0 
570,14.25 ,0.00147043 ,0 
571,14.275 ,0.00145724 ,0 
572,14.3 ,0.00144416 ,0 
573,14.325 ,0.00143119 ,0 
574,14.35 ,0.00141833 ,0 
575,14.375 ,0.00140558 ,0 
576,14.4 ,0.00139294 ,0 
577,14.425 ,0.00138041 ,0 
578,14.45 ,0.00136799 ,0 
579,14.475 ,0.00135567 ,0 
580,14.5 ,0.00134346 ,0 
581,14.525 ,0.00133136 ,0 
582,14.55 ,0.00131936 ,0 
583,14.575 ,0.00130746 ,0 
584,14.6 ,0.00129566 ,0 
585,14.625 ,0.00128397 ,0 
586,14.65 ,0.00127237 ,0 
587,14.675 ,0.00126088 ,0 
588,14.7 ,0.00124949 ,0 
589,14.725 ,0.00123819 ,0 
590,14.75 ,0.00122699 ,0 
591,14.775 ,0.00121589 ,0 
592,14.8 ,0.00120489 ,0 
593,14.825 ,0.00119398 ,0 
594,14.85 ,0.00118316 ,0 
595,14.875 ,0.00117244 ,0 
596,14.9 ,0.00116181 ,0 
597,14.925 ,0.00115128 ,0 
598,14.95 ,0.00114083 ,0 
599,14.975 ,0.00113048 ,0 
600,15 ,0.00112022 ,0 
601,15.025 ,0.00111004 ,0 
602,15.05 ,0.00109996 ,0 
603,15.075 ,0.00108996 ,0 
604,15.1 ,0.00108005 ,0 
605,15.125 ,0.00107023 ,0 
606,15.15 ,0.00106049 ,0 
607,15.175 ,0.00105084 ,0 
608,15.2 ,0.00104127 ,0 
609,15.225 ,0.00103178 ,0 
610,15.25 ,0.00102238 ,0 
611,15.275 ,0.00101306 ,0 
612,15.3 ,0.00100383 ,0 
613,15.325 ,0.000994669 ,0 
614,15.35 ,0.000985594 ,0 
615,15.375 ,0.000976597 ,0 
616,15.4 ,0.00096768 ,0 
617,15.425 ,0.000958842 ,0 
618,15.45 ,0.000950081 ,0 
619,15.475 ,0.000941397 ,0 
620,15.5 ,0.00093279 ,0 
621,15.525 ,0.000924259 ,0 
622,15.55 ,0.000915803 ,0 
623,15.575 ,0.000907421 ,0 
624,15.6 ,0.000899114 ,0 
625,15.625 ,0.00089088 ,0 
626,15.65 ,0.000882719 ,0 
627,15.675 ,0.00087463 ,0 
628,15.7 ,0.000866612 ,0 
629,15.725 ,0.000858666 ,0 
630,15.75 ,0.00085079 ,0 
631,15.775 ,0.000842984 ,0 
632,15.8 ,0.000835247 ,0 
633,15.825 ,0.000827579 ,0 
634,15.85 ,0.000819979 ,0 
635,15.875 ,0.000812447 ,0 
636,15.9 ,0.000804981 ,0 
637,15.925 ,0.000797582 ,0 
638,15.95 ,0.000790249 ,0 
639,15.975 ,0.000782981 ,0 
640,16 ,0.000775778 ,0 
641,16.025 ,0.000768639 ,0 
642,16.05 ,0.000761564 ,0 
643,16.075 ,0.000754552 ,0 
644,16.1 ,0.000747603 ,0 
645,16.125 ,0.000740715 ,0 
646,16.15 ,0.00073389 ,0 
647,16.175 ,0.000727125 ,0 
648,16.2 ,0.000720421 ,0 
649,16.225 ,0.000713777 ,0 
650,16.25 ,0.000707193 ,0 
651,16.275 ,0.000700667 ,0 
652,16.3 ,0.000694201 ,0 
653,16.325 ,0.000687792 ,0 
654,16.35 ,0.000681441 ,0 
655,16.375 ,0.000675146 ,0 
656,16.4 ,0.000668909 ,0 
657,16.425 ,0.000662727 ,0 
658,16.45 ,0.000656602 ,0 
659,16.475 ,0.000650531 ,0 
660,16.5 ,0.000644515 ,0 
661,16.525 ,0.000638553 ,0 
662,16.55 ,0.000632645 ,0 
663,16.575 ,0.000626791 ,0 
664,16.6 ,0.000620989 ,0 
665,16.625 ,0.00061524 ,0 
666,16.65 ,0.000609542 ,0 
667,16.675 ,0.000603897 ,0 
668,16.7 ,0.000598302 ,0 
669,16.725 ,0.000592758 ,0 
670,16.75 ,0.000587264 ,0 
671,16.775 ,0.00058182 ,0 
672,16.8 ,0.000576425 ,0 
673,16.825 ,0.000571079 ,0 
674,16.85 ,0.000565782 ,0 
675,16.875 ,0.000560533 ,0 
676,16.9 ,0.000555332 ,0 
677,16.925 ,0.000550178 ,0 
678,16.95 ,0.00054507 ,0 
679,16.975 ,0.000540009 ,0 
680,17 ,0.000534995 ,0 
681,17.025 ,0.000530026 ,0 
682,17.05 ,0.000525102 ,0 
683,17.075 ,0.000520223 ,0 
684,17.1 ,0.000515389 ,0 
685,17.125 ,0.000510599 ,0 
686,17.15 ,0.000505852 ,0 
687,17.175 ,0.000501149 ,0 
688,17.2 ,0.000496489 ,0 
689,17.225 ,0.000491872 ,0 
690,17.25 ,0.000487297 ,0 
691,17.275 ,0.000482764 ,0 
692,17.3 ,0.000478272 ,0 
693,17.325 ,0.000473822 ,0 
694,17.35 ,0.000469412 ,0 
695,17.375 ,0.000465043 ,0 
696,17.4 ,0.000460714 ,0 
697,17.425 ,0.000456424 ,0 
698,17.45 ,0.000452174 ,0 
699,17.475 ,0.000447964 ,0 
700,17.5 ,0.000443792 ,0 
701,17.525 ,0.000439658 ,0 
702,17.55 ,0.000435562 ,0 
703,17.575 ,0.000431505 ,0 
704,17.6 ,0.000427484 ,0 
705,17.625 ,0.000423501 ,0 
706,17.65 ,0.000419554 ,0 
707,17.675 ,0.000415644 ,0 
708,17.7 ,0.00041177 ,0 
709,17.725 ,0.000407932 ,0 
710,17.75 ,0.000404129 ,0 
711,17.775 ,0.000400362 ,0 
712,17.8 ,0.000396629 ,0 
713,17.825 ,0.000392931 ,0 
714,17.85 ,0.000389268 ,0 
715,17.875 ,0.000385638 ,0 
716,17.9 ,0.000382042 ,0 
717,17.925 ,0.000378479 ,0 
718,17.95 ,0.00037495 ,0 
719,17.975 ,0.000371453 ,0 
720,18 ,0.000367989 ,0 
721,18.025 ,0.000364557 ,0 
722,18.05 ,0.000361157 ,0 
723,18.075 ,0.000357788 ,0 
724,18.1 ,0.000354452 ,0 
725,18.125 ,0.000351146 ,0 
726,18.15 ,0.000347871 ,0 
727,18.175 ,0.000344626 ,0 
728,18.2 ,0.000341412 ,0 
729,18.225 ,0.000338228 ,0 
730,18.25 ,0.000335074 ,0 
731,18.275 ,0.000331949 ,0 
732,18.3 ,0.000328853 ,0 
733,18.325 ,0.000325787 ,0 
734,18.35 ,0.000322749 ,0 
735,18.375 ,0.00031974 ,0 
736,18.4 ,0.000316759 ,0 
737,18.425 ,0.000313806 ,0 
738,18.45 ,0.000310881 ,0 
739,18.475 ,0.000307983 ,0 
740,18.5 ,0.000305112 ,0 
741,18.525 ,0.000302269 ,0 
742,18.55 ,0.000299452 ,0 
743,18.575 ,0.000296662 ,0 
744,18.6 ,0.000293898 ,0 
745,18.625 ,0.00029116 ,0 
746,18.65 ,0.000288448 ,0 
747,18.675 ,0.000285762 ,0 
748,18.7 ,0.000283101 ,0 
749,18.725 ,0.000280465 ,0 
750,18.75 ,0.000277854 ,0 
751,18.775 ,0.000275268 ,0 
752,18.8 ,0.000272706 ,0 
753,18.825 ,0.000270169 ,0 
754,18.85 ,0.000267656 ,0 
755,18.875 ,0.000265166 ,0 
756,18.9 ,0.000262701 ,0 
757,18.925 ,0.000260258 ,0 
758,18.95 ,0.000257839 ,0 
759,18.975 ,0.000255443 ,0 
760,19 ,0.00025307 ,0 
761,19.025 ,0.000250719 ,0 
762,19.05 ,0.000248391 ,0 
763,19.075 ,0.000246085 ,0 
764,19.1 ,0.000243801 ,0 
765,19.125 ,0.000241539 ,0 
766,19.15 ,0.000239299 ,0 
767,19.175 ,0.00023708 ,0 
768,19.2 ,0.000234882 ,0 
769,19.225 ,0.000232706 ,0 
770,19.25 ,0.00023055 ,0 
771,19.275 ,0.000228415 ,0 
772,19.3 ,0.0002263 ,0 
773,19.325 ,0.000224206 ,0 
774,19.35 ,0.000222132 ,0 
775,19.375 ,0.000220078 ,0 
776,19.4 ,0.000218043 ,0 
777,19.425 ,0.000216028 ,0 
778,19.45 ,0.000214033 ,0 
779,19.475 ,0.000212057 ,0 
780,19.5 ,0.0002101 ,0 
781,19.525 ,0.000208162 ,0 
782,19.55 ,0.000206243 ,0 
783,19.575 ,0.000204343 ,0 
784,19.6 ,0.00020246 ,0 
785,19.625 ,0.000200596 ,0 
786,19.65 ,0.000198751 ,0 
787,19.675 ,0.000196923 ,0 
788,19.7 ,0.000195113 ,0 
789,19.725 ,0.00019332 ,0 
790,19.75 ,0.000191545 ,0 
791,19.775 ,0.000189788 ,0 
792,19.8 ,0.000188047 ,0 
793,19.825 ,0.000186324 ,0 
794,19.85 ,0.000184617 ,0 
795,19.875 ,0.000182927 ,0 
796,19.9 ,0.000181254 ,0 
797,19.925 ,0.000179597 ,0 
798,19.95 ,0.000177957 ,0 
799,19.975 ,0.000176332 ,0 
800,20 ,0.000174724 ,0 
801,20.025 ,0.000173131 ,0 
802,20.05 ,0.000171554 ,0 
803,20.075 ,0.000169993 ,0 
804,20.1 ,0.000168447 ,0 
805,20.125 ,0.000166916 ,0 
806,20.15 ,0.0001654 ,0 
807,20.175 ,0.0001639 ,0 
808,20.2 ,0.000162414 ,0 
809,20.225 ,0.000160943 ,0 
810,20.25 ,0.000159487 ,0 
811,20.275 ,0.000158045 ,0 
812,20.3 ,0.000156618 ,0 
813,20.325 ,0.000155205 ,0 
814,20.35 ,0.000153806 ,0 
815,20.375 ,0.000152421 ,0 
816,20.4 ,0.00015105 ,0 
817,20.425 ,0.000149693 ,0 
818,20.45 ,0.000148349 ,0 
819,20.475 ,0.000147019 ,0 
820,20.5 ,0.000145702 ,0 
821,20.525 ,0.000144398 ,0 
822,20.55 ,0.000143108 ,0 
823,20.575 ,0.00014183 ,0 
824,20.6 ,0.000140566 ,0 
825,20.625 ,0.000139314 ,0 
826,20.65 ,0.000138075 ,0 
827,20.675 ,0.000136849 ,0 
828,20.7 ,0.000135635 ,0 
829,20.725 ,0.000134434 ,0 
830,20.75 ,0.000133244 ,0 
831,20.775 ,0.000132067 ,0 
832,20.8 ,0.000130902 ,0 
833,20.825 ,0.000129749 ,0 
834,20.85 ,0.000128608 ,0 
835,20.875 ,0.000127478 ,0 
836,20.9 ,0.000126361 ,0 
837,20.925 ,0.000125254 ,0 
838,20.95 ,0.000124159 ,0 
839,20.975 ,0.000123076 ,0 
840,21 ,0.000122003 ,0 
841,21.025 ,0.000120942 ,0 
842,21.05 ,0.000119892 ,0 
843,21.075 ,0.000118853 ,0 
844,21.1 ,0.000117824 ,0 
845,21.125 ,0.000116807 ,0 
846,21.15 ,0.0001158 ,0 
847,21.175 ,0.000114803 ,0 
848,21.2 ,0.000113817 ,0 
849,21.225 ,0.000112842 ,0 
850,21.25 ,0.000111877 ,0 
851,21.275 ,0.000110922 ,0 
852,21.3 ,0.000109977 ,0 
853,21.325 ,0.000109042 ,0 
854,21.35 ,0.000108117 ,0 
855,21.375 ,0.000107202 ,0 
856,21.4 ,0.000106297 ,0 
857,21.425 ,0.000105401 ,0 
858,21.45 ,0.000104516 ,0 
859,21.475 ,0.000103639 ,0 
860,21.5 ,0.000102772 ,0 
861,21.525 ,0.000101915 ,0 
862,21.55 ,0.000101067 ,0 
863,21.575 ,0.000100228 ,0 
864,21.6 ,9.93976e-05 ,0 
865,21.625 ,9.85768e-05 ,0 
866,21.65 ,9.7765e-05 ,0 
867,21.675 ,9.69621e-05 ,0 
868,21.7 ,9.6168e-05 ,0 
869,21.725 ,9.53827e-05 ,0 
870,21.75 ,9.46061e-05 ,0 
871,21.775 ,9.38381e-05 ,0 
872,21.8 ,9.30787e-05 ,0 
873,21.825 ,9.23277e-05 ,0 
874,21.85 ,9.15851e-05 ,0 
875,21.875 ,9.08509e-05 ,0 
876,21.9 ,9.01249e-05 ,0 
877,21.925 ,8.94071e-05 ,0 
878,21.95 ,8.86975e-05 ,0 
879,21.975 ,8.79959e-05 ,0 
880,22 ,8.73024e-05 ,0 
881,22.025 ,8.66167e-05 ,0 
882,22.05 ,8.59389e-05 ,0 
883,22.075 ,8.5269e-05 ,0 
884,22.1 ,8.46068e-05 ,0 
885,22.125 ,8.39522e-05 ,0 
886,22.15 ,8.33053e-05 ,0 
887,22.175 ,8.26659e-05 ,0 
888,22.2 ,8.2034e-05 ,0 
889,22.225 ,8.14096e-05 ,0 
890,22.25 ,8.07925e-05 ,0 
891,22.275 ,8.01828e-05 ,0 
892,22.3 ,7.95803e-05 ,0 
893,22.325 ,7.8985e-05 ,0 
894,22.35 ,7.83969e-05 ,0 
895,22.375 ,7.78158e-05 ,0 
896,22.4 ,7.72418e-05 ,0 
897,22.425 ,7.66747e-05 ,0 
898,22.45 ,7.61146e-05 ,0 
899,22.475 ,7.55614e-05 ,0 
900,22.5 ,7.50149e-05 ,0 
901,22.525 ,7.44753e-05 ,0 
902,22.55 ,7.39423e-05 ,0 
903,22.575 ,7.3416e-05 ,0 
904,22.6 ,7.28963e-05 ,0 
905,22.625 ,7.23832e-05 ,0 
906,22.65 ,7.18765e-05 ,0 
907,22.675 ,7.13764e-05 ,0 
908,22.7 ,7.08826e-05 ,0 
909,22.725 ,7.03952e-05 ,0 
910,22.75 ,6.99141e-05 ,0 
911,22.775 ,6.94393e-05 ,0 
912,22.8 ,6.89707e-05 ,0 
913,22.825 ,6.85083e-05 ,0 
914,22.85 ,6.8052e-05 ,0 
915,22.875 ,6.76018e-05 ,0 
916,22.9 ,6.71577e-05 ,0 
917,22.925 ,6.67195e-05 ,0 
918,22.95 ,6.62873e-05 ,0 
919,22.975 ,6.5861e-05 ,0 
920,23 ,6.54406e-05 ,0 
921,23.025 ,6.5026e-05 ,0 
922,23.05 ,6.46172e-05 ,0 
923,23.075 ,6.42141e-05 ,0 
924,23.1 ,6.38168e-05 ,0 
925,23.125 ,6.34251e-05 ,0 
926,23.15 ,6.3039e-05 ,0 
927,23.175 ,6.26585e-05 ,0 
928,23.2 ,6.22836e-05 ,0 
929,23.225 ,6.19141e-05 ,0 
930,23.25 ,6.15502e-05 ,0 
931,23.275 ,6.11917e-05 ,0 
932,23.3 ,6.08386e-05 ,0 
933,23.325 ,6.04908e-05 ,0 
934,23.35 ,6.01484e-05 ,0 
935,23.375 ,5.98113e-05 ,0 
936,23.4 ,5.94794e-05 ,0 
937,23.425 ,5.91528e-05 ,0 
938,23.45 ,5.88313e-05 ,0 
939,23.475 ,5.8515e-05 ,0 
940,23.5 ,5.82038e-05 ,0 
941,23.525 ,5.78978e-05 ,0 
942,23.55 ,5.75968e-05 ,0 
943,23.575 ,5.73008e-05 ,0 
944,23.6 ,5.70098e-05 ,0 
945,23.625 ,5.67238e-05 ,0 
946,23.65 ,5.64427e-05 ,0 
947,23.675 ,5.61665e-05 ,0 
948,23.7 ,5.58953e-05 ,0 
949,23.725 ,5.56288e-05 ,0 
950,23.75 ,5.53672e-05 ,0 
951,23.775 ,5.51104e-05 ,0 
952,23.8 ,5.48583e-05 ,0 
953,23.825 ,5.4611e-05 ,0 
954,23.85 ,5.43684e-05 ,0 
955,23.875 ,5.41305e-05 ,0 
956,23.9 ,5.38973e-05 ,0 
957,23.925 ,5.36687e-05 ,0 
958,23.95 ,5.34447e-05 ,0 
959,23.975 ,5.32253e-05 ,0 
960,24 ,5.30104e-05 ,0 
961,24.025 ,5.28001e-05 ,0 
962,24.05 ,5.25943e-05 ,0 
963,24.075 ,5.2393e-05 ,0 
964,24.1 ,5.21961e-05 ,0 
965,24.125 ,5.20037e-05 ,0 
966,24.15 ,5.18158e-05 ,0 
967,24.175 ,5.16322e-05 ,0 
968,24.2 ,5.1453e-05 ,0 
969,24.225 ,5.12782e-05 ,0 
970,24.25 ,5.11077e-05 ,0 
971,24.275 ,5.09415e-05 ,0 
972,24.3 ,5.07797e-05 ,0 
973,24.325 ,5.06221e-05 ,0 
974,24.35 ,5.04687e-05 ,0 
975,24.375 ,5.03197e-05 ,0 
976,24.4 ,5.01748e-05 ,0 
977,24.425 ,5.00342e-05 ,0 
978,24.45 ,4.98977e-05 ,0 
979,24.475 ,4.97654e-05 ,0 
980,24.5 ,4.96373e-05 ,0 
981,24.525 ,4.95133e-05 ,0 
982,24.55 ,4.93934e-05 ,0 
983,24.575 ,4.92777e-05 ,0 
984,24.6 ,4.9166e-05 ,0 
985,24.625 ,4.90584e-05 ,0 
986,24.65 ,4.89549e-05 ,0 
987,24.675 ,4.88554e-05 ,0 
988,24.7 ,4.876e-05 ,0 
989,24.725 ,4.86686e-05 ,0 
990,24.75 ,4.85812e-05 ,0 
991,24.775 ,4.84978e-05 ,0 
992,24.8 ,4.84183e-05 ,0 
993,24.825 ,4.83429e-05 ,0 
994,24.85 ,4.82714e-05 ,0 
995,24.875 ,4.82038e-05 ,0 
996,24.9 ,4.81402e-05 ,0 
997,24.925 ,4.80805e-05 ,0 
998,24.95 ,4.80248e-05 ,0 
999,24.975 ,4.79729e-05 ,0 
1000,25 ,4.79249e-05 ,0 