
1,0.025 ,0.000679227 ,0 
2,0.05 ,0.000679227 ,0 
3,0.075 ,0.000922541 ,0 
4,0.1 ,0.0011987 ,0 
5,0.125 ,0.00148406 ,0 
6,0.15 ,0.00177282 ,0 
7,0.175 ,0.00206293 ,0 
8,0.2 ,0.0023535 ,0 
9,0.225 ,0.00264409 ,0 
10,0.25 ,0.00293442 ,0 
11,0.275 ,0.00322431 ,0 
12,0.3 ,0.00351362 ,0 
13,0.325 ,0.00380224 ,0 
14,0.35 ,0.00409008 ,0 
15,0.375 ,0.00437705 ,0 
16,0.4 ,0.00466308 ,0 
17,0.425 ,0.00494808 ,0 
18,0.45 ,0.005232 ,0 
19,0.475 ,0.00551476 ,0 
20,0.5 ,0.00579629 ,0 
21,0.525 ,0.00607653 ,0 
22,0.55 ,0.00635542 ,0 
23,0.575 ,0.00663288 ,0 
24,0.6 ,0.00690887 ,0 
25,0.625 ,0.00718331 ,0 
26,0.65 ,0.00745614 ,0 
27,0.675 ,0.00772731 ,0 
28,0.7 ,0.00799675 ,0 
29,0.725 ,0.0082644 ,0 
30,0.75 ,0.00853022 ,0 
31,0.775 ,0.00879413 ,0 
32,0.8 ,0.00905608 ,0 
33,0.825 ,0.00931602 ,0 
34,0.85 ,0.00957389 ,0 
35,0.875 ,0.00982963 ,0 
36,0.9 ,0.0100832 ,0 
37,0.925 ,0.0103345 ,0 
38,0.95 ,0.0105836 ,0 
39,0.975 ,0.0108303 ,0 
40,1 ,0.0110746 ,0 
41,1.025 ,0.0113165 ,0 
42,1.05 ,0.0115558 ,0 
43,1.075 ,0.0117927 ,0 
44,1.1 ,0.0120269 ,0 
45,1.125 ,0.0122586 ,0 
46,1.15 ,0.0124875 ,0 
47,1.175 ,0.0127137 ,0 
48,1.2 ,0.0129372 ,0 
49,1.225 ,0.0131578 ,0 
50,1.25 ,0.0133756 ,0 
51,1.275 ,0.0135904 ,0 
52,1.3 ,0.0138024 ,0 
53,1.325 ,0.0140113 ,0 
54,1.35 ,0.0142172 ,0 
55,1.375 ,0.0144201 ,0 
56,1.4 ,0.0146199 ,0 
57,1.425 ,0.0148165 ,0 
58,1.45 ,0.01501 ,0 
59,1.475 ,0.0152003 ,0 
60,1.5 ,0.0153873 ,0 
61,1.525 ,0.0155711 ,0 
62,1.55 ,0.0157515 ,0 
63,1.575 ,0.0159287 ,0 
64,1.6 ,0.0161024 ,0 
65,1.625 ,0.0162728 ,0 
66,1.65 ,0.0164398 ,0 
67,1.675 ,0.0166033 ,0 
68,1.7 ,0.0167634 ,0 
69,1.725 ,0.0169199 ,0 
70,1.75 ,0.017073 ,0 
71,1.775 ,0.0172225 ,0 
72,1.8 ,0.0173684 ,0 
73,1.825 ,0.0175108 ,0 
74,1.85 ,0.0176496 ,0 
75,1.875 ,0.0177848 ,0 
76,1.9 ,0.0179163 ,0 
77,1.925 ,0.0180442 ,0 
78,1.95 ,0.0181684 ,0 
79,1.975 ,0.0182889 ,0 
80,2 ,0.0184058 ,0 
81,2.025 ,0.018519 ,0 
82,2.05 ,0.0186284 ,0 
83,2.075 ,0.0187341 ,0 
84,2.1 ,0.0188361 ,0 
85,2.125 ,0.0189344 ,0 
86,2.15 ,0.0190289 ,0 
87,2.175 ,0.0191197 ,0 
88,2.2 ,0.0192067 ,0 
89,2.225 ,0.0192899 ,0 
90,2.25 ,0.0193694 ,0 
91,2.275 ,0.0194452 ,0 
92,2.3 ,0.0195172 ,0 
93,2.325 ,0.0195854 ,0 
94,2.35 ,0.0196499 ,0 
95,2.375 ,0.0197106 ,0 
96,2.4 ,0.0197676 ,0 
97,2.425 ,0.0198208 ,0 
98,2.45 ,0.0198703 ,0 
99,2.475 ,0.0199161 ,0 
100,2.5 ,0.0199581 ,0 
101,2.525 ,0.0199965 ,0 
102,2.55 ,0.0200311 ,0 
103,2.575 ,0.020062 ,0 
104,2.6 ,0.0200893 ,0 
105,2.625 ,0.0201129 ,0 
106,2.65 ,0.0201328 ,0 
107,2.675 ,0.0201491 ,0 
108,2.7 ,0.0201618 ,0 
109,2.725 ,0.0201709 ,0 
110,2.75 ,0.0201763 ,0 
111,2.775 ,0.0201782 ,0 
112,2.8 ,0.0201766 ,0 
113,2.825 ,0.0201714 ,0 
114,2.85 ,0.0201627 ,0 
115,2.875 ,0.0201505 ,0 
116,2.9 ,0.0201349 ,0 
117,2.925 ,0.0201158 ,0 
118,2.95 ,0.0200933 ,0 
119,2.975 ,0.0200673 ,0 
120,3 ,0.0200381 ,0 
121,3.025 ,0.0200054 ,0 
122,3.05 ,0.0199695 ,0 
123,3.075 ,0.0199302 ,0 
124,3.1 ,0.0198877 ,0 
125,3.125 ,0.019842 ,0 
126,3.15 ,0.019793 ,0 
127,3.175 ,0.0197409 ,0 
128,3.2 ,0.0196856 ,0 
129,3.225 ,0.0196273 ,0 
130,3.25 ,0.0195658 ,0 
131,3.275 ,0.0195013 ,0 
132,3.3 ,0.0194338 ,0 
133,3.325 ,0.0193633 ,0 
134,3.35 ,0.0192899 ,0 
135,3.375 ,0.0192135 ,0 
136,3.4 ,0.0191343 ,0 
137,3.425 ,0.0190523 ,0 
138,3.45 ,0.0189674 ,0 
139,3.475 ,0.0188798 ,0 
140,3.5 ,0.0187894 ,0 
141,3.525 ,0.0186964 ,0 
142,3.55 ,0.0186007 ,0 
143,3.575 ,0.0185024 ,0 
144,3.6 ,0.0184015 ,0 
145,3.625 ,0.0182981 ,0 
146,3.65 ,0.0181922 ,0 
147,3.675 ,0.0180839 ,0 
148,3.7 ,0.0179731 ,0 
149,3.725 ,0.01786 ,0 
150,3.75 ,0.0177445 ,0 
151,3.775 ,0.0176267 ,0 
152,3.8 ,0.0175067 ,0 
153,3.825 ,0.0173845 ,0 
154,3.85 ,0.0172602 ,0 
155,3.875 ,0.0171337 ,0 
156,3.9 ,0.0170051 ,0 
157,3.925 ,0.0168745 ,0 
158,3.95 ,0.0167419 ,0 
159,3.975 ,0.0166073 ,0 
160,4 ,0.0164708 ,0 
161,4.025 ,0.0163325 ,0 
162,4.05 ,0.0161924 ,0 
163,4.075 ,0.0160504 ,0 
164,4.1 ,0.0159068 ,0 
165,4.125 ,0.0157614 ,0 
166,4.15 ,0.0156144 ,0 
167,4.175 ,0.0154658 ,0 
168,4.2 ,0.0153157 ,0 
169,4.225 ,0.015164 ,0 
170,4.25 ,0.0150109 ,0 
171,4.275 ,0.0148563 ,0 
172,4.3 ,0.0147003 ,0 
173,4.325 ,0.014543 ,0 
174,4.35 ,0.0143845 ,0 
175,4.375 ,0.0142246 ,0 
176,4.4 ,0.0140635 ,0 
177,4.425 ,0.0139013 ,0 
178,4.45 ,0.013738 ,0 
179,4.475 ,0.0135735 ,0 
180,4.5 ,0.013408 ,0 
181,4.525 ,0.0132416 ,0 
182,4.55 ,0.0130741 ,0 
183,4.575 ,0.0129058 ,0 
184,4.6 ,0.0127366 ,0 
185,4.625 ,0.0125665 ,0 
186,4.65 ,0.0123957 ,0 
187,4.675 ,0.0122241 ,0 
188,4.7 ,0.0120518 ,0 
189,4.725 ,0.0118789 ,0 
190,4.75 ,0.0117053 ,0 
191,4.775 ,0.0115311 ,0 
192,4.8 ,0.0113564 ,0 
193,4.825 ,0.0111812 ,0 
194,4.85 ,0.0110055 ,0 
195,4.875 ,0.0108294 ,0 
196,4.9 ,0.0106529 ,0 
197,4.925 ,0.010476 ,0 
198,4.95 ,0.0102988 ,0 
199,4.975 ,0.0101214 ,0 
200,5 ,0.00994372 ,0 
201,5.025 ,0.00976583 ,0 
202,5.05 ,0.00958777 ,0 
203,5.075 ,0.00940958 ,0 
204,5.1 ,0.00923129 ,0 
205,5.125 ,0.00905294 ,0 
206,5.15 ,0.00887456 ,0 
207,5.175 ,0.00869618 ,0 
208,5.2 ,0.00851783 ,0 
209,5.225 ,0.00833956 ,0 
210,5.25 ,0.00816138 ,0 
211,5.275 ,0.00798333 ,0 
212,5.3 ,0.00780544 ,0 
213,5.325 ,0.00762773 ,0 
214,5.35 ,0.00745025 ,0 
215,5.375 ,0.00727302 ,0 
216,5.4 ,0.00709606 ,0 
217,5.425 ,0.00691941 ,0 
218,5.45 ,0.00674308 ,0 
219,5.475 ,0.00656712 ,0 
220,5.5 ,0.00639154 ,0 
221,5.525 ,0.00621637 ,0 
222,5.55 ,0.00604163 ,0 
223,5.575 ,0.00586736 ,0 
224,5.6 ,0.00569357 ,0 
225,5.625 ,0.00552029 ,0 
226,5.65 ,0.00534755 ,0 
227,5.675 ,0.00517536 ,0 
228,5.7 ,0.00500375 ,0 
229,5.725 ,0.00483274 ,0 
230,5.75 ,0.00466236 ,0 
231,5.775 ,0.00449262 ,0 
232,5.8 ,0.00432355 ,0 
233,5.825 ,0.00415516 ,0 
234,5.85 ,0.00398748 ,0 
235,5.875 ,0.00382053 ,0 
236,5.9 ,0.00365432 ,0 
237,5.925 ,0.00348888 ,0 
238,5.95 ,0.00332422 ,0 
239,5.975 ,0.00316037 ,0 
240,6 ,0.00299733 ,0 
241,6.025 ,0.00283513 ,0 
242,6.05 ,0.00267378 ,0 
243,6.075 ,0.00251331 ,0 
244,6.1 ,0.00235372 ,0 
245,6.125 ,0.00219503 ,0 
246,6.15 ,0.00203726 ,0 
247,6.175 ,0.00188043 ,0 
248,6.2 ,0.00172455 ,0 
249,6.225 ,0.00156962 ,0 
250,6.25 ,0.00141568 ,0 
251,6.275 ,0.00126272 ,0 
252,6.3 ,0.00111077 ,0 
253,6.325 ,0.000959839 ,0 
254,6.35 ,0.000809936 ,0 
255,6.375 ,0.000661076 ,0 
256,6.4 ,0.00051327 ,0 
257,6.425 ,0.00036653 ,0 
258,6.45 ,0.000220869 ,0 
259,6.475 ,7.62957e-05 ,0 
260,6.5 ,-6.71775e-05 ,0 
261,6.525 ,-0.00020954 ,0 
262,6.55 ,-0.000350783 ,0 
263,6.575 ,-0.000490895 ,0 
264,6.6 ,-0.000629867 ,0 
265,6.625 ,-0.00076769 ,0 
266,6.65 ,-0.000904355 ,0 
267,6.675 ,-0.00103985 ,0 
268,6.7 ,-0.00117418 ,0 
269,6.725 ,-0.00130731 ,0 
270,6.75 ,-0.00143926 ,0 
271,6.775 ,-0.00157001 ,0 
272,6.8 ,-0.00169955 ,0 
273,6.825 ,-0.00182788 ,0 
274,6.85 ,-0.00195499 ,0 
275,6.875 ,-0.00208087 ,0 
276,6.9 ,-0.00220552 ,0 
277,6.925 ,-0.00232894 ,0 
278,6.95 ,-0.0024511 ,0 
279,6.975 ,-0.00257202 ,0 
280,7 ,-0.00269168 ,0 
281,7.025 ,-0.00281008 ,0 
282,7.05 ,-0.00292722 ,0 
283,7.075 ,-0.00304308 ,0 
284,7.1 ,-0.00315768 ,0 
285,7.125 ,-0.00327099 ,0 
286,7.15 ,-0.00338303 ,0 
287,7.175 ,-0.00349377 ,0 
288,7.2 ,-0.00360323 ,0 
289,7.225 ,-0.0037114 ,0 
290,7.25 ,-0.00381827 ,0 
291,7.275 ,-0.00392385 ,0 
292,7.3 ,-0.00402813 ,0 
293,7.325 ,-0.0041311 ,0 
294,7.35 ,-0.00423277 ,0 
295,7.375 ,-0.00433314 ,0 
296,7.4 ,-0.00443219 ,0 
297,7.425 ,-0.00452994 ,0 
298,7.45 ,-0.00462638 ,0 
299,7.475 ,-0.0047215 ,0 
300,7.5 ,-0.00481532 ,0 
301,7.525 ,-0.00490782 ,0 
302,7.55 ,-0.004999 ,0 
303,7.575 ,-0.00508888 ,0 
304,7.6 ,-0.00517743 ,0 
305,7.625 ,-0.00526468 ,0 
306,7.65 ,-0.00535061 ,0 
307,7.675 ,-0.00543523 ,0 
308,7.7 ,-0.00551853 ,0 
309,7.725 ,-0.00560053 ,0 
310,7.75 ,-0.00568121 ,0 
311,7.775 ,-0.00576058 ,0 
312,7.8 ,-0.00583864 ,0 
313,7.825 ,-0.00591539 ,0 
314,7.85 ,-0.00599084 ,0 
315,7.875 ,-0.00606499 ,0 
316,7.9 ,-0.00613783 ,0 
317,7.925 ,-0.00620937 ,0 
318,7.95 ,-0.00627961 ,0 
319,7.975 ,-0.00634856 ,0 
320,8 ,-0.00641621 ,0 
321,8.025 ,-0.00648257 ,0 
322,8.05 ,-0.00654764 ,0 
323,8.075 ,-0.00661143 ,0 
324,8.1 ,-0.00667393 ,0 
325,8.125 ,-0.00673516 ,0 
326,8.15 ,-0.0067951 ,0 
327,8.175 ,-0.00685378 ,0 
328,8.2 ,-0.00691118 ,0 
329,8.225 ,-0.00696732 ,0 
330,8.25 ,-0.00702219 ,0 
331,8.275 ,-0.00707581 ,0 
332,8.3 ,-0.00712817 ,0 
333,8.325 ,-0.00717929 ,0 
334,8.35 ,-0.00722915 ,0 
335,8.375 ,-0.00727778 ,0 
336,8.4 ,-0.00732516 ,0 
337,8.425 ,-0.00737131 ,0 
338,8.45 ,-0.00741624 ,0 
339,8.475 ,-0.00745994 ,0 
340,8.5 ,-0.00750242 ,0 
341,8.525 ,-0.00754368 ,0 
342,8.55 ,-0.00758374 ,0 
343,8.575 ,-0.00762259 ,0 
344,8.6 ,-0.00766024 ,0 
345,8.625 ,-0.0076967 ,0 
346,8.65 ,-0.00773198 ,0 
347,8.675 ,-0.00776606 ,0 
348,8.7 ,-0.00779898 ,0 
349,8.725 ,-0.00783071 ,0 
350,8.75 ,-0.00786129 ,0 
351,8.775 ,-0.0078907 ,0 
352,8.8 ,-0.00791896 ,0 
353,8.825 ,-0.00794607 ,0 
354,8.85 ,-0.00797204 ,0 
355,8.875 ,-0.00799687 ,0 
356,8.9 ,-0.00802057 ,0 
357,8.925 ,-0.00804314 ,0 
358,8.95 ,-0.0080646 ,0 
359,8.975 ,-0.00808495 ,0 
360,9 ,-0.00810419 ,0 
361,9.025 ,-0.00812234 ,0 
362,9.05 ,-0.00813939 ,0 
363,9.075 ,-0.00815536 ,0 
364,9.1 ,-0.00817025 ,0 
365,9.125 ,-0.00818406 ,0 
366,9.15 ,-0.00819681 ,0 
367,9.175 ,-0.00820851 ,0 
368,9.2 ,-0.00821915 ,0 
369,9.225 ,-0.00822875 ,0 
370,9.25 ,-0.00823731 ,0 
371,9.275 ,-0.00824484 ,0 
372,9.3 ,-0.00825135 ,0 
373,9.325 ,-0.00825684 ,0 
374,9.35 ,-0.00826132 ,0 
375,9.375 ,-0.0082648 ,0 
376,9.4 ,-0.00826729 ,0 
377,9.425 ,-0.00826879 ,0 
378,9.45 ,-0.00826931 ,0 
379,9.475 ,-0.00826886 ,0 
380,9.5 ,-0.00826744 ,0 
381,9.525 ,-0.00826506 ,0 
382,9.55 ,-0.00826174 ,0 
383,9.575 ,-0.00825747 ,0 
384,9.6 ,-0.00825227 ,0 
385,9.625 ,-0.00824615 ,0 
386,9.65 ,-0.0082391 ,0 
387,9.675 ,-0.00823114 ,0 
388,9.7 ,-0.00822228 ,0 
389,9.725 ,-0.00821252 ,0 
390,9.75 ,-0.00820187 ,0 
391,9.775 ,-0.00819034 ,0 
392,9.8 ,-0.00817794 ,0 
393,9.825 ,-0.00816467 ,0 
394,9.85 ,-0.00815055 ,0 
395,9.875 ,-0.00813558 ,0 
396,9.9 ,-0.00811976 ,0 
397,9.925 ,-0.00810311 ,0 
398,9.95 ,-0.00808564 ,0 
399,9.975 ,-0.00806734 ,0 
400,10 ,-0.00804824 ,0 
401,10.025 ,-0.00802834 ,0 
402,10.05 ,-0.00800764 ,0 
403,10.075 ,-0.00798615 ,0 
404,10.1 ,-0.00796389 ,0 
405,10.125 ,-0.00794086 ,0 
406,10.15 ,-0.00791706 ,0 
407,10.175 ,-0.00789251 ,0 
408,10.2 ,-0.00786722 ,0 
409,10.225 ,-0.00784119 ,0 
410,10.25 ,-0.00781442 ,0 
411,10.275 ,-0.00778694 ,0 
412,10.3 ,-0.00775874 ,0 
413,10.325 ,-0.00772983 ,0 
414,10.35 ,-0.00770023 ,0 
415,10.375 ,-0.00766994 ,0 
416,10.4 ,-0.00763897 ,0 
417,10.425 ,-0.00760732 ,0 
418,10.45 ,-0.007575 ,0 
419,10.475 ,-0.00754203 ,0 
420,10.5 ,-0.00750841 ,0 
421,10.525 ,-0.00747415 ,0 
422,10.55 ,-0.00743925 ,0 
423,10.575 ,-0.00740373 ,0 
424,10.6 ,-0.00736759 ,0 
425,10.625 ,-0.00733084 ,0 
426,10.65 ,-0.00729349 ,0 
427,10.675 ,-0.00725555 ,0 
428,10.7 ,-0.00721702 ,0 
429,10.725 ,-0.00717791 ,0 
430,10.75 ,-0.00713824 ,0 
431,10.775 ,-0.007098 ,0 
432,10.8 ,-0.00705721 ,0 
433,10.825 ,-0.00701587 ,0 
434,10.85 ,-0.00697399 ,0 
435,10.875 ,-0.00693159 ,0 
436,10.9 ,-0.00688866 ,0 
437,10.925 ,-0.00684521 ,0 
438,10.95 ,-0.00680127 ,0 
439,10.975 ,-0.00675682 ,0 
440,11 ,-0.00671188 ,0 
441,11.025 ,-0.00666646 ,0 
442,11.05 ,-0.00662056 ,0 
443,11.075 ,-0.00657419 ,0 
444,11.1 ,-0.00652737 ,0 
445,11.125 ,-0.00648009 ,0 
446,11.15 ,-0.00643237 ,0 
447,11.175 ,-0.00638421 ,0 
448,11.2 ,-0.00633563 ,0 
449,11.225 ,-0.00628662 ,0 
450,11.25 ,-0.0062372 ,0 
451,11.275 ,-0.00618737 ,0 
452,11.3 ,-0.00613714 ,0 
453,11.325 ,-0.00608652 ,0 
454,11.35 ,-0.00603552 ,0 
455,11.375 ,-0.00598414 ,0 
456,11.4 ,-0.00593239 ,0 
457,11.425 ,-0.00588029 ,0 
458,11.45 ,-0.00582782 ,0 
459,11.475 ,-0.00577501 ,0 
460,11.5 ,-0.00572187 ,0 
461,11.525 ,-0.00566839 ,0 
462,11.55 ,-0.00561458 ,0 
463,11.575 ,-0.00556046 ,0 
464,11.6 ,-0.00550603 ,0 
465,11.625 ,-0.00545129 ,0 
466,11.65 ,-0.00539626 ,0 
467,11.675 ,-0.00534094 ,0 
468,11.7 ,-0.00528534 ,0 
469,11.725 ,-0.00522947 ,0 
470,11.75 ,-0.00517333 ,0 
471,11.775 ,-0.00511692 ,0 
472,11.8 ,-0.00506027 ,0 
473,11.825 ,-0.00500337 ,0 
474,11.85 ,-0.00494622 ,0 
475,11.875 ,-0.00488885 ,0 
476,11.9 ,-0.00483125 ,0 
477,11.925 ,-0.00477343 ,0 
478,11.95 ,-0.0047154 ,0 
479,11.975 ,-0.00465717 ,0 
480,12 ,-0.00459873 ,0 
481,12.025 ,-0.00454011 ,0 
482,12.05 ,-0.0044813 ,0 
483,12.075 ,-0.00442231 ,0 
484,12.1 ,-0.00436314 ,0 
485,12.125 ,-0.00430382 ,0 
486,12.15 ,-0.00424433 ,0 
487,12.175 ,-0.00418469 ,0 
488,12.2 ,-0.00412491 ,0 
489,12.225 ,-0.00406498 ,0 
490,12.25 ,-0.00400492 ,0 
491,12.275 ,-0.00394474 ,0 
492,12.3 ,-0.00388443 ,0 
493,12.325 ,-0.00382401 ,0 
494,12.35 ,-0.00376349 ,0 
495,12.375 ,-0.00370286 ,0 
496,12.4 ,-0.00364213 ,0 
497,12.425 ,-0.00358131 ,0 
498,12.45 ,-0.00352041 ,0 
499,12.475 ,-0.00345944 ,0 
500,12.5 ,-0.00339839 ,0 
501,12.525 ,-0.00333727 ,0 
502,12.55 ,-0.0032761 ,0 
503,12.575 ,-0.00321487 ,0 
504,12.6 ,-0.00315359 ,0 
505,12.625 ,-0.00309227 ,0 
506,12.65 ,-0.00303091 ,0 
507,12.675 ,-0.00296953 ,0 
508,12.7 ,-0.00290811 ,0 
509,12.725 ,-0.00284668 ,0 
510,12.75 ,-0.00278523 ,0 
511,12.775 ,-0.00272378 ,0 
512,12.8 ,-0.00266232 ,0 
513,12.825 ,-0.00260086 ,0 
514,12.85 ,-0.00253941 ,0 
515,12.875 ,-0.00247798 ,0 
516,12.9 ,-0.00241656 ,0 
517,12.925 ,-0.00235517 ,0 
518,12.95 ,-0.00229381 ,0 
519,12.975 ,-0.00223248 ,0 
520,13 ,-0.00217118 ,0 
521,13.025 ,-0.00210994 ,0 
522,13.05 ,-0.00204874 ,0 
523,13.075 ,-0.0019876 ,0 
524,13.1 ,-0.00192652 ,0 
525,13.125 ,-0.0018655 ,0 
526,13.15 ,-0.00180455 ,0 
527,13.175 ,-0.00174368 ,0 
528,13.2 ,-0.00168289 ,0 
529,13.225 ,-0.00162218 ,0 
530,13.25 ,-0.00156156 ,0 
531,13.275 ,-0.00150103 ,0 
532,13.3 ,-0.0014406 ,0 
533,13.325 ,-0.00138027 ,0 
534,13.35 ,-0.00132005 ,0 
535,13.375 ,-0.00125994 ,0 
536,13.4 ,-0.00119995 ,0 
537,13.425 ,-0.00114008 ,0 
538,13.45 ,-0.00108034 ,0 
539,13.475 ,-0.00102072 ,0 
540,13.5 ,-0.000961244 ,0 
541,13.525 ,-0.000901901 ,0 
542,13.55 ,-0.000842701 ,0 
543,13.575 ,-0.000783648 ,0 
544,13.6 ,-0.000724746 ,0 
545,13.625 ,-0.000665999 ,0 
546,13.65 ,-0.000607411 ,0 
547,13.675 ,-0.000548986 ,0 
548,13.7 ,-0.000490729 ,0 
549,13.725 ,-0.000432642 ,0 
550,13.75 ,-0.000374731 ,0 
551,13.775 ,-0.000316999 ,0 
552,13.8 ,-0.000259449 ,0 
553,13.825 ,-0.000202086 ,0 
554,13.85 ,-0.000144914 ,0 
555,13.875 ,-8.79349e-05 ,0 
556,13.9 ,-3.11539e-05 ,0 
557,13.925 ,2.54257e-05 ,0 
558,13.95 ,8.18005e-05 ,0 
559,13.975 ,0.000137967 ,0 
560,14 ,0.000193921 ,0 
561,14.025 ,0.00024966 ,0 
562,14.05 ,0.000305181 ,0 
563,14.075 ,0.000360479 ,0 
564,14.1 ,0.000415551 ,0 
565,14.125 ,0.000470395 ,0 
566,14.15 ,0.000525007 ,0 
567,14.175 ,0.000579383 ,0 
568,14.2 ,0.000633521 ,0 
569,14.225 ,0.000687417 ,0 
570,14.25 ,0.000741069 ,0 
571,14.275 ,0.000794473 ,0 
572,14.3 ,0.000847626 ,0 
573,14.325 ,0.000900526 ,0 
574,14.35 ,0.000953169 ,0 
575,14.375 ,0.00100555 ,0 
576,14.4 ,0.00105767 ,0 
577,14.425 ,0.00110953 ,0 
578,14.45 ,0.00116112 ,0 
579,14.475 ,0.00121243 ,0 
580,14.5 ,0.00126348 ,0 
581,14.525 ,0.00131425 ,0 
582,14.55 ,0.00136474 ,0 
583,14.575 ,0.00141494 ,0 
584,14.6 ,0.00146487 ,0 
585,14.625 ,0.00151451 ,0 
586,14.65 ,0.00156386 ,0 
587,14.675 ,0.00161291 ,0 
588,14.7 ,0.00166168 ,0 
589,14.725 ,0.00171015 ,0 
590,14.75 ,0.00175832 ,0 
591,14.775 ,0.00180619 ,0 
592,14.8 ,0.00185376 ,0 
593,14.825 ,0.00190102 ,0 
594,14.85 ,0.00194798 ,0 
595,14.875 ,0.00199462 ,0 
596,14.9 ,0.00204096 ,0 
597,14.925 ,0.00208698 ,0 
598,14.95 ,0.00213269 ,0 
599,14.975 ,0.00217808 ,0 
600,15 ,0.00222315 ,0 
601,15.025 ,0.0022679 ,0 
602,15.05 ,0.00231233 ,0 
603,15.075 ,0.00235643 ,0 
604,15.1 ,0.00240021 ,0 
605,15.125 ,0.00244365 ,0 
606,15.15 ,0.00248677 ,0 
607,15.175 ,0.00252956 ,0 
608,15.2 ,0.00257201 ,0 
609,15.225 ,0.00261413 ,0 
610,15.25 ,0.00265591 ,0 
611,15.275 ,0.00269736 ,0 
612,15.3 ,0.00273846 ,0 
613,15.325 ,0.00277923 ,0 
614,15.35 ,0.00281965 ,0 
615,15.375 ,0.00285973 ,0 
616,15.4 ,0.00289946 ,0 
617,15.425 ,0.00293884 ,0 
618,15.45 ,0.00297788 ,0 
619,15.475 ,0.00301657 ,0 
620,15.5 ,0.00305491 ,0 
621,15.525 ,0.0030929 ,0 
622,15.55 ,0.00313054 ,0 
623,15.575 ,0.00316782 ,0 
624,15.6 ,0.00320475 ,0 
625,15.625 ,0.00324132 ,0 
626,15.65 ,0.00327753 ,0 
627,15.675 ,0.00331339 ,0 
628,15.7 ,0.00334889 ,0 
629,15.725 ,0.00338403 ,0 
630,15.75 ,0.00341881 ,0 
631,15.775 ,0.00345322 ,0 
632,15.8 ,0.00348728 ,0 
633,15.825 ,0.00352097 ,0 
634,15.85 ,0.0035543 ,0 
635,15.875 ,0.00358726 ,0 
636,15.9 ,0.00361986 ,0 
637,15.925 ,0.00365209 ,0 
638,15.95 ,0.00368396 ,0 
639,15.975 ,0.00371546 ,0 
640,16 ,0.00374659 ,0 
641,16.025 ,0.00377735 ,0 
642,16.05 ,0.00380774 ,0 
643,16.075 ,0.00383776 ,0 
644,16.1 ,0.00386742 ,0 
645,16.125 ,0.0038967 ,0 
646,16.15 ,0.00392561 ,0 
647,16.175 ,0.00395416 ,0 
648,16.2 ,0.00398233 ,0 
649,16.225 ,0.00401012 ,0 
650,16.25 ,0.00403755 ,0 
651,16.275 ,0.0040646 ,0 
652,16.3 ,0.00409129 ,0 
653,16.325 ,0.0041176 ,0 
654,16.35 ,0.00414353 ,0 
655,16.375 ,0.00416909 ,0 
656,16.4 ,0.00419428 ,0 
657,16.425 ,0.0042191 ,0 
658,16.45 ,0.00424354 ,0 
659,16.475 ,0.00426761 ,0 
660,16.5 ,0.00429131 ,0 
661,16.525 ,0.00431463 ,0 
662,16.55 ,0.00433758 ,0 
663,16.575 ,0.00436015 ,0 
664,16.6 ,0.00438236 ,0 
665,16.625 ,0.00440418 ,0 
666,16.65 ,0.00442564 ,0 
667,16.675 ,0.00444672 ,0 
668,16.7 ,0.00446743 ,0 
669,16.725 ,0.00448777 ,0 
670,16.75 ,0.00450774 ,0 
671,16.775 ,0.00452733 ,0 
672,16.8 ,0.00454655 ,0 
673,16.825 ,0.0045654 ,0 
674,16.85 ,0.00458388 ,0 
675,16.875 ,0.00460199 ,0 
676,16.9 ,0.00461972 ,0 
677,16.925 ,0.00463709 ,0 
678,16.95 ,0.00465409 ,0 
679,16.975 ,0.00467072 ,0 
680,17 ,0.00468698 ,0 
681,17.025 ,0.00470287 ,0 
682,17.05 ,0.0047184 ,0 
683,17.075 ,0.00473355 ,0 
684,17.1 ,0.00474834 ,0 
685,17.125 ,0.00476277 ,0 
686,17.15 ,0.00477683 ,0 
687,17.175 ,0.00479052 ,0 
688,17.2 ,0.00480385 ,0 
689,17.225 ,0.00481682 ,0 
690,17.25 ,0.00482942 ,0 
691,17.275 ,0.00484166 ,0 
692,17.3 ,0.00485354 ,0 
693,17.325 ,0.00486506 ,0 
694,17.35 ,0.00487622 ,0 
695,17.375 ,0.00488702 ,0 
696,17.4 ,0.00489746 ,0 
697,17.425 ,0.00490755 ,0 
698,17.45 ,0.00491728 ,0 
699,17.475 ,0.00492665 ,0 
700,17.5 ,0.00493566 ,0 
701,17.525 ,0.00494433 ,0 
702,17.55 ,0.00495264 ,0 
703,17.575 ,0.0049606 ,0 
704,17.6 ,0.0049682 ,0 
705,17.625 ,0.00497546 ,0 
706,17.65 ,0.00498237 ,0 
707,17.675 ,0.00498892 ,0 
708,17.7 ,0.00499514 ,0 
709,17.725 ,0.005001 ,0 
710,17.75 ,0.00500652 ,0 
711,17.775 ,0.0050117 ,0 
712,17.8 ,0.00501653 ,0 
713,17.825 ,0.00502102 ,0 
714,17.85 ,0.00502517 ,0 
715,17.875 ,0.00502898 ,0 
716,17.9 ,0.00503245 ,0 
717,17.925 ,0.00503559 ,0 
718,17.95 ,0.00503839 ,0 
719,17.975 ,0.00504085 ,0 
720,18 ,0.00504298 ,0 
721,18.025 ,0.00504478 ,0 
722,18.05 ,0.00504624 ,0 
723,18.075 ,0.00504738 ,0 
724,18.1 ,0.00504819 ,0 
725,18.125 ,0.00504867 ,0 
726,18.15 ,0.00504882 ,0 
727,18.175 ,0.00504865 ,0 
728,18.2 ,0.00504815 ,0 
729,18.225 ,0.00504734 ,0 
730,18.25 ,0.0050462 ,0 
731,18.275 ,0.00504474 ,0 
732,18.3 ,0.00504297 ,0 
733,18.325 ,0.00504088 ,0 
734,18.35 ,0.00503847 ,0 
735,18.375 ,0.00503575 ,0 
736,18.4 ,0.00503272 ,0 
737,18.425 ,0.00502937 ,0 
738,18.45 ,0.00502572 ,0 
739,18.475 ,0.00502176 ,0 
740,18.5 ,0.00501749 ,0 
741,18.525 ,0.00501291 ,0 
742,18.55 ,0.00500804 ,0 
743,18.575 ,0.00500286 ,0 
744,18.6 ,0.00499738 ,0 
745,18.625 ,0.0049916 ,0 
746,18.65 ,0.00498552 ,0 
747,18.675 ,0.00497915 ,0 
748,18.7 ,0.00497249 ,0 
749,18.725 ,0.00496553 ,0 
750,18.75 ,0.00495828 ,0 
751,18.775 ,0.00495074 ,0 
752,18.8 ,0.00494291 ,0 
753,18.825 ,0.0049348 ,0 
754,18.85 ,0.0049264 ,0 
755,18.875 ,0.00491772 ,0 
756,18.9 ,0.00490875 ,0 
757,18.925 ,0.00489951 ,0 
758,18.95 ,0.00488999 ,0 
759,18.975 ,0.00488019 ,0 
760,19 ,0.00487012 ,0 
761,19.025 ,0.00485977 ,0 
762,19.05 ,0.00484916 ,0 
763,19.075 ,0.00483827 ,0 
764,19.1 ,0.00482712 ,0 
765,19.125 ,0.00481569 ,0 
766,19.15 ,0.00480401 ,0 
767,19.175 ,0.00479206 ,0 
768,19.2 ,0.00477985 ,0 
769,19.225 ,0.00476738 ,0 
770,19.25 ,0.00475466 ,0 
771,19.275 ,0.00474167 ,0 
772,19.3 ,0.00472844 ,0 
773,19.325 ,0.00471495 ,0 
774,19.35 ,0.00470121 ,0 
775,19.375 ,0.00468722 ,0 
776,19.4 ,0.00467299 ,0 
777,19.425 ,0.00465851 ,0 
778,19.45 ,0.00464379 ,0 
779,19.475 ,0.00462882 ,0 
780,19.5 ,0.00461362 ,0 
781,19.525 ,0.00459817 ,0 
782,19.55 ,0.0045825 ,0 
783,19.575 ,0.00456658 ,0 
784,19.6 ,0.00455044 ,0 
785,19.625 ,0.00453406 ,0 
786,19.65 ,0.00451746 ,0 
787,19.675 ,0.00450063 ,0 
788,19.7 ,0.00448357 ,0 
789,19.725 ,0.00446629 ,0 
790,19.75 ,0.00444879 ,0 
791,19.775 ,0.00443107 ,0 
792,19.8 ,0.00441313 ,0 
793,19.825 ,0.00439498 ,0 
794,19.85 ,0.00437661 ,0 
795,19.875 ,0.00435803 ,0 
796,19.9 ,0.00433924 ,0 
797,19.925 ,0.00432024 ,0 
798,19.95 ,0.00430104 ,0 
799,19.975 ,0.00428163 ,0 
800,20 ,0.00426202 ,0 
801,20.025 ,0.00424221 ,0 
802,20.05 ,0.0042222 ,0 
803,20.075 ,0.00420199 ,0 
804,20.1 ,0.00418159 ,0 
805,20.125 ,0.00416099 ,0 
806,20.15 ,0.00414021 ,0 
807,20.175 ,0.00411923 ,0 
808,20.2 ,0.00409807 ,0 
809,20.225 ,0.00407672 ,0 
810,20.25 ,0.00405519 ,0 
811,20.275 ,0.00403347 ,0 
812,20.3 ,0.00401158 ,0 
813,20.325 ,0.00398951 ,0 
814,20.35 ,0.00396726 ,0 
815,20.375 ,0.00394484 ,0 
816,20.4 ,0.00392225 ,0 
817,20.425 ,0.00389949 ,0 
818,20.45 ,0.00387655 ,0 
819,20.475 ,0.00385346 ,0 
820,20.5 ,0.0038302 ,0 
821,20.525 ,0.00380677 ,0 
822,20.55 ,0.00378319 ,0 
823,20.575 ,0.00375944 ,0 
824,20.6 ,0.00373554 ,0 
825,20.625 ,0.00371149 ,0 
826,20.65 ,0.00368728 ,0 
827,20.675 ,0.00366292 ,0 
828,20.7 ,0.00363842 ,0 
829,20.725 ,0.00361376 ,0 
830,20.75 ,0.00358896 ,0 
831,20.775 ,0.00356402 ,0 
832,20.8 ,0.00353894 ,0 
833,20.825 ,0.00351371 ,0 
834,20.85 ,0.00348835 ,0 
835,20.875 ,0.00346285 ,0 
836,20.9 ,0.00343722 ,0 
837,20.925 ,0.00341146 ,0 
838,20.95 ,0.00338557 ,0 
839,20.975 ,0.00335955 ,0 
840,21 ,0.00333341 ,0 
841,21.025 ,0.00330714 ,0 
842,21.05 ,0.00328074 ,0 
843,21.075 ,0.00325423 ,0 
844,21.1 ,0.0032276 ,0 
845,21.125 ,0.00320085 ,0 
846,21.15 ,0.00317399 ,0 
847,21.175 ,0.00314702 ,0 
848,21.2 ,0.00311993 ,0 
849,21.225 ,0.00309274 ,0 
850,21.25 ,0.00306544 ,0 
851,21.275 ,0.00303803 ,0 
852,21.3 ,0.00301052 ,0 
853,21.325 ,0.00298291 ,0 
854,21.35 ,0.0029552 ,0 
855,21.375 ,0.00292739 ,0 
856,21.4 ,0.00289948 ,0 
857,21.425 ,0.00287148 ,0 
858,21.45 ,0.00284339 ,0 
859,21.475 ,0.00281521 ,0 
860,21.5 ,0.00278694 ,0 
861,21.525 ,0.00275858 ,0 
862,21.55 ,0.00273014 ,0 
863,21.575 ,0.00270162 ,0 
864,21.6 ,0.00267301 ,0 
865,21.625 ,0.00264433 ,0 
866,21.65 ,0.00261557 ,0 
867,21.675 ,0.00258673 ,0 
868,21.7 ,0.00255782 ,0 
869,21.725 ,0.00252883 ,0 
870,21.75 ,0.00249978 ,0 
871,21.775 ,0.00247066 ,0 
872,21.8 ,0.00244147 ,0 
873,21.825 ,0.00241222 ,0 
874,21.85 ,0.0023829 ,0 
875,21.875 ,0.00235352 ,0 
876,21.9 ,0.00232409 ,0 
877,21.925 ,0.00229459 ,0 
878,21.95 ,0.00226504 ,0 
879,21.975 ,0.00223544 ,0 
880,22 ,0.00220578 ,0 
881,22.025 ,0.00217608 ,0 
882,22.05 ,0.00214632 ,0 
883,22.075 ,0.00211652 ,0 
884,22.1 ,0.00208667 ,0 
885,22.125 ,0.00205678 ,0 
886,22.15 ,0.00202684 ,0 
887,22.175 ,0.00199687 ,0 
888,22.2 ,0.00196686 ,0 
889,22.225 ,0.00193681 ,0 
890,22.25 ,0.00190672 ,0 
891,22.275 ,0.00187661 ,0 
892,22.3 ,0.00184646 ,0 
893,22.325 ,0.00181628 ,0 
894,22.35 ,0.00178607 ,0 
895,22.375 ,0.00175584 ,0 
896,22.4 ,0.00172558 ,0 
897,22.425 ,0.0016953 ,0 
898,22.45 ,0.001665 ,0 
899,22.475 ,0.00163467 ,0 
900,22.5 ,0.00160433 ,0 
901,22.525 ,0.00157398 ,0 
902,22.55 ,0.0015436 ,0 
903,22.575 ,0.00151322 ,0 
904,22.6 ,0.00148282 ,0 
905,22.625 ,0.00145241 ,0 
906,22.65 ,0.001422 ,0 
907,22.675 ,0.00139158 ,0 
908,22.7 ,0.00136115 ,0 
909,22.725 ,0.00133072 ,0 
910,22.75 ,0.00130028 ,0 
911,22.775 ,0.00126985 ,0 
912,22.8 ,0.00123942 ,0 
913,22.825 ,0.00120899 ,0 
914,22.85 ,0.00117856 ,0 
915,22.875 ,0.00114814 ,0 
916,22.9 ,0.00111773 ,0 
917,22.925 ,0.00108732 ,0 
918,22.95 ,0.00105693 ,0 
919,22.975 ,0.00102655 ,0 
920,23 ,0.000996182 ,0 
921,23.025 ,0.000965829 ,0 
922,23.05 ,0.000935492 ,0 
923,23.075 ,0.000905173 ,0 
924,23.1 ,0.000874874 ,0 
925,23.125 ,0.000844596 ,0 
926,23.15 ,0.00081434 ,0 
927,23.175 ,0.000784107 ,0 
928,23.2 ,0.0007539 ,0 
929,23.225 ,0.00072372 ,0 
930,23.25 ,0.000693568 ,0 
931,23.275 ,0.000663446 ,0 
932,23.3 ,0.000633355 ,0 
933,23.325 ,0.000603296 ,0 
934,23.35 ,0.000573271 ,0 
935,23.375 ,0.000543282 ,0 
936,23.4 ,0.000513329 ,0 
937,23.425 ,0.000483414 ,0 
938,23.45 ,0.000453539 ,0 
939,23.475 ,0.000423704 ,0 
940,23.5 ,0.000393912 ,0 
941,23.525 ,0.000364164 ,0 
942,23.55 ,0.00033446 ,0 
943,23.575 ,0.000304802 ,0 
944,23.6 ,0.000275192 ,0 
945,23.625 ,0.000245631 ,0 
946,23.65 ,0.000216121 ,0 
947,23.675 ,0.000186662 ,0 
948,23.7 ,0.000157255 ,0 
949,23.725 ,0.000127903 ,0 
950,23.75 ,9.86063e-05 ,0 
951,23.775 ,6.93663e-05 ,0 
952,23.8 ,4.01843e-05 ,0 
953,23.825 ,1.10616e-05 ,0 
954,23.85 ,-1.80007e-05 ,0 
955,23.875 ,-4.70012e-05 ,0 
956,23.9 ,-7.59387e-05 ,0 
957,23.925 ,-0.000104812 ,0 
958,23.95 ,-0.00013362 ,0 
959,23.975 ,-0.000162361 ,0 
960,24 ,-0.000191034 ,0 
961,24.025 ,-0.000219639 ,0 
962,24.05 ,-0.000248173 ,0 
963,24.075 ,-0.000276635 ,0 
964,24.1 ,-0.000305025 ,0 
965,24.125 ,-0.000333341 ,0 
966,24.15 ,-0.000361583 ,0 
967,24.175 ,-0.000389748 ,0 
968,24.2 ,-0.000417836 ,0 
969,24.225 ,-0.000445846 ,0 
970,24.25 ,-0.000473776 ,0 
971,24.275 ,-0.000501626 ,0 
972,24.3 ,-0.000529394 ,0 
973,24.325 ,-0.000557079 ,0 
974,24.35 ,-0.00058468 ,0 
975,24.375 ,-0.000612197 ,0 
976,24.4 ,-0.000639627 ,0 
977,24.425 ,-0.00066697 ,0 
978,24.45 ,-0.000694226 ,0 
979,24.475 ,-0.000721392 ,0 
980,24.5 ,-0.000748467 ,0 
981,24.525 ,-0.000775452 ,0 
982,24.55 ,-0.000802344 ,0 
983,24.575 ,-0.000829143 ,0 
984,24.6 ,-0.000855848 ,0 
985,24.625 ,-0.000882457 ,0 
986,24.65 ,-0.000908971 ,0 
987,24.675 ,-0.000935387 ,0 
988,24.7 ,-0.000961704 ,0 
989,24.725 ,-0.000987923 ,0 
990,24.75 ,-0.00101404 ,0 
991,24.775 ,-0.00104006 ,0 
992,24.8 ,-0.00106597 ,0 
993,24.825 ,-0.00109179 ,0 
994,24.85 ,-0.0011175 ,0 
995,24.875 ,-0.0011431 ,0 
996,24.9 ,-0.0011686 ,0 
997,24.925 ,-0.00119399 ,0 
998,24.95 ,-0.00121927 ,0 
999,24.975 ,-0.00124445 ,0 
1000,25 ,-0.00126952 ,0 