N_e = 20
1,0.025 ,2.39081e-05 ,0 
2,0.05 ,2.39081e-05 ,0 
3,0.075 ,5.06127e-05 ,0 
4,0.1 ,8.93047e-05 ,0 
5,0.125 ,0.000139256 ,0 
6,0.15 ,0.000200309 ,0 
7,0.175 ,0.000272386 ,0 
8,0.2 ,0.000355423 ,0 
9,0.225 ,0.000449357 ,0 
10,0.25 ,0.000554115 ,0 
11,0.275 ,0.000669623 ,0 
12,0.3 ,0.000795794 ,0 
13,0.325 ,0.000932538 ,0 
14,0.35 ,0.00107975 ,0 
15,0.375 ,0.00123734 ,0 
16,0.4 ,0.00140517 ,0 
17,0.425 ,0.00158314 ,0 
18,0.45 ,0.00177111 ,0 
19,0.475 ,0.00196894 ,0 
20,0.5 ,0.0021765 ,0 
21,0.525 ,0.00239362 ,0 
22,0.55 ,0.00262016 ,0 
23,0.575 ,0.00285596 ,0 
24,0.6 ,0.00310083 ,0 
25,0.625 ,0.00335461 ,0 
26,0.65 ,0.0036171 ,0 
27,0.675 ,0.00388813 ,0 
28,0.7 ,0.00416748 ,0 
29,0.725 ,0.00445498 ,0 
30,0.75 ,0.00475039 ,0 
31,0.775 ,0.00505352 ,0 
32,0.8 ,0.00536413 ,0 
33,0.825 ,0.00568202 ,0 
34,0.85 ,0.00600694 ,0 
35,0.875 ,0.00633866 ,0 
36,0.9 ,0.00667695 ,0 
37,0.925 ,0.00702156 ,0 
38,0.95 ,0.00737224 ,0 
39,0.975 ,0.00772874 ,0 
40,1 ,0.0080908 ,0 
41,1.025 ,0.00845816 ,0 
42,1.05 ,0.00883055 ,0 
43,1.075 ,0.00920771 ,0 
44,1.1 ,0.00958937 ,0 
45,1.125 ,0.00997525 ,0 
46,1.15 ,0.0103651 ,0 
47,1.175 ,0.0107586 ,0 
48,1.2 ,0.0111554 ,0 
49,1.225 ,0.0115554 ,0 
50,1.25 ,0.0119582 ,0 
51,1.275 ,0.0123634 ,0 
52,1.3 ,0.0127709 ,0 
53,1.325 ,0.0131804 ,0 
54,1.35 ,0.0135915 ,0 
55,1.375 ,0.0140039 ,0 
56,1.4 ,0.0144174 ,0 
57,1.425 ,0.0148316 ,0 
58,1.45 ,0.0152463 ,0 
59,1.475 ,0.0156611 ,0 
60,1.5 ,0.0160758 ,0 
61,1.525 ,0.0164901 ,0 
62,1.55 ,0.0169036 ,0 
63,1.575 ,0.0173161 ,0 
64,1.6 ,0.0177273 ,0 
65,1.625 ,0.0181369 ,0 
66,1.65 ,0.0185445 ,0 
67,1.675 ,0.01895 ,0 
68,1.7 ,0.0193529 ,0 
69,1.725 ,0.0197531 ,0 
70,1.75 ,0.0201502 ,0 
71,1.775 ,0.0205439 ,0 
72,1.8 ,0.020934 ,0 
73,1.825 ,0.0213202 ,0 
74,1.85 ,0.0217022 ,0 
75,1.875 ,0.0220798 ,0 
76,1.9 ,0.0224526 ,0 
77,1.925 ,0.0228204 ,0 
78,1.95 ,0.023183 ,0 
79,1.975 ,0.02354 ,0 
80,2 ,0.0238913 ,0 
81,2.025 ,0.0242365 ,0 
82,2.05 ,0.0245755 ,0 
83,2.075 ,0.024908 ,0 
84,2.1 ,0.0252337 ,0 
85,2.125 ,0.0255524 ,0 
86,2.15 ,0.0258639 ,0 
87,2.175 ,0.0261679 ,0 
88,2.2 ,0.0264643 ,0 
89,2.225 ,0.0267529 ,0 
90,2.25 ,0.0270333 ,0 
91,2.275 ,0.0273055 ,0 
92,2.3 ,0.0275692 ,0 
93,2.325 ,0.0278242 ,0 
94,2.35 ,0.0280704 ,0 
95,2.375 ,0.0283076 ,0 
96,2.4 ,0.0285355 ,0 
97,2.425 ,0.0287541 ,0 
98,2.45 ,0.0289632 ,0 
99,2.475 ,0.0291626 ,0 
100,2.5 ,0.0293522 ,0 
101,2.525 ,0.0295318 ,0 
102,2.55 ,0.0297013 ,0 
103,2.575 ,0.0298606 ,0 
104,2.6 ,0.0300095 ,0 
105,2.625 ,0.030148 ,0 
106,2.65 ,0.0302759 ,0 
107,2.675 ,0.0303932 ,0 
108,2.7 ,0.0304997 ,0 
109,2.725 ,0.0305954 ,0 
110,2.75 ,0.0306801 ,0 
111,2.775 ,0.0307539 ,0 
112,2.8 ,0.0308166 ,0 
113,2.825 ,0.0308682 ,0 
114,2.85 ,0.0309087 ,0 
115,2.875 ,0.030938 ,0 
116,2.9 ,0.030956 ,0 
117,2.925 ,0.0309628 ,0 
118,2.95 ,0.0309583 ,0 
119,2.975 ,0.0309426 ,0 
120,3 ,0.0309155 ,0 
121,3.025 ,0.0308772 ,0 
122,3.05 ,0.0308275 ,0 
123,3.075 ,0.0307666 ,0 
124,3.1 ,0.0306945 ,0 
125,3.125 ,0.0306111 ,0 
126,3.15 ,0.0305166 ,0 
127,3.175 ,0.0304109 ,0 
128,3.2 ,0.0302942 ,0 
129,3.225 ,0.0301664 ,0 
130,3.25 ,0.0300277 ,0 
131,3.275 ,0.0298781 ,0 
132,3.3 ,0.0297176 ,0 
133,3.325 ,0.0295465 ,0 
134,3.35 ,0.0293647 ,0 
135,3.375 ,0.0291724 ,0 
136,3.4 ,0.0289696 ,0 
137,3.425 ,0.0287565 ,0 
138,3.45 ,0.0285332 ,0 
139,3.475 ,0.0282999 ,0 
140,3.5 ,0.0280565 ,0 
141,3.525 ,0.0278034 ,0 
142,3.55 ,0.0275405 ,0 
143,3.575 ,0.0272681 ,0 
144,3.6 ,0.0269863 ,0 
145,3.625 ,0.0266953 ,0 
146,3.65 ,0.0263952 ,0 
147,3.675 ,0.0260861 ,0 
148,3.7 ,0.0257684 ,0 
149,3.725 ,0.025442 ,0 
150,3.75 ,0.0251073 ,0 
151,3.775 ,0.0247644 ,0 
152,3.8 ,0.0244134 ,0 
153,3.825 ,0.0240546 ,0 
154,3.85 ,0.0236882 ,0 
155,3.875 ,0.0233144 ,0 
156,3.9 ,0.0229333 ,0 
157,3.925 ,0.0225452 ,0 
158,3.95 ,0.0221504 ,0 
159,3.975 ,0.0217489 ,0 
160,4 ,0.021341 ,0 
161,4.025 ,0.020927 ,0 
162,4.05 ,0.0205071 ,0 
163,4.075 ,0.0200814 ,0 
164,4.1 ,0.0196503 ,0 
165,4.125 ,0.0192139 ,0 
166,4.15 ,0.0187725 ,0 
167,4.175 ,0.0183264 ,0 
168,4.2 ,0.0178757 ,0 
169,4.225 ,0.0174206 ,0 
170,4.25 ,0.0169616 ,0 
171,4.275 ,0.0164987 ,0 
172,4.3 ,0.0160322 ,0 
173,4.325 ,0.0155623 ,0 
174,4.35 ,0.0150894 ,0 
175,4.375 ,0.0146136 ,0 
176,4.4 ,0.0141353 ,0 
177,4.425 ,0.0136545 ,0 
178,4.45 ,0.0131717 ,0 
179,4.475 ,0.0126869 ,0 
180,4.5 ,0.0122006 ,0 
181,4.525 ,0.0117129 ,0 
182,4.55 ,0.011224 ,0 
183,4.575 ,0.0107343 ,0 
184,4.6 ,0.0102439 ,0 
185,4.625 ,0.00975312 ,0 
186,4.65 ,0.00926217 ,0 
187,4.675 ,0.00877131 ,0 
188,4.7 ,0.00828077 ,0 
189,4.725 ,0.00779079 ,0 
190,4.75 ,0.0073016 ,0 
191,4.775 ,0.00681344 ,0 
192,4.8 ,0.00632654 ,0 
193,4.825 ,0.00584114 ,0 
194,4.85 ,0.00535746 ,0 
195,4.875 ,0.00487572 ,0 
196,4.9 ,0.00439616 ,0 
197,4.925 ,0.00391899 ,0 
198,4.95 ,0.00344443 ,0 
199,4.975 ,0.0029727 ,0 
200,5 ,0.00250401 ,0 
201,5.025 ,0.00203857 ,0 
202,5.05 ,0.00157659 ,0 
203,5.075 ,0.00111827 ,0 
204,5.1 ,0.000663809 ,0 
205,5.125 ,0.000213409 ,0 
206,5.15 ,-0.00023274 ,0 
207,5.175 ,-0.000674446 ,0 
208,5.2 ,-0.00111152 ,0 
209,5.225 ,-0.00154379 ,0 
210,5.25 ,-0.00197107 ,0 
211,5.275 ,-0.00239318 ,0 
212,5.3 ,-0.00280996 ,0 
213,5.325 ,-0.00322124 ,0 
214,5.35 ,-0.00362685 ,0 
215,5.375 ,-0.00402664 ,0 
216,5.4 ,-0.00442046 ,0 
217,5.425 ,-0.00480815 ,0 
218,5.45 ,-0.00518958 ,0 
219,5.475 ,-0.00556459 ,0 
220,5.5 ,-0.00593305 ,0 
221,5.525 ,-0.00629484 ,0 
222,5.55 ,-0.00664982 ,0 
223,5.575 ,-0.00699787 ,0 
224,5.6 ,-0.00733888 ,0 
225,5.625 ,-0.00767273 ,0 
226,5.65 ,-0.00799931 ,0 
227,5.675 ,-0.00831853 ,0 
228,5.7 ,-0.00863028 ,0 
229,5.725 ,-0.00893446 ,0 
230,5.75 ,-0.009231 ,0 
231,5.775 ,-0.0095198 ,0 
232,5.8 ,-0.00980078 ,0 
233,5.825 ,-0.0100739 ,0 
234,5.85 ,-0.010339 ,0 
235,5.875 ,-0.0105961 ,0 
236,5.9 ,-0.0108452 ,0 
237,5.925 ,-0.0110861 ,0 
238,5.95 ,-0.0113188 ,0 
239,5.975 ,-0.0115433 ,0 
240,6 ,-0.0117595 ,0 
241,6.025 ,-0.0119674 ,0 
242,6.05 ,-0.0121669 ,0 
243,6.075 ,-0.0123581 ,0 
244,6.1 ,-0.0125409 ,0 
245,6.125 ,-0.0127153 ,0 
246,6.15 ,-0.0128813 ,0 
247,6.175 ,-0.0130388 ,0 
248,6.2 ,-0.0131879 ,0 
249,6.225 ,-0.0133286 ,0 
250,6.25 ,-0.0134609 ,0 
251,6.275 ,-0.0135848 ,0 
252,6.3 ,-0.0137002 ,0 
253,6.325 ,-0.0138073 ,0 
254,6.35 ,-0.0139061 ,0 
255,6.375 ,-0.0139965 ,0 
256,6.4 ,-0.0140786 ,0 
257,6.425 ,-0.0141524 ,0 
258,6.45 ,-0.0142181 ,0 
259,6.475 ,-0.0142755 ,0 
260,6.5 ,-0.0143248 ,0 
261,6.525 ,-0.0143661 ,0 
262,6.55 ,-0.0143993 ,0 
263,6.575 ,-0.0144246 ,0 
264,6.6 ,-0.0144419 ,0 
265,6.625 ,-0.0144515 ,0 
266,6.65 ,-0.0144532 ,0 
267,6.675 ,-0.0144473 ,0 
268,6.7 ,-0.0144337 ,0 
269,6.725 ,-0.0144126 ,0 
270,6.75 ,-0.0143841 ,0 
271,6.775 ,-0.0143482 ,0 
272,6.8 ,-0.014305 ,0 
273,6.825 ,-0.0142546 ,0 
274,6.85 ,-0.0141971 ,0 
275,6.875 ,-0.0141326 ,0 
276,6.9 ,-0.0140612 ,0 
277,6.925 ,-0.0139831 ,0 
278,6.95 ,-0.0138982 ,0 
279,6.975 ,-0.0138067 ,0 
280,7 ,-0.0137088 ,0 
281,7.025 ,-0.0136045 ,0 
282,7.05 ,-0.0134939 ,0 
283,7.075 ,-0.0133772 ,0 
284,7.1 ,-0.0132545 ,0 
285,7.125 ,-0.0131259 ,0 
286,7.15 ,-0.0129915 ,0 
287,7.175 ,-0.0128515 ,0 
288,7.2 ,-0.0127059 ,0 
289,7.225 ,-0.0125549 ,0 
290,7.25 ,-0.0123986 ,0 
291,7.275 ,-0.0122372 ,0 
292,7.3 ,-0.0120707 ,0 
293,7.325 ,-0.0118994 ,0 
294,7.35 ,-0.0117233 ,0 
295,7.375 ,-0.0115426 ,0 
296,7.4 ,-0.0113574 ,0 
297,7.425 ,-0.0111678 ,0 
298,7.45 ,-0.010974 ,0 
299,7.475 ,-0.0107761 ,0 
300,7.5 ,-0.0105742 ,0 
301,7.525 ,-0.0103685 ,0 
302,7.55 ,-0.0101592 ,0 
303,7.575 ,-0.00994628 ,0 
304,7.6 ,-0.00972997 ,0 
305,7.625 ,-0.00951039 ,0 
306,7.65 ,-0.00928767 ,0 
307,7.675 ,-0.00906196 ,0 
308,7.7 ,-0.00883339 ,0 
309,7.725 ,-0.00860209 ,0 
310,7.75 ,-0.00836821 ,0 
311,7.775 ,-0.00813188 ,0 
312,7.8 ,-0.00789323 ,0 
313,7.825 ,-0.00765239 ,0 
314,7.85 ,-0.00740952 ,0 
315,7.875 ,-0.00716472 ,0 
316,7.9 ,-0.00691815 ,0 
317,7.925 ,-0.00666993 ,0 
318,7.95 ,-0.0064202 ,0 
319,7.975 ,-0.00616908 ,0 
320,8 ,-0.0059167 ,0 
321,8.025 ,-0.0056632 ,0 
322,8.05 ,-0.0054087 ,0 
323,8.075 ,-0.00515332 ,0 
324,8.1 ,-0.00489719 ,0 
325,8.125 ,-0.00464044 ,0 
326,8.15 ,-0.00438318 ,0 
327,8.175 ,-0.00412554 ,0 
328,8.2 ,-0.00386764 ,0 
329,8.225 ,-0.0036096 ,0 
330,8.25 ,-0.00335153 ,0 
331,8.275 ,-0.00309355 ,0 
332,8.3 ,-0.00283577 ,0 
333,8.325 ,-0.0025783 ,0 
334,8.35 ,-0.00232125 ,0 
335,8.375 ,-0.00206474 ,0 
336,8.4 ,-0.00180887 ,0 
337,8.425 ,-0.00155374 ,0 
338,8.45 ,-0.00129945 ,0 
339,8.475 ,-0.00104612 ,0 
340,8.5 ,-0.000793834 ,0 
341,8.525 ,-0.000542694 ,0 
342,8.55 ,-0.000292794 ,0 
343,8.575 ,-4.42302e-05 ,0 
344,8.6 ,0.000202907 ,0 
345,8.625 ,0.000448528 ,0 
346,8.65 ,0.000692545 ,0 
347,8.675 ,0.000934872 ,0 
348,8.7 ,0.00117543 ,0 
349,8.725 ,0.00141412 ,0 
350,8.75 ,0.00165089 ,0 
351,8.775 ,0.00188564 ,0 
352,8.8 ,0.0021183 ,0 
353,8.825 ,0.00234881 ,0 
354,8.85 ,0.00257708 ,0 
355,8.875 ,0.00280305 ,0 
356,8.9 ,0.00302666 ,0 
357,8.925 ,0.00324783 ,0 
358,8.95 ,0.00346651 ,0 
359,8.975 ,0.00368264 ,0 
360,9 ,0.00389615 ,0 
361,9.025 ,0.00410699 ,0 
362,9.05 ,0.00431511 ,0 
363,9.075 ,0.00452045 ,0 
364,9.1 ,0.00472297 ,0 
365,9.125 ,0.00492262 ,0 
366,9.15 ,0.00511935 ,0 
367,9.175 ,0.00531311 ,0 
368,9.2 ,0.00550388 ,0 
369,9.225 ,0.0056916 ,0 
370,9.25 ,0.00587625 ,0 
371,9.275 ,0.00605778 ,0 
372,9.3 ,0.00623616 ,0 
373,9.325 ,0.00641137 ,0 
374,9.35 ,0.00658337 ,0 
375,9.375 ,0.00675213 ,0 
376,9.4 ,0.00691763 ,0 
377,9.425 ,0.00707986 ,0 
378,9.45 ,0.00723877 ,0 
379,9.475 ,0.00739437 ,0 
380,9.5 ,0.00754662 ,0 
381,9.525 ,0.00769552 ,0 
382,9.55 ,0.00784105 ,0 
383,9.575 ,0.0079832 ,0 
384,9.6 ,0.00812196 ,0 
385,9.625 ,0.00825731 ,0 
386,9.65 ,0.00838927 ,0 
387,9.675 ,0.00851781 ,0 
388,9.7 ,0.00864293 ,0 
389,9.725 ,0.00876464 ,0 
390,9.75 ,0.00888293 ,0 
391,9.775 ,0.00899781 ,0 
392,9.8 ,0.00910928 ,0 
393,9.825 ,0.00921735 ,0 
394,9.85 ,0.00932201 ,0 
395,9.875 ,0.00942329 ,0 
396,9.9 ,0.00952118 ,0 
397,9.925 ,0.0096157 ,0 
398,9.95 ,0.00970687 ,0 
399,9.975 ,0.00979468 ,0 
400,10 ,0.00987917 ,0 
401,10.025 ,0.00996035 ,0 
402,10.05 ,0.0100382 ,0 
403,10.075 ,0.0101128 ,0 
404,10.1 ,0.0101842 ,0 
405,10.125 ,0.0102523 ,0 
406,10.15 ,0.0103172 ,0 
407,10.175 ,0.0103789 ,0 
408,10.2 ,0.0104374 ,0 
409,10.225 ,0.0104928 ,0 
410,10.25 ,0.0105451 ,0 
411,10.275 ,0.0105943 ,0 
412,10.3 ,0.0106404 ,0 
413,10.325 ,0.0106835 ,0 
414,10.35 ,0.0107236 ,0 
415,10.375 ,0.0107607 ,0 
416,10.4 ,0.0107949 ,0 
417,10.425 ,0.0108262 ,0 
418,10.45 ,0.0108547 ,0 
419,10.475 ,0.0108802 ,0 
420,10.5 ,0.010903 ,0 
421,10.525 ,0.0109231 ,0 
422,10.55 ,0.0109404 ,0 
423,10.575 ,0.010955 ,0 
424,10.6 ,0.0109669 ,0 
425,10.625 ,0.0109763 ,0 
426,10.65 ,0.010983 ,0 
427,10.675 ,0.0109872 ,0 
428,10.7 ,0.0109889 ,0 
429,10.725 ,0.0109882 ,0 
430,10.75 ,0.010985 ,0 
431,10.775 ,0.0109795 ,0 
432,10.8 ,0.0109716 ,0 
433,10.825 ,0.0109614 ,0 
434,10.85 ,0.010949 ,0 
435,10.875 ,0.0109343 ,0 
436,10.9 ,0.0109175 ,0 
437,10.925 ,0.0108986 ,0 
438,10.95 ,0.0108775 ,0 
439,10.975 ,0.0108544 ,0 
440,11 ,0.0108294 ,0 
441,11.025 ,0.0108023 ,0 
442,11.05 ,0.0107733 ,0 
443,11.075 ,0.0107425 ,0 
444,11.1 ,0.0107098 ,0 
445,11.125 ,0.0106754 ,0 
446,11.15 ,0.0106392 ,0 
447,11.175 ,0.0106013 ,0 
448,11.2 ,0.0105617 ,0 
449,11.225 ,0.0105205 ,0 
450,11.25 ,0.0104777 ,0 
451,11.275 ,0.0104335 ,0 
452,11.3 ,0.0103877 ,0 
453,11.325 ,0.0103404 ,0 
454,11.35 ,0.0102918 ,0 
455,11.375 ,0.0102418 ,0 
456,11.4 ,0.0101905 ,0 
457,11.425 ,0.0101379 ,0 
458,11.45 ,0.0100841 ,0 
459,11.475 ,0.010029 ,0 
460,11.5 ,0.00997285 ,0 
461,11.525 ,0.00991555 ,0 
462,11.55 ,0.00985717 ,0 
463,11.575 ,0.00979775 ,0 
464,11.6 ,0.00973734 ,0 
465,11.625 ,0.00967597 ,0 
466,11.65 ,0.00961368 ,0 
467,11.675 ,0.00955052 ,0 
468,11.7 ,0.00948651 ,0 
469,11.725 ,0.00942169 ,0 
470,11.75 ,0.00935611 ,0 
471,11.775 ,0.0092898 ,0 
472,11.8 ,0.0092228 ,0 
473,11.825 ,0.00915513 ,0 
474,11.85 ,0.00908684 ,0 
475,11.875 ,0.00901796 ,0 
476,11.9 ,0.00894852 ,0 
477,11.925 ,0.00887856 ,0 
478,11.95 ,0.0088081 ,0 
479,11.975 ,0.00873719 ,0 
480,12 ,0.00866584 ,0 
481,12.025 ,0.0085941 ,0 
482,12.05 ,0.00852199 ,0 
483,12.075 ,0.00844953 ,0 
484,12.1 ,0.00837677 ,0 
485,12.125 ,0.00830373 ,0 
486,12.15 ,0.00823043 ,0 
487,12.175 ,0.0081569 ,0 
488,12.2 ,0.00808317 ,0 
489,12.225 ,0.00800927 ,0 
490,12.25 ,0.00793522 ,0 
491,12.275 ,0.00786105 ,0 
492,12.3 ,0.00778677 ,0 
493,12.325 ,0.00771242 ,0 
494,12.35 ,0.00763801 ,0 
495,12.375 ,0.00756357 ,0 
496,12.4 ,0.00748913 ,0 
497,12.425 ,0.00741469 ,0 
498,12.45 ,0.00734029 ,0 
499,12.475 ,0.00726595 ,0 
500,12.5 ,0.00719168 ,0 
501,12.525 ,0.0071175 ,0 
502,12.55 ,0.00704344 ,0 
503,12.575 ,0.0069695 ,0 
504,12.6 ,0.00689572 ,0 
505,12.625 ,0.0068221 ,0 
506,12.65 ,0.00674866 ,0 
507,12.675 ,0.00667542 ,0 
508,12.7 ,0.0066024 ,0 
509,12.725 ,0.00652961 ,0 
510,12.75 ,0.00645706 ,0 
511,12.775 ,0.00638477 ,0 
512,12.8 ,0.00631276 ,0 
513,12.825 ,0.00624103 ,0 
514,12.85 ,0.00616961 ,0 
515,12.875 ,0.0060985 ,0 
516,12.9 ,0.00602771 ,0 
517,12.925 ,0.00595726 ,0 
518,12.95 ,0.00588716 ,0 
519,12.975 ,0.00581742 ,0 
520,13 ,0.00574805 ,0 
521,13.025 ,0.00567907 ,0 
522,13.05 ,0.00561047 ,0 
523,13.075 ,0.00554227 ,0 
524,13.1 ,0.00547448 ,0 
525,13.125 ,0.0054071 ,0 
526,13.15 ,0.00534016 ,0 
527,13.175 ,0.00527364 ,0 
528,13.2 ,0.00520757 ,0 
529,13.225 ,0.00514194 ,0 
530,13.25 ,0.00507677 ,0 
531,13.275 ,0.00501207 ,0 
532,13.3 ,0.00494783 ,0 
533,13.325 ,0.00488406 ,0 
534,13.35 ,0.00482077 ,0 
535,13.375 ,0.00475797 ,0 
536,13.4 ,0.00469566 ,0 
537,13.425 ,0.00463384 ,0 
538,13.45 ,0.00457252 ,0 
539,13.475 ,0.0045117 ,0 
540,13.5 ,0.00445139 ,0 
541,13.525 ,0.00439159 ,0 
542,13.55 ,0.0043323 ,0 
543,13.575 ,0.00427353 ,0 
544,13.6 ,0.00421527 ,0 
545,13.625 ,0.00415754 ,0 
546,13.65 ,0.00410033 ,0 
547,13.675 ,0.00404365 ,0 
548,13.7 ,0.0039875 ,0 
549,13.725 ,0.00393187 ,0 
550,13.75 ,0.00387678 ,0 
551,13.775 ,0.00382221 ,0 
552,13.8 ,0.00376818 ,0 
553,13.825 ,0.00371469 ,0 
554,13.85 ,0.00366172 ,0 
555,13.875 ,0.0036093 ,0 
556,13.9 ,0.0035574 ,0 
557,13.925 ,0.00350604 ,0 
558,13.95 ,0.00345522 ,0 
559,13.975 ,0.00340493 ,0 
560,14 ,0.00335517 ,0 
561,14.025 ,0.00330595 ,0 
562,14.05 ,0.00325725 ,0 
563,14.075 ,0.00320909 ,0 
564,14.1 ,0.00316146 ,0 
565,14.125 ,0.00311436 ,0 
566,14.15 ,0.00306778 ,0 
567,14.175 ,0.00302173 ,0 
568,14.2 ,0.00297621 ,0 
569,14.225 ,0.00293121 ,0 
570,14.25 ,0.00288672 ,0 
571,14.275 ,0.00284276 ,0 
572,14.3 ,0.00279931 ,0 
573,14.325 ,0.00275638 ,0 
574,14.35 ,0.00271395 ,0 
575,14.375 ,0.00267204 ,0 
576,14.4 ,0.00263064 ,0 
577,14.425 ,0.00258973 ,0 
578,14.45 ,0.00254933 ,0 
579,14.475 ,0.00250943 ,0 
580,14.5 ,0.00247003 ,0 
581,14.525 ,0.00243111 ,0 
582,14.55 ,0.00239269 ,0 
583,14.575 ,0.00235475 ,0 
584,14.6 ,0.0023173 ,0 
585,14.625 ,0.00228033 ,0 
586,14.65 ,0.00224383 ,0 
587,14.675 ,0.00220781 ,0 
588,14.7 ,0.00217226 ,0 
589,14.725 ,0.00213717 ,0 
590,14.75 ,0.00210255 ,0 
591,14.775 ,0.00206839 ,0 
592,14.8 ,0.00203469 ,0 
593,14.825 ,0.00200143 ,0 
594,14.85 ,0.00196863 ,0 
595,14.875 ,0.00193627 ,0 
596,14.9 ,0.00190435 ,0 
597,14.925 ,0.00187288 ,0 
598,14.95 ,0.00184183 ,0 
599,14.975 ,0.00181122 ,0 
600,15 ,0.00178103 ,0 
601,15.025 ,0.00175126 ,0 
602,15.05 ,0.00172191 ,0 
603,15.075 ,0.00169298 ,0 
604,15.1 ,0.00166446 ,0 
605,15.125 ,0.00163634 ,0 
606,15.15 ,0.00160863 ,0 
607,15.175 ,0.00158131 ,0 
608,15.2 ,0.00155439 ,0 
609,15.225 ,0.00152786 ,0 
610,15.25 ,0.00150172 ,0 
611,15.275 ,0.00147596 ,0 
612,15.3 ,0.00145058 ,0 
613,15.325 ,0.00142558 ,0 
614,15.35 ,0.00140094 ,0 
615,15.375 ,0.00137668 ,0 
616,15.4 ,0.00135277 ,0 
617,15.425 ,0.00132922 ,0 
618,15.45 ,0.00130603 ,0 
619,15.475 ,0.00128319 ,0 
620,15.5 ,0.0012607 ,0 
621,15.525 ,0.00123855 ,0 
622,15.55 ,0.00121674 ,0 
623,15.575 ,0.00119526 ,0 
624,15.6 ,0.00117412 ,0 
625,15.625 ,0.0011533 ,0 
626,15.65 ,0.00113281 ,0 
627,15.675 ,0.00111263 ,0 
628,15.7 ,0.00109277 ,0 
629,15.725 ,0.00107322 ,0 
630,15.75 ,0.00105398 ,0 
631,15.775 ,0.00103505 ,0 
632,15.8 ,0.00101641 ,0 
633,15.825 ,0.000998076 ,0 
634,15.85 ,0.00098003 ,0 
635,15.875 ,0.000962274 ,0 
636,15.9 ,0.000944803 ,0 
637,15.925 ,0.000927614 ,0 
638,15.95 ,0.000910703 ,0 
639,15.975 ,0.000894066 ,0 
640,16 ,0.000877701 ,0 
641,16.025 ,0.000861603 ,0 
642,16.05 ,0.000845768 ,0 
643,16.075 ,0.000830194 ,0 
644,16.1 ,0.000814876 ,0 
645,16.125 ,0.000799811 ,0 
646,16.15 ,0.000784997 ,0 
647,16.175 ,0.000770429 ,0 
648,16.2 ,0.000756103 ,0 
649,16.225 ,0.000742018 ,0 
650,16.25 ,0.000728168 ,0 
651,16.275 ,0.000714552 ,0 
652,16.3 ,0.000701165 ,0 
653,16.325 ,0.000688005 ,0 
654,16.35 ,0.000675068 ,0 
655,16.375 ,0.000662351 ,0 
656,16.4 ,0.000649851 ,0 
657,16.425 ,0.000637564 ,0 
658,16.45 ,0.000625489 ,0 
659,16.475 ,0.000613621 ,0 
660,16.5 ,0.000601957 ,0 
661,16.525 ,0.000590496 ,0 
662,16.55 ,0.000579232 ,0 
663,16.575 ,0.000568165 ,0 
664,16.6 ,0.00055729 ,0 
665,16.625 ,0.000546605 ,0 
666,16.65 ,0.000536107 ,0 
667,16.675 ,0.000525793 ,0 
668,16.7 ,0.000515661 ,0 
669,16.725 ,0.000505707 ,0 
670,16.75 ,0.000495929 ,0 
671,16.775 ,0.000486324 ,0 
672,16.8 ,0.00047689 ,0 
673,16.825 ,0.000467624 ,0 
674,16.85 ,0.000458523 ,0 
675,16.875 ,0.000449585 ,0 
676,16.9 ,0.000440807 ,0 
677,16.925 ,0.000432187 ,0 
678,16.95 ,0.000423722 ,0 
679,16.975 ,0.000415409 ,0 
680,17 ,0.000407247 ,0 
681,17.025 ,0.000399233 ,0 
682,17.05 ,0.000391365 ,0 
683,17.075 ,0.000383639 ,0 
684,17.1 ,0.000376055 ,0 
685,17.125 ,0.000368609 ,0 
686,17.15 ,0.0003613 ,0 
687,17.175 ,0.000354125 ,0 
688,17.2 ,0.000347082 ,0 
689,17.225 ,0.000340168 ,0 
690,17.25 ,0.000333383 ,0 
691,17.275 ,0.000326723 ,0 
692,17.3 ,0.000320186 ,0 
693,17.325 ,0.000313771 ,0 
694,17.35 ,0.000307476 ,0 
695,17.375 ,0.000301298 ,0 
696,17.4 ,0.000295235 ,0 
697,17.425 ,0.000289286 ,0 
698,17.45 ,0.000283449 ,0 
699,17.475 ,0.000277721 ,0 
700,17.5 ,0.000272102 ,0 
701,17.525 ,0.000266588 ,0 
702,17.55 ,0.000261179 ,0 
703,17.575 ,0.000255872 ,0 
704,17.6 ,0.000250666 ,0 
705,17.625 ,0.000245559 ,0 
706,17.65 ,0.000240549 ,0 
707,17.675 ,0.000235635 ,0 
708,17.7 ,0.000230814 ,0 
709,17.725 ,0.000226087 ,0 
710,17.75 ,0.00022145 ,0 
711,17.775 ,0.000216902 ,0 
712,17.8 ,0.000212441 ,0 
713,17.825 ,0.000208067 ,0 
714,17.85 ,0.000203777 ,0 
715,17.875 ,0.00019957 ,0 
716,17.9 ,0.000195445 ,0 
717,17.925 ,0.0001914 ,0 
718,17.95 ,0.000187434 ,0 
719,17.975 ,0.000183545 ,0 
720,18 ,0.000179732 ,0 
721,18.025 ,0.000175993 ,0 
722,18.05 ,0.000172328 ,0 
723,18.075 ,0.000168734 ,0 
724,18.1 ,0.000165211 ,0 
725,18.125 ,0.000161758 ,0 
726,18.15 ,0.000158373 ,0 
727,18.175 ,0.000155054 ,0 
728,18.2 ,0.000151801 ,0 
729,18.225 ,0.000148613 ,0 
730,18.25 ,0.000145488 ,0 
731,18.275 ,0.000142425 ,0 
732,18.3 ,0.000139422 ,0 
733,18.325 ,0.00013648 ,0 
734,18.35 ,0.000133597 ,0 
735,18.375 ,0.000130771 ,0 
736,18.4 ,0.000128001 ,0 
737,18.425 ,0.000125288 ,0 
738,18.45 ,0.000122628 ,0 
739,18.475 ,0.000120023 ,0 
740,18.5 ,0.000117469 ,0 
741,18.525 ,0.000114967 ,0 
742,18.55 ,0.000112516 ,0 
743,18.575 ,0.000110115 ,0 
744,18.6 ,0.000107762 ,0 
745,18.625 ,0.000105456 ,0 
746,18.65 ,0.000103198 ,0 
747,18.675 ,0.000100985 ,0 
748,18.7 ,9.8818e-05 ,0 
749,18.725 ,9.66948e-05 ,0 
750,18.75 ,9.4615e-05 ,0 
751,18.775 ,9.25778e-05 ,0 
752,18.8 ,9.05823e-05 ,0 
753,18.825 ,8.86277e-05 ,0 
754,18.85 ,8.67133e-05 ,0 
755,18.875 ,8.48383e-05 ,0 
756,18.9 ,8.30019e-05 ,0 
757,18.925 ,8.12033e-05 ,0 
758,18.95 ,7.9442e-05 ,0 
759,18.975 ,7.7717e-05 ,0 
760,19 ,7.60278e-05 ,0 
761,19.025 ,7.43736e-05 ,0 
762,19.05 ,7.27538e-05 ,0 
763,19.075 ,7.11676e-05 ,0 
764,19.1 ,6.96144e-05 ,0 
765,19.125 ,6.80937e-05 ,0 
766,19.15 ,6.66046e-05 ,0 
767,19.175 ,6.51467e-05 ,0 
768,19.2 ,6.37192e-05 ,0 
769,19.225 ,6.23217e-05 ,0 
770,19.25 ,6.09535e-05 ,0 
771,19.275 ,5.9614e-05 ,0 
772,19.3 ,5.83027e-05 ,0 
773,19.325 ,5.7019e-05 ,0 
774,19.35 ,5.57623e-05 ,0 
775,19.375 ,5.45322e-05 ,0 
776,19.4 ,5.33281e-05 ,0 
777,19.425 ,5.21494e-05 ,0 
778,19.45 ,5.09957e-05 ,0 
779,19.475 ,4.98664e-05 ,0 
780,19.5 ,4.87612e-05 ,0 
781,19.525 ,4.76794e-05 ,0 
782,19.55 ,4.66206e-05 ,0 
783,19.575 ,4.55844e-05 ,0 
784,19.6 ,4.45703e-05 ,0 
785,19.625 ,4.35779e-05 ,0 
786,19.65 ,4.26066e-05 ,0 
787,19.675 ,4.16562e-05 ,0 
788,19.7 ,4.07261e-05 ,0 
789,19.725 ,3.98159e-05 ,0 
790,19.75 ,3.89253e-05 ,0 
791,19.775 ,3.80539e-05 ,0 
792,19.8 ,3.72012e-05 ,0 
793,19.825 ,3.63669e-05 ,0 
794,19.85 ,3.55506e-05 ,0 
795,19.875 ,3.47519e-05 ,0 
796,19.9 ,3.39704e-05 ,0 
797,19.925 ,3.32059e-05 ,0 
798,19.95 ,3.2458e-05 ,0 
799,19.975 ,3.17262e-05 ,0 
800,20 ,3.10104e-05 ,0 
801,20.025 ,3.03101e-05 ,0 
802,20.05 ,2.9625e-05 ,0 
803,20.075 ,2.89549e-05 ,0 
804,20.1 ,2.82993e-05 ,0 
805,20.125 ,2.76581e-05 ,0 
806,20.15 ,2.70309e-05 ,0 
807,20.175 ,2.64174e-05 ,0 
808,20.2 ,2.58173e-05 ,0 
809,20.225 ,2.52304e-05 ,0 
810,20.25 ,2.46564e-05 ,0 
811,20.275 ,2.4095e-05 ,0 
812,20.3 ,2.35459e-05 ,0 
813,20.325 ,2.30089e-05 ,0 
814,20.35 ,2.24837e-05 ,0 
815,20.375 ,2.19701e-05 ,0 
816,20.4 ,2.14678e-05 ,0 
817,20.425 ,2.09766e-05 ,0 
818,20.45 ,2.04963e-05 ,0 
819,20.475 ,2.00267e-05 ,0 
820,20.5 ,1.95674e-05 ,0 
821,20.525 ,1.91183e-05 ,0 
822,20.55 ,1.86792e-05 ,0 
823,20.575 ,1.82499e-05 ,0 
824,20.6 ,1.78301e-05 ,0 
825,20.625 ,1.74196e-05 ,0 
826,20.65 ,1.70183e-05 ,0 
827,20.675 ,1.66259e-05 ,0 
828,20.7 ,1.62423e-05 ,0 
829,20.725 ,1.58673e-05 ,0 
830,20.75 ,1.55007e-05 ,0 
831,20.775 ,1.51423e-05 ,0 
832,20.8 ,1.47919e-05 ,0 
833,20.825 ,1.44494e-05 ,0 
834,20.85 ,1.41146e-05 ,0 
835,20.875 ,1.37873e-05 ,0 
836,20.9 ,1.34673e-05 ,0 
837,20.925 ,1.31546e-05 ,0 
838,20.95 ,1.28489e-05 ,0 
839,20.975 ,1.25501e-05 ,0 
840,21 ,1.22581e-05 ,0 
841,21.025 ,1.19726e-05 ,0 
842,21.05 ,1.16936e-05 ,0 
843,21.075 ,1.1421e-05 ,0 
844,21.1 ,1.11545e-05 ,0 
845,21.125 ,1.08941e-05 ,0 
846,21.15 ,1.06395e-05 ,0 
847,21.175 ,1.03908e-05 ,0 
848,21.2 ,1.01477e-05 ,0 
849,21.225 ,9.91017e-06 ,0 
850,21.25 ,9.67804e-06 ,0 
851,21.275 ,9.45121e-06 ,0 
852,21.3 ,9.22955e-06 ,0 
853,21.325 ,9.01295e-06 ,0 
854,21.35 ,8.80132e-06 ,0 
855,21.375 ,8.59452e-06 ,0 
856,21.4 ,8.39247e-06 ,0 
857,21.425 ,8.19505e-06 ,0 
858,21.45 ,8.00216e-06 ,0 
859,21.475 ,7.8137e-06 ,0 
860,21.5 ,7.62958e-06 ,0 
861,21.525 ,7.4497e-06 ,0 
862,21.55 ,7.27396e-06 ,0 
863,21.575 ,7.10227e-06 ,0 
864,21.6 ,6.93455e-06 ,0 
865,21.625 ,6.7707e-06 ,0 
866,21.65 ,6.61064e-06 ,0 
867,21.675 ,6.45429e-06 ,0 
868,21.7 ,6.30156e-06 ,0 
869,21.725 ,6.15237e-06 ,0 
870,21.75 ,6.00664e-06 ,0 
871,21.775 ,5.8643e-06 ,0 
872,21.8 ,5.72527e-06 ,0 
873,21.825 ,5.58947e-06 ,0 
874,21.85 ,5.45684e-06 ,0 
875,21.875 ,5.3273e-06 ,0 
876,21.9 ,5.20079e-06 ,0 
877,21.925 ,5.07723e-06 ,0 
878,21.95 ,4.95656e-06 ,0 
879,21.975 ,4.83872e-06 ,0 
880,22 ,4.72364e-06 ,0 
881,22.025 ,4.61126e-06 ,0 
882,22.05 ,4.50152e-06 ,0 
883,22.075 ,4.39436e-06 ,0 
884,22.1 ,4.28972e-06 ,0 
885,22.125 ,4.18755e-06 ,0 
886,22.15 ,4.08778e-06 ,0 
887,22.175 ,3.99037e-06 ,0 
888,22.2 ,3.89527e-06 ,0 
889,22.225 ,3.80241e-06 ,0 
890,22.25 ,3.71176e-06 ,0 
891,22.275 ,3.62325e-06 ,0 
892,22.3 ,3.53684e-06 ,0 
893,22.325 ,3.45249e-06 ,0 
894,22.35 ,3.37015e-06 ,0 
895,22.375 ,3.28976e-06 ,0 
896,22.4 ,3.2113e-06 ,0 
897,22.425 ,3.13471e-06 ,0 
898,22.45 ,3.05995e-06 ,0 
899,22.475 ,2.98698e-06 ,0 
900,22.5 ,2.91577e-06 ,0 
901,22.525 ,2.84626e-06 ,0 
902,22.55 ,2.77842e-06 ,0 
903,22.575 ,2.71222e-06 ,0 
904,22.6 ,2.64761e-06 ,0 
905,22.625 ,2.58457e-06 ,0 
906,22.65 ,2.52305e-06 ,0 
907,22.675 ,2.46302e-06 ,0 
908,22.7 ,2.40445e-06 ,0 
909,22.725 ,2.3473e-06 ,0 
910,22.75 ,2.29154e-06 ,0 
911,22.775 ,2.23714e-06 ,0 
912,22.8 ,2.18407e-06 ,0 
913,22.825 ,2.1323e-06 ,0 
914,22.85 ,2.08181e-06 ,0 
915,22.875 ,2.03255e-06 ,0 
916,22.9 ,1.9845e-06 ,0 
917,22.925 ,1.93764e-06 ,0 
918,22.95 ,1.89194e-06 ,0 
919,22.975 ,1.84738e-06 ,0 
920,23 ,1.80392e-06 ,0 
921,23.025 ,1.76154e-06 ,0 
922,23.05 ,1.72022e-06 ,0 
923,23.075 ,1.67994e-06 ,0 
924,23.1 ,1.64066e-06 ,0 
925,23.125 ,1.60238e-06 ,0 
926,23.15 ,1.56506e-06 ,0 
927,23.175 ,1.52868e-06 ,0 
928,23.2 ,1.49323e-06 ,0 
929,23.225 ,1.45869e-06 ,0 
930,23.25 ,1.42502e-06 ,0 
931,23.275 ,1.39222e-06 ,0 
932,23.3 ,1.36026e-06 ,0 
933,23.325 ,1.32913e-06 ,0 
934,23.35 ,1.29881e-06 ,0 
935,23.375 ,1.26927e-06 ,0 
936,23.4 ,1.24051e-06 ,0 
937,23.425 ,1.21251e-06 ,0 
938,23.45 ,1.18524e-06 ,0 
939,23.475 ,1.1587e-06 ,0 
940,23.5 ,1.13286e-06 ,0 
941,23.525 ,1.10771e-06 ,0 
942,23.55 ,1.08325e-06 ,0 
943,23.575 ,1.05944e-06 ,0 
944,23.6 ,1.03629e-06 ,0 
945,23.625 ,1.01377e-06 ,0 
946,23.65 ,9.91866e-07 ,0 
947,23.675 ,9.70575e-07 ,0 
948,23.7 ,9.49879e-07 ,0 
949,23.725 ,9.29767e-07 ,0 
950,23.75 ,9.10226e-07 ,0 
951,23.775 ,8.91244e-07 ,0 
952,23.8 ,8.72811e-07 ,0 
953,23.825 ,8.54914e-07 ,0 
954,23.85 ,8.37544e-07 ,0 
955,23.875 ,8.2069e-07 ,0 
956,23.9 ,8.04341e-07 ,0 
957,23.925 ,7.88488e-07 ,0 
958,23.95 ,7.73122e-07 ,0 
959,23.975 ,7.58231e-07 ,0 
960,24 ,7.43809e-07 ,0 
961,24.025 ,7.29845e-07 ,0 
962,24.05 ,7.16332e-07 ,0 
963,24.075 ,7.03261e-07 ,0 
964,24.1 ,6.90624e-07 ,0 
965,24.125 ,6.78413e-07 ,0 
966,24.15 ,6.66621e-07 ,0 
967,24.175 ,6.5524e-07 ,0 
968,24.2 ,6.44264e-07 ,0 
969,24.225 ,6.33686e-07 ,0 
970,24.25 ,6.23498e-07 ,0 
971,24.275 ,6.13696e-07 ,0 
972,24.3 ,6.04272e-07 ,0 
973,24.325 ,5.95221e-07 ,0 
974,24.35 ,5.86536e-07 ,0 
975,24.375 ,5.78214e-07 ,0 
976,24.4 ,5.70247e-07 ,0 
977,24.425 ,5.62632e-07 ,0 
978,24.45 ,5.55364e-07 ,0 
979,24.475 ,5.48437e-07 ,0 
980,24.5 ,5.41848e-07 ,0 
981,24.525 ,5.35592e-07 ,0 
982,24.55 ,5.29665e-07 ,0 
983,24.575 ,5.24064e-07 ,0 
984,24.6 ,5.18784e-07 ,0 
985,24.625 ,5.13822e-07 ,0 
986,24.65 ,5.09176e-07 ,0 
987,24.675 ,5.04841e-07 ,0 
988,24.7 ,5.00815e-07 ,0 
989,24.725 ,4.97096e-07 ,0 
990,24.75 ,4.9368e-07 ,0 
991,24.775 ,4.90566e-07 ,0 
992,24.8 ,4.87752e-07 ,0 
993,24.825 ,4.85234e-07 ,0 
994,24.85 ,4.83012e-07 ,0 
995,24.875 ,4.81084e-07 ,0 
996,24.9 ,4.79449e-07 ,0 
997,24.925 ,4.78105e-07 ,0 
998,24.95 ,4.77051e-07 ,0 
999,24.975 ,4.76286e-07 ,0 
1000,25 ,4.7581e-07 ,0 