N_e = 26
1,0.025 ,0.00207943 ,0 
2,0.05 ,0.00207943 ,0 
3,0.075 ,0.0028238 ,0 
4,0.1 ,0.00366812 ,0 
5,0.125 ,0.00453984 ,0 
6,0.15 ,0.00542097 ,0 
7,0.175 ,0.00630509 ,0 
8,0.2 ,0.00718929 ,0 
9,0.225 ,0.00807199 ,0 
10,0.25 ,0.00895216 ,0 
11,0.275 ,0.00982906 ,0 
12,0.3 ,0.0107021 ,0 
13,0.325 ,0.0115707 ,0 
14,0.35 ,0.0124345 ,0 
15,0.375 ,0.013293 ,0 
16,0.4 ,0.0141457 ,0 
17,0.425 ,0.0149923 ,0 
18,0.45 ,0.0158324 ,0 
19,0.475 ,0.0166656 ,0 
20,0.5 ,0.0174916 ,0 
21,0.525 ,0.0183099 ,0 
22,0.55 ,0.0191202 ,0 
23,0.575 ,0.0199222 ,0 
24,0.6 ,0.0207154 ,0 
25,0.625 ,0.0214997 ,0 
26,0.65 ,0.0222745 ,0 
27,0.675 ,0.0230397 ,0 
28,0.7 ,0.0237948 ,0 
29,0.725 ,0.0245395 ,0 
30,0.75 ,0.0252736 ,0 
31,0.775 ,0.0259967 ,0 
32,0.8 ,0.0267086 ,0 
33,0.825 ,0.0274088 ,0 
34,0.85 ,0.0280972 ,0 
35,0.875 ,0.0287735 ,0 
36,0.9 ,0.0294373 ,0 
37,0.925 ,0.0300885 ,0 
38,0.95 ,0.0307267 ,0 
39,0.975 ,0.0313517 ,0 
40,1 ,0.0319633 ,0 
41,1.025 ,0.0325612 ,0 
42,1.05 ,0.0331452 ,0 
43,1.075 ,0.033715 ,0 
44,1.1 ,0.0342705 ,0 
45,1.125 ,0.0348113 ,0 
46,1.15 ,0.0353375 ,0 
47,1.175 ,0.0358486 ,0 
48,1.2 ,0.0363446 ,0 
49,1.225 ,0.0368253 ,0 
50,1.25 ,0.0372905 ,0 
51,1.275 ,0.03774 ,0 
52,1.3 ,0.0381737 ,0 
53,1.325 ,0.0385915 ,0 
54,1.35 ,0.0389931 ,0 
55,1.375 ,0.0393786 ,0 
56,1.4 ,0.0397477 ,0 
57,1.425 ,0.0401004 ,0 
58,1.45 ,0.0404365 ,0 
59,1.475 ,0.040756 ,0 
60,1.5 ,0.0410587 ,0 
61,1.525 ,0.0413447 ,0 
62,1.55 ,0.0416138 ,0 
63,1.575 ,0.041866 ,0 
64,1.6 ,0.0421012 ,0 
65,1.625 ,0.0423193 ,0 
66,1.65 ,0.0425205 ,0 
67,1.675 ,0.0427045 ,0 
68,1.7 ,0.0428715 ,0 
69,1.725 ,0.0430214 ,0 
70,1.75 ,0.0431542 ,0 
71,1.775 ,0.04327 ,0 
72,1.8 ,0.0433686 ,0 
73,1.825 ,0.0434503 ,0 
74,1.85 ,0.043515 ,0 
75,1.875 ,0.0435627 ,0 
76,1.9 ,0.0435935 ,0 
77,1.925 ,0.0436075 ,0 
78,1.95 ,0.0436048 ,0 
79,1.975 ,0.0435853 ,0 
80,2 ,0.0435493 ,0 
81,2.025 ,0.0434968 ,0 
82,2.05 ,0.0434279 ,0 
83,2.075 ,0.0433427 ,0 
84,2.1 ,0.0432413 ,0 
85,2.125 ,0.0431239 ,0 
86,2.15 ,0.0429906 ,0 
87,2.175 ,0.0428415 ,0 
88,2.2 ,0.0426769 ,0 
89,2.225 ,0.0424967 ,0 
90,2.25 ,0.0423013 ,0 
91,2.275 ,0.0420907 ,0 
92,2.3 ,0.0418651 ,0 
93,2.325 ,0.0416248 ,0 
94,2.35 ,0.0413699 ,0 
95,2.375 ,0.0411007 ,0 
96,2.4 ,0.0408172 ,0 
97,2.425 ,0.0405198 ,0 
98,2.45 ,0.0402086 ,0 
99,2.475 ,0.0398839 ,0 
100,2.5 ,0.0395458 ,0 
101,2.525 ,0.0391947 ,0 
102,2.55 ,0.0388307 ,0 
103,2.575 ,0.0384541 ,0 
104,2.6 ,0.0380652 ,0 
105,2.625 ,0.0376641 ,0 
106,2.65 ,0.0372512 ,0 
107,2.675 ,0.0368267 ,0 
108,2.7 ,0.0363909 ,0 
109,2.725 ,0.035944 ,0 
110,2.75 ,0.0354864 ,0 
111,2.775 ,0.0350183 ,0 
112,2.8 ,0.0345399 ,0 
113,2.825 ,0.0340516 ,0 
114,2.85 ,0.0335537 ,0 
115,2.875 ,0.0330464 ,0 
116,2.9 ,0.03253 ,0 
117,2.925 ,0.0320049 ,0 
118,2.95 ,0.0314713 ,0 
119,2.975 ,0.0309296 ,0 
120,3 ,0.03038 ,0 
121,3.025 ,0.0298228 ,0 
122,3.05 ,0.0292584 ,0 
123,3.075 ,0.0286871 ,0 
124,3.1 ,0.0281092 ,0 
125,3.125 ,0.0275249 ,0 
126,3.15 ,0.0269347 ,0 
127,3.175 ,0.0263388 ,0 
128,3.2 ,0.0257375 ,0 
129,3.225 ,0.0251312 ,0 
130,3.25 ,0.0245202 ,0 
131,3.275 ,0.0239047 ,0 
132,3.3 ,0.0232852 ,0 
133,3.325 ,0.0226619 ,0 
134,3.35 ,0.0220351 ,0 
135,3.375 ,0.0214052 ,0 
136,3.4 ,0.0207725 ,0 
137,3.425 ,0.0201372 ,0 
138,3.45 ,0.0194998 ,0 
139,3.475 ,0.0188604 ,0 
140,3.5 ,0.0182195 ,0 
141,3.525 ,0.0175774 ,0 
142,3.55 ,0.0169343 ,0 
143,3.575 ,0.0162905 ,0 
144,3.6 ,0.0156464 ,0 
145,3.625 ,0.0150023 ,0 
146,3.65 ,0.0143584 ,0 
147,3.675 ,0.0137151 ,0 
148,3.7 ,0.0130727 ,0 
149,3.725 ,0.0124314 ,0 
150,3.75 ,0.0117915 ,0 
151,3.775 ,0.0111534 ,0 
152,3.8 ,0.0105173 ,0 
153,3.825 ,0.00988347 ,0 
154,3.85 ,0.00925221 ,0 
155,3.875 ,0.0086238 ,0 
156,3.9 ,0.00799851 ,0 
157,3.925 ,0.0073766 ,0 
158,3.95 ,0.00675833 ,0 
159,3.975 ,0.00614396 ,0 
160,4 ,0.00553375 ,0 
161,4.025 ,0.00492795 ,0 
162,4.05 ,0.00432681 ,0 
163,4.075 ,0.00373056 ,0 
164,4.1 ,0.00313944 ,0 
165,4.125 ,0.00255369 ,0 
166,4.15 ,0.00197353 ,0 
167,4.175 ,0.0013992 ,0 
168,4.2 ,0.000830895 ,0 
169,4.225 ,0.000268844 ,0 
170,4.25 ,-0.000286748 ,0 
171,4.275 ,-0.000835679 ,0 
172,4.3 ,-0.00137775 ,0 
173,4.325 ,-0.00191276 ,0 
174,4.35 ,-0.00244054 ,0 
175,4.375 ,-0.00296089 ,0 
176,4.4 ,-0.00347364 ,0 
177,4.425 ,-0.00397862 ,0 
178,4.45 ,-0.00447565 ,0 
179,4.475 ,-0.00496459 ,0 
180,4.5 ,-0.00544527 ,0 
181,4.525 ,-0.00591755 ,0 
182,4.55 ,-0.00638127 ,0 
183,4.575 ,-0.00683631 ,0 
184,4.6 ,-0.00728253 ,0 
185,4.625 ,-0.0077198 ,0 
186,4.65 ,-0.008148 ,0 
187,4.675 ,-0.00856702 ,0 
188,4.7 ,-0.00897675 ,0 
189,4.725 ,-0.00937707 ,0 
190,4.75 ,-0.0097679 ,0 
191,4.775 ,-0.0101491 ,0 
192,4.8 ,-0.0105207 ,0 
193,4.825 ,-0.0108825 ,0 
194,4.85 ,-0.0112345 ,0 
195,4.875 ,-0.0115765 ,0 
196,4.9 ,-0.0119086 ,0 
197,4.925 ,-0.0122307 ,0 
198,4.95 ,-0.0125427 ,0 
199,4.975 ,-0.0128446 ,0 
200,5 ,-0.0131363 ,0 
201,5.025 ,-0.0134178 ,0 
202,5.05 ,-0.013689 ,0 
203,5.075 ,-0.0139501 ,0 
204,5.1 ,-0.0142008 ,0 
205,5.125 ,-0.0144412 ,0 
206,5.15 ,-0.0146713 ,0 
207,5.175 ,-0.0148912 ,0 
208,5.2 ,-0.0151007 ,0 
209,5.225 ,-0.0152999 ,0 
210,5.25 ,-0.0154888 ,0 
211,5.275 ,-0.0156675 ,0 
212,5.3 ,-0.0158359 ,0 
213,5.325 ,-0.0159941 ,0 
214,5.35 ,-0.0161421 ,0 
215,5.375 ,-0.0162799 ,0 
216,5.4 ,-0.0164077 ,0 
217,5.425 ,-0.0165253 ,0 
218,5.45 ,-0.016633 ,0 
219,5.475 ,-0.0167307 ,0 
220,5.5 ,-0.0168185 ,0 
221,5.525 ,-0.0168964 ,0 
222,5.55 ,-0.0169646 ,0 
223,5.575 ,-0.0170231 ,0 
224,5.6 ,-0.0170719 ,0 
225,5.625 ,-0.0171112 ,0 
226,5.65 ,-0.0171411 ,0 
227,5.675 ,-0.0171615 ,0 
228,5.7 ,-0.0171727 ,0 
229,5.725 ,-0.0171747 ,0 
230,5.75 ,-0.0171676 ,0 
231,5.775 ,-0.0171516 ,0 
232,5.8 ,-0.0171266 ,0 
233,5.825 ,-0.0170929 ,0 
234,5.85 ,-0.0170505 ,0 
235,5.875 ,-0.0169996 ,0 
236,5.9 ,-0.0169402 ,0 
237,5.925 ,-0.0168726 ,0 
238,5.95 ,-0.0167967 ,0 
239,5.975 ,-0.0167128 ,0 
240,6 ,-0.016621 ,0 
241,6.025 ,-0.0165214 ,0 
242,6.05 ,-0.0164141 ,0 
243,6.075 ,-0.0162992 ,0 
244,6.1 ,-0.016177 ,0 
245,6.125 ,-0.0160475 ,0 
246,6.15 ,-0.0159109 ,0 
247,6.175 ,-0.0157674 ,0 
248,6.2 ,-0.015617 ,0 
249,6.225 ,-0.0154599 ,0 
250,6.25 ,-0.0152963 ,0 
251,6.275 ,-0.0151264 ,0 
252,6.3 ,-0.0149502 ,0 
253,6.325 ,-0.0147679 ,0 
254,6.35 ,-0.0145797 ,0 
255,6.375 ,-0.0143858 ,0 
256,6.4 ,-0.0141862 ,0 
257,6.425 ,-0.0139812 ,0 
258,6.45 ,-0.0137709 ,0 
259,6.475 ,-0.0135554 ,0 
260,6.5 ,-0.013335 ,0 
261,6.525 ,-0.0131097 ,0 
262,6.55 ,-0.0128798 ,0 
263,6.575 ,-0.0126453 ,0 
264,6.6 ,-0.0124066 ,0 
265,6.625 ,-0.0121636 ,0 
266,6.65 ,-0.0119166 ,0 
267,6.675 ,-0.0116658 ,0 
268,6.7 ,-0.0114112 ,0 
269,6.725 ,-0.0111531 ,0 
270,6.75 ,-0.0108916 ,0 
271,6.775 ,-0.0106269 ,0 
272,6.8 ,-0.0103591 ,0 
273,6.825 ,-0.0100884 ,0 
274,6.85 ,-0.00981499 ,0 
275,6.875 ,-0.00953894 ,0 
276,6.9 ,-0.00926045 ,0 
277,6.925 ,-0.00897967 ,0 
278,6.95 ,-0.00869675 ,0 
279,6.975 ,-0.00841185 ,0 
280,7 ,-0.00812512 ,0 
281,7.025 ,-0.00783671 ,0 
282,7.05 ,-0.00754677 ,0 
283,7.075 ,-0.00725545 ,0 
284,7.1 ,-0.0069629 ,0 
285,7.125 ,-0.00666925 ,0 
286,7.15 ,-0.00637465 ,0 
287,7.175 ,-0.00607926 ,0 
288,7.2 ,-0.0057832 ,0 
289,7.225 ,-0.00548661 ,0 
290,7.25 ,-0.00518964 ,0 
291,7.275 ,-0.00489243 ,0 
292,7.3 ,-0.00459509 ,0 
293,7.325 ,-0.00429777 ,0 
294,7.35 ,-0.0040006 ,0 
295,7.375 ,-0.00370371 ,0 
296,7.4 ,-0.00340722 ,0 
297,7.425 ,-0.00311126 ,0 
298,7.45 ,-0.00281594 ,0 
299,7.475 ,-0.0025214 ,0 
300,7.5 ,-0.00222775 ,0 
301,7.525 ,-0.0019351 ,0 
302,7.55 ,-0.00164358 ,0 
303,7.575 ,-0.00135328 ,0 
304,7.6 ,-0.00106434 ,0 
305,7.625 ,-0.000776837 ,0 
306,7.65 ,-0.000490895 ,0 
307,7.675 ,-0.000206613 ,0 
308,7.7 ,7.59075e-05 ,0 
309,7.725 ,0.000356569 ,0 
310,7.75 ,0.000635274 ,0 
311,7.775 ,0.000911929 ,0 
312,7.8 ,0.00118644 ,0 
313,7.825 ,0.00145872 ,0 
314,7.85 ,0.00172869 ,0 
315,7.875 ,0.00199625 ,0 
316,7.9 ,0.00226133 ,0 
317,7.925 ,0.00252384 ,0 
318,7.95 ,0.00278371 ,0 
319,7.975 ,0.00304086 ,0 
320,8 ,0.00329522 ,0 
321,8.025 ,0.00354672 ,0 
322,8.05 ,0.00379529 ,0 
323,8.075 ,0.00404087 ,0 
324,8.1 ,0.00428339 ,0 
325,8.125 ,0.0045228 ,0 
326,8.15 ,0.00475903 ,0 
327,8.175 ,0.00499203 ,0 
328,8.2 ,0.00522174 ,0 
329,8.225 ,0.00544812 ,0 
330,8.25 ,0.00567112 ,0 
331,8.275 ,0.00589068 ,0 
332,8.3 ,0.00610677 ,0 
333,8.325 ,0.00631934 ,0 
334,8.35 ,0.00652835 ,0 
335,8.375 ,0.00673377 ,0 
336,8.4 ,0.00693556 ,0 
337,8.425 ,0.00713369 ,0 
338,8.45 ,0.00732813 ,0 
339,8.475 ,0.00751885 ,0 
340,8.5 ,0.00770582 ,0 
341,8.525 ,0.00788902 ,0 
342,8.55 ,0.00806843 ,0 
343,8.575 ,0.00824402 ,0 
344,8.6 ,0.00841579 ,0 
345,8.625 ,0.00858371 ,0 
346,8.65 ,0.00874777 ,0 
347,8.675 ,0.00890796 ,0 
348,8.7 ,0.00906426 ,0 
349,8.725 ,0.00921668 ,0 
350,8.75 ,0.00936521 ,0 
351,8.775 ,0.00950984 ,0 
352,8.8 ,0.00965056 ,0 
353,8.825 ,0.00978739 ,0 
354,8.85 ,0.00992032 ,0 
355,8.875 ,0.0100493 ,0 
356,8.9 ,0.0101745 ,0 
357,8.925 ,0.0102957 ,0 
358,8.95 ,0.0104131 ,0 
359,8.975 ,0.0105266 ,0 
360,9 ,0.0106363 ,0 
361,9.025 ,0.0107421 ,0 
362,9.05 ,0.0108441 ,0 
363,9.075 ,0.0109423 ,0 
364,9.1 ,0.0110367 ,0 
365,9.125 ,0.0111273 ,0 
366,9.15 ,0.0112142 ,0 
367,9.175 ,0.0112973 ,0 
368,9.2 ,0.0113767 ,0 
369,9.225 ,0.0114524 ,0 
370,9.25 ,0.0115245 ,0 
371,9.275 ,0.011593 ,0 
372,9.3 ,0.0116578 ,0 
373,9.325 ,0.0117191 ,0 
374,9.35 ,0.0117768 ,0 
375,9.375 ,0.011831 ,0 
376,9.4 ,0.0118817 ,0 
377,9.425 ,0.011929 ,0 
378,9.45 ,0.0119729 ,0 
379,9.475 ,0.0120133 ,0 
380,9.5 ,0.0120505 ,0 
381,9.525 ,0.0120843 ,0 
382,9.55 ,0.0121149 ,0 
383,9.575 ,0.0121422 ,0 
384,9.6 ,0.0121664 ,0 
385,9.625 ,0.0121874 ,0 
386,9.65 ,0.0122053 ,0 
387,9.675 ,0.0122201 ,0 
388,9.7 ,0.0122319 ,0 
389,9.725 ,0.0122407 ,0 
390,9.75 ,0.0122466 ,0 
391,9.775 ,0.0122495 ,0 
392,9.8 ,0.0122496 ,0 
393,9.825 ,0.012247 ,0 
394,9.85 ,0.0122415 ,0 
395,9.875 ,0.0122333 ,0 
396,9.9 ,0.0122225 ,0 
397,9.925 ,0.012209 ,0 
398,9.95 ,0.0121929 ,0 
399,9.975 ,0.0121743 ,0 
400,10 ,0.0121533 ,0 
401,10.025 ,0.0121297 ,0 
402,10.05 ,0.0121038 ,0 
403,10.075 ,0.0120756 ,0 
404,10.1 ,0.012045 ,0 
405,10.125 ,0.0120122 ,0 
406,10.15 ,0.0119772 ,0 
407,10.175 ,0.01194 ,0 
408,10.2 ,0.0119007 ,0 
409,10.225 ,0.0118594 ,0 
410,10.25 ,0.0118161 ,0 
411,10.275 ,0.0117708 ,0 
412,10.3 ,0.0117235 ,0 
413,10.325 ,0.0116744 ,0 
414,10.35 ,0.0116235 ,0 
415,10.375 ,0.0115708 ,0 
416,10.4 ,0.0115164 ,0 
417,10.425 ,0.0114603 ,0 
418,10.45 ,0.0114026 ,0 
419,10.475 ,0.0113433 ,0 
420,10.5 ,0.0112824 ,0 
421,10.525 ,0.0112201 ,0 
422,10.55 ,0.0111563 ,0 
423,10.575 ,0.0110911 ,0 
424,10.6 ,0.0110245 ,0 
425,10.625 ,0.0109566 ,0 
426,10.65 ,0.0108875 ,0 
427,10.675 ,0.0108171 ,0 
428,10.7 ,0.0107456 ,0 
429,10.725 ,0.0106729 ,0 
430,10.75 ,0.0105992 ,0 
431,10.775 ,0.0105244 ,0 
432,10.8 ,0.0104485 ,0 
433,10.825 ,0.0103718 ,0 
434,10.85 ,0.010294 ,0 
435,10.875 ,0.0102155 ,0 
436,10.9 ,0.010136 ,0 
437,10.925 ,0.0100558 ,0 
438,10.95 ,0.00997481 ,0 
439,10.975 ,0.0098931 ,0 
440,11 ,0.0098107 ,0 
441,11.025 ,0.00972766 ,0 
442,11.05 ,0.00964402 ,0 
443,11.075 ,0.0095598 ,0 
444,11.1 ,0.00947505 ,0 
445,11.125 ,0.0093898 ,0 
446,11.15 ,0.00930409 ,0 
447,11.175 ,0.00921796 ,0 
448,11.2 ,0.00913143 ,0 
449,11.225 ,0.00904455 ,0 
450,11.25 ,0.00895734 ,0 
451,11.275 ,0.00886984 ,0 
452,11.3 ,0.00878208 ,0 
453,11.325 ,0.0086941 ,0 
454,11.35 ,0.00860592 ,0 
455,11.375 ,0.00851757 ,0 
456,11.4 ,0.00842909 ,0 
457,11.425 ,0.0083405 ,0 
458,11.45 ,0.00825183 ,0 
459,11.475 ,0.00816312 ,0 
460,11.5 ,0.00807438 ,0 
461,11.525 ,0.00798565 ,0 
462,11.55 ,0.00789696 ,0 
463,11.575 ,0.00780832 ,0 
464,11.6 ,0.00771977 ,0 
465,11.625 ,0.00763132 ,0 
466,11.65 ,0.00754301 ,0 
467,11.675 ,0.00745486 ,0 
468,11.7 ,0.00736689 ,0 
469,11.725 ,0.00727912 ,0 
470,11.75 ,0.00719157 ,0 
471,11.775 ,0.00710427 ,0 
472,11.8 ,0.00701724 ,0 
473,11.825 ,0.00693049 ,0 
474,11.85 ,0.00684406 ,0 
475,11.875 ,0.00675795 ,0 
476,11.9 ,0.00667218 ,0 
477,11.925 ,0.00658678 ,0 
478,11.95 ,0.00650176 ,0 
479,11.975 ,0.00641713 ,0 
480,12 ,0.00633292 ,0 
481,12.025 ,0.00624914 ,0 
482,12.05 ,0.00616581 ,0 
483,12.075 ,0.00608294 ,0 
484,12.1 ,0.00600054 ,0 
485,12.125 ,0.00591864 ,0 
486,12.15 ,0.00583723 ,0 
487,12.175 ,0.00575634 ,0 
488,12.2 ,0.00567598 ,0 
489,12.225 ,0.00559616 ,0 
490,12.25 ,0.00551689 ,0 
491,12.275 ,0.00543819 ,0 
492,12.3 ,0.00536006 ,0 
493,12.325 ,0.00528251 ,0 
494,12.35 ,0.00520555 ,0 
495,12.375 ,0.0051292 ,0 
496,12.4 ,0.00505346 ,0 
497,12.425 ,0.00497833 ,0 
498,12.45 ,0.00490384 ,0 
499,12.475 ,0.00482998 ,0 
500,12.5 ,0.00475676 ,0 
501,12.525 ,0.00468419 ,0 
502,12.55 ,0.00461228 ,0 
503,12.575 ,0.00454102 ,0 
504,12.6 ,0.00447044 ,0 
505,12.625 ,0.00440052 ,0 
506,12.65 ,0.00433128 ,0 
507,12.675 ,0.00426273 ,0 
508,12.7 ,0.00419485 ,0 
509,12.725 ,0.00412767 ,0 
510,12.75 ,0.00406118 ,0 
511,12.775 ,0.00399538 ,0 
512,12.8 ,0.00393028 ,0 
513,12.825 ,0.00386588 ,0 
514,12.85 ,0.00380219 ,0 
515,12.875 ,0.00373919 ,0 
516,12.9 ,0.00367691 ,0 
517,12.925 ,0.00361533 ,0 
518,12.95 ,0.00355446 ,0 
519,12.975 ,0.00349429 ,0 
520,13 ,0.00343484 ,0 
521,13.025 ,0.00337609 ,0 
522,13.05 ,0.00331805 ,0 
523,13.075 ,0.00326072 ,0 
524,13.1 ,0.0032041 ,0 
525,13.125 ,0.00314818 ,0 
526,13.15 ,0.00309297 ,0 
527,13.175 ,0.00303846 ,0 
528,13.2 ,0.00298466 ,0 
529,13.225 ,0.00293155 ,0 
530,13.25 ,0.00287914 ,0 
531,13.275 ,0.00282744 ,0 
532,13.3 ,0.00277642 ,0 
533,13.325 ,0.0027261 ,0 
534,13.35 ,0.00267646 ,0 
535,13.375 ,0.00262751 ,0 
536,13.4 ,0.00257924 ,0 
537,13.425 ,0.00253166 ,0 
538,13.45 ,0.00248474 ,0 
539,13.475 ,0.00243851 ,0 
540,13.5 ,0.00239293 ,0 
541,13.525 ,0.00234803 ,0 
542,13.55 ,0.00230378 ,0 
543,13.575 ,0.00226019 ,0 
544,13.6 ,0.00221726 ,0 
545,13.625 ,0.00217497 ,0 
546,13.65 ,0.00213332 ,0 
547,13.675 ,0.00209231 ,0 
548,13.7 ,0.00205193 ,0 
549,13.725 ,0.00201218 ,0 
550,13.75 ,0.00197306 ,0 
551,13.775 ,0.00193455 ,0 
552,13.8 ,0.00189665 ,0 
553,13.825 ,0.00185936 ,0 
554,13.85 ,0.00182267 ,0 
555,13.875 ,0.00178657 ,0 
556,13.9 ,0.00175106 ,0 
557,13.925 ,0.00171614 ,0 
558,13.95 ,0.00168179 ,0 
559,13.975 ,0.00164801 ,0 
560,14 ,0.0016148 ,0 
561,14.025 ,0.00158215 ,0 
562,14.05 ,0.00155005 ,0 
563,14.075 ,0.0015185 ,0 
564,14.1 ,0.00148748 ,0 
565,14.125 ,0.00145701 ,0 
566,14.15 ,0.00142706 ,0 
567,14.175 ,0.00139763 ,0 
568,14.2 ,0.00136872 ,0 
569,14.225 ,0.00134032 ,0 
570,14.25 ,0.00131242 ,0 
571,14.275 ,0.00128501 ,0 
572,14.3 ,0.0012581 ,0 
573,14.325 ,0.00123167 ,0 
574,14.35 ,0.00120572 ,0 
575,14.375 ,0.00118024 ,0 
576,14.4 ,0.00115523 ,0 
577,14.425 ,0.00113068 ,0 
578,14.45 ,0.00110657 ,0 
579,14.475 ,0.00108292 ,0 
580,14.5 ,0.0010597 ,0 
581,14.525 ,0.00103692 ,0 
582,14.55 ,0.00101456 ,0 
583,14.575 ,0.00099263 ,0 
584,14.6 ,0.000971112 ,0 
585,14.625 ,0.000950004 ,0 
586,14.65 ,0.000929298 ,0 
587,14.675 ,0.00090899 ,0 
588,14.7 ,0.000889073 ,0 
589,14.725 ,0.000869542 ,0 
590,14.75 ,0.000850389 ,0 
591,14.775 ,0.000831611 ,0 
592,14.8 ,0.000813199 ,0 
593,14.825 ,0.00079515 ,0 
594,14.85 ,0.000777457 ,0 
595,14.875 ,0.000760114 ,0 
596,14.9 ,0.000743116 ,0 
597,14.925 ,0.000726458 ,0 
598,14.95 ,0.000710133 ,0 
599,14.975 ,0.000694136 ,0 
600,15 ,0.000678462 ,0 
601,15.025 ,0.000663106 ,0 
602,15.05 ,0.000648062 ,0 
603,15.075 ,0.000633324 ,0 
604,15.1 ,0.000618889 ,0 
605,15.125 ,0.000604749 ,0 
606,15.15 ,0.000590901 ,0 
607,15.175 ,0.00057734 ,0 
608,15.2 ,0.00056406 ,0 
609,15.225 ,0.000551056 ,0 
610,15.25 ,0.000538324 ,0 
611,15.275 ,0.000525858 ,0 
612,15.3 ,0.000513655 ,0 
613,15.325 ,0.000501709 ,0 
614,15.35 ,0.000490015 ,0 
615,15.375 ,0.00047857 ,0 
616,15.4 ,0.000467368 ,0 
617,15.425 ,0.000456405 ,0 
618,15.45 ,0.000445677 ,0 
619,15.475 ,0.00043518 ,0 
620,15.5 ,0.000424908 ,0 
621,15.525 ,0.000414859 ,0 
622,15.55 ,0.000405027 ,0 
623,15.575 ,0.000395409 ,0 
624,15.6 ,0.000386 ,0 
625,15.625 ,0.000376797 ,0 
626,15.65 ,0.000367796 ,0 
627,15.675 ,0.000358992 ,0 
628,15.7 ,0.000350383 ,0 
629,15.725 ,0.000341963 ,0 
630,15.75 ,0.00033373 ,0 
631,15.775 ,0.00032568 ,0 
632,15.8 ,0.00031781 ,0 
633,15.825 ,0.000310115 ,0 
634,15.85 ,0.000302592 ,0 
635,15.875 ,0.000295238 ,0 
636,15.9 ,0.000288049 ,0 
637,15.925 ,0.000281023 ,0 
638,15.95 ,0.000274156 ,0 
639,15.975 ,0.000267444 ,0 
640,16 ,0.000260885 ,0 
641,16.025 ,0.000254475 ,0 
642,16.05 ,0.000248212 ,0 
643,16.075 ,0.000242092 ,0 
644,16.1 ,0.000236113 ,0 
645,16.125 ,0.000230271 ,0 
646,16.15 ,0.000224564 ,0 
647,16.175 ,0.000218989 ,0 
648,16.2 ,0.000213542 ,0 
649,16.225 ,0.000208223 ,0 
650,16.25 ,0.000203027 ,0 
651,16.275 ,0.000197952 ,0 
652,16.3 ,0.000192996 ,0 
653,16.325 ,0.000188156 ,0 
654,16.35 ,0.00018343 ,0 
655,16.375 ,0.000178814 ,0 
656,16.4 ,0.000174308 ,0 
657,16.425 ,0.000169908 ,0 
658,16.45 ,0.000165612 ,0 
659,16.475 ,0.000161419 ,0 
660,16.5 ,0.000157325 ,0 
661,16.525 ,0.000153328 ,0 
662,16.55 ,0.000149427 ,0 
663,16.575 ,0.00014562 ,0 
664,16.6 ,0.000141903 ,0 
665,16.625 ,0.000138276 ,0 
666,16.65 ,0.000134737 ,0 
667,16.675 ,0.000131282 ,0 
668,16.7 ,0.000127911 ,0 
669,16.725 ,0.000124622 ,0 
670,16.75 ,0.000121413 ,0 
671,16.775 ,0.000118281 ,0 
672,16.8 ,0.000115226 ,0 
673,16.825 ,0.000112246 ,0 
674,16.85 ,0.000109338 ,0 
675,16.875 ,0.000106501 ,0 
676,16.9 ,0.000103735 ,0 
677,16.925 ,0.000101036 ,0 
678,16.95 ,9.84033e-05 ,0 
679,16.975 ,9.58359e-05 ,0 
680,17 ,9.3332e-05 ,0 
681,17.025 ,9.08901e-05 ,0 
682,17.05 ,8.85088e-05 ,0 
683,17.075 ,8.61867e-05 ,0 
684,17.1 ,8.39224e-05 ,0 
685,17.125 ,8.17146e-05 ,0 
686,17.15 ,7.95619e-05 ,0 
687,17.175 ,7.74631e-05 ,0 
688,17.2 ,7.54169e-05 ,0 
689,17.225 ,7.34222e-05 ,0 
690,17.25 ,7.14776e-05 ,0 
691,17.275 ,6.9582e-05 ,0 
692,17.3 ,6.77342e-05 ,0 
693,17.325 ,6.59332e-05 ,0 
694,17.35 ,6.41778e-05 ,0 
695,17.375 ,6.24669e-05 ,0 
696,17.4 ,6.07995e-05 ,0 
697,17.425 ,5.91745e-05 ,0 
698,17.45 ,5.75909e-05 ,0 
699,17.475 ,5.60478e-05 ,0 
700,17.5 ,5.45441e-05 ,0 
701,17.525 ,5.3079e-05 ,0 
702,17.55 ,5.16514e-05 ,0 
703,17.575 ,5.02605e-05 ,0 
704,17.6 ,4.89054e-05 ,0 
705,17.625 ,4.75852e-05 ,0 
706,17.65 ,4.62991e-05 ,0 
707,17.675 ,4.50462e-05 ,0 
708,17.7 ,4.38257e-05 ,0 
709,17.725 ,4.26369e-05 ,0 
710,17.75 ,4.1479e-05 ,0 
711,17.775 ,4.03512e-05 ,0 
712,17.8 ,3.92527e-05 ,0 
713,17.825 ,3.81829e-05 ,0 
714,17.85 ,3.71411e-05 ,0 
715,17.875 ,3.61265e-05 ,0 
716,17.9 ,3.51384e-05 ,0 
717,17.925 ,3.41763e-05 ,0 
718,17.95 ,3.32395e-05 ,0 
719,17.975 ,3.23272e-05 ,0 
720,18 ,3.14391e-05 ,0 
721,18.025 ,3.05743e-05 ,0 
722,18.05 ,2.97324e-05 ,0 
723,18.075 ,2.89128e-05 ,0 
724,18.1 ,2.81149e-05 ,0 
725,18.125 ,2.73381e-05 ,0 
726,18.15 ,2.6582e-05 ,0 
727,18.175 ,2.58459e-05 ,0 
728,18.2 ,2.51295e-05 ,0 
729,18.225 ,2.44322e-05 ,0 
730,18.25 ,2.37535e-05 ,0 
731,18.275 ,2.30929e-05 ,0 
732,18.3 ,2.24501e-05 ,0 
733,18.325 ,2.18244e-05 ,0 
734,18.35 ,2.12156e-05 ,0 
735,18.375 ,2.06231e-05 ,0 
736,18.4 ,2.00465e-05 ,0 
737,18.425 ,1.94855e-05 ,0 
738,18.45 ,1.89397e-05 ,0 
739,18.475 ,1.84085e-05 ,0 
740,18.5 ,1.78918e-05 ,0 
741,18.525 ,1.7389e-05 ,0 
742,18.55 ,1.68999e-05 ,0 
743,18.575 ,1.6424e-05 ,0 
744,18.6 ,1.59611e-05 ,0 
745,18.625 ,1.55107e-05 ,0 
746,18.65 ,1.50727e-05 ,0 
747,18.675 ,1.46465e-05 ,0 
748,18.7 ,1.42321e-05 ,0 
749,18.725 ,1.38289e-05 ,0 
750,18.75 ,1.34368e-05 ,0 
751,18.775 ,1.30554e-05 ,0 
752,18.8 ,1.26845e-05 ,0 
753,18.825 ,1.23238e-05 ,0 
754,18.85 ,1.1973e-05 ,0 
755,18.875 ,1.16319e-05 ,0 
756,18.9 ,1.13002e-05 ,0 
757,18.925 ,1.09776e-05 ,0 
758,18.95 ,1.06639e-05 ,0 
759,18.975 ,1.0359e-05 ,0 
760,19 ,1.00624e-05 ,0 
761,19.025 ,9.7741e-06 ,0 
762,19.05 ,9.49378e-06 ,0 
763,19.075 ,9.22125e-06 ,0 
764,19.1 ,8.9563e-06 ,0 
765,19.125 ,8.69873e-06 ,0 
766,19.15 ,8.44833e-06 ,0 
767,19.175 ,8.20492e-06 ,0 
768,19.2 ,7.96832e-06 ,0 
769,19.225 ,7.73832e-06 ,0 
770,19.25 ,7.51477e-06 ,0 
771,19.275 ,7.29748e-06 ,0 
772,19.3 ,7.08629e-06 ,0 
773,19.325 ,6.88103e-06 ,0 
774,19.35 ,6.68154e-06 ,0 
775,19.375 ,6.48766e-06 ,0 
776,19.4 ,6.29924e-06 ,0 
777,19.425 ,6.11614e-06 ,0 
778,19.45 ,5.9382e-06 ,0 
779,19.475 ,5.7653e-06 ,0 
780,19.5 ,5.59728e-06 ,0 
781,19.525 ,5.43402e-06 ,0 
782,19.55 ,5.27539e-06 ,0 
783,19.575 ,5.12126e-06 ,0 
784,19.6 ,4.97151e-06 ,0 
785,19.625 ,4.82601e-06 ,0 
786,19.65 ,4.68465e-06 ,0 
787,19.675 ,4.54732e-06 ,0 
788,19.7 ,4.41391e-06 ,0 
789,19.725 ,4.2843e-06 ,0 
790,19.75 ,4.1584e-06 ,0 
791,19.775 ,4.03609e-06 ,0 
792,19.8 ,3.91729e-06 ,0 
793,19.825 ,3.80189e-06 ,0 
794,19.85 ,3.68979e-06 ,0 
795,19.875 ,3.58092e-06 ,0 
796,19.9 ,3.47517e-06 ,0 
797,19.925 ,3.37247e-06 ,0 
798,19.95 ,3.27272e-06 ,0 
799,19.975 ,3.17584e-06 ,0 
800,20 ,3.08176e-06 ,0 
801,20.025 ,2.99039e-06 ,0 
802,20.05 ,2.90167e-06 ,0 
803,20.075 ,2.81551e-06 ,0 
804,20.1 ,2.73184e-06 ,0 
805,20.125 ,2.65059e-06 ,0 
806,20.15 ,2.57171e-06 ,0 
807,20.175 ,2.49511e-06 ,0 
808,20.2 ,2.42073e-06 ,0 
809,20.225 ,2.34852e-06 ,0 
810,20.25 ,2.27841e-06 ,0 
811,20.275 ,2.21034e-06 ,0 
812,20.3 ,2.14426e-06 ,0 
813,20.325 ,2.0801e-06 ,0 
814,20.35 ,2.01782e-06 ,0 
815,20.375 ,1.95735e-06 ,0 
816,20.4 ,1.89866e-06 ,0 
817,20.425 ,1.84168e-06 ,0 
818,20.45 ,1.78637e-06 ,0 
819,20.475 ,1.73269e-06 ,0 
820,20.5 ,1.68058e-06 ,0 
821,20.525 ,1.63e-06 ,0 
822,20.55 ,1.58091e-06 ,0 
823,20.575 ,1.53326e-06 ,0 
824,20.6 ,1.48701e-06 ,0 
825,20.625 ,1.44213e-06 ,0 
826,20.65 ,1.39857e-06 ,0 
827,20.675 ,1.3563e-06 ,0 
828,20.7 ,1.31528e-06 ,0 
829,20.725 ,1.27547e-06 ,0 
830,20.75 ,1.23683e-06 ,0 
831,20.775 ,1.19935e-06 ,0 
832,20.8 ,1.16297e-06 ,0 
833,20.825 ,1.12767e-06 ,0 
834,20.85 ,1.09342e-06 ,0 
835,20.875 ,1.06019e-06 ,0 
836,20.9 ,1.02794e-06 ,0 
837,20.925 ,9.96659e-07 ,0 
838,20.95 ,9.66306e-07 ,0 
839,20.975 ,9.36857e-07 ,0 
840,21 ,9.08287e-07 ,0 
841,21.025 ,8.80569e-07 ,0 
842,21.05 ,8.5368e-07 ,0 
843,21.075 ,8.27595e-07 ,0 
844,21.1 ,8.0229e-07 ,0 
845,21.125 ,7.77742e-07 ,0 
846,21.15 ,7.53931e-07 ,0 
847,21.175 ,7.30833e-07 ,0 
848,21.2 ,7.08429e-07 ,0 
849,21.225 ,6.86697e-07 ,0 
850,21.25 ,6.65618e-07 ,0 
851,21.275 ,6.45174e-07 ,0 
852,21.3 ,6.25345e-07 ,0 
853,21.325 ,6.06113e-07 ,0 
854,21.35 ,5.87461e-07 ,0 
855,21.375 ,5.69372e-07 ,0 
856,21.4 ,5.51829e-07 ,0 
857,21.425 ,5.34816e-07 ,0 
858,21.45 ,5.18317e-07 ,0 
859,21.475 ,5.02317e-07 ,0 
860,21.5 ,4.86802e-07 ,0 
861,21.525 ,4.71757e-07 ,0 
862,21.55 ,4.57168e-07 ,0 
863,21.575 ,4.43022e-07 ,0 
864,21.6 ,4.29306e-07 ,0 
865,21.625 ,4.16006e-07 ,0 
866,21.65 ,4.03111e-07 ,0 
867,21.675 ,3.90608e-07 ,0 
868,21.7 ,3.78486e-07 ,0 
869,21.725 ,3.66733e-07 ,0 
870,21.75 ,3.55339e-07 ,0 
871,21.775 ,3.44293e-07 ,0 
872,21.8 ,3.33583e-07 ,0 
873,21.825 ,3.23202e-07 ,0 
874,21.85 ,3.13137e-07 ,0 
875,21.875 ,3.03381e-07 ,0 
876,21.9 ,2.93924e-07 ,0 
877,21.925 ,2.84756e-07 ,0 
878,21.95 ,2.7587e-07 ,0 
879,21.975 ,2.67256e-07 ,0 
880,22 ,2.58907e-07 ,0 
881,22.025 ,2.50815e-07 ,0 
882,22.05 ,2.42971e-07 ,0 
883,22.075 ,2.35369e-07 ,0 
884,22.1 ,2.28001e-07 ,0 
885,22.125 ,2.2086e-07 ,0 
886,22.15 ,2.1394e-07 ,0 
887,22.175 ,2.07233e-07 ,0 
888,22.2 ,2.00733e-07 ,0 
889,22.225 ,1.94435e-07 ,0 
890,22.25 ,1.88331e-07 ,0 
891,22.275 ,1.82416e-07 ,0 
892,22.3 ,1.76685e-07 ,0 
893,22.325 ,1.71131e-07 ,0 
894,22.35 ,1.65749e-07 ,0 
895,22.375 ,1.60535e-07 ,0 
896,22.4 ,1.55482e-07 ,0 
897,22.425 ,1.50587e-07 ,0 
898,22.45 ,1.45844e-07 ,0 
899,22.475 ,1.41249e-07 ,0 
900,22.5 ,1.36797e-07 ,0 
901,22.525 ,1.32484e-07 ,0 
902,22.55 ,1.28306e-07 ,0 
903,22.575 ,1.24258e-07 ,0 
904,22.6 ,1.20337e-07 ,0 
905,22.625 ,1.16539e-07 ,0 
906,22.65 ,1.1286e-07 ,0 
907,22.675 ,1.09296e-07 ,0 
908,22.7 ,1.05844e-07 ,0 
909,22.725 ,1.025e-07 ,0 
910,22.75 ,9.92615e-08 ,0 
911,22.775 ,9.6125e-08 ,0 
912,22.8 ,9.30872e-08 ,0 
913,22.825 ,9.01453e-08 ,0 
914,22.85 ,8.72963e-08 ,0 
915,22.875 ,8.45373e-08 ,0 
916,22.9 ,8.18655e-08 ,0 
917,22.925 ,7.92784e-08 ,0 
918,22.95 ,7.67733e-08 ,0 
919,22.975 ,7.43478e-08 ,0 
920,23 ,7.19993e-08 ,0 
921,23.025 ,6.97256e-08 ,0 
922,23.05 ,6.75243e-08 ,0 
923,23.075 ,6.53933e-08 ,0 
924,23.1 ,6.33304e-08 ,0 
925,23.125 ,6.13334e-08 ,0 
926,23.15 ,5.94005e-08 ,0 
927,23.175 ,5.75296e-08 ,0 
928,23.2 ,5.57188e-08 ,0 
929,23.225 ,5.39664e-08 ,0 
930,23.25 ,5.22705e-08 ,0 
931,23.275 ,5.06294e-08 ,0 
932,23.3 ,4.90414e-08 ,0 
933,23.325 ,4.75049e-08 ,0 
934,23.35 ,4.60184e-08 ,0 
935,23.375 ,4.45804e-08 ,0 
936,23.4 ,4.31893e-08 ,0 
937,23.425 ,4.18437e-08 ,0 
938,23.45 ,4.05423e-08 ,0 
939,23.475 ,3.92837e-08 ,0 
940,23.5 ,3.80667e-08 ,0 
941,23.525 ,3.68899e-08 ,0 
942,23.55 ,3.57522e-08 ,0 
943,23.575 ,3.46524e-08 ,0 
944,23.6 ,3.35894e-08 ,0 
945,23.625 ,3.2562e-08 ,0 
946,23.65 ,3.15692e-08 ,0 
947,23.675 ,3.061e-08 ,0 
948,23.7 ,2.96834e-08 ,0 
949,23.725 ,2.87884e-08 ,0 
950,23.75 ,2.7924e-08 ,0 
951,23.775 ,2.70895e-08 ,0 
952,23.8 ,2.62838e-08 ,0 
953,23.825 ,2.55062e-08 ,0 
954,23.85 ,2.47559e-08 ,0 
955,23.875 ,2.4032e-08 ,0 
956,23.9 ,2.33339e-08 ,0 
957,23.925 ,2.26607e-08 ,0 
958,23.95 ,2.20118e-08 ,0 
959,23.975 ,2.13865e-08 ,0 
960,24 ,2.07841e-08 ,0 
961,24.025 ,2.0204e-08 ,0 
962,24.05 ,1.96456e-08 ,0 
963,24.075 ,1.91083e-08 ,0 
964,24.1 ,1.85915e-08 ,0 
965,24.125 ,1.80947e-08 ,0 
966,24.15 ,1.76173e-08 ,0 
967,24.175 ,1.71589e-08 ,0 
968,24.2 ,1.67188e-08 ,0 
969,24.225 ,1.62968e-08 ,0 
970,24.25 ,1.58923e-08 ,0 
971,24.275 ,1.55049e-08 ,0 
972,24.3 ,1.51342e-08 ,0 
973,24.325 ,1.47797e-08 ,0 
974,24.35 ,1.44411e-08 ,0 
975,24.375 ,1.41181e-08 ,0 
976,24.4 ,1.38102e-08 ,0 
977,24.425 ,1.35172e-08 ,0 
978,24.45 ,1.32387e-08 ,0 
979,24.475 ,1.29744e-08 ,0 
980,24.5 ,1.27241e-08 ,0 
981,24.525 ,1.24874e-08 ,0 
982,24.55 ,1.22642e-08 ,0 
983,24.575 ,1.2054e-08 ,0 
984,24.6 ,1.18568e-08 ,0 
985,24.625 ,1.16723e-08 ,0 
986,24.65 ,1.15004e-08 ,0 
987,24.675 ,1.13407e-08 ,0 
988,24.7 ,1.11931e-08 ,0 
989,24.725 ,1.10575e-08 ,0 
990,24.75 ,1.09337e-08 ,0 
991,24.775 ,1.08215e-08 ,0 
992,24.8 ,1.07209e-08 ,0 
993,24.825 ,1.06317e-08 ,0 
994,24.85 ,1.05538e-08 ,0 
995,24.875 ,1.04872e-08 ,0 
996,24.9 ,1.04316e-08 ,0 
997,24.925 ,1.03872e-08 ,0 
998,24.95 ,1.03537e-08 ,0 
999,24.975 ,1.03312e-08 ,0 
1000,25 ,1.03196e-08 ,0 