N_e = 18
1,0.025 ,1.89835e-07 ,0 
2,0.05 ,1.89835e-07 ,0 
3,0.075 ,6.40523e-07 ,0 
4,0.1 ,1.51773e-06 ,0 
5,0.125 ,2.96293e-06 ,0 
6,0.15 ,5.11703e-06 ,0 
7,0.175 ,8.1202e-06 ,0 
8,0.2 ,1.21117e-05 ,0 
9,0.225 ,1.72298e-05 ,0 
10,0.25 ,2.36117e-05 ,0 
11,0.275 ,3.13931e-05 ,0 
12,0.3 ,4.07083e-05 ,0 
13,0.325 ,5.16901e-05 ,0 
14,0.35 ,6.44696e-05 ,0 
15,0.375 ,7.91759e-05 ,0 
16,0.4 ,9.59362e-05 ,0 
17,0.425 ,0.000114876 ,0 
18,0.45 ,0.000136117 ,0 
19,0.475 ,0.00015978 ,0 
20,0.5 ,0.000185983 ,0 
21,0.525 ,0.000214842 ,0 
22,0.55 ,0.000246469 ,0 
23,0.575 ,0.000280973 ,0 
24,0.6 ,0.000318461 ,0 
25,0.625 ,0.000359036 ,0 
26,0.65 ,0.0004028 ,0 
27,0.675 ,0.000449848 ,0 
28,0.7 ,0.000500274 ,0 
29,0.725 ,0.000554169 ,0 
30,0.75 ,0.000611618 ,0 
31,0.775 ,0.000672704 ,0 
32,0.8 ,0.000737507 ,0 
33,0.825 ,0.0008061 ,0 
34,0.85 ,0.000878556 ,0 
35,0.875 ,0.00095494 ,0 
36,0.9 ,0.00103532 ,0 
37,0.925 ,0.00111974 ,0 
38,0.95 ,0.00120827 ,0 
39,0.975 ,0.00130096 ,0 
40,1 ,0.00139784 ,0 
41,1.025 ,0.00149896 ,0 
42,1.05 ,0.00160437 ,0 
43,1.075 ,0.00171408 ,0 
44,1.1 ,0.00182812 ,0 
45,1.125 ,0.00194653 ,0 
46,1.15 ,0.00206932 ,0 
47,1.175 ,0.00219649 ,0 
48,1.2 ,0.00232806 ,0 
49,1.225 ,0.00246404 ,0 
50,1.25 ,0.00260442 ,0 
51,1.275 ,0.0027492 ,0 
52,1.3 ,0.00289836 ,0 
53,1.325 ,0.00305189 ,0 
54,1.35 ,0.00320977 ,0 
55,1.375 ,0.00337198 ,0 
56,1.4 ,0.00353848 ,0 
57,1.425 ,0.00370925 ,0 
58,1.45 ,0.00388424 ,0 
59,1.475 ,0.00406341 ,0 
60,1.5 ,0.0042467 ,0 
61,1.525 ,0.00443408 ,0 
62,1.55 ,0.00462547 ,0 
63,1.575 ,0.00482082 ,0 
64,1.6 ,0.00502006 ,0 
65,1.625 ,0.00522311 ,0 
66,1.65 ,0.00542991 ,0 
67,1.675 ,0.00564037 ,0 
68,1.7 ,0.00585441 ,0 
69,1.725 ,0.00607194 ,0 
70,1.75 ,0.00629286 ,0 
71,1.775 ,0.00651707 ,0 
72,1.8 ,0.00674449 ,0 
73,1.825 ,0.006975 ,0 
74,1.85 ,0.00720848 ,0 
75,1.875 ,0.00744484 ,0 
76,1.9 ,0.00768395 ,0 
77,1.925 ,0.0079257 ,0 
78,1.95 ,0.00816995 ,0 
79,1.975 ,0.00841658 ,0 
80,2 ,0.00866547 ,0 
81,2.025 ,0.00891647 ,0 
82,2.05 ,0.00916945 ,0 
83,2.075 ,0.00942428 ,0 
84,2.1 ,0.0096808 ,0 
85,2.125 ,0.00993888 ,0 
86,2.15 ,0.0101984 ,0 
87,2.175 ,0.0104591 ,0 
88,2.2 ,0.0107209 ,0 
89,2.225 ,0.0109837 ,0 
90,2.25 ,0.0112473 ,0 
91,2.275 ,0.0115115 ,0 
92,2.3 ,0.0117762 ,0 
93,2.325 ,0.0120412 ,0 
94,2.35 ,0.0123063 ,0 
95,2.375 ,0.0125714 ,0 
96,2.4 ,0.0128363 ,0 
97,2.425 ,0.0131008 ,0 
98,2.45 ,0.0133649 ,0 
99,2.475 ,0.0136282 ,0 
100,2.5 ,0.0138906 ,0 
101,2.525 ,0.0141521 ,0 
102,2.55 ,0.0144122 ,0 
103,2.575 ,0.0146711 ,0 
104,2.6 ,0.0149283 ,0 
105,2.625 ,0.0151838 ,0 
106,2.65 ,0.0154374 ,0 
107,2.675 ,0.015689 ,0 
108,2.7 ,0.0159382 ,0 
109,2.725 ,0.0161851 ,0 
110,2.75 ,0.0164294 ,0 
111,2.775 ,0.0166709 ,0 
112,2.8 ,0.0169094 ,0 
113,2.825 ,0.0171449 ,0 
114,2.85 ,0.0173771 ,0 
115,2.875 ,0.0176059 ,0 
116,2.9 ,0.0178311 ,0 
117,2.925 ,0.0180525 ,0 
118,2.95 ,0.01827 ,0 
119,2.975 ,0.0184834 ,0 
120,3 ,0.0186926 ,0 
121,3.025 ,0.0188973 ,0 
122,3.05 ,0.0190976 ,0 
123,3.075 ,0.0192931 ,0 
124,3.1 ,0.0194838 ,0 
125,3.125 ,0.0196696 ,0 
126,3.15 ,0.0198501 ,0 
127,3.175 ,0.0200255 ,0 
128,3.2 ,0.0201954 ,0 
129,3.225 ,0.0203598 ,0 
130,3.25 ,0.0205185 ,0 
131,3.275 ,0.0206714 ,0 
132,3.3 ,0.0208184 ,0 
133,3.325 ,0.0209594 ,0 
134,3.35 ,0.0210942 ,0 
135,3.375 ,0.0212227 ,0 
136,3.4 ,0.0213449 ,0 
137,3.425 ,0.0214605 ,0 
138,3.45 ,0.0215696 ,0 
139,3.475 ,0.0216721 ,0 
140,3.5 ,0.0217677 ,0 
141,3.525 ,0.0218565 ,0 
142,3.55 ,0.0219383 ,0 
143,3.575 ,0.0220131 ,0 
144,3.6 ,0.0220808 ,0 
145,3.625 ,0.0221414 ,0 
146,3.65 ,0.0221947 ,0 
147,3.675 ,0.0222407 ,0 
148,3.7 ,0.0222793 ,0 
149,3.725 ,0.0223105 ,0 
150,3.75 ,0.0223342 ,0 
151,3.775 ,0.0223505 ,0 
152,3.8 ,0.0223592 ,0 
153,3.825 ,0.0223603 ,0 
154,3.85 ,0.0223537 ,0 
155,3.875 ,0.0223396 ,0 
156,3.9 ,0.0223178 ,0 
157,3.925 ,0.0222883 ,0 
158,3.95 ,0.0222511 ,0 
159,3.975 ,0.0222063 ,0 
160,4 ,0.0221537 ,0 
161,4.025 ,0.0220935 ,0 
162,4.05 ,0.0220256 ,0 
163,4.075 ,0.02195 ,0 
164,4.1 ,0.0218667 ,0 
165,4.125 ,0.0217759 ,0 
166,4.15 ,0.0216774 ,0 
167,4.175 ,0.0215714 ,0 
168,4.2 ,0.0214578 ,0 
169,4.225 ,0.0213368 ,0 
170,4.25 ,0.0212083 ,0 
171,4.275 ,0.0210724 ,0 
172,4.3 ,0.0209292 ,0 
173,4.325 ,0.0207787 ,0 
174,4.35 ,0.020621 ,0 
175,4.375 ,0.0204562 ,0 
176,4.4 ,0.0202843 ,0 
177,4.425 ,0.0201054 ,0 
178,4.45 ,0.0199196 ,0 
179,4.475 ,0.0197269 ,0 
180,4.5 ,0.0195276 ,0 
181,4.525 ,0.0193216 ,0 
182,4.55 ,0.019109 ,0 
183,4.575 ,0.01889 ,0 
184,4.6 ,0.0186647 ,0 
185,4.625 ,0.0184331 ,0 
186,4.65 ,0.0181955 ,0 
187,4.675 ,0.0179518 ,0 
188,4.7 ,0.0177023 ,0 
189,4.725 ,0.017447 ,0 
190,4.75 ,0.0171861 ,0 
191,4.775 ,0.0169196 ,0 
192,4.8 ,0.0166478 ,0 
193,4.825 ,0.0163708 ,0 
194,4.85 ,0.0160887 ,0 
195,4.875 ,0.0158017 ,0 
196,4.9 ,0.0155098 ,0 
197,4.925 ,0.0152133 ,0 
198,4.95 ,0.0149122 ,0 
199,4.975 ,0.0146068 ,0 
200,5 ,0.0142972 ,0 
201,5.025 ,0.0139836 ,0 
202,5.05 ,0.013666 ,0 
203,5.075 ,0.0133447 ,0 
204,5.1 ,0.0130199 ,0 
205,5.125 ,0.0126916 ,0 
206,5.15 ,0.0123601 ,0 
207,5.175 ,0.0120255 ,0 
208,5.2 ,0.011688 ,0 
209,5.225 ,0.0113478 ,0 
210,5.25 ,0.011005 ,0 
211,5.275 ,0.0106598 ,0 
212,5.3 ,0.0103123 ,0 
213,5.325 ,0.00996283 ,0 
214,5.35 ,0.00961144 ,0 
215,5.375 ,0.00925835 ,0 
216,5.4 ,0.00890371 ,0 
217,5.425 ,0.00854771 ,0 
218,5.45 ,0.00819052 ,0 
219,5.475 ,0.00783231 ,0 
220,5.5 ,0.00747327 ,0 
221,5.525 ,0.00711355 ,0 
222,5.55 ,0.00675335 ,0 
223,5.575 ,0.00639283 ,0 
224,5.6 ,0.00603216 ,0 
225,5.625 ,0.00567151 ,0 
226,5.65 ,0.00531107 ,0 
227,5.675 ,0.004951 ,0 
228,5.7 ,0.00459146 ,0 
229,5.725 ,0.00423264 ,0 
230,5.75 ,0.00387469 ,0 
231,5.775 ,0.00351778 ,0 
232,5.8 ,0.00316208 ,0 
233,5.825 ,0.00280776 ,0 
234,5.85 ,0.00245497 ,0 
235,5.875 ,0.00210387 ,0 
236,5.9 ,0.00175463 ,0 
237,5.925 ,0.0014074 ,0 
238,5.95 ,0.00106234 ,0 
239,5.975 ,0.000719602 ,0 
240,6 ,0.000379333 ,0 
241,6.025 ,4.16851e-05 ,0 
242,6.05 ,-0.000293194 ,0 
243,6.075 ,-0.000625161 ,0 
244,6.1 ,-0.000954072 ,0 
245,6.125 ,-0.00127979 ,0 
246,6.15 ,-0.00160217 ,0 
247,6.175 ,-0.00192109 ,0 
248,6.2 ,-0.00223641 ,0 
249,6.225 ,-0.00254799 ,0 
250,6.25 ,-0.00285573 ,0 
251,6.275 ,-0.00315948 ,0 
252,6.3 ,-0.00345913 ,0 
253,6.325 ,-0.00375457 ,0 
254,6.35 ,-0.00404567 ,0 
255,6.375 ,-0.00433233 ,0 
256,6.4 ,-0.00461443 ,0 
257,6.425 ,-0.00489188 ,0 
258,6.45 ,-0.00516456 ,0 
259,6.475 ,-0.00543239 ,0 
260,6.5 ,-0.00569525 ,0 
261,6.525 ,-0.00595307 ,0 
262,6.55 ,-0.00620575 ,0 
263,6.575 ,-0.0064532 ,0 
264,6.6 ,-0.00669535 ,0 
265,6.625 ,-0.00693211 ,0 
266,6.65 ,-0.0071634 ,0 
267,6.675 ,-0.00738917 ,0 
268,6.7 ,-0.00760933 ,0 
269,6.725 ,-0.00782382 ,0 
270,6.75 ,-0.00803258 ,0 
271,6.775 ,-0.00823555 ,0 
272,6.8 ,-0.00843268 ,0 
273,6.825 ,-0.00862391 ,0 
274,6.85 ,-0.00880921 ,0 
275,6.875 ,-0.00898851 ,0 
276,6.9 ,-0.00916179 ,0 
277,6.925 ,-0.009329 ,0 
278,6.95 ,-0.00949011 ,0 
279,6.975 ,-0.00964509 ,0 
280,7 ,-0.00979392 ,0 
281,7.025 ,-0.00993656 ,0 
282,7.05 ,-0.010073 ,0 
283,7.075 ,-0.0102032 ,0 
284,7.1 ,-0.0103272 ,0 
285,7.125 ,-0.010445 ,0 
286,7.15 ,-0.0105565 ,0 
287,7.175 ,-0.0106618 ,0 
288,7.2 ,-0.0107608 ,0 
289,7.225 ,-0.0108536 ,0 
290,7.25 ,-0.0109401 ,0 
291,7.275 ,-0.0110204 ,0 
292,7.3 ,-0.0110945 ,0 
293,7.325 ,-0.0111624 ,0 
294,7.35 ,-0.0112241 ,0 
295,7.375 ,-0.0112797 ,0 
296,7.4 ,-0.0113291 ,0 
297,7.425 ,-0.0113725 ,0 
298,7.45 ,-0.0114097 ,0 
299,7.475 ,-0.0114409 ,0 
300,7.5 ,-0.0114661 ,0 
301,7.525 ,-0.0114854 ,0 
302,7.55 ,-0.0114987 ,0 
303,7.575 ,-0.0115062 ,0 
304,7.6 ,-0.0115078 ,0 
305,7.625 ,-0.0115036 ,0 
306,7.65 ,-0.0114937 ,0 
307,7.675 ,-0.0114782 ,0 
308,7.7 ,-0.011457 ,0 
309,7.725 ,-0.0114303 ,0 
310,7.75 ,-0.0113981 ,0 
311,7.775 ,-0.0113605 ,0 
312,7.8 ,-0.0113175 ,0 
313,7.825 ,-0.0112692 ,0 
314,7.85 ,-0.0112157 ,0 
315,7.875 ,-0.011157 ,0 
316,7.9 ,-0.0110933 ,0 
317,7.925 ,-0.0110246 ,0 
318,7.95 ,-0.0109509 ,0 
319,7.975 ,-0.0108724 ,0 
320,8 ,-0.0107891 ,0 
321,8.025 ,-0.0107012 ,0 
322,8.05 ,-0.0106087 ,0 
323,8.075 ,-0.0105116 ,0 
324,8.1 ,-0.0104101 ,0 
325,8.125 ,-0.0103043 ,0 
326,8.15 ,-0.0101943 ,0 
327,8.175 ,-0.0100801 ,0 
328,8.2 ,-0.0099618 ,0 
329,8.225 ,-0.00983956 ,0 
330,8.25 ,-0.00971344 ,0 
331,8.275 ,-0.00958353 ,0 
332,8.3 ,-0.00944993 ,0 
333,8.325 ,-0.00931275 ,0 
334,8.35 ,-0.00917206 ,0 
335,8.375 ,-0.00902798 ,0 
336,8.4 ,-0.0088806 ,0 
337,8.425 ,-0.00873001 ,0 
338,8.45 ,-0.00857633 ,0 
339,8.475 ,-0.00841963 ,0 
340,8.5 ,-0.00826004 ,0 
341,8.525 ,-0.00809763 ,0 
342,8.55 ,-0.00793253 ,0 
343,8.575 ,-0.00776481 ,0 
344,8.6 ,-0.0075946 ,0 
345,8.625 ,-0.00742198 ,0 
346,8.65 ,-0.00724705 ,0 
347,8.675 ,-0.00706992 ,0 
348,8.7 ,-0.00689069 ,0 
349,8.725 ,-0.00670945 ,0 
350,8.75 ,-0.0065263 ,0 
351,8.775 ,-0.00634135 ,0 
352,8.8 ,-0.0061547 ,0 
353,8.825 ,-0.00596643 ,0 
354,8.85 ,-0.00577665 ,0 
355,8.875 ,-0.00558546 ,0 
356,8.9 ,-0.00539295 ,0 
357,8.925 ,-0.00519922 ,0 
358,8.95 ,-0.00500437 ,0 
359,8.975 ,-0.00480849 ,0 
360,9 ,-0.00461167 ,0 
361,9.025 ,-0.004414 ,0 
362,9.05 ,-0.00421559 ,0 
363,9.075 ,-0.00401651 ,0 
364,9.1 ,-0.00381687 ,0 
365,9.125 ,-0.00361675 ,0 
366,9.15 ,-0.00341624 ,0 
367,9.175 ,-0.00321543 ,0 
368,9.2 ,-0.0030144 ,0 
369,9.225 ,-0.00281324 ,0 
370,9.25 ,-0.00261204 ,0 
371,9.275 ,-0.00241088 ,0 
372,9.3 ,-0.00220983 ,0 
373,9.325 ,-0.00200899 ,0 
374,9.35 ,-0.00180842 ,0 
375,9.375 ,-0.00160822 ,0 
376,9.4 ,-0.00140845 ,0 
377,9.425 ,-0.00120919 ,0 
378,9.45 ,-0.00101052 ,0 
379,9.475 ,-0.000812503 ,0 
380,9.5 ,-0.00061522 ,0 
381,9.525 ,-0.000418739 ,0 
382,9.55 ,-0.000223127 ,0 
383,9.575 ,-2.84525e-05 ,0 
384,9.6 ,0.000165219 ,0 
385,9.625 ,0.000357822 ,0 
386,9.65 ,0.000549295 ,0 
387,9.675 ,0.000739576 ,0 
388,9.7 ,0.000928604 ,0 
389,9.725 ,0.00111632 ,0 
390,9.75 ,0.00130267 ,0 
391,9.775 ,0.0014876 ,0 
392,9.8 ,0.00167105 ,0 
393,9.825 ,0.00185297 ,0 
394,9.85 ,0.00203331 ,0 
395,9.875 ,0.00221202 ,0 
396,9.9 ,0.00238906 ,0 
397,9.925 ,0.00256437 ,0 
398,9.95 ,0.00273791 ,0 
399,9.975 ,0.00290964 ,0 
400,10 ,0.00307952 ,0 
401,10.025 ,0.00324751 ,0 
402,10.05 ,0.00341357 ,0 
403,10.075 ,0.00357766 ,0 
404,10.1 ,0.00373974 ,0 
405,10.125 ,0.00389979 ,0 
406,10.15 ,0.00405778 ,0 
407,10.175 ,0.00421366 ,0 
408,10.2 ,0.00436741 ,0 
409,10.225 ,0.00451901 ,0 
410,10.25 ,0.00466843 ,0 
411,10.275 ,0.00481564 ,0 
412,10.3 ,0.00496062 ,0 
413,10.325 ,0.00510335 ,0 
414,10.35 ,0.00524381 ,0 
415,10.375 ,0.00538197 ,0 
416,10.4 ,0.00551783 ,0 
417,10.425 ,0.00565136 ,0 
418,10.45 ,0.00578256 ,0 
419,10.475 ,0.0059114 ,0 
420,10.5 ,0.00603788 ,0 
421,10.525 ,0.00616199 ,0 
422,10.55 ,0.00628371 ,0 
423,10.575 ,0.00640305 ,0 
424,10.6 ,0.00651998 ,0 
425,10.625 ,0.00663451 ,0 
426,10.65 ,0.00674664 ,0 
427,10.675 ,0.00685635 ,0 
428,10.7 ,0.00696366 ,0 
429,10.725 ,0.00706855 ,0 
430,10.75 ,0.00717103 ,0 
431,10.775 ,0.00727111 ,0 
432,10.8 ,0.00736877 ,0 
433,10.825 ,0.00746404 ,0 
434,10.85 ,0.00755691 ,0 
435,10.875 ,0.00764738 ,0 
436,10.9 ,0.00773547 ,0 
437,10.925 ,0.00782117 ,0 
438,10.95 ,0.00790451 ,0 
439,10.975 ,0.00798548 ,0 
440,11 ,0.00806411 ,0 
441,11.025 ,0.00814039 ,0 
442,11.05 ,0.00821434 ,0 
443,11.075 ,0.00828597 ,0 
444,11.1 ,0.00835529 ,0 
445,11.125 ,0.00842232 ,0 
446,11.15 ,0.00848708 ,0 
447,11.175 ,0.00854957 ,0 
448,11.2 ,0.00860981 ,0 
449,11.225 ,0.00866782 ,0 
450,11.25 ,0.00872361 ,0 
451,11.275 ,0.00877721 ,0 
452,11.3 ,0.00882862 ,0 
453,11.325 ,0.00887787 ,0 
454,11.35 ,0.00892497 ,0 
455,11.375 ,0.00896995 ,0 
456,11.4 ,0.00901282 ,0 
457,11.425 ,0.0090536 ,0 
458,11.45 ,0.00909232 ,0 
459,11.475 ,0.00912899 ,0 
460,11.5 ,0.00916364 ,0 
461,11.525 ,0.00919629 ,0 
462,11.55 ,0.00922695 ,0 
463,11.575 ,0.00925566 ,0 
464,11.6 ,0.00928243 ,0 
465,11.625 ,0.00930728 ,0 
466,11.65 ,0.00933024 ,0 
467,11.675 ,0.00935134 ,0 
468,11.7 ,0.00937059 ,0 
469,11.725 ,0.00938802 ,0 
470,11.75 ,0.00940365 ,0 
471,11.775 ,0.00941751 ,0 
472,11.8 ,0.00942962 ,0 
473,11.825 ,0.00944 ,0 
474,11.85 ,0.00944869 ,0 
475,11.875 ,0.0094557 ,0 
476,11.9 ,0.00946106 ,0 
477,11.925 ,0.00946479 ,0 
478,11.95 ,0.00946692 ,0 
479,11.975 ,0.00946748 ,0 
480,12 ,0.00946648 ,0 
481,12.025 ,0.00946396 ,0 
482,12.05 ,0.00945994 ,0 
483,12.075 ,0.00945444 ,0 
484,12.1 ,0.0094475 ,0 
485,12.125 ,0.00943912 ,0 
486,12.15 ,0.00942935 ,0 
487,12.175 ,0.0094182 ,0 
488,12.2 ,0.0094057 ,0 
489,12.225 ,0.00939188 ,0 
490,12.25 ,0.00937676 ,0 
491,12.275 ,0.00936036 ,0 
492,12.3 ,0.00934272 ,0 
493,12.325 ,0.00932384 ,0 
494,12.35 ,0.00930377 ,0 
495,12.375 ,0.00928252 ,0 
496,12.4 ,0.00926013 ,0 
497,12.425 ,0.0092366 ,0 
498,12.45 ,0.00921197 ,0 
499,12.475 ,0.00918627 ,0 
500,12.5 ,0.00915951 ,0 
501,12.525 ,0.00913172 ,0 
502,12.55 ,0.00910292 ,0 
503,12.575 ,0.00907314 ,0 
504,12.6 ,0.0090424 ,0 
505,12.625 ,0.00901073 ,0 
506,12.65 ,0.00897814 ,0 
507,12.675 ,0.00894466 ,0 
508,12.7 ,0.00891032 ,0 
509,12.725 ,0.00887513 ,0 
510,12.75 ,0.00883912 ,0 
511,12.775 ,0.00880231 ,0 
512,12.8 ,0.00876472 ,0 
513,12.825 ,0.00872638 ,0 
514,12.85 ,0.0086873 ,0 
515,12.875 ,0.00864751 ,0 
516,12.9 ,0.00860702 ,0 
517,12.925 ,0.00856587 ,0 
518,12.95 ,0.00852407 ,0 
519,12.975 ,0.00848163 ,0 
520,13 ,0.00843859 ,0 
521,13.025 ,0.00839496 ,0 
522,13.05 ,0.00835076 ,0 
523,13.075 ,0.00830601 ,0 
524,13.1 ,0.00826073 ,0 
525,13.125 ,0.00821494 ,0 
526,13.15 ,0.00816866 ,0 
527,13.175 ,0.00812191 ,0 
528,13.2 ,0.0080747 ,0 
529,13.225 ,0.00802705 ,0 
530,13.25 ,0.00797898 ,0 
531,13.275 ,0.00793052 ,0 
532,13.3 ,0.00788167 ,0 
533,13.325 ,0.00783245 ,0 
534,13.35 ,0.00778289 ,0 
535,13.375 ,0.00773299 ,0 
536,13.4 ,0.00768278 ,0 
537,13.425 ,0.00763227 ,0 
538,13.45 ,0.00758147 ,0 
539,13.475 ,0.00753041 ,0 
540,13.5 ,0.0074791 ,0 
541,13.525 ,0.00742754 ,0 
542,13.55 ,0.00737577 ,0 
543,13.575 ,0.00732379 ,0 
544,13.6 ,0.00727161 ,0 
545,13.625 ,0.00721926 ,0 
546,13.65 ,0.00716674 ,0 
547,13.675 ,0.00711408 ,0 
548,13.7 ,0.00706127 ,0 
549,13.725 ,0.00700834 ,0 
550,13.75 ,0.00695531 ,0 
551,13.775 ,0.00690217 ,0 
552,13.8 ,0.00684895 ,0 
553,13.825 ,0.00679566 ,0 
554,13.85 ,0.0067423 ,0 
555,13.875 ,0.0066889 ,0 
556,13.9 ,0.00663546 ,0 
557,13.925 ,0.00658199 ,0 
558,13.95 ,0.00652851 ,0 
559,13.975 ,0.00647503 ,0 
560,14 ,0.00642155 ,0 
561,14.025 ,0.00636809 ,0 
562,14.05 ,0.00631466 ,0 
563,14.075 ,0.00626127 ,0 
564,14.1 ,0.00620792 ,0 
565,14.125 ,0.00615463 ,0 
566,14.15 ,0.00610141 ,0 
567,14.175 ,0.00604827 ,0 
568,14.2 ,0.00599521 ,0 
569,14.225 ,0.00594224 ,0 
570,14.25 ,0.00588938 ,0 
571,14.275 ,0.00583663 ,0 
572,14.3 ,0.005784 ,0 
573,14.325 ,0.00573149 ,0 
574,14.35 ,0.00567912 ,0 
575,14.375 ,0.00562689 ,0 
576,14.4 ,0.00557481 ,0 
577,14.425 ,0.00552289 ,0 
578,14.45 ,0.00547113 ,0 
579,14.475 ,0.00541954 ,0 
580,14.5 ,0.00536813 ,0 
581,14.525 ,0.0053169 ,0 
582,14.55 ,0.00526586 ,0 
583,14.575 ,0.00521502 ,0 
584,14.6 ,0.00516438 ,0 
585,14.625 ,0.00511395 ,0 
586,14.65 ,0.00506373 ,0 
587,14.675 ,0.00501372 ,0 
588,14.7 ,0.00496395 ,0 
589,14.725 ,0.0049144 ,0 
590,14.75 ,0.00486508 ,0 
591,14.775 ,0.004816 ,0 
592,14.8 ,0.00476716 ,0 
593,14.825 ,0.00471857 ,0 
594,14.85 ,0.00467023 ,0 
595,14.875 ,0.00462215 ,0 
596,14.9 ,0.00457433 ,0 
597,14.925 ,0.00452676 ,0 
598,14.95 ,0.00447947 ,0 
599,14.975 ,0.00443244 ,0 
600,15 ,0.00438569 ,0 
601,15.025 ,0.00433922 ,0 
602,15.05 ,0.00429302 ,0 
603,15.075 ,0.00424711 ,0 
604,15.1 ,0.00420148 ,0 
605,15.125 ,0.00415614 ,0 
606,15.15 ,0.00411109 ,0 
607,15.175 ,0.00406633 ,0 
608,15.2 ,0.00402187 ,0 
609,15.225 ,0.00397771 ,0 
610,15.25 ,0.00393384 ,0 
611,15.275 ,0.00389028 ,0 
612,15.3 ,0.00384702 ,0 
613,15.325 ,0.00380407 ,0 
614,15.35 ,0.00376142 ,0 
615,15.375 ,0.00371908 ,0 
616,15.4 ,0.00367705 ,0 
617,15.425 ,0.00363533 ,0 
618,15.45 ,0.00359392 ,0 
619,15.475 ,0.00355283 ,0 
620,15.5 ,0.00351205 ,0 
621,15.525 ,0.00347158 ,0 
622,15.55 ,0.00343143 ,0 
623,15.575 ,0.0033916 ,0 
624,15.6 ,0.00335208 ,0 
625,15.625 ,0.00331288 ,0 
626,15.65 ,0.00327401 ,0 
627,15.675 ,0.00323544 ,0 
628,15.7 ,0.0031972 ,0 
629,15.725 ,0.00315928 ,0 
630,15.75 ,0.00312167 ,0 
631,15.775 ,0.00308439 ,0 
632,15.8 ,0.00304742 ,0 
633,15.825 ,0.00301078 ,0 
634,15.85 ,0.00297445 ,0 
635,15.875 ,0.00293844 ,0 
636,15.9 ,0.00290275 ,0 
637,15.925 ,0.00286738 ,0 
638,15.95 ,0.00283233 ,0 
639,15.975 ,0.00279759 ,0 
640,16 ,0.00276317 ,0 
641,16.025 ,0.00272906 ,0 
642,16.05 ,0.00269528 ,0 
643,16.075 ,0.0026618 ,0 
644,16.1 ,0.00262864 ,0 
645,16.125 ,0.0025958 ,0 
646,16.15 ,0.00256326 ,0 
647,16.175 ,0.00253104 ,0 
648,16.2 ,0.00249913 ,0 
649,16.225 ,0.00246752 ,0 
650,16.25 ,0.00243623 ,0 
651,16.275 ,0.00240524 ,0 
652,16.3 ,0.00237456 ,0 
653,16.325 ,0.00234419 ,0 
654,16.35 ,0.00231411 ,0 
655,16.375 ,0.00228434 ,0 
656,16.4 ,0.00225487 ,0 
657,16.425 ,0.00222571 ,0 
658,16.45 ,0.00219683 ,0 
659,16.475 ,0.00216826 ,0 
660,16.5 ,0.00213998 ,0 
661,16.525 ,0.002112 ,0 
662,16.55 ,0.00208431 ,0 
663,16.575 ,0.00205691 ,0 
664,16.6 ,0.0020298 ,0 
665,16.625 ,0.00200297 ,0 
666,16.65 ,0.00197644 ,0 
667,16.675 ,0.00195018 ,0 
668,16.7 ,0.00192421 ,0 
669,16.725 ,0.00189853 ,0 
670,16.75 ,0.00187312 ,0 
671,16.775 ,0.00184799 ,0 
672,16.8 ,0.00182313 ,0 
673,16.825 ,0.00179855 ,0 
674,16.85 ,0.00177425 ,0 
675,16.875 ,0.00175021 ,0 
676,16.9 ,0.00172644 ,0 
677,16.925 ,0.00170294 ,0 
678,16.95 ,0.00167971 ,0 
679,16.975 ,0.00165674 ,0 
680,17 ,0.00163403 ,0 
681,17.025 ,0.00161158 ,0 
682,17.05 ,0.00158938 ,0 
683,17.075 ,0.00156745 ,0 
684,17.1 ,0.00154576 ,0 
685,17.125 ,0.00152433 ,0 
686,17.15 ,0.00150315 ,0 
687,17.175 ,0.00148222 ,0 
688,17.2 ,0.00146153 ,0 
689,17.225 ,0.00144109 ,0 
690,17.25 ,0.00142089 ,0 
691,17.275 ,0.00140093 ,0 
692,17.3 ,0.00138121 ,0 
693,17.325 ,0.00136173 ,0 
694,17.35 ,0.00134248 ,0 
695,17.375 ,0.00132346 ,0 
696,17.4 ,0.00130467 ,0 
697,17.425 ,0.00128611 ,0 
698,17.45 ,0.00126778 ,0 
699,17.475 ,0.00124967 ,0 
700,17.5 ,0.00123179 ,0 
701,17.525 ,0.00121412 ,0 
702,17.55 ,0.00119668 ,0 
703,17.575 ,0.00117945 ,0 
704,17.6 ,0.00116243 ,0 
705,17.625 ,0.00114563 ,0 
706,17.65 ,0.00112904 ,0 
707,17.675 ,0.00111266 ,0 
708,17.7 ,0.00109648 ,0 
709,17.725 ,0.00108051 ,0 
710,17.75 ,0.00106474 ,0 
711,17.775 ,0.00104917 ,0 
712,17.8 ,0.00103381 ,0 
713,17.825 ,0.00101863 ,0 
714,17.85 ,0.00100366 ,0 
715,17.875 ,0.000988874 ,0 
716,17.9 ,0.000974282 ,0 
717,17.925 ,0.000959879 ,0 
718,17.95 ,0.000945663 ,0 
719,17.975 ,0.000931633 ,0 
720,18 ,0.000917786 ,0 
721,18.025 ,0.000904121 ,0 
722,18.05 ,0.000890636 ,0 
723,18.075 ,0.000877328 ,0 
724,18.1 ,0.000864197 ,0 
725,18.125 ,0.00085124 ,0 
726,18.15 ,0.000838456 ,0 
727,18.175 ,0.000825841 ,0 
728,18.2 ,0.000813396 ,0 
729,18.225 ,0.000801118 ,0 
730,18.25 ,0.000789004 ,0 
731,18.275 ,0.000777054 ,0 
732,18.3 ,0.000765266 ,0 
733,18.325 ,0.000753637 ,0 
734,18.35 ,0.000742166 ,0 
735,18.375 ,0.000730852 ,0 
736,18.4 ,0.000719692 ,0 
737,18.425 ,0.000708685 ,0 
738,18.45 ,0.000697829 ,0 
739,18.475 ,0.000687122 ,0 
740,18.5 ,0.000676563 ,0 
741,18.525 ,0.000666149 ,0 
742,18.55 ,0.00065588 ,0 
743,18.575 ,0.000645754 ,0 
744,18.6 ,0.000635769 ,0 
745,18.625 ,0.000625923 ,0 
746,18.65 ,0.000616215 ,0 
747,18.675 ,0.000606643 ,0 
748,18.7 ,0.000597205 ,0 
749,18.725 ,0.0005879 ,0 
750,18.75 ,0.000578727 ,0 
751,18.775 ,0.000569683 ,0 
752,18.8 ,0.000560768 ,0 
753,18.825 ,0.000551979 ,0 
754,18.85 ,0.000543316 ,0 
755,18.875 ,0.000534776 ,0 
756,18.9 ,0.000526359 ,0 
757,18.925 ,0.000518062 ,0 
758,18.95 ,0.000509884 ,0 
759,18.975 ,0.000501824 ,0 
760,19 ,0.00049388 ,0 
761,19.025 ,0.000486051 ,0 
762,19.05 ,0.000478336 ,0 
763,19.075 ,0.000470732 ,0 
764,19.1 ,0.000463239 ,0 
765,19.125 ,0.000455855 ,0 
766,19.15 ,0.000448579 ,0 
767,19.175 ,0.00044141 ,0 
768,19.2 ,0.000434346 ,0 
769,19.225 ,0.000427385 ,0 
770,19.25 ,0.000420527 ,0 
771,19.275 ,0.00041377 ,0 
772,19.3 ,0.000407114 ,0 
773,19.325 ,0.000400555 ,0 
774,19.35 ,0.000394094 ,0 
775,19.375 ,0.000387729 ,0 
776,19.4 ,0.000381459 ,0 
777,19.425 ,0.000375282 ,0 
778,19.45 ,0.000369198 ,0 
779,19.475 ,0.000363204 ,0 
780,19.5 ,0.000357301 ,0 
781,19.525 ,0.000351487 ,0 
782,19.55 ,0.00034576 ,0 
783,19.575 ,0.000340119 ,0 
784,19.6 ,0.000334564 ,0 
785,19.625 ,0.000329092 ,0 
786,19.65 ,0.000323704 ,0 
787,19.675 ,0.000318398 ,0 
788,19.7 ,0.000313172 ,0 
789,19.725 ,0.000308026 ,0 
790,19.75 ,0.000302959 ,0 
791,19.775 ,0.000297969 ,0 
792,19.8 ,0.000293056 ,0 
793,19.825 ,0.000288218 ,0 
794,19.85 ,0.000283455 ,0 
795,19.875 ,0.000278765 ,0 
796,19.9 ,0.000274147 ,0 
797,19.925 ,0.000269601 ,0 
798,19.95 ,0.000265125 ,0 
799,19.975 ,0.000260719 ,0 
800,20 ,0.000256381 ,0 
801,20.025 ,0.000252111 ,0 
802,20.05 ,0.000247907 ,0 
803,20.075 ,0.000243769 ,0 
804,20.1 ,0.000239695 ,0 
805,20.125 ,0.000235686 ,0 
806,20.15 ,0.000231739 ,0 
807,20.175 ,0.000227854 ,0 
808,20.2 ,0.000224031 ,0 
809,20.225 ,0.000220268 ,0 
810,20.25 ,0.000216564 ,0 
811,20.275 ,0.000212919 ,0 
812,20.3 ,0.000209331 ,0 
813,20.325 ,0.000205801 ,0 
814,20.35 ,0.000202326 ,0 
815,20.375 ,0.000198907 ,0 
816,20.4 ,0.000195543 ,0 
817,20.425 ,0.000192232 ,0 
818,20.45 ,0.000188974 ,0 
819,20.475 ,0.000185768 ,0 
820,20.5 ,0.000182614 ,0 
821,20.525 ,0.00017951 ,0 
822,20.55 ,0.000176456 ,0 
823,20.575 ,0.000173452 ,0 
824,20.6 ,0.000170496 ,0 
825,20.625 ,0.000167587 ,0 
826,20.65 ,0.000164726 ,0 
827,20.675 ,0.000161911 ,0 
828,20.7 ,0.000159142 ,0 
829,20.725 ,0.000156418 ,0 
830,20.75 ,0.000153739 ,0 
831,20.775 ,0.000151103 ,0 
832,20.8 ,0.00014851 ,0 
833,20.825 ,0.000145959 ,0 
834,20.85 ,0.000143451 ,0 
835,20.875 ,0.000140983 ,0 
836,20.9 ,0.000138556 ,0 
837,20.925 ,0.000136169 ,0 
838,20.95 ,0.000133821 ,0 
839,20.975 ,0.000131512 ,0 
840,21 ,0.000129241 ,0 
841,21.025 ,0.000127008 ,0 
842,21.05 ,0.000124812 ,0 
843,21.075 ,0.000122652 ,0 
844,21.1 ,0.000120528 ,0 
845,21.125 ,0.00011844 ,0 
846,21.15 ,0.000116386 ,0 
847,21.175 ,0.000114367 ,0 
848,21.2 ,0.000112382 ,0 
849,21.225 ,0.000110429 ,0 
850,21.25 ,0.00010851 ,0 
851,21.275 ,0.000106623 ,0 
852,21.3 ,0.000104767 ,0 
853,21.325 ,0.000102943 ,0 
854,21.35 ,0.00010115 ,0 
855,21.375 ,9.93865e-05 ,0 
856,21.4 ,9.76533e-05 ,0 
857,21.425 ,9.59495e-05 ,0 
858,21.45 ,9.42746e-05 ,0 
859,21.475 ,9.26282e-05 ,0 
860,21.5 ,9.10098e-05 ,0 
861,21.525 ,8.94191e-05 ,0 
862,21.55 ,8.78556e-05 ,0 
863,21.575 ,8.63188e-05 ,0 
864,21.6 ,8.48084e-05 ,0 
865,21.625 ,8.33239e-05 ,0 
866,21.65 ,8.1865e-05 ,0 
867,21.675 ,8.04311e-05 ,0 
868,21.7 ,7.90221e-05 ,0 
869,21.725 ,7.76374e-05 ,0 
870,21.75 ,7.62767e-05 ,0 
871,21.775 ,7.49395e-05 ,0 
872,21.8 ,7.36256e-05 ,0 
873,21.825 ,7.23346e-05 ,0 
874,21.85 ,7.10661e-05 ,0 
875,21.875 ,6.98197e-05 ,0 
876,21.9 ,6.85952e-05 ,0 
877,21.925 ,6.73921e-05 ,0 
878,21.95 ,6.62101e-05 ,0 
879,21.975 ,6.50489e-05 ,0 
880,22 ,6.39082e-05 ,0 
881,22.025 ,6.27876e-05 ,0 
882,22.05 ,6.16869e-05 ,0 
883,22.075 ,6.06056e-05 ,0 
884,22.1 ,5.95436e-05 ,0 
885,22.125 ,5.85004e-05 ,0 
886,22.15 ,5.74759e-05 ,0 
887,22.175 ,5.64696e-05 ,0 
888,22.2 ,5.54814e-05 ,0 
889,22.225 ,5.45109e-05 ,0 
890,22.25 ,5.35578e-05 ,0 
891,22.275 ,5.26219e-05 ,0 
892,22.3 ,5.17029e-05 ,0 
893,22.325 ,5.08006e-05 ,0 
894,22.35 ,4.99146e-05 ,0 
895,22.375 ,4.90447e-05 ,0 
896,22.4 ,4.81907e-05 ,0 
897,22.425 ,4.73523e-05 ,0 
898,22.45 ,4.65292e-05 ,0 
899,22.475 ,4.57212e-05 ,0 
900,22.5 ,4.49281e-05 ,0 
901,22.525 ,4.41497e-05 ,0 
902,22.55 ,4.33856e-05 ,0 
903,22.575 ,4.26357e-05 ,0 
904,22.6 ,4.18998e-05 ,0 
905,22.625 ,4.11776e-05 ,0 
906,22.65 ,4.04689e-05 ,0 
907,22.675 ,3.97735e-05 ,0 
908,22.7 ,3.90912e-05 ,0 
909,22.725 ,3.84218e-05 ,0 
910,22.75 ,3.77651e-05 ,0 
911,22.775 ,3.71209e-05 ,0 
912,22.8 ,3.64889e-05 ,0 
913,22.825 ,3.5869e-05 ,0 
914,22.85 ,3.52611e-05 ,0 
915,22.875 ,3.46648e-05 ,0 
916,22.9 ,3.40801e-05 ,0 
917,22.925 ,3.35068e-05 ,0 
918,22.95 ,3.29446e-05 ,0 
919,22.975 ,3.23934e-05 ,0 
920,23 ,3.18531e-05 ,0 
921,23.025 ,3.13234e-05 ,0 
922,23.05 ,3.08042e-05 ,0 
923,23.075 ,3.02954e-05 ,0 
924,23.1 ,2.97968e-05 ,0 
925,23.125 ,2.93081e-05 ,0 
926,23.15 ,2.88294e-05 ,0 
927,23.175 ,2.83603e-05 ,0 
928,23.2 ,2.79009e-05 ,0 
929,23.225 ,2.74508e-05 ,0 
930,23.25 ,2.70101e-05 ,0 
931,23.275 ,2.65785e-05 ,0 
932,23.3 ,2.61559e-05 ,0 
933,23.325 ,2.57421e-05 ,0 
934,23.35 ,2.53372e-05 ,0 
935,23.375 ,2.49408e-05 ,0 
936,23.4 ,2.45529e-05 ,0 
937,23.425 ,2.41734e-05 ,0 
938,23.45 ,2.38021e-05 ,0 
939,23.475 ,2.34389e-05 ,0 
940,23.5 ,2.30838e-05 ,0 
941,23.525 ,2.27365e-05 ,0 
942,23.55 ,2.2397e-05 ,0 
943,23.575 ,2.20651e-05 ,0 
944,23.6 ,2.17409e-05 ,0 
945,23.625 ,2.1424e-05 ,0 
946,23.65 ,2.11145e-05 ,0 
947,23.675 ,2.08123e-05 ,0 
948,23.7 ,2.05172e-05 ,0 
949,23.725 ,2.02291e-05 ,0 
950,23.75 ,1.99481e-05 ,0 
951,23.775 ,1.96738e-05 ,0 
952,23.8 ,1.94064e-05 ,0 
953,23.825 ,1.91456e-05 ,0 
954,23.85 ,1.88914e-05 ,0 
955,23.875 ,1.86437e-05 ,0 
956,23.9 ,1.84024e-05 ,0 
957,23.925 ,1.81675e-05 ,0 
958,23.95 ,1.79389e-05 ,0 
959,23.975 ,1.77164e-05 ,0 
960,24 ,1.75001e-05 ,0 
961,24.025 ,1.72898e-05 ,0 
962,24.05 ,1.70855e-05 ,0 
963,24.075 ,1.6887e-05 ,0 
964,24.1 ,1.66944e-05 ,0 
965,24.125 ,1.65076e-05 ,0 
966,24.15 ,1.63265e-05 ,0 
967,24.175 ,1.6151e-05 ,0 
968,24.2 ,1.59811e-05 ,0 
969,24.225 ,1.58167e-05 ,0 
970,24.25 ,1.56578e-05 ,0 
971,24.275 ,1.55043e-05 ,0 
972,24.3 ,1.53561e-05 ,0 
973,24.325 ,1.52133e-05 ,0 
974,24.35 ,1.50757e-05 ,0 
975,24.375 ,1.49433e-05 ,0 
976,24.4 ,1.48161e-05 ,0 
977,24.425 ,1.4694e-05 ,0 
978,24.45 ,1.45769e-05 ,0 
979,24.475 ,1.44649e-05 ,0 
980,24.5 ,1.43579e-05 ,0 
981,24.525 ,1.42558e-05 ,0 
982,24.55 ,1.41586e-05 ,0 
983,24.575 ,1.40663e-05 ,0 
984,24.6 ,1.39789e-05 ,0 
985,24.625 ,1.38963e-05 ,0 
986,24.65 ,1.38184e-05 ,0 
987,24.675 ,1.37453e-05 ,0 
988,24.7 ,1.3677e-05 ,0 
989,24.725 ,1.36133e-05 ,0 
990,24.75 ,1.35543e-05 ,0 
991,24.775 ,1.35e-05 ,0 
992,24.8 ,1.34503e-05 ,0 
993,24.825 ,1.34052e-05 ,0 
994,24.85 ,1.33647e-05 ,0 
995,24.875 ,1.33287e-05 ,0 
996,24.9 ,1.32974e-05 ,0 
997,24.925 ,1.32706e-05 ,0 
998,24.95 ,1.32483e-05 ,0 
999,24.975 ,1.32305e-05 ,0 
1000,25 ,1.32173e-05 ,0 