N_e = 18
1,0.025 ,1.35114e-07 ,0 
2,0.05 ,1.35114e-07 ,0 
3,0.075 ,4.55914e-07 ,0 
4,0.1 ,1.08038e-06 ,0 
5,0.125 ,2.10933e-06 ,0 
6,0.15 ,3.6433e-06 ,0 
7,0.175 ,5.78236e-06 ,0 
8,0.2 ,8.62612e-06 ,0 
9,0.225 ,1.22736e-05 ,0 
10,0.25 ,1.68232e-05 ,0 
11,0.275 ,2.23725e-05 ,0 
12,0.3 ,2.90184e-05 ,0 
13,0.325 ,3.68568e-05 ,0 
14,0.35 ,4.59826e-05 ,0 
15,0.375 ,5.64898e-05 ,0 
16,0.4 ,6.84711e-05 ,0 
17,0.425 ,8.20182e-05 ,0 
18,0.45 ,9.72213e-05 ,0 
19,0.475 ,0.000114169 ,0 
20,0.5 ,0.00013295 ,0 
21,0.525 ,0.000153649 ,0 
22,0.55 ,0.000176351 ,0 
23,0.575 ,0.000201139 ,0 
24,0.6 ,0.000228094 ,0 
25,0.625 ,0.000257295 ,0 
26,0.65 ,0.00028882 ,0 
27,0.675 ,0.000322744 ,0 
28,0.7 ,0.000359141 ,0 
29,0.725 ,0.000398083 ,0 
30,0.75 ,0.00043964 ,0 
31,0.775 ,0.000483877 ,0 
32,0.8 ,0.000530862 ,0 
33,0.825 ,0.000580657 ,0 
34,0.85 ,0.000633322 ,0 
35,0.875 ,0.000688915 ,0 
36,0.9 ,0.000747493 ,0 
37,0.925 ,0.00080911 ,0 
38,0.95 ,0.000873815 ,0 
39,0.975 ,0.000941657 ,0 
40,1 ,0.00101268 ,0 
41,1.025 ,0.00108693 ,0 
42,1.05 ,0.00116445 ,0 
43,1.075 ,0.00124528 ,0 
44,1.1 ,0.00132944 ,0 
45,1.125 ,0.00141697 ,0 
46,1.15 ,0.00150791 ,0 
47,1.175 ,0.00160227 ,0 
48,1.2 ,0.00170009 ,0 
49,1.225 ,0.00180138 ,0 
50,1.25 ,0.00190616 ,0 
51,1.275 ,0.00201444 ,0 
52,1.3 ,0.00212625 ,0 
53,1.325 ,0.00224158 ,0 
54,1.35 ,0.00236045 ,0 
55,1.375 ,0.00248285 ,0 
56,1.4 ,0.00260879 ,0 
57,1.425 ,0.00273827 ,0 
58,1.45 ,0.00287128 ,0 
59,1.475 ,0.00300781 ,0 
60,1.5 ,0.00314784 ,0 
61,1.525 ,0.00329138 ,0 
62,1.55 ,0.00343839 ,0 
63,1.575 ,0.00358886 ,0 
64,1.6 ,0.00374276 ,0 
65,1.625 ,0.00390007 ,0 
66,1.65 ,0.00406076 ,0 
67,1.675 ,0.0042248 ,0 
68,1.7 ,0.00439215 ,0 
69,1.725 ,0.00456277 ,0 
70,1.75 ,0.00473663 ,0 
71,1.775 ,0.00491367 ,0 
72,1.8 ,0.00509386 ,0 
73,1.825 ,0.00527714 ,0 
74,1.85 ,0.00546346 ,0 
75,1.875 ,0.00565277 ,0 
76,1.9 ,0.00584501 ,0 
77,1.925 ,0.00604012 ,0 
78,1.95 ,0.00623804 ,0 
79,1.975 ,0.0064387 ,0 
80,2 ,0.00664204 ,0 
81,2.025 ,0.00684799 ,0 
82,2.05 ,0.00705646 ,0 
83,2.075 ,0.0072674 ,0 
84,2.1 ,0.00748071 ,0 
85,2.125 ,0.00769633 ,0 
86,2.15 ,0.00791417 ,0 
87,2.175 ,0.00813414 ,0 
88,2.2 ,0.00835617 ,0 
89,2.225 ,0.00858016 ,0 
90,2.25 ,0.00880602 ,0 
91,2.275 ,0.00903366 ,0 
92,2.3 ,0.00926299 ,0 
93,2.325 ,0.00949392 ,0 
94,2.35 ,0.00972633 ,0 
95,2.375 ,0.00996015 ,0 
96,2.4 ,0.0101953 ,0 
97,2.425 ,0.0104316 ,0 
98,2.45 ,0.010669 ,0 
99,2.475 ,0.0109073 ,0 
100,2.5 ,0.0111466 ,0 
101,2.525 ,0.0113866 ,0 
102,2.55 ,0.0116273 ,0 
103,2.575 ,0.0118685 ,0 
104,2.6 ,0.0121102 ,0 
105,2.625 ,0.0123522 ,0 
106,2.65 ,0.0125945 ,0 
107,2.675 ,0.0128368 ,0 
108,2.7 ,0.0130791 ,0 
109,2.725 ,0.0133213 ,0 
110,2.75 ,0.0135632 ,0 
111,2.775 ,0.0138048 ,0 
112,2.8 ,0.014046 ,0 
113,2.825 ,0.0142865 ,0 
114,2.85 ,0.0145263 ,0 
115,2.875 ,0.0147653 ,0 
116,2.9 ,0.0150033 ,0 
117,2.925 ,0.0152403 ,0 
118,2.95 ,0.0154761 ,0 
119,2.975 ,0.0157106 ,0 
120,3 ,0.0159437 ,0 
121,3.025 ,0.0161752 ,0 
122,3.05 ,0.0164051 ,0 
123,3.075 ,0.0166332 ,0 
124,3.1 ,0.0168595 ,0 
125,3.125 ,0.0170837 ,0 
126,3.15 ,0.0173058 ,0 
127,3.175 ,0.0175258 ,0 
128,3.2 ,0.0177433 ,0 
129,3.225 ,0.0179584 ,0 
130,3.25 ,0.018171 ,0 
131,3.275 ,0.0183808 ,0 
132,3.3 ,0.0185879 ,0 
133,3.325 ,0.0187921 ,0 
134,3.35 ,0.0189932 ,0 
135,3.375 ,0.0191913 ,0 
136,3.4 ,0.0193861 ,0 
137,3.425 ,0.0195777 ,0 
138,3.45 ,0.0197658 ,0 
139,3.475 ,0.0199503 ,0 
140,3.5 ,0.0201313 ,0 
141,3.525 ,0.0203085 ,0 
142,3.55 ,0.0204819 ,0 
143,3.575 ,0.0206515 ,0 
144,3.6 ,0.020817 ,0 
145,3.625 ,0.0209784 ,0 
146,3.65 ,0.0211356 ,0 
147,3.675 ,0.0212886 ,0 
148,3.7 ,0.0214372 ,0 
149,3.725 ,0.0215814 ,0 
150,3.75 ,0.021721 ,0 
151,3.775 ,0.0218561 ,0 
152,3.8 ,0.0219865 ,0 
153,3.825 ,0.0221121 ,0 
154,3.85 ,0.0222329 ,0 
155,3.875 ,0.0223489 ,0 
156,3.9 ,0.0224599 ,0 
157,3.925 ,0.0225658 ,0 
158,3.95 ,0.0226667 ,0 
159,3.975 ,0.0227624 ,0 
160,4 ,0.022853 ,0 
161,4.025 ,0.0229382 ,0 
162,4.05 ,0.0230182 ,0 
163,4.075 ,0.0230928 ,0 
164,4.1 ,0.023162 ,0 
165,4.125 ,0.0232258 ,0 
166,4.15 ,0.0232841 ,0 
167,4.175 ,0.0233368 ,0 
168,4.2 ,0.023384 ,0 
169,4.225 ,0.0234256 ,0 
170,4.25 ,0.0234615 ,0 
171,4.275 ,0.0234918 ,0 
172,4.3 ,0.0235163 ,0 
173,4.325 ,0.0235352 ,0 
174,4.35 ,0.0235483 ,0 
175,4.375 ,0.0235557 ,0 
176,4.4 ,0.0235573 ,0 
177,4.425 ,0.0235532 ,0 
178,4.45 ,0.0235432 ,0 
179,4.475 ,0.0235275 ,0 
180,4.5 ,0.0235059 ,0 
181,4.525 ,0.0234786 ,0 
182,4.55 ,0.0234455 ,0 
183,4.575 ,0.0234065 ,0 
184,4.6 ,0.0233618 ,0 
185,4.625 ,0.0233113 ,0 
186,4.65 ,0.023255 ,0 
187,4.675 ,0.0231929 ,0 
188,4.7 ,0.0231252 ,0 
189,4.725 ,0.0230517 ,0 
190,4.75 ,0.0229725 ,0 
191,4.775 ,0.0228876 ,0 
192,4.8 ,0.0227971 ,0 
193,4.825 ,0.022701 ,0 
194,4.85 ,0.0225993 ,0 
195,4.875 ,0.0224921 ,0 
196,4.9 ,0.0223793 ,0 
197,4.925 ,0.0222611 ,0 
198,4.95 ,0.0221375 ,0 
199,4.975 ,0.0220085 ,0 
200,5 ,0.0218741 ,0 
201,5.025 ,0.0217345 ,0 
202,5.05 ,0.0215896 ,0 
203,5.075 ,0.0214395 ,0 
204,5.1 ,0.0212843 ,0 
205,5.125 ,0.0211241 ,0 
206,5.15 ,0.0209588 ,0 
207,5.175 ,0.0207886 ,0 
208,5.2 ,0.0206135 ,0 
209,5.225 ,0.0204336 ,0 
210,5.25 ,0.020249 ,0 
211,5.275 ,0.0200597 ,0 
212,5.3 ,0.0198657 ,0 
213,5.325 ,0.0196673 ,0 
214,5.35 ,0.0194643 ,0 
215,5.375 ,0.019257 ,0 
216,5.4 ,0.0190454 ,0 
217,5.425 ,0.0188296 ,0 
218,5.45 ,0.0186096 ,0 
219,5.475 ,0.0183856 ,0 
220,5.5 ,0.0181576 ,0 
221,5.525 ,0.0179257 ,0 
222,5.55 ,0.01769 ,0 
223,5.575 ,0.0174506 ,0 
224,5.6 ,0.0172075 ,0 
225,5.625 ,0.016961 ,0 
226,5.65 ,0.0167109 ,0 
227,5.675 ,0.0164576 ,0 
228,5.7 ,0.016201 ,0 
229,5.725 ,0.0159412 ,0 
230,5.75 ,0.0156784 ,0 
231,5.775 ,0.0154125 ,0 
232,5.8 ,0.0151439 ,0 
233,5.825 ,0.0148724 ,0 
234,5.85 ,0.0145983 ,0 
235,5.875 ,0.0143216 ,0 
236,5.9 ,0.0140424 ,0 
237,5.925 ,0.0137608 ,0 
238,5.95 ,0.013477 ,0 
239,5.975 ,0.013191 ,0 
240,6 ,0.0129029 ,0 
241,6.025 ,0.0126129 ,0 
242,6.05 ,0.012321 ,0 
243,6.075 ,0.0120273 ,0 
244,6.1 ,0.011732 ,0 
245,6.125 ,0.0114351 ,0 
246,6.15 ,0.0111367 ,0 
247,6.175 ,0.010837 ,0 
248,6.2 ,0.0105361 ,0 
249,6.225 ,0.010234 ,0 
250,6.25 ,0.00993082 ,0 
251,6.275 ,0.00962671 ,0 
252,6.3 ,0.00932176 ,0 
253,6.325 ,0.00901607 ,0 
254,6.35 ,0.00870974 ,0 
255,6.375 ,0.00840286 ,0 
256,6.4 ,0.00809554 ,0 
257,6.425 ,0.00778788 ,0 
258,6.45 ,0.00747998 ,0 
259,6.475 ,0.00717193 ,0 
260,6.5 ,0.00686384 ,0 
261,6.525 ,0.00655579 ,0 
262,6.55 ,0.0062479 ,0 
263,6.575 ,0.00594024 ,0 
264,6.6 ,0.00563292 ,0 
265,6.625 ,0.00532603 ,0 
266,6.65 ,0.00501967 ,0 
267,6.675 ,0.00471392 ,0 
268,6.7 ,0.00440888 ,0 
269,6.725 ,0.00410464 ,0 
270,6.75 ,0.00380128 ,0 
271,6.775 ,0.00349889 ,0 
272,6.8 ,0.00319757 ,0 
273,6.825 ,0.0028974 ,0 
274,6.85 ,0.00259846 ,0 
275,6.875 ,0.00230083 ,0 
276,6.9 ,0.0020046 ,0 
277,6.925 ,0.00170985 ,0 
278,6.95 ,0.00141666 ,0 
279,6.975 ,0.00112511 ,0 
280,7 ,0.000835273 ,0 
281,7.025 ,0.000547224 ,0 
282,7.05 ,0.00026104 ,0 
283,7.075 ,-2.32065e-05 ,0 
284,7.1 ,-0.000305444 ,0 
285,7.125 ,-0.000585601 ,0 
286,7.15 ,-0.000863611 ,0 
287,7.175 ,-0.00113941 ,0 
288,7.2 ,-0.00141292 ,0 
289,7.225 ,-0.00168409 ,0 
290,7.25 ,-0.00195285 ,0 
291,7.275 ,-0.00221914 ,0 
292,7.3 ,-0.0024829 ,0 
293,7.325 ,-0.00274407 ,0 
294,7.35 ,-0.0030026 ,0 
295,7.375 ,-0.00325844 ,0 
296,7.4 ,-0.00351152 ,0 
297,7.425 ,-0.0037618 ,0 
298,7.45 ,-0.00400922 ,0 
299,7.475 ,-0.00425374 ,0 
300,7.5 ,-0.00449531 ,0 
301,7.525 ,-0.00473389 ,0 
302,7.55 ,-0.00496943 ,0 
303,7.575 ,-0.00520189 ,0 
304,7.6 ,-0.00543123 ,0 
305,7.625 ,-0.00565742 ,0 
306,7.65 ,-0.0058804 ,0 
307,7.675 ,-0.00610016 ,0 
308,7.7 ,-0.00631664 ,0 
309,7.725 ,-0.00652983 ,0 
310,7.75 ,-0.00673969 ,0 
311,7.775 ,-0.0069462 ,0 
312,7.8 ,-0.00714932 ,0 
313,7.825 ,-0.00734903 ,0 
314,7.85 ,-0.0075453 ,0 
315,7.875 ,-0.00773812 ,0 
316,7.9 ,-0.00792745 ,0 
317,7.925 ,-0.00811329 ,0 
318,7.95 ,-0.00829561 ,0 
319,7.975 ,-0.00847441 ,0 
320,8 ,-0.00864965 ,0 
321,8.025 ,-0.00882133 ,0 
322,8.05 ,-0.00898944 ,0 
323,8.075 ,-0.00915397 ,0 
324,8.1 ,-0.00931491 ,0 
325,8.125 ,-0.00947224 ,0 
326,8.15 ,-0.00962598 ,0 
327,8.175 ,-0.0097761 ,0 
328,8.2 ,-0.00992261 ,0 
329,8.225 ,-0.0100655 ,0 
330,8.25 ,-0.0102048 ,0 
331,8.275 ,-0.0103405 ,0 
332,8.3 ,-0.0104725 ,0 
333,8.325 ,-0.010601 ,0 
334,8.35 ,-0.0107258 ,0 
335,8.375 ,-0.0108471 ,0 
336,8.4 ,-0.0109648 ,0 
337,8.425 ,-0.0110789 ,0 
338,8.45 ,-0.0111894 ,0 
339,8.475 ,-0.0112964 ,0 
340,8.5 ,-0.0113998 ,0 
341,8.525 ,-0.0114997 ,0 
342,8.55 ,-0.0115961 ,0 
343,8.575 ,-0.0116889 ,0 
344,8.6 ,-0.0117783 ,0 
345,8.625 ,-0.0118643 ,0 
346,8.65 ,-0.0119468 ,0 
347,8.675 ,-0.0120258 ,0 
348,8.7 ,-0.0121015 ,0 
349,8.725 ,-0.0121738 ,0 
350,8.75 ,-0.0122427 ,0 
351,8.775 ,-0.0123083 ,0 
352,8.8 ,-0.0123706 ,0 
353,8.825 ,-0.0124296 ,0 
354,8.85 ,-0.0124853 ,0 
355,8.875 ,-0.0125378 ,0 
356,8.9 ,-0.0125872 ,0 
357,8.925 ,-0.0126333 ,0 
358,8.95 ,-0.0126763 ,0 
359,8.975 ,-0.0127162 ,0 
360,9 ,-0.0127531 ,0 
361,9.025 ,-0.0127868 ,0 
362,9.05 ,-0.0128176 ,0 
363,9.075 ,-0.0128454 ,0 
364,9.1 ,-0.0128703 ,0 
365,9.125 ,-0.0128922 ,0 
366,9.15 ,-0.0129113 ,0 
367,9.175 ,-0.0129275 ,0 
368,9.2 ,-0.0129409 ,0 
369,9.225 ,-0.0129516 ,0 
370,9.25 ,-0.0129595 ,0 
371,9.275 ,-0.0129647 ,0 
372,9.3 ,-0.0129673 ,0 
373,9.325 ,-0.0129673 ,0 
374,9.35 ,-0.0129647 ,0 
375,9.375 ,-0.0129596 ,0 
376,9.4 ,-0.0129519 ,0 
377,9.425 ,-0.0129418 ,0 
378,9.45 ,-0.0129293 ,0 
379,9.475 ,-0.0129145 ,0 
380,9.5 ,-0.0128973 ,0 
381,9.525 ,-0.0128778 ,0 
382,9.55 ,-0.012856 ,0 
383,9.575 ,-0.0128321 ,0 
384,9.6 ,-0.0128059 ,0 
385,9.625 ,-0.0127777 ,0 
386,9.65 ,-0.0127473 ,0 
387,9.675 ,-0.0127149 ,0 
388,9.7 ,-0.0126806 ,0 
389,9.725 ,-0.0126442 ,0 
390,9.75 ,-0.012606 ,0 
391,9.775 ,-0.0125658 ,0 
392,9.8 ,-0.0125238 ,0 
393,9.825 ,-0.0124801 ,0 
394,9.85 ,-0.0124346 ,0 
395,9.875 ,-0.0123874 ,0 
396,9.9 ,-0.0123385 ,0 
397,9.925 ,-0.012288 ,0 
398,9.95 ,-0.0122359 ,0 
399,9.975 ,-0.0121823 ,0 
400,10 ,-0.0121271 ,0 
401,10.025 ,-0.0120706 ,0 
402,10.05 ,-0.0120126 ,0 
403,10.075 ,-0.0119532 ,0 
404,10.1 ,-0.0118925 ,0 
405,10.125 ,-0.0118305 ,0 
406,10.15 ,-0.0117673 ,0 
407,10.175 ,-0.0117028 ,0 
408,10.2 ,-0.0116372 ,0 
409,10.225 ,-0.0115704 ,0 
410,10.25 ,-0.0115025 ,0 
411,10.275 ,-0.0114336 ,0 
412,10.3 ,-0.0113637 ,0 
413,10.325 ,-0.0112928 ,0 
414,10.35 ,-0.0112209 ,0 
415,10.375 ,-0.0111482 ,0 
416,10.4 ,-0.0110745 ,0 
417,10.425 ,-0.0110001 ,0 
418,10.45 ,-0.0109249 ,0 
419,10.475 ,-0.0108489 ,0 
420,10.5 ,-0.0107722 ,0 
421,10.525 ,-0.0106948 ,0 
422,10.55 ,-0.0106168 ,0 
423,10.575 ,-0.0105381 ,0 
424,10.6 ,-0.0104589 ,0 
425,10.625 ,-0.0103791 ,0 
426,10.65 ,-0.0102989 ,0 
427,10.675 ,-0.0102181 ,0 
428,10.7 ,-0.0101369 ,0 
429,10.725 ,-0.0100553 ,0 
430,10.75 ,-0.00997333 ,0 
431,10.775 ,-0.009891 ,0 
432,10.8 ,-0.00980835 ,0 
433,10.825 ,-0.00972541 ,0 
434,10.85 ,-0.00964221 ,0 
435,10.875 ,-0.00955879 ,0 
436,10.9 ,-0.00947516 ,0 
437,10.925 ,-0.00939135 ,0 
438,10.95 ,-0.0093074 ,0 
439,10.975 ,-0.00922332 ,0 
440,11 ,-0.00913915 ,0 
441,11.025 ,-0.00905491 ,0 
442,11.05 ,-0.00897062 ,0 
443,11.075 ,-0.0088863 ,0 
444,11.1 ,-0.00880199 ,0 
445,11.125 ,-0.0087177 ,0 
446,11.15 ,-0.00863345 ,0 
447,11.175 ,-0.00854926 ,0 
448,11.2 ,-0.00846517 ,0 
449,11.225 ,-0.00838118 ,0 
450,11.25 ,-0.00829732 ,0 
451,11.275 ,-0.00821361 ,0 
452,11.3 ,-0.00813006 ,0 
453,11.325 ,-0.00804669 ,0 
454,11.35 ,-0.00796353 ,0 
455,11.375 ,-0.00788059 ,0 
456,11.4 ,-0.00779788 ,0 
457,11.425 ,-0.00771542 ,0 
458,11.45 ,-0.00763323 ,0 
459,11.475 ,-0.00755133 ,0 
460,11.5 ,-0.00746972 ,0 
461,11.525 ,-0.00738843 ,0 
462,11.55 ,-0.00730746 ,0 
463,11.575 ,-0.00722683 ,0 
464,11.6 ,-0.00714655 ,0 
465,11.625 ,-0.00706664 ,0 
466,11.65 ,-0.00698711 ,0 
467,11.675 ,-0.00690796 ,0 
468,11.7 ,-0.00682922 ,0 
469,11.725 ,-0.00675088 ,0 
470,11.75 ,-0.00667297 ,0 
471,11.775 ,-0.00659549 ,0 
472,11.8 ,-0.00651845 ,0 
473,11.825 ,-0.00644186 ,0 
474,11.85 ,-0.00636573 ,0 
475,11.875 ,-0.00629007 ,0 
476,11.9 ,-0.00621489 ,0 
477,11.925 ,-0.00614019 ,0 
478,11.95 ,-0.00606598 ,0 
479,11.975 ,-0.00599227 ,0 
480,12 ,-0.00591906 ,0 
481,12.025 ,-0.00584637 ,0 
482,12.05 ,-0.00577419 ,0 
483,12.075 ,-0.00570254 ,0 
484,12.1 ,-0.00563141 ,0 
485,12.125 ,-0.00556082 ,0 
486,12.15 ,-0.00549077 ,0 
487,12.175 ,-0.00542126 ,0 
488,12.2 ,-0.0053523 ,0 
489,12.225 ,-0.00528389 ,0 
490,12.25 ,-0.00521603 ,0 
491,12.275 ,-0.00514874 ,0 
492,12.3 ,-0.005082 ,0 
493,12.325 ,-0.00501583 ,0 
494,12.35 ,-0.00495023 ,0 
495,12.375 ,-0.0048852 ,0 
496,12.4 ,-0.00482074 ,0 
497,12.425 ,-0.00475685 ,0 
498,12.45 ,-0.00469354 ,0 
499,12.475 ,-0.0046308 ,0 
500,12.5 ,-0.00456865 ,0 
501,12.525 ,-0.00450707 ,0 
502,12.55 ,-0.00444608 ,0 
503,12.575 ,-0.00438566 ,0 
504,12.6 ,-0.00432583 ,0 
505,12.625 ,-0.00426657 ,0 
506,12.65 ,-0.0042079 ,0 
507,12.675 ,-0.00414981 ,0 
508,12.7 ,-0.00409231 ,0 
509,12.725 ,-0.00403538 ,0 
510,12.75 ,-0.00397903 ,0 
511,12.775 ,-0.00392327 ,0 
512,12.8 ,-0.00386808 ,0 
513,12.825 ,-0.00381347 ,0 
514,12.85 ,-0.00375943 ,0 
515,12.875 ,-0.00370597 ,0 
516,12.9 ,-0.00365308 ,0 
517,12.925 ,-0.00360077 ,0 
518,12.95 ,-0.00354903 ,0 
519,12.975 ,-0.00349785 ,0 
520,13 ,-0.00344724 ,0 
521,13.025 ,-0.00339719 ,0 
522,13.05 ,-0.00334771 ,0 
523,13.075 ,-0.00329879 ,0 
524,13.1 ,-0.00325042 ,0 
525,13.125 ,-0.00320261 ,0 
526,13.15 ,-0.00315534 ,0 
527,13.175 ,-0.00310863 ,0 
528,13.2 ,-0.00306247 ,0 
529,13.225 ,-0.00301685 ,0 
530,13.25 ,-0.00297177 ,0 
531,13.275 ,-0.00292722 ,0 
532,13.3 ,-0.00288321 ,0 
533,13.325 ,-0.00283974 ,0 
534,13.35 ,-0.00279679 ,0 
535,13.375 ,-0.00275436 ,0 
536,13.4 ,-0.00271246 ,0 
537,13.425 ,-0.00267107 ,0 
538,13.45 ,-0.0026302 ,0 
539,13.475 ,-0.00258984 ,0 
540,13.5 ,-0.00254998 ,0 
541,13.525 ,-0.00251063 ,0 
542,13.55 ,-0.00247178 ,0 
543,13.575 ,-0.00243342 ,0 
544,13.6 ,-0.00239556 ,0 
545,13.625 ,-0.00235818 ,0 
546,13.65 ,-0.00232129 ,0 
547,13.675 ,-0.00228488 ,0 
548,13.7 ,-0.00224895 ,0 
549,13.725 ,-0.00221349 ,0 
550,13.75 ,-0.00217849 ,0 
551,13.775 ,-0.00214397 ,0 
552,13.8 ,-0.0021099 ,0 
553,13.825 ,-0.00207629 ,0 
554,13.85 ,-0.00204313 ,0 
555,13.875 ,-0.00201042 ,0 
556,13.9 ,-0.00197815 ,0 
557,13.925 ,-0.00194633 ,0 
558,13.95 ,-0.00191494 ,0 
559,13.975 ,-0.00188398 ,0 
560,14 ,-0.00185345 ,0 
561,14.025 ,-0.00182334 ,0 
562,14.05 ,-0.00179365 ,0 
563,14.075 ,-0.00176438 ,0 
564,14.1 ,-0.00173552 ,0 
565,14.125 ,-0.00170706 ,0 
566,14.15 ,-0.00167901 ,0 
567,14.175 ,-0.00165135 ,0 
568,14.2 ,-0.00162409 ,0 
569,14.225 ,-0.00159722 ,0 
570,14.25 ,-0.00157074 ,0 
571,14.275 ,-0.00154464 ,0 
572,14.3 ,-0.00151892 ,0 
573,14.325 ,-0.00149357 ,0 
574,14.35 ,-0.00146858 ,0 
575,14.375 ,-0.00144397 ,0 
576,14.4 ,-0.00141972 ,0 
577,14.425 ,-0.00139582 ,0 
578,14.45 ,-0.00137228 ,0 
579,14.475 ,-0.00134908 ,0 
580,14.5 ,-0.00132623 ,0 
581,14.525 ,-0.00130372 ,0 
582,14.55 ,-0.00128155 ,0 
583,14.575 ,-0.00125972 ,0 
584,14.6 ,-0.00123821 ,0 
585,14.625 ,-0.00121702 ,0 
586,14.65 ,-0.00119616 ,0 
587,14.675 ,-0.00117562 ,0 
588,14.7 ,-0.00115539 ,0 
589,14.725 ,-0.00113547 ,0 
590,14.75 ,-0.00111585 ,0 
591,14.775 ,-0.00109654 ,0 
592,14.8 ,-0.00107752 ,0 
593,14.825 ,-0.0010588 ,0 
594,14.85 ,-0.00104038 ,0 
595,14.875 ,-0.00102223 ,0 
596,14.9 ,-0.00100438 ,0 
597,14.925 ,-0.000986798 ,0 
598,14.95 ,-0.000969497 ,0 
599,14.975 ,-0.000952468 ,0 
600,15 ,-0.000935708 ,0 
601,15.025 ,-0.000919214 ,0 
602,15.05 ,-0.000902981 ,0 
603,15.075 ,-0.000887008 ,0 
604,15.1 ,-0.00087129 ,0 
605,15.125 ,-0.000855823 ,0 
606,15.15 ,-0.000840605 ,0 
607,15.175 ,-0.000825632 ,0 
608,15.2 ,-0.000810901 ,0 
609,15.225 ,-0.000796408 ,0 
610,15.25 ,-0.000782151 ,0 
611,15.275 ,-0.000768125 ,0 
612,15.3 ,-0.000754328 ,0 
613,15.325 ,-0.000740756 ,0 
614,15.35 ,-0.000727407 ,0 
615,15.375 ,-0.000714277 ,0 
616,15.4 ,-0.000701364 ,0 
617,15.425 ,-0.000688663 ,0 
618,15.45 ,-0.000676172 ,0 
619,15.475 ,-0.000663889 ,0 
620,15.5 ,-0.00065181 ,0 
621,15.525 ,-0.000639932 ,0 
622,15.55 ,-0.000628252 ,0 
623,15.575 ,-0.000616768 ,0 
624,15.6 ,-0.000605476 ,0 
625,15.625 ,-0.000594375 ,0 
626,15.65 ,-0.00058346 ,0 
627,15.675 ,-0.000572729 ,0 
628,15.7 ,-0.00056218 ,0 
629,15.725 ,-0.00055181 ,0 
630,15.75 ,-0.000541616 ,0 
631,15.775 ,-0.000531596 ,0 
632,15.8 ,-0.000521746 ,0 
633,15.825 ,-0.000512065 ,0 
634,15.85 ,-0.00050255 ,0 
635,15.875 ,-0.000493198 ,0 
636,15.9 ,-0.000484008 ,0 
637,15.925 ,-0.000474975 ,0 
638,15.95 ,-0.000466099 ,0 
639,15.975 ,-0.000457376 ,0 
640,16 ,-0.000448805 ,0 
641,16.025 ,-0.000440382 ,0 
642,16.05 ,-0.000432106 ,0 
643,16.075 ,-0.000423975 ,0 
644,16.1 ,-0.000415985 ,0 
645,16.125 ,-0.000408136 ,0 
646,16.15 ,-0.000400424 ,0 
647,16.175 ,-0.000392848 ,0 
648,16.2 ,-0.000385405 ,0 
649,16.225 ,-0.000378094 ,0 
650,16.25 ,-0.000370911 ,0 
651,16.275 ,-0.000363856 ,0 
652,16.3 ,-0.000356926 ,0 
653,16.325 ,-0.000350119 ,0 
654,16.35 ,-0.000343434 ,0 
655,16.375 ,-0.000336867 ,0 
656,16.4 ,-0.000330418 ,0 
657,16.425 ,-0.000324085 ,0 
658,16.45 ,-0.000317865 ,0 
659,16.475 ,-0.000311756 ,0 
660,16.5 ,-0.000305758 ,0 
661,16.525 ,-0.000299867 ,0 
662,16.55 ,-0.000294083 ,0 
663,16.575 ,-0.000288404 ,0 
664,16.6 ,-0.000282827 ,0 
665,16.625 ,-0.000277352 ,0 
666,16.65 ,-0.000271976 ,0 
667,16.675 ,-0.000266698 ,0 
668,16.7 ,-0.000261516 ,0 
669,16.725 ,-0.000256429 ,0 
670,16.75 ,-0.000251435 ,0 
671,16.775 ,-0.000246532 ,0 
672,16.8 ,-0.000241719 ,0 
673,16.825 ,-0.000236995 ,0 
674,16.85 ,-0.000232358 ,0 
675,16.875 ,-0.000227806 ,0 
676,16.9 ,-0.000223338 ,0 
677,16.925 ,-0.000218953 ,0 
678,16.95 ,-0.000214649 ,0 
679,16.975 ,-0.000210425 ,0 
680,17 ,-0.000206279 ,0 
681,17.025 ,-0.00020221 ,0 
682,17.05 ,-0.000198218 ,0 
683,17.075 ,-0.000194299 ,0 
684,17.1 ,-0.000190454 ,0 
685,17.125 ,-0.000186681 ,0 
686,17.15 ,-0.000182979 ,0 
687,17.175 ,-0.000179346 ,0 
688,17.2 ,-0.000175781 ,0 
689,17.225 ,-0.000172284 ,0 
690,17.25 ,-0.000168852 ,0 
691,17.275 ,-0.000165485 ,0 
692,17.3 ,-0.000162182 ,0 
693,17.325 ,-0.000158941 ,0 
694,17.35 ,-0.000155762 ,0 
695,17.375 ,-0.000152643 ,0 
696,17.4 ,-0.000149583 ,0 
697,17.425 ,-0.000146582 ,0 
698,17.45 ,-0.000143638 ,0 
699,17.475 ,-0.000140749 ,0 
700,17.5 ,-0.000137917 ,0 
701,17.525 ,-0.000135138 ,0 
702,17.55 ,-0.000132412 ,0 
703,17.575 ,-0.000129739 ,0 
704,17.6 ,-0.000127117 ,0 
705,17.625 ,-0.000124546 ,0 
706,17.65 ,-0.000122024 ,0 
707,17.675 ,-0.000119551 ,0 
708,17.7 ,-0.000117125 ,0 
709,17.725 ,-0.000114747 ,0 
710,17.75 ,-0.000112414 ,0 
711,17.775 ,-0.000110127 ,0 
712,17.8 ,-0.000107884 ,0 
713,17.825 ,-0.000105684 ,0 
714,17.85 ,-0.000103528 ,0 
715,17.875 ,-0.000101413 ,0 
716,17.9 ,-9.93395e-05 ,0 
717,17.925 ,-9.73066e-05 ,0 
718,17.95 ,-9.53134e-05 ,0 
719,17.975 ,-9.33592e-05 ,0 
720,18 ,-9.14433e-05 ,0 
721,18.025 ,-8.9565e-05 ,0 
722,18.05 ,-8.77236e-05 ,0 
723,18.075 ,-8.59183e-05 ,0 
724,18.1 ,-8.41486e-05 ,0 
725,18.125 ,-8.24138e-05 ,0 
726,18.15 ,-8.07132e-05 ,0 
727,18.175 ,-7.90463e-05 ,0 
728,18.2 ,-7.74122e-05 ,0 
729,18.225 ,-7.58106e-05 ,0 
730,18.25 ,-7.42406e-05 ,0 
731,18.275 ,-7.27018e-05 ,0 
732,18.3 ,-7.11936e-05 ,0 
733,18.325 ,-6.97154e-05 ,0 
734,18.35 ,-6.82666e-05 ,0 
735,18.375 ,-6.68467e-05 ,0 
736,18.4 ,-6.54552e-05 ,0 
737,18.425 ,-6.40914e-05 ,0 
738,18.45 ,-6.27549e-05 ,0 
739,18.475 ,-6.14451e-05 ,0 
740,18.5 ,-6.01616e-05 ,0 
741,18.525 ,-5.89038e-05 ,0 
742,18.55 ,-5.76713e-05 ,0 
743,18.575 ,-5.64636e-05 ,0 
744,18.6 ,-5.52802e-05 ,0 
745,18.625 ,-5.41206e-05 ,0 
746,18.65 ,-5.29844e-05 ,0 
747,18.675 ,-5.18711e-05 ,0 
748,18.7 ,-5.07804e-05 ,0 
749,18.725 ,-4.97117e-05 ,0 
750,18.75 ,-4.86646e-05 ,0 
751,18.775 ,-4.76388e-05 ,0 
752,18.8 ,-4.66338e-05 ,0 
753,18.825 ,-4.56492e-05 ,0 
754,18.85 ,-4.46846e-05 ,0 
755,18.875 ,-4.37396e-05 ,0 
756,18.9 ,-4.28139e-05 ,0 
757,18.925 ,-4.19071e-05 ,0 
758,18.95 ,-4.10187e-05 ,0 
759,18.975 ,-4.01486e-05 ,0 
760,19 ,-3.92962e-05 ,0 
761,19.025 ,-3.84613e-05 ,0 
762,19.05 ,-3.76434e-05 ,0 
763,19.075 ,-3.68424e-05 ,0 
764,19.1 ,-3.60578e-05 ,0 
765,19.125 ,-3.52893e-05 ,0 
766,19.15 ,-3.45367e-05 ,0 
767,19.175 ,-3.37995e-05 ,0 
768,19.2 ,-3.30775e-05 ,0 
769,19.225 ,-3.23704e-05 ,0 
770,19.25 ,-3.16779e-05 ,0 
771,19.275 ,-3.09997e-05 ,0 
772,19.3 ,-3.03356e-05 ,0 
773,19.325 ,-2.96852e-05 ,0 
774,19.35 ,-2.90482e-05 ,0 
775,19.375 ,-2.84245e-05 ,0 
776,19.4 ,-2.78138e-05 ,0 
777,19.425 ,-2.72157e-05 ,0 
778,19.45 ,-2.663e-05 ,0 
779,19.475 ,-2.60566e-05 ,0 
780,19.5 ,-2.54951e-05 ,0 
781,19.525 ,-2.49453e-05 ,0 
782,19.55 ,-2.4407e-05 ,0 
783,19.575 ,-2.38799e-05 ,0 
784,19.6 ,-2.33638e-05 ,0 
785,19.625 ,-2.28586e-05 ,0 
786,19.65 ,-2.23639e-05 ,0 
787,19.675 ,-2.18796e-05 ,0 
788,19.7 ,-2.14055e-05 ,0 
789,19.725 ,-2.09413e-05 ,0 
790,19.75 ,-2.04868e-05 ,0 
791,19.775 ,-2.0042e-05 ,0 
792,19.8 ,-1.96064e-05 ,0 
793,19.825 ,-1.91801e-05 ,0 
794,19.85 ,-1.87628e-05 ,0 
795,19.875 ,-1.83542e-05 ,0 
796,19.9 ,-1.79543e-05 ,0 
797,19.925 ,-1.75628e-05 ,0 
798,19.95 ,-1.71797e-05 ,0 
799,19.975 ,-1.68046e-05 ,0 
800,20 ,-1.64375e-05 ,0 
801,20.025 ,-1.60782e-05 ,0 
802,20.05 ,-1.57265e-05 ,0 
803,20.075 ,-1.53822e-05 ,0 
804,20.1 ,-1.50453e-05 ,0 
805,20.125 ,-1.47156e-05 ,0 
806,20.15 ,-1.43928e-05 ,0 
807,20.175 ,-1.4077e-05 ,0 
808,20.2 ,-1.37679e-05 ,0 
809,20.225 ,-1.34654e-05 ,0 
810,20.25 ,-1.31693e-05 ,0 
811,20.275 ,-1.28796e-05 ,0 
812,20.3 ,-1.25961e-05 ,0 
813,20.325 ,-1.23186e-05 ,0 
814,20.35 ,-1.20471e-05 ,0 
815,20.375 ,-1.17814e-05 ,0 
816,20.4 ,-1.15215e-05 ,0 
817,20.425 ,-1.12671e-05 ,0 
818,20.45 ,-1.10181e-05 ,0 
819,20.475 ,-1.07746e-05 ,0 
820,20.5 ,-1.05362e-05 ,0 
821,20.525 ,-1.0303e-05 ,0 
822,20.55 ,-1.00749e-05 ,0 
823,20.575 ,-9.85161e-06 ,0 
824,20.6 ,-9.63318e-06 ,0 
825,20.625 ,-9.41948e-06 ,0 
826,20.65 ,-9.21039e-06 ,0 
827,20.675 ,-9.00583e-06 ,0 
828,20.7 ,-8.80571e-06 ,0 
829,20.725 ,-8.60992e-06 ,0 
830,20.75 ,-8.41837e-06 ,0 
831,20.775 ,-8.23099e-06 ,0 
832,20.8 ,-8.04767e-06 ,0 
833,20.825 ,-7.86834e-06 ,0 
834,20.85 ,-7.69291e-06 ,0 
835,20.875 ,-7.5213e-06 ,0 
836,20.9 ,-7.35343e-06 ,0 
837,20.925 ,-7.18922e-06 ,0 
838,20.95 ,-7.0286e-06 ,0 
839,20.975 ,-6.87148e-06 ,0 
840,21 ,-6.71779e-06 ,0 
841,21.025 ,-6.56747e-06 ,0 
842,21.05 ,-6.42043e-06 ,0 
843,21.075 ,-6.27662e-06 ,0 
844,21.1 ,-6.13595e-06 ,0 
845,21.125 ,-5.99838e-06 ,0 
846,21.15 ,-5.86382e-06 ,0 
847,21.175 ,-5.73222e-06 ,0 
848,21.2 ,-5.60351e-06 ,0 
849,21.225 ,-5.47763e-06 ,0 
850,21.25 ,-5.35453e-06 ,0 
851,21.275 ,-5.23413e-06 ,0 
852,21.3 ,-5.1164e-06 ,0 
853,21.325 ,-5.00125e-06 ,0 
854,21.35 ,-4.88866e-06 ,0 
855,21.375 ,-4.77855e-06 ,0 
856,21.4 ,-4.67087e-06 ,0 
857,21.425 ,-4.56558e-06 ,0 
858,21.45 ,-4.46262e-06 ,0 
859,21.475 ,-4.36194e-06 ,0 
860,21.5 ,-4.2635e-06 ,0 
861,21.525 ,-4.16724e-06 ,0 
862,21.55 ,-4.07312e-06 ,0 
863,21.575 ,-3.98109e-06 ,0 
864,21.6 ,-3.89111e-06 ,0 
865,21.625 ,-3.80314e-06 ,0 
866,21.65 ,-3.71712e-06 ,0 
867,21.675 ,-3.63302e-06 ,0 
868,21.7 ,-3.5508e-06 ,0 
869,21.725 ,-3.47042e-06 ,0 
870,21.75 ,-3.39184e-06 ,0 
871,21.775 ,-3.31501e-06 ,0 
872,21.8 ,-3.2399e-06 ,0 
873,21.825 ,-3.16648e-06 ,0 
874,21.85 ,-3.09471e-06 ,0 
875,21.875 ,-3.02454e-06 ,0 
876,21.9 ,-2.95596e-06 ,0 
877,21.925 ,-2.88891e-06 ,0 
878,21.95 ,-2.82338e-06 ,0 
879,21.975 ,-2.75932e-06 ,0 
880,22 ,-2.69671e-06 ,0 
881,22.025 ,-2.63551e-06 ,0 
882,22.05 ,-2.57569e-06 ,0 
883,22.075 ,-2.51723e-06 ,0 
884,22.1 ,-2.46009e-06 ,0 
885,22.125 ,-2.40424e-06 ,0 
886,22.15 ,-2.34966e-06 ,0 
887,22.175 ,-2.29632e-06 ,0 
888,22.2 ,-2.2442e-06 ,0 
889,22.225 ,-2.19326e-06 ,0 
890,22.25 ,-2.14348e-06 ,0 
891,22.275 ,-2.09483e-06 ,0 
892,22.3 ,-2.0473e-06 ,0 
893,22.325 ,-2.00085e-06 ,0 
894,22.35 ,-1.95546e-06 ,0 
895,22.375 ,-1.91112e-06 ,0 
896,22.4 ,-1.86779e-06 ,0 
897,22.425 ,-1.82546e-06 ,0 
898,22.45 ,-1.7841e-06 ,0 
899,22.475 ,-1.74369e-06 ,0 
900,22.5 ,-1.70422e-06 ,0 
901,22.525 ,-1.66565e-06 ,0 
902,22.55 ,-1.62798e-06 ,0 
903,22.575 ,-1.59118e-06 ,0 
904,22.6 ,-1.55523e-06 ,0 
905,22.625 ,-1.52012e-06 ,0 
906,22.65 ,-1.48583e-06 ,0 
907,22.675 ,-1.45233e-06 ,0 
908,22.7 ,-1.41962e-06 ,0 
909,22.725 ,-1.38767e-06 ,0 
910,22.75 ,-1.35647e-06 ,0 
911,22.775 ,-1.326e-06 ,0 
912,22.8 ,-1.29624e-06 ,0 
913,22.825 ,-1.26719e-06 ,0 
914,22.85 ,-1.23882e-06 ,0 
915,22.875 ,-1.21113e-06 ,0 
916,22.9 ,-1.18409e-06 ,0 
917,22.925 ,-1.15769e-06 ,0 
918,22.95 ,-1.13192e-06 ,0 
919,22.975 ,-1.10677e-06 ,0 
920,23 ,-1.08222e-06 ,0 
921,23.025 ,-1.05825e-06 ,0 
922,23.05 ,-1.03487e-06 ,0 
923,23.075 ,-1.01204e-06 ,0 
924,23.1 ,-9.89772e-07 ,0 
925,23.125 ,-9.6804e-07 ,0 
926,23.15 ,-9.46838e-07 ,0 
927,23.175 ,-9.26153e-07 ,0 
928,23.2 ,-9.05974e-07 ,0 
929,23.225 ,-8.86291e-07 ,0 
930,23.25 ,-8.67094e-07 ,0 
931,23.275 ,-8.48371e-07 ,0 
932,23.3 ,-8.30114e-07 ,0 
933,23.325 ,-8.12312e-07 ,0 
934,23.35 ,-7.94956e-07 ,0 
935,23.375 ,-7.78037e-07 ,0 
936,23.4 ,-7.61545e-07 ,0 
937,23.425 ,-7.45472e-07 ,0 
938,23.45 ,-7.29809e-07 ,0 
939,23.475 ,-7.14548e-07 ,0 
940,23.5 ,-6.9968e-07 ,0 
941,23.525 ,-6.85198e-07 ,0 
942,23.55 ,-6.71094e-07 ,0 
943,23.575 ,-6.57359e-07 ,0 
944,23.6 ,-6.43987e-07 ,0 
945,23.625 ,-6.30971e-07 ,0 
946,23.65 ,-6.18303e-07 ,0 
947,23.675 ,-6.05976e-07 ,0 
948,23.7 ,-5.93985e-07 ,0 
949,23.725 ,-5.82321e-07 ,0 
950,23.75 ,-5.7098e-07 ,0 
951,23.775 ,-5.59954e-07 ,0 
952,23.8 ,-5.49237e-07 ,0 
953,23.825 ,-5.38825e-07 ,0 
954,23.85 ,-5.2871e-07 ,0 
955,23.875 ,-5.18888e-07 ,0 
956,23.9 ,-5.09354e-07 ,0 
957,23.925 ,-5.00101e-07 ,0 
958,23.95 ,-4.91124e-07 ,0 
959,23.975 ,-4.8242e-07 ,0 
960,24 ,-4.73983e-07 ,0 
961,24.025 ,-4.65808e-07 ,0 
962,24.05 ,-4.5789e-07 ,0 
963,24.075 ,-4.50226e-07 ,0 
964,24.1 ,-4.42811e-07 ,0 
965,24.125 ,-4.35641e-07 ,0 
966,24.15 ,-4.28712e-07 ,0 
967,24.175 ,-4.2202e-07 ,0 
968,24.2 ,-4.15561e-07 ,0 
969,24.225 ,-4.09331e-07 ,0 
970,24.25 ,-4.03328e-07 ,0 
971,24.275 ,-3.97547e-07 ,0 
972,24.3 ,-3.91986e-07 ,0 
973,24.325 ,-3.86641e-07 ,0 
974,24.35 ,-3.81509e-07 ,0 
975,24.375 ,-3.76588e-07 ,0 
976,24.4 ,-3.71873e-07 ,0 
977,24.425 ,-3.67364e-07 ,0 
978,24.45 ,-3.63056e-07 ,0 
979,24.475 ,-3.58948e-07 ,0 
980,24.5 ,-3.55038e-07 ,0 
981,24.525 ,-3.51322e-07 ,0 
982,24.55 ,-3.47799e-07 ,0 
983,24.575 ,-3.44466e-07 ,0 
984,24.6 ,-3.41322e-07 ,0 
985,24.625 ,-3.38365e-07 ,0 
986,24.65 ,-3.35592e-07 ,0 
987,24.675 ,-3.33003e-07 ,0 
988,24.7 ,-3.30596e-07 ,0 
989,24.725 ,-3.28369e-07 ,0 
990,24.75 ,-3.26321e-07 ,0 
991,24.775 ,-3.2445e-07 ,0 
992,24.8 ,-3.22755e-07 ,0 
993,24.825 ,-3.21236e-07 ,0 
994,24.85 ,-3.19891e-07 ,0 
995,24.875 ,-3.18719e-07 ,0 
996,24.9 ,-3.1772e-07 ,0 
997,24.925 ,-3.16893e-07 ,0 
998,24.95 ,-3.16236e-07 ,0 
999,24.975 ,-3.1575e-07 ,0 
1000,25 ,-3.15435e-07 ,0 