N_e = 18
1,0.025 ,0.0947248 ,0 
2,0.05 ,0.0947248 ,0 
3,0.075 ,0.0946723 ,0 
4,0.1 ,0.0945871 ,0 
5,0.125 ,0.094473 ,0 
6,0.15 ,0.0943315 ,0 
7,0.175 ,0.0941633 ,0 
8,0.2 ,0.0939686 ,0 
9,0.225 ,0.0937478 ,0 
10,0.25 ,0.093501 ,0 
11,0.275 ,0.0932285 ,0 
12,0.3 ,0.0929303 ,0 
13,0.325 ,0.0926068 ,0 
14,0.35 ,0.0922581 ,0 
15,0.375 ,0.0918843 ,0 
16,0.4 ,0.0914857 ,0 
17,0.425 ,0.0910625 ,0 
18,0.45 ,0.0906149 ,0 
19,0.475 ,0.0901431 ,0 
20,0.5 ,0.0896475 ,0 
21,0.525 ,0.0891282 ,0 
22,0.55 ,0.0885855 ,0 
23,0.575 ,0.0880196 ,0 
24,0.6 ,0.087431 ,0 
25,0.625 ,0.0868198 ,0 
26,0.65 ,0.0861864 ,0 
27,0.675 ,0.0855311 ,0 
28,0.7 ,0.0848543 ,0 
29,0.725 ,0.0841562 ,0 
30,0.75 ,0.0834373 ,0 
31,0.775 ,0.0826979 ,0 
32,0.8 ,0.0819383 ,0 
33,0.825 ,0.081159 ,0 
34,0.85 ,0.0803603 ,0 
35,0.875 ,0.0795427 ,0 
36,0.9 ,0.0787065 ,0 
37,0.925 ,0.0778521 ,0 
38,0.95 ,0.0769801 ,0 
39,0.975 ,0.0760907 ,0 
40,1 ,0.0751845 ,0 
41,1.025 ,0.074262 ,0 
42,1.05 ,0.0733235 ,0 
43,1.075 ,0.0723695 ,0 
44,1.1 ,0.0714005 ,0 
45,1.125 ,0.070417 ,0 
46,1.15 ,0.0694194 ,0 
47,1.175 ,0.0684082 ,0 
48,1.2 ,0.067384 ,0 
49,1.225 ,0.0663472 ,0 
50,1.25 ,0.0652984 ,0 
51,1.275 ,0.0642379 ,0 
52,1.3 ,0.0631664 ,0 
53,1.325 ,0.0620844 ,0 
54,1.35 ,0.0609923 ,0 
55,1.375 ,0.0598907 ,0 
56,1.4 ,0.0587802 ,0 
57,1.425 ,0.0576611 ,0 
58,1.45 ,0.0565342 ,0 
59,1.475 ,0.0553999 ,0 
60,1.5 ,0.0542587 ,0 
61,1.525 ,0.0531111 ,0 
62,1.55 ,0.0519578 ,0 
63,1.575 ,0.0507992 ,0 
64,1.6 ,0.0496359 ,0 
65,1.625 ,0.0484684 ,0 
66,1.65 ,0.0472973 ,0 
67,1.675 ,0.046123 ,0 
68,1.7 ,0.0449461 ,0 
69,1.725 ,0.0437672 ,0 
70,1.75 ,0.0425868 ,0 
71,1.775 ,0.0414054 ,0 
72,1.8 ,0.0402235 ,0 
73,1.825 ,0.0390417 ,0 
74,1.85 ,0.0378605 ,0 
75,1.875 ,0.0366804 ,0 
76,1.9 ,0.0355019 ,0 
77,1.925 ,0.0343255 ,0 
78,1.95 ,0.0331518 ,0 
79,1.975 ,0.0319812 ,0 
80,2 ,0.0308143 ,0 
81,2.025 ,0.0296515 ,0 
82,2.05 ,0.0284933 ,0 
83,2.075 ,0.0273403 ,0 
84,2.1 ,0.0261928 ,0 
85,2.125 ,0.0250514 ,0 
86,2.15 ,0.0239166 ,0 
87,2.175 ,0.0227887 ,0 
88,2.2 ,0.0216684 ,0 
89,2.225 ,0.0205559 ,0 
90,2.25 ,0.0194517 ,0 
91,2.275 ,0.0183563 ,0 
92,2.3 ,0.0172702 ,0 
93,2.325 ,0.0161936 ,0 
94,2.35 ,0.0151271 ,0 
95,2.375 ,0.014071 ,0 
96,2.4 ,0.0130258 ,0 
97,2.425 ,0.0119917 ,0 
98,2.45 ,0.0109693 ,0 
99,2.475 ,0.00995883 ,0 
100,2.5 ,0.00896068 ,0 
101,2.525 ,0.00797521 ,0 
102,2.55 ,0.00700276 ,0 
103,2.575 ,0.00604365 ,0 
104,2.6 ,0.00509822 ,0 
105,2.625 ,0.00416678 ,0 
106,2.65 ,0.00324962 ,0 
107,2.675 ,0.00234705 ,0 
108,2.7 ,0.00145934 ,0 
109,2.725 ,0.000586776 ,0 
110,2.75 ,-0.000270386 ,0 
111,2.775 ,-0.00111189 ,0 
112,2.8 ,-0.0019375 ,0 
113,2.825 ,-0.00274697 ,0 
114,2.85 ,-0.00354009 ,0 
115,2.875 ,-0.00431665 ,0 
116,2.9 ,-0.00507645 ,0 
117,2.925 ,-0.00581929 ,0 
118,2.95 ,-0.00654499 ,0 
119,2.975 ,-0.0072534 ,0 
120,3 ,-0.00794435 ,0 
121,3.025 ,-0.00861769 ,0 
122,3.05 ,-0.0092733 ,0 
123,3.075 ,-0.00991103 ,0 
124,3.1 ,-0.0105308 ,0 
125,3.125 ,-0.0111325 ,0 
126,3.15 ,-0.011716 ,0 
127,3.175 ,-0.0122812 ,0 
128,3.2 ,-0.0128281 ,0 
129,3.225 ,-0.0133566 ,0 
130,3.25 ,-0.0138667 ,0 
131,3.275 ,-0.0143583 ,0 
132,3.3 ,-0.0148314 ,0 
133,3.325 ,-0.015286 ,0 
134,3.35 ,-0.015722 ,0 
135,3.375 ,-0.0161395 ,0 
136,3.4 ,-0.0165385 ,0 
137,3.425 ,-0.016919 ,0 
138,3.45 ,-0.0172811 ,0 
139,3.475 ,-0.0176247 ,0 
140,3.5 ,-0.0179499 ,0 
141,3.525 ,-0.0182569 ,0 
142,3.55 ,-0.0185456 ,0 
143,3.575 ,-0.0188161 ,0 
144,3.6 ,-0.0190686 ,0 
145,3.625 ,-0.0193032 ,0 
146,3.65 ,-0.0195198 ,0 
147,3.675 ,-0.0197188 ,0 
148,3.7 ,-0.0199001 ,0 
149,3.725 ,-0.020064 ,0 
150,3.75 ,-0.0202105 ,0 
151,3.775 ,-0.0203399 ,0 
152,3.8 ,-0.0204522 ,0 
153,3.825 ,-0.0205477 ,0 
154,3.85 ,-0.0206266 ,0 
155,3.875 ,-0.0206889 ,0 
156,3.9 ,-0.0207349 ,0 
157,3.925 ,-0.0207649 ,0 
158,3.95 ,-0.0207789 ,0 
159,3.975 ,-0.0207773 ,0 
160,4 ,-0.0207602 ,0 
161,4.025 ,-0.0207278 ,0 
162,4.05 ,-0.0206805 ,0 
163,4.075 ,-0.0206184 ,0 
164,4.1 ,-0.0205417 ,0 
165,4.125 ,-0.0204508 ,0 
166,4.15 ,-0.0203459 ,0 
167,4.175 ,-0.0202271 ,0 
168,4.2 ,-0.0200949 ,0 
169,4.225 ,-0.0199495 ,0 
170,4.25 ,-0.0197911 ,0 
171,4.275 ,-0.0196201 ,0 
172,4.3 ,-0.0194366 ,0 
173,4.325 ,-0.0192411 ,0 
174,4.35 ,-0.0190337 ,0 
175,4.375 ,-0.0188148 ,0 
176,4.4 ,-0.0185847 ,0 
177,4.425 ,-0.0183437 ,0 
178,4.45 ,-0.0180921 ,0 
179,4.475 ,-0.0178301 ,0 
180,4.5 ,-0.0175582 ,0 
181,4.525 ,-0.0172765 ,0 
182,4.55 ,-0.0169855 ,0 
183,4.575 ,-0.0166855 ,0 
184,4.6 ,-0.0163766 ,0 
185,4.625 ,-0.0160594 ,0 
186,4.65 ,-0.015734 ,0 
187,4.675 ,-0.0154009 ,0 
188,4.7 ,-0.0150603 ,0 
189,4.725 ,-0.0147125 ,0 
190,4.75 ,-0.0143579 ,0 
191,4.775 ,-0.0139968 ,0 
192,4.8 ,-0.0136296 ,0 
193,4.825 ,-0.0132565 ,0 
194,4.85 ,-0.0128778 ,0 
195,4.875 ,-0.0124939 ,0 
196,4.9 ,-0.0121052 ,0 
197,4.925 ,-0.0117118 ,0 
198,4.95 ,-0.0113142 ,0 
199,4.975 ,-0.0109127 ,0 
200,5 ,-0.0105075 ,0 
201,5.025 ,-0.010099 ,0 
202,5.05 ,-0.00968756 ,0 
203,5.075 ,-0.00927338 ,0 
204,5.1 ,-0.00885681 ,0 
205,5.125 ,-0.00843816 ,0 
206,5.15 ,-0.00801773 ,0 
207,5.175 ,-0.00759582 ,0 
208,5.2 ,-0.00717272 ,0 
209,5.225 ,-0.00674874 ,0 
210,5.25 ,-0.00632415 ,0 
211,5.275 ,-0.00589924 ,0 
212,5.3 ,-0.00547431 ,0 
213,5.325 ,-0.00504962 ,0 
214,5.35 ,-0.00462546 ,0 
215,5.375 ,-0.00420209 ,0 
216,5.4 ,-0.00377979 ,0 
217,5.425 ,-0.00335882 ,0 
218,5.45 ,-0.00293944 ,0 
219,5.475 ,-0.0025219 ,0 
220,5.5 ,-0.00210646 ,0 
221,5.525 ,-0.00169336 ,0 
222,5.55 ,-0.00128285 ,0 
223,5.575 ,-0.000875162 ,0 
224,5.6 ,-0.000470527 ,0 
225,5.625 ,-6.91753e-05 ,0 
226,5.65 ,0.000328671 ,0 
227,5.675 ,0.000722794 ,0 
228,5.7 ,0.00111298 ,0 
229,5.725 ,0.00149902 ,0 
230,5.75 ,0.00188072 ,0 
231,5.775 ,0.00225788 ,0 
232,5.8 ,0.0026303 ,0 
233,5.825 ,0.0029978 ,0 
234,5.85 ,0.0033602 ,0 
235,5.875 ,0.00371732 ,0 
236,5.9 ,0.004069 ,0 
237,5.925 ,0.00441507 ,0 
238,5.95 ,0.00475537 ,0 
239,5.975 ,0.00508975 ,0 
240,6 ,0.00541806 ,0 
241,6.025 ,0.00574016 ,0 
242,6.05 ,0.00605592 ,0 
243,6.075 ,0.0063652 ,0 
244,6.1 ,0.00666788 ,0 
245,6.125 ,0.00696384 ,0 
246,6.15 ,0.00725297 ,0 
247,6.175 ,0.00753515 ,0 
248,6.2 ,0.0078103 ,0 
249,6.225 ,0.00807831 ,0 
250,6.25 ,0.0083391 ,0 
251,6.275 ,0.00859257 ,0 
252,6.3 ,0.00883865 ,0 
253,6.325 ,0.00907726 ,0 
254,6.35 ,0.00930835 ,0 
255,6.375 ,0.00953183 ,0 
256,6.4 ,0.00974767 ,0 
257,6.425 ,0.0099558 ,0 
258,6.45 ,0.0101562 ,0 
259,6.475 ,0.0103488 ,0 
260,6.5 ,0.0105335 ,0 
261,6.525 ,0.0107104 ,0 
262,6.55 ,0.0108795 ,0 
263,6.575 ,0.0110406 ,0 
264,6.6 ,0.0111938 ,0 
265,6.625 ,0.0113391 ,0 
266,6.65 ,0.0114764 ,0 
267,6.675 ,0.0116059 ,0 
268,6.7 ,0.0117274 ,0 
269,6.725 ,0.011841 ,0 
270,6.75 ,0.0119466 ,0 
271,6.775 ,0.0120444 ,0 
272,6.8 ,0.0121344 ,0 
273,6.825 ,0.0122165 ,0 
274,6.85 ,0.0122908 ,0 
275,6.875 ,0.0123573 ,0 
276,6.9 ,0.0124162 ,0 
277,6.925 ,0.0124673 ,0 
278,6.95 ,0.0125108 ,0 
279,6.975 ,0.0125468 ,0 
280,7 ,0.0125752 ,0 
281,7.025 ,0.0125962 ,0 
282,7.05 ,0.0126098 ,0 
283,7.075 ,0.012616 ,0 
284,7.1 ,0.012615 ,0 
285,7.125 ,0.0126068 ,0 
286,7.15 ,0.0125915 ,0 
287,7.175 ,0.0125692 ,0 
288,7.2 ,0.01254 ,0 
289,7.225 ,0.0125039 ,0 
290,7.25 ,0.012461 ,0 
291,7.275 ,0.0124115 ,0 
292,7.3 ,0.0123554 ,0 
293,7.325 ,0.0122928 ,0 
294,7.35 ,0.0122239 ,0 
295,7.375 ,0.0121486 ,0 
296,7.4 ,0.0120673 ,0 
297,7.425 ,0.0119798 ,0 
298,7.45 ,0.0118864 ,0 
299,7.475 ,0.0117872 ,0 
300,7.5 ,0.0116822 ,0 
301,7.525 ,0.0115717 ,0 
302,7.55 ,0.0114556 ,0 
303,7.575 ,0.0113342 ,0 
304,7.6 ,0.0112075 ,0 
305,7.625 ,0.0110756 ,0 
306,7.65 ,0.0109388 ,0 
307,7.675 ,0.0107971 ,0 
308,7.7 ,0.0106506 ,0 
309,7.725 ,0.0104995 ,0 
310,7.75 ,0.0103438 ,0 
311,7.775 ,0.0101838 ,0 
312,7.8 ,0.0100195 ,0 
313,7.825 ,0.00985114 ,0 
314,7.85 ,0.00967875 ,0 
315,7.875 ,0.0095025 ,0 
316,7.9 ,0.00932251 ,0 
317,7.925 ,0.00913891 ,0 
318,7.95 ,0.00895185 ,0 
319,7.975 ,0.00876144 ,0 
320,8 ,0.00856782 ,0 
321,8.025 ,0.00837112 ,0 
322,8.05 ,0.00817147 ,0 
323,8.075 ,0.00796901 ,0 
324,8.1 ,0.00776385 ,0 
325,8.125 ,0.00755614 ,0 
326,8.15 ,0.007346 ,0 
327,8.175 ,0.00713357 ,0 
328,8.2 ,0.00691896 ,0 
329,8.225 ,0.00670231 ,0 
330,8.25 ,0.00648375 ,0 
331,8.275 ,0.0062634 ,0 
332,8.3 ,0.00604138 ,0 
333,8.325 ,0.00581783 ,0 
334,8.35 ,0.00559287 ,0 
335,8.375 ,0.00536661 ,0 
336,8.4 ,0.00513918 ,0 
337,8.425 ,0.00491071 ,0 
338,8.45 ,0.00468131 ,0 
339,8.475 ,0.00445109 ,0 
340,8.5 ,0.00422019 ,0 
341,8.525 ,0.0039887 ,0 
342,8.55 ,0.00375675 ,0 
343,8.575 ,0.00352444 ,0 
344,8.6 ,0.0032919 ,0 
345,8.625 ,0.00305923 ,0 
346,8.65 ,0.00282653 ,0 
347,8.675 ,0.00259392 ,0 
348,8.7 ,0.00236149 ,0 
349,8.725 ,0.00212936 ,0 
350,8.75 ,0.00189762 ,0 
351,8.775 ,0.00166637 ,0 
352,8.8 ,0.00143572 ,0 
353,8.825 ,0.00120575 ,0 
354,8.85 ,0.000976565 ,0 
355,8.875 ,0.000748253 ,0 
356,8.9 ,0.000520907 ,0 
357,8.925 ,0.000294614 ,0 
358,8.95 ,6.9461e-05 ,0 
359,8.975 ,-0.000154466 ,0 
360,9 ,-0.000377086 ,0 
361,9.025 ,-0.000598316 ,0 
362,9.05 ,-0.000818078 ,0 
363,9.075 ,-0.0010363 ,0 
364,9.1 ,-0.00125289 ,0 
365,9.125 ,-0.0014678 ,0 
366,9.15 ,-0.00168094 ,0 
367,9.175 ,-0.00189225 ,0 
368,9.2 ,-0.00210166 ,0 
369,9.225 ,-0.0023091 ,0 
370,9.25 ,-0.00251452 ,0 
371,9.275 ,-0.00271785 ,0 
372,9.3 ,-0.00291904 ,0 
373,9.325 ,-0.00311802 ,0 
374,9.35 ,-0.00331475 ,0 
375,9.375 ,-0.00350916 ,0 
376,9.4 ,-0.00370122 ,0 
377,9.425 ,-0.00389087 ,0 
378,9.45 ,-0.00407806 ,0 
379,9.475 ,-0.00426276 ,0 
380,9.5 ,-0.00444491 ,0 
381,9.525 ,-0.00462448 ,0 
382,9.55 ,-0.00480143 ,0 
383,9.575 ,-0.00497573 ,0 
384,9.6 ,-0.00514733 ,0 
385,9.625 ,-0.00531621 ,0 
386,9.65 ,-0.00548234 ,0 
387,9.675 ,-0.00564569 ,0 
388,9.7 ,-0.00580622 ,0 
389,9.725 ,-0.00596392 ,0 
390,9.75 ,-0.00611876 ,0 
391,9.775 ,-0.00627073 ,0 
392,9.8 ,-0.0064198 ,0 
393,9.825 ,-0.00656595 ,0 
394,9.85 ,-0.00670917 ,0 
395,9.875 ,-0.00684944 ,0 
396,9.9 ,-0.00698675 ,0 
397,9.925 ,-0.0071211 ,0 
398,9.95 ,-0.00725247 ,0 
399,9.975 ,-0.00738085 ,0 
400,10 ,-0.00750625 ,0 
401,10.025 ,-0.00762865 ,0 
402,10.05 ,-0.00774805 ,0 
403,10.075 ,-0.00786445 ,0 
404,10.1 ,-0.00797785 ,0 
405,10.125 ,-0.00808826 ,0 
406,10.15 ,-0.00819567 ,0 
407,10.175 ,-0.0083001 ,0 
408,10.2 ,-0.00840155 ,0 
409,10.225 ,-0.00850002 ,0 
410,10.25 ,-0.00859552 ,0 
411,10.275 ,-0.00868807 ,0 
412,10.3 ,-0.00877768 ,0 
413,10.325 ,-0.00886436 ,0 
414,10.35 ,-0.00894812 ,0 
415,10.375 ,-0.00902897 ,0 
416,10.4 ,-0.00910695 ,0 
417,10.425 ,-0.00918205 ,0 
418,10.45 ,-0.00925431 ,0 
419,10.475 ,-0.00932374 ,0 
420,10.5 ,-0.00939036 ,0 
421,10.525 ,-0.00945419 ,0 
422,10.55 ,-0.00951526 ,0 
423,10.575 ,-0.00957358 ,0 
424,10.6 ,-0.0096292 ,0 
425,10.625 ,-0.00968212 ,0 
426,10.65 ,-0.00973237 ,0 
427,10.675 ,-0.00977999 ,0 
428,10.7 ,-0.009825 ,0 
429,10.725 ,-0.00986743 ,0 
430,10.75 ,-0.0099073 ,0 
431,10.775 ,-0.00994466 ,0 
432,10.8 ,-0.00997952 ,0 
433,10.825 ,-0.0100119 ,0 
434,10.85 ,-0.0100419 ,0 
435,10.875 ,-0.0100695 ,0 
436,10.9 ,-0.0100947 ,0 
437,10.925 ,-0.0101175 ,0 
438,10.95 ,-0.0101381 ,0 
439,10.975 ,-0.0101564 ,0 
440,11 ,-0.0101724 ,0 
441,11.025 ,-0.0101863 ,0 
442,11.05 ,-0.010198 ,0 
443,11.075 ,-0.0102075 ,0 
444,11.1 ,-0.0102149 ,0 
445,11.125 ,-0.0102203 ,0 
446,11.15 ,-0.0102236 ,0 
447,11.175 ,-0.010225 ,0 
448,11.2 ,-0.0102243 ,0 
449,11.225 ,-0.0102218 ,0 
450,11.25 ,-0.0102173 ,0 
451,11.275 ,-0.010211 ,0 
452,11.3 ,-0.0102028 ,0 
453,11.325 ,-0.0101928 ,0 
454,11.35 ,-0.0101811 ,0 
455,11.375 ,-0.0101677 ,0 
456,11.4 ,-0.0101525 ,0 
457,11.425 ,-0.0101357 ,0 
458,11.45 ,-0.0101173 ,0 
459,11.475 ,-0.0100973 ,0 
460,11.5 ,-0.0100757 ,0 
461,11.525 ,-0.0100527 ,0 
462,11.55 ,-0.0100281 ,0 
463,11.575 ,-0.0100021 ,0 
464,11.6 ,-0.00997461 ,0 
465,11.625 ,-0.00994578 ,0 
466,11.65 ,-0.00991559 ,0 
467,11.675 ,-0.00988408 ,0 
468,11.7 ,-0.00985128 ,0 
469,11.725 ,-0.00981722 ,0 
470,11.75 ,-0.00978194 ,0 
471,11.775 ,-0.00974547 ,0 
472,11.8 ,-0.00970783 ,0 
473,11.825 ,-0.00966907 ,0 
474,11.85 ,-0.00962921 ,0 
475,11.875 ,-0.00958828 ,0 
476,11.9 ,-0.00954631 ,0 
477,11.925 ,-0.00950334 ,0 
478,11.95 ,-0.00945939 ,0 
479,11.975 ,-0.0094145 ,0 
480,12 ,-0.00936869 ,0 
481,12.025 ,-0.00932199 ,0 
482,12.05 ,-0.00927443 ,0 
483,12.075 ,-0.00922604 ,0 
484,12.1 ,-0.00917685 ,0 
485,12.125 ,-0.00912688 ,0 
486,12.15 ,-0.00907617 ,0 
487,12.175 ,-0.00902473 ,0 
488,12.2 ,-0.0089726 ,0 
489,12.225 ,-0.00891981 ,0 
490,12.25 ,-0.00886638 ,0 
491,12.275 ,-0.00881233 ,0 
492,12.3 ,-0.00875769 ,0 
493,12.325 ,-0.00870248 ,0 
494,12.35 ,-0.00864674 ,0 
495,12.375 ,-0.00859048 ,0 
496,12.4 ,-0.00853373 ,0 
497,12.425 ,-0.00847651 ,0 
498,12.45 ,-0.00841885 ,0 
499,12.475 ,-0.00836076 ,0 
500,12.5 ,-0.00830228 ,0 
501,12.525 ,-0.00824342 ,0 
502,12.55 ,-0.0081842 ,0 
503,12.575 ,-0.00812465 ,0 
504,12.6 ,-0.00806479 ,0 
505,12.625 ,-0.00800464 ,0 
506,12.65 ,-0.00794421 ,0 
507,12.675 ,-0.00788353 ,0 
508,12.7 ,-0.00782262 ,0 
509,12.725 ,-0.0077615 ,0 
510,12.75 ,-0.00770018 ,0 
511,12.775 ,-0.00763869 ,0 
512,12.8 ,-0.00757704 ,0 
513,12.825 ,-0.00751524 ,0 
514,12.85 ,-0.00745333 ,0 
515,12.875 ,-0.00739131 ,0 
516,12.9 ,-0.00732921 ,0 
517,12.925 ,-0.00726703 ,0 
518,12.95 ,-0.0072048 ,0 
519,12.975 ,-0.00714252 ,0 
520,13 ,-0.00708022 ,0 
521,13.025 ,-0.00701791 ,0 
522,13.05 ,-0.00695561 ,0 
523,13.075 ,-0.00689333 ,0 
524,13.1 ,-0.00683107 ,0 
525,13.125 ,-0.00676887 ,0 
526,13.15 ,-0.00670673 ,0 
527,13.175 ,-0.00664466 ,0 
528,13.2 ,-0.00658267 ,0 
529,13.225 ,-0.00652079 ,0 
530,13.25 ,-0.00645901 ,0 
531,13.275 ,-0.00639736 ,0 
532,13.3 ,-0.00633584 ,0 
533,13.325 ,-0.00627447 ,0 
534,13.35 ,-0.00621325 ,0 
535,13.375 ,-0.0061522 ,0 
536,13.4 ,-0.00609133 ,0 
537,13.425 ,-0.00603064 ,0 
538,13.45 ,-0.00597015 ,0 
539,13.475 ,-0.00590987 ,0 
540,13.5 ,-0.0058498 ,0 
541,13.525 ,-0.00578996 ,0 
542,13.55 ,-0.00573035 ,0 
543,13.575 ,-0.00567098 ,0 
544,13.6 ,-0.00561186 ,0 
545,13.625 ,-0.005553 ,0 
546,13.65 ,-0.0054944 ,0 
547,13.675 ,-0.00543608 ,0 
548,13.7 ,-0.00537803 ,0 
549,13.725 ,-0.00532027 ,0 
550,13.75 ,-0.0052628 ,0 
551,13.775 ,-0.00520564 ,0 
552,13.8 ,-0.00514877 ,0 
553,13.825 ,-0.00509222 ,0 
554,13.85 ,-0.00503599 ,0 
555,13.875 ,-0.00498007 ,0 
556,13.9 ,-0.00492449 ,0 
557,13.925 ,-0.00486924 ,0 
558,13.95 ,-0.00481432 ,0 
559,13.975 ,-0.00475975 ,0 
560,14 ,-0.00470552 ,0 
561,14.025 ,-0.00465164 ,0 
562,14.05 ,-0.00459812 ,0 
563,14.075 ,-0.00454496 ,0 
564,14.1 ,-0.00449215 ,0 
565,14.125 ,-0.00443972 ,0 
566,14.15 ,-0.00438765 ,0 
567,14.175 ,-0.00433595 ,0 
568,14.2 ,-0.00428463 ,0 
569,14.225 ,-0.00423368 ,0 
570,14.25 ,-0.00418312 ,0 
571,14.275 ,-0.00413294 ,0 
572,14.3 ,-0.00408314 ,0 
573,14.325 ,-0.00403373 ,0 
574,14.35 ,-0.0039847 ,0 
575,14.375 ,-0.00393607 ,0 
576,14.4 ,-0.00388783 ,0 
577,14.425 ,-0.00383998 ,0 
578,14.45 ,-0.00379253 ,0 
579,14.475 ,-0.00374547 ,0 
580,14.5 ,-0.00369881 ,0 
581,14.525 ,-0.00365255 ,0 
582,14.55 ,-0.00360668 ,0 
583,14.575 ,-0.00356122 ,0 
584,14.6 ,-0.00351615 ,0 
585,14.625 ,-0.00347149 ,0 
586,14.65 ,-0.00342722 ,0 
587,14.675 ,-0.00338336 ,0 
588,14.7 ,-0.0033399 ,0 
589,14.725 ,-0.00329684 ,0 
590,14.75 ,-0.00325418 ,0 
591,14.775 ,-0.00321192 ,0 
592,14.8 ,-0.00317006 ,0 
593,14.825 ,-0.0031286 ,0 
594,14.85 ,-0.00308754 ,0 
595,14.875 ,-0.00304687 ,0 
596,14.9 ,-0.00300661 ,0 
597,14.925 ,-0.00296674 ,0 
598,14.95 ,-0.00292727 ,0 
599,14.975 ,-0.0028882 ,0 
600,15 ,-0.00284952 ,0 
601,15.025 ,-0.00281123 ,0 
602,15.05 ,-0.00277333 ,0 
603,15.075 ,-0.00273583 ,0 
604,15.1 ,-0.00269871 ,0 
605,15.125 ,-0.00266198 ,0 
606,15.15 ,-0.00262564 ,0 
607,15.175 ,-0.00258969 ,0 
608,15.2 ,-0.00255412 ,0 
609,15.225 ,-0.00251893 ,0 
610,15.25 ,-0.00248412 ,0 
611,15.275 ,-0.00244968 ,0 
612,15.3 ,-0.00241563 ,0 
613,15.325 ,-0.00238195 ,0 
614,15.35 ,-0.00234864 ,0 
615,15.375 ,-0.00231571 ,0 
616,15.4 ,-0.00228314 ,0 
617,15.425 ,-0.00225094 ,0 
618,15.45 ,-0.0022191 ,0 
619,15.475 ,-0.00218763 ,0 
620,15.5 ,-0.00215651 ,0 
621,15.525 ,-0.00212576 ,0 
622,15.55 ,-0.00209536 ,0 
623,15.575 ,-0.00206532 ,0 
624,15.6 ,-0.00203562 ,0 
625,15.625 ,-0.00200628 ,0 
626,15.65 ,-0.00197728 ,0 
627,15.675 ,-0.00194863 ,0 
628,15.7 ,-0.00192032 ,0 
629,15.725 ,-0.00189235 ,0 
630,15.75 ,-0.00186471 ,0 
631,15.775 ,-0.00183741 ,0 
632,15.8 ,-0.00181044 ,0 
633,15.825 ,-0.00178381 ,0 
634,15.85 ,-0.00175749 ,0 
635,15.875 ,-0.00173151 ,0 
636,15.9 ,-0.00170584 ,0 
637,15.925 ,-0.0016805 ,0 
638,15.95 ,-0.00165547 ,0 
639,15.975 ,-0.00163075 ,0 
640,16 ,-0.00160635 ,0 
641,16.025 ,-0.00158225 ,0 
642,16.05 ,-0.00155847 ,0 
643,16.075 ,-0.00153498 ,0 
644,16.1 ,-0.0015118 ,0 
645,16.125 ,-0.00148891 ,0 
646,16.15 ,-0.00146632 ,0 
647,16.175 ,-0.00144402 ,0 
648,16.2 ,-0.00142202 ,0 
649,16.225 ,-0.0014003 ,0 
650,16.25 ,-0.00137886 ,0 
651,16.275 ,-0.00135771 ,0 
652,16.3 ,-0.00133683 ,0 
653,16.325 ,-0.00131624 ,0 
654,16.35 ,-0.00129591 ,0 
655,16.375 ,-0.00127586 ,0 
656,16.4 ,-0.00125608 ,0 
657,16.425 ,-0.00123656 ,0 
658,16.45 ,-0.00121731 ,0 
659,16.475 ,-0.00119832 ,0 
660,16.5 ,-0.00117958 ,0 
661,16.525 ,-0.0011611 ,0 
662,16.55 ,-0.00114288 ,0 
663,16.575 ,-0.0011249 ,0 
664,16.6 ,-0.00110717 ,0 
665,16.625 ,-0.00108969 ,0 
666,16.65 ,-0.00107245 ,0 
667,16.675 ,-0.00105545 ,0 
668,16.7 ,-0.00103868 ,0 
669,16.725 ,-0.00102215 ,0 
670,16.75 ,-0.00100585 ,0 
671,16.775 ,-0.000989785 ,0 
672,16.8 ,-0.000973943 ,0 
673,16.825 ,-0.000958326 ,0 
674,16.85 ,-0.00094293 ,0 
675,16.875 ,-0.000927754 ,0 
676,16.9 ,-0.000912794 ,0 
677,16.925 ,-0.000898049 ,0 
678,16.95 ,-0.000883516 ,0 
679,16.975 ,-0.000869192 ,0 
680,17 ,-0.000855075 ,0 
681,17.025 ,-0.000841163 ,0 
682,17.05 ,-0.000827453 ,0 
683,17.075 ,-0.000813942 ,0 
684,17.1 ,-0.000800629 ,0 
685,17.125 ,-0.000787511 ,0 
686,17.15 ,-0.000774586 ,0 
687,17.175 ,-0.000761851 ,0 
688,17.2 ,-0.000749304 ,0 
689,17.225 ,-0.000736942 ,0 
690,17.25 ,-0.000724765 ,0 
691,17.275 ,-0.000712768 ,0 
692,17.3 ,-0.000700951 ,0 
693,17.325 ,-0.00068931 ,0 
694,17.35 ,-0.000677843 ,0 
695,17.375 ,-0.000666549 ,0 
696,17.4 ,-0.000655426 ,0 
697,17.425 ,-0.00064447 ,0 
698,17.45 ,-0.00063368 ,0 
699,17.475 ,-0.000623054 ,0 
700,17.5 ,-0.000612589 ,0 
701,17.525 ,-0.000602284 ,0 
702,17.55 ,-0.000592136 ,0 
703,17.575 ,-0.000582144 ,0 
704,17.6 ,-0.000572306 ,0 
705,17.625 ,-0.000562618 ,0 
706,17.65 ,-0.000553081 ,0 
707,17.675 ,-0.00054369 ,0 
708,17.7 ,-0.000534445 ,0 
709,17.725 ,-0.000525344 ,0 
710,17.75 ,-0.000516384 ,0 
711,17.775 ,-0.000507564 ,0 
712,17.8 ,-0.000498882 ,0 
713,17.825 ,-0.000490336 ,0 
714,17.85 ,-0.000481924 ,0 
715,17.875 ,-0.000473644 ,0 
716,17.9 ,-0.000465495 ,0 
717,17.925 ,-0.000457474 ,0 
718,17.95 ,-0.000449581 ,0 
719,17.975 ,-0.000441812 ,0 
720,18 ,-0.000434167 ,0 
721,18.025 ,-0.000426644 ,0 
722,18.05 ,-0.000419241 ,0 
723,18.075 ,-0.000411956 ,0 
724,18.1 ,-0.000404788 ,0 
725,18.125 ,-0.000397735 ,0 
726,18.15 ,-0.000390795 ,0 
727,18.175 ,-0.000383968 ,0 
728,18.2 ,-0.00037725 ,0 
729,18.225 ,-0.000370641 ,0 
730,18.25 ,-0.000364139 ,0 
731,18.275 ,-0.000357743 ,0 
732,18.3 ,-0.000351451 ,0 
733,18.325 ,-0.000345261 ,0 
734,18.35 ,-0.000339173 ,0 
735,18.375 ,-0.000333184 ,0 
736,18.4 ,-0.000327293 ,0 
737,18.425 ,-0.000321499 ,0 
738,18.45 ,-0.0003158 ,0 
739,18.475 ,-0.000310195 ,0 
740,18.5 ,-0.000304682 ,0 
741,18.525 ,-0.000299261 ,0 
742,18.55 ,-0.00029393 ,0 
743,18.575 ,-0.000288687 ,0 
744,18.6 ,-0.000283531 ,0 
745,18.625 ,-0.000278461 ,0 
746,18.65 ,-0.000273475 ,0 
747,18.675 ,-0.000268573 ,0 
748,18.7 ,-0.000263753 ,0 
749,18.725 ,-0.000259013 ,0 
750,18.75 ,-0.000254353 ,0 
751,18.775 ,-0.000249772 ,0 
752,18.8 ,-0.000245268 ,0 
753,18.825 ,-0.000240839 ,0 
754,18.85 ,-0.000236486 ,0 
755,18.875 ,-0.000232206 ,0 
756,18.9 ,-0.000227999 ,0 
757,18.925 ,-0.000223863 ,0 
758,18.95 ,-0.000219798 ,0 
759,18.975 ,-0.000215801 ,0 
760,19 ,-0.000211873 ,0 
761,19.025 ,-0.000208013 ,0 
762,19.05 ,-0.000204218 ,0 
763,19.075 ,-0.000200488 ,0 
764,19.1 ,-0.000196822 ,0 
765,19.125 ,-0.00019322 ,0 
766,19.15 ,-0.000189679 ,0 
767,19.175 ,-0.000186199 ,0 
768,19.2 ,-0.00018278 ,0 
769,19.225 ,-0.000179419 ,0 
770,19.25 ,-0.000176117 ,0 
771,19.275 ,-0.000172872 ,0 
772,19.3 ,-0.000169684 ,0 
773,19.325 ,-0.000166551 ,0 
774,19.35 ,-0.000163472 ,0 
775,19.375 ,-0.000160447 ,0 
776,19.4 ,-0.000157476 ,0 
777,19.425 ,-0.000154556 ,0 
778,19.45 ,-0.000151687 ,0 
779,19.475 ,-0.000148868 ,0 
780,19.5 ,-0.0001461 ,0 
781,19.525 ,-0.000143379 ,0 
782,19.55 ,-0.000140707 ,0 
783,19.575 ,-0.000138082 ,0 
784,19.6 ,-0.000135503 ,0 
785,19.625 ,-0.00013297 ,0 
786,19.65 ,-0.000130482 ,0 
787,19.675 ,-0.000128038 ,0 
788,19.7 ,-0.000125637 ,0 
789,19.725 ,-0.000123279 ,0 
790,19.75 ,-0.000120963 ,0 
791,19.775 ,-0.000118689 ,0 
792,19.8 ,-0.000116455 ,0 
793,19.825 ,-0.000114261 ,0 
794,19.85 ,-0.000112106 ,0 
795,19.875 ,-0.00010999 ,0 
796,19.9 ,-0.000107911 ,0 
797,19.925 ,-0.00010587 ,0 
798,19.95 ,-0.000103866 ,0 
799,19.975 ,-0.000101898 ,0 
800,20 ,-9.99658e-05 ,0 
801,20.025 ,-9.80682e-05 ,0 
802,20.05 ,-9.6205e-05 ,0 
803,20.075 ,-9.43754e-05 ,0 
804,20.1 ,-9.25791e-05 ,0 
805,20.125 ,-9.08153e-05 ,0 
806,20.15 ,-8.90836e-05 ,0 
807,20.175 ,-8.73835e-05 ,0 
808,20.2 ,-8.57143e-05 ,0 
809,20.225 ,-8.40755e-05 ,0 
810,20.25 ,-8.24667e-05 ,0 
811,20.275 ,-8.08873e-05 ,0 
812,20.3 ,-7.93369e-05 ,0 
813,20.325 ,-7.78148e-05 ,0 
814,20.35 ,-7.63207e-05 ,0 
815,20.375 ,-7.48541e-05 ,0 
816,20.4 ,-7.34144e-05 ,0 
817,20.425 ,-7.20012e-05 ,0 
818,20.45 ,-7.06141e-05 ,0 
819,20.475 ,-6.92526e-05 ,0 
820,20.5 ,-6.79163e-05 ,0 
821,20.525 ,-6.66047e-05 ,0 
822,20.55 ,-6.53174e-05 ,0 
823,20.575 ,-6.4054e-05 ,0 
824,20.6 ,-6.28141e-05 ,0 
825,20.625 ,-6.15972e-05 ,0 
826,20.65 ,-6.04029e-05 ,0 
827,20.675 ,-5.92309e-05 ,0 
828,20.7 ,-5.80808e-05 ,0 
829,20.725 ,-5.69521e-05 ,0 
830,20.75 ,-5.58446e-05 ,0 
831,20.775 ,-5.47577e-05 ,0 
832,20.8 ,-5.36913e-05 ,0 
833,20.825 ,-5.26449e-05 ,0 
834,20.85 ,-5.16181e-05 ,0 
835,20.875 ,-5.06106e-05 ,0 
836,20.9 ,-4.96221e-05 ,0 
837,20.925 ,-4.86522e-05 ,0 
838,20.95 ,-4.77006e-05 ,0 
839,20.975 ,-4.6767e-05 ,0 
840,21 ,-4.58511e-05 ,0 
841,21.025 ,-4.49524e-05 ,0 
842,21.05 ,-4.40709e-05 ,0 
843,21.075 ,-4.3206e-05 ,0 
844,21.1 ,-4.23576e-05 ,0 
845,21.125 ,-4.15253e-05 ,0 
846,21.15 ,-4.07089e-05 ,0 
847,21.175 ,-3.9908e-05 ,0 
848,21.2 ,-3.91224e-05 ,0 
849,21.225 ,-3.83518e-05 ,0 
850,21.25 ,-3.75959e-05 ,0 
851,21.275 ,-3.68546e-05 ,0 
852,21.3 ,-3.61274e-05 ,0 
853,21.325 ,-3.54142e-05 ,0 
854,21.35 ,-3.47147e-05 ,0 
855,21.375 ,-3.40286e-05 ,0 
856,21.4 ,-3.33558e-05 ,0 
857,21.425 ,-3.26959e-05 ,0 
858,21.45 ,-3.20487e-05 ,0 
859,21.475 ,-3.14141e-05 ,0 
860,21.5 ,-3.07918e-05 ,0 
861,21.525 ,-3.01814e-05 ,0 
862,21.55 ,-2.9583e-05 ,0 
863,21.575 ,-2.89961e-05 ,0 
864,21.6 ,-2.84207e-05 ,0 
865,21.625 ,-2.78565e-05 ,0 
866,21.65 ,-2.73032e-05 ,0 
867,21.675 ,-2.67607e-05 ,0 
868,21.7 ,-2.62289e-05 ,0 
869,21.725 ,-2.57074e-05 ,0 
870,21.75 ,-2.51962e-05 ,0 
871,21.775 ,-2.4695e-05 ,0 
872,21.8 ,-2.42036e-05 ,0 
873,21.825 ,-2.37218e-05 ,0 
874,21.85 ,-2.32496e-05 ,0 
875,21.875 ,-2.27866e-05 ,0 
876,21.9 ,-2.23328e-05 ,0 
877,21.925 ,-2.1888e-05 ,0 
878,21.95 ,-2.1452e-05 ,0 
879,21.975 ,-2.10246e-05 ,0 
880,22 ,-2.06056e-05 ,0 
881,22.025 ,-2.0195e-05 ,0 
882,22.05 ,-1.97926e-05 ,0 
883,22.075 ,-1.93982e-05 ,0 
884,22.1 ,-1.90116e-05 ,0 
885,22.125 ,-1.86328e-05 ,0 
886,22.15 ,-1.82616e-05 ,0 
887,22.175 ,-1.78978e-05 ,0 
888,22.2 ,-1.75413e-05 ,0 
889,22.225 ,-1.7192e-05 ,0 
890,22.25 ,-1.68497e-05 ,0 
891,22.275 ,-1.65143e-05 ,0 
892,22.3 ,-1.61856e-05 ,0 
893,22.325 ,-1.58637e-05 ,0 
894,22.35 ,-1.55482e-05 ,0 
895,22.375 ,-1.52392e-05 ,0 
896,22.4 ,-1.49364e-05 ,0 
897,22.425 ,-1.46399e-05 ,0 
898,22.45 ,-1.43493e-05 ,0 
899,22.475 ,-1.40648e-05 ,0 
900,22.5 ,-1.3786e-05 ,0 
901,22.525 ,-1.3513e-05 ,0 
902,22.55 ,-1.32456e-05 ,0 
903,22.575 ,-1.29837e-05 ,0 
904,22.6 ,-1.27272e-05 ,0 
905,22.625 ,-1.2476e-05 ,0 
906,22.65 ,-1.22301e-05 ,0 
907,22.675 ,-1.19892e-05 ,0 
908,22.7 ,-1.17534e-05 ,0 
909,22.725 ,-1.15225e-05 ,0 
910,22.75 ,-1.12965e-05 ,0 
911,22.775 ,-1.10752e-05 ,0 
912,22.8 ,-1.08586e-05 ,0 
913,22.825 ,-1.06465e-05 ,0 
914,22.85 ,-1.04389e-05 ,0 
915,22.875 ,-1.02358e-05 ,0 
916,22.9 ,-1.00369e-05 ,0 
917,22.925 ,-9.84234e-06 ,0 
918,22.95 ,-9.65193e-06 ,0 
919,22.975 ,-9.4656e-06 ,0 
920,23 ,-9.2833e-06 ,0 
921,23.025 ,-9.10495e-06 ,0 
922,23.05 ,-8.93046e-06 ,0 
923,23.075 ,-8.75978e-06 ,0 
924,23.1 ,-8.59284e-06 ,0 
925,23.125 ,-8.42957e-06 ,0 
926,23.15 ,-8.26989e-06 ,0 
927,23.175 ,-8.11375e-06 ,0 
928,23.2 ,-7.96109e-06 ,0 
929,23.225 ,-7.81183e-06 ,0 
930,23.25 ,-7.66593e-06 ,0 
931,23.275 ,-7.52331e-06 ,0 
932,23.3 ,-7.38393e-06 ,0 
933,23.325 ,-7.24772e-06 ,0 
934,23.35 ,-7.11462e-06 ,0 
935,23.375 ,-6.9846e-06 ,0 
936,23.4 ,-6.85758e-06 ,0 
937,23.425 ,-6.73352e-06 ,0 
938,23.45 ,-6.61236e-06 ,0 
939,23.475 ,-6.49406e-06 ,0 
940,23.5 ,-6.37857e-06 ,0 
941,23.525 ,-6.26584e-06 ,0 
942,23.55 ,-6.15582e-06 ,0 
943,23.575 ,-6.04846e-06 ,0 
944,23.6 ,-5.94372e-06 ,0 
945,23.625 ,-5.84156e-06 ,0 
946,23.65 ,-5.74194e-06 ,0 
947,23.675 ,-5.64481e-06 ,0 
948,23.7 ,-5.55012e-06 ,0 
949,23.725 ,-5.45785e-06 ,0 
950,23.75 ,-5.36796e-06 ,0 
951,23.775 ,-5.28039e-06 ,0 
952,23.8 ,-5.19512e-06 ,0 
953,23.825 ,-5.11212e-06 ,0 
954,23.85 ,-5.03133e-06 ,0 
955,23.875 ,-4.95274e-06 ,0 
956,23.9 ,-4.87631e-06 ,0 
957,23.925 ,-4.802e-06 ,0 
958,23.95 ,-4.72978e-06 ,0 
959,23.975 ,-4.65963e-06 ,0 
960,24 ,-4.5915e-06 ,0 
961,24.025 ,-4.52538e-06 ,0 
962,24.05 ,-4.46123e-06 ,0 
963,24.075 ,-4.39903e-06 ,0 
964,24.1 ,-4.33874e-06 ,0 
965,24.125 ,-4.28034e-06 ,0 
966,24.15 ,-4.22382e-06 ,0 
967,24.175 ,-4.16913e-06 ,0 
968,24.2 ,-4.11626e-06 ,0 
969,24.225 ,-4.06518e-06 ,0 
970,24.25 ,-4.01588e-06 ,0 
971,24.275 ,-3.96833e-06 ,0 
972,24.3 ,-3.9225e-06 ,0 
973,24.325 ,-3.87839e-06 ,0 
974,24.35 ,-3.83596e-06 ,0 
975,24.375 ,-3.7952e-06 ,0 
976,24.4 ,-3.75609e-06 ,0 
977,24.425 ,-3.71862e-06 ,0 
978,24.45 ,-3.68276e-06 ,0 
979,24.475 ,-3.64851e-06 ,0 
980,24.5 ,-3.61583e-06 ,0 
981,24.525 ,-3.58473e-06 ,0 
982,24.55 ,-3.55519e-06 ,0 
983,24.575 ,-3.52718e-06 ,0 
984,24.6 ,-3.5007e-06 ,0 
985,24.625 ,-3.47574e-06 ,0 
986,24.65 ,-3.45229e-06 ,0 
987,24.675 ,-3.43033e-06 ,0 
988,24.7 ,-3.40985e-06 ,0 
989,24.725 ,-3.39084e-06 ,0 
990,24.75 ,-3.3733e-06 ,0 
991,24.775 ,-3.35721e-06 ,0 
992,24.8 ,-3.34257e-06 ,0 
993,24.825 ,-3.32937e-06 ,0 
994,24.85 ,-3.3176e-06 ,0 
995,24.875 ,-3.30726e-06 ,0 
996,24.9 ,-3.29834e-06 ,0 
997,24.925 ,-3.29083e-06 ,0 
998,24.95 ,-3.28474e-06 ,0 
999,24.975 ,-3.28006e-06 ,0 
1000,25 ,-3.27678e-06 ,0 