N_e = 8
1,0.025 ,8.79435e-06 ,0 
2,0.05 ,8.79435e-06 ,0 
3,0.075 ,1.86205e-05 ,0 
4,0.1 ,3.28629e-05 ,0 
5,0.125 ,5.12592e-05 ,0 
6,0.15 ,7.37583e-05 ,0 
7,0.175 ,0.000100341 ,0 
8,0.2 ,0.000130993 ,0 
9,0.225 ,0.000165703 ,0 
10,0.25 ,0.000204458 ,0 
11,0.275 ,0.000247245 ,0 
12,0.3 ,0.000294048 ,0 
13,0.325 ,0.000344853 ,0 
14,0.35 ,0.000399641 ,0 
15,0.375 ,0.000458394 ,0 
16,0.4 ,0.000521091 ,0 
17,0.425 ,0.000587713 ,0 
18,0.45 ,0.000658235 ,0 
19,0.475 ,0.000732635 ,0 
20,0.5 ,0.000810886 ,0 
21,0.525 ,0.000892963 ,0 
22,0.55 ,0.000978838 ,0 
23,0.575 ,0.00106848 ,0 
24,0.6 ,0.00116186 ,0 
25,0.625 ,0.00125895 ,0 
26,0.65 ,0.00135971 ,0 
27,0.675 ,0.00146412 ,0 
28,0.7 ,0.00157212 ,0 
29,0.725 ,0.0016837 ,0 
30,0.75 ,0.00179881 ,0 
31,0.775 ,0.00191741 ,0 
32,0.8 ,0.00203946 ,0 
33,0.825 ,0.00216492 ,0 
34,0.85 ,0.00229376 ,0 
35,0.875 ,0.00242592 ,0 
36,0.9 ,0.00256136 ,0 
37,0.925 ,0.00270004 ,0 
38,0.95 ,0.00284191 ,0 
39,0.975 ,0.00298692 ,0 
40,1 ,0.00313503 ,0 
41,1.025 ,0.00328618 ,0 
42,1.05 ,0.00344033 ,0 
43,1.075 ,0.00359743 ,0 
44,1.1 ,0.00375741 ,0 
45,1.125 ,0.00392024 ,0 
46,1.15 ,0.00408585 ,0 
47,1.175 ,0.0042542 ,0 
48,1.2 ,0.00442521 ,0 
49,1.225 ,0.00459885 ,0 
50,1.25 ,0.00477505 ,0 
51,1.275 ,0.00495376 ,0 
52,1.3 ,0.00513491 ,0 
53,1.325 ,0.00531844 ,0 
54,1.35 ,0.00550431 ,0 
55,1.375 ,0.00569244 ,0 
56,1.4 ,0.00588277 ,0 
57,1.425 ,0.00607525 ,0 
58,1.45 ,0.00626981 ,0 
59,1.475 ,0.00646638 ,0 
60,1.5 ,0.00666491 ,0 
61,1.525 ,0.00686533 ,0 
62,1.55 ,0.00706757 ,0 
63,1.575 ,0.00727158 ,0 
64,1.6 ,0.00747728 ,0 
65,1.625 ,0.00768461 ,0 
66,1.65 ,0.0078935 ,0 
67,1.675 ,0.00810389 ,0 
68,1.7 ,0.00831571 ,0 
69,1.725 ,0.00852889 ,0 
70,1.75 ,0.00874336 ,0 
71,1.775 ,0.00895907 ,0 
72,1.8 ,0.00917593 ,0 
73,1.825 ,0.00939388 ,0 
74,1.85 ,0.00961286 ,0 
75,1.875 ,0.00983279 ,0 
76,1.9 ,0.0100536 ,0 
77,1.925 ,0.0102752 ,0 
78,1.95 ,0.0104976 ,0 
79,1.975 ,0.0107207 ,0 
80,2 ,0.0109444 ,0 
81,2.025 ,0.0111686 ,0 
82,2.05 ,0.0113933 ,0 
83,2.075 ,0.0116184 ,0 
84,2.1 ,0.0118438 ,0 
85,2.125 ,0.0120695 ,0 
86,2.15 ,0.0122954 ,0 
87,2.175 ,0.0125214 ,0 
88,2.2 ,0.0127475 ,0 
89,2.225 ,0.0129736 ,0 
90,2.25 ,0.0131996 ,0 
91,2.275 ,0.0134255 ,0 
92,2.3 ,0.0136511 ,0 
93,2.325 ,0.0138765 ,0 
94,2.35 ,0.0141016 ,0 
95,2.375 ,0.0143262 ,0 
96,2.4 ,0.0145504 ,0 
97,2.425 ,0.014774 ,0 
98,2.45 ,0.0149971 ,0 
99,2.475 ,0.0152194 ,0 
100,2.5 ,0.0154411 ,0 
101,2.525 ,0.0156619 ,0 
102,2.55 ,0.0158819 ,0 
103,2.575 ,0.016101 ,0 
104,2.6 ,0.0163191 ,0 
105,2.625 ,0.0165361 ,0 
106,2.65 ,0.0167521 ,0 
107,2.675 ,0.0169668 ,0 
108,2.7 ,0.0171804 ,0 
109,2.725 ,0.0173927 ,0 
110,2.75 ,0.0176036 ,0 
111,2.775 ,0.0178132 ,0 
112,2.8 ,0.0180213 ,0 
113,2.825 ,0.0182278 ,0 
114,2.85 ,0.0184328 ,0 
115,2.875 ,0.0186362 ,0 
116,2.9 ,0.018838 ,0 
117,2.925 ,0.019038 ,0 
118,2.95 ,0.0192362 ,0 
119,2.975 ,0.0194326 ,0 
120,3 ,0.0196271 ,0 
121,3.025 ,0.0198197 ,0 
122,3.05 ,0.0200103 ,0 
123,3.075 ,0.0201988 ,0 
124,3.1 ,0.0203853 ,0 
125,3.125 ,0.0205697 ,0 
126,3.15 ,0.0207519 ,0 
127,3.175 ,0.0209319 ,0 
128,3.2 ,0.0211097 ,0 
129,3.225 ,0.0212851 ,0 
130,3.25 ,0.0214582 ,0 
131,3.275 ,0.021629 ,0 
132,3.3 ,0.0217973 ,0 
133,3.325 ,0.0219631 ,0 
134,3.35 ,0.0221265 ,0 
135,3.375 ,0.0222873 ,0 
136,3.4 ,0.0224456 ,0 
137,3.425 ,0.0226013 ,0 
138,3.45 ,0.0227543 ,0 
139,3.475 ,0.0229047 ,0 
140,3.5 ,0.0230523 ,0 
141,3.525 ,0.0231973 ,0 
142,3.55 ,0.0233394 ,0 
143,3.575 ,0.0234788 ,0 
144,3.6 ,0.0236154 ,0 
145,3.625 ,0.0237491 ,0 
146,3.65 ,0.02388 ,0 
147,3.675 ,0.0240079 ,0 
148,3.7 ,0.024133 ,0 
149,3.725 ,0.0242551 ,0 
150,3.75 ,0.0243742 ,0 
151,3.775 ,0.0244904 ,0 
152,3.8 ,0.0246035 ,0 
153,3.825 ,0.0247137 ,0 
154,3.85 ,0.0248208 ,0 
155,3.875 ,0.0249248 ,0 
156,3.9 ,0.0250258 ,0 
157,3.925 ,0.0251237 ,0 
158,3.95 ,0.0252186 ,0 
159,3.975 ,0.0253103 ,0 
160,4 ,0.0253989 ,0 
161,4.025 ,0.0254844 ,0 
162,4.05 ,0.0255667 ,0 
163,4.075 ,0.0256459 ,0 
164,4.1 ,0.0257219 ,0 
165,4.125 ,0.0257948 ,0 
166,4.15 ,0.0258646 ,0 
167,4.175 ,0.0259311 ,0 
168,4.2 ,0.0259945 ,0 
169,4.225 ,0.0260548 ,0 
170,4.25 ,0.0261118 ,0 
171,4.275 ,0.0261657 ,0 
172,4.3 ,0.0262164 ,0 
173,4.325 ,0.026264 ,0 
174,4.35 ,0.0263084 ,0 
175,4.375 ,0.0263496 ,0 
176,4.4 ,0.0263877 ,0 
177,4.425 ,0.0264226 ,0 
178,4.45 ,0.0264544 ,0 
179,4.475 ,0.0264831 ,0 
180,4.5 ,0.0265086 ,0 
181,4.525 ,0.026531 ,0 
182,4.55 ,0.0265503 ,0 
183,4.575 ,0.0265665 ,0 
184,4.6 ,0.0265797 ,0 
185,4.625 ,0.0265897 ,0 
186,4.65 ,0.0265967 ,0 
187,4.675 ,0.0266006 ,0 
188,4.7 ,0.0266016 ,0 
189,4.725 ,0.0265995 ,0 
190,4.75 ,0.0265944 ,0 
191,4.775 ,0.0265863 ,0 
192,4.8 ,0.0265753 ,0 
193,4.825 ,0.0265613 ,0 
194,4.85 ,0.0265444 ,0 
195,4.875 ,0.0265246 ,0 
196,4.9 ,0.026502 ,0 
197,4.925 ,0.0264764 ,0 
198,4.95 ,0.026448 ,0 
199,4.975 ,0.0264169 ,0 
200,5 ,0.0263829 ,0 
201,5.025 ,0.0263461 ,0 
202,5.05 ,0.0263066 ,0 
203,5.075 ,0.0262644 ,0 
204,5.1 ,0.0262195 ,0 
205,5.125 ,0.026172 ,0 
206,5.15 ,0.0261218 ,0 
207,5.175 ,0.026069 ,0 
208,5.2 ,0.0260136 ,0 
209,5.225 ,0.0259556 ,0 
210,5.25 ,0.0258952 ,0 
211,5.275 ,0.0258322 ,0 
212,5.3 ,0.0257668 ,0 
213,5.325 ,0.0256989 ,0 
214,5.35 ,0.0256287 ,0 
215,5.375 ,0.025556 ,0 
216,5.4 ,0.0254811 ,0 
217,5.425 ,0.0254038 ,0 
218,5.45 ,0.0253242 ,0 
219,5.475 ,0.0252424 ,0 
220,5.5 ,0.0251584 ,0 
221,5.525 ,0.0250722 ,0 
222,5.55 ,0.0249839 ,0 
223,5.575 ,0.0248934 ,0 
224,5.6 ,0.0248009 ,0 
225,5.625 ,0.0247064 ,0 
226,5.65 ,0.0246098 ,0 
227,5.675 ,0.0245113 ,0 
228,5.7 ,0.0244108 ,0 
229,5.725 ,0.0243084 ,0 
230,5.75 ,0.0242042 ,0 
231,5.775 ,0.0240981 ,0 
232,5.8 ,0.0239903 ,0 
233,5.825 ,0.0238806 ,0 
234,5.85 ,0.0237693 ,0 
235,5.875 ,0.0236563 ,0 
236,5.9 ,0.0235416 ,0 
237,5.925 ,0.0234253 ,0 
238,5.95 ,0.0233075 ,0 
239,5.975 ,0.0231881 ,0 
240,6 ,0.0230672 ,0 
241,6.025 ,0.0229448 ,0 
242,6.05 ,0.022821 ,0 
243,6.075 ,0.0226958 ,0 
244,6.1 ,0.0225693 ,0 
245,6.125 ,0.0224414 ,0 
246,6.15 ,0.0223123 ,0 
247,6.175 ,0.0221819 ,0 
248,6.2 ,0.0220503 ,0 
249,6.225 ,0.0219175 ,0 
250,6.25 ,0.0217836 ,0 
251,6.275 ,0.0216486 ,0 
252,6.3 ,0.0215126 ,0 
253,6.325 ,0.0213755 ,0 
254,6.35 ,0.0212374 ,0 
255,6.375 ,0.0210983 ,0 
256,6.4 ,0.0209584 ,0 
257,6.425 ,0.0208175 ,0 
258,6.45 ,0.0206758 ,0 
259,6.475 ,0.0205333 ,0 
260,6.5 ,0.02039 ,0 
261,6.525 ,0.020246 ,0 
262,6.55 ,0.0201012 ,0 
263,6.575 ,0.0199558 ,0 
264,6.6 ,0.0198097 ,0 
265,6.625 ,0.0196631 ,0 
266,6.65 ,0.0195158 ,0 
267,6.675 ,0.019368 ,0 
268,6.7 ,0.0192197 ,0 
269,6.725 ,0.019071 ,0 
270,6.75 ,0.0189218 ,0 
271,6.775 ,0.0187721 ,0 
272,6.8 ,0.0186221 ,0 
273,6.825 ,0.0184718 ,0 
274,6.85 ,0.0183212 ,0 
275,6.875 ,0.0181702 ,0 
276,6.9 ,0.018019 ,0 
277,6.925 ,0.0178676 ,0 
278,6.95 ,0.017716 ,0 
279,6.975 ,0.0175643 ,0 
280,7 ,0.0174124 ,0 
281,7.025 ,0.0172604 ,0 
282,7.05 ,0.0171083 ,0 
283,7.075 ,0.0169562 ,0 
284,7.1 ,0.0168041 ,0 
285,7.125 ,0.016652 ,0 
286,7.15 ,0.0164999 ,0 
287,7.175 ,0.0163479 ,0 
288,7.2 ,0.016196 ,0 
289,7.225 ,0.0160442 ,0 
290,7.25 ,0.0158925 ,0 
291,7.275 ,0.015741 ,0 
292,7.3 ,0.0155897 ,0 
293,7.325 ,0.0154387 ,0 
294,7.35 ,0.0152878 ,0 
295,7.375 ,0.0151373 ,0 
296,7.4 ,0.014987 ,0 
297,7.425 ,0.0148371 ,0 
298,7.45 ,0.0146875 ,0 
299,7.475 ,0.0145382 ,0 
300,7.5 ,0.0143894 ,0 
301,7.525 ,0.0142409 ,0 
302,7.55 ,0.0140929 ,0 
303,7.575 ,0.0139453 ,0 
304,7.6 ,0.0137982 ,0 
305,7.625 ,0.0136516 ,0 
306,7.65 ,0.0135055 ,0 
307,7.675 ,0.0133599 ,0 
308,7.7 ,0.0132148 ,0 
309,7.725 ,0.0130703 ,0 
310,7.75 ,0.0129264 ,0 
311,7.775 ,0.0127831 ,0 
312,7.8 ,0.0126404 ,0 
313,7.825 ,0.0124984 ,0 
314,7.85 ,0.012357 ,0 
315,7.875 ,0.0122162 ,0 
316,7.9 ,0.0120762 ,0 
317,7.925 ,0.0119368 ,0 
318,7.95 ,0.0117982 ,0 
319,7.975 ,0.0116602 ,0 
320,8 ,0.011523 ,0 
321,8.025 ,0.0113866 ,0 
322,8.05 ,0.0112509 ,0 
323,8.075 ,0.011116 ,0 
324,8.1 ,0.0109819 ,0 
325,8.125 ,0.0108486 ,0 
326,8.15 ,0.0107162 ,0 
327,8.175 ,0.0105845 ,0 
328,8.2 ,0.0104537 ,0 
329,8.225 ,0.0103237 ,0 
330,8.25 ,0.0101946 ,0 
331,8.275 ,0.0100663 ,0 
332,8.3 ,0.00993896 ,0 
333,8.325 ,0.00981248 ,0 
334,8.35 ,0.00968688 ,0 
335,8.375 ,0.00956218 ,0 
336,8.4 ,0.0094384 ,0 
337,8.425 ,0.00931553 ,0 
338,8.45 ,0.00919359 ,0 
339,8.475 ,0.00907258 ,0 
340,8.5 ,0.00895251 ,0 
341,8.525 ,0.00883338 ,0 
342,8.55 ,0.0087152 ,0 
343,8.575 ,0.00859798 ,0 
344,8.6 ,0.00848172 ,0 
345,8.625 ,0.00836642 ,0 
346,8.65 ,0.00825209 ,0 
347,8.675 ,0.00813874 ,0 
348,8.7 ,0.00802637 ,0 
349,8.725 ,0.00791498 ,0 
350,8.75 ,0.00780457 ,0 
351,8.775 ,0.00769515 ,0 
352,8.8 ,0.00758673 ,0 
353,8.825 ,0.00747929 ,0 
354,8.85 ,0.00737286 ,0 
355,8.875 ,0.00726742 ,0 
356,8.9 ,0.00716298 ,0 
357,8.925 ,0.00705954 ,0 
358,8.95 ,0.0069571 ,0 
359,8.975 ,0.00685566 ,0 
360,9 ,0.00675523 ,0 
361,9.025 ,0.0066558 ,0 
362,9.05 ,0.00655737 ,0 
363,9.075 ,0.00645995 ,0 
364,9.1 ,0.00636352 ,0 
365,9.125 ,0.00626811 ,0 
366,9.15 ,0.00617369 ,0 
367,9.175 ,0.00608027 ,0 
368,9.2 ,0.00598785 ,0 
369,9.225 ,0.00589643 ,0 
370,9.25 ,0.005806 ,0 
371,9.275 ,0.00571656 ,0 
372,9.3 ,0.00562812 ,0 
373,9.325 ,0.00554067 ,0 
374,9.35 ,0.0054542 ,0 
375,9.375 ,0.00536871 ,0 
376,9.4 ,0.00528421 ,0 
377,9.425 ,0.00520068 ,0 
378,9.45 ,0.00511813 ,0 
379,9.475 ,0.00503654 ,0 
380,9.5 ,0.00495593 ,0 
381,9.525 ,0.00487627 ,0 
382,9.55 ,0.00479758 ,0 
383,9.575 ,0.00471984 ,0 
384,9.6 ,0.00464305 ,0 
385,9.625 ,0.00456721 ,0 
386,9.65 ,0.00449231 ,0 
387,9.675 ,0.00441834 ,0 
388,9.7 ,0.00434531 ,0 
389,9.725 ,0.0042732 ,0 
390,9.75 ,0.00420202 ,0 
391,9.775 ,0.00413175 ,0 
392,9.8 ,0.0040624 ,0 
393,9.825 ,0.00399395 ,0 
394,9.85 ,0.0039264 ,0 
395,9.875 ,0.00385975 ,0 
396,9.9 ,0.00379398 ,0 
397,9.925 ,0.0037291 ,0 
398,9.95 ,0.0036651 ,0 
399,9.975 ,0.00360197 ,0 
400,10 ,0.0035397 ,0 
401,10.025 ,0.00347829 ,0 
402,10.05 ,0.00341774 ,0 
403,10.075 ,0.00335803 ,0 
404,10.1 ,0.00329916 ,0 
405,10.125 ,0.00324113 ,0 
406,10.15 ,0.00318392 ,0 
407,10.175 ,0.00312753 ,0 
408,10.2 ,0.00307196 ,0 
409,10.225 ,0.00301719 ,0 
410,10.25 ,0.00296323 ,0 
411,10.275 ,0.00291005 ,0 
412,10.3 ,0.00285767 ,0 
413,10.325 ,0.00280606 ,0 
414,10.35 ,0.00275523 ,0 
415,10.375 ,0.00270516 ,0 
416,10.4 ,0.00265585 ,0 
417,10.425 ,0.00260729 ,0 
418,10.45 ,0.00255948 ,0 
419,10.475 ,0.0025124 ,0 
420,10.5 ,0.00246606 ,0 
421,10.525 ,0.00242043 ,0 
422,10.55 ,0.00237552 ,0 
423,10.575 ,0.00233132 ,0 
424,10.6 ,0.00228782 ,0 
425,10.625 ,0.002245 ,0 
426,10.65 ,0.00220288 ,0 
427,10.675 ,0.00216143 ,0 
428,10.7 ,0.00212065 ,0 
429,10.725 ,0.00208053 ,0 
430,10.75 ,0.00204106 ,0 
431,10.775 ,0.00200224 ,0 
432,10.8 ,0.00196406 ,0 
433,10.825 ,0.00192651 ,0 
434,10.85 ,0.00188958 ,0 
435,10.875 ,0.00185327 ,0 
436,10.9 ,0.00181757 ,0 
437,10.925 ,0.00178246 ,0 
438,10.95 ,0.00174795 ,0 
439,10.975 ,0.00171403 ,0 
440,11 ,0.00168068 ,0 
441,11.025 ,0.0016479 ,0 
442,11.05 ,0.00161568 ,0 
443,11.075 ,0.00158402 ,0 
444,11.1 ,0.00155291 ,0 
445,11.125 ,0.00152234 ,0 
446,11.15 ,0.00149229 ,0 
447,11.175 ,0.00146278 ,0 
448,11.2 ,0.00143378 ,0 
449,11.225 ,0.0014053 ,0 
450,11.25 ,0.00137731 ,0 
451,11.275 ,0.00134983 ,0 
452,11.3 ,0.00132283 ,0 
453,11.325 ,0.00129632 ,0 
454,11.35 ,0.00127028 ,0 
455,11.375 ,0.00124471 ,0 
456,11.4 ,0.0012196 ,0 
457,11.425 ,0.00119495 ,0 
458,11.45 ,0.00117074 ,0 
459,11.475 ,0.00114698 ,0 
460,11.5 ,0.00112365 ,0 
461,11.525 ,0.00110075 ,0 
462,11.55 ,0.00107827 ,0 
463,11.575 ,0.00105621 ,0 
464,11.6 ,0.00103455 ,0 
465,11.625 ,0.0010133 ,0 
466,11.65 ,0.000992439 ,0 
467,11.675 ,0.000971972 ,0 
468,11.7 ,0.000951888 ,0 
469,11.725 ,0.000932181 ,0 
470,11.75 ,0.000912846 ,0 
471,11.775 ,0.000893876 ,0 
472,11.8 ,0.000875267 ,0 
473,11.825 ,0.00085701 ,0 
474,11.85 ,0.000839102 ,0 
475,11.875 ,0.000821537 ,0 
476,11.9 ,0.000804308 ,0 
477,11.925 ,0.00078741 ,0 
478,11.95 ,0.000770837 ,0 
479,11.975 ,0.000754585 ,0 
480,12 ,0.000738648 ,0 
481,12.025 ,0.00072302 ,0 
482,12.05 ,0.000707697 ,0 
483,12.075 ,0.000692672 ,0 
484,12.1 ,0.000677942 ,0 
485,12.125 ,0.0006635 ,0 
486,12.15 ,0.000649343 ,0 
487,12.175 ,0.000635464 ,0 
488,12.2 ,0.00062186 ,0 
489,12.225 ,0.000608525 ,0 
490,12.25 ,0.000595455 ,0 
491,12.275 ,0.000582645 ,0 
492,12.3 ,0.00057009 ,0 
493,12.325 ,0.000557786 ,0 
494,12.35 ,0.000545729 ,0 
495,12.375 ,0.000533914 ,0 
496,12.4 ,0.000522337 ,0 
497,12.425 ,0.000510993 ,0 
498,12.45 ,0.000499879 ,0 
499,12.475 ,0.00048899 ,0 
500,12.5 ,0.000478322 ,0 
501,12.525 ,0.00046787 ,0 
502,12.55 ,0.000457632 ,0 
503,12.575 ,0.000447603 ,0 
504,12.6 ,0.00043778 ,0 
505,12.625 ,0.000428158 ,0 
506,12.65 ,0.000418733 ,0 
507,12.675 ,0.000409503 ,0 
508,12.7 ,0.000400464 ,0 
509,12.725 ,0.000391611 ,0 
510,12.75 ,0.000382942 ,0 
511,12.775 ,0.000374452 ,0 
512,12.8 ,0.00036614 ,0 
513,12.825 ,0.000358 ,0 
514,12.85 ,0.000350031 ,0 
515,12.875 ,0.000342228 ,0 
516,12.9 ,0.000334589 ,0 
517,12.925 ,0.00032711 ,0 
518,12.95 ,0.000319789 ,0 
519,12.975 ,0.000312621 ,0 
520,13 ,0.000305606 ,0 
521,13.025 ,0.000298738 ,0 
522,13.05 ,0.000292016 ,0 
523,13.075 ,0.000285437 ,0 
524,13.1 ,0.000278998 ,0 
525,13.125 ,0.000272696 ,0 
526,13.15 ,0.000266528 ,0 
527,13.175 ,0.000260493 ,0 
528,13.2 ,0.000254586 ,0 
529,13.225 ,0.000248806 ,0 
530,13.25 ,0.000243151 ,0 
531,13.275 ,0.000237617 ,0 
532,13.3 ,0.000232202 ,0 
533,13.325 ,0.000226904 ,0 
534,13.35 ,0.000221721 ,0 
535,13.375 ,0.00021665 ,0 
536,13.4 ,0.000211689 ,0 
537,13.425 ,0.000206836 ,0 
538,13.45 ,0.000202089 ,0 
539,13.475 ,0.000197445 ,0 
540,13.5 ,0.000192903 ,0 
541,13.525 ,0.00018846 ,0 
542,13.55 ,0.000184114 ,0 
543,13.575 ,0.000179863 ,0 
544,13.6 ,0.000175706 ,0 
545,13.625 ,0.00017164 ,0 
546,13.65 ,0.000167664 ,0 
547,13.675 ,0.000163776 ,0 
548,13.7 ,0.000159973 ,0 
549,13.725 ,0.000156255 ,0 
550,13.75 ,0.000152619 ,0 
551,13.775 ,0.000149064 ,0 
552,13.8 ,0.000145588 ,0 
553,13.825 ,0.000142189 ,0 
554,13.85 ,0.000138866 ,0 
555,13.875 ,0.000135617 ,0 
556,13.9 ,0.000132441 ,0 
557,13.925 ,0.000129336 ,0 
558,13.95 ,0.0001263 ,0 
559,13.975 ,0.000123333 ,0 
560,14 ,0.000120432 ,0 
561,14.025 ,0.000117597 ,0 
562,14.05 ,0.000114825 ,0 
563,14.075 ,0.000112116 ,0 
564,14.1 ,0.000109469 ,0 
565,14.125 ,0.000106881 ,0 
566,14.15 ,0.000104352 ,0 
567,14.175 ,0.00010188 ,0 
568,14.2 ,9.94639e-05 ,0 
569,14.225 ,9.71031e-05 ,0 
570,14.25 ,9.47961e-05 ,0 
571,14.275 ,9.25417e-05 ,0 
572,14.3 ,9.03387e-05 ,0 
573,14.325 ,8.81861e-05 ,0 
574,14.35 ,8.60828e-05 ,0 
575,14.375 ,8.40276e-05 ,0 
576,14.4 ,8.20196e-05 ,0 
577,14.425 ,8.00577e-05 ,0 
578,14.45 ,7.81409e-05 ,0 
579,14.475 ,7.62683e-05 ,0 
580,14.5 ,7.44388e-05 ,0 
581,14.525 ,7.26516e-05 ,0 
582,14.55 ,7.09056e-05 ,0 
583,14.575 ,6.92e-05 ,0 
584,14.6 ,6.7534e-05 ,0 
585,14.625 ,6.59065e-05 ,0 
586,14.65 ,6.43169e-05 ,0 
587,14.675 ,6.27642e-05 ,0 
588,14.7 ,6.12476e-05 ,0 
589,14.725 ,5.97663e-05 ,0 
590,14.75 ,5.83196e-05 ,0 
591,14.775 ,5.69066e-05 ,0 
592,14.8 ,5.55267e-05 ,0 
593,14.825 ,5.4179e-05 ,0 
594,14.85 ,5.28629e-05 ,0 
595,14.875 ,5.15777e-05 ,0 
596,14.9 ,5.03226e-05 ,0 
597,14.925 ,4.9097e-05 ,0 
598,14.95 ,4.79003e-05 ,0 
599,14.975 ,4.67317e-05 ,0 
600,15 ,4.55907e-05 ,0 
601,15.025 ,4.44766e-05 ,0 
602,15.05 ,4.33888e-05 ,0 
603,15.075 ,4.23268e-05 ,0 
604,15.1 ,4.12898e-05 ,0 
605,15.125 ,4.02775e-05 ,0 
606,15.15 ,3.92891e-05 ,0 
607,15.175 ,3.83243e-05 ,0 
608,15.2 ,3.73823e-05 ,0 
609,15.225 ,3.64628e-05 ,0 
610,15.25 ,3.55651e-05 ,0 
611,15.275 ,3.46889e-05 ,0 
612,15.3 ,3.38336e-05 ,0 
613,15.325 ,3.29987e-05 ,0 
614,15.35 ,3.21837e-05 ,0 
615,15.375 ,3.13883e-05 ,0 
616,15.4 ,3.06119e-05 ,0 
617,15.425 ,2.98541e-05 ,0 
618,15.45 ,2.91145e-05 ,0 
619,15.475 ,2.83927e-05 ,0 
620,15.5 ,2.76882e-05 ,0 
621,15.525 ,2.70007e-05 ,0 
622,15.55 ,2.63298e-05 ,0 
623,15.575 ,2.5675e-05 ,0 
624,15.6 ,2.5036e-05 ,0 
625,15.625 ,2.44125e-05 ,0 
626,15.65 ,2.38041e-05 ,0 
627,15.675 ,2.32103e-05 ,0 
628,15.7 ,2.2631e-05 ,0 
629,15.725 ,2.20657e-05 ,0 
630,15.75 ,2.15141e-05 ,0 
631,15.775 ,2.09759e-05 ,0 
632,15.8 ,2.04508e-05 ,0 
633,15.825 ,1.99385e-05 ,0 
634,15.85 ,1.94386e-05 ,0 
635,15.875 ,1.8951e-05 ,0 
636,15.9 ,1.84752e-05 ,0 
637,15.925 ,1.8011e-05 ,0 
638,15.95 ,1.75582e-05 ,0 
639,15.975 ,1.71165e-05 ,0 
640,16 ,1.66855e-05 ,0 
641,16.025 ,1.62652e-05 ,0 
642,16.05 ,1.58551e-05 ,0 
643,16.075 ,1.54551e-05 ,0 
644,16.1 ,1.50649e-05 ,0 
645,16.125 ,1.46843e-05 ,0 
646,16.15 ,1.43131e-05 ,0 
647,16.175 ,1.3951e-05 ,0 
648,16.2 ,1.35979e-05 ,0 
649,16.225 ,1.32534e-05 ,0 
650,16.25 ,1.29175e-05 ,0 
651,16.275 ,1.25898e-05 ,0 
652,16.3 ,1.22702e-05 ,0 
653,16.325 ,1.19586e-05 ,0 
654,16.35 ,1.16547e-05 ,0 
655,16.375 ,1.13583e-05 ,0 
656,16.4 ,1.10692e-05 ,0 
657,16.425 ,1.07873e-05 ,0 
658,16.45 ,1.05124e-05 ,0 
659,16.475 ,1.02444e-05 ,0 
660,16.5 ,9.98302e-06 ,0 
661,16.525 ,9.72815e-06 ,0 
662,16.55 ,9.47962e-06 ,0 
663,16.575 ,9.2373e-06 ,0 
664,16.6 ,9.00102e-06 ,0 
665,16.625 ,8.77064e-06 ,0 
666,16.65 ,8.54601e-06 ,0 
667,16.675 ,8.327e-06 ,0 
668,16.7 ,8.11348e-06 ,0 
669,16.725 ,7.9053e-06 ,0 
670,16.75 ,7.70233e-06 ,0 
671,16.775 ,7.50446e-06 ,0 
672,16.8 ,7.31156e-06 ,0 
673,16.825 ,7.12349e-06 ,0 
674,16.85 ,6.94016e-06 ,0 
675,16.875 ,6.76144e-06 ,0 
676,16.9 ,6.58721e-06 ,0 
677,16.925 ,6.41737e-06 ,0 
678,16.95 ,6.25182e-06 ,0 
679,16.975 ,6.09044e-06 ,0 
680,17 ,5.93313e-06 ,0 
681,17.025 ,5.7798e-06 ,0 
682,17.05 ,5.63034e-06 ,0 
683,17.075 ,5.48466e-06 ,0 
684,17.1 ,5.34267e-06 ,0 
685,17.125 ,5.20428e-06 ,0 
686,17.15 ,5.06939e-06 ,0 
687,17.175 ,4.93792e-06 ,0 
688,17.2 ,4.80979e-06 ,0 
689,17.225 ,4.68492e-06 ,0 
690,17.25 ,4.56321e-06 ,0 
691,17.275 ,4.44461e-06 ,0 
692,17.3 ,4.32902e-06 ,0 
693,17.325 ,4.21637e-06 ,0 
694,17.35 ,4.1066e-06 ,0 
695,17.375 ,3.99962e-06 ,0 
696,17.4 ,3.89537e-06 ,0 
697,17.425 ,3.79378e-06 ,0 
698,17.45 ,3.69479e-06 ,0 
699,17.475 ,3.59833e-06 ,0 
700,17.5 ,3.50434e-06 ,0 
701,17.525 ,3.41275e-06 ,0 
702,17.55 ,3.32351e-06 ,0 
703,17.575 ,3.23656e-06 ,0 
704,17.6 ,3.15183e-06 ,0 
705,17.625 ,3.06928e-06 ,0 
706,17.65 ,2.98885e-06 ,0 
707,17.675 ,2.91048e-06 ,0 
708,17.7 ,2.83413e-06 ,0 
709,17.725 ,2.75974e-06 ,0 
710,17.75 ,2.68727e-06 ,0 
711,17.775 ,2.61667e-06 ,0 
712,17.8 ,2.54788e-06 ,0 
713,17.825 ,2.48087e-06 ,0 
714,17.85 ,2.41558e-06 ,0 
715,17.875 ,2.35199e-06 ,0 
716,17.9 ,2.29003e-06 ,0 
717,17.925 ,2.22968e-06 ,0 
718,17.95 ,2.17088e-06 ,0 
719,17.975 ,2.11361e-06 ,0 
720,18 ,2.05782e-06 ,0 
721,18.025 ,2.00348e-06 ,0 
722,18.05 ,1.95055e-06 ,0 
723,18.075 ,1.89898e-06 ,0 
724,18.1 ,1.84876e-06 ,0 
725,18.125 ,1.79984e-06 ,0 
726,18.15 ,1.75219e-06 ,0 
727,18.175 ,1.70578e-06 ,0 
728,18.2 ,1.66058e-06 ,0 
729,18.225 ,1.61655e-06 ,0 
730,18.25 ,1.57368e-06 ,0 
731,18.275 ,1.53191e-06 ,0 
732,18.3 ,1.49124e-06 ,0 
733,18.325 ,1.45163e-06 ,0 
734,18.35 ,1.41305e-06 ,0 
735,18.375 ,1.37548e-06 ,0 
736,18.4 ,1.33889e-06 ,0 
737,18.425 ,1.30325e-06 ,0 
738,18.45 ,1.26855e-06 ,0 
739,18.475 ,1.23476e-06 ,0 
740,18.5 ,1.20185e-06 ,0 
741,18.525 ,1.16981e-06 ,0 
742,18.55 ,1.1386e-06 ,0 
743,18.575 ,1.10821e-06 ,0 
744,18.6 ,1.07862e-06 ,0 
745,18.625 ,1.04981e-06 ,0 
746,18.65 ,1.02176e-06 ,0 
747,18.675 ,9.94436e-07 ,0 
748,18.7 ,9.67836e-07 ,0 
749,18.725 ,9.41935e-07 ,0 
750,18.75 ,9.16717e-07 ,0 
751,18.775 ,8.92162e-07 ,0 
752,18.8 ,8.68254e-07 ,0 
753,18.825 ,8.44977e-07 ,0 
754,18.85 ,8.22314e-07 ,0 
755,18.875 ,8.00249e-07 ,0 
756,18.9 ,7.78766e-07 ,0 
757,18.925 ,7.57851e-07 ,0 
758,18.95 ,7.37489e-07 ,0 
759,18.975 ,7.17665e-07 ,0 
760,19 ,6.98366e-07 ,0 
761,19.025 ,6.79577e-07 ,0 
762,19.05 ,6.61287e-07 ,0 
763,19.075 ,6.4348e-07 ,0 
764,19.1 ,6.26146e-07 ,0 
765,19.125 ,6.09272e-07 ,0 
766,19.15 ,5.92845e-07 ,0 
767,19.175 ,5.76855e-07 ,0 
768,19.2 ,5.61289e-07 ,0 
769,19.225 ,5.46137e-07 ,0 
770,19.25 ,5.31388e-07 ,0 
771,19.275 ,5.17031e-07 ,0 
772,19.3 ,5.03056e-07 ,0 
773,19.325 ,4.89453e-07 ,0 
774,19.35 ,4.76213e-07 ,0 
775,19.375 ,4.63325e-07 ,0 
776,19.4 ,4.50781e-07 ,0 
777,19.425 ,4.38572e-07 ,0 
778,19.45 ,4.26688e-07 ,0 
779,19.475 ,4.15122e-07 ,0 
780,19.5 ,4.03865e-07 ,0 
781,19.525 ,3.92909e-07 ,0 
782,19.55 ,3.82245e-07 ,0 
783,19.575 ,3.71867e-07 ,0 
784,19.6 ,3.61766e-07 ,0 
785,19.625 ,3.51936e-07 ,0 
786,19.65 ,3.4237e-07 ,0 
787,19.675 ,3.33059e-07 ,0 
788,19.7 ,3.23999e-07 ,0 
789,19.725 ,3.15181e-07 ,0 
790,19.75 ,3.066e-07 ,0 
791,19.775 ,2.98249e-07 ,0 
792,19.8 ,2.90123e-07 ,0 
793,19.825 ,2.82215e-07 ,0 
794,19.85 ,2.74519e-07 ,0 
795,19.875 ,2.67031e-07 ,0 
796,19.9 ,2.59744e-07 ,0 
797,19.925 ,2.52653e-07 ,0 
798,19.95 ,2.45753e-07 ,0 
799,19.975 ,2.39039e-07 ,0 
800,20 ,2.32506e-07 ,0 
801,20.025 ,2.26149e-07 ,0 
802,20.05 ,2.19963e-07 ,0 
803,20.075 ,2.13945e-07 ,0 
804,20.1 ,2.08089e-07 ,0 
805,20.125 ,2.02391e-07 ,0 
806,20.15 ,1.96847e-07 ,0 
807,20.175 ,1.91453e-07 ,0 
808,20.2 ,1.86205e-07 ,0 
809,20.225 ,1.81099e-07 ,0 
810,20.25 ,1.76131e-07 ,0 
811,20.275 ,1.71297e-07 ,0 
812,20.3 ,1.66595e-07 ,0 
813,20.325 ,1.6202e-07 ,0 
814,20.35 ,1.57569e-07 ,0 
815,20.375 ,1.53238e-07 ,0 
816,20.4 ,1.49025e-07 ,0 
817,20.425 ,1.44927e-07 ,0 
818,20.45 ,1.4094e-07 ,0 
819,20.475 ,1.37061e-07 ,0 
820,20.5 ,1.33288e-07 ,0 
821,20.525 ,1.29617e-07 ,0 
822,20.55 ,1.26046e-07 ,0 
823,20.575 ,1.22572e-07 ,0 
824,20.6 ,1.19193e-07 ,0 
825,20.625 ,1.15906e-07 ,0 
826,20.65 ,1.12708e-07 ,0 
827,20.675 ,1.09597e-07 ,0 
828,20.7 ,1.06572e-07 ,0 
829,20.725 ,1.03629e-07 ,0 
830,20.75 ,1.00766e-07 ,0 
831,20.775 ,9.79809e-08 ,0 
832,20.8 ,9.52723e-08 ,0 
833,20.825 ,9.26376e-08 ,0 
834,20.85 ,9.00749e-08 ,0 
835,20.875 ,8.75823e-08 ,0 
836,20.9 ,8.51579e-08 ,0 
837,20.925 ,8.27998e-08 ,0 
838,20.95 ,8.05062e-08 ,0 
839,20.975 ,7.82755e-08 ,0 
840,21 ,7.61058e-08 ,0 
841,21.025 ,7.39956e-08 ,0 
842,21.05 ,7.19433e-08 ,0 
843,21.075 ,6.99472e-08 ,0 
844,21.1 ,6.80059e-08 ,0 
845,21.125 ,6.61179e-08 ,0 
846,21.15 ,6.42817e-08 ,0 
847,21.175 ,6.2496e-08 ,0 
848,21.2 ,6.07593e-08 ,0 
849,21.225 ,5.90703e-08 ,0 
850,21.25 ,5.74278e-08 ,0 
851,21.275 ,5.58305e-08 ,0 
852,21.3 ,5.42771e-08 ,0 
853,21.325 ,5.27665e-08 ,0 
854,21.35 ,5.12975e-08 ,0 
855,21.375 ,4.9869e-08 ,0 
856,21.4 ,4.84798e-08 ,0 
857,21.425 ,4.71289e-08 ,0 
858,21.45 ,4.58153e-08 ,0 
859,21.475 ,4.45379e-08 ,0 
860,21.5 ,4.32958e-08 ,0 
861,21.525 ,4.2088e-08 ,0 
862,21.55 ,4.09135e-08 ,0 
863,21.575 ,3.97715e-08 ,0 
864,21.6 ,3.8661e-08 ,0 
865,21.625 ,3.75813e-08 ,0 
866,21.65 ,3.65314e-08 ,0 
867,21.675 ,3.55106e-08 ,0 
868,21.7 ,3.45181e-08 ,0 
869,21.725 ,3.3553e-08 ,0 
870,21.75 ,3.26147e-08 ,0 
871,21.775 ,3.17024e-08 ,0 
872,21.8 ,3.08153e-08 ,0 
873,21.825 ,2.99529e-08 ,0 
874,21.85 ,2.91144e-08 ,0 
875,21.875 ,2.82992e-08 ,0 
876,21.9 ,2.75066e-08 ,0 
877,21.925 ,2.67361e-08 ,0 
878,21.95 ,2.59869e-08 ,0 
879,21.975 ,2.52586e-08 ,0 
880,22 ,2.45505e-08 ,0 
881,22.025 ,2.38622e-08 ,0 
882,22.05 ,2.3193e-08 ,0 
883,22.075 ,2.25424e-08 ,0 
884,22.1 ,2.191e-08 ,0 
885,22.125 ,2.12952e-08 ,0 
886,22.15 ,2.06975e-08 ,0 
887,22.175 ,2.01165e-08 ,0 
888,22.2 ,1.95517e-08 ,0 
889,22.225 ,1.90027e-08 ,0 
890,22.25 ,1.8469e-08 ,0 
891,22.275 ,1.79503e-08 ,0 
892,22.3 ,1.7446e-08 ,0 
893,22.325 ,1.69559e-08 ,0 
894,22.35 ,1.64794e-08 ,0 
895,22.375 ,1.60163e-08 ,0 
896,22.4 ,1.55662e-08 ,0 
897,22.425 ,1.51287e-08 ,0 
898,22.45 ,1.47034e-08 ,0 
899,22.475 ,1.42901e-08 ,0 
900,22.5 ,1.38884e-08 ,0 
901,22.525 ,1.34979e-08 ,0 
902,22.55 ,1.31185e-08 ,0 
903,22.575 ,1.27497e-08 ,0 
904,22.6 ,1.23912e-08 ,0 
905,22.625 ,1.20429e-08 ,0 
906,22.65 ,1.17044e-08 ,0 
907,22.675 ,1.13754e-08 ,0 
908,22.7 ,1.10557e-08 ,0 
909,22.725 ,1.0745e-08 ,0 
910,22.75 ,1.0443e-08 ,0 
911,22.775 ,1.01497e-08 ,0 
912,22.8 ,9.86456e-09 ,0 
913,22.825 ,9.58753e-09 ,0 
914,22.85 ,9.31835e-09 ,0 
915,22.875 ,9.05679e-09 ,0 
916,22.9 ,8.80265e-09 ,0 
917,22.925 ,8.55573e-09 ,0 
918,22.95 ,8.31582e-09 ,0 
919,22.975 ,8.08274e-09 ,0 
920,23 ,7.85629e-09 ,0 
921,23.025 ,7.63629e-09 ,0 
922,23.05 ,7.42256e-09 ,0 
923,23.075 ,7.21494e-09 ,0 
924,23.1 ,7.01325e-09 ,0 
925,23.125 ,6.81733e-09 ,0 
926,23.15 ,6.62702e-09 ,0 
927,23.175 ,6.44218e-09 ,0 
928,23.2 ,6.26264e-09 ,0 
929,23.225 ,6.08826e-09 ,0 
930,23.25 ,5.91891e-09 ,0 
931,23.275 ,5.75444e-09 ,0 
932,23.3 ,5.59472e-09 ,0 
933,23.325 ,5.43962e-09 ,0 
934,23.35 ,5.28901e-09 ,0 
935,23.375 ,5.14278e-09 ,0 
936,23.4 ,5.0008e-09 ,0 
937,23.425 ,4.86296e-09 ,0 
938,23.45 ,4.72914e-09 ,0 
939,23.475 ,4.59924e-09 ,0 
940,23.5 ,4.47315e-09 ,0 
941,23.525 ,4.35077e-09 ,0 
942,23.55 ,4.23199e-09 ,0 
943,23.575 ,4.11672e-09 ,0 
944,23.6 ,4.00487e-09 ,0 
945,23.625 ,3.89634e-09 ,0 
946,23.65 ,3.79104e-09 ,0 
947,23.675 ,3.68889e-09 ,0 
948,23.7 ,3.58981e-09 ,0 
949,23.725 ,3.49371e-09 ,0 
950,23.75 ,3.40051e-09 ,0 
951,23.775 ,3.31014e-09 ,0 
952,23.8 ,3.22252e-09 ,0 
953,23.825 ,3.13758e-09 ,0 
954,23.85 ,3.05525e-09 ,0 
955,23.875 ,2.97547e-09 ,0 
956,23.9 ,2.89816e-09 ,0 
957,23.925 ,2.82326e-09 ,0 
958,23.95 ,2.75071e-09 ,0 
959,23.975 ,2.68045e-09 ,0 
960,24 ,2.61242e-09 ,0 
961,24.025 ,2.54657e-09 ,0 
962,24.05 ,2.48284e-09 ,0 
963,24.075 ,2.42117e-09 ,0 
964,24.1 ,2.36153e-09 ,0 
965,24.125 ,2.30384e-09 ,0 
966,24.15 ,2.24808e-09 ,0 
967,24.175 ,2.19419e-09 ,0 
968,24.2 ,2.14212e-09 ,0 
969,24.225 ,2.09184e-09 ,0 
970,24.25 ,2.0433e-09 ,0 
971,24.275 ,1.99646e-09 ,0 
972,24.3 ,1.95128e-09 ,0 
973,24.325 ,1.90772e-09 ,0 
974,24.35 ,1.86575e-09 ,0 
975,24.375 ,1.82533e-09 ,0 
976,24.4 ,1.78643e-09 ,0 
977,24.425 ,1.74901e-09 ,0 
978,24.45 ,1.71304e-09 ,0 
979,24.475 ,1.67849e-09 ,0 
980,24.5 ,1.64534e-09 ,0 
981,24.525 ,1.61354e-09 ,0 
982,24.55 ,1.58309e-09 ,0 
983,24.575 ,1.55395e-09 ,0 
984,24.6 ,1.52609e-09 ,0 
985,24.625 ,1.49949e-09 ,0 
986,24.65 ,1.47413e-09 ,0 
987,24.675 ,1.44999e-09 ,0 
988,24.7 ,1.42704e-09 ,0 
989,24.725 ,1.40527e-09 ,0 
990,24.75 ,1.38466e-09 ,0 
991,24.775 ,1.36518e-09 ,0 
992,24.8 ,1.34683e-09 ,0 
993,24.825 ,1.32958e-09 ,0 
994,24.85 ,1.31342e-09 ,0 
995,24.875 ,1.29834e-09 ,0 
996,24.9 ,1.28431e-09 ,0 
997,24.925 ,1.27134e-09 ,0 
998,24.95 ,1.25941e-09 ,0 
999,24.975 ,1.2485e-09 ,0 
1000,25 ,1.2386e-09 ,0 