
1,0.025 ,0.0412786 ,0 
2,0.05 ,0.0412786 ,0 
3,0.075 ,0.0412706 ,0 
4,0.1 ,0.0412577 ,0 
5,0.125 ,0.0412404 ,0 
6,0.15 ,0.0412189 ,0 
7,0.175 ,0.0411934 ,0 
8,0.2 ,0.0411638 ,0 
9,0.225 ,0.0411302 ,0 
10,0.25 ,0.0410927 ,0 
11,0.275 ,0.0410511 ,0 
12,0.3 ,0.0410057 ,0 
13,0.325 ,0.0409563 ,0 
14,0.35 ,0.0409029 ,0 
15,0.375 ,0.0408457 ,0 
16,0.4 ,0.0407846 ,0 
17,0.425 ,0.0407196 ,0 
18,0.45 ,0.0406507 ,0 
19,0.475 ,0.040578 ,0 
20,0.5 ,0.0405015 ,0 
21,0.525 ,0.0404211 ,0 
22,0.55 ,0.0403369 ,0 
23,0.575 ,0.040249 ,0 
24,0.6 ,0.0401573 ,0 
25,0.625 ,0.0400619 ,0 
26,0.65 ,0.0399627 ,0 
27,0.675 ,0.0398598 ,0 
28,0.7 ,0.0397533 ,0 
29,0.725 ,0.0396431 ,0 
30,0.75 ,0.0395293 ,0 
31,0.775 ,0.0394118 ,0 
32,0.8 ,0.0392908 ,0 
33,0.825 ,0.0391662 ,0 
34,0.85 ,0.0390381 ,0 
35,0.875 ,0.0389065 ,0 
36,0.9 ,0.0387714 ,0 
37,0.925 ,0.0386329 ,0 
38,0.95 ,0.0384909 ,0 
39,0.975 ,0.0383455 ,0 
40,1 ,0.0381968 ,0 
41,1.025 ,0.0380448 ,0 
42,1.05 ,0.0378894 ,0 
43,1.075 ,0.0377308 ,0 
44,1.1 ,0.037569 ,0 
45,1.125 ,0.0374039 ,0 
46,1.15 ,0.0372357 ,0 
47,1.175 ,0.0370643 ,0 
48,1.2 ,0.0368899 ,0 
49,1.225 ,0.0367124 ,0 
50,1.25 ,0.0365318 ,0 
51,1.275 ,0.0363483 ,0 
52,1.3 ,0.0361618 ,0 
53,1.325 ,0.0359724 ,0 
54,1.35 ,0.0357802 ,0 
55,1.375 ,0.0355851 ,0 
56,1.4 ,0.0353871 ,0 
57,1.425 ,0.0351865 ,0 
58,1.45 ,0.0349831 ,0 
59,1.475 ,0.034777 ,0 
60,1.5 ,0.0345683 ,0 
61,1.525 ,0.034357 ,0 
62,1.55 ,0.0341432 ,0 
63,1.575 ,0.0339268 ,0 
64,1.6 ,0.033708 ,0 
65,1.625 ,0.0334867 ,0 
66,1.65 ,0.033263 ,0 
67,1.675 ,0.033037 ,0 
68,1.7 ,0.0328088 ,0 
69,1.725 ,0.0325782 ,0 
70,1.75 ,0.0323455 ,0 
71,1.775 ,0.0321106 ,0 
72,1.8 ,0.0318735 ,0 
73,1.825 ,0.0316344 ,0 
74,1.85 ,0.0313933 ,0 
75,1.875 ,0.0311502 ,0 
76,1.9 ,0.0309051 ,0 
77,1.925 ,0.0306582 ,0 
78,1.95 ,0.0304094 ,0 
79,1.975 ,0.0301588 ,0 
80,2 ,0.0299065 ,0 
81,2.025 ,0.0296525 ,0 
82,2.05 ,0.0293968 ,0 
83,2.075 ,0.0291395 ,0 
84,2.1 ,0.0288806 ,0 
85,2.125 ,0.0286203 ,0 
86,2.15 ,0.0283584 ,0 
87,2.175 ,0.0280951 ,0 
88,2.2 ,0.0278305 ,0 
89,2.225 ,0.0275645 ,0 
90,2.25 ,0.0272973 ,0 
91,2.275 ,0.0270288 ,0 
92,2.3 ,0.0267592 ,0 
93,2.325 ,0.0264884 ,0 
94,2.35 ,0.0262165 ,0 
95,2.375 ,0.0259436 ,0 
96,2.4 ,0.0256697 ,0 
97,2.425 ,0.0253948 ,0 
98,2.45 ,0.0251191 ,0 
99,2.475 ,0.0248425 ,0 
100,2.5 ,0.024565 ,0 
101,2.525 ,0.0242869 ,0 
102,2.55 ,0.024008 ,0 
103,2.575 ,0.0237284 ,0 
104,2.6 ,0.0234483 ,0 
105,2.625 ,0.0231675 ,0 
106,2.65 ,0.0228863 ,0 
107,2.675 ,0.0226045 ,0 
108,2.7 ,0.0223223 ,0 
109,2.725 ,0.0220398 ,0 
110,2.75 ,0.0217569 ,0 
111,2.775 ,0.0214737 ,0 
112,2.8 ,0.0211902 ,0 
113,2.825 ,0.0209065 ,0 
114,2.85 ,0.0206227 ,0 
115,2.875 ,0.0203387 ,0 
116,2.9 ,0.0200547 ,0 
117,2.925 ,0.0197706 ,0 
118,2.95 ,0.0194866 ,0 
119,2.975 ,0.0192026 ,0 
120,3 ,0.0189187 ,0 
121,3.025 ,0.0186349 ,0 
122,3.05 ,0.0183513 ,0 
123,3.075 ,0.0180679 ,0 
124,3.1 ,0.0177848 ,0 
125,3.125 ,0.017502 ,0 
126,3.15 ,0.0172195 ,0 
127,3.175 ,0.0169374 ,0 
128,3.2 ,0.0166557 ,0 
129,3.225 ,0.0163745 ,0 
130,3.25 ,0.0160938 ,0 
131,3.275 ,0.0158136 ,0 
132,3.3 ,0.015534 ,0 
133,3.325 ,0.015255 ,0 
134,3.35 ,0.0149766 ,0 
135,3.375 ,0.0146989 ,0 
136,3.4 ,0.014422 ,0 
137,3.425 ,0.0141458 ,0 
138,3.45 ,0.0138704 ,0 
139,3.475 ,0.0135958 ,0 
140,3.5 ,0.0133221 ,0 
141,3.525 ,0.0130492 ,0 
142,3.55 ,0.0127773 ,0 
143,3.575 ,0.0125064 ,0 
144,3.6 ,0.0122364 ,0 
145,3.625 ,0.0119674 ,0 
146,3.65 ,0.0116995 ,0 
147,3.675 ,0.0114327 ,0 
148,3.7 ,0.011167 ,0 
149,3.725 ,0.0109025 ,0 
150,3.75 ,0.0106391 ,0 
151,3.775 ,0.0103769 ,0 
152,3.8 ,0.0101159 ,0 
153,3.825 ,0.0098562 ,0 
154,3.85 ,0.00959776 ,0 
155,3.875 ,0.00934062 ,0 
156,3.9 ,0.00908482 ,0 
157,3.925 ,0.00883037 ,0 
158,3.95 ,0.0085773 ,0 
159,3.975 ,0.00832563 ,0 
160,4 ,0.00807539 ,0 
161,4.025 ,0.00782659 ,0 
162,4.05 ,0.00757927 ,0 
163,4.075 ,0.00733344 ,0 
164,4.1 ,0.00708912 ,0 
165,4.125 ,0.00684634 ,0 
166,4.15 ,0.00660511 ,0 
167,4.175 ,0.00636545 ,0 
168,4.2 ,0.00612739 ,0 
169,4.225 ,0.00589093 ,0 
170,4.25 ,0.0056561 ,0 
171,4.275 ,0.00542291 ,0 
172,4.3 ,0.00519138 ,0 
173,4.325 ,0.00496152 ,0 
174,4.35 ,0.00473336 ,0 
175,4.375 ,0.0045069 ,0 
176,4.4 ,0.00428216 ,0 
177,4.425 ,0.00405916 ,0 
178,4.45 ,0.00383789 ,0 
179,4.475 ,0.00361839 ,0 
180,4.5 ,0.00340066 ,0 
181,4.525 ,0.0031847 ,0 
182,4.55 ,0.00297054 ,0 
183,4.575 ,0.00275817 ,0 
184,4.6 ,0.00254762 ,0 
185,4.625 ,0.00233889 ,0 
186,4.65 ,0.00213199 ,0 
187,4.675 ,0.00192692 ,0 
188,4.7 ,0.00172369 ,0 
189,4.725 ,0.00152231 ,0 
190,4.75 ,0.00132279 ,0 
191,4.775 ,0.00112513 ,0 
192,4.8 ,0.000929341 ,0 
193,4.825 ,0.000735419 ,0 
194,4.85 ,0.000543373 ,0 
195,4.875 ,0.000353206 ,0 
196,4.9 ,0.00016492 ,0 
197,4.925 ,-2.14812e-05 ,0 
198,4.95 ,-0.000205996 ,0 
199,4.975 ,-0.000388623 ,0 
200,5 ,-0.000569362 ,0 
201,5.025 ,-0.000748211 ,0 
202,5.05 ,-0.00092517 ,0 
203,5.075 ,-0.00110024 ,0 
204,5.1 ,-0.00127342 ,0 
205,5.125 ,-0.00144472 ,0 
206,5.15 ,-0.00161413 ,0 
207,5.175 ,-0.00178166 ,0 
208,5.2 ,-0.00194731 ,0 
209,5.225 ,-0.00211108 ,0 
210,5.25 ,-0.00227297 ,0 
211,5.275 ,-0.002433 ,0 
212,5.3 ,-0.00259115 ,0 
213,5.325 ,-0.00274745 ,0 
214,5.35 ,-0.00290189 ,0 
215,5.375 ,-0.00305447 ,0 
216,5.4 ,-0.00320521 ,0 
217,5.425 ,-0.0033541 ,0 
218,5.45 ,-0.00350116 ,0 
219,5.475 ,-0.00364639 ,0 
220,5.5 ,-0.00378979 ,0 
221,5.525 ,-0.00393138 ,0 
222,5.55 ,-0.00407115 ,0 
223,5.575 ,-0.00420912 ,0 
224,5.6 ,-0.0043453 ,0 
225,5.625 ,-0.00447968 ,0 
226,5.65 ,-0.00461229 ,0 
227,5.675 ,-0.00474312 ,0 
228,5.7 ,-0.00487218 ,0 
229,5.725 ,-0.00499949 ,0 
230,5.75 ,-0.00512505 ,0 
231,5.775 ,-0.00524887 ,0 
232,5.8 ,-0.00537096 ,0 
233,5.825 ,-0.00549133 ,0 
234,5.85 ,-0.00560998 ,0 
235,5.875 ,-0.00572693 ,0 
236,5.9 ,-0.00584219 ,0 
237,5.925 ,-0.00595576 ,0 
238,5.95 ,-0.00606766 ,0 
239,5.975 ,-0.00617789 ,0 
240,6 ,-0.00628647 ,0 
241,6.025 ,-0.0063934 ,0 
242,6.05 ,-0.00649869 ,0 
243,6.075 ,-0.00660237 ,0 
244,6.1 ,-0.00670442 ,0 
245,6.125 ,-0.00680488 ,0 
246,6.15 ,-0.00690374 ,0 
247,6.175 ,-0.00700101 ,0 
248,6.2 ,-0.00709672 ,0 
249,6.225 ,-0.00719086 ,0 
250,6.25 ,-0.00728345 ,0 
251,6.275 ,-0.00737451 ,0 
252,6.3 ,-0.00746403 ,0 
253,6.325 ,-0.00755204 ,0 
254,6.35 ,-0.00763854 ,0 
255,6.375 ,-0.00772354 ,0 
256,6.4 ,-0.00780706 ,0 
257,6.425 ,-0.00788911 ,0 
258,6.45 ,-0.0079697 ,0 
259,6.475 ,-0.00804883 ,0 
260,6.5 ,-0.00812653 ,0 
261,6.525 ,-0.0082028 ,0 
262,6.55 ,-0.00827765 ,0 
263,6.575 ,-0.0083511 ,0 
264,6.6 ,-0.00842315 ,0 
265,6.625 ,-0.00849382 ,0 
266,6.65 ,-0.00856312 ,0 
267,6.675 ,-0.00863106 ,0 
268,6.7 ,-0.00869765 ,0 
269,6.725 ,-0.00876291 ,0 
270,6.75 ,-0.00882684 ,0 
271,6.775 ,-0.00888946 ,0 
272,6.8 ,-0.00895077 ,0 
273,6.825 ,-0.0090108 ,0 
274,6.85 ,-0.00906954 ,0 
275,6.875 ,-0.00912702 ,0 
276,6.9 ,-0.00918324 ,0 
277,6.925 ,-0.00923822 ,0 
278,6.95 ,-0.00929196 ,0 
279,6.975 ,-0.00934448 ,0 
280,7 ,-0.00939579 ,0 
281,7.025 ,-0.0094459 ,0 
282,7.05 ,-0.00949482 ,0 
283,7.075 ,-0.00954257 ,0 
284,7.1 ,-0.00958915 ,0 
285,7.125 ,-0.00963458 ,0 
286,7.15 ,-0.00967886 ,0 
287,7.175 ,-0.00972201 ,0 
288,7.2 ,-0.00976404 ,0 
289,7.225 ,-0.00980496 ,0 
290,7.25 ,-0.00984478 ,0 
291,7.275 ,-0.00988352 ,0 
292,7.3 ,-0.00992118 ,0 
293,7.325 ,-0.00995777 ,0 
294,7.35 ,-0.00999331 ,0 
295,7.375 ,-0.0100278 ,0 
296,7.4 ,-0.0100613 ,0 
297,7.425 ,-0.0100937 ,0 
298,7.45 ,-0.0101251 ,0 
299,7.475 ,-0.0101556 ,0 
300,7.5 ,-0.010185 ,0 
301,7.525 ,-0.0102135 ,0 
302,7.55 ,-0.010241 ,0 
303,7.575 ,-0.0102675 ,0 
304,7.6 ,-0.0102931 ,0 
305,7.625 ,-0.0103177 ,0 
306,7.65 ,-0.0103414 ,0 
307,7.675 ,-0.0103642 ,0 
308,7.7 ,-0.0103861 ,0 
309,7.725 ,-0.0104071 ,0 
310,7.75 ,-0.0104273 ,0 
311,7.775 ,-0.0104465 ,0 
312,7.8 ,-0.0104649 ,0 
313,7.825 ,-0.0104824 ,0 
314,7.85 ,-0.0104991 ,0 
315,7.875 ,-0.0105149 ,0 
316,7.9 ,-0.0105299 ,0 
317,7.925 ,-0.0105441 ,0 
318,7.95 ,-0.0105575 ,0 
319,7.975 ,-0.0105701 ,0 
320,8 ,-0.0105819 ,0 
321,8.025 ,-0.0105929 ,0 
322,8.05 ,-0.0106032 ,0 
323,8.075 ,-0.0106127 ,0 
324,8.1 ,-0.0106214 ,0 
325,8.125 ,-0.0106294 ,0 
326,8.15 ,-0.0106367 ,0 
327,8.175 ,-0.0106432 ,0 
328,8.2 ,-0.0106491 ,0 
329,8.225 ,-0.0106542 ,0 
330,8.25 ,-0.0106586 ,0 
331,8.275 ,-0.0106624 ,0 
332,8.3 ,-0.0106655 ,0 
333,8.325 ,-0.0106679 ,0 
334,8.35 ,-0.0106696 ,0 
335,8.375 ,-0.0106707 ,0 
336,8.4 ,-0.0106712 ,0 
337,8.425 ,-0.010671 ,0 
338,8.45 ,-0.0106702 ,0 
339,8.475 ,-0.0106688 ,0 
340,8.5 ,-0.0106668 ,0 
341,8.525 ,-0.0106641 ,0 
342,8.55 ,-0.0106609 ,0 
343,8.575 ,-0.0106571 ,0 
344,8.6 ,-0.0106527 ,0 
345,8.625 ,-0.0106478 ,0 
346,8.65 ,-0.0106422 ,0 
347,8.675 ,-0.0106362 ,0 
348,8.7 ,-0.0106296 ,0 
349,8.725 ,-0.0106224 ,0 
350,8.75 ,-0.0106147 ,0 
351,8.775 ,-0.0106065 ,0 
352,8.8 ,-0.0105978 ,0 
353,8.825 ,-0.0105886 ,0 
354,8.85 ,-0.0105789 ,0 
355,8.875 ,-0.0105687 ,0 
356,8.9 ,-0.010558 ,0 
357,8.925 ,-0.0105468 ,0 
358,8.95 ,-0.0105352 ,0 
359,8.975 ,-0.0105231 ,0 
360,9 ,-0.0105106 ,0 
361,9.025 ,-0.0104975 ,0 
362,9.05 ,-0.0104841 ,0 
363,9.075 ,-0.0104702 ,0 
364,9.1 ,-0.0104559 ,0 
365,9.125 ,-0.0104412 ,0 
366,9.15 ,-0.010426 ,0 
367,9.175 ,-0.0104105 ,0 
368,9.2 ,-0.0103945 ,0 
369,9.225 ,-0.0103782 ,0 
370,9.25 ,-0.0103615 ,0 
371,9.275 ,-0.0103443 ,0 
372,9.3 ,-0.0103269 ,0 
373,9.325 ,-0.010309 ,0 
374,9.35 ,-0.0102908 ,0 
375,9.375 ,-0.0102722 ,0 
376,9.4 ,-0.0102533 ,0 
377,9.425 ,-0.010234 ,0 
378,9.45 ,-0.0102144 ,0 
379,9.475 ,-0.0101944 ,0 
380,9.5 ,-0.0101742 ,0 
381,9.525 ,-0.0101536 ,0 
382,9.55 ,-0.0101327 ,0 
383,9.575 ,-0.0101114 ,0 
384,9.6 ,-0.0100899 ,0 
385,9.625 ,-0.0100681 ,0 
386,9.65 ,-0.010046 ,0 
387,9.675 ,-0.0100236 ,0 
388,9.7 ,-0.0100009 ,0 
389,9.725 ,-0.00997794 ,0 
390,9.75 ,-0.00995471 ,0 
391,9.775 ,-0.00993122 ,0 
392,9.8 ,-0.00990746 ,0 
393,9.825 ,-0.00988345 ,0 
394,9.85 ,-0.00985919 ,0 
395,9.875 ,-0.00983468 ,0 
396,9.9 ,-0.00980994 ,0 
397,9.925 ,-0.00978495 ,0 
398,9.95 ,-0.00975974 ,0 
399,9.975 ,-0.0097343 ,0 
400,10 ,-0.00970864 ,0 
401,10.025 ,-0.00968277 ,0 
402,10.05 ,-0.00965668 ,0 
403,10.075 ,-0.00963039 ,0 
404,10.1 ,-0.00960389 ,0 
405,10.125 ,-0.0095772 ,0 
406,10.15 ,-0.00955031 ,0 
407,10.175 ,-0.00952324 ,0 
408,10.2 ,-0.00949598 ,0 
409,10.225 ,-0.00946854 ,0 
410,10.25 ,-0.00944092 ,0 
411,10.275 ,-0.00941313 ,0 
412,10.3 ,-0.00938518 ,0 
413,10.325 ,-0.00935706 ,0 
414,10.35 ,-0.00932878 ,0 
415,10.375 ,-0.00930035 ,0 
416,10.4 ,-0.00927177 ,0 
417,10.425 ,-0.00924304 ,0 
418,10.45 ,-0.00921416 ,0 
419,10.475 ,-0.00918515 ,0 
420,10.5 ,-0.009156 ,0 
421,10.525 ,-0.00912672 ,0 
422,10.55 ,-0.00909732 ,0 
423,10.575 ,-0.00906778 ,0 
424,10.6 ,-0.00903813 ,0 
425,10.625 ,-0.00900836 ,0 
426,10.65 ,-0.00897848 ,0 
427,10.675 ,-0.00894848 ,0 
428,10.7 ,-0.00891839 ,0 
429,10.725 ,-0.00888818 ,0 
430,10.75 ,-0.00885788 ,0 
431,10.775 ,-0.00882748 ,0 
432,10.8 ,-0.00879699 ,0 
433,10.825 ,-0.00876641 ,0 
434,10.85 ,-0.00873574 ,0 
435,10.875 ,-0.00870499 ,0 
436,10.9 ,-0.00867416 ,0 
437,10.925 ,-0.00864325 ,0 
438,10.95 ,-0.00861227 ,0 
439,10.975 ,-0.00858121 ,0 
440,11 ,-0.00855009 ,0 
441,11.025 ,-0.0085189 ,0 
442,11.05 ,-0.00848765 ,0 
443,11.075 ,-0.00845635 ,0 
444,11.1 ,-0.00842498 ,0 
445,11.125 ,-0.00839356 ,0 
446,11.15 ,-0.0083621 ,0 
447,11.175 ,-0.00833058 ,0 
448,11.2 ,-0.00829902 ,0 
449,11.225 ,-0.00826741 ,0 
450,11.25 ,-0.00823577 ,0 
451,11.275 ,-0.00820408 ,0 
452,11.3 ,-0.00817237 ,0 
453,11.325 ,-0.00814062 ,0 
454,11.35 ,-0.00810884 ,0 
455,11.375 ,-0.00807703 ,0 
456,11.4 ,-0.0080452 ,0 
457,11.425 ,-0.00801334 ,0 
458,11.45 ,-0.00798147 ,0 
459,11.475 ,-0.00794957 ,0 
460,11.5 ,-0.00791766 ,0 
461,11.525 ,-0.00788574 ,0 
462,11.55 ,-0.00785381 ,0 
463,11.575 ,-0.00782186 ,0 
464,11.6 ,-0.00778991 ,0 
465,11.625 ,-0.00775796 ,0 
466,11.65 ,-0.007726 ,0 
467,11.675 ,-0.00769404 ,0 
468,11.7 ,-0.00766209 ,0 
469,11.725 ,-0.00763013 ,0 
470,11.75 ,-0.00759819 ,0 
471,11.775 ,-0.00756625 ,0 
472,11.8 ,-0.00753432 ,0 
473,11.825 ,-0.0075024 ,0 
474,11.85 ,-0.00747049 ,0 
475,11.875 ,-0.0074386 ,0 
476,11.9 ,-0.00740672 ,0 
477,11.925 ,-0.00737487 ,0 
478,11.95 ,-0.00734303 ,0 
479,11.975 ,-0.00731122 ,0 
480,12 ,-0.00727943 ,0 
481,12.025 ,-0.00724766 ,0 
482,12.05 ,-0.00721592 ,0 
483,12.075 ,-0.00718422 ,0 
484,12.1 ,-0.00715254 ,0 
485,12.125 ,-0.00712089 ,0 
486,12.15 ,-0.00708928 ,0 
487,12.175 ,-0.0070577 ,0 
488,12.2 ,-0.00702616 ,0 
489,12.225 ,-0.00699465 ,0 
490,12.25 ,-0.00696319 ,0 
491,12.275 ,-0.00693176 ,0 
492,12.3 ,-0.00690038 ,0 
493,12.325 ,-0.00686904 ,0 
494,12.35 ,-0.00683775 ,0 
495,12.375 ,-0.0068065 ,0 
496,12.4 ,-0.0067753 ,0 
497,12.425 ,-0.00674415 ,0 
498,12.45 ,-0.00671305 ,0 
499,12.475 ,-0.006682 ,0 
500,12.5 ,-0.00665101 ,0 
501,12.525 ,-0.00662007 ,0 
502,12.55 ,-0.00658918 ,0 
503,12.575 ,-0.00655835 ,0 
504,12.6 ,-0.00652757 ,0 
505,12.625 ,-0.00649686 ,0 
506,12.65 ,-0.0064662 ,0 
507,12.675 ,-0.00643561 ,0 
508,12.7 ,-0.00640507 ,0 
509,12.725 ,-0.0063746 ,0 
510,12.75 ,-0.00634419 ,0 
511,12.775 ,-0.00631385 ,0 
512,12.8 ,-0.00628358 ,0 
513,12.825 ,-0.00625337 ,0 
514,12.85 ,-0.00622322 ,0 
515,12.875 ,-0.00619315 ,0 
516,12.9 ,-0.00616315 ,0 
517,12.925 ,-0.00613321 ,0 
518,12.95 ,-0.00610335 ,0 
519,12.975 ,-0.00607356 ,0 
520,13 ,-0.00604384 ,0 
521,13.025 ,-0.0060142 ,0 
522,13.05 ,-0.00598463 ,0 
523,13.075 ,-0.00595513 ,0 
524,13.1 ,-0.00592571 ,0 
525,13.125 ,-0.00589637 ,0 
526,13.15 ,-0.00586711 ,0 
527,13.175 ,-0.00583792 ,0 
528,13.2 ,-0.00580882 ,0 
529,13.225 ,-0.00577979 ,0 
530,13.25 ,-0.00575085 ,0 
531,13.275 ,-0.00572198 ,0 
532,13.3 ,-0.0056932 ,0 
533,13.325 ,-0.0056645 ,0 
534,13.35 ,-0.00563588 ,0 
535,13.375 ,-0.00560734 ,0 
536,13.4 ,-0.00557889 ,0 
537,13.425 ,-0.00555053 ,0 
538,13.45 ,-0.00552225 ,0 
539,13.475 ,-0.00549405 ,0 
540,13.5 ,-0.00546595 ,0 
541,13.525 ,-0.00543793 ,0 
542,13.55 ,-0.00540999 ,0 
543,13.575 ,-0.00538215 ,0 
544,13.6 ,-0.00535439 ,0 
545,13.625 ,-0.00532672 ,0 
546,13.65 ,-0.00529914 ,0 
547,13.675 ,-0.00527165 ,0 
548,13.7 ,-0.00524425 ,0 
549,13.725 ,-0.00521694 ,0 
550,13.75 ,-0.00518972 ,0 
551,13.775 ,-0.0051626 ,0 
552,13.8 ,-0.00513556 ,0 
553,13.825 ,-0.00510862 ,0 
554,13.85 ,-0.00508177 ,0 
555,13.875 ,-0.00505501 ,0 
556,13.9 ,-0.00502834 ,0 
557,13.925 ,-0.00500177 ,0 
558,13.95 ,-0.00497529 ,0 
559,13.975 ,-0.00494891 ,0 
560,14 ,-0.00492262 ,0 
561,14.025 ,-0.00489643 ,0 
562,14.05 ,-0.00487033 ,0 
563,14.075 ,-0.00484432 ,0 
564,14.1 ,-0.00481841 ,0 
565,14.125 ,-0.0047926 ,0 
566,14.15 ,-0.00476688 ,0 
567,14.175 ,-0.00474126 ,0 
568,14.2 ,-0.00471574 ,0 
569,14.225 ,-0.00469031 ,0 
570,14.25 ,-0.00466497 ,0 
571,14.275 ,-0.00463974 ,0 
572,14.3 ,-0.0046146 ,0 
573,14.325 ,-0.00458956 ,0 
574,14.35 ,-0.00456462 ,0 
575,14.375 ,-0.00453977 ,0 
576,14.4 ,-0.00451502 ,0 
577,14.425 ,-0.00449037 ,0 
578,14.45 ,-0.00446582 ,0 
579,14.475 ,-0.00444136 ,0 
580,14.5 ,-0.00441701 ,0 
581,14.525 ,-0.00439275 ,0 
582,14.55 ,-0.00436859 ,0 
583,14.575 ,-0.00434453 ,0 
584,14.6 ,-0.00432056 ,0 
585,14.625 ,-0.0042967 ,0 
586,14.65 ,-0.00427293 ,0 
587,14.675 ,-0.00424927 ,0 
588,14.7 ,-0.0042257 ,0 
589,14.725 ,-0.00420223 ,0 
590,14.75 ,-0.00417886 ,0 
591,14.775 ,-0.00415558 ,0 
592,14.8 ,-0.00413241 ,0 
593,14.825 ,-0.00410934 ,0 
594,14.85 ,-0.00408636 ,0 
595,14.875 ,-0.00406348 ,0 
596,14.9 ,-0.00404071 ,0 
597,14.925 ,-0.00401803 ,0 
598,14.95 ,-0.00399545 ,0 
599,14.975 ,-0.00397296 ,0 
600,15 ,-0.00395058 ,0 
601,15.025 ,-0.0039283 ,0 
602,15.05 ,-0.00390611 ,0 
603,15.075 ,-0.00388402 ,0 
604,15.1 ,-0.00386203 ,0 
605,15.125 ,-0.00384014 ,0 
606,15.15 ,-0.00381835 ,0 
607,15.175 ,-0.00379666 ,0 
608,15.2 ,-0.00377506 ,0 
609,15.225 ,-0.00375357 ,0 
610,15.25 ,-0.00373217 ,0 
611,15.275 ,-0.00371087 ,0 
612,15.3 ,-0.00368966 ,0 
613,15.325 ,-0.00366856 ,0 
614,15.35 ,-0.00364755 ,0 
615,15.375 ,-0.00362664 ,0 
616,15.4 ,-0.00360583 ,0 
617,15.425 ,-0.00358511 ,0 
618,15.45 ,-0.00356449 ,0 
619,15.475 ,-0.00354397 ,0 
620,15.5 ,-0.00352355 ,0 
621,15.525 ,-0.00350322 ,0 
622,15.55 ,-0.00348299 ,0 
623,15.575 ,-0.00346286 ,0 
624,15.6 ,-0.00344282 ,0 
625,15.625 ,-0.00342288 ,0 
626,15.65 ,-0.00340303 ,0 
627,15.675 ,-0.00338328 ,0 
628,15.7 ,-0.00336363 ,0 
629,15.725 ,-0.00334407 ,0 
630,15.75 ,-0.00332461 ,0 
631,15.775 ,-0.00330524 ,0 
632,15.8 ,-0.00328597 ,0 
633,15.825 ,-0.00326679 ,0 
634,15.85 ,-0.00324771 ,0 
635,15.875 ,-0.00322872 ,0 
636,15.9 ,-0.00320983 ,0 
637,15.925 ,-0.00319103 ,0 
638,15.95 ,-0.00317232 ,0 
639,15.975 ,-0.00315371 ,0 
640,16 ,-0.00313519 ,0 
641,16.025 ,-0.00311676 ,0 
642,16.05 ,-0.00309843 ,0 
643,16.075 ,-0.00308019 ,0 
644,16.1 ,-0.00306204 ,0 
645,16.125 ,-0.00304399 ,0 
646,16.15 ,-0.00302603 ,0 
647,16.175 ,-0.00300816 ,0 
648,16.2 ,-0.00299038 ,0 
649,16.225 ,-0.00297269 ,0 
650,16.25 ,-0.00295509 ,0 
651,16.275 ,-0.00293759 ,0 
652,16.3 ,-0.00292018 ,0 
653,16.325 ,-0.00290285 ,0 
654,16.35 ,-0.00288562 ,0 
655,16.375 ,-0.00286848 ,0 
656,16.4 ,-0.00285142 ,0 
657,16.425 ,-0.00283446 ,0 
658,16.45 ,-0.00281759 ,0 
659,16.475 ,-0.0028008 ,0 
660,16.5 ,-0.00278411 ,0 
661,16.525 ,-0.0027675 ,0 
662,16.55 ,-0.00275098 ,0 
663,16.575 ,-0.00273455 ,0 
664,16.6 ,-0.00271821 ,0 
665,16.625 ,-0.00270195 ,0 
666,16.65 ,-0.00268578 ,0 
667,16.675 ,-0.0026697 ,0 
668,16.7 ,-0.00265371 ,0 
669,16.725 ,-0.0026378 ,0 
670,16.75 ,-0.00262198 ,0 
671,16.775 ,-0.00260625 ,0 
672,16.8 ,-0.0025906 ,0 
673,16.825 ,-0.00257503 ,0 
674,16.85 ,-0.00255955 ,0 
675,16.875 ,-0.00254416 ,0 
676,16.9 ,-0.00252885 ,0 
677,16.925 ,-0.00251363 ,0 
678,16.95 ,-0.00249848 ,0 
679,16.975 ,-0.00248343 ,0 
680,17 ,-0.00246845 ,0 
681,17.025 ,-0.00245356 ,0 
682,17.05 ,-0.00243876 ,0 
683,17.075 ,-0.00242403 ,0 
684,17.1 ,-0.00240939 ,0 
685,17.125 ,-0.00239483 ,0 
686,17.15 ,-0.00238035 ,0 
687,17.175 ,-0.00236596 ,0 
688,17.2 ,-0.00235164 ,0 
689,17.225 ,-0.00233741 ,0 
690,17.25 ,-0.00232325 ,0 
691,17.275 ,-0.00230918 ,0 
692,17.3 ,-0.00229519 ,0 
693,17.325 ,-0.00228127 ,0 
694,17.35 ,-0.00226744 ,0 
695,17.375 ,-0.00225369 ,0 
696,17.4 ,-0.00224001 ,0 
697,17.425 ,-0.00222642 ,0 
698,17.45 ,-0.0022129 ,0 
699,17.475 ,-0.00219946 ,0 
700,17.5 ,-0.00218609 ,0 
701,17.525 ,-0.00217281 ,0 
702,17.55 ,-0.0021596 ,0 
703,17.575 ,-0.00214647 ,0 
704,17.6 ,-0.00213342 ,0 
705,17.625 ,-0.00212044 ,0 
706,17.65 ,-0.00210754 ,0 
707,17.675 ,-0.00209471 ,0 
708,17.7 ,-0.00208196 ,0 
709,17.725 ,-0.00206929 ,0 
710,17.75 ,-0.00205668 ,0 
711,17.775 ,-0.00204416 ,0 
712,17.8 ,-0.00203171 ,0 
713,17.825 ,-0.00201933 ,0 
714,17.85 ,-0.00200703 ,0 
715,17.875 ,-0.00199479 ,0 
716,17.9 ,-0.00198264 ,0 
717,17.925 ,-0.00197055 ,0 
718,17.95 ,-0.00195854 ,0 
719,17.975 ,-0.0019466 ,0 
720,18 ,-0.00193473 ,0 
721,18.025 ,-0.00192293 ,0 
722,18.05 ,-0.00191121 ,0 
723,18.075 ,-0.00189956 ,0 
724,18.1 ,-0.00188797 ,0 
725,18.125 ,-0.00187646 ,0 
726,18.15 ,-0.00186502 ,0 
727,18.175 ,-0.00185364 ,0 
728,18.2 ,-0.00184234 ,0 
729,18.225 ,-0.0018311 ,0 
730,18.25 ,-0.00181994 ,0 
731,18.275 ,-0.00180884 ,0 
732,18.3 ,-0.00179781 ,0 
733,18.325 ,-0.00178685 ,0 
734,18.35 ,-0.00177596 ,0 
735,18.375 ,-0.00176514 ,0 
736,18.4 ,-0.00175438 ,0 
737,18.425 ,-0.00174369 ,0 
738,18.45 ,-0.00173306 ,0 
739,18.475 ,-0.00172251 ,0 
740,18.5 ,-0.00171201 ,0 
741,18.525 ,-0.00170159 ,0 
742,18.55 ,-0.00169123 ,0 
743,18.575 ,-0.00168093 ,0 
744,18.6 ,-0.0016707 ,0 
745,18.625 ,-0.00166054 ,0 
746,18.65 ,-0.00165043 ,0 
747,18.675 ,-0.0016404 ,0 
748,18.7 ,-0.00163042 ,0 
749,18.725 ,-0.00162051 ,0 
750,18.75 ,-0.00161067 ,0 
751,18.775 ,-0.00160088 ,0 
752,18.8 ,-0.00159116 ,0 
753,18.825 ,-0.0015815 ,0 
754,18.85 ,-0.0015719 ,0 
755,18.875 ,-0.00156237 ,0 
756,18.9 ,-0.00155289 ,0 
757,18.925 ,-0.00154348 ,0 
758,18.95 ,-0.00153413 ,0 
759,18.975 ,-0.00152484 ,0 
760,19 ,-0.00151561 ,0 
761,19.025 ,-0.00150644 ,0 
762,19.05 ,-0.00149733 ,0 
763,19.075 ,-0.00148827 ,0 
764,19.1 ,-0.00147928 ,0 
765,19.125 ,-0.00147035 ,0 
766,19.15 ,-0.00146148 ,0 
767,19.175 ,-0.00145266 ,0 
768,19.2 ,-0.0014439 ,0 
769,19.225 ,-0.0014352 ,0 
770,19.25 ,-0.00142656 ,0 
771,19.275 ,-0.00141798 ,0 
772,19.3 ,-0.00140945 ,0 
773,19.325 ,-0.00140098 ,0 
774,19.35 ,-0.00139256 ,0 
775,19.375 ,-0.0013842 ,0 
776,19.4 ,-0.0013759 ,0 
777,19.425 ,-0.00136766 ,0 
778,19.45 ,-0.00135947 ,0 
779,19.475 ,-0.00135133 ,0 
780,19.5 ,-0.00134325 ,0 
781,19.525 ,-0.00133522 ,0 
782,19.55 ,-0.00132725 ,0 
783,19.575 ,-0.00131934 ,0 
784,19.6 ,-0.00131147 ,0 
785,19.625 ,-0.00130366 ,0 
786,19.65 ,-0.00129591 ,0 
787,19.675 ,-0.00128821 ,0 
788,19.7 ,-0.00128056 ,0 
789,19.725 ,-0.00127296 ,0 
790,19.75 ,-0.00126541 ,0 
791,19.775 ,-0.00125792 ,0 
792,19.8 ,-0.00125048 ,0 
793,19.825 ,-0.00124309 ,0 
794,19.85 ,-0.00123575 ,0 
795,19.875 ,-0.00122847 ,0 
796,19.9 ,-0.00122123 ,0 
797,19.925 ,-0.00121405 ,0 
798,19.95 ,-0.00120691 ,0 
799,19.975 ,-0.00119983 ,0 
800,20 ,-0.00119279 ,0 
801,20.025 ,-0.00118581 ,0 
802,20.05 ,-0.00117887 ,0 
803,20.075 ,-0.00117199 ,0 
804,20.1 ,-0.00116515 ,0 
805,20.125 ,-0.00115836 ,0 
806,20.15 ,-0.00115162 ,0 
807,20.175 ,-0.00114493 ,0 
808,20.2 ,-0.00113829 ,0 
809,20.225 ,-0.00113169 ,0 
810,20.25 ,-0.00112514 ,0 
811,20.275 ,-0.00111864 ,0 
812,20.3 ,-0.00111219 ,0 
813,20.325 ,-0.00110578 ,0 
814,20.35 ,-0.00109942 ,0 
815,20.375 ,-0.00109311 ,0 
816,20.4 ,-0.00108684 ,0 
817,20.425 ,-0.00108062 ,0 
818,20.45 ,-0.00107444 ,0 
819,20.475 ,-0.00106831 ,0 
820,20.5 ,-0.00106223 ,0 
821,20.525 ,-0.00105619 ,0 
822,20.55 ,-0.00105019 ,0 
823,20.575 ,-0.00104424 ,0 
824,20.6 ,-0.00103833 ,0 
825,20.625 ,-0.00103247 ,0 
826,20.65 ,-0.00102665 ,0 
827,20.675 ,-0.00102088 ,0 
828,20.7 ,-0.00101515 ,0 
829,20.725 ,-0.00100946 ,0 
830,20.75 ,-0.00100382 ,0 
831,20.775 ,-0.000998215 ,0 
832,20.8 ,-0.000992656 ,0 
833,20.825 ,-0.000987139 ,0 
834,20.85 ,-0.000981665 ,0 
835,20.875 ,-0.000976233 ,0 
836,20.9 ,-0.000970843 ,0 
837,20.925 ,-0.000965494 ,0 
838,20.95 ,-0.000960187 ,0 
839,20.975 ,-0.00095492 ,0 
840,21 ,-0.000949695 ,0 
841,21.025 ,-0.000944511 ,0 
842,21.05 ,-0.000939368 ,0 
843,21.075 ,-0.000934265 ,0 
844,21.1 ,-0.000929202 ,0 
845,21.125 ,-0.000924179 ,0 
846,21.15 ,-0.000919196 ,0 
847,21.175 ,-0.000914253 ,0 
848,21.2 ,-0.000909349 ,0 
849,21.225 ,-0.000904484 ,0 
850,21.25 ,-0.000899658 ,0 
851,21.275 ,-0.000894872 ,0 
852,21.3 ,-0.000890124 ,0 
853,21.325 ,-0.000885414 ,0 
854,21.35 ,-0.000880743 ,0 
855,21.375 ,-0.00087611 ,0 
856,21.4 ,-0.000871515 ,0 
857,21.425 ,-0.000866957 ,0 
858,21.45 ,-0.000862438 ,0 
859,21.475 ,-0.000857955 ,0 
860,21.5 ,-0.00085351 ,0 
861,21.525 ,-0.000849102 ,0 
862,21.55 ,-0.000844731 ,0 
863,21.575 ,-0.000840396 ,0 
864,21.6 ,-0.000836098 ,0 
865,21.625 ,-0.000831836 ,0 
866,21.65 ,-0.000827611 ,0 
867,21.675 ,-0.000823421 ,0 
868,21.7 ,-0.000819267 ,0 
869,21.725 ,-0.000815149 ,0 
870,21.75 ,-0.000811066 ,0 
871,21.775 ,-0.000807019 ,0 
872,21.8 ,-0.000803006 ,0 
873,21.825 ,-0.000799029 ,0 
874,21.85 ,-0.000795086 ,0 
875,21.875 ,-0.000791179 ,0 
876,21.9 ,-0.000787305 ,0 
877,21.925 ,-0.000783466 ,0 
878,21.95 ,-0.000779661 ,0 
879,21.975 ,-0.00077589 ,0 
880,22 ,-0.000772153 ,0 
881,22.025 ,-0.000768449 ,0 
882,22.05 ,-0.000764779 ,0 
883,22.075 ,-0.000761143 ,0 
884,22.1 ,-0.000757539 ,0 
885,22.125 ,-0.000753969 ,0 
886,22.15 ,-0.000750431 ,0 
887,22.175 ,-0.000746926 ,0 
888,22.2 ,-0.000743454 ,0 
889,22.225 ,-0.000740014 ,0 
890,22.25 ,-0.000736607 ,0 
891,22.275 ,-0.000733232 ,0 
892,22.3 ,-0.000729888 ,0 
893,22.325 ,-0.000726577 ,0 
894,22.35 ,-0.000723297 ,0 
895,22.375 ,-0.000720049 ,0 
896,22.4 ,-0.000716832 ,0 
897,22.425 ,-0.000713646 ,0 
898,22.45 ,-0.000710492 ,0 
899,22.475 ,-0.000707369 ,0 
900,22.5 ,-0.000704276 ,0 
901,22.525 ,-0.000701214 ,0 
902,22.55 ,-0.000698183 ,0 
903,22.575 ,-0.000695182 ,0 
904,22.6 ,-0.000692212 ,0 
905,22.625 ,-0.000689271 ,0 
906,22.65 ,-0.000686361 ,0 
907,22.675 ,-0.000683481 ,0 
908,22.7 ,-0.00068063 ,0 
909,22.725 ,-0.00067781 ,0 
910,22.75 ,-0.000675018 ,0 
911,22.775 ,-0.000672256 ,0 
912,22.8 ,-0.000669524 ,0 
913,22.825 ,-0.00066682 ,0 
914,22.85 ,-0.000664146 ,0 
915,22.875 ,-0.0006615 ,0 
916,22.9 ,-0.000658884 ,0 
917,22.925 ,-0.000656295 ,0 
918,22.95 ,-0.000653736 ,0 
919,22.975 ,-0.000651205 ,0 
920,23 ,-0.000648702 ,0 
921,23.025 ,-0.000646227 ,0 
922,23.05 ,-0.000643781 ,0 
923,23.075 ,-0.000641362 ,0 
924,23.1 ,-0.000638972 ,0 
925,23.125 ,-0.000636609 ,0 
926,23.15 ,-0.000634273 ,0 
927,23.175 ,-0.000631965 ,0 
928,23.2 ,-0.000629685 ,0 
929,23.225 ,-0.000627432 ,0 
930,23.25 ,-0.000625206 ,0 
931,23.275 ,-0.000623007 ,0 
932,23.3 ,-0.000620835 ,0 
933,23.325 ,-0.00061869 ,0 
934,23.35 ,-0.000616572 ,0 
935,23.375 ,-0.00061448 ,0 
936,23.4 ,-0.000612415 ,0 
937,23.425 ,-0.000610377 ,0 
938,23.45 ,-0.000608365 ,0 
939,23.475 ,-0.000606379 ,0 
940,23.5 ,-0.000604419 ,0 
941,23.525 ,-0.000602485 ,0 
942,23.55 ,-0.000600577 ,0 
943,23.575 ,-0.000598695 ,0 
944,23.6 ,-0.000596839 ,0 
945,23.625 ,-0.000595009 ,0 
946,23.65 ,-0.000593204 ,0 
947,23.675 ,-0.000591425 ,0 
948,23.7 ,-0.000589671 ,0 
949,23.725 ,-0.000587943 ,0 
950,23.75 ,-0.000586239 ,0 
951,23.775 ,-0.000584561 ,0 
952,23.8 ,-0.000582908 ,0 
953,23.825 ,-0.00058128 ,0 
954,23.85 ,-0.000579677 ,0 
955,23.875 ,-0.000578099 ,0 
956,23.9 ,-0.000576545 ,0 
957,23.925 ,-0.000575016 ,0 
958,23.95 ,-0.000573512 ,0 
959,23.975 ,-0.000572032 ,0 
960,24 ,-0.000570576 ,0 
961,24.025 ,-0.000569145 ,0 
962,24.05 ,-0.000567738 ,0 
963,24.075 ,-0.000566355 ,0 
964,24.1 ,-0.000564997 ,0 
965,24.125 ,-0.000563662 ,0 
966,24.15 ,-0.000562352 ,0 
967,24.175 ,-0.000561065 ,0 
968,24.2 ,-0.000559802 ,0 
969,24.225 ,-0.000558563 ,0 
970,24.25 ,-0.000557347 ,0 
971,24.275 ,-0.000556156 ,0 
972,24.3 ,-0.000554987 ,0 
973,24.325 ,-0.000553843 ,0 
974,24.35 ,-0.000552721 ,0 
975,24.375 ,-0.000551623 ,0 
976,24.4 ,-0.000550549 ,0 
977,24.425 ,-0.000549497 ,0 
978,24.45 ,-0.000548469 ,0 
979,24.475 ,-0.000547464 ,0 
980,24.5 ,-0.000546481 ,0 
981,24.525 ,-0.000545522 ,0 
982,24.55 ,-0.000544586 ,0 
983,24.575 ,-0.000543673 ,0 
984,24.6 ,-0.000542782 ,0 
985,24.625 ,-0.000541914 ,0 
986,24.65 ,-0.000541069 ,0 
987,24.675 ,-0.000540247 ,0 
988,24.7 ,-0.000539447 ,0 
989,24.725 ,-0.00053867 ,0 
990,24.75 ,-0.000537915 ,0 
991,24.775 ,-0.000537183 ,0 
992,24.8 ,-0.000536473 ,0 
993,24.825 ,-0.000535786 ,0 
994,24.85 ,-0.000535121 ,0 
995,24.875 ,-0.000534478 ,0 
996,24.9 ,-0.000533857 ,0 
997,24.925 ,-0.000533259 ,0 
998,24.95 ,-0.000532683 ,0 
999,24.975 ,-0.000532128 ,0 
1000,25 ,-0.000531596 ,0 