
1,0.025 ,9.63555e-09 ,0 
2,0.05 ,9.63555e-09 ,0 
3,0.075 ,3.25166e-08 ,0 
4,0.1 ,7.70654e-08 ,0 
5,0.125 ,1.50491e-07 ,0 
6,0.15 ,2.5999e-07 ,0 
7,0.175 ,4.12746e-07 ,0 
8,0.2 ,6.15923e-07 ,0 
9,0.225 ,8.76667e-07 ,0 
10,0.25 ,1.2021e-06 ,0 
11,0.275 ,1.59931e-06 ,0 
12,0.3 ,2.07538e-06 ,0 
13,0.325 ,2.63732e-06 ,0 
14,0.35 ,3.29215e-06 ,0 
15,0.375 ,4.04683e-06 ,0 
16,0.4 ,4.90827e-06 ,0 
17,0.425 ,5.88336e-06 ,0 
18,0.45 ,6.97892e-06 ,0 
19,0.475 ,8.20175e-06 ,0 
20,0.5 ,9.55857e-06 ,0 
21,0.525 ,1.10561e-05 ,0 
22,0.55 ,1.27009e-05 ,0 
23,0.575 ,1.44995e-05 ,0 
24,0.6 ,1.64585e-05 ,0 
25,0.625 ,1.85843e-05 ,0 
26,0.65 ,2.08833e-05 ,0 
27,0.675 ,2.33617e-05 ,0 
28,0.7 ,2.60259e-05 ,0 
29,0.725 ,2.88819e-05 ,0 
30,0.75 ,3.19358e-05 ,0 
31,0.775 ,3.51936e-05 ,0 
32,0.8 ,3.86613e-05 ,0 
33,0.825 ,4.23447e-05 ,0 
34,0.85 ,4.62494e-05 ,0 
35,0.875 ,5.03813e-05 ,0 
36,0.9 ,5.47458e-05 ,0 
37,0.925 ,5.93484e-05 ,0 
38,0.95 ,6.41946e-05 ,0 
39,0.975 ,6.92895e-05 ,0 
40,1 ,7.46384e-05 ,0 
41,1.025 ,8.02464e-05 ,0 
42,1.05 ,8.61184e-05 ,0 
43,1.075 ,9.22594e-05 ,0 
44,1.1 ,9.8674e-05 ,0 
45,1.125 ,0.000105367 ,0 
46,1.15 ,0.000112343 ,0 
47,1.175 ,0.000119606 ,0 
48,1.2 ,0.000127161 ,0 
49,1.225 ,0.000135012 ,0 
50,1.25 ,0.000143163 ,0 
51,1.275 ,0.000151618 ,0 
52,1.3 ,0.000160381 ,0 
53,1.325 ,0.000169456 ,0 
54,1.35 ,0.000178846 ,0 
55,1.375 ,0.000188554 ,0 
56,1.4 ,0.000198585 ,0 
57,1.425 ,0.000208942 ,0 
58,1.45 ,0.000219626 ,0 
59,1.475 ,0.000230643 ,0 
60,1.5 ,0.000241994 ,0 
61,1.525 ,0.000253682 ,0 
62,1.55 ,0.00026571 ,0 
63,1.575 ,0.00027808 ,0 
64,1.6 ,0.000290795 ,0 
65,1.625 ,0.000303857 ,0 
66,1.65 ,0.000317268 ,0 
67,1.675 ,0.00033103 ,0 
68,1.7 ,0.000345145 ,0 
69,1.725 ,0.000359615 ,0 
70,1.75 ,0.00037444 ,0 
71,1.775 ,0.000389624 ,0 
72,1.8 ,0.000405166 ,0 
73,1.825 ,0.000421069 ,0 
74,1.85 ,0.000437333 ,0 
75,1.875 ,0.000453959 ,0 
76,1.9 ,0.000470947 ,0 
77,1.925 ,0.0004883 ,0 
78,1.95 ,0.000506016 ,0 
79,1.975 ,0.000524097 ,0 
80,2 ,0.000542543 ,0 
81,2.025 ,0.000561354 ,0 
82,2.05 ,0.000580529 ,0 
83,2.075 ,0.000600069 ,0 
84,2.1 ,0.000619974 ,0 
85,2.125 ,0.000640243 ,0 
86,2.15 ,0.000660875 ,0 
87,2.175 ,0.000681871 ,0 
88,2.2 ,0.000703228 ,0 
89,2.225 ,0.000724947 ,0 
90,2.25 ,0.000747026 ,0 
91,2.275 ,0.000769464 ,0 
92,2.3 ,0.00079226 ,0 
93,2.325 ,0.000815413 ,0 
94,2.35 ,0.00083892 ,0 
95,2.375 ,0.000862781 ,0 
96,2.4 ,0.000886993 ,0 
97,2.425 ,0.000911555 ,0 
98,2.45 ,0.000936465 ,0 
99,2.475 ,0.00096172 ,0 
100,2.5 ,0.000987319 ,0 
101,2.525 ,0.00101326 ,0 
102,2.55 ,0.00103954 ,0 
103,2.575 ,0.00106615 ,0 
104,2.6 ,0.0010931 ,0 
105,2.625 ,0.00112038 ,0 
106,2.65 ,0.00114799 ,0 
107,2.675 ,0.00117592 ,0 
108,2.7 ,0.00120417 ,0 
109,2.725 ,0.00123274 ,0 
110,2.75 ,0.00126163 ,0 
111,2.775 ,0.00129083 ,0 
112,2.8 ,0.00132034 ,0 
113,2.825 ,0.00135016 ,0 
114,2.85 ,0.00138027 ,0 
115,2.875 ,0.00141069 ,0 
116,2.9 ,0.00144139 ,0 
117,2.925 ,0.00147239 ,0 
118,2.95 ,0.00150367 ,0 
119,2.975 ,0.00153524 ,0 
120,3 ,0.00156709 ,0 
121,3.025 ,0.0015992 ,0 
122,3.05 ,0.00163159 ,0 
123,3.075 ,0.00166425 ,0 
124,3.1 ,0.00169716 ,0 
125,3.125 ,0.00173033 ,0 
126,3.15 ,0.00176376 ,0 
127,3.175 ,0.00179743 ,0 
128,3.2 ,0.00183134 ,0 
129,3.225 ,0.0018655 ,0 
130,3.25 ,0.00189988 ,0 
131,3.275 ,0.0019345 ,0 
132,3.3 ,0.00196934 ,0 
133,3.325 ,0.00200439 ,0 
134,3.35 ,0.00203966 ,0 
135,3.375 ,0.00207515 ,0 
136,3.4 ,0.00211083 ,0 
137,3.425 ,0.00214671 ,0 
138,3.45 ,0.00218279 ,0 
139,3.475 ,0.00221906 ,0 
140,3.5 ,0.00225551 ,0 
141,3.525 ,0.00229214 ,0 
142,3.55 ,0.00232894 ,0 
143,3.575 ,0.00236592 ,0 
144,3.6 ,0.00240305 ,0 
145,3.625 ,0.00244034 ,0 
146,3.65 ,0.00247779 ,0 
147,3.675 ,0.00251538 ,0 
148,3.7 ,0.00255311 ,0 
149,3.725 ,0.00259098 ,0 
150,3.75 ,0.00262899 ,0 
151,3.775 ,0.00266712 ,0 
152,3.8 ,0.00270536 ,0 
153,3.825 ,0.00274373 ,0 
154,3.85 ,0.00278221 ,0 
155,3.875 ,0.00282079 ,0 
156,3.9 ,0.00285947 ,0 
157,3.925 ,0.00289824 ,0 
158,3.95 ,0.00293711 ,0 
159,3.975 ,0.00297606 ,0 
160,4 ,0.00301508 ,0 
161,4.025 ,0.00305419 ,0 
162,4.05 ,0.00309336 ,0 
163,4.075 ,0.00313259 ,0 
164,4.1 ,0.00317188 ,0 
165,4.125 ,0.00321123 ,0 
166,4.15 ,0.00325062 ,0 
167,4.175 ,0.00329006 ,0 
168,4.2 ,0.00332954 ,0 
169,4.225 ,0.00336905 ,0 
170,4.25 ,0.00340859 ,0 
171,4.275 ,0.00344815 ,0 
172,4.3 ,0.00348773 ,0 
173,4.325 ,0.00352733 ,0 
174,4.35 ,0.00356694 ,0 
175,4.375 ,0.00360655 ,0 
176,4.4 ,0.00364616 ,0 
177,4.425 ,0.00368577 ,0 
178,4.45 ,0.00372537 ,0 
179,4.475 ,0.00376496 ,0 
180,4.5 ,0.00380453 ,0 
181,4.525 ,0.00384408 ,0 
182,4.55 ,0.00388361 ,0 
183,4.575 ,0.0039231 ,0 
184,4.6 ,0.00396256 ,0 
185,4.625 ,0.00400199 ,0 
186,4.65 ,0.00404137 ,0 
187,4.675 ,0.00408071 ,0 
188,4.7 ,0.00411999 ,0 
189,4.725 ,0.00415923 ,0 
190,4.75 ,0.00419841 ,0 
191,4.775 ,0.00423753 ,0 
192,4.8 ,0.00427658 ,0 
193,4.825 ,0.00431557 ,0 
194,4.85 ,0.00435449 ,0 
195,4.875 ,0.00439334 ,0 
196,4.9 ,0.00443211 ,0 
197,4.925 ,0.0044708 ,0 
198,4.95 ,0.00450941 ,0 
199,4.975 ,0.00454793 ,0 
200,5 ,0.00458637 ,0 
201,5.025 ,0.00462472 ,0 
202,5.05 ,0.00466297 ,0 
203,5.075 ,0.00470113 ,0 
204,5.1 ,0.00473919 ,0 
205,5.125 ,0.00477715 ,0 
206,5.15 ,0.004815 ,0 
207,5.175 ,0.00485275 ,0 
208,5.2 ,0.00489038 ,0 
209,5.225 ,0.00492791 ,0 
210,5.25 ,0.00496532 ,0 
211,5.275 ,0.00500262 ,0 
212,5.3 ,0.00503979 ,0 
213,5.325 ,0.00507684 ,0 
214,5.35 ,0.00511377 ,0 
215,5.375 ,0.00515057 ,0 
216,5.4 ,0.00518723 ,0 
217,5.425 ,0.00522377 ,0 
218,5.45 ,0.00526017 ,0 
219,5.475 ,0.00529643 ,0 
220,5.5 ,0.00533255 ,0 
221,5.525 ,0.00536853 ,0 
222,5.55 ,0.00540437 ,0 
223,5.575 ,0.00544005 ,0 
224,5.6 ,0.00547559 ,0 
225,5.625 ,0.00551097 ,0 
226,5.65 ,0.0055462 ,0 
227,5.675 ,0.00558127 ,0 
228,5.7 ,0.00561618 ,0 
229,5.725 ,0.00565093 ,0 
230,5.75 ,0.00568552 ,0 
231,5.775 ,0.00571993 ,0 
232,5.8 ,0.00575418 ,0 
233,5.825 ,0.00578826 ,0 
234,5.85 ,0.00582217 ,0 
235,5.875 ,0.00585589 ,0 
236,5.9 ,0.00588945 ,0 
237,5.925 ,0.00592282 ,0 
238,5.95 ,0.00595601 ,0 
239,5.975 ,0.00598901 ,0 
240,6 ,0.00602183 ,0 
241,6.025 ,0.00605446 ,0 
242,6.05 ,0.0060869 ,0 
243,6.075 ,0.00611915 ,0 
244,6.1 ,0.0061512 ,0 
245,6.125 ,0.00618306 ,0 
246,6.15 ,0.00621472 ,0 
247,6.175 ,0.00624618 ,0 
248,6.2 ,0.00627743 ,0 
249,6.225 ,0.00630849 ,0 
250,6.25 ,0.00633933 ,0 
251,6.275 ,0.00636997 ,0 
252,6.3 ,0.0064004 ,0 
253,6.325 ,0.00643061 ,0 
254,6.35 ,0.00646062 ,0 
255,6.375 ,0.00649041 ,0 
256,6.4 ,0.00651998 ,0 
257,6.425 ,0.00654933 ,0 
258,6.45 ,0.00657847 ,0 
259,6.475 ,0.00660738 ,0 
260,6.5 ,0.00663607 ,0 
261,6.525 ,0.00666453 ,0 
262,6.55 ,0.00669277 ,0 
263,6.575 ,0.00672077 ,0 
264,6.6 ,0.00674855 ,0 
265,6.625 ,0.0067761 ,0 
266,6.65 ,0.00680342 ,0 
267,6.675 ,0.0068305 ,0 
268,6.7 ,0.00685734 ,0 
269,6.725 ,0.00688395 ,0 
270,6.75 ,0.00691032 ,0 
271,6.775 ,0.00693645 ,0 
272,6.8 ,0.00696234 ,0 
273,6.825 ,0.00698798 ,0 
274,6.85 ,0.00701339 ,0 
275,6.875 ,0.00703854 ,0 
276,6.9 ,0.00706345 ,0 
277,6.925 ,0.00708812 ,0 
278,6.95 ,0.00711253 ,0 
279,6.975 ,0.0071367 ,0 
280,7 ,0.00716061 ,0 
281,7.025 ,0.00718427 ,0 
282,7.05 ,0.00720768 ,0 
283,7.075 ,0.00723083 ,0 
284,7.1 ,0.00725373 ,0 
285,7.125 ,0.00727637 ,0 
286,7.15 ,0.00729876 ,0 
287,7.175 ,0.00732088 ,0 
288,7.2 ,0.00734275 ,0 
289,7.225 ,0.00736435 ,0 
290,7.25 ,0.00738569 ,0 
291,7.275 ,0.00740678 ,0 
292,7.3 ,0.00742759 ,0 
293,7.325 ,0.00744815 ,0 
294,7.35 ,0.00746844 ,0 
295,7.375 ,0.00748846 ,0 
296,7.4 ,0.00750822 ,0 
297,7.425 ,0.0075277 ,0 
298,7.45 ,0.00754693 ,0 
299,7.475 ,0.00756588 ,0 
300,7.5 ,0.00758456 ,0 
301,7.525 ,0.00760297 ,0 
302,7.55 ,0.00762111 ,0 
303,7.575 ,0.00763898 ,0 
304,7.6 ,0.00765658 ,0 
305,7.625 ,0.00767391 ,0 
306,7.65 ,0.00769096 ,0 
307,7.675 ,0.00770774 ,0 
308,7.7 ,0.00772424 ,0 
309,7.725 ,0.00774047 ,0 
310,7.75 ,0.00775642 ,0 
311,7.775 ,0.0077721 ,0 
312,7.8 ,0.0077875 ,0 
313,7.825 ,0.00780263 ,0 
314,7.85 ,0.00781747 ,0 
315,7.875 ,0.00783204 ,0 
316,7.9 ,0.00784633 ,0 
317,7.925 ,0.00786035 ,0 
318,7.95 ,0.00787408 ,0 
319,7.975 ,0.00788754 ,0 
320,8 ,0.00790072 ,0 
321,8.025 ,0.00791361 ,0 
322,8.05 ,0.00792623 ,0 
323,8.075 ,0.00793857 ,0 
324,8.1 ,0.00795063 ,0 
325,8.125 ,0.0079624 ,0 
326,8.15 ,0.0079739 ,0 
327,8.175 ,0.00798512 ,0 
328,8.2 ,0.00799605 ,0 
329,8.225 ,0.00800671 ,0 
330,8.25 ,0.00801708 ,0 
331,8.275 ,0.00802718 ,0 
332,8.3 ,0.00803699 ,0 
333,8.325 ,0.00804652 ,0 
334,8.35 ,0.00805577 ,0 
335,8.375 ,0.00806474 ,0 
336,8.4 ,0.00807343 ,0 
337,8.425 ,0.00808183 ,0 
338,8.45 ,0.00808996 ,0 
339,8.475 ,0.0080978 ,0 
340,8.5 ,0.00810537 ,0 
341,8.525 ,0.00811265 ,0 
342,8.55 ,0.00811965 ,0 
343,8.575 ,0.00812638 ,0 
344,8.6 ,0.00813282 ,0 
345,8.625 ,0.00813898 ,0 
346,8.65 ,0.00814486 ,0 
347,8.675 ,0.00815047 ,0 
348,8.7 ,0.00815579 ,0 
349,8.725 ,0.00816083 ,0 
350,8.75 ,0.0081656 ,0 
351,8.775 ,0.00817008 ,0 
352,8.8 ,0.00817429 ,0 
353,8.825 ,0.00817822 ,0 
354,8.85 ,0.00818187 ,0 
355,8.875 ,0.00818525 ,0 
356,8.9 ,0.00818835 ,0 
357,8.925 ,0.00819117 ,0 
358,8.95 ,0.00819371 ,0 
359,8.975 ,0.00819598 ,0 
360,9 ,0.00819797 ,0 
361,9.025 ,0.00819969 ,0 
362,9.05 ,0.00820114 ,0 
363,9.075 ,0.00820231 ,0 
364,9.1 ,0.0082032 ,0 
365,9.125 ,0.00820383 ,0 
366,9.15 ,0.00820418 ,0 
367,9.175 ,0.00820426 ,0 
368,9.2 ,0.00820406 ,0 
369,9.225 ,0.0082036 ,0 
370,9.25 ,0.00820286 ,0 
371,9.275 ,0.00820186 ,0 
372,9.3 ,0.00820059 ,0 
373,9.325 ,0.00819904 ,0 
374,9.35 ,0.00819723 ,0 
375,9.375 ,0.00819516 ,0 
376,9.4 ,0.00819281 ,0 
377,9.425 ,0.0081902 ,0 
378,9.45 ,0.00818733 ,0 
379,9.475 ,0.00818419 ,0 
380,9.5 ,0.00818078 ,0 
381,9.525 ,0.00817711 ,0 
382,9.55 ,0.00817318 ,0 
383,9.575 ,0.00816899 ,0 
384,9.6 ,0.00816454 ,0 
385,9.625 ,0.00815982 ,0 
386,9.65 ,0.00815485 ,0 
387,9.675 ,0.00814961 ,0 
388,9.7 ,0.00814412 ,0 
389,9.725 ,0.00813838 ,0 
390,9.75 ,0.00813237 ,0 
391,9.775 ,0.00812611 ,0 
392,9.8 ,0.0081196 ,0 
393,9.825 ,0.00811283 ,0 
394,9.85 ,0.00810581 ,0 
395,9.875 ,0.00809853 ,0 
396,9.9 ,0.00809101 ,0 
397,9.925 ,0.00808323 ,0 
398,9.95 ,0.0080752 ,0 
399,9.975 ,0.00806693 ,0 
400,10 ,0.00805841 ,0 
401,10.025 ,0.00804964 ,0 
402,10.05 ,0.00804063 ,0 
403,10.075 ,0.00803137 ,0 
404,10.1 ,0.00802186 ,0 
405,10.125 ,0.00801212 ,0 
406,10.15 ,0.00800213 ,0 
407,10.175 ,0.0079919 ,0 
408,10.2 ,0.00798143 ,0 
409,10.225 ,0.00797072 ,0 
410,10.25 ,0.00795977 ,0 
411,10.275 ,0.00794859 ,0 
412,10.3 ,0.00793717 ,0 
413,10.325 ,0.00792552 ,0 
414,10.35 ,0.00791363 ,0 
415,10.375 ,0.00790151 ,0 
416,10.4 ,0.00788915 ,0 
417,10.425 ,0.00787657 ,0 
418,10.45 ,0.00786376 ,0 
419,10.475 ,0.00785072 ,0 
420,10.5 ,0.00783745 ,0 
421,10.525 ,0.00782395 ,0 
422,10.55 ,0.00781023 ,0 
423,10.575 ,0.00779629 ,0 
424,10.6 ,0.00778212 ,0 
425,10.625 ,0.00776773 ,0 
426,10.65 ,0.00775312 ,0 
427,10.675 ,0.00773829 ,0 
428,10.7 ,0.00772324 ,0 
429,10.725 ,0.00770797 ,0 
430,10.75 ,0.00769249 ,0 
431,10.775 ,0.00767679 ,0 
432,10.8 ,0.00766088 ,0 
433,10.825 ,0.00764476 ,0 
434,10.85 ,0.00762843 ,0 
435,10.875 ,0.00761188 ,0 
436,10.9 ,0.00759513 ,0 
437,10.925 ,0.00757816 ,0 
438,10.95 ,0.007561 ,0 
439,10.975 ,0.00754362 ,0 
440,11 ,0.00752604 ,0 
441,11.025 ,0.00750826 ,0 
442,11.05 ,0.00749028 ,0 
443,11.075 ,0.0074721 ,0 
444,11.1 ,0.00745372 ,0 
445,11.125 ,0.00743514 ,0 
446,11.15 ,0.00741636 ,0 
447,11.175 ,0.00739739 ,0 
448,11.2 ,0.00737822 ,0 
449,11.225 ,0.00735886 ,0 
450,11.25 ,0.00733931 ,0 
451,11.275 ,0.00731957 ,0 
452,11.3 ,0.00729964 ,0 
453,11.325 ,0.00727952 ,0 
454,11.35 ,0.00725921 ,0 
455,11.375 ,0.00723872 ,0 
456,11.4 ,0.00721805 ,0 
457,11.425 ,0.00719719 ,0 
458,11.45 ,0.00717615 ,0 
459,11.475 ,0.00715493 ,0 
460,11.5 ,0.00713353 ,0 
461,11.525 ,0.00711196 ,0 
462,11.55 ,0.00709021 ,0 
463,11.575 ,0.00706828 ,0 
464,11.6 ,0.00704618 ,0 
465,11.625 ,0.00702391 ,0 
466,11.65 ,0.00700147 ,0 
467,11.675 ,0.00697885 ,0 
468,11.7 ,0.00695607 ,0 
469,11.725 ,0.00693313 ,0 
470,11.75 ,0.00691001 ,0 
471,11.775 ,0.00688674 ,0 
472,11.8 ,0.0068633 ,0 
473,11.825 ,0.00683969 ,0 
474,11.85 ,0.00681593 ,0 
475,11.875 ,0.00679201 ,0 
476,11.9 ,0.00676793 ,0 
477,11.925 ,0.0067437 ,0 
478,11.95 ,0.00671931 ,0 
479,11.975 ,0.00669477 ,0 
480,12 ,0.00667007 ,0 
481,12.025 ,0.00664523 ,0 
482,12.05 ,0.00662023 ,0 
483,12.075 ,0.00659509 ,0 
484,12.1 ,0.0065698 ,0 
485,12.125 ,0.00654437 ,0 
486,12.15 ,0.00651879 ,0 
487,12.175 ,0.00649307 ,0 
488,12.2 ,0.0064672 ,0 
489,12.225 ,0.0064412 ,0 
490,12.25 ,0.00641506 ,0 
491,12.275 ,0.00638878 ,0 
492,12.3 ,0.00636237 ,0 
493,12.325 ,0.00633582 ,0 
494,12.35 ,0.00630914 ,0 
495,12.375 ,0.00628232 ,0 
496,12.4 ,0.00625538 ,0 
497,12.425 ,0.00622831 ,0 
498,12.45 ,0.00620111 ,0 
499,12.475 ,0.00617378 ,0 
500,12.5 ,0.00614633 ,0 
501,12.525 ,0.00611876 ,0 
502,12.55 ,0.00609106 ,0 
503,12.575 ,0.00606325 ,0 
504,12.6 ,0.00603531 ,0 
505,12.625 ,0.00600725 ,0 
506,12.65 ,0.00597908 ,0 
507,12.675 ,0.0059508 ,0 
508,12.7 ,0.0059224 ,0 
509,12.725 ,0.00589388 ,0 
510,12.75 ,0.00586526 ,0 
511,12.775 ,0.00583653 ,0 
512,12.8 ,0.00580769 ,0 
513,12.825 ,0.00577874 ,0 
514,12.85 ,0.00574968 ,0 
515,12.875 ,0.00572052 ,0 
516,12.9 ,0.00569126 ,0 
517,12.925 ,0.0056619 ,0 
518,12.95 ,0.00563243 ,0 
519,12.975 ,0.00560287 ,0 
520,13 ,0.00557321 ,0 
521,13.025 ,0.00554345 ,0 
522,13.05 ,0.0055136 ,0 
523,13.075 ,0.00548366 ,0 
524,13.1 ,0.00545362 ,0 
525,13.125 ,0.00542349 ,0 
526,13.15 ,0.00539327 ,0 
527,13.175 ,0.00536297 ,0 
528,13.2 ,0.00533258 ,0 
529,13.225 ,0.0053021 ,0 
530,13.25 ,0.00527154 ,0 
531,13.275 ,0.00524089 ,0 
532,13.3 ,0.00521016 ,0 
533,13.325 ,0.00517936 ,0 
534,13.35 ,0.00514847 ,0 
535,13.375 ,0.00511751 ,0 
536,13.4 ,0.00508647 ,0 
537,13.425 ,0.00505536 ,0 
538,13.45 ,0.00502417 ,0 
539,13.475 ,0.00499291 ,0 
540,13.5 ,0.00496158 ,0 
541,13.525 ,0.00493018 ,0 
542,13.55 ,0.00489871 ,0 
543,13.575 ,0.00486718 ,0 
544,13.6 ,0.00483558 ,0 
545,13.625 ,0.00480391 ,0 
546,13.65 ,0.00477219 ,0 
547,13.675 ,0.0047404 ,0 
548,13.7 ,0.00470855 ,0 
549,13.725 ,0.00467664 ,0 
550,13.75 ,0.00464467 ,0 
551,13.775 ,0.00461265 ,0 
552,13.8 ,0.00458057 ,0 
553,13.825 ,0.00454844 ,0 
554,13.85 ,0.00451625 ,0 
555,13.875 ,0.00448401 ,0 
556,13.9 ,0.00445173 ,0 
557,13.925 ,0.00441939 ,0 
558,13.95 ,0.00438701 ,0 
559,13.975 ,0.00435458 ,0 
560,14 ,0.0043221 ,0 
561,14.025 ,0.00428958 ,0 
562,14.05 ,0.00425702 ,0 
563,14.075 ,0.00422442 ,0 
564,14.1 ,0.00419177 ,0 
565,14.125 ,0.00415909 ,0 
566,14.15 ,0.00412637 ,0 
567,14.175 ,0.00409361 ,0 
568,14.2 ,0.00406082 ,0 
569,14.225 ,0.004028 ,0 
570,14.25 ,0.00399514 ,0 
571,14.275 ,0.00396225 ,0 
572,14.3 ,0.00392933 ,0 
573,14.325 ,0.00389638 ,0 
574,14.35 ,0.0038634 ,0 
575,14.375 ,0.0038304 ,0 
576,14.4 ,0.00379737 ,0 
577,14.425 ,0.00376431 ,0 
578,14.45 ,0.00373123 ,0 
579,14.475 ,0.00369813 ,0 
580,14.5 ,0.00366501 ,0 
581,14.525 ,0.00363187 ,0 
582,14.55 ,0.00359872 ,0 
583,14.575 ,0.00356554 ,0 
584,14.6 ,0.00353235 ,0 
585,14.625 ,0.00349914 ,0 
586,14.65 ,0.00346592 ,0 
587,14.675 ,0.00343269 ,0 
588,14.7 ,0.00339944 ,0 
589,14.725 ,0.00336619 ,0 
590,14.75 ,0.00333292 ,0 
591,14.775 ,0.00329965 ,0 
592,14.8 ,0.00326637 ,0 
593,14.825 ,0.00323309 ,0 
594,14.85 ,0.0031998 ,0 
595,14.875 ,0.0031665 ,0 
596,14.9 ,0.00313321 ,0 
597,14.925 ,0.00309991 ,0 
598,14.95 ,0.00306661 ,0 
599,14.975 ,0.00303332 ,0 
600,15 ,0.00300002 ,0 
601,15.025 ,0.00296673 ,0 
602,15.05 ,0.00293344 ,0 
603,15.075 ,0.00290016 ,0 
604,15.1 ,0.00286688 ,0 
605,15.125 ,0.00283361 ,0 
606,15.15 ,0.00280035 ,0 
607,15.175 ,0.0027671 ,0 
608,15.2 ,0.00273386 ,0 
609,15.225 ,0.00270063 ,0 
610,15.25 ,0.00266742 ,0 
611,15.275 ,0.00263421 ,0 
612,15.3 ,0.00260102 ,0 
613,15.325 ,0.00256785 ,0 
614,15.35 ,0.0025347 ,0 
615,15.375 ,0.00250156 ,0 
616,15.4 ,0.00246844 ,0 
617,15.425 ,0.00243534 ,0 
618,15.45 ,0.00240226 ,0 
619,15.475 ,0.0023692 ,0 
620,15.5 ,0.00233617 ,0 
621,15.525 ,0.00230316 ,0 
622,15.55 ,0.00227017 ,0 
623,15.575 ,0.00223721 ,0 
624,15.6 ,0.00220428 ,0 
625,15.625 ,0.00217137 ,0 
626,15.65 ,0.0021385 ,0 
627,15.675 ,0.00210565 ,0 
628,15.7 ,0.00207283 ,0 
629,15.725 ,0.00204005 ,0 
630,15.75 ,0.0020073 ,0 
631,15.775 ,0.00197458 ,0 
632,15.8 ,0.00194189 ,0 
633,15.825 ,0.00190924 ,0 
634,15.85 ,0.00187663 ,0 
635,15.875 ,0.00184405 ,0 
636,15.9 ,0.00181152 ,0 
637,15.925 ,0.00177902 ,0 
638,15.95 ,0.00174656 ,0 
639,15.975 ,0.00171414 ,0 
640,16 ,0.00168176 ,0 
641,16.025 ,0.00164943 ,0 
642,16.05 ,0.00161714 ,0 
643,16.075 ,0.00158489 ,0 
644,16.1 ,0.00155269 ,0 
645,16.125 ,0.00152053 ,0 
646,16.15 ,0.00148843 ,0 
647,16.175 ,0.00145637 ,0 
648,16.2 ,0.00142435 ,0 
649,16.225 ,0.00139239 ,0 
650,16.25 ,0.00136048 ,0 
651,16.275 ,0.00132862 ,0 
652,16.3 ,0.00129681 ,0 
653,16.325 ,0.00126505 ,0 
654,16.35 ,0.00123335 ,0 
655,16.375 ,0.0012017 ,0 
656,16.4 ,0.00117011 ,0 
657,16.425 ,0.00113857 ,0 
658,16.45 ,0.00110709 ,0 
659,16.475 ,0.00107567 ,0 
660,16.5 ,0.00104431 ,0 
661,16.525 ,0.001013 ,0 
662,16.55 ,0.000981759 ,0 
663,16.575 ,0.000950575 ,0 
664,16.6 ,0.000919453 ,0 
665,16.625 ,0.000888393 ,0 
666,16.65 ,0.000857397 ,0 
667,16.675 ,0.000826464 ,0 
668,16.7 ,0.000795596 ,0 
669,16.725 ,0.000764793 ,0 
670,16.75 ,0.000734056 ,0 
671,16.775 ,0.000703386 ,0 
672,16.8 ,0.000672783 ,0 
673,16.825 ,0.000642248 ,0 
674,16.85 ,0.000611783 ,0 
675,16.875 ,0.000581387 ,0 
676,16.9 ,0.000551062 ,0 
677,16.925 ,0.000520807 ,0 
678,16.95 ,0.000490624 ,0 
679,16.975 ,0.000460514 ,0 
680,17 ,0.000430477 ,0 
681,17.025 ,0.000400514 ,0 
682,17.05 ,0.000370625 ,0 
683,17.075 ,0.000340811 ,0 
684,17.1 ,0.000311073 ,0 
685,17.125 ,0.000281411 ,0 
686,17.15 ,0.000251827 ,0 
687,17.175 ,0.00022232 ,0 
688,17.2 ,0.000192891 ,0 
689,17.225 ,0.000163542 ,0 
690,17.25 ,0.000134272 ,0 
691,17.275 ,0.000105083 ,0 
692,17.3 ,7.59742e-05 ,0 
693,17.325 ,4.69471e-05 ,0 
694,17.35 ,1.80021e-05 ,0 
695,17.375 ,-1.08603e-05 ,0 
696,17.4 ,-3.96393e-05 ,0 
697,17.425 ,-6.83344e-05 ,0 
698,17.45 ,-9.69451e-05 ,0 
699,17.475 ,-0.000125471 ,0 
700,17.5 ,-0.000153911 ,0 
701,17.525 ,-0.000182265 ,0 
702,17.55 ,-0.000210532 ,0 
703,17.575 ,-0.000238711 ,0 
704,17.6 ,-0.000266803 ,0 
705,17.625 ,-0.000294806 ,0 
706,17.65 ,-0.000322721 ,0 
707,17.675 ,-0.000350546 ,0 
708,17.7 ,-0.000378281 ,0 
709,17.725 ,-0.000405925 ,0 
710,17.75 ,-0.000433478 ,0 
711,17.775 ,-0.000460939 ,0 
712,17.8 ,-0.000488309 ,0 
713,17.825 ,-0.000515586 ,0 
714,17.85 ,-0.000542769 ,0 
715,17.875 ,-0.000569859 ,0 
716,17.9 ,-0.000596855 ,0 
717,17.925 ,-0.000623756 ,0 
718,17.95 ,-0.000650562 ,0 
719,17.975 ,-0.000677273 ,0 
720,18 ,-0.000703887 ,0 
721,18.025 ,-0.000730405 ,0 
722,18.05 ,-0.000756826 ,0 
723,18.075 ,-0.00078315 ,0 
724,18.1 ,-0.000809375 ,0 
725,18.125 ,-0.000835503 ,0 
726,18.15 ,-0.000861531 ,0 
727,18.175 ,-0.000887461 ,0 
728,18.2 ,-0.00091329 ,0 
729,18.225 ,-0.00093902 ,0 
730,18.25 ,-0.000964649 ,0 
731,18.275 ,-0.000990177 ,0 
732,18.3 ,-0.0010156 ,0 
733,18.325 ,-0.00104093 ,0 
734,18.35 ,-0.00106615 ,0 
735,18.375 ,-0.00109127 ,0 
736,18.4 ,-0.00111629 ,0 
737,18.425 ,-0.0011412 ,0 
738,18.45 ,-0.00116601 ,0 
739,18.475 ,-0.00119072 ,0 
740,18.5 ,-0.00121532 ,0 
741,18.525 ,-0.00123982 ,0 
742,18.55 ,-0.00126421 ,0 
743,18.575 ,-0.0012885 ,0 
744,18.6 ,-0.00131268 ,0 
745,18.625 ,-0.00133675 ,0 
746,18.65 ,-0.00136072 ,0 
747,18.675 ,-0.00138458 ,0 
748,18.7 ,-0.00140834 ,0 
749,18.725 ,-0.00143198 ,0 
750,18.75 ,-0.00145552 ,0 
751,18.775 ,-0.00147895 ,0 
752,18.8 ,-0.00150227 ,0 
753,18.825 ,-0.00152548 ,0 
754,18.85 ,-0.00154859 ,0 
755,18.875 ,-0.00157158 ,0 
756,18.9 ,-0.00159447 ,0 
757,18.925 ,-0.00161724 ,0 
758,18.95 ,-0.0016399 ,0 
759,18.975 ,-0.00166246 ,0 
760,19 ,-0.0016849 ,0 
761,19.025 ,-0.00170723 ,0 
762,19.05 ,-0.00172945 ,0 
763,19.075 ,-0.00175156 ,0 
764,19.1 ,-0.00177356 ,0 
765,19.125 ,-0.00179544 ,0 
766,19.15 ,-0.00181721 ,0 
767,19.175 ,-0.00183887 ,0 
768,19.2 ,-0.00186042 ,0 
769,19.225 ,-0.00188185 ,0 
770,19.25 ,-0.00190317 ,0 
771,19.275 ,-0.00192437 ,0 
772,19.3 ,-0.00194547 ,0 
773,19.325 ,-0.00196644 ,0 
774,19.35 ,-0.00198731 ,0 
775,19.375 ,-0.00200806 ,0 
776,19.4 ,-0.00202869 ,0 
777,19.425 ,-0.00204921 ,0 
778,19.45 ,-0.00206962 ,0 
779,19.475 ,-0.0020899 ,0 
780,19.5 ,-0.00211008 ,0 
781,19.525 ,-0.00213014 ,0 
782,19.55 ,-0.00215008 ,0 
783,19.575 ,-0.0021699 ,0 
784,19.6 ,-0.00218961 ,0 
785,19.625 ,-0.00220921 ,0 
786,19.65 ,-0.00222868 ,0 
787,19.675 ,-0.00224804 ,0 
788,19.7 ,-0.00226729 ,0 
789,19.725 ,-0.00228642 ,0 
790,19.75 ,-0.00230542 ,0 
791,19.775 ,-0.00232432 ,0 
792,19.8 ,-0.00234309 ,0 
793,19.825 ,-0.00236175 ,0 
794,19.85 ,-0.00238029 ,0 
795,19.875 ,-0.00239871 ,0 
796,19.9 ,-0.00241701 ,0 
797,19.925 ,-0.0024352 ,0 
798,19.95 ,-0.00245327 ,0 
799,19.975 ,-0.00247122 ,0 
800,20 ,-0.00248905 ,0 
801,20.025 ,-0.00250676 ,0 
802,20.05 ,-0.00252436 ,0 
803,20.075 ,-0.00254183 ,0 
804,20.1 ,-0.00255919 ,0 
805,20.125 ,-0.00257643 ,0 
806,20.15 ,-0.00259354 ,0 
807,20.175 ,-0.00261054 ,0 
808,20.2 ,-0.00262743 ,0 
809,20.225 ,-0.00264419 ,0 
810,20.25 ,-0.00266083 ,0 
811,20.275 ,-0.00267735 ,0 
812,20.3 ,-0.00269376 ,0 
813,20.325 ,-0.00271004 ,0 
814,20.35 ,-0.00272621 ,0 
815,20.375 ,-0.00274225 ,0 
816,20.4 ,-0.00275818 ,0 
817,20.425 ,-0.00277399 ,0 
818,20.45 ,-0.00278967 ,0 
819,20.475 ,-0.00280524 ,0 
820,20.5 ,-0.00282069 ,0 
821,20.525 ,-0.00283602 ,0 
822,20.55 ,-0.00285123 ,0 
823,20.575 ,-0.00286632 ,0 
824,20.6 ,-0.00288128 ,0 
825,20.625 ,-0.00289613 ,0 
826,20.65 ,-0.00291086 ,0 
827,20.675 ,-0.00292547 ,0 
828,20.7 ,-0.00293996 ,0 
829,20.725 ,-0.00295433 ,0 
830,20.75 ,-0.00296858 ,0 
831,20.775 ,-0.00298272 ,0 
832,20.8 ,-0.00299673 ,0 
833,20.825 ,-0.00301062 ,0 
834,20.85 ,-0.00302439 ,0 
835,20.875 ,-0.00303804 ,0 
836,20.9 ,-0.00305158 ,0 
837,20.925 ,-0.00306499 ,0 
838,20.95 ,-0.00307828 ,0 
839,20.975 ,-0.00309146 ,0 
840,21 ,-0.00310451 ,0 
841,21.025 ,-0.00311745 ,0 
842,21.05 ,-0.00313026 ,0 
843,21.075 ,-0.00314296 ,0 
844,21.1 ,-0.00315553 ,0 
845,21.125 ,-0.00316799 ,0 
846,21.15 ,-0.00318033 ,0 
847,21.175 ,-0.00319255 ,0 
848,21.2 ,-0.00320465 ,0 
849,21.225 ,-0.00321663 ,0 
850,21.25 ,-0.00322849 ,0 
851,21.275 ,-0.00324024 ,0 
852,21.3 ,-0.00325186 ,0 
853,21.325 ,-0.00326337 ,0 
854,21.35 ,-0.00327476 ,0 
855,21.375 ,-0.00328603 ,0 
856,21.4 ,-0.00329718 ,0 
857,21.425 ,-0.00330821 ,0 
858,21.45 ,-0.00331912 ,0 
859,21.475 ,-0.00332992 ,0 
860,21.5 ,-0.0033406 ,0 
861,21.525 ,-0.00335116 ,0 
862,21.55 ,-0.0033616 ,0 
863,21.575 ,-0.00337193 ,0 
864,21.6 ,-0.00338213 ,0 
865,21.625 ,-0.00339222 ,0 
866,21.65 ,-0.00340219 ,0 
867,21.675 ,-0.00341205 ,0 
868,21.7 ,-0.00342179 ,0 
869,21.725 ,-0.00343141 ,0 
870,21.75 ,-0.00344091 ,0 
871,21.775 ,-0.0034503 ,0 
872,21.8 ,-0.00345957 ,0 
873,21.825 ,-0.00346873 ,0 
874,21.85 ,-0.00347776 ,0 
875,21.875 ,-0.00348669 ,0 
876,21.9 ,-0.00349549 ,0 
877,21.925 ,-0.00350418 ,0 
878,21.95 ,-0.00351276 ,0 
879,21.975 ,-0.00352121 ,0 
880,22 ,-0.00352956 ,0 
881,22.025 ,-0.00353779 ,0 
882,22.05 ,-0.0035459 ,0 
883,22.075 ,-0.0035539 ,0 
884,22.1 ,-0.00356178 ,0 
885,22.125 ,-0.00356955 ,0 
886,22.15 ,-0.0035772 ,0 
887,22.175 ,-0.00358475 ,0 
888,22.2 ,-0.00359217 ,0 
889,22.225 ,-0.00359948 ,0 
890,22.25 ,-0.00360668 ,0 
891,22.275 ,-0.00361377 ,0 
892,22.3 ,-0.00362074 ,0 
893,22.325 ,-0.0036276 ,0 
894,22.35 ,-0.00363434 ,0 
895,22.375 ,-0.00364098 ,0 
896,22.4 ,-0.0036475 ,0 
897,22.425 ,-0.00365391 ,0 
898,22.45 ,-0.0036602 ,0 
899,22.475 ,-0.00366639 ,0 
900,22.5 ,-0.00367246 ,0 
901,22.525 ,-0.00367842 ,0 
902,22.55 ,-0.00368427 ,0 
903,22.575 ,-0.00369001 ,0 
904,22.6 ,-0.00369563 ,0 
905,22.625 ,-0.00370115 ,0 
906,22.65 ,-0.00370656 ,0 
907,22.675 ,-0.00371185 ,0 
908,22.7 ,-0.00371704 ,0 
909,22.725 ,-0.00372212 ,0 
910,22.75 ,-0.00372708 ,0 
911,22.775 ,-0.00373194 ,0 
912,22.8 ,-0.00373669 ,0 
913,22.825 ,-0.00374133 ,0 
914,22.85 ,-0.00374586 ,0 
915,22.875 ,-0.00375028 ,0 
916,22.9 ,-0.00375459 ,0 
917,22.925 ,-0.0037588 ,0 
918,22.95 ,-0.0037629 ,0 
919,22.975 ,-0.00376689 ,0 
920,23 ,-0.00377077 ,0 
921,23.025 ,-0.00377455 ,0 
922,23.05 ,-0.00377822 ,0 
923,23.075 ,-0.00378178 ,0 
924,23.1 ,-0.00378524 ,0 
925,23.125 ,-0.00378859 ,0 
926,23.15 ,-0.00379184 ,0 
927,23.175 ,-0.00379498 ,0 
928,23.2 ,-0.00379801 ,0 
929,23.225 ,-0.00380094 ,0 
930,23.25 ,-0.00380377 ,0 
931,23.275 ,-0.00380649 ,0 
932,23.3 ,-0.0038091 ,0 
933,23.325 ,-0.00381162 ,0 
934,23.35 ,-0.00381403 ,0 
935,23.375 ,-0.00381633 ,0 
936,23.4 ,-0.00381853 ,0 
937,23.425 ,-0.00382063 ,0 
938,23.45 ,-0.00382263 ,0 
939,23.475 ,-0.00382453 ,0 
940,23.5 ,-0.00382632 ,0 
941,23.525 ,-0.00382801 ,0 
942,23.55 ,-0.0038296 ,0 
943,23.575 ,-0.00383109 ,0 
944,23.6 ,-0.00383248 ,0 
945,23.625 ,-0.00383377 ,0 
946,23.65 ,-0.00383496 ,0 
947,23.675 ,-0.00383604 ,0 
948,23.7 ,-0.00383703 ,0 
949,23.725 ,-0.00383792 ,0 
950,23.75 ,-0.00383871 ,0 
951,23.775 ,-0.0038394 ,0 
952,23.8 ,-0.00383999 ,0 
953,23.825 ,-0.00384049 ,0 
954,23.85 ,-0.00384089 ,0 
955,23.875 ,-0.00384118 ,0 
956,23.9 ,-0.00384139 ,0 
957,23.925 ,-0.00384149 ,0 
958,23.95 ,-0.0038415 ,0 
959,23.975 ,-0.00384141 ,0 
960,24 ,-0.00384122 ,0 
961,24.025 ,-0.00384094 ,0 
962,24.05 ,-0.00384057 ,0 
963,24.075 ,-0.0038401 ,0 
964,24.1 ,-0.00383953 ,0 
965,24.125 ,-0.00383887 ,0 
966,24.15 ,-0.00383812 ,0 
967,24.175 ,-0.00383727 ,0 
968,24.2 ,-0.00383633 ,0 
969,24.225 ,-0.00383529 ,0 
970,24.25 ,-0.00383416 ,0 
971,24.275 ,-0.00383294 ,0 
972,24.3 ,-0.00383163 ,0 
973,24.325 ,-0.00383023 ,0 
974,24.35 ,-0.00382873 ,0 
975,24.375 ,-0.00382714 ,0 
976,24.4 ,-0.00382546 ,0 
977,24.425 ,-0.00382369 ,0 
978,24.45 ,-0.00382183 ,0 
979,24.475 ,-0.00381988 ,0 
980,24.5 ,-0.00381784 ,0 
981,24.525 ,-0.00381572 ,0 
982,24.55 ,-0.0038135 ,0 
983,24.575 ,-0.00381119 ,0 
984,24.6 ,-0.0038088 ,0 
985,24.625 ,-0.00380631 ,0 
986,24.65 ,-0.00380374 ,0 
987,24.675 ,-0.00380108 ,0 
988,24.7 ,-0.00379834 ,0 
989,24.725 ,-0.00379551 ,0 
990,24.75 ,-0.00379259 ,0 
991,24.775 ,-0.00378959 ,0 
992,24.8 ,-0.0037865 ,0 
993,24.825 ,-0.00378332 ,0 
994,24.85 ,-0.00378006 ,0 
995,24.875 ,-0.00377672 ,0 
996,24.9 ,-0.00377329 ,0 
997,24.925 ,-0.00376978 ,0 
998,24.95 ,-0.00376618 ,0 
999,24.975 ,-0.0037625 ,0 
1000,25 ,-0.00375874 ,0 