N_e = 26
1,0.025 ,3.26228e-07 ,0 
2,0.05 ,3.26228e-07 ,0 
3,0.075 ,1.10064e-06 ,0 
4,0.1 ,2.60773e-06 ,0 
5,0.125 ,5.09021e-06 ,0 
6,0.15 ,8.78951e-06 ,0 
7,0.175 ,1.39455e-05 ,0 
8,0.2 ,2.07961e-05 ,0 
9,0.225 ,2.9577e-05 ,0 
10,0.25 ,4.05213e-05 ,0 
11,0.275 ,5.38594e-05 ,0 
12,0.3 ,6.98184e-05 ,0 
13,0.325 ,8.86221e-05 ,0 
14,0.35 ,0.00011049 ,0 
15,0.375 ,0.000135639 ,0 
16,0.4 ,0.00016428 ,0 
17,0.425 ,0.000196619 ,0 
18,0.45 ,0.00023286 ,0 
19,0.475 ,0.000273199 ,0 
20,0.5 ,0.000317827 ,0 
21,0.525 ,0.000366931 ,0 
22,0.55 ,0.00042069 ,0 
23,0.575 ,0.000479277 ,0 
24,0.6 ,0.000542861 ,0 
25,0.625 ,0.000611601 ,0 
26,0.65 ,0.000685652 ,0 
27,0.675 ,0.000765159 ,0 
28,0.7 ,0.000850263 ,0 
29,0.725 ,0.000941095 ,0 
30,0.75 ,0.00103778 ,0 
31,0.775 ,0.00114043 ,0 
32,0.8 ,0.00124916 ,0 
33,0.825 ,0.00136407 ,0 
34,0.85 ,0.00148525 ,0 
35,0.875 ,0.00161277 ,0 
36,0.9 ,0.00174673 ,0 
37,0.925 ,0.00188717 ,0 
38,0.95 ,0.00203417 ,0 
39,0.975 ,0.00218776 ,0 
40,1 ,0.00234799 ,0 
41,1.025 ,0.00251489 ,0 
42,1.05 ,0.00268847 ,0 
43,1.075 ,0.00286875 ,0 
44,1.1 ,0.00305573 ,0 
45,1.125 ,0.0032494 ,0 
46,1.15 ,0.00344976 ,0 
47,1.175 ,0.00365676 ,0 
48,1.2 ,0.00387037 ,0 
49,1.225 ,0.00409056 ,0 
50,1.25 ,0.00431726 ,0 
51,1.275 ,0.00455042 ,0 
52,1.3 ,0.00478996 ,0 
53,1.325 ,0.00503579 ,0 
54,1.35 ,0.00528783 ,0 
55,1.375 ,0.00554598 ,0 
56,1.4 ,0.00581013 ,0 
57,1.425 ,0.00608015 ,0 
58,1.45 ,0.00635593 ,0 
59,1.475 ,0.00663732 ,0 
60,1.5 ,0.00692419 ,0 
61,1.525 ,0.00721637 ,0 
62,1.55 ,0.00751371 ,0 
63,1.575 ,0.00781604 ,0 
64,1.6 ,0.00812318 ,0 
65,1.625 ,0.00843495 ,0 
66,1.65 ,0.00875115 ,0 
67,1.675 ,0.00907158 ,0 
68,1.7 ,0.00939603 ,0 
69,1.725 ,0.0097243 ,0 
70,1.75 ,0.0100562 ,0 
71,1.775 ,0.0103914 ,0 
72,1.8 ,0.0107297 ,0 
73,1.825 ,0.0110709 ,0 
74,1.85 ,0.0114148 ,0 
75,1.875 ,0.0117611 ,0 
76,1.9 ,0.0121094 ,0 
77,1.925 ,0.0124597 ,0 
78,1.95 ,0.0128115 ,0 
79,1.975 ,0.0131647 ,0 
80,2 ,0.0135189 ,0 
81,2.025 ,0.0138739 ,0 
82,2.05 ,0.0142294 ,0 
83,2.075 ,0.0145851 ,0 
84,2.1 ,0.0149407 ,0 
85,2.125 ,0.0152959 ,0 
86,2.15 ,0.0156504 ,0 
87,2.175 ,0.0160039 ,0 
88,2.2 ,0.0163562 ,0 
89,2.225 ,0.0167069 ,0 
90,2.25 ,0.0170557 ,0 
91,2.275 ,0.0174023 ,0 
92,2.3 ,0.0177464 ,0 
93,2.325 ,0.0180877 ,0 
94,2.35 ,0.0184259 ,0 
95,2.375 ,0.0187607 ,0 
96,2.4 ,0.0190918 ,0 
97,2.425 ,0.0194189 ,0 
98,2.45 ,0.0197417 ,0 
99,2.475 ,0.0200598 ,0 
100,2.5 ,0.0203731 ,0 
101,2.525 ,0.0206811 ,0 
102,2.55 ,0.0209836 ,0 
103,2.575 ,0.0212804 ,0 
104,2.6 ,0.0215711 ,0 
105,2.625 ,0.0218554 ,0 
106,2.65 ,0.0221331 ,0 
107,2.675 ,0.0224038 ,0 
108,2.7 ,0.0226674 ,0 
109,2.725 ,0.0229235 ,0 
110,2.75 ,0.0231719 ,0 
111,2.775 ,0.0234124 ,0 
112,2.8 ,0.0236446 ,0 
113,2.825 ,0.0238683 ,0 
114,2.85 ,0.0240834 ,0 
115,2.875 ,0.0242895 ,0 
116,2.9 ,0.0244865 ,0 
117,2.925 ,0.0246741 ,0 
118,2.95 ,0.0248521 ,0 
119,2.975 ,0.0250203 ,0 
120,3 ,0.0251785 ,0 
121,3.025 ,0.0253265 ,0 
122,3.05 ,0.0254641 ,0 
123,3.075 ,0.0255912 ,0 
124,3.1 ,0.0257077 ,0 
125,3.125 ,0.0258132 ,0 
126,3.15 ,0.0259077 ,0 
127,3.175 ,0.0259911 ,0 
128,3.2 ,0.0260633 ,0 
129,3.225 ,0.026124 ,0 
130,3.25 ,0.0261732 ,0 
131,3.275 ,0.0262108 ,0 
132,3.3 ,0.0262366 ,0 
133,3.325 ,0.0262507 ,0 
134,3.35 ,0.0262529 ,0 
135,3.375 ,0.0262432 ,0 
136,3.4 ,0.0262215 ,0 
137,3.425 ,0.0261878 ,0 
138,3.45 ,0.026142 ,0 
139,3.475 ,0.0260841 ,0 
140,3.5 ,0.0260141 ,0 
141,3.525 ,0.0259319 ,0 
142,3.55 ,0.0258377 ,0 
143,3.575 ,0.0257314 ,0 
144,3.6 ,0.025613 ,0 
145,3.625 ,0.0254826 ,0 
146,3.65 ,0.0253402 ,0 
147,3.675 ,0.0251858 ,0 
148,3.7 ,0.0250196 ,0 
149,3.725 ,0.0248416 ,0 
150,3.75 ,0.0246519 ,0 
151,3.775 ,0.0244505 ,0 
152,3.8 ,0.0242377 ,0 
153,3.825 ,0.0240134 ,0 
154,3.85 ,0.0237779 ,0 
155,3.875 ,0.0235312 ,0 
156,3.9 ,0.0232735 ,0 
157,3.925 ,0.023005 ,0 
158,3.95 ,0.0227258 ,0 
159,3.975 ,0.022436 ,0 
160,4 ,0.0221359 ,0 
161,4.025 ,0.0218256 ,0 
162,4.05 ,0.0215054 ,0 
163,4.075 ,0.0211754 ,0 
164,4.1 ,0.0208358 ,0 
165,4.125 ,0.0204869 ,0 
166,4.15 ,0.0201288 ,0 
167,4.175 ,0.0197619 ,0 
168,4.2 ,0.0193863 ,0 
169,4.225 ,0.0190023 ,0 
170,4.25 ,0.0186102 ,0 
171,4.275 ,0.0182102 ,0 
172,4.3 ,0.0178025 ,0 
173,4.325 ,0.0173875 ,0 
174,4.35 ,0.0169654 ,0 
175,4.375 ,0.0165365 ,0 
176,4.4 ,0.0161011 ,0 
177,4.425 ,0.0156595 ,0 
178,4.45 ,0.015212 ,0 
179,4.475 ,0.0147588 ,0 
180,4.5 ,0.0143003 ,0 
181,4.525 ,0.0138369 ,0 
182,4.55 ,0.0133687 ,0 
183,4.575 ,0.0128962 ,0 
184,4.6 ,0.0124196 ,0 
185,4.625 ,0.0119392 ,0 
186,4.65 ,0.0114555 ,0 
187,4.675 ,0.0109687 ,0 
188,4.7 ,0.0104791 ,0 
189,4.725 ,0.00998713 ,0 
190,4.75 ,0.00949305 ,0 
191,4.775 ,0.00899721 ,0 
192,4.8 ,0.00849994 ,0 
193,4.825 ,0.00800158 ,0 
194,4.85 ,0.00750246 ,0 
195,4.875 ,0.00700292 ,0 
196,4.9 ,0.00650328 ,0 
197,4.925 ,0.00600389 ,0 
198,4.95 ,0.00550507 ,0 
199,4.975 ,0.00500715 ,0 
200,5 ,0.00451046 ,0 
201,5.025 ,0.00401533 ,0 
202,5.05 ,0.00352209 ,0 
203,5.075 ,0.00303105 ,0 
204,5.1 ,0.00254253 ,0 
205,5.125 ,0.00205686 ,0 
206,5.15 ,0.00157434 ,0 
207,5.175 ,0.00109529 ,0 
208,5.2 ,0.000620016 ,0 
209,5.225 ,0.000148813 ,0 
210,5.25 ,-0.000318015 ,0 
211,5.275 ,-0.000780175 ,0 
212,5.3 ,-0.00123738 ,0 
213,5.325 ,-0.00168934 ,0 
214,5.35 ,-0.00213577 ,0 
215,5.375 ,-0.00257641 ,0 
216,5.4 ,-0.00301099 ,0 
217,5.425 ,-0.00343923 ,0 
218,5.45 ,-0.00386089 ,0 
219,5.475 ,-0.00427571 ,0 
220,5.5 ,-0.00468345 ,0 
221,5.525 ,-0.00508386 ,0 
222,5.55 ,-0.00547672 ,0 
223,5.575 ,-0.0058618 ,0 
224,5.6 ,-0.00623889 ,0 
225,5.625 ,-0.00660776 ,0 
226,5.65 ,-0.00696822 ,0 
227,5.675 ,-0.00732007 ,0 
228,5.7 ,-0.00766311 ,0 
229,5.725 ,-0.00799718 ,0 
230,5.75 ,-0.00832209 ,0 
231,5.775 ,-0.00863768 ,0 
232,5.8 ,-0.00894378 ,0 
233,5.825 ,-0.00924025 ,0 
234,5.85 ,-0.00952695 ,0 
235,5.875 ,-0.00980374 ,0 
236,5.9 ,-0.0100705 ,0 
237,5.925 ,-0.0103271 ,0 
238,5.95 ,-0.0105734 ,0 
239,5.975 ,-0.0108094 ,0 
240,6 ,-0.0110349 ,0 
241,6.025 ,-0.0112499 ,0 
242,6.05 ,-0.0114542 ,0 
243,6.075 ,-0.0116479 ,0 
244,6.1 ,-0.0118308 ,0 
245,6.125 ,-0.012003 ,0 
246,6.15 ,-0.0121642 ,0 
247,6.175 ,-0.0123147 ,0 
248,6.2 ,-0.0124542 ,0 
249,6.225 ,-0.0125828 ,0 
250,6.25 ,-0.0127004 ,0 
251,6.275 ,-0.0128072 ,0 
252,6.3 ,-0.012903 ,0 
253,6.325 ,-0.0129879 ,0 
254,6.35 ,-0.013062 ,0 
255,6.375 ,-0.0131252 ,0 
256,6.4 ,-0.0131776 ,0 
257,6.425 ,-0.0132192 ,0 
258,6.45 ,-0.0132501 ,0 
259,6.475 ,-0.0132704 ,0 
260,6.5 ,-0.0132801 ,0 
261,6.525 ,-0.0132793 ,0 
262,6.55 ,-0.0132682 ,0 
263,6.575 ,-0.0132466 ,0 
264,6.6 ,-0.0132149 ,0 
265,6.625 ,-0.0131731 ,0 
266,6.65 ,-0.0131212 ,0 
267,6.675 ,-0.0130595 ,0 
268,6.7 ,-0.012988 ,0 
269,6.725 ,-0.0129069 ,0 
270,6.75 ,-0.0128164 ,0 
271,6.775 ,-0.0127165 ,0 
272,6.8 ,-0.0126074 ,0 
273,6.825 ,-0.0124892 ,0 
274,6.85 ,-0.0123623 ,0 
275,6.875 ,-0.0122266 ,0 
276,6.9 ,-0.0120823 ,0 
277,6.925 ,-0.0119298 ,0 
278,6.95 ,-0.011769 ,0 
279,6.975 ,-0.0116003 ,0 
280,7 ,-0.0114238 ,0 
281,7.025 ,-0.0112397 ,0 
282,7.05 ,-0.0110482 ,0 
283,7.075 ,-0.0108496 ,0 
284,7.1 ,-0.0106439 ,0 
285,7.125 ,-0.0104315 ,0 
286,7.15 ,-0.0102125 ,0 
287,7.175 ,-0.00998715 ,0 
288,7.2 ,-0.00975571 ,0 
289,7.225 ,-0.00951837 ,0 
290,7.25 ,-0.00927536 ,0 
291,7.275 ,-0.00902691 ,0 
292,7.3 ,-0.00877325 ,0 
293,7.325 ,-0.0085146 ,0 
294,7.35 ,-0.00825121 ,0 
295,7.375 ,-0.00798331 ,0 
296,7.4 ,-0.00771114 ,0 
297,7.425 ,-0.00743493 ,0 
298,7.45 ,-0.00715491 ,0 
299,7.475 ,-0.00687134 ,0 
300,7.5 ,-0.00658445 ,0 
301,7.525 ,-0.00629448 ,0 
302,7.55 ,-0.00600167 ,0 
303,7.575 ,-0.00570626 ,0 
304,7.6 ,-0.00540849 ,0 
305,7.625 ,-0.0051086 ,0 
306,7.65 ,-0.00480683 ,0 
307,7.675 ,-0.00450342 ,0 
308,7.7 ,-0.00419859 ,0 
309,7.725 ,-0.0038926 ,0 
310,7.75 ,-0.00358568 ,0 
311,7.775 ,-0.00327805 ,0 
312,7.8 ,-0.00296995 ,0 
313,7.825 ,-0.00266162 ,0 
314,7.85 ,-0.00235327 ,0 
315,7.875 ,-0.00204513 ,0 
316,7.9 ,-0.00173743 ,0 
317,7.925 ,-0.00143038 ,0 
318,7.95 ,-0.00112422 ,0 
319,7.975 ,-0.00081914 ,0 
320,8 ,-0.000515368 ,0 
321,8.025 ,-0.000213111 ,0 
322,8.05 ,8.74244e-05 ,0 
323,8.075 ,0.000386035 ,0 
324,8.1 ,0.000682522 ,0 
325,8.125 ,0.000976686 ,0 
326,8.15 ,0.00126834 ,0 
327,8.175 ,0.00155728 ,0 
328,8.2 ,0.00184334 ,0 
329,8.225 ,0.00212632 ,0 
330,8.25 ,0.00240606 ,0 
331,8.275 ,0.00268237 ,0 
332,8.3 ,0.0029551 ,0 
333,8.325 ,0.00322406 ,0 
334,8.35 ,0.00348911 ,0 
335,8.375 ,0.00375008 ,0 
336,8.4 ,0.00400683 ,0 
337,8.425 ,0.00425921 ,0 
338,8.45 ,0.00450707 ,0 
339,8.475 ,0.00475028 ,0 
340,8.5 ,0.0049887 ,0 
341,8.525 ,0.00522221 ,0 
342,8.55 ,0.00545067 ,0 
343,8.575 ,0.00567399 ,0 
344,8.6 ,0.00589203 ,0 
345,8.625 ,0.00610469 ,0 
346,8.65 ,0.00631187 ,0 
347,8.675 ,0.00651346 ,0 
348,8.7 ,0.00670938 ,0 
349,8.725 ,0.00689954 ,0 
350,8.75 ,0.00708384 ,0 
351,8.775 ,0.00726222 ,0 
352,8.8 ,0.00743459 ,0 
353,8.825 ,0.00760089 ,0 
354,8.85 ,0.00776106 ,0 
355,8.875 ,0.00791504 ,0 
356,8.9 ,0.00806277 ,0 
357,8.925 ,0.0082042 ,0 
358,8.95 ,0.00833929 ,0 
359,8.975 ,0.008468 ,0 
360,9 ,0.00859029 ,0 
361,9.025 ,0.00870614 ,0 
362,9.05 ,0.00881553 ,0 
363,9.075 ,0.00891842 ,0 
364,9.1 ,0.00901481 ,0 
365,9.125 ,0.00910469 ,0 
366,9.15 ,0.00918805 ,0 
367,9.175 ,0.00926489 ,0 
368,9.2 ,0.00933521 ,0 
369,9.225 ,0.00939902 ,0 
370,9.25 ,0.00945633 ,0 
371,9.275 ,0.00950716 ,0 
372,9.3 ,0.00955152 ,0 
373,9.325 ,0.00958945 ,0 
374,9.35 ,0.00962098 ,0 
375,9.375 ,0.00964613 ,0 
376,9.4 ,0.00966494 ,0 
377,9.425 ,0.00967745 ,0 
378,9.45 ,0.00968371 ,0 
379,9.475 ,0.00968377 ,0 
380,9.5 ,0.00967767 ,0 
381,9.525 ,0.00966548 ,0 
382,9.55 ,0.00964725 ,0 
383,9.575 ,0.00962304 ,0 
384,9.6 ,0.00959292 ,0 
385,9.625 ,0.00955696 ,0 
386,9.65 ,0.00951524 ,0 
387,9.675 ,0.00946781 ,0 
388,9.7 ,0.00941477 ,0 
389,9.725 ,0.0093562 ,0 
390,9.75 ,0.00929217 ,0 
391,9.775 ,0.00922277 ,0 
392,9.8 ,0.0091481 ,0 
393,9.825 ,0.00906824 ,0 
394,9.85 ,0.00898328 ,0 
395,9.875 ,0.00889332 ,0 
396,9.9 ,0.00879846 ,0 
397,9.925 ,0.0086988 ,0 
398,9.95 ,0.00859444 ,0 
399,9.975 ,0.00848549 ,0 
400,10 ,0.00837204 ,0 
401,10.025 ,0.0082542 ,0 
402,10.05 ,0.00813209 ,0 
403,10.075 ,0.00800581 ,0 
404,10.1 ,0.00787547 ,0 
405,10.125 ,0.00774119 ,0 
406,10.15 ,0.00760308 ,0 
407,10.175 ,0.00746125 ,0 
408,10.2 ,0.00731581 ,0 
409,10.225 ,0.0071669 ,0 
410,10.25 ,0.00701461 ,0 
411,10.275 ,0.00685908 ,0 
412,10.3 ,0.00670041 ,0 
413,10.325 ,0.00653873 ,0 
414,10.35 ,0.00637415 ,0 
415,10.375 ,0.0062068 ,0 
416,10.4 ,0.00603679 ,0 
417,10.425 ,0.00586425 ,0 
418,10.45 ,0.00568929 ,0 
419,10.475 ,0.00551203 ,0 
420,10.5 ,0.0053326 ,0 
421,10.525 ,0.0051511 ,0 
422,10.55 ,0.00496767 ,0 
423,10.575 ,0.00478242 ,0 
424,10.6 ,0.00459546 ,0 
425,10.625 ,0.00440692 ,0 
426,10.65 ,0.00421692 ,0 
427,10.675 ,0.00402556 ,0 
428,10.7 ,0.00383296 ,0 
429,10.725 ,0.00363925 ,0 
430,10.75 ,0.00344453 ,0 
431,10.775 ,0.00324891 ,0 
432,10.8 ,0.00305252 ,0 
433,10.825 ,0.00285545 ,0 
434,10.85 ,0.00265783 ,0 
435,10.875 ,0.00245975 ,0 
436,10.9 ,0.00226133 ,0 
437,10.925 ,0.00206267 ,0 
438,10.95 ,0.00186388 ,0 
439,10.975 ,0.00166505 ,0 
440,11 ,0.0014663 ,0 
441,11.025 ,0.00126773 ,0 
442,11.05 ,0.00106942 ,0 
443,11.075 ,0.000871487 ,0 
444,11.1 ,0.000674017 ,0 
445,11.125 ,0.000477107 ,0 
446,11.15 ,0.000280848 ,0 
447,11.175 ,8.53329e-05 ,0 
448,11.2 ,-0.000109351 ,0 
449,11.225 ,-0.000303115 ,0 
450,11.25 ,-0.000495875 ,0 
451,11.275 ,-0.000687546 ,0 
452,11.3 ,-0.000878048 ,0 
453,11.325 ,-0.0010673 ,0 
454,11.35 ,-0.00125522 ,0 
455,11.375 ,-0.00144174 ,0 
456,11.4 ,-0.00162679 ,0 
457,11.425 ,-0.00181028 ,0 
458,11.45 ,-0.00199215 ,0 
459,11.475 ,-0.00217234 ,0 
460,11.5 ,-0.00235077 ,0 
461,11.525 ,-0.00252738 ,0 
462,11.55 ,-0.00270211 ,0 
463,11.575 ,-0.00287491 ,0 
464,11.6 ,-0.0030457 ,0 
465,11.625 ,-0.00321444 ,0 
466,11.65 ,-0.00338107 ,0 
467,11.675 ,-0.00354554 ,0 
468,11.7 ,-0.0037078 ,0 
469,11.725 ,-0.00386781 ,0 
470,11.75 ,-0.00402551 ,0 
471,11.775 ,-0.00418086 ,0 
472,11.8 ,-0.00433383 ,0 
473,11.825 ,-0.00448436 ,0 
474,11.85 ,-0.00463243 ,0 
475,11.875 ,-0.004778 ,0 
476,11.9 ,-0.00492103 ,0 
477,11.925 ,-0.0050615 ,0 
478,11.95 ,-0.00519936 ,0 
479,11.975 ,-0.00533461 ,0 
480,12 ,-0.0054672 ,0 
481,12.025 ,-0.00559711 ,0 
482,12.05 ,-0.00572433 ,0 
483,12.075 ,-0.00584883 ,0 
484,12.1 ,-0.0059706 ,0 
485,12.125 ,-0.00608961 ,0 
486,12.15 ,-0.00620585 ,0 
487,12.175 ,-0.00631932 ,0 
488,12.2 ,-0.00642999 ,0 
489,12.225 ,-0.00653786 ,0 
490,12.25 ,-0.00664292 ,0 
491,12.275 ,-0.00674517 ,0 
492,12.3 ,-0.00684459 ,0 
493,12.325 ,-0.00694119 ,0 
494,12.35 ,-0.00703497 ,0 
495,12.375 ,-0.00712592 ,0 
496,12.4 ,-0.00721405 ,0 
497,12.425 ,-0.00729936 ,0 
498,12.45 ,-0.00738186 ,0 
499,12.475 ,-0.00746155 ,0 
500,12.5 ,-0.00753843 ,0 
501,12.525 ,-0.00761253 ,0 
502,12.55 ,-0.00768384 ,0 
503,12.575 ,-0.00775239 ,0 
504,12.6 ,-0.00781817 ,0 
505,12.625 ,-0.00788121 ,0 
506,12.65 ,-0.00794153 ,0 
507,12.675 ,-0.00799913 ,0 
508,12.7 ,-0.00805405 ,0 
509,12.725 ,-0.00810628 ,0 
510,12.75 ,-0.00815587 ,0 
511,12.775 ,-0.00820282 ,0 
512,12.8 ,-0.00824715 ,0 
513,12.825 ,-0.0082889 ,0 
514,12.85 ,-0.00832809 ,0 
515,12.875 ,-0.00836473 ,0 
516,12.9 ,-0.00839887 ,0 
517,12.925 ,-0.00843051 ,0 
518,12.95 ,-0.0084597 ,0 
519,12.975 ,-0.00848645 ,0 
520,13 ,-0.00851081 ,0 
521,13.025 ,-0.00853279 ,0 
522,13.05 ,-0.00855242 ,0 
523,13.075 ,-0.00856975 ,0 
524,13.1 ,-0.0085848 ,0 
525,13.125 ,-0.0085976 ,0 
526,13.15 ,-0.00860819 ,0 
527,13.175 ,-0.00861659 ,0 
528,13.2 ,-0.00862285 ,0 
529,13.225 ,-0.008627 ,0 
530,13.25 ,-0.00862907 ,0 
531,13.275 ,-0.0086291 ,0 
532,13.3 ,-0.00862712 ,0 
533,13.325 ,-0.00862318 ,0 
534,13.35 ,-0.0086173 ,0 
535,13.375 ,-0.00860952 ,0 
536,13.4 ,-0.00859988 ,0 
537,13.425 ,-0.00858842 ,0 
538,13.45 ,-0.00857517 ,0 
539,13.475 ,-0.00856018 ,0 
540,13.5 ,-0.00854347 ,0 
541,13.525 ,-0.0085251 ,0 
542,13.55 ,-0.00850509 ,0 
543,13.575 ,-0.00848348 ,0 
544,13.6 ,-0.00846031 ,0 
545,13.625 ,-0.00843562 ,0 
546,13.65 ,-0.00840944 ,0 
547,13.675 ,-0.00838182 ,0 
548,13.7 ,-0.00835278 ,0 
549,13.725 ,-0.00832237 ,0 
550,13.75 ,-0.00829063 ,0 
551,13.775 ,-0.00825758 ,0 
552,13.8 ,-0.00822326 ,0 
553,13.825 ,-0.00818772 ,0 
554,13.85 ,-0.00815098 ,0 
555,13.875 ,-0.00811309 ,0 
556,13.9 ,-0.00807407 ,0 
557,13.925 ,-0.00803396 ,0 
558,13.95 ,-0.0079928 ,0 
559,13.975 ,-0.00795062 ,0 
560,14 ,-0.00790746 ,0 
561,14.025 ,-0.00786334 ,0 
562,14.05 ,-0.00781831 ,0 
563,14.075 ,-0.00777238 ,0 
564,14.1 ,-0.00772561 ,0 
565,14.125 ,-0.00767801 ,0 
566,14.15 ,-0.00762962 ,0 
567,14.175 ,-0.00758048 ,0 
568,14.2 ,-0.0075306 ,0 
569,14.225 ,-0.00748003 ,0 
570,14.25 ,-0.0074288 ,0 
571,14.275 ,-0.00737692 ,0 
572,14.3 ,-0.00732444 ,0 
573,14.325 ,-0.00727138 ,0 
574,14.35 ,-0.00721777 ,0 
575,14.375 ,-0.00716364 ,0 
576,14.4 ,-0.00710901 ,0 
577,14.425 ,-0.00705391 ,0 
578,14.45 ,-0.00699837 ,0 
579,14.475 ,-0.00694242 ,0 
580,14.5 ,-0.00688608 ,0 
581,14.525 ,-0.00682937 ,0 
582,14.55 ,-0.00677233 ,0 
583,14.575 ,-0.00671497 ,0 
584,14.6 ,-0.00665732 ,0 
585,14.625 ,-0.0065994 ,0 
586,14.65 ,-0.00654124 ,0 
587,14.675 ,-0.00648286 ,0 
588,14.7 ,-0.00642428 ,0 
589,14.725 ,-0.00636552 ,0 
590,14.75 ,-0.00630661 ,0 
591,14.775 ,-0.00624756 ,0 
592,14.8 ,-0.0061884 ,0 
593,14.825 ,-0.00612914 ,0 
594,14.85 ,-0.00606981 ,0 
595,14.875 ,-0.00601042 ,0 
596,14.9 ,-0.00595099 ,0 
597,14.925 ,-0.00589154 ,0 
598,14.95 ,-0.0058321 ,0 
599,14.975 ,-0.00577267 ,0 
600,15 ,-0.00571327 ,0 
601,15.025 ,-0.00565392 ,0 
602,15.05 ,-0.00559464 ,0 
603,15.075 ,-0.00553544 ,0 
604,15.1 ,-0.00547633 ,0 
605,15.125 ,-0.00541733 ,0 
606,15.15 ,-0.00535847 ,0 
607,15.175 ,-0.00529974 ,0 
608,15.2 ,-0.00524116 ,0 
609,15.225 ,-0.00518275 ,0 
610,15.25 ,-0.00512452 ,0 
611,15.275 ,-0.00506648 ,0 
612,15.3 ,-0.00500865 ,0 
613,15.325 ,-0.00495103 ,0 
614,15.35 ,-0.00489364 ,0 
615,15.375 ,-0.00483648 ,0 
616,15.4 ,-0.00477958 ,0 
617,15.425 ,-0.00472293 ,0 
618,15.45 ,-0.00466655 ,0 
619,15.475 ,-0.00461045 ,0 
620,15.5 ,-0.00455464 ,0 
621,15.525 ,-0.00449912 ,0 
622,15.55 ,-0.00444391 ,0 
623,15.575 ,-0.00438901 ,0 
624,15.6 ,-0.00433444 ,0 
625,15.625 ,-0.00428019 ,0 
626,15.65 ,-0.00422628 ,0 
627,15.675 ,-0.00417271 ,0 
628,15.7 ,-0.00411949 ,0 
629,15.725 ,-0.00406662 ,0 
630,15.75 ,-0.00401412 ,0 
631,15.775 ,-0.00396199 ,0 
632,15.8 ,-0.00391023 ,0 
633,15.825 ,-0.00385884 ,0 
634,15.85 ,-0.00380784 ,0 
635,15.875 ,-0.00375723 ,0 
636,15.9 ,-0.00370702 ,0 
637,15.925 ,-0.0036572 ,0 
638,15.95 ,-0.00360778 ,0 
639,15.975 ,-0.00355876 ,0 
640,16 ,-0.00351016 ,0 
641,16.025 ,-0.00346196 ,0 
642,16.05 ,-0.00341418 ,0 
643,16.075 ,-0.00336682 ,0 
644,16.1 ,-0.00331987 ,0 
645,16.125 ,-0.00327335 ,0 
646,16.15 ,-0.00322726 ,0 
647,16.175 ,-0.00318159 ,0 
648,16.2 ,-0.00313634 ,0 
649,16.225 ,-0.00309153 ,0 
650,16.25 ,-0.00304715 ,0 
651,16.275 ,-0.0030032 ,0 
652,16.3 ,-0.00295969 ,0 
653,16.325 ,-0.0029166 ,0 
654,16.35 ,-0.00287396 ,0 
655,16.375 ,-0.00283175 ,0 
656,16.4 ,-0.00278997 ,0 
657,16.425 ,-0.00274863 ,0 
658,16.45 ,-0.00270773 ,0 
659,16.475 ,-0.00266726 ,0 
660,16.5 ,-0.00262723 ,0 
661,16.525 ,-0.00258763 ,0 
662,16.55 ,-0.00254847 ,0 
663,16.575 ,-0.00250974 ,0 
664,16.6 ,-0.00247144 ,0 
665,16.625 ,-0.00243358 ,0 
666,16.65 ,-0.00239615 ,0 
667,16.675 ,-0.00235915 ,0 
668,16.7 ,-0.00232257 ,0 
669,16.725 ,-0.00228643 ,0 
670,16.75 ,-0.00225071 ,0 
671,16.775 ,-0.00221542 ,0 
672,16.8 ,-0.00218054 ,0 
673,16.825 ,-0.00214609 ,0 
674,16.85 ,-0.00211206 ,0 
675,16.875 ,-0.00207845 ,0 
676,16.9 ,-0.00204525 ,0 
677,16.925 ,-0.00201246 ,0 
678,16.95 ,-0.00198009 ,0 
679,16.975 ,-0.00194812 ,0 
680,17 ,-0.00191657 ,0 
681,17.025 ,-0.00188541 ,0 
682,17.05 ,-0.00185466 ,0 
683,17.075 ,-0.0018243 ,0 
684,17.1 ,-0.00179434 ,0 
685,17.125 ,-0.00176478 ,0 
686,17.15 ,-0.00173561 ,0 
687,17.175 ,-0.00170682 ,0 
688,17.2 ,-0.00167842 ,0 
689,17.225 ,-0.00165041 ,0 
690,17.25 ,-0.00162277 ,0 
691,17.275 ,-0.00159551 ,0 
692,17.3 ,-0.00156863 ,0 
693,17.325 ,-0.00154211 ,0 
694,17.35 ,-0.00151597 ,0 
695,17.375 ,-0.00149018 ,0 
696,17.4 ,-0.00146476 ,0 
697,17.425 ,-0.0014397 ,0 
698,17.45 ,-0.001415 ,0 
699,17.475 ,-0.00139064 ,0 
700,17.5 ,-0.00136664 ,0 
701,17.525 ,-0.00134298 ,0 
702,17.55 ,-0.00131966 ,0 
703,17.575 ,-0.00129669 ,0 
704,17.6 ,-0.00127405 ,0 
705,17.625 ,-0.00125174 ,0 
706,17.65 ,-0.00122976 ,0 
707,17.675 ,-0.00120811 ,0 
708,17.7 ,-0.00118678 ,0 
709,17.725 ,-0.00116577 ,0 
710,17.75 ,-0.00114508 ,0 
711,17.775 ,-0.0011247 ,0 
712,17.8 ,-0.00110463 ,0 
713,17.825 ,-0.00108486 ,0 
714,17.85 ,-0.0010654 ,0 
715,17.875 ,-0.00104624 ,0 
716,17.9 ,-0.00102737 ,0 
717,17.925 ,-0.0010088 ,0 
718,17.95 ,-0.000990511 ,0 
719,17.975 ,-0.000972513 ,0 
720,18 ,-0.000954798 ,0 
721,18.025 ,-0.000937362 ,0 
722,18.05 ,-0.000920202 ,0 
723,18.075 ,-0.000903316 ,0 
724,18.1 ,-0.000886698 ,0 
725,18.125 ,-0.000870348 ,0 
726,18.15 ,-0.00085426 ,0 
727,18.175 ,-0.000838432 ,0 
728,18.2 ,-0.00082286 ,0 
729,18.225 ,-0.000807542 ,0 
730,18.25 ,-0.000792475 ,0 
731,18.275 ,-0.000777654 ,0 
732,18.3 ,-0.000763077 ,0 
733,18.325 ,-0.00074874 ,0 
734,18.35 ,-0.000734642 ,0 
735,18.375 ,-0.000720777 ,0 
736,18.4 ,-0.000707144 ,0 
737,18.425 ,-0.000693739 ,0 
738,18.45 ,-0.000680559 ,0 
739,18.475 ,-0.000667602 ,0 
740,18.5 ,-0.000654863 ,0 
741,18.525 ,-0.000642341 ,0 
742,18.55 ,-0.000630031 ,0 
743,18.575 ,-0.000617932 ,0 
744,18.6 ,-0.000606041 ,0 
745,18.625 ,-0.000594353 ,0 
746,18.65 ,-0.000582867 ,0 
747,18.675 ,-0.00057158 ,0 
748,18.7 ,-0.000560489 ,0 
749,18.725 ,-0.00054959 ,0 
750,18.75 ,-0.000538882 ,0 
751,18.775 ,-0.000528361 ,0 
752,18.8 ,-0.000518025 ,0 
753,18.825 ,-0.000507871 ,0 
754,18.85 ,-0.000497896 ,0 
755,18.875 ,-0.000488098 ,0 
756,18.9 ,-0.000478474 ,0 
757,18.925 ,-0.000469022 ,0 
758,18.95 ,-0.000459738 ,0 
759,18.975 ,-0.000450621 ,0 
760,19 ,-0.000441667 ,0 
761,19.025 ,-0.000432875 ,0 
762,19.05 ,-0.000424241 ,0 
763,19.075 ,-0.000415764 ,0 
764,19.1 ,-0.000407441 ,0 
765,19.125 ,-0.00039927 ,0 
766,19.15 ,-0.000391247 ,0 
767,19.175 ,-0.000383372 ,0 
768,19.2 ,-0.000375641 ,0 
769,19.225 ,-0.000368052 ,0 
770,19.25 ,-0.000360603 ,0 
771,19.275 ,-0.000353292 ,0 
772,19.3 ,-0.000346117 ,0 
773,19.325 ,-0.000339075 ,0 
774,19.35 ,-0.000332164 ,0 
775,19.375 ,-0.000325383 ,0 
776,19.4 ,-0.000318728 ,0 
777,19.425 ,-0.000312198 ,0 
778,19.45 ,-0.000305791 ,0 
779,19.475 ,-0.000299505 ,0 
780,19.5 ,-0.000293338 ,0 
781,19.525 ,-0.000287287 ,0 
782,19.55 ,-0.000281352 ,0 
783,19.575 ,-0.000275529 ,0 
784,19.6 ,-0.000269818 ,0 
785,19.625 ,-0.000264216 ,0 
786,19.65 ,-0.000258721 ,0 
787,19.675 ,-0.000253332 ,0 
788,19.7 ,-0.000248047 ,0 
789,19.725 ,-0.000242863 ,0 
790,19.75 ,-0.00023778 ,0 
791,19.775 ,-0.000232795 ,0 
792,19.8 ,-0.000227907 ,0 
793,19.825 ,-0.000223115 ,0 
794,19.85 ,-0.000218416 ,0 
795,19.875 ,-0.000213808 ,0 
796,19.9 ,-0.000209291 ,0 
797,19.925 ,-0.000204863 ,0 
798,19.95 ,-0.000200521 ,0 
799,19.975 ,-0.000196266 ,0 
800,20 ,-0.000192094 ,0 
801,20.025 ,-0.000188005 ,0 
802,20.05 ,-0.000183997 ,0 
803,20.075 ,-0.000180069 ,0 
804,20.1 ,-0.000176219 ,0 
805,20.125 ,-0.000172445 ,0 
806,20.15 ,-0.000168748 ,0 
807,20.175 ,-0.000165124 ,0 
808,20.2 ,-0.000161573 ,0 
809,20.225 ,-0.000158093 ,0 
810,20.25 ,-0.000154684 ,0 
811,20.275 ,-0.000151343 ,0 
812,20.3 ,-0.00014807 ,0 
813,20.325 ,-0.000144863 ,0 
814,20.35 ,-0.000141721 ,0 
815,20.375 ,-0.000138643 ,0 
816,20.4 ,-0.000135628 ,0 
817,20.425 ,-0.000132675 ,0 
818,20.45 ,-0.000129782 ,0 
819,20.475 ,-0.000126948 ,0 
820,20.5 ,-0.000124172 ,0 
821,20.525 ,-0.000121453 ,0 
822,20.55 ,-0.000118791 ,0 
823,20.575 ,-0.000116183 ,0 
824,20.6 ,-0.000113629 ,0 
825,20.625 ,-0.000111128 ,0 
826,20.65 ,-0.000108679 ,0 
827,20.675 ,-0.000106281 ,0 
828,20.7 ,-0.000103933 ,0 
829,20.725 ,-0.000101634 ,0 
830,20.75 ,-9.93827e-05 ,0 
831,20.775 ,-9.71785e-05 ,0 
832,20.8 ,-9.50206e-05 ,0 
833,20.825 ,-9.2908e-05 ,0 
834,20.85 ,-9.08398e-05 ,0 
835,20.875 ,-8.88152e-05 ,0 
836,20.9 ,-8.68333e-05 ,0 
837,20.925 ,-8.48933e-05 ,0 
838,20.95 ,-8.29943e-05 ,0 
839,20.975 ,-8.11356e-05 ,0 
840,21 ,-7.93164e-05 ,0 
841,21.025 ,-7.75359e-05 ,0 
842,21.05 ,-7.57934e-05 ,0 
843,21.075 ,-7.4088e-05 ,0 
844,21.1 ,-7.2419e-05 ,0 
845,21.125 ,-7.07858e-05 ,0 
846,21.15 ,-6.91876e-05 ,0 
847,21.175 ,-6.76238e-05 ,0 
848,21.2 ,-6.60936e-05 ,0 
849,21.225 ,-6.45963e-05 ,0 
850,21.25 ,-6.31314e-05 ,0 
851,21.275 ,-6.16981e-05 ,0 
852,21.3 ,-6.02958e-05 ,0 
853,21.325 ,-5.8924e-05 ,0 
854,21.35 ,-5.75819e-05 ,0 
855,21.375 ,-5.6269e-05 ,0 
856,21.4 ,-5.49847e-05 ,0 
857,21.425 ,-5.37284e-05 ,0 
858,21.45 ,-5.24996e-05 ,0 
859,21.475 ,-5.12976e-05 ,0 
860,21.5 ,-5.0122e-05 ,0 
861,21.525 ,-4.89722e-05 ,0 
862,21.55 ,-4.78477e-05 ,0 
863,21.575 ,-4.67479e-05 ,0 
864,21.6 ,-4.56723e-05 ,0 
865,21.625 ,-4.46205e-05 ,0 
866,21.65 ,-4.3592e-05 ,0 
867,21.675 ,-4.25862e-05 ,0 
868,21.7 ,-4.16027e-05 ,0 
869,21.725 ,-4.06411e-05 ,0 
870,21.75 ,-3.97009e-05 ,0 
871,21.775 ,-3.87816e-05 ,0 
872,21.8 ,-3.78829e-05 ,0 
873,21.825 ,-3.70042e-05 ,0 
874,21.85 ,-3.61452e-05 ,0 
875,21.875 ,-3.53054e-05 ,0 
876,21.9 ,-3.44845e-05 ,0 
877,21.925 ,-3.3682e-05 ,0 
878,21.95 ,-3.28976e-05 ,0 
879,21.975 ,-3.21309e-05 ,0 
880,22 ,-3.13815e-05 ,0 
881,22.025 ,-3.06491e-05 ,0 
882,22.05 ,-2.99332e-05 ,0 
883,22.075 ,-2.92336e-05 ,0 
884,22.1 ,-2.85499e-05 ,0 
885,22.125 ,-2.78818e-05 ,0 
886,22.15 ,-2.72289e-05 ,0 
887,22.175 ,-2.65909e-05 ,0 
888,22.2 ,-2.59674e-05 ,0 
889,22.225 ,-2.53583e-05 ,0 
890,22.25 ,-2.47631e-05 ,0 
891,22.275 ,-2.41817e-05 ,0 
892,22.3 ,-2.36136e-05 ,0 
893,22.325 ,-2.30585e-05 ,0 
894,22.35 ,-2.25164e-05 ,0 
895,22.375 ,-2.19867e-05 ,0 
896,22.4 ,-2.14693e-05 ,0 
897,22.425 ,-2.0964e-05 ,0 
898,22.45 ,-2.04704e-05 ,0 
899,22.475 ,-1.99883e-05 ,0 
900,22.5 ,-1.95174e-05 ,0 
901,22.525 ,-1.90576e-05 ,0 
902,22.55 ,-1.86085e-05 ,0 
903,22.575 ,-1.81699e-05 ,0 
904,22.6 ,-1.77417e-05 ,0 
905,22.625 ,-1.73236e-05 ,0 
906,22.65 ,-1.69153e-05 ,0 
907,22.675 ,-1.65167e-05 ,0 
908,22.7 ,-1.61275e-05 ,0 
909,22.725 ,-1.57476e-05 ,0 
910,22.75 ,-1.53767e-05 ,0 
911,22.775 ,-1.50147e-05 ,0 
912,22.8 ,-1.46613e-05 ,0 
913,22.825 ,-1.43164e-05 ,0 
914,22.85 ,-1.39797e-05 ,0 
915,22.875 ,-1.36512e-05 ,0 
916,22.9 ,-1.33306e-05 ,0 
917,22.925 ,-1.30178e-05 ,0 
918,22.95 ,-1.27125e-05 ,0 
919,22.975 ,-1.24147e-05 ,0 
920,23 ,-1.21241e-05 ,0 
921,23.025 ,-1.18406e-05 ,0 
922,23.05 ,-1.15641e-05 ,0 
923,23.075 ,-1.12944e-05 ,0 
924,23.1 ,-1.10314e-05 ,0 
925,23.125 ,-1.07748e-05 ,0 
926,23.15 ,-1.05246e-05 ,0 
927,23.175 ,-1.02807e-05 ,0 
928,23.2 ,-1.00428e-05 ,0 
929,23.225 ,-9.81095e-06 ,0 
930,23.25 ,-9.58491e-06 ,0 
931,23.275 ,-9.36458e-06 ,0 
932,23.3 ,-9.14984e-06 ,0 
933,23.325 ,-8.94057e-06 ,0 
934,23.35 ,-8.73665e-06 ,0 
935,23.375 ,-8.53798e-06 ,0 
936,23.4 ,-8.34443e-06 ,0 
937,23.425 ,-8.1559e-06 ,0 
938,23.45 ,-7.97229e-06 ,0 
939,23.475 ,-7.79349e-06 ,0 
940,23.5 ,-7.61939e-06 ,0 
941,23.525 ,-7.44991e-06 ,0 
942,23.55 ,-7.28494e-06 ,0 
943,23.575 ,-7.12439e-06 ,0 
944,23.6 ,-6.96817e-06 ,0 
945,23.625 ,-6.81619e-06 ,0 
946,23.65 ,-6.66836e-06 ,0 
947,23.675 ,-6.5246e-06 ,0 
948,23.7 ,-6.38482e-06 ,0 
949,23.725 ,-6.24894e-06 ,0 
950,23.75 ,-6.1169e-06 ,0 
951,23.775 ,-5.98859e-06 ,0 
952,23.8 ,-5.86397e-06 ,0 
953,23.825 ,-5.74294e-06 ,0 
954,23.85 ,-5.62545e-06 ,0 
955,23.875 ,-5.51142e-06 ,0 
956,23.9 ,-5.40078e-06 ,0 
957,23.925 ,-5.29347e-06 ,0 
958,23.95 ,-5.18944e-06 ,0 
959,23.975 ,-5.0886e-06 ,0 
960,24 ,-4.99092e-06 ,0 
961,24.025 ,-4.89632e-06 ,0 
962,24.05 ,-4.80476e-06 ,0 
963,24.075 ,-4.71617e-06 ,0 
964,24.1 ,-4.63051e-06 ,0 
965,24.125 ,-4.54772e-06 ,0 
966,24.15 ,-4.46776e-06 ,0 
967,24.175 ,-4.39057e-06 ,0 
968,24.2 ,-4.31611e-06 ,0 
969,24.225 ,-4.24434e-06 ,0 
970,24.25 ,-4.17521e-06 ,0 
971,24.275 ,-4.10868e-06 ,0 
972,24.3 ,-4.04471e-06 ,0 
973,24.325 ,-3.98326e-06 ,0 
974,24.35 ,-3.92429e-06 ,0 
975,24.375 ,-3.86777e-06 ,0 
976,24.4 ,-3.81366e-06 ,0 
977,24.425 ,-3.76193e-06 ,0 
978,24.45 ,-3.71255e-06 ,0 
979,24.475 ,-3.66549e-06 ,0 
980,24.5 ,-3.62071e-06 ,0 
981,24.525 ,-3.57819e-06 ,0 
982,24.55 ,-3.5379e-06 ,0 
983,24.575 ,-3.49983e-06 ,0 
984,24.6 ,-3.46393e-06 ,0 
985,24.625 ,-3.4302e-06 ,0 
986,24.65 ,-3.39861e-06 ,0 
987,24.675 ,-3.36913e-06 ,0 
988,24.7 ,-3.34176e-06 ,0 
989,24.725 ,-3.31647e-06 ,0 
990,24.75 ,-3.29325e-06 ,0 
991,24.775 ,-3.27208e-06 ,0 
992,24.8 ,-3.25295e-06 ,0 
993,24.825 ,-3.23584e-06 ,0 
994,24.85 ,-3.22075e-06 ,0 
995,24.875 ,-3.20767e-06 ,0 
996,24.9 ,-3.19657e-06 ,0 
997,24.925 ,-3.18747e-06 ,0 
998,24.95 ,-3.18035e-06 ,0 
999,24.975 ,-3.1752e-06 ,0 
1000,25 ,-3.17202e-06 ,0 