N_e = 8
1,0.025 ,0.0913665 ,0 
2,0.05 ,0.0913665 ,0 
3,0.075 ,0.0913164 ,0 
4,0.1 ,0.0912351 ,0 
5,0.125 ,0.0911263 ,0 
6,0.15 ,0.0909914 ,0 
7,0.175 ,0.0908309 ,0 
8,0.2 ,0.0906452 ,0 
9,0.225 ,0.0904346 ,0 
10,0.25 ,0.0901992 ,0 
11,0.275 ,0.0899392 ,0 
12,0.3 ,0.0896548 ,0 
13,0.325 ,0.0893462 ,0 
14,0.35 ,0.0890135 ,0 
15,0.375 ,0.0886569 ,0 
16,0.4 ,0.0882767 ,0 
17,0.425 ,0.0878729 ,0 
18,0.45 ,0.0874459 ,0 
19,0.475 ,0.0869958 ,0 
20,0.5 ,0.0865229 ,0 
21,0.525 ,0.0860274 ,0 
22,0.55 ,0.0855095 ,0 
23,0.575 ,0.0849696 ,0 
24,0.6 ,0.0844079 ,0 
25,0.625 ,0.0838246 ,0 
26,0.65 ,0.0832201 ,0 
27,0.675 ,0.0825947 ,0 
28,0.7 ,0.0819487 ,0 
29,0.725 ,0.0812824 ,0 
30,0.75 ,0.0805962 ,0 
31,0.775 ,0.0798903 ,0 
32,0.8 ,0.0791652 ,0 
33,0.825 ,0.0784211 ,0 
34,0.85 ,0.0776586 ,0 
35,0.875 ,0.0768778 ,0 
36,0.9 ,0.0760793 ,0 
37,0.925 ,0.0752635 ,0 
38,0.95 ,0.0744306 ,0 
39,0.975 ,0.0735812 ,0 
40,1 ,0.0727156 ,0 
41,1.025 ,0.0718343 ,0 
42,1.05 ,0.0709377 ,0 
43,1.075 ,0.0700263 ,0 
44,1.1 ,0.0691004 ,0 
45,1.125 ,0.0681606 ,0 
46,1.15 ,0.0672072 ,0 
47,1.175 ,0.0662408 ,0 
48,1.2 ,0.0652618 ,0 
49,1.225 ,0.0642707 ,0 
50,1.25 ,0.063268 ,0 
51,1.275 ,0.062254 ,0 
52,1.3 ,0.0612294 ,0 
53,1.325 ,0.0601946 ,0 
54,1.35 ,0.0591501 ,0 
55,1.375 ,0.0580964 ,0 
56,1.4 ,0.057034 ,0 
57,1.425 ,0.0559633 ,0 
58,1.45 ,0.054885 ,0 
59,1.475 ,0.0537994 ,0 
60,1.5 ,0.0527071 ,0 
61,1.525 ,0.0516086 ,0 
62,1.55 ,0.0505045 ,0 
63,1.575 ,0.0493951 ,0 
64,1.6 ,0.048281 ,0 
65,1.625 ,0.0471628 ,0 
66,1.65 ,0.0460409 ,0 
67,1.675 ,0.0449159 ,0 
68,1.7 ,0.0437882 ,0 
69,1.725 ,0.0426584 ,0 
70,1.75 ,0.0415269 ,0 
71,1.775 ,0.0403943 ,0 
72,1.8 ,0.039261 ,0 
73,1.825 ,0.0381276 ,0 
74,1.85 ,0.0369946 ,0 
75,1.875 ,0.0358624 ,0 
76,1.9 ,0.0347316 ,0 
77,1.925 ,0.0336026 ,0 
78,1.95 ,0.0324759 ,0 
79,1.975 ,0.031352 ,0 
80,2 ,0.0302314 ,0 
81,2.025 ,0.0291145 ,0 
82,2.05 ,0.0280018 ,0 
83,2.075 ,0.0268938 ,0 
84,2.1 ,0.0257909 ,0 
85,2.125 ,0.0246936 ,0 
86,2.15 ,0.0236023 ,0 
87,2.175 ,0.0225175 ,0 
88,2.2 ,0.0214396 ,0 
89,2.225 ,0.020369 ,0 
90,2.25 ,0.0193062 ,0 
91,2.275 ,0.0182515 ,0 
92,2.3 ,0.0172053 ,0 
93,2.325 ,0.0161682 ,0 
94,2.35 ,0.0151404 ,0 
95,2.375 ,0.0141224 ,0 
96,2.4 ,0.0131145 ,0 
97,2.425 ,0.0121171 ,0 
98,2.45 ,0.0111305 ,0 
99,2.475 ,0.0101552 ,0 
100,2.5 ,0.00919139 ,0 
101,2.525 ,0.0082395 ,0 
102,2.55 ,0.00729985 ,0 
103,2.575 ,0.00637273 ,0 
104,2.6 ,0.00545848 ,0 
105,2.625 ,0.00455738 ,0 
106,2.65 ,0.00366974 ,0 
107,2.675 ,0.00279582 ,0 
108,2.7 ,0.00193592 ,0 
109,2.725 ,0.00109029 ,0 
110,2.75 ,0.000259189 ,0 
111,2.775 ,-0.000557139 ,0 
112,2.8 ,-0.00135846 ,0 
113,2.825 ,-0.00214454 ,0 
114,2.85 ,-0.00291518 ,0 
115,2.875 ,-0.00367015 ,0 
116,2.9 ,-0.00440928 ,0 
117,2.925 ,-0.00513236 ,0 
118,2.95 ,-0.00583923 ,0 
119,2.975 ,-0.00652972 ,0 
120,3 ,-0.00720367 ,0 
121,3.025 ,-0.00786095 ,0 
122,3.05 ,-0.0085014 ,0 
123,3.075 ,-0.00912492 ,0 
124,3.1 ,-0.00973138 ,0 
125,3.125 ,-0.0103207 ,0 
126,3.15 ,-0.0108927 ,0 
127,3.175 ,-0.0114474 ,0 
128,3.2 ,-0.0119847 ,0 
129,3.225 ,-0.0125045 ,0 
130,3.25 ,-0.0130068 ,0 
131,3.275 ,-0.0134915 ,0 
132,3.3 ,-0.0139586 ,0 
133,3.325 ,-0.014408 ,0 
134,3.35 ,-0.0148398 ,0 
135,3.375 ,-0.015254 ,0 
136,3.4 ,-0.0156505 ,0 
137,3.425 ,-0.0160294 ,0 
138,3.45 ,-0.0163906 ,0 
139,3.475 ,-0.0167343 ,0 
140,3.5 ,-0.0170604 ,0 
141,3.525 ,-0.0173691 ,0 
142,3.55 ,-0.0176603 ,0 
143,3.575 ,-0.0179342 ,0 
144,3.6 ,-0.0181909 ,0 
145,3.625 ,-0.0184303 ,0 
146,3.65 ,-0.0186526 ,0 
147,3.675 ,-0.018858 ,0 
148,3.7 ,-0.0190465 ,0 
149,3.725 ,-0.0192182 ,0 
150,3.75 ,-0.0193734 ,0 
151,3.775 ,-0.019512 ,0 
152,3.8 ,-0.0196343 ,0 
153,3.825 ,-0.0197404 ,0 
154,3.85 ,-0.0198305 ,0 
155,3.875 ,-0.0199048 ,0 
156,3.9 ,-0.0199634 ,0 
157,3.925 ,-0.0200064 ,0 
158,3.95 ,-0.0200342 ,0 
159,3.975 ,-0.0200468 ,0 
160,4 ,-0.0200446 ,0 
161,4.025 ,-0.0200276 ,0 
162,4.05 ,-0.0199961 ,0 
163,4.075 ,-0.0199504 ,0 
164,4.1 ,-0.0198906 ,0 
165,4.125 ,-0.019817 ,0 
166,4.15 ,-0.0197298 ,0 
167,4.175 ,-0.0196293 ,0 
168,4.2 ,-0.0195157 ,0 
169,4.225 ,-0.0193892 ,0 
170,4.25 ,-0.0192502 ,0 
171,4.275 ,-0.0190988 ,0 
172,4.3 ,-0.0189354 ,0 
173,4.325 ,-0.0187602 ,0 
174,4.35 ,-0.0185734 ,0 
175,4.375 ,-0.0183755 ,0 
176,4.4 ,-0.0181665 ,0 
177,4.425 ,-0.0179468 ,0 
178,4.45 ,-0.0177168 ,0 
179,4.475 ,-0.0174766 ,0 
180,4.5 ,-0.0172266 ,0 
181,4.525 ,-0.0169671 ,0 
182,4.55 ,-0.0166984 ,0 
183,4.575 ,-0.0164206 ,0 
184,4.6 ,-0.0161343 ,0 
185,4.625 ,-0.0158396 ,0 
186,4.65 ,-0.0155368 ,0 
187,4.675 ,-0.0152263 ,0 
188,4.7 ,-0.0149084 ,0 
189,4.725 ,-0.0145833 ,0 
190,4.75 ,-0.0142514 ,0 
191,4.775 ,-0.013913 ,0 
192,4.8 ,-0.0135683 ,0 
193,4.825 ,-0.0132177 ,0 
194,4.85 ,-0.0128615 ,0 
195,4.875 ,-0.0125 ,0 
196,4.9 ,-0.0121334 ,0 
197,4.925 ,-0.0117622 ,0 
198,4.95 ,-0.0113865 ,0 
199,4.975 ,-0.0110067 ,0 
200,5 ,-0.0106232 ,0 
201,5.025 ,-0.0102361 ,0 
202,5.05 ,-0.00984578 ,0 
203,5.075 ,-0.00945255 ,0 
204,5.1 ,-0.00905669 ,0 
205,5.125 ,-0.0086585 ,0 
206,5.15 ,-0.00825825 ,0 
207,5.175 ,-0.00785623 ,0 
208,5.2 ,-0.00745273 ,0 
209,5.225 ,-0.00704803 ,0 
210,5.25 ,-0.0066424 ,0 
211,5.275 ,-0.00623612 ,0 
212,5.3 ,-0.00582946 ,0 
213,5.325 ,-0.00542269 ,0 
214,5.35 ,-0.00501607 ,0 
215,5.375 ,-0.00460987 ,0 
216,5.4 ,-0.00420433 ,0 
217,5.425 ,-0.00379972 ,0 
218,5.45 ,-0.00339629 ,0 
219,5.475 ,-0.00299428 ,0 
220,5.5 ,-0.00259394 ,0 
221,5.525 ,-0.00219549 ,0 
222,5.55 ,-0.00179919 ,0 
223,5.575 ,-0.00140524 ,0 
224,5.6 ,-0.00101389 ,0 
225,5.625 ,-0.000625356 ,0 
226,5.65 ,-0.000239846 ,0 
227,5.675 ,0.000142425 ,0 
228,5.7 ,0.000521249 ,0 
229,5.725 ,0.000896426 ,0 
230,5.75 ,0.00126776 ,0 
231,5.775 ,0.00163505 ,0 
232,5.8 ,0.00199812 ,0 
233,5.825 ,0.00235678 ,0 
234,5.85 ,0.00271086 ,0 
235,5.875 ,0.00306018 ,0 
236,5.9 ,0.00340457 ,0 
237,5.925 ,0.00374388 ,0 
238,5.95 ,0.00407795 ,0 
239,5.975 ,0.00440663 ,0 
240,6 ,0.00472976 ,0 
241,6.025 ,0.00504722 ,0 
242,6.05 ,0.00535886 ,0 
243,6.075 ,0.00566455 ,0 
244,6.1 ,0.00596417 ,0 
245,6.125 ,0.0062576 ,0 
246,6.15 ,0.00654473 ,0 
247,6.175 ,0.00682544 ,0 
248,6.2 ,0.00709964 ,0 
249,6.225 ,0.00736722 ,0 
250,6.25 ,0.00762809 ,0 
251,6.275 ,0.00788216 ,0 
252,6.3 ,0.00812936 ,0 
253,6.325 ,0.0083696 ,0 
254,6.35 ,0.00860281 ,0 
255,6.375 ,0.00882893 ,0 
256,6.4 ,0.00904789 ,0 
257,6.425 ,0.00925964 ,0 
258,6.45 ,0.00946413 ,0 
259,6.475 ,0.00966131 ,0 
260,6.5 ,0.00985114 ,0 
261,6.525 ,0.0100336 ,0 
262,6.55 ,0.0102086 ,0 
263,6.575 ,0.0103762 ,0 
264,6.6 ,0.0105363 ,0 
265,6.625 ,0.0106889 ,0 
266,6.65 ,0.010834 ,0 
267,6.675 ,0.0109717 ,0 
268,6.7 ,0.0111018 ,0 
269,6.725 ,0.0112244 ,0 
270,6.75 ,0.0113396 ,0 
271,6.775 ,0.0114472 ,0 
272,6.8 ,0.0115474 ,0 
273,6.825 ,0.0116401 ,0 
274,6.85 ,0.0117254 ,0 
275,6.875 ,0.0118032 ,0 
276,6.9 ,0.0118738 ,0 
277,6.925 ,0.0119369 ,0 
278,6.95 ,0.0119928 ,0 
279,6.975 ,0.0120414 ,0 
280,7 ,0.0120829 ,0 
281,7.025 ,0.0121171 ,0 
282,7.05 ,0.0121443 ,0 
283,7.075 ,0.0121644 ,0 
284,7.1 ,0.0121776 ,0 
285,7.125 ,0.0121838 ,0 
286,7.15 ,0.0121832 ,0 
287,7.175 ,0.0121758 ,0 
288,7.2 ,0.0121617 ,0 
289,7.225 ,0.0121409 ,0 
290,7.25 ,0.0121136 ,0 
291,7.275 ,0.0120799 ,0 
292,7.3 ,0.0120397 ,0 
293,7.325 ,0.0119933 ,0 
294,7.35 ,0.0119406 ,0 
295,7.375 ,0.0118819 ,0 
296,7.4 ,0.0118171 ,0 
297,7.425 ,0.0117464 ,0 
298,7.45 ,0.0116698 ,0 
299,7.475 ,0.0115875 ,0 
300,7.5 ,0.0114997 ,0 
301,7.525 ,0.0114063 ,0 
302,7.55 ,0.0113074 ,0 
303,7.575 ,0.0112033 ,0 
304,7.6 ,0.011094 ,0 
305,7.625 ,0.0109796 ,0 
306,7.65 ,0.0108602 ,0 
307,7.675 ,0.010736 ,0 
308,7.7 ,0.010607 ,0 
309,7.725 ,0.0104734 ,0 
310,7.75 ,0.0103352 ,0 
311,7.775 ,0.0101927 ,0 
312,7.8 ,0.0100459 ,0 
313,7.825 ,0.00989497 ,0 
314,7.85 ,0.00973998 ,0 
315,7.875 ,0.00958108 ,0 
316,7.9 ,0.00941837 ,0 
317,7.925 ,0.00925199 ,0 
318,7.95 ,0.00908206 ,0 
319,7.975 ,0.0089087 ,0 
320,8 ,0.00873203 ,0 
321,8.025 ,0.00855217 ,0 
322,8.05 ,0.00836924 ,0 
323,8.075 ,0.00818338 ,0 
324,8.1 ,0.00799469 ,0 
325,8.125 ,0.00780331 ,0 
326,8.15 ,0.00760935 ,0 
327,8.175 ,0.00741293 ,0 
328,8.2 ,0.00721418 ,0 
329,8.225 ,0.00701321 ,0 
330,8.25 ,0.00681015 ,0 
331,8.275 ,0.00660511 ,0 
332,8.3 ,0.00639822 ,0 
333,8.325 ,0.00618959 ,0 
334,8.35 ,0.00597933 ,0 
335,8.375 ,0.00576757 ,0 
336,8.4 ,0.00555442 ,0 
337,8.425 ,0.00534 ,0 
338,8.45 ,0.00512441 ,0 
339,8.475 ,0.00490777 ,0 
340,8.5 ,0.0046902 ,0 
341,8.525 ,0.00447179 ,0 
342,8.55 ,0.00425266 ,0 
343,8.575 ,0.00403293 ,0 
344,8.6 ,0.00381268 ,0 
345,8.625 ,0.00359204 ,0 
346,8.65 ,0.0033711 ,0 
347,8.675 ,0.00314996 ,0 
348,8.7 ,0.00292873 ,0 
349,8.725 ,0.0027075 ,0 
350,8.75 ,0.00248638 ,0 
351,8.775 ,0.00226546 ,0 
352,8.8 ,0.00204483 ,0 
353,8.825 ,0.00182458 ,0 
354,8.85 ,0.00160482 ,0 
355,8.875 ,0.00138562 ,0 
356,8.9 ,0.00116708 ,0 
357,8.925 ,0.000949279 ,0 
358,8.95 ,0.000732306 ,0 
359,8.975 ,0.000516242 ,0 
360,9 ,0.000301169 ,0 
361,9.025 ,8.71658e-05 ,0 
362,9.05 ,-0.00012569 ,0 
363,9.075 ,-0.000337323 ,0 
364,9.1 ,-0.00054766 ,0 
365,9.125 ,-0.000756627 ,0 
366,9.15 ,-0.000964157 ,0 
367,9.175 ,-0.00117018 ,0 
368,9.2 ,-0.00137463 ,0 
369,9.225 ,-0.00157744 ,0 
370,9.25 ,-0.00177855 ,0 
371,9.275 ,-0.0019779 ,0 
372,9.3 ,-0.00217543 ,0 
373,9.325 ,-0.00237109 ,0 
374,9.35 ,-0.00256481 ,0 
375,9.375 ,-0.00275655 ,0 
376,9.4 ,-0.00294625 ,0 
377,9.425 ,-0.00313387 ,0 
378,9.45 ,-0.00331935 ,0 
379,9.475 ,-0.00350266 ,0 
380,9.5 ,-0.00368374 ,0 
381,9.525 ,-0.00386257 ,0 
382,9.55 ,-0.00403908 ,0 
383,9.575 ,-0.00421326 ,0 
384,9.6 ,-0.00438506 ,0 
385,9.625 ,-0.00455444 ,0 
386,9.65 ,-0.00472138 ,0 
387,9.675 ,-0.00488584 ,0 
388,9.7 ,-0.0050478 ,0 
389,9.725 ,-0.00520723 ,0 
390,9.75 ,-0.0053641 ,0 
391,9.775 ,-0.00551838 ,0 
392,9.8 ,-0.00567006 ,0 
393,9.825 ,-0.00581912 ,0 
394,9.85 ,-0.00596553 ,0 
395,9.875 ,-0.00610928 ,0 
396,9.9 ,-0.00625036 ,0 
397,9.925 ,-0.00638875 ,0 
398,9.95 ,-0.00652443 ,0 
399,9.975 ,-0.0066574 ,0 
400,10 ,-0.00678765 ,0 
401,10.025 ,-0.00691517 ,0 
402,10.05 ,-0.00703995 ,0 
403,10.075 ,-0.007162 ,0 
404,10.1 ,-0.0072813 ,0 
405,10.125 ,-0.00739785 ,0 
406,10.15 ,-0.00751166 ,0 
407,10.175 ,-0.00762272 ,0 
408,10.2 ,-0.00773105 ,0 
409,10.225 ,-0.00783663 ,0 
410,10.25 ,-0.00793948 ,0 
411,10.275 ,-0.0080396 ,0 
412,10.3 ,-0.008137 ,0 
413,10.325 ,-0.00823169 ,0 
414,10.35 ,-0.00832369 ,0 
415,10.375 ,-0.00841299 ,0 
416,10.4 ,-0.00849961 ,0 
417,10.425 ,-0.00858356 ,0 
418,10.45 ,-0.00866487 ,0 
419,10.475 ,-0.00874354 ,0 
420,10.5 ,-0.00881958 ,0 
421,10.525 ,-0.00889302 ,0 
422,10.55 ,-0.00896387 ,0 
423,10.575 ,-0.00903215 ,0 
424,10.6 ,-0.00909788 ,0 
425,10.625 ,-0.00916108 ,0 
426,10.65 ,-0.00922176 ,0 
427,10.675 ,-0.00927996 ,0 
428,10.7 ,-0.00933568 ,0 
429,10.725 ,-0.00938895 ,0 
430,10.75 ,-0.0094398 ,0 
431,10.775 ,-0.00948824 ,0 
432,10.8 ,-0.0095343 ,0 
433,10.825 ,-0.00957801 ,0 
434,10.85 ,-0.00961938 ,0 
435,10.875 ,-0.00965845 ,0 
436,10.9 ,-0.00969524 ,0 
437,10.925 ,-0.00972977 ,0 
438,10.95 ,-0.00976207 ,0 
439,10.975 ,-0.00979217 ,0 
440,11 ,-0.0098201 ,0 
441,11.025 ,-0.00984587 ,0 
442,11.05 ,-0.00986953 ,0 
443,11.075 ,-0.00989109 ,0 
444,11.1 ,-0.00991059 ,0 
445,11.125 ,-0.00992805 ,0 
446,11.15 ,-0.0099435 ,0 
447,11.175 ,-0.00995697 ,0 
448,11.2 ,-0.00996849 ,0 
449,11.225 ,-0.00997808 ,0 
450,11.25 ,-0.00998579 ,0 
451,11.275 ,-0.00999163 ,0 
452,11.3 ,-0.00999563 ,0 
453,11.325 ,-0.00999783 ,0 
454,11.35 ,-0.00999826 ,0 
455,11.375 ,-0.00999693 ,0 
456,11.4 ,-0.0099939 ,0 
457,11.425 ,-0.00998917 ,0 
458,11.45 ,-0.00998279 ,0 
459,11.475 ,-0.00997478 ,0 
460,11.5 ,-0.00996517 ,0 
461,11.525 ,-0.009954 ,0 
462,11.55 ,-0.00994128 ,0 
463,11.575 ,-0.00992706 ,0 
464,11.6 ,-0.00991136 ,0 
465,11.625 ,-0.0098942 ,0 
466,11.65 ,-0.00987563 ,0 
467,11.675 ,-0.00985566 ,0 
468,11.7 ,-0.00983434 ,0 
469,11.725 ,-0.00981167 ,0 
470,11.75 ,-0.00978771 ,0 
471,11.775 ,-0.00976246 ,0 
472,11.8 ,-0.00973597 ,0 
473,11.825 ,-0.00970826 ,0 
474,11.85 ,-0.00967936 ,0 
475,11.875 ,-0.0096493 ,0 
476,11.9 ,-0.0096181 ,0 
477,11.925 ,-0.00958579 ,0 
478,11.95 ,-0.0095524 ,0 
479,11.975 ,-0.00951796 ,0 
480,12 ,-0.00948249 ,0 
481,12.025 ,-0.00944603 ,0 
482,12.05 ,-0.00940859 ,0 
483,12.075 ,-0.00937021 ,0 
484,12.1 ,-0.00933091 ,0 
485,12.125 ,-0.00929071 ,0 
486,12.15 ,-0.00924965 ,0 
487,12.175 ,-0.00920774 ,0 
488,12.2 ,-0.00916501 ,0 
489,12.225 ,-0.0091215 ,0 
490,12.25 ,-0.00907721 ,0 
491,12.275 ,-0.00903218 ,0 
492,12.3 ,-0.00898643 ,0 
493,12.325 ,-0.00893999 ,0 
494,12.35 ,-0.00889287 ,0 
495,12.375 ,-0.0088451 ,0 
496,12.4 ,-0.00879671 ,0 
497,12.425 ,-0.00874771 ,0 
498,12.45 ,-0.00869814 ,0 
499,12.475 ,-0.008648 ,0 
500,12.5 ,-0.00859733 ,0 
501,12.525 ,-0.00854614 ,0 
502,12.55 ,-0.00849446 ,0 
503,12.575 ,-0.00844231 ,0 
504,12.6 ,-0.0083897 ,0 
505,12.625 ,-0.00833666 ,0 
506,12.65 ,-0.00828321 ,0 
507,12.675 ,-0.00822936 ,0 
508,12.7 ,-0.00817515 ,0 
509,12.725 ,-0.00812057 ,0 
510,12.75 ,-0.00806567 ,0 
511,12.775 ,-0.00801045 ,0 
512,12.8 ,-0.00795493 ,0 
513,12.825 ,-0.00789913 ,0 
514,12.85 ,-0.00784306 ,0 
515,12.875 ,-0.00778675 ,0 
516,12.9 ,-0.00773022 ,0 
517,12.925 ,-0.00767347 ,0 
518,12.95 ,-0.00761653 ,0 
519,12.975 ,-0.00755941 ,0 
520,13 ,-0.00750212 ,0 
521,13.025 ,-0.00744469 ,0 
522,13.05 ,-0.00738713 ,0 
523,13.075 ,-0.00732945 ,0 
524,13.1 ,-0.00727166 ,0 
525,13.125 ,-0.00721379 ,0 
526,13.15 ,-0.00715585 ,0 
527,13.175 ,-0.00709785 ,0 
528,13.2 ,-0.0070398 ,0 
529,13.225 ,-0.00698171 ,0 
530,13.25 ,-0.00692361 ,0 
531,13.275 ,-0.0068655 ,0 
532,13.3 ,-0.0068074 ,0 
533,13.325 ,-0.00674931 ,0 
534,13.35 ,-0.00669125 ,0 
535,13.375 ,-0.00663324 ,0 
536,13.4 ,-0.00657527 ,0 
537,13.425 ,-0.00651737 ,0 
538,13.45 ,-0.00645955 ,0 
539,13.475 ,-0.00640181 ,0 
540,13.5 ,-0.00634416 ,0 
541,13.525 ,-0.00628662 ,0 
542,13.55 ,-0.0062292 ,0 
543,13.575 ,-0.0061719 ,0 
544,13.6 ,-0.00611473 ,0 
545,13.625 ,-0.00605771 ,0 
546,13.65 ,-0.00600084 ,0 
547,13.675 ,-0.00594414 ,0 
548,13.7 ,-0.0058876 ,0 
549,13.725 ,-0.00583124 ,0 
550,13.75 ,-0.00577506 ,0 
551,13.775 ,-0.00571908 ,0 
552,13.8 ,-0.0056633 ,0 
553,13.825 ,-0.00560773 ,0 
554,13.85 ,-0.00555237 ,0 
555,13.875 ,-0.00549724 ,0 
556,13.9 ,-0.00544233 ,0 
557,13.925 ,-0.00538766 ,0 
558,13.95 ,-0.00533323 ,0 
559,13.975 ,-0.00527905 ,0 
560,14 ,-0.00522512 ,0 
561,14.025 ,-0.00517145 ,0 
562,14.05 ,-0.00511804 ,0 
563,14.075 ,-0.00506491 ,0 
564,14.1 ,-0.00501204 ,0 
565,14.125 ,-0.00495946 ,0 
566,14.15 ,-0.00490716 ,0 
567,14.175 ,-0.00485516 ,0 
568,14.2 ,-0.00480344 ,0 
569,14.225 ,-0.00475202 ,0 
570,14.25 ,-0.00470091 ,0 
571,14.275 ,-0.00465009 ,0 
572,14.3 ,-0.00459959 ,0 
573,14.325 ,-0.0045494 ,0 
574,14.35 ,-0.00449953 ,0 
575,14.375 ,-0.00444997 ,0 
576,14.4 ,-0.00440074 ,0 
577,14.425 ,-0.00435183 ,0 
578,14.45 ,-0.00430325 ,0 
579,14.475 ,-0.004255 ,0 
580,14.5 ,-0.00420708 ,0 
581,14.525 ,-0.00415949 ,0 
582,14.55 ,-0.00411225 ,0 
583,14.575 ,-0.00406534 ,0 
584,14.6 ,-0.00401877 ,0 
585,14.625 ,-0.00397255 ,0 
586,14.65 ,-0.00392667 ,0 
587,14.675 ,-0.00388114 ,0 
588,14.7 ,-0.00383596 ,0 
589,14.725 ,-0.00379112 ,0 
590,14.75 ,-0.00374664 ,0 
591,14.775 ,-0.0037025 ,0 
592,14.8 ,-0.00365872 ,0 
593,14.825 ,-0.00361529 ,0 
594,14.85 ,-0.00357222 ,0 
595,14.875 ,-0.00352949 ,0 
596,14.9 ,-0.00348713 ,0 
597,14.925 ,-0.00344512 ,0 
598,14.95 ,-0.00340346 ,0 
599,14.975 ,-0.00336216 ,0 
600,15 ,-0.00332122 ,0 
601,15.025 ,-0.00328064 ,0 
602,15.05 ,-0.00324041 ,0 
603,15.075 ,-0.00320053 ,0 
604,15.1 ,-0.00316101 ,0 
605,15.125 ,-0.00312185 ,0 
606,15.15 ,-0.00308304 ,0 
607,15.175 ,-0.00304459 ,0 
608,15.2 ,-0.0030065 ,0 
609,15.225 ,-0.00296875 ,0 
610,15.25 ,-0.00293136 ,0 
611,15.275 ,-0.00289432 ,0 
612,15.3 ,-0.00285764 ,0 
613,15.325 ,-0.0028213 ,0 
614,15.35 ,-0.00278532 ,0 
615,15.375 ,-0.00274968 ,0 
616,15.4 ,-0.00271439 ,0 
617,15.425 ,-0.00267945 ,0 
618,15.45 ,-0.00264486 ,0 
619,15.475 ,-0.00261061 ,0 
620,15.5 ,-0.0025767 ,0 
621,15.525 ,-0.00254314 ,0 
622,15.55 ,-0.00250991 ,0 
623,15.575 ,-0.00247703 ,0 
624,15.6 ,-0.00244448 ,0 
625,15.625 ,-0.00241227 ,0 
626,15.65 ,-0.0023804 ,0 
627,15.675 ,-0.00234886 ,0 
628,15.7 ,-0.00231765 ,0 
629,15.725 ,-0.00228677 ,0 
630,15.75 ,-0.00225622 ,0 
631,15.775 ,-0.00222599 ,0 
632,15.8 ,-0.00219609 ,0 
633,15.825 ,-0.00216652 ,0 
634,15.85 ,-0.00213726 ,0 
635,15.875 ,-0.00210833 ,0 
636,15.9 ,-0.00207971 ,0 
637,15.925 ,-0.00205141 ,0 
638,15.95 ,-0.00202342 ,0 
639,15.975 ,-0.00199574 ,0 
640,16 ,-0.00196838 ,0 
641,16.025 ,-0.00194132 ,0 
642,16.05 ,-0.00191457 ,0 
643,16.075 ,-0.00188812 ,0 
644,16.1 ,-0.00186197 ,0 
645,16.125 ,-0.00183612 ,0 
646,16.15 ,-0.00181057 ,0 
647,16.175 ,-0.00178532 ,0 
648,16.2 ,-0.00176036 ,0 
649,16.225 ,-0.00173569 ,0 
650,16.25 ,-0.00171131 ,0 
651,16.275 ,-0.00168722 ,0 
652,16.3 ,-0.00166341 ,0 
653,16.325 ,-0.00163988 ,0 
654,16.35 ,-0.00161664 ,0 
655,16.375 ,-0.00159367 ,0 
656,16.4 ,-0.00157098 ,0 
657,16.425 ,-0.00154856 ,0 
658,16.45 ,-0.00152641 ,0 
659,16.475 ,-0.00150453 ,0 
660,16.5 ,-0.00148292 ,0 
661,16.525 ,-0.00146157 ,0 
662,16.55 ,-0.00144049 ,0 
663,16.575 ,-0.00141967 ,0 
664,16.6 ,-0.0013991 ,0 
665,16.625 ,-0.00137879 ,0 
666,16.65 ,-0.00135873 ,0 
667,16.675 ,-0.00133892 ,0 
668,16.7 ,-0.00131937 ,0 
669,16.725 ,-0.00130005 ,0 
670,16.75 ,-0.00128099 ,0 
671,16.775 ,-0.00126216 ,0 
672,16.8 ,-0.00124358 ,0 
673,16.825 ,-0.00122523 ,0 
674,16.85 ,-0.00120712 ,0 
675,16.875 ,-0.00118924 ,0 
676,16.9 ,-0.00117159 ,0 
677,16.925 ,-0.00115416 ,0 
678,16.95 ,-0.00113697 ,0 
679,16.975 ,-0.00112 ,0 
680,17 ,-0.00110325 ,0 
681,17.025 ,-0.00108672 ,0 
682,17.05 ,-0.00107041 ,0 
683,17.075 ,-0.00105431 ,0 
684,17.1 ,-0.00103843 ,0 
685,17.125 ,-0.00102275 ,0 
686,17.15 ,-0.00100729 ,0 
687,17.175 ,-0.000992027 ,0 
688,17.2 ,-0.000976972 ,0 
689,17.225 ,-0.000962119 ,0 
690,17.25 ,-0.000947466 ,0 
691,17.275 ,-0.000933011 ,0 
692,17.3 ,-0.000918751 ,0 
693,17.325 ,-0.000904685 ,0 
694,17.35 ,-0.000890811 ,0 
695,17.375 ,-0.000877125 ,0 
696,17.4 ,-0.000863627 ,0 
697,17.425 ,-0.000850314 ,0 
698,17.45 ,-0.000837184 ,0 
699,17.475 ,-0.000824235 ,0 
700,17.5 ,-0.000811466 ,0 
701,17.525 ,-0.000798873 ,0 
702,17.55 ,-0.000786455 ,0 
703,17.575 ,-0.000774211 ,0 
704,17.6 ,-0.000762137 ,0 
705,17.625 ,-0.000750232 ,0 
706,17.65 ,-0.000738495 ,0 
707,17.675 ,-0.000726923 ,0 
708,17.7 ,-0.000715514 ,0 
709,17.725 ,-0.000704266 ,0 
710,17.75 ,-0.000693178 ,0 
711,17.775 ,-0.000682247 ,0 
712,17.8 ,-0.000671472 ,0 
713,17.825 ,-0.000660851 ,0 
714,17.85 ,-0.000650382 ,0 
715,17.875 ,-0.000640063 ,0 
716,17.9 ,-0.000629892 ,0 
717,17.925 ,-0.000619868 ,0 
718,17.95 ,-0.000609988 ,0 
719,17.975 ,-0.000600252 ,0 
720,18 ,-0.000590657 ,0 
721,18.025 ,-0.000581201 ,0 
722,18.05 ,-0.000571883 ,0 
723,18.075 ,-0.000562701 ,0 
724,18.1 ,-0.000553654 ,0 
725,18.125 ,-0.000544739 ,0 
726,18.15 ,-0.000535955 ,0 
727,18.175 ,-0.0005273 ,0 
728,18.2 ,-0.000518773 ,0 
729,18.225 ,-0.000510373 ,0 
730,18.25 ,-0.000502096 ,0 
731,18.275 ,-0.000493943 ,0 
732,18.3 ,-0.000485911 ,0 
733,18.325 ,-0.000477999 ,0 
734,18.35 ,-0.000470204 ,0 
735,18.375 ,-0.000462527 ,0 
736,18.4 ,-0.000454965 ,0 
737,18.425 ,-0.000447516 ,0 
738,18.45 ,-0.000440179 ,0 
739,18.475 ,-0.000432954 ,0 
740,18.5 ,-0.000425837 ,0 
741,18.525 ,-0.000418828 ,0 
742,18.55 ,-0.000411925 ,0 
743,18.575 ,-0.000405128 ,0 
744,18.6 ,-0.000398434 ,0 
745,18.625 ,-0.000391842 ,0 
746,18.65 ,-0.000385351 ,0 
747,18.675 ,-0.000378959 ,0 
748,18.7 ,-0.000372665 ,0 
749,18.725 ,-0.000366468 ,0 
750,18.75 ,-0.000360366 ,0 
751,18.775 ,-0.000354359 ,0 
752,18.8 ,-0.000348444 ,0 
753,18.825 ,-0.000342621 ,0 
754,18.85 ,-0.000336888 ,0 
755,18.875 ,-0.000331244 ,0 
756,18.9 ,-0.000325689 ,0 
757,18.925 ,-0.000320219 ,0 
758,18.95 ,-0.000314835 ,0 
759,18.975 ,-0.000309535 ,0 
760,19 ,-0.000304319 ,0 
761,19.025 ,-0.000299184 ,0 
762,19.05 ,-0.00029413 ,0 
763,19.075 ,-0.000289155 ,0 
764,19.1 ,-0.000284259 ,0 
765,19.125 ,-0.00027944 ,0 
766,19.15 ,-0.000274698 ,0 
767,19.175 ,-0.00027003 ,0 
768,19.2 ,-0.000265437 ,0 
769,19.225 ,-0.000260917 ,0 
770,19.25 ,-0.000256469 ,0 
771,19.275 ,-0.000252091 ,0 
772,19.3 ,-0.000247784 ,0 
773,19.325 ,-0.000243545 ,0 
774,19.35 ,-0.000239375 ,0 
775,19.375 ,-0.000235271 ,0 
776,19.4 ,-0.000231234 ,0 
777,19.425 ,-0.000227261 ,0 
778,19.45 ,-0.000223352 ,0 
779,19.475 ,-0.000219507 ,0 
780,19.5 ,-0.000215724 ,0 
781,19.525 ,-0.000212001 ,0 
782,19.55 ,-0.00020834 ,0 
783,19.575 ,-0.000204738 ,0 
784,19.6 ,-0.000201194 ,0 
785,19.625 ,-0.000197708 ,0 
786,19.65 ,-0.000194279 ,0 
787,19.675 ,-0.000190906 ,0 
788,19.7 ,-0.000187589 ,0 
789,19.725 ,-0.000184325 ,0 
790,19.75 ,-0.000181115 ,0 
791,19.775 ,-0.000177958 ,0 
792,19.8 ,-0.000174853 ,0 
793,19.825 ,-0.000171799 ,0 
794,19.85 ,-0.000168796 ,0 
795,19.875 ,-0.000165842 ,0 
796,19.9 ,-0.000162937 ,0 
797,19.925 ,-0.00016008 ,0 
798,19.95 ,-0.00015727 ,0 
799,19.975 ,-0.000154507 ,0 
800,20 ,-0.000151791 ,0 
801,20.025 ,-0.000149119 ,0 
802,20.05 ,-0.000146492 ,0 
803,20.075 ,-0.000143909 ,0 
804,20.1 ,-0.000141369 ,0 
805,20.125 ,-0.000138872 ,0 
806,20.15 ,-0.000136416 ,0 
807,20.175 ,-0.000134002 ,0 
808,20.2 ,-0.000131628 ,0 
809,20.225 ,-0.000129295 ,0 
810,20.25 ,-0.000127 ,0 
811,20.275 ,-0.000124745 ,0 
812,20.3 ,-0.000122528 ,0 
813,20.325 ,-0.000120348 ,0 
814,20.35 ,-0.000118205 ,0 
815,20.375 ,-0.000116098 ,0 
816,20.4 ,-0.000114027 ,0 
817,20.425 ,-0.000111992 ,0 
818,20.45 ,-0.000109991 ,0 
819,20.475 ,-0.000108024 ,0 
820,20.5 ,-0.000106091 ,0 
821,20.525 ,-0.000104191 ,0 
822,20.55 ,-0.000102324 ,0 
823,20.575 ,-0.000100488 ,0 
824,20.6 ,-9.86844e-05 ,0 
825,20.625 ,-9.69114e-05 ,0 
826,20.65 ,-9.5169e-05 ,0 
827,20.675 ,-9.34566e-05 ,0 
828,20.7 ,-9.17737e-05 ,0 
829,20.725 ,-9.012e-05 ,0 
830,20.75 ,-8.84948e-05 ,0 
831,20.775 ,-8.68977e-05 ,0 
832,20.8 ,-8.53284e-05 ,0 
833,20.825 ,-8.37863e-05 ,0 
834,20.85 ,-8.2271e-05 ,0 
835,20.875 ,-8.07821e-05 ,0 
836,20.9 ,-7.93191e-05 ,0 
837,20.925 ,-7.78817e-05 ,0 
838,20.95 ,-7.64694e-05 ,0 
839,20.975 ,-7.50817e-05 ,0 
840,21 ,-7.37184e-05 ,0 
841,21.025 ,-7.2379e-05 ,0 
842,21.05 ,-7.10631e-05 ,0 
843,21.075 ,-6.97704e-05 ,0 
844,21.1 ,-6.85003e-05 ,0 
845,21.125 ,-6.72527e-05 ,0 
846,21.15 ,-6.60271e-05 ,0 
847,21.175 ,-6.48231e-05 ,0 
848,21.2 ,-6.36405e-05 ,0 
849,21.225 ,-6.24788e-05 ,0 
850,21.25 ,-6.13376e-05 ,0 
851,21.275 ,-6.02168e-05 ,0 
852,21.3 ,-5.91159e-05 ,0 
853,21.325 ,-5.80345e-05 ,0 
854,21.35 ,-5.69725e-05 ,0 
855,21.375 ,-5.59294e-05 ,0 
856,21.4 ,-5.49049e-05 ,0 
857,21.425 ,-5.38988e-05 ,0 
858,21.45 ,-5.29107e-05 ,0 
859,21.475 ,-5.19403e-05 ,0 
860,21.5 ,-5.09873e-05 ,0 
861,21.525 ,-5.00515e-05 ,0 
862,21.55 ,-4.91326e-05 ,0 
863,21.575 ,-4.82302e-05 ,0 
864,21.6 ,-4.73441e-05 ,0 
865,21.625 ,-4.64741e-05 ,0 
866,21.65 ,-4.56198e-05 ,0 
867,21.675 ,-4.4781e-05 ,0 
868,21.7 ,-4.39574e-05 ,0 
869,21.725 ,-4.31488e-05 ,0 
870,21.75 ,-4.23549e-05 ,0 
871,21.775 ,-4.15755e-05 ,0 
872,21.8 ,-4.08104e-05 ,0 
873,21.825 ,-4.00592e-05 ,0 
874,21.85 ,-3.93218e-05 ,0 
875,21.875 ,-3.85979e-05 ,0 
876,21.9 ,-3.78873e-05 ,0 
877,21.925 ,-3.71898e-05 ,0 
878,21.95 ,-3.65052e-05 ,0 
879,21.975 ,-3.58331e-05 ,0 
880,22 ,-3.51735e-05 ,0 
881,22.025 ,-3.45262e-05 ,0 
882,22.05 ,-3.38908e-05 ,0 
883,22.075 ,-3.32672e-05 ,0 
884,22.1 ,-3.26553e-05 ,0 
885,22.125 ,-3.20547e-05 ,0 
886,22.15 ,-3.14653e-05 ,0 
887,22.175 ,-3.0887e-05 ,0 
888,22.2 ,-3.03195e-05 ,0 
889,22.225 ,-2.97627e-05 ,0 
890,22.25 ,-2.92163e-05 ,0 
891,22.275 ,-2.86803e-05 ,0 
892,22.3 ,-2.81543e-05 ,0 
893,22.325 ,-2.76383e-05 ,0 
894,22.35 ,-2.71321e-05 ,0 
895,22.375 ,-2.66355e-05 ,0 
896,22.4 ,-2.61484e-05 ,0 
897,22.425 ,-2.56705e-05 ,0 
898,22.45 ,-2.52018e-05 ,0 
899,22.475 ,-2.4742e-05 ,0 
900,22.5 ,-2.42911e-05 ,0 
901,22.525 ,-2.38489e-05 ,0 
902,22.55 ,-2.34151e-05 ,0 
903,22.575 ,-2.29898e-05 ,0 
904,22.6 ,-2.25727e-05 ,0 
905,22.625 ,-2.21638e-05 ,0 
906,22.65 ,-2.17627e-05 ,0 
907,22.675 ,-2.13696e-05 ,0 
908,22.7 ,-2.09841e-05 ,0 
909,22.725 ,-2.06062e-05 ,0 
910,22.75 ,-2.02357e-05 ,0 
911,22.775 ,-1.98726e-05 ,0 
912,22.8 ,-1.95166e-05 ,0 
913,22.825 ,-1.91678e-05 ,0 
914,22.85 ,-1.88259e-05 ,0 
915,22.875 ,-1.84908e-05 ,0 
916,22.9 ,-1.81624e-05 ,0 
917,22.925 ,-1.78407e-05 ,0 
918,22.95 ,-1.75255e-05 ,0 
919,22.975 ,-1.72167e-05 ,0 
920,23 ,-1.69141e-05 ,0 
921,23.025 ,-1.66178e-05 ,0 
922,23.05 ,-1.63275e-05 ,0 
923,23.075 ,-1.60432e-05 ,0 
924,23.1 ,-1.57648e-05 ,0 
925,23.125 ,-1.54922e-05 ,0 
926,23.15 ,-1.52253e-05 ,0 
927,23.175 ,-1.4964e-05 ,0 
928,23.2 ,-1.47081e-05 ,0 
929,23.225 ,-1.44578e-05 ,0 
930,23.25 ,-1.42127e-05 ,0 
931,23.275 ,-1.39729e-05 ,0 
932,23.3 ,-1.37382e-05 ,0 
933,23.325 ,-1.35087e-05 ,0 
934,23.35 ,-1.32841e-05 ,0 
935,23.375 ,-1.30645e-05 ,0 
936,23.4 ,-1.28497e-05 ,0 
937,23.425 ,-1.26396e-05 ,0 
938,23.45 ,-1.24343e-05 ,0 
939,23.475 ,-1.22335e-05 ,0 
940,23.5 ,-1.20374e-05 ,0 
941,23.525 ,-1.18457e-05 ,0 
942,23.55 ,-1.16584e-05 ,0 
943,23.575 ,-1.14754e-05 ,0 
944,23.6 ,-1.12967e-05 ,0 
945,23.625 ,-1.11223e-05 ,0 
946,23.65 ,-1.09519e-05 ,0 
947,23.675 ,-1.07857e-05 ,0 
948,23.7 ,-1.06235e-05 ,0 
949,23.725 ,-1.04653e-05 ,0 
950,23.75 ,-1.03109e-05 ,0 
951,23.775 ,-1.01605e-05 ,0 
952,23.8 ,-1.00138e-05 ,0 
953,23.825 ,-9.87087e-06 ,0 
954,23.85 ,-9.73164e-06 ,0 
955,23.875 ,-9.59604e-06 ,0 
956,23.9 ,-9.46404e-06 ,0 
957,23.925 ,-9.33559e-06 ,0 
958,23.95 ,-9.21063e-06 ,0 
959,23.975 ,-9.08912e-06 ,0 
960,24 ,-8.97101e-06 ,0 
961,24.025 ,-8.85627e-06 ,0 
962,24.05 ,-8.74484e-06 ,0 
963,24.075 ,-8.63669e-06 ,0 
964,24.1 ,-8.53178e-06 ,0 
965,24.125 ,-8.43006e-06 ,0 
966,24.15 ,-8.3315e-06 ,0 
967,24.175 ,-8.23607e-06 ,0 
968,24.2 ,-8.14371e-06 ,0 
969,24.225 ,-8.05441e-06 ,0 
970,24.25 ,-7.96813e-06 ,0 
971,24.275 ,-7.88482e-06 ,0 
972,24.3 ,-7.80447e-06 ,0 
973,24.325 ,-7.72704e-06 ,0 
974,24.35 ,-7.6525e-06 ,0 
975,24.375 ,-7.58082e-06 ,0 
976,24.4 ,-7.51198e-06 ,0 
977,24.425 ,-7.44594e-06 ,0 
978,24.45 ,-7.38269e-06 ,0 
979,24.475 ,-7.32219e-06 ,0 
980,24.5 ,-7.26442e-06 ,0 
981,24.525 ,-7.20937e-06 ,0 
982,24.55 ,-7.157e-06 ,0 
983,24.575 ,-7.1073e-06 ,0 
984,24.6 ,-7.06024e-06 ,0 
985,24.625 ,-7.01582e-06 ,0 
986,24.65 ,-6.974e-06 ,0 
987,24.675 ,-6.93477e-06 ,0 
988,24.7 ,-6.89813e-06 ,0 
989,24.725 ,-6.86404e-06 ,0 
990,24.75 ,-6.8325e-06 ,0 
991,24.775 ,-6.80349e-06 ,0 
992,24.8 ,-6.77701e-06 ,0 
993,24.825 ,-6.75303e-06 ,0 
994,24.85 ,-6.73155e-06 ,0 
995,24.875 ,-6.71256e-06 ,0 
996,24.9 ,-6.69606e-06 ,0 
997,24.925 ,-6.68202e-06 ,0 
998,24.95 ,-6.67044e-06 ,0 
999,24.975 ,-6.66133e-06 ,0 
1000,25 ,-6.65467e-06 ,0 