N_e = 20
1,0.025 ,0.0857709 ,0 
2,0.05 ,0.0857709 ,0 
3,0.075 ,0.0857482 ,0 
4,0.1 ,0.0857113 ,0 
5,0.125 ,0.085662 ,0 
6,0.15 ,0.0856007 ,0 
7,0.175 ,0.0855279 ,0 
8,0.2 ,0.0854435 ,0 
9,0.225 ,0.0853478 ,0 
10,0.25 ,0.0852407 ,0 
11,0.275 ,0.0851223 ,0 
12,0.3 ,0.0849928 ,0 
13,0.325 ,0.084852 ,0 
14,0.35 ,0.0847001 ,0 
15,0.375 ,0.0845371 ,0 
16,0.4 ,0.0843631 ,0 
17,0.425 ,0.0841781 ,0 
18,0.45 ,0.0839822 ,0 
19,0.475 ,0.0837754 ,0 
20,0.5 ,0.0835577 ,0 
21,0.525 ,0.0833293 ,0 
22,0.55 ,0.0830902 ,0 
23,0.575 ,0.0828404 ,0 
24,0.6 ,0.0825801 ,0 
25,0.625 ,0.0823093 ,0 
26,0.65 ,0.082028 ,0 
27,0.675 ,0.0817364 ,0 
28,0.7 ,0.0814345 ,0 
29,0.725 ,0.0811224 ,0 
30,0.75 ,0.0808002 ,0 
31,0.775 ,0.0804679 ,0 
32,0.8 ,0.0801258 ,0 
33,0.825 ,0.0797737 ,0 
34,0.85 ,0.0794119 ,0 
35,0.875 ,0.0790404 ,0 
36,0.9 ,0.0786594 ,0 
37,0.925 ,0.0782689 ,0 
38,0.95 ,0.077869 ,0 
39,0.975 ,0.0774598 ,0 
40,1 ,0.0770415 ,0 
41,1.025 ,0.0766141 ,0 
42,1.05 ,0.0761778 ,0 
43,1.075 ,0.0757327 ,0 
44,1.1 ,0.0752789 ,0 
45,1.125 ,0.0748164 ,0 
46,1.15 ,0.0743455 ,0 
47,1.175 ,0.0738662 ,0 
48,1.2 ,0.0733787 ,0 
49,1.225 ,0.0728831 ,0 
50,1.25 ,0.0723795 ,0 
51,1.275 ,0.0718681 ,0 
52,1.3 ,0.0713489 ,0 
53,1.325 ,0.0708221 ,0 
54,1.35 ,0.0702879 ,0 
55,1.375 ,0.0697463 ,0 
56,1.4 ,0.0691976 ,0 
57,1.425 ,0.0686418 ,0 
58,1.45 ,0.0680791 ,0 
59,1.475 ,0.0675096 ,0 
60,1.5 ,0.0669335 ,0 
61,1.525 ,0.0663509 ,0 
62,1.55 ,0.0657619 ,0 
63,1.575 ,0.0651668 ,0 
64,1.6 ,0.0645656 ,0 
65,1.625 ,0.0639585 ,0 
66,1.65 ,0.0633456 ,0 
67,1.675 ,0.0627271 ,0 
68,1.7 ,0.0621032 ,0 
69,1.725 ,0.061474 ,0 
70,1.75 ,0.0608396 ,0 
71,1.775 ,0.0602002 ,0 
72,1.8 ,0.059556 ,0 
73,1.825 ,0.058907 ,0 
74,1.85 ,0.0582536 ,0 
75,1.875 ,0.0575957 ,0 
76,1.9 ,0.0569337 ,0 
77,1.925 ,0.0562675 ,0 
78,1.95 ,0.0555975 ,0 
79,1.975 ,0.0549236 ,0 
80,2 ,0.0542462 ,0 
81,2.025 ,0.0535654 ,0 
82,2.05 ,0.0528812 ,0 
83,2.075 ,0.052194 ,0 
84,2.1 ,0.0515037 ,0 
85,2.125 ,0.0508107 ,0 
86,2.15 ,0.050115 ,0 
87,2.175 ,0.0494168 ,0 
88,2.2 ,0.0487162 ,0 
89,2.225 ,0.0480135 ,0 
90,2.25 ,0.0473087 ,0 
91,2.275 ,0.0466021 ,0 
92,2.3 ,0.0458938 ,0 
93,2.325 ,0.0451839 ,0 
94,2.35 ,0.0444726 ,0 
95,2.375 ,0.0437601 ,0 
96,2.4 ,0.0430464 ,0 
97,2.425 ,0.0423319 ,0 
98,2.45 ,0.0416165 ,0 
99,2.475 ,0.0409005 ,0 
100,2.5 ,0.040184 ,0 
101,2.525 ,0.0394673 ,0 
102,2.55 ,0.0387503 ,0 
103,2.575 ,0.0380333 ,0 
104,2.6 ,0.0373164 ,0 
105,2.625 ,0.0365998 ,0 
106,2.65 ,0.0358836 ,0 
107,2.675 ,0.0351679 ,0 
108,2.7 ,0.034453 ,0 
109,2.725 ,0.0337389 ,0 
110,2.75 ,0.0330257 ,0 
111,2.775 ,0.0323138 ,0 
112,2.8 ,0.031603 ,0 
113,2.825 ,0.0308937 ,0 
114,2.85 ,0.030186 ,0 
115,2.875 ,0.0294799 ,0 
116,2.9 ,0.0287756 ,0 
117,2.925 ,0.0280733 ,0 
118,2.95 ,0.027373 ,0 
119,2.975 ,0.026675 ,0 
120,3 ,0.0259793 ,0 
121,3.025 ,0.025286 ,0 
122,3.05 ,0.0245954 ,0 
123,3.075 ,0.0239074 ,0 
124,3.1 ,0.0232223 ,0 
125,3.125 ,0.0225402 ,0 
126,3.15 ,0.0218611 ,0 
127,3.175 ,0.0211852 ,0 
128,3.2 ,0.0205126 ,0 
129,3.225 ,0.0198434 ,0 
130,3.25 ,0.0191778 ,0 
131,3.275 ,0.0185158 ,0 
132,3.3 ,0.0178576 ,0 
133,3.325 ,0.0172032 ,0 
134,3.35 ,0.0165527 ,0 
135,3.375 ,0.0159064 ,0 
136,3.4 ,0.0152642 ,0 
137,3.425 ,0.0146262 ,0 
138,3.45 ,0.0139926 ,0 
139,3.475 ,0.0133635 ,0 
140,3.5 ,0.0127389 ,0 
141,3.525 ,0.0121189 ,0 
142,3.55 ,0.0115037 ,0 
143,3.575 ,0.0108933 ,0 
144,3.6 ,0.0102877 ,0 
145,3.625 ,0.0096872 ,0 
146,3.65 ,0.0090917 ,0 
147,3.675 ,0.00850134 ,0 
148,3.7 ,0.0079162 ,0 
149,3.725 ,0.00733634 ,0 
150,3.75 ,0.00676183 ,0 
151,3.775 ,0.00619276 ,0 
152,3.8 ,0.00562918 ,0 
153,3.825 ,0.00507117 ,0 
154,3.85 ,0.00451878 ,0 
155,3.875 ,0.00397208 ,0 
156,3.9 ,0.00343112 ,0 
157,3.925 ,0.00289597 ,0 
158,3.95 ,0.00236668 ,0 
159,3.975 ,0.00184331 ,0 
160,4 ,0.00132589 ,0 
161,4.025 ,0.000814491 ,0 
162,4.05 ,0.000309149 ,0 
163,4.075 ,-0.000190088 ,0 
164,4.1 ,-0.000683178 ,0 
165,4.125 ,-0.00117008 ,0 
166,4.15 ,-0.00165076 ,0 
167,4.175 ,-0.00212517 ,0 
168,4.2 ,-0.00259329 ,0 
169,4.225 ,-0.00305507 ,0 
170,4.25 ,-0.0035105 ,0 
171,4.275 ,-0.00395954 ,0 
172,4.3 ,-0.00440217 ,0 
173,4.325 ,-0.00483836 ,0 
174,4.35 ,-0.00526809 ,0 
175,4.375 ,-0.00569133 ,0 
176,4.4 ,-0.00610808 ,0 
177,4.425 ,-0.00651832 ,0 
178,4.45 ,-0.00692202 ,0 
179,4.475 ,-0.00731918 ,0 
180,4.5 ,-0.00770979 ,0 
181,4.525 ,-0.00809384 ,0 
182,4.55 ,-0.00847132 ,0 
183,4.575 ,-0.00884223 ,0 
184,4.6 ,-0.00920656 ,0 
185,4.625 ,-0.00956432 ,0 
186,4.65 ,-0.0099155 ,0 
187,4.675 ,-0.0102601 ,0 
188,4.7 ,-0.0105981 ,0 
189,4.725 ,-0.0109296 ,0 
190,4.75 ,-0.0112545 ,0 
191,4.775 ,-0.0115729 ,0 
192,4.8 ,-0.0118847 ,0 
193,4.825 ,-0.01219 ,0 
194,4.85 ,-0.0124888 ,0 
195,4.875 ,-0.0127811 ,0 
196,4.9 ,-0.013067 ,0 
197,4.925 ,-0.0133464 ,0 
198,4.95 ,-0.0136193 ,0 
199,4.975 ,-0.0138858 ,0 
200,5 ,-0.014146 ,0 
201,5.025 ,-0.0143997 ,0 
202,5.05 ,-0.0146472 ,0 
203,5.075 ,-0.0148883 ,0 
204,5.1 ,-0.0151231 ,0 
205,5.125 ,-0.0153517 ,0 
206,5.15 ,-0.0155741 ,0 
207,5.175 ,-0.0157902 ,0 
208,5.2 ,-0.0160003 ,0 
209,5.225 ,-0.0162042 ,0 
210,5.25 ,-0.016402 ,0 
211,5.275 ,-0.0165938 ,0 
212,5.3 ,-0.0167796 ,0 
213,5.325 ,-0.0169594 ,0 
214,5.35 ,-0.0171334 ,0 
215,5.375 ,-0.0173014 ,0 
216,5.4 ,-0.0174636 ,0 
217,5.425 ,-0.01762 ,0 
218,5.45 ,-0.0177707 ,0 
219,5.475 ,-0.0179157 ,0 
220,5.5 ,-0.018055 ,0 
221,5.525 ,-0.0181888 ,0 
222,5.55 ,-0.0183169 ,0 
223,5.575 ,-0.0184396 ,0 
224,5.6 ,-0.0185569 ,0 
225,5.625 ,-0.0186687 ,0 
226,5.65 ,-0.0187752 ,0 
227,5.675 ,-0.0188765 ,0 
228,5.7 ,-0.0189724 ,0 
229,5.725 ,-0.0190633 ,0 
230,5.75 ,-0.0191489 ,0 
231,5.775 ,-0.0192296 ,0 
232,5.8 ,-0.0193052 ,0 
233,5.825 ,-0.0193758 ,0 
234,5.85 ,-0.0194416 ,0 
235,5.875 ,-0.0195025 ,0 
236,5.9 ,-0.0195587 ,0 
237,5.925 ,-0.0196101 ,0 
238,5.95 ,-0.0196569 ,0 
239,5.975 ,-0.019699 ,0 
240,6 ,-0.0197367 ,0 
241,6.025 ,-0.0197699 ,0 
242,6.05 ,-0.0197986 ,0 
243,6.075 ,-0.019823 ,0 
244,6.1 ,-0.0198432 ,0 
245,6.125 ,-0.0198591 ,0 
246,6.15 ,-0.0198708 ,0 
247,6.175 ,-0.0198784 ,0 
248,6.2 ,-0.019882 ,0 
249,6.225 ,-0.0198817 ,0 
250,6.25 ,-0.0198774 ,0 
251,6.275 ,-0.0198692 ,0 
252,6.3 ,-0.0198573 ,0 
253,6.325 ,-0.0198417 ,0 
254,6.35 ,-0.0198224 ,0 
255,6.375 ,-0.0197996 ,0 
256,6.4 ,-0.0197732 ,0 
257,6.425 ,-0.0197433 ,0 
258,6.45 ,-0.0197101 ,0 
259,6.475 ,-0.0196735 ,0 
260,6.5 ,-0.0196336 ,0 
261,6.525 ,-0.0195906 ,0 
262,6.55 ,-0.0195444 ,0 
263,6.575 ,-0.0194951 ,0 
264,6.6 ,-0.0194428 ,0 
265,6.625 ,-0.0193875 ,0 
266,6.65 ,-0.0193294 ,0 
267,6.675 ,-0.0192684 ,0 
268,6.7 ,-0.0192047 ,0 
269,6.725 ,-0.0191382 ,0 
270,6.75 ,-0.0190692 ,0 
271,6.775 ,-0.0189975 ,0 
272,6.8 ,-0.0189234 ,0 
273,6.825 ,-0.0188467 ,0 
274,6.85 ,-0.0187677 ,0 
275,6.875 ,-0.0186864 ,0 
276,6.9 ,-0.0186028 ,0 
277,6.925 ,-0.0185169 ,0 
278,6.95 ,-0.018429 ,0 
279,6.975 ,-0.0183389 ,0 
280,7 ,-0.0182468 ,0 
281,7.025 ,-0.0181527 ,0 
282,7.05 ,-0.0180567 ,0 
283,7.075 ,-0.0179588 ,0 
284,7.1 ,-0.0178591 ,0 
285,7.125 ,-0.0177577 ,0 
286,7.15 ,-0.0176546 ,0 
287,7.175 ,-0.0175498 ,0 
288,7.2 ,-0.0174435 ,0 
289,7.225 ,-0.0173356 ,0 
290,7.25 ,-0.0172263 ,0 
291,7.275 ,-0.0171156 ,0 
292,7.3 ,-0.0170034 ,0 
293,7.325 ,-0.01689 ,0 
294,7.35 ,-0.0167753 ,0 
295,7.375 ,-0.0166594 ,0 
296,7.4 ,-0.0165423 ,0 
297,7.425 ,-0.0164242 ,0 
298,7.45 ,-0.0163049 ,0 
299,7.475 ,-0.0161847 ,0 
300,7.5 ,-0.0160635 ,0 
301,7.525 ,-0.0159414 ,0 
302,7.55 ,-0.0158184 ,0 
303,7.575 ,-0.0156945 ,0 
304,7.6 ,-0.01557 ,0 
305,7.625 ,-0.0154446 ,0 
306,7.65 ,-0.0153186 ,0 
307,7.675 ,-0.015192 ,0 
308,7.7 ,-0.0150647 ,0 
309,7.725 ,-0.0149369 ,0 
310,7.75 ,-0.0148086 ,0 
311,7.775 ,-0.0146799 ,0 
312,7.8 ,-0.0145506 ,0 
313,7.825 ,-0.014421 ,0 
314,7.85 ,-0.0142911 ,0 
315,7.875 ,-0.0141608 ,0 
316,7.9 ,-0.0140303 ,0 
317,7.925 ,-0.0138995 ,0 
318,7.95 ,-0.0137685 ,0 
319,7.975 ,-0.0136374 ,0 
320,8 ,-0.0135061 ,0 
321,8.025 ,-0.0133748 ,0 
322,8.05 ,-0.0132434 ,0 
323,8.075 ,-0.0131119 ,0 
324,8.1 ,-0.0129805 ,0 
325,8.125 ,-0.0128491 ,0 
326,8.15 ,-0.0127178 ,0 
327,8.175 ,-0.0125866 ,0 
328,8.2 ,-0.0124555 ,0 
329,8.225 ,-0.0123246 ,0 
330,8.25 ,-0.0121939 ,0 
331,8.275 ,-0.0120634 ,0 
332,8.3 ,-0.0119332 ,0 
333,8.325 ,-0.0118032 ,0 
334,8.35 ,-0.0116735 ,0 
335,8.375 ,-0.0115442 ,0 
336,8.4 ,-0.0114152 ,0 
337,8.425 ,-0.0112866 ,0 
338,8.45 ,-0.0111585 ,0 
339,8.475 ,-0.0110307 ,0 
340,8.5 ,-0.0109034 ,0 
341,8.525 ,-0.0107766 ,0 
342,8.55 ,-0.0106502 ,0 
343,8.575 ,-0.0105244 ,0 
344,8.6 ,-0.0103991 ,0 
345,8.625 ,-0.0102744 ,0 
346,8.65 ,-0.0101503 ,0 
347,8.675 ,-0.0100267 ,0 
348,8.7 ,-0.00990376 ,0 
349,8.725 ,-0.00978145 ,0 
350,8.75 ,-0.0096598 ,0 
351,8.775 ,-0.0095388 ,0 
352,8.8 ,-0.00941849 ,0 
353,8.825 ,-0.00929888 ,0 
354,8.85 ,-0.00917998 ,0 
355,8.875 ,-0.0090618 ,0 
356,8.9 ,-0.00894436 ,0 
357,8.925 ,-0.00882768 ,0 
358,8.95 ,-0.00871177 ,0 
359,8.975 ,-0.00859663 ,0 
360,9 ,-0.00848228 ,0 
361,9.025 ,-0.00836874 ,0 
362,9.05 ,-0.00825601 ,0 
363,9.075 ,-0.00814411 ,0 
364,9.1 ,-0.00803303 ,0 
365,9.125 ,-0.0079228 ,0 
366,9.15 ,-0.00781343 ,0 
367,9.175 ,-0.00770491 ,0 
368,9.2 ,-0.00759726 ,0 
369,9.225 ,-0.00749049 ,0 
370,9.25 ,-0.0073846 ,0 
371,9.275 ,-0.00727961 ,0 
372,9.3 ,-0.00717551 ,0 
373,9.325 ,-0.00707231 ,0 
374,9.35 ,-0.00697003 ,0 
375,9.375 ,-0.00686865 ,0 
376,9.4 ,-0.0067682 ,0 
377,9.425 ,-0.00666867 ,0 
378,9.45 ,-0.00657006 ,0 
379,9.475 ,-0.00647239 ,0 
380,9.5 ,-0.00637566 ,0 
381,9.525 ,-0.00627986 ,0 
382,9.55 ,-0.006185 ,0 
383,9.575 ,-0.00609108 ,0 
384,9.6 ,-0.00599811 ,0 
385,9.625 ,-0.00590608 ,0 
386,9.65 ,-0.005815 ,0 
387,9.675 ,-0.00572487 ,0 
388,9.7 ,-0.00563569 ,0 
389,9.725 ,-0.00554746 ,0 
390,9.75 ,-0.00546017 ,0 
391,9.775 ,-0.00537384 ,0 
392,9.8 ,-0.00528846 ,0 
393,9.825 ,-0.00520402 ,0 
394,9.85 ,-0.00512053 ,0 
395,9.875 ,-0.00503799 ,0 
396,9.9 ,-0.00495639 ,0 
397,9.925 ,-0.00487573 ,0 
398,9.95 ,-0.00479602 ,0 
399,9.975 ,-0.00471724 ,0 
400,10 ,-0.0046394 ,0 
401,10.025 ,-0.00456249 ,0 
402,10.05 ,-0.00448652 ,0 
403,10.075 ,-0.00441147 ,0 
404,10.1 ,-0.00433734 ,0 
405,10.125 ,-0.00426414 ,0 
406,10.15 ,-0.00419185 ,0 
407,10.175 ,-0.00412047 ,0 
408,10.2 ,-0.00405001 ,0 
409,10.225 ,-0.00398044 ,0 
410,10.25 ,-0.00391178 ,0 
411,10.275 ,-0.00384401 ,0 
412,10.3 ,-0.00377714 ,0 
413,10.325 ,-0.00371115 ,0 
414,10.35 ,-0.00364604 ,0 
415,10.375 ,-0.0035818 ,0 
416,10.4 ,-0.00351844 ,0 
417,10.425 ,-0.00345594 ,0 
418,10.45 ,-0.0033943 ,0 
419,10.475 ,-0.00333351 ,0 
420,10.5 ,-0.00327357 ,0 
421,10.525 ,-0.00321447 ,0 
422,10.55 ,-0.00315621 ,0 
423,10.575 ,-0.00309878 ,0 
424,10.6 ,-0.00304217 ,0 
425,10.625 ,-0.00298638 ,0 
426,10.65 ,-0.00293139 ,0 
427,10.675 ,-0.00287722 ,0 
428,10.7 ,-0.00282384 ,0 
429,10.725 ,-0.00277125 ,0 
430,10.75 ,-0.00271944 ,0 
431,10.775 ,-0.00266841 ,0 
432,10.8 ,-0.00261816 ,0 
433,10.825 ,-0.00256866 ,0 
434,10.85 ,-0.00251993 ,0 
435,10.875 ,-0.00247194 ,0 
436,10.9 ,-0.00242469 ,0 
437,10.925 ,-0.00237818 ,0 
438,10.95 ,-0.0023324 ,0 
439,10.975 ,-0.00228734 ,0 
440,11 ,-0.002243 ,0 
441,11.025 ,-0.00219936 ,0 
442,11.05 ,-0.00215642 ,0 
443,11.075 ,-0.00211417 ,0 
444,11.1 ,-0.0020726 ,0 
445,11.125 ,-0.00203172 ,0 
446,11.15 ,-0.0019915 ,0 
447,11.175 ,-0.00195195 ,0 
448,11.2 ,-0.00191305 ,0 
449,11.225 ,-0.0018748 ,0 
450,11.25 ,-0.00183719 ,0 
451,11.275 ,-0.00180022 ,0 
452,11.3 ,-0.00176387 ,0 
453,11.325 ,-0.00172814 ,0 
454,11.35 ,-0.00169302 ,0 
455,11.375 ,-0.0016585 ,0 
456,11.4 ,-0.00162458 ,0 
457,11.425 ,-0.00159125 ,0 
458,11.45 ,-0.0015585 ,0 
459,11.475 ,-0.00152633 ,0 
460,11.5 ,-0.00149473 ,0 
461,11.525 ,-0.00146368 ,0 
462,11.55 ,-0.00143319 ,0 
463,11.575 ,-0.00140325 ,0 
464,11.6 ,-0.00137384 ,0 
465,11.625 ,-0.00134497 ,0 
466,11.65 ,-0.00131662 ,0 
467,11.675 ,-0.00128878 ,0 
468,11.7 ,-0.00126146 ,0 
469,11.725 ,-0.00123465 ,0 
470,11.75 ,-0.00120833 ,0 
471,11.775 ,-0.00118249 ,0 
472,11.8 ,-0.00115715 ,0 
473,11.825 ,-0.00113228 ,0 
474,11.85 ,-0.00110787 ,0 
475,11.875 ,-0.00108393 ,0 
476,11.9 ,-0.00106045 ,0 
477,11.925 ,-0.00103741 ,0 
478,11.95 ,-0.00101482 ,0 
479,11.975 ,-0.000992659 ,0 
480,12 ,-0.000970929 ,0 
481,12.025 ,-0.000949621 ,0 
482,12.05 ,-0.000928729 ,0 
483,12.075 ,-0.000908246 ,0 
484,12.1 ,-0.000888165 ,0 
485,12.125 ,-0.00086848 ,0 
486,12.15 ,-0.000849185 ,0 
487,12.175 ,-0.000830274 ,0 
488,12.2 ,-0.00081174 ,0 
489,12.225 ,-0.000793578 ,0 
490,12.25 ,-0.00077578 ,0 
491,12.275 ,-0.000758341 ,0 
492,12.3 ,-0.000741255 ,0 
493,12.325 ,-0.000724517 ,0 
494,12.35 ,-0.000708119 ,0 
495,12.375 ,-0.000692057 ,0 
496,12.4 ,-0.000676324 ,0 
497,12.425 ,-0.000660915 ,0 
498,12.45 ,-0.000645824 ,0 
499,12.475 ,-0.000631046 ,0 
500,12.5 ,-0.000616576 ,0 
501,12.525 ,-0.000602407 ,0 
502,12.55 ,-0.000588534 ,0 
503,12.575 ,-0.000574953 ,0 
504,12.6 ,-0.000561658 ,0 
505,12.625 ,-0.000548643 ,0 
506,12.65 ,-0.000535904 ,0 
507,12.675 ,-0.000523435 ,0 
508,12.7 ,-0.000511232 ,0 
509,12.725 ,-0.00049929 ,0 
510,12.75 ,-0.000487604 ,0 
511,12.775 ,-0.000476168 ,0 
512,12.8 ,-0.00046498 ,0 
513,12.825 ,-0.000454033 ,0 
514,12.85 ,-0.000443323 ,0 
515,12.875 ,-0.000432846 ,0 
516,12.9 ,-0.000422597 ,0 
517,12.925 ,-0.000412572 ,0 
518,12.95 ,-0.000402767 ,0 
519,12.975 ,-0.000393177 ,0 
520,13 ,-0.000383798 ,0 
521,13.025 ,-0.000374627 ,0 
522,13.05 ,-0.000365658 ,0 
523,13.075 ,-0.000356888 ,0 
524,13.1 ,-0.000348314 ,0 
525,13.125 ,-0.00033993 ,0 
526,13.15 ,-0.000331734 ,0 
527,13.175 ,-0.000323722 ,0 
528,13.2 ,-0.00031589 ,0 
529,13.225 ,-0.000308234 ,0 
530,13.25 ,-0.000300751 ,0 
531,13.275 ,-0.000293437 ,0 
532,13.3 ,-0.000286289 ,0 
533,13.325 ,-0.000279304 ,0 
534,13.35 ,-0.000272478 ,0 
535,13.375 ,-0.000265807 ,0 
536,13.4 ,-0.00025929 ,0 
537,13.425 ,-0.000252921 ,0 
538,13.45 ,-0.0002467 ,0 
539,13.475 ,-0.000240621 ,0 
540,13.5 ,-0.000234683 ,0 
541,13.525 ,-0.000228882 ,0 
542,13.55 ,-0.000223216 ,0 
543,13.575 ,-0.000217682 ,0 
544,13.6 ,-0.000212276 ,0 
545,13.625 ,-0.000206997 ,0 
546,13.65 ,-0.00020184 ,0 
547,13.675 ,-0.000196805 ,0 
548,13.7 ,-0.000191888 ,0 
549,13.725 ,-0.000187087 ,0 
550,13.75 ,-0.000182399 ,0 
551,13.775 ,-0.000177821 ,0 
552,13.8 ,-0.000173352 ,0 
553,13.825 ,-0.000168989 ,0 
554,13.85 ,-0.00016473 ,0 
555,13.875 ,-0.000160571 ,0 
556,13.9 ,-0.000156513 ,0 
557,13.925 ,-0.000152551 ,0 
558,13.95 ,-0.000148684 ,0 
559,13.975 ,-0.000144909 ,0 
560,14 ,-0.000141226 ,0 
561,14.025 ,-0.000137631 ,0 
562,14.05 ,-0.000134122 ,0 
563,14.075 ,-0.000130699 ,0 
564,14.1 ,-0.000127358 ,0 
565,14.125 ,-0.000124098 ,0 
566,14.15 ,-0.000120918 ,0 
567,14.175 ,-0.000117815 ,0 
568,14.2 ,-0.000114787 ,0 
569,14.225 ,-0.000111834 ,0 
570,14.25 ,-0.000108953 ,0 
571,14.275 ,-0.000106142 ,0 
572,14.3 ,-0.0001034 ,0 
573,14.325 ,-0.000100726 ,0 
574,14.35 ,-9.81171e-05 ,0 
575,14.375 ,-9.55729e-05 ,0 
576,14.4 ,-9.30915e-05 ,0 
577,14.425 ,-9.06715e-05 ,0 
578,14.45 ,-8.83115e-05 ,0 
579,14.475 ,-8.60101e-05 ,0 
580,14.5 ,-8.37659e-05 ,0 
581,14.525 ,-8.15776e-05 ,0 
582,14.55 ,-7.94439e-05 ,0 
583,14.575 ,-7.73634e-05 ,0 
584,14.6 ,-7.5335e-05 ,0 
585,14.625 ,-7.33574e-05 ,0 
586,14.65 ,-7.14295e-05 ,0 
587,14.675 ,-6.95499e-05 ,0 
588,14.7 ,-6.77177e-05 ,0 
589,14.725 ,-6.59317e-05 ,0 
590,14.75 ,-6.41908e-05 ,0 
591,14.775 ,-6.24939e-05 ,0 
592,14.8 ,-6.08399e-05 ,0 
593,14.825 ,-5.92279e-05 ,0 
594,14.85 ,-5.76568e-05 ,0 
595,14.875 ,-5.61256e-05 ,0 
596,14.9 ,-5.46335e-05 ,0 
597,14.925 ,-5.31793e-05 ,0 
598,14.95 ,-5.17624e-05 ,0 
599,14.975 ,-5.03816e-05 ,0 
600,15 ,-4.90362e-05 ,0 
601,15.025 ,-4.77253e-05 ,0 
602,15.05 ,-4.64481e-05 ,0 
603,15.075 ,-4.52037e-05 ,0 
604,15.1 ,-4.39913e-05 ,0 
605,15.125 ,-4.28102e-05 ,0 
606,15.15 ,-4.16596e-05 ,0 
607,15.175 ,-4.05388e-05 ,0 
608,15.2 ,-3.94469e-05 ,0 
609,15.225 ,-3.83833e-05 ,0 
610,15.25 ,-3.73474e-05 ,0 
611,15.275 ,-3.63383e-05 ,0 
612,15.3 ,-3.53555e-05 ,0 
613,15.325 ,-3.43984e-05 ,0 
614,15.35 ,-3.34661e-05 ,0 
615,15.375 ,-3.25583e-05 ,0 
616,15.4 ,-3.16741e-05 ,0 
617,15.425 ,-3.08131e-05 ,0 
618,15.45 ,-2.99747e-05 ,0 
619,15.475 ,-2.91583e-05 ,0 
620,15.5 ,-2.83633e-05 ,0 
621,15.525 ,-2.75893e-05 ,0 
622,15.55 ,-2.68356e-05 ,0 
623,15.575 ,-2.61019e-05 ,0 
624,15.6 ,-2.53875e-05 ,0 
625,15.625 ,-2.46919e-05 ,0 
626,15.65 ,-2.40148e-05 ,0 
627,15.675 ,-2.33557e-05 ,0 
628,15.7 ,-2.2714e-05 ,0 
629,15.725 ,-2.20894e-05 ,0 
630,15.75 ,-2.14813e-05 ,0 
631,15.775 ,-2.08895e-05 ,0 
632,15.8 ,-2.03134e-05 ,0 
633,15.825 ,-1.97527e-05 ,0 
634,15.85 ,-1.9207e-05 ,0 
635,15.875 ,-1.86759e-05 ,0 
636,15.9 ,-1.81589e-05 ,0 
637,15.925 ,-1.76559e-05 ,0 
638,15.95 ,-1.71663e-05 ,0 
639,15.975 ,-1.66899e-05 ,0 
640,16 ,-1.62263e-05 ,0 
641,16.025 ,-1.57752e-05 ,0 
642,16.05 ,-1.53362e-05 ,0 
643,16.075 ,-1.49091e-05 ,0 
644,16.1 ,-1.44935e-05 ,0 
645,16.125 ,-1.40891e-05 ,0 
646,16.15 ,-1.36957e-05 ,0 
647,16.175 ,-1.33129e-05 ,0 
648,16.2 ,-1.29406e-05 ,0 
649,16.225 ,-1.25783e-05 ,0 
650,16.25 ,-1.22258e-05 ,0 
651,16.275 ,-1.1883e-05 ,0 
652,16.3 ,-1.15495e-05 ,0 
653,16.325 ,-1.12251e-05 ,0 
654,16.35 ,-1.09095e-05 ,0 
655,16.375 ,-1.06025e-05 ,0 
656,16.4 ,-1.0304e-05 ,0 
657,16.425 ,-1.00136e-05 ,0 
658,16.45 ,-9.73114e-06 ,0 
659,16.475 ,-9.45644e-06 ,0 
660,16.5 ,-9.18928e-06 ,0 
661,16.525 ,-8.92946e-06 ,0 
662,16.55 ,-8.67679e-06 ,0 
663,16.575 ,-8.43107e-06 ,0 
664,16.6 ,-8.19211e-06 ,0 
665,16.625 ,-7.95975e-06 ,0 
666,16.65 ,-7.7338e-06 ,0 
667,16.675 ,-7.51409e-06 ,0 
668,16.7 ,-7.30046e-06 ,0 
669,16.725 ,-7.09274e-06 ,0 
670,16.75 ,-6.89078e-06 ,0 
671,16.775 ,-6.69441e-06 ,0 
672,16.8 ,-6.5035e-06 ,0 
673,16.825 ,-6.31789e-06 ,0 
674,16.85 ,-6.13744e-06 ,0 
675,16.875 ,-5.96201e-06 ,0 
676,16.9 ,-5.79146e-06 ,0 
677,16.925 ,-5.62568e-06 ,0 
678,16.95 ,-5.46451e-06 ,0 
679,16.975 ,-5.30785e-06 ,0 
680,17 ,-5.15557e-06 ,0 
681,17.025 ,-5.00755e-06 ,0 
682,17.05 ,-4.86367e-06 ,0 
683,17.075 ,-4.72383e-06 ,0 
684,17.1 ,-4.5879e-06 ,0 
685,17.125 ,-4.4558e-06 ,0 
686,17.15 ,-4.3274e-06 ,0 
687,17.175 ,-4.20262e-06 ,0 
688,17.2 ,-4.08135e-06 ,0 
689,17.225 ,-3.96349e-06 ,0 
690,17.25 ,-3.84896e-06 ,0 
691,17.275 ,-3.73765e-06 ,0 
692,17.3 ,-3.62949e-06 ,0 
693,17.325 ,-3.52439e-06 ,0 
694,17.35 ,-3.42226e-06 ,0 
695,17.375 ,-3.32302e-06 ,0 
696,17.4 ,-3.2266e-06 ,0 
697,17.425 ,-3.1329e-06 ,0 
698,17.45 ,-3.04187e-06 ,0 
699,17.475 ,-2.95342e-06 ,0 
700,17.5 ,-2.86748e-06 ,0 
701,17.525 ,-2.78399e-06 ,0 
702,17.55 ,-2.70288e-06 ,0 
703,17.575 ,-2.62407e-06 ,0 
704,17.6 ,-2.54752e-06 ,0 
705,17.625 ,-2.47314e-06 ,0 
706,17.65 ,-2.40089e-06 ,0 
707,17.675 ,-2.33071e-06 ,0 
708,17.7 ,-2.26253e-06 ,0 
709,17.725 ,-2.19631e-06 ,0 
710,17.75 ,-2.13198e-06 ,0 
711,17.775 ,-2.06949e-06 ,0 
712,17.8 ,-2.0088e-06 ,0 
713,17.825 ,-1.94985e-06 ,0 
714,17.85 ,-1.89259e-06 ,0 
715,17.875 ,-1.83698e-06 ,0 
716,17.9 ,-1.78297e-06 ,0 
717,17.925 ,-1.73051e-06 ,0 
718,17.95 ,-1.67957e-06 ,0 
719,17.975 ,-1.63009e-06 ,0 
720,18 ,-1.58204e-06 ,0 
721,18.025 ,-1.53538e-06 ,0 
722,18.05 ,-1.49007e-06 ,0 
723,18.075 ,-1.44607e-06 ,0 
724,18.1 ,-1.40334e-06 ,0 
725,18.125 ,-1.36184e-06 ,0 
726,18.15 ,-1.32156e-06 ,0 
727,18.175 ,-1.28243e-06 ,0 
728,18.2 ,-1.24445e-06 ,0 
729,18.225 ,-1.20757e-06 ,0 
730,18.25 ,-1.17175e-06 ,0 
731,18.275 ,-1.13698e-06 ,0 
732,18.3 ,-1.10323e-06 ,0 
733,18.325 ,-1.07045e-06 ,0 
734,18.35 ,-1.03863e-06 ,0 
735,18.375 ,-1.00774e-06 ,0 
736,18.4 ,-9.77747e-07 ,0 
737,18.425 ,-9.48632e-07 ,0 
738,18.45 ,-9.20367e-07 ,0 
739,18.475 ,-8.92928e-07 ,0 
740,18.5 ,-8.66293e-07 ,0 
741,18.525 ,-8.40437e-07 ,0 
742,18.55 ,-8.15338e-07 ,0 
743,18.575 ,-7.90975e-07 ,0 
744,18.6 ,-7.67327e-07 ,0 
745,18.625 ,-7.44373e-07 ,0 
746,18.65 ,-7.22093e-07 ,0 
747,18.675 ,-7.00468e-07 ,0 
748,18.7 ,-6.79479e-07 ,0 
749,18.725 ,-6.59107e-07 ,0 
750,18.75 ,-6.39336e-07 ,0 
751,18.775 ,-6.20146e-07 ,0 
752,18.8 ,-6.01523e-07 ,0 
753,18.825 ,-5.83449e-07 ,0 
754,18.85 ,-5.65908e-07 ,0 
755,18.875 ,-5.48886e-07 ,0 
756,18.9 ,-5.32367e-07 ,0 
757,18.925 ,-5.16336e-07 ,0 
758,18.95 ,-5.0078e-07 ,0 
759,18.975 ,-4.85684e-07 ,0 
760,19 ,-4.71035e-07 ,0 
761,19.025 ,-4.56821e-07 ,0 
762,19.05 ,-4.43029e-07 ,0 
763,19.075 ,-4.29645e-07 ,0 
764,19.1 ,-4.1666e-07 ,0 
765,19.125 ,-4.0406e-07 ,0 
766,19.15 ,-3.91835e-07 ,0 
767,19.175 ,-3.79974e-07 ,0 
768,19.2 ,-3.68465e-07 ,0 
769,19.225 ,-3.573e-07 ,0 
770,19.25 ,-3.46467e-07 ,0 
771,19.275 ,-3.35958e-07 ,0 
772,19.3 ,-3.25762e-07 ,0 
773,19.325 ,-3.1587e-07 ,0 
774,19.35 ,-3.06274e-07 ,0 
775,19.375 ,-2.96965e-07 ,0 
776,19.4 ,-2.87934e-07 ,0 
777,19.425 ,-2.79173e-07 ,0 
778,19.45 ,-2.70675e-07 ,0 
779,19.475 ,-2.62432e-07 ,0 
780,19.5 ,-2.54435e-07 ,0 
781,19.525 ,-2.46678e-07 ,0 
782,19.55 ,-2.39155e-07 ,0 
783,19.575 ,-2.31857e-07 ,0 
784,19.6 ,-2.24778e-07 ,0 
785,19.625 ,-2.17912e-07 ,0 
786,19.65 ,-2.11253e-07 ,0 
787,19.675 ,-2.04793e-07 ,0 
788,19.7 ,-1.98529e-07 ,0 
789,19.725 ,-1.92453e-07 ,0 
790,19.75 ,-1.8656e-07 ,0 
791,19.775 ,-1.80845e-07 ,0 
792,19.8 ,-1.75303e-07 ,0 
793,19.825 ,-1.69928e-07 ,0 
794,19.85 ,-1.64715e-07 ,0 
795,19.875 ,-1.5966e-07 ,0 
796,19.9 ,-1.54757e-07 ,0 
797,19.925 ,-1.50003e-07 ,0 
798,19.95 ,-1.45393e-07 ,0 
799,19.975 ,-1.40922e-07 ,0 
800,20 ,-1.36587e-07 ,0 
801,20.025 ,-1.32384e-07 ,0 
802,20.05 ,-1.28307e-07 ,0 
803,20.075 ,-1.24355e-07 ,0 
804,20.1 ,-1.20522e-07 ,0 
805,20.125 ,-1.16806e-07 ,0 
806,20.15 ,-1.13203e-07 ,0 
807,20.175 ,-1.0971e-07 ,0 
808,20.2 ,-1.06323e-07 ,0 
809,20.225 ,-1.03039e-07 ,0 
810,20.25 ,-9.98546e-08 ,0 
811,20.275 ,-9.67676e-08 ,0 
812,20.3 ,-9.37747e-08 ,0 
813,20.325 ,-9.0873e-08 ,0 
814,20.35 ,-8.806e-08 ,0 
815,20.375 ,-8.53328e-08 ,0 
816,20.4 ,-8.26889e-08 ,0 
817,20.425 ,-8.01259e-08 ,0 
818,20.45 ,-7.76412e-08 ,0 
819,20.475 ,-7.52325e-08 ,0 
820,20.5 ,-7.28975e-08 ,0 
821,20.525 ,-7.06341e-08 ,0 
822,20.55 ,-6.844e-08 ,0 
823,20.575 ,-6.63131e-08 ,0 
824,20.6 ,-6.42515e-08 ,0 
825,20.625 ,-6.22531e-08 ,0 
826,20.65 ,-6.0316e-08 ,0 
827,20.675 ,-5.84385e-08 ,0 
828,20.7 ,-5.66186e-08 ,0 
829,20.725 ,-5.48547e-08 ,0 
830,20.75 ,-5.3145e-08 ,0 
831,20.775 ,-5.14879e-08 ,0 
832,20.8 ,-4.98819e-08 ,0 
833,20.825 ,-4.83253e-08 ,0 
834,20.85 ,-4.68166e-08 ,0 
835,20.875 ,-4.53545e-08 ,0 
836,20.9 ,-4.39374e-08 ,0 
837,20.925 ,-4.25641e-08 ,0 
838,20.95 ,-4.12331e-08 ,0 
839,20.975 ,-3.99433e-08 ,0 
840,21 ,-3.86933e-08 ,0 
841,21.025 ,-3.74819e-08 ,0 
842,21.05 ,-3.6308e-08 ,0 
843,21.075 ,-3.51705e-08 ,0 
844,21.1 ,-3.40681e-08 ,0 
845,21.125 ,-3.29999e-08 ,0 
846,21.15 ,-3.19647e-08 ,0 
847,21.175 ,-3.09617e-08 ,0 
848,21.2 ,-2.99897e-08 ,0 
849,21.225 ,-2.90479e-08 ,0 
850,21.25 ,-2.81353e-08 ,0 
851,21.275 ,-2.72511e-08 ,0 
852,21.3 ,-2.63943e-08 ,0 
853,21.325 ,-2.55641e-08 ,0 
854,21.35 ,-2.47598e-08 ,0 
855,21.375 ,-2.39804e-08 ,0 
856,21.4 ,-2.32253e-08 ,0 
857,21.425 ,-2.24938e-08 ,0 
858,21.45 ,-2.1785e-08 ,0 
859,21.475 ,-2.10983e-08 ,0 
860,21.5 ,-2.04329e-08 ,0 
861,21.525 ,-1.97884e-08 ,0 
862,21.55 ,-1.91639e-08 ,0 
863,21.575 ,-1.8559e-08 ,0 
864,21.6 ,-1.79729e-08 ,0 
865,21.625 ,-1.74051e-08 ,0 
866,21.65 ,-1.68551e-08 ,0 
867,21.675 ,-1.63223e-08 ,0 
868,21.7 ,-1.58061e-08 ,0 
869,21.725 ,-1.53061e-08 ,0 
870,21.75 ,-1.48217e-08 ,0 
871,21.775 ,-1.43525e-08 ,0 
872,21.8 ,-1.3898e-08 ,0 
873,21.825 ,-1.34578e-08 ,0 
874,21.85 ,-1.30314e-08 ,0 
875,21.875 ,-1.26183e-08 ,0 
876,21.9 ,-1.22182e-08 ,0 
877,21.925 ,-1.18307e-08 ,0 
878,21.95 ,-1.14553e-08 ,0 
879,21.975 ,-1.10917e-08 ,0 
880,22 ,-1.07396e-08 ,0 
881,22.025 ,-1.03985e-08 ,0 
882,22.05 ,-1.00682e-08 ,0 
883,22.075 ,-9.74829e-09 ,0 
884,22.1 ,-9.43844e-09 ,0 
885,22.125 ,-9.13835e-09 ,0 
886,22.15 ,-8.84772e-09 ,0 
887,22.175 ,-8.56626e-09 ,0 
888,22.2 ,-8.29368e-09 ,0 
889,22.225 ,-8.0297e-09 ,0 
890,22.25 ,-7.77406e-09 ,0 
891,22.275 ,-7.5265e-09 ,0 
892,22.3 ,-7.28676e-09 ,0 
893,22.325 ,-7.05461e-09 ,0 
894,22.35 ,-6.8298e-09 ,0 
895,22.375 ,-6.61211e-09 ,0 
896,22.4 ,-6.40131e-09 ,0 
897,22.425 ,-6.19719e-09 ,0 
898,22.45 ,-5.99955e-09 ,0 
899,22.475 ,-5.80817e-09 ,0 
900,22.5 ,-5.62287e-09 ,0 
901,22.525 ,-5.44345e-09 ,0 
902,22.55 ,-5.26973e-09 ,0 
903,22.575 ,-5.10154e-09 ,0 
904,22.6 ,-4.93869e-09 ,0 
905,22.625 ,-4.78103e-09 ,0 
906,22.65 ,-4.62838e-09 ,0 
907,22.675 ,-4.48061e-09 ,0 
908,22.7 ,-4.33754e-09 ,0 
909,22.725 ,-4.19903e-09 ,0 
910,22.75 ,-4.06495e-09 ,0 
911,22.775 ,-3.93515e-09 ,0 
912,22.8 ,-3.8095e-09 ,0 
913,22.825 ,-3.68787e-09 ,0 
914,22.85 ,-3.57013e-09 ,0 
915,22.875 ,-3.45617e-09 ,0 
916,22.9 ,-3.34586e-09 ,0 
917,22.925 ,-3.23909e-09 ,0 
918,22.95 ,-3.13574e-09 ,0 
919,22.975 ,-3.03572e-09 ,0 
920,23 ,-2.93892e-09 ,0 
921,23.025 ,-2.84523e-09 ,0 
922,23.05 ,-2.75456e-09 ,0 
923,23.075 ,-2.66682e-09 ,0 
924,23.1 ,-2.58191e-09 ,0 
925,23.125 ,-2.49974e-09 ,0 
926,23.15 ,-2.42024e-09 ,0 
927,23.175 ,-2.34331e-09 ,0 
928,23.2 ,-2.26887e-09 ,0 
929,23.225 ,-2.19686e-09 ,0 
930,23.25 ,-2.12718e-09 ,0 
931,23.275 ,-2.05978e-09 ,0 
932,23.3 ,-1.99458e-09 ,0 
933,23.325 ,-1.9315e-09 ,0 
934,23.35 ,-1.8705e-09 ,0 
935,23.375 ,-1.81149e-09 ,0 
936,23.4 ,-1.75442e-09 ,0 
937,23.425 ,-1.69922e-09 ,0 
938,23.45 ,-1.64585e-09 ,0 
939,23.475 ,-1.59424e-09 ,0 
940,23.5 ,-1.54434e-09 ,0 
941,23.525 ,-1.4961e-09 ,0 
942,23.55 ,-1.44947e-09 ,0 
943,23.575 ,-1.40439e-09 ,0 
944,23.6 ,-1.36081e-09 ,0 
945,23.625 ,-1.3187e-09 ,0 
946,23.65 ,-1.27801e-09 ,0 
947,23.675 ,-1.2387e-09 ,0 
948,23.7 ,-1.20071e-09 ,0 
949,23.725 ,-1.16402e-09 ,0 
950,23.75 ,-1.12859e-09 ,0 
951,23.775 ,-1.09437e-09 ,0 
952,23.8 ,-1.06132e-09 ,0 
953,23.825 ,-1.02943e-09 ,0 
954,23.85 ,-9.98639e-10 ,0 
955,23.875 ,-9.68929e-10 ,0 
956,23.9 ,-9.40265e-10 ,0 
957,23.925 ,-9.12615e-10 ,0 
958,23.95 ,-8.85951e-10 ,0 
959,23.975 ,-8.60244e-10 ,0 
960,24 ,-8.35465e-10 ,0 
961,24.025 ,-8.11589e-10 ,0 
962,24.05 ,-7.8859e-10 ,0 
963,24.075 ,-7.66443e-10 ,0 
964,24.1 ,-7.45124e-10 ,0 
965,24.125 ,-7.2461e-10 ,0 
966,24.15 ,-7.04879e-10 ,0 
967,24.175 ,-6.8591e-10 ,0 
968,24.2 ,-6.67682e-10 ,0 
969,24.225 ,-6.50176e-10 ,0 
970,24.25 ,-6.33372e-10 ,0 
971,24.275 ,-6.17251e-10 ,0 
972,24.3 ,-6.01798e-10 ,0 
973,24.325 ,-5.86994e-10 ,0 
974,24.35 ,-5.72824e-10 ,0 
975,24.375 ,-5.59272e-10 ,0 
976,24.4 ,-5.46323e-10 ,0 
977,24.425 ,-5.33963e-10 ,0 
978,24.45 ,-5.22178e-10 ,0 
979,24.475 ,-5.10956e-10 ,0 
980,24.5 ,-5.00284e-10 ,0 
981,24.525 ,-4.9015e-10 ,0 
982,24.55 ,-4.80543e-10 ,0 
983,24.575 ,-4.71452e-10 ,0 
984,24.6 ,-4.62868e-10 ,0 
985,24.625 ,-4.5478e-10 ,0 
986,24.65 ,-4.47179e-10 ,0 
987,24.675 ,-4.40057e-10 ,0 
988,24.7 ,-4.33406e-10 ,0 
989,24.725 ,-4.27218e-10 ,0 
990,24.75 ,-4.21486e-10 ,0 
991,24.775 ,-4.16204e-10 ,0 
992,24.8 ,-4.11365e-10 ,0 
993,24.825 ,-4.06964e-10 ,0 
994,24.85 ,-4.02995e-10 ,0 
995,24.875 ,-3.99454e-10 ,0 
996,24.9 ,-3.96337e-10 ,0 
997,24.925 ,-3.93639e-10 ,0 
998,24.95 ,-3.91357e-10 ,0 
999,24.975 ,-3.89489e-10 ,0 
1000,25 ,-3.88031e-10 ,0 