N_e = 8
1,0.025 ,1.98295e-07 ,0 
2,0.05 ,1.98295e-07 ,0 
3,0.075 ,6.69043e-07 ,0 
4,0.1 ,1.58523e-06 ,0 
5,0.125 ,3.09452e-06 ,0 
6,0.15 ,5.34388e-06 ,0 
7,0.175 ,8.47943e-06 ,0 
8,0.2 ,1.26462e-05 ,0 
9,0.225 ,1.79881e-05 ,0 
10,0.25 ,2.46476e-05 ,0 
11,0.275 ,3.27657e-05 ,0 
12,0.3 ,4.24815e-05 ,0 
13,0.325 ,5.39324e-05 ,0 
14,0.35 ,6.72537e-05 ,0 
15,0.375 ,8.25786e-05 ,0 
16,0.4 ,0.000100038 ,0 
17,0.425 ,0.00011976 ,0 
18,0.45 ,0.00014187 ,0 
19,0.475 ,0.000166491 ,0 
20,0.5 ,0.000193742 ,0 
21,0.525 ,0.000223742 ,0 
22,0.55 ,0.000256602 ,0 
23,0.575 ,0.000292433 ,0 
24,0.6 ,0.000331342 ,0 
25,0.625 ,0.000373432 ,0 
26,0.65 ,0.000418802 ,0 
27,0.675 ,0.000467547 ,0 
28,0.7 ,0.000519758 ,0 
29,0.725 ,0.000575523 ,0 
30,0.75 ,0.000634924 ,0 
31,0.775 ,0.000698041 ,0 
32,0.8 ,0.000764947 ,0 
33,0.825 ,0.000835712 ,0 
34,0.85 ,0.000910401 ,0 
35,0.875 ,0.000989074 ,0 
36,0.9 ,0.00107179 ,0 
37,0.925 ,0.00115859 ,0 
38,0.95 ,0.00124953 ,0 
39,0.975 ,0.00134465 ,0 
40,1 ,0.00144398 ,0 
41,1.025 ,0.00154755 ,0 
42,1.05 ,0.0016554 ,0 
43,1.075 ,0.00176753 ,0 
44,1.1 ,0.00188396 ,0 
45,1.125 ,0.00200471 ,0 
46,1.15 ,0.00212978 ,0 
47,1.175 ,0.00225916 ,0 
48,1.2 ,0.00239286 ,0 
49,1.225 ,0.00253085 ,0 
50,1.25 ,0.00267313 ,0 
51,1.275 ,0.00281966 ,0 
52,1.3 ,0.00297043 ,0 
53,1.325 ,0.0031254 ,0 
54,1.35 ,0.00328452 ,0 
55,1.375 ,0.00344777 ,0 
56,1.4 ,0.00361508 ,0 
57,1.425 ,0.0037864 ,0 
58,1.45 ,0.00396168 ,0 
59,1.475 ,0.00414085 ,0 
60,1.5 ,0.00432384 ,0 
61,1.525 ,0.00451057 ,0 
62,1.55 ,0.00470097 ,0 
63,1.575 ,0.00489495 ,0 
64,1.6 ,0.00509242 ,0 
65,1.625 ,0.00529329 ,0 
66,1.65 ,0.00549746 ,0 
67,1.675 ,0.00570482 ,0 
68,1.7 ,0.00591526 ,0 
69,1.725 ,0.00612868 ,0 
70,1.75 ,0.00634496 ,0 
71,1.775 ,0.00656397 ,0 
72,1.8 ,0.00678559 ,0 
73,1.825 ,0.00700969 ,0 
74,1.85 ,0.00723614 ,0 
75,1.875 ,0.00746481 ,0 
76,1.9 ,0.00769554 ,0 
77,1.925 ,0.00792819 ,0 
78,1.95 ,0.00816263 ,0 
79,1.975 ,0.00839869 ,0 
80,2 ,0.00863623 ,0 
81,2.025 ,0.00887509 ,0 
82,2.05 ,0.0091151 ,0 
83,2.075 ,0.00935611 ,0 
84,2.1 ,0.00959795 ,0 
85,2.125 ,0.00984045 ,0 
86,2.15 ,0.0100834 ,0 
87,2.175 ,0.0103268 ,0 
88,2.2 ,0.0105702 ,0 
89,2.225 ,0.0108137 ,0 
90,2.25 ,0.0110569 ,0 
91,2.275 ,0.0112998 ,0 
92,2.3 ,0.0115421 ,0 
93,2.325 ,0.0117836 ,0 
94,2.35 ,0.0120243 ,0 
95,2.375 ,0.0122638 ,0 
96,2.4 ,0.012502 ,0 
97,2.425 ,0.0127388 ,0 
98,2.45 ,0.0129739 ,0 
99,2.475 ,0.0132072 ,0 
100,2.5 ,0.0134385 ,0 
101,2.525 ,0.0136676 ,0 
102,2.55 ,0.0138942 ,0 
103,2.575 ,0.0141184 ,0 
104,2.6 ,0.0143397 ,0 
105,2.625 ,0.0145582 ,0 
106,2.65 ,0.0147735 ,0 
107,2.675 ,0.0149856 ,0 
108,2.7 ,0.0151942 ,0 
109,2.725 ,0.0153991 ,0 
110,2.75 ,0.0156003 ,0 
111,2.775 ,0.0157975 ,0 
112,2.8 ,0.0159905 ,0 
113,2.825 ,0.0161792 ,0 
114,2.85 ,0.0163635 ,0 
115,2.875 ,0.0165431 ,0 
116,2.9 ,0.0167179 ,0 
117,2.925 ,0.0168878 ,0 
118,2.95 ,0.0170525 ,0 
119,2.975 ,0.017212 ,0 
120,3 ,0.0173661 ,0 
121,3.025 ,0.0175147 ,0 
122,3.05 ,0.0176576 ,0 
123,3.075 ,0.0177947 ,0 
124,3.1 ,0.0179258 ,0 
125,3.125 ,0.0180509 ,0 
126,3.15 ,0.0181698 ,0 
127,3.175 ,0.0182823 ,0 
128,3.2 ,0.0183884 ,0 
129,3.225 ,0.018488 ,0 
130,3.25 ,0.018581 ,0 
131,3.275 ,0.0186671 ,0 
132,3.3 ,0.0187465 ,0 
133,3.325 ,0.0188189 ,0 
134,3.35 ,0.0188843 ,0 
135,3.375 ,0.0189426 ,0 
136,3.4 ,0.0189937 ,0 
137,3.425 ,0.0190375 ,0 
138,3.45 ,0.019074 ,0 
139,3.475 ,0.0191032 ,0 
140,3.5 ,0.0191249 ,0 
141,3.525 ,0.0191391 ,0 
142,3.55 ,0.0191458 ,0 
143,3.575 ,0.0191449 ,0 
144,3.6 ,0.0191364 ,0 
145,3.625 ,0.0191203 ,0 
146,3.65 ,0.0190965 ,0 
147,3.675 ,0.019065 ,0 
148,3.7 ,0.0190259 ,0 
149,3.725 ,0.018979 ,0 
150,3.75 ,0.0189245 ,0 
151,3.775 ,0.0188622 ,0 
152,3.8 ,0.0187923 ,0 
153,3.825 ,0.0187147 ,0 
154,3.85 ,0.0186295 ,0 
155,3.875 ,0.0185366 ,0 
156,3.9 ,0.0184361 ,0 
157,3.925 ,0.0183281 ,0 
158,3.95 ,0.0182126 ,0 
159,3.975 ,0.0180897 ,0 
160,4 ,0.0179593 ,0 
161,4.025 ,0.0178216 ,0 
162,4.05 ,0.0176766 ,0 
163,4.075 ,0.0175244 ,0 
164,4.1 ,0.017365 ,0 
165,4.125 ,0.0171986 ,0 
166,4.15 ,0.0170253 ,0 
167,4.175 ,0.016845 ,0 
168,4.2 ,0.016658 ,0 
169,4.225 ,0.0164643 ,0 
170,4.25 ,0.016264 ,0 
171,4.275 ,0.0160572 ,0 
172,4.3 ,0.0158441 ,0 
173,4.325 ,0.0156247 ,0 
174,4.35 ,0.0153992 ,0 
175,4.375 ,0.0151677 ,0 
176,4.4 ,0.0149304 ,0 
177,4.425 ,0.0146873 ,0 
178,4.45 ,0.0144387 ,0 
179,4.475 ,0.0141846 ,0 
180,4.5 ,0.0139252 ,0 
181,4.525 ,0.0136606 ,0 
182,4.55 ,0.0133911 ,0 
183,4.575 ,0.0131167 ,0 
184,4.6 ,0.0128376 ,0 
185,4.625 ,0.0125541 ,0 
186,4.65 ,0.0122661 ,0 
187,4.675 ,0.011974 ,0 
188,4.7 ,0.0116779 ,0 
189,4.725 ,0.0113779 ,0 
190,4.75 ,0.0110743 ,0 
191,4.775 ,0.0107672 ,0 
192,4.8 ,0.0104568 ,0 
193,4.825 ,0.0101433 ,0 
194,4.85 ,0.00982682 ,0 
195,4.875 ,0.0095076 ,0 
196,4.9 ,0.00918582 ,0 
197,4.925 ,0.00886166 ,0 
198,4.95 ,0.00853532 ,0 
199,4.975 ,0.00820698 ,0 
200,5 ,0.00787684 ,0 
201,5.025 ,0.00754509 ,0 
202,5.05 ,0.00721192 ,0 
203,5.075 ,0.00687752 ,0 
204,5.1 ,0.0065421 ,0 
205,5.125 ,0.00620583 ,0 
206,5.15 ,0.00586893 ,0 
207,5.175 ,0.00553158 ,0 
208,5.2 ,0.00519397 ,0 
209,5.225 ,0.0048563 ,0 
210,5.25 ,0.00451877 ,0 
211,5.275 ,0.00418156 ,0 
212,5.3 ,0.00384486 ,0 
213,5.325 ,0.00350887 ,0 
214,5.35 ,0.00317377 ,0 
215,5.375 ,0.00283976 ,0 
216,5.4 ,0.00250702 ,0 
217,5.425 ,0.00217573 ,0 
218,5.45 ,0.00184607 ,0 
219,5.475 ,0.00151824 ,0 
220,5.5 ,0.00119241 ,0 
221,5.525 ,0.000868757 ,0 
222,5.55 ,0.000547456 ,0 
223,5.575 ,0.000228681 ,0 
224,5.6 ,-8.73952e-05 ,0 
225,5.625 ,-0.000400605 ,0 
226,5.65 ,-0.000710783 ,0 
227,5.675 ,-0.00101777 ,0 
228,5.7 ,-0.00132139 ,0 
229,5.725 ,-0.0016215 ,0 
230,5.75 ,-0.00191795 ,0 
231,5.775 ,-0.00221057 ,0 
232,5.8 ,-0.00249922 ,0 
233,5.825 ,-0.00278377 ,0 
234,5.85 ,-0.00306405 ,0 
235,5.875 ,-0.00333995 ,0 
236,5.9 ,-0.00361131 ,0 
237,5.925 ,-0.00387802 ,0 
238,5.95 ,-0.00413994 ,0 
239,5.975 ,-0.00439695 ,0 
240,6 ,-0.00464893 ,0 
241,6.025 ,-0.00489577 ,0 
242,6.05 ,-0.00513735 ,0 
243,6.075 ,-0.00537356 ,0 
244,6.1 ,-0.00560431 ,0 
245,6.125 ,-0.00582948 ,0 
246,6.15 ,-0.00604899 ,0 
247,6.175 ,-0.00626275 ,0 
248,6.2 ,-0.00647066 ,0 
249,6.225 ,-0.00667265 ,0 
250,6.25 ,-0.00686863 ,0 
251,6.275 ,-0.00705853 ,0 
252,6.3 ,-0.00724229 ,0 
253,6.325 ,-0.00741983 ,0 
254,6.35 ,-0.00759109 ,0 
255,6.375 ,-0.00775602 ,0 
256,6.4 ,-0.00791457 ,0 
257,6.425 ,-0.00806669 ,0 
258,6.45 ,-0.00821233 ,0 
259,6.475 ,-0.00835145 ,0 
260,6.5 ,-0.00848402 ,0 
261,6.525 ,-0.00861002 ,0 
262,6.55 ,-0.00872941 ,0 
263,6.575 ,-0.00884217 ,0 
264,6.6 ,-0.00894829 ,0 
265,6.625 ,-0.00904775 ,0 
266,6.65 ,-0.00914054 ,0 
267,6.675 ,-0.00922666 ,0 
268,6.7 ,-0.00930612 ,0 
269,6.725 ,-0.00937891 ,0 
270,6.75 ,-0.00944504 ,0 
271,6.775 ,-0.00950452 ,0 
272,6.8 ,-0.00955738 ,0 
273,6.825 ,-0.00960364 ,0 
274,6.85 ,-0.00964331 ,0 
275,6.875 ,-0.00967643 ,0 
276,6.9 ,-0.00970302 ,0 
277,6.925 ,-0.00972314 ,0 
278,6.95 ,-0.00973681 ,0 
279,6.975 ,-0.00974408 ,0 
280,7 ,-0.009745 ,0 
281,7.025 ,-0.00973963 ,0 
282,7.05 ,-0.00972801 ,0 
283,7.075 ,-0.0097102 ,0 
284,7.1 ,-0.00968627 ,0 
285,7.125 ,-0.00965628 ,0 
286,7.15 ,-0.00962029 ,0 
287,7.175 ,-0.0095784 ,0 
288,7.2 ,-0.00953065 ,0 
289,7.225 ,-0.00947715 ,0 
290,7.25 ,-0.00941795 ,0 
291,7.275 ,-0.00935316 ,0 
292,7.3 ,-0.00928285 ,0 
293,7.325 ,-0.00920712 ,0 
294,7.35 ,-0.00912606 ,0 
295,7.375 ,-0.00903975 ,0 
296,7.4 ,-0.0089483 ,0 
297,7.425 ,-0.00885181 ,0 
298,7.45 ,-0.00875038 ,0 
299,7.475 ,-0.00864411 ,0 
300,7.5 ,-0.00853311 ,0 
301,7.525 ,-0.00841749 ,0 
302,7.55 ,-0.00829735 ,0 
303,7.575 ,-0.0081728 ,0 
304,7.6 ,-0.00804397 ,0 
305,7.625 ,-0.00791096 ,0 
306,7.65 ,-0.00777389 ,0 
307,7.675 ,-0.00763288 ,0 
308,7.7 ,-0.00748805 ,0 
309,7.725 ,-0.00733951 ,0 
310,7.75 ,-0.00718739 ,0 
311,7.775 ,-0.00703182 ,0 
312,7.8 ,-0.0068729 ,0 
313,7.825 ,-0.00671078 ,0 
314,7.85 ,-0.00654557 ,0 
315,7.875 ,-0.00637741 ,0 
316,7.9 ,-0.0062064 ,0 
317,7.925 ,-0.0060327 ,0 
318,7.95 ,-0.00585641 ,0 
319,7.975 ,-0.00567767 ,0 
320,8 ,-0.0054966 ,0 
321,8.025 ,-0.00531334 ,0 
322,8.05 ,-0.00512801 ,0 
323,8.075 ,-0.00494074 ,0 
324,8.1 ,-0.00475166 ,0 
325,8.125 ,-0.00456089 ,0 
326,8.15 ,-0.00436856 ,0 
327,8.175 ,-0.00417481 ,0 
328,8.2 ,-0.00397975 ,0 
329,8.225 ,-0.00378351 ,0 
330,8.25 ,-0.00358622 ,0 
331,8.275 ,-0.003388 ,0 
332,8.3 ,-0.00318898 ,0 
333,8.325 ,-0.00298928 ,0 
334,8.35 ,-0.00278903 ,0 
335,8.375 ,-0.00258833 ,0 
336,8.4 ,-0.00238732 ,0 
337,8.425 ,-0.00218611 ,0 
338,8.45 ,-0.00198483 ,0 
339,8.475 ,-0.00178358 ,0 
340,8.5 ,-0.00158249 ,0 
341,8.525 ,-0.00138166 ,0 
342,8.55 ,-0.00118121 ,0 
343,8.575 ,-0.000981261 ,0 
344,8.6 ,-0.00078191 ,0 
345,8.625 ,-0.000583269 ,0 
346,8.65 ,-0.000385445 ,0 
347,8.675 ,-0.000188542 ,0 
348,8.7 ,7.33458e-06 ,0 
349,8.725 ,0.000202085 ,0 
350,8.75 ,0.000395609 ,0 
351,8.775 ,0.000587809 ,0 
352,8.8 ,0.00077859 ,0 
353,8.825 ,0.000967856 ,0 
354,8.85 ,0.00115552 ,0 
355,8.875 ,0.00134148 ,0 
356,8.9 ,0.00152566 ,0 
357,8.925 ,0.00170797 ,0 
358,8.95 ,0.00188833 ,0 
359,8.975 ,0.00206665 ,0 
360,9 ,0.00224285 ,0 
361,9.025 ,0.00241687 ,0 
362,9.05 ,0.00258861 ,0 
363,9.075 ,0.00275802 ,0 
364,9.1 ,0.00292501 ,0 
365,9.125 ,0.00308953 ,0 
366,9.15 ,0.0032515 ,0 
367,9.175 ,0.00341085 ,0 
368,9.2 ,0.00356754 ,0 
369,9.225 ,0.00372149 ,0 
370,9.25 ,0.00387266 ,0 
371,9.275 ,0.00402098 ,0 
372,9.3 ,0.00416641 ,0 
373,9.325 ,0.00430889 ,0 
374,9.35 ,0.00444837 ,0 
375,9.375 ,0.00458482 ,0 
376,9.4 ,0.00471818 ,0 
377,9.425 ,0.00484842 ,0 
378,9.45 ,0.00497549 ,0 
379,9.475 ,0.00509937 ,0 
380,9.5 ,0.00522001 ,0 
381,9.525 ,0.00533738 ,0 
382,9.55 ,0.00545146 ,0 
383,9.575 ,0.00556222 ,0 
384,9.6 ,0.00566963 ,0 
385,9.625 ,0.00577366 ,0 
386,9.65 ,0.00587431 ,0 
387,9.675 ,0.00597154 ,0 
388,9.7 ,0.00606535 ,0 
389,9.725 ,0.00615571 ,0 
390,9.75 ,0.00624262 ,0 
391,9.775 ,0.00632606 ,0 
392,9.8 ,0.00640603 ,0 
393,9.825 ,0.00648252 ,0 
394,9.85 ,0.00655552 ,0 
395,9.875 ,0.00662505 ,0 
396,9.9 ,0.00669108 ,0 
397,9.925 ,0.00675363 ,0 
398,9.95 ,0.0068127 ,0 
399,9.975 ,0.00686829 ,0 
400,10 ,0.00692041 ,0 
401,10.025 ,0.00696907 ,0 
402,10.05 ,0.00701428 ,0 
403,10.075 ,0.00705606 ,0 
404,10.1 ,0.00709441 ,0 
405,10.125 ,0.00712936 ,0 
406,10.15 ,0.00716092 ,0 
407,10.175 ,0.0071891 ,0 
408,10.2 ,0.00721393 ,0 
409,10.225 ,0.00723544 ,0 
410,10.25 ,0.00725364 ,0 
411,10.275 ,0.00726856 ,0 
412,10.3 ,0.00728022 ,0 
413,10.325 ,0.00728866 ,0 
414,10.35 ,0.0072939 ,0 
415,10.375 ,0.00729598 ,0 
416,10.4 ,0.00729491 ,0 
417,10.425 ,0.00729074 ,0 
418,10.45 ,0.0072835 ,0 
419,10.475 ,0.00727322 ,0 
420,10.5 ,0.00725993 ,0 
421,10.525 ,0.00724368 ,0 
422,10.55 ,0.0072245 ,0 
423,10.575 ,0.00720243 ,0 
424,10.6 ,0.0071775 ,0 
425,10.625 ,0.00714976 ,0 
426,10.65 ,0.00711924 ,0 
427,10.675 ,0.00708598 ,0 
428,10.7 ,0.00705003 ,0 
429,10.725 ,0.00701143 ,0 
430,10.75 ,0.00697022 ,0 
431,10.775 ,0.00692645 ,0 
432,10.8 ,0.00688015 ,0 
433,10.825 ,0.00683137 ,0 
434,10.85 ,0.00678015 ,0 
435,10.875 ,0.00672655 ,0 
436,10.9 ,0.0066706 ,0 
437,10.925 ,0.00661235 ,0 
438,10.95 ,0.00655185 ,0 
439,10.975 ,0.00648914 ,0 
440,11 ,0.00642426 ,0 
441,11.025 ,0.00635728 ,0 
442,11.05 ,0.00628823 ,0 
443,11.075 ,0.00621715 ,0 
444,11.1 ,0.00614411 ,0 
445,11.125 ,0.00606914 ,0 
446,11.15 ,0.00599229 ,0 
447,11.175 ,0.00591361 ,0 
448,11.2 ,0.00583315 ,0 
449,11.225 ,0.00575095 ,0 
450,11.25 ,0.00566706 ,0 
451,11.275 ,0.00558154 ,0 
452,11.3 ,0.00549443 ,0 
453,11.325 ,0.00540577 ,0 
454,11.35 ,0.00531561 ,0 
455,11.375 ,0.005224 ,0 
456,11.4 ,0.00513099 ,0 
457,11.425 ,0.00503663 ,0 
458,11.45 ,0.00494096 ,0 
459,11.475 ,0.00484403 ,0 
460,11.5 ,0.00474588 ,0 
461,11.525 ,0.00464657 ,0 
462,11.55 ,0.00454613 ,0 
463,11.575 ,0.00444462 ,0 
464,11.6 ,0.00434208 ,0 
465,11.625 ,0.00423855 ,0 
466,11.65 ,0.00413409 ,0 
467,11.675 ,0.00402872 ,0 
468,11.7 ,0.00392251 ,0 
469,11.725 ,0.00381549 ,0 
470,11.75 ,0.00370771 ,0 
471,11.775 ,0.00359921 ,0 
472,11.8 ,0.00349004 ,0 
473,11.825 ,0.00338022 ,0 
474,11.85 ,0.00326982 ,0 
475,11.875 ,0.00315887 ,0 
476,11.9 ,0.00304741 ,0 
477,11.925 ,0.00293548 ,0 
478,11.95 ,0.00282313 ,0 
479,11.975 ,0.00271038 ,0 
480,12 ,0.00259729 ,0 
481,12.025 ,0.00248389 ,0 
482,12.05 ,0.00237023 ,0 
483,12.075 ,0.00225633 ,0 
484,12.1 ,0.00214223 ,0 
485,12.125 ,0.00202798 ,0 
486,12.15 ,0.00191361 ,0 
487,12.175 ,0.00179915 ,0 
488,12.2 ,0.00168465 ,0 
489,12.225 ,0.00157013 ,0 
490,12.25 ,0.00145563 ,0 
491,12.275 ,0.00134119 ,0 
492,12.3 ,0.00122683 ,0 
493,12.325 ,0.0011126 ,0 
494,12.35 ,0.00099852 ,0 
495,12.375 ,0.000884624 ,0 
496,12.4 ,0.000770945 ,0 
497,12.425 ,0.000657512 ,0 
498,12.45 ,0.000544357 ,0 
499,12.475 ,0.000431509 ,0 
500,12.5 ,0.000318996 ,0 
501,12.525 ,0.000206848 ,0 
502,12.55 ,9.5091e-05 ,0 
503,12.575 ,-1.62463e-05 ,0 
504,12.6 ,-0.000127138 ,0 
505,12.625 ,-0.000237557 ,0 
506,12.65 ,-0.000347478 ,0 
507,12.675 ,-0.000456876 ,0 
508,12.7 ,-0.000565727 ,0 
509,12.725 ,-0.000674007 ,0 
510,12.75 ,-0.000781692 ,0 
511,12.775 ,-0.00088876 ,0 
512,12.8 ,-0.000995188 ,0 
513,12.825 ,-0.00110095 ,0 
514,12.85 ,-0.00120604 ,0 
515,12.875 ,-0.00131042 ,0 
516,12.9 ,-0.00141408 ,0 
517,12.925 ,-0.00151699 ,0 
518,12.95 ,-0.00161915 ,0 
519,12.975 ,-0.00172052 ,0 
520,13 ,-0.0018211 ,0 
521,13.025 ,-0.00192086 ,0 
522,13.05 ,-0.00201979 ,0 
523,13.075 ,-0.00211787 ,0 
524,13.1 ,-0.00221509 ,0 
525,13.125 ,-0.00231143 ,0 
526,13.15 ,-0.00240687 ,0 
527,13.175 ,-0.00250141 ,0 
528,13.2 ,-0.00259502 ,0 
529,13.225 ,-0.00268771 ,0 
530,13.25 ,-0.00277944 ,0 
531,13.275 ,-0.00287021 ,0 
532,13.3 ,-0.00296002 ,0 
533,13.325 ,-0.00304884 ,0 
534,13.35 ,-0.00313666 ,0 
535,13.375 ,-0.00322349 ,0 
536,13.4 ,-0.0033093 ,0 
537,13.425 ,-0.00339409 ,0 
538,13.45 ,-0.00347784 ,0 
539,13.475 ,-0.00356056 ,0 
540,13.5 ,-0.00364223 ,0 
541,13.525 ,-0.00372285 ,0 
542,13.55 ,-0.0038024 ,0 
543,13.575 ,-0.00388088 ,0 
544,13.6 ,-0.00395829 ,0 
545,13.625 ,-0.00403462 ,0 
546,13.65 ,-0.00410986 ,0 
547,13.675 ,-0.00418401 ,0 
548,13.7 ,-0.00425707 ,0 
549,13.725 ,-0.00432902 ,0 
550,13.75 ,-0.00439987 ,0 
551,13.775 ,-0.00446962 ,0 
552,13.8 ,-0.00453825 ,0 
553,13.825 ,-0.00460577 ,0 
554,13.85 ,-0.00467218 ,0 
555,13.875 ,-0.00473747 ,0 
556,13.9 ,-0.00480164 ,0 
557,13.925 ,-0.00486469 ,0 
558,13.95 ,-0.00492662 ,0 
559,13.975 ,-0.00498743 ,0 
560,14 ,-0.00504712 ,0 
561,14.025 ,-0.00510569 ,0 
562,14.05 ,-0.00516313 ,0 
563,14.075 ,-0.00521946 ,0 
564,14.1 ,-0.00527467 ,0 
565,14.125 ,-0.00532876 ,0 
566,14.15 ,-0.00538173 ,0 
567,14.175 ,-0.00543359 ,0 
568,14.2 ,-0.00548434 ,0 
569,14.225 ,-0.00553398 ,0 
570,14.25 ,-0.00558251 ,0 
571,14.275 ,-0.00562994 ,0 
572,14.3 ,-0.00567626 ,0 
573,14.325 ,-0.0057215 ,0 
574,14.35 ,-0.00576563 ,0 
575,14.375 ,-0.00580868 ,0 
576,14.4 ,-0.00585065 ,0 
577,14.425 ,-0.00589153 ,0 
578,14.45 ,-0.00593134 ,0 
579,14.475 ,-0.00597007 ,0 
580,14.5 ,-0.00600774 ,0 
581,14.525 ,-0.00604436 ,0 
582,14.55 ,-0.00607991 ,0 
583,14.575 ,-0.00611442 ,0 
584,14.6 ,-0.00614788 ,0 
585,14.625 ,-0.00618031 ,0 
586,14.65 ,-0.0062117 ,0 
587,14.675 ,-0.00624207 ,0 
588,14.7 ,-0.00627142 ,0 
589,14.725 ,-0.00629976 ,0 
590,14.75 ,-0.0063271 ,0 
591,14.775 ,-0.00635344 ,0 
592,14.8 ,-0.00637879 ,0 
593,14.825 ,-0.00640316 ,0 
594,14.85 ,-0.00642655 ,0 
595,14.875 ,-0.00644897 ,0 
596,14.9 ,-0.00647044 ,0 
597,14.925 ,-0.00649095 ,0 
598,14.95 ,-0.00651051 ,0 
599,14.975 ,-0.00652915 ,0 
600,15 ,-0.00654685 ,0 
601,15.025 ,-0.00656363 ,0 
602,15.05 ,-0.00657951 ,0 
603,15.075 ,-0.00659448 ,0 
604,15.1 ,-0.00660855 ,0 
605,15.125 ,-0.00662175 ,0 
606,15.15 ,-0.00663406 ,0 
607,15.175 ,-0.00664551 ,0 
608,15.2 ,-0.00665609 ,0 
609,15.225 ,-0.00666583 ,0 
610,15.25 ,-0.00667473 ,0 
611,15.275 ,-0.00668279 ,0 
612,15.3 ,-0.00669004 ,0 
613,15.325 ,-0.00669646 ,0 
614,15.35 ,-0.00670209 ,0 
615,15.375 ,-0.00670692 ,0 
616,15.4 ,-0.00671096 ,0 
617,15.425 ,-0.00671423 ,0 
618,15.45 ,-0.00671673 ,0 
619,15.475 ,-0.00671848 ,0 
620,15.5 ,-0.00671947 ,0 
621,15.525 ,-0.00671973 ,0 
622,15.55 ,-0.00671926 ,0 
623,15.575 ,-0.00671806 ,0 
624,15.6 ,-0.00671616 ,0 
625,15.625 ,-0.00671356 ,0 
626,15.65 ,-0.00671027 ,0 
627,15.675 ,-0.0067063 ,0 
628,15.7 ,-0.00670165 ,0 
629,15.725 ,-0.00669635 ,0 
630,15.75 ,-0.00669039 ,0 
631,15.775 ,-0.00668379 ,0 
632,15.8 ,-0.00667655 ,0 
633,15.825 ,-0.00666869 ,0 
634,15.85 ,-0.00666022 ,0 
635,15.875 ,-0.00665114 ,0 
636,15.9 ,-0.00664147 ,0 
637,15.925 ,-0.00663121 ,0 
638,15.95 ,-0.00662038 ,0 
639,15.975 ,-0.00660898 ,0 
640,16 ,-0.00659702 ,0 
641,16.025 ,-0.00658451 ,0 
642,16.05 ,-0.00657147 ,0 
643,16.075 ,-0.0065579 ,0 
644,16.1 ,-0.0065438 ,0 
645,16.125 ,-0.0065292 ,0 
646,16.15 ,-0.0065141 ,0 
647,16.175 ,-0.0064985 ,0 
648,16.2 ,-0.00648242 ,0 
649,16.225 ,-0.00646586 ,0 
650,16.25 ,-0.00644885 ,0 
651,16.275 ,-0.00643137 ,0 
652,16.3 ,-0.00641345 ,0 
653,16.325 ,-0.00639509 ,0 
654,16.35 ,-0.0063763 ,0 
655,16.375 ,-0.00635709 ,0 
656,16.4 ,-0.00633747 ,0 
657,16.425 ,-0.00631745 ,0 
658,16.45 ,-0.00629703 ,0 
659,16.475 ,-0.00627623 ,0 
660,16.5 ,-0.00625505 ,0 
661,16.525 ,-0.0062335 ,0 
662,16.55 ,-0.00621159 ,0 
663,16.575 ,-0.00618933 ,0 
664,16.6 ,-0.00616673 ,0 
665,16.625 ,-0.00614379 ,0 
666,16.65 ,-0.00612052 ,0 
667,16.675 ,-0.00609694 ,0 
668,16.7 ,-0.00607304 ,0 
669,16.725 ,-0.00604884 ,0 
670,16.75 ,-0.00602435 ,0 
671,16.775 ,-0.00599956 ,0 
672,16.8 ,-0.0059745 ,0 
673,16.825 ,-0.00594917 ,0 
674,16.85 ,-0.00592357 ,0 
675,16.875 ,-0.00589771 ,0 
676,16.9 ,-0.00587161 ,0 
677,16.925 ,-0.00584526 ,0 
678,16.95 ,-0.00581868 ,0 
679,16.975 ,-0.00579187 ,0 
680,17 ,-0.00576484 ,0 
681,17.025 ,-0.0057376 ,0 
682,17.05 ,-0.00571015 ,0 
683,17.075 ,-0.00568251 ,0 
684,17.1 ,-0.00565467 ,0 
685,17.125 ,-0.00562664 ,0 
686,17.15 ,-0.00559844 ,0 
687,17.175 ,-0.00557006 ,0 
688,17.2 ,-0.00554152 ,0 
689,17.225 ,-0.00551282 ,0 
690,17.25 ,-0.00548396 ,0 
691,17.275 ,-0.00545496 ,0 
692,17.3 ,-0.00542582 ,0 
693,17.325 ,-0.00539655 ,0 
694,17.35 ,-0.00536715 ,0 
695,17.375 ,-0.00533763 ,0 
696,17.4 ,-0.00530799 ,0 
697,17.425 ,-0.00527824 ,0 
698,17.45 ,-0.00524838 ,0 
699,17.475 ,-0.00521843 ,0 
700,17.5 ,-0.00518839 ,0 
701,17.525 ,-0.00515826 ,0 
702,17.55 ,-0.00512804 ,0 
703,17.575 ,-0.00509775 ,0 
704,17.6 ,-0.00506739 ,0 
705,17.625 ,-0.00503697 ,0 
706,17.65 ,-0.00500648 ,0 
707,17.675 ,-0.00497594 ,0 
708,17.7 ,-0.00494534 ,0 
709,17.725 ,-0.00491471 ,0 
710,17.75 ,-0.00488403 ,0 
711,17.775 ,-0.00485331 ,0 
712,17.8 ,-0.00482257 ,0 
713,17.825 ,-0.0047918 ,0 
714,17.85 ,-0.00476101 ,0 
715,17.875 ,-0.0047302 ,0 
716,17.9 ,-0.00469937 ,0 
717,17.925 ,-0.00466854 ,0 
718,17.95 ,-0.00463771 ,0 
719,17.975 ,-0.00460687 ,0 
720,18 ,-0.00457604 ,0 
721,18.025 ,-0.00454522 ,0 
722,18.05 ,-0.00451441 ,0 
723,18.075 ,-0.00448362 ,0 
724,18.1 ,-0.00445285 ,0 
725,18.125 ,-0.0044221 ,0 
726,18.15 ,-0.00439138 ,0 
727,18.175 ,-0.00436069 ,0 
728,18.2 ,-0.00433003 ,0 
729,18.225 ,-0.00429942 ,0 
730,18.25 ,-0.00426885 ,0 
731,18.275 ,-0.00423832 ,0 
732,18.3 ,-0.00420784 ,0 
733,18.325 ,-0.00417742 ,0 
734,18.35 ,-0.00414704 ,0 
735,18.375 ,-0.00411673 ,0 
736,18.4 ,-0.00408648 ,0 
737,18.425 ,-0.0040563 ,0 
738,18.45 ,-0.00402618 ,0 
739,18.475 ,-0.00399613 ,0 
740,18.5 ,-0.00396616 ,0 
741,18.525 ,-0.00393626 ,0 
742,18.55 ,-0.00390644 ,0 
743,18.575 ,-0.0038767 ,0 
744,18.6 ,-0.00384705 ,0 
745,18.625 ,-0.00381748 ,0 
746,18.65 ,-0.003788 ,0 
747,18.675 ,-0.00375862 ,0 
748,18.7 ,-0.00372932 ,0 
749,18.725 ,-0.00370013 ,0 
750,18.75 ,-0.00367103 ,0 
751,18.775 ,-0.00364203 ,0 
752,18.8 ,-0.00361314 ,0 
753,18.825 ,-0.00358435 ,0 
754,18.85 ,-0.00355567 ,0 
755,18.875 ,-0.00352709 ,0 
756,18.9 ,-0.00349863 ,0 
757,18.925 ,-0.00347028 ,0 
758,18.95 ,-0.00344205 ,0 
759,18.975 ,-0.00341393 ,0 
760,19 ,-0.00338593 ,0 
761,19.025 ,-0.00335805 ,0 
762,19.05 ,-0.00333029 ,0 
763,19.075 ,-0.00330265 ,0 
764,19.1 ,-0.00327514 ,0 
765,19.125 ,-0.00324775 ,0 
766,19.15 ,-0.0032205 ,0 
767,19.175 ,-0.00319337 ,0 
768,19.2 ,-0.00316637 ,0 
769,19.225 ,-0.0031395 ,0 
770,19.25 ,-0.00311277 ,0 
771,19.275 ,-0.00308616 ,0 
772,19.3 ,-0.0030597 ,0 
773,19.325 ,-0.00303337 ,0 
774,19.35 ,-0.00300718 ,0 
775,19.375 ,-0.00298113 ,0 
776,19.4 ,-0.00295521 ,0 
777,19.425 ,-0.00292944 ,0 
778,19.45 ,-0.00290381 ,0 
779,19.475 ,-0.00287832 ,0 
780,19.5 ,-0.00285297 ,0 
781,19.525 ,-0.00282777 ,0 
782,19.55 ,-0.00280272 ,0 
783,19.575 ,-0.0027778 ,0 
784,19.6 ,-0.00275304 ,0 
785,19.625 ,-0.00272842 ,0 
786,19.65 ,-0.00270395 ,0 
787,19.675 ,-0.00267963 ,0 
788,19.7 ,-0.00265546 ,0 
789,19.725 ,-0.00263144 ,0 
790,19.75 ,-0.00260756 ,0 
791,19.775 ,-0.00258384 ,0 
792,19.8 ,-0.00256027 ,0 
793,19.825 ,-0.00253685 ,0 
794,19.85 ,-0.00251358 ,0 
795,19.875 ,-0.00249046 ,0 
796,19.9 ,-0.0024675 ,0 
797,19.925 ,-0.00244469 ,0 
798,19.95 ,-0.00242203 ,0 
799,19.975 ,-0.00239952 ,0 
800,20 ,-0.00237717 ,0 
801,20.025 ,-0.00235497 ,0 
802,20.05 ,-0.00233293 ,0 
803,20.075 ,-0.00231104 ,0 
804,20.1 ,-0.00228931 ,0 
805,20.125 ,-0.00226772 ,0 
806,20.15 ,-0.0022463 ,0 
807,20.175 ,-0.00222502 ,0 
808,20.2 ,-0.00220391 ,0 
809,20.225 ,-0.00218294 ,0 
810,20.25 ,-0.00216213 ,0 
811,20.275 ,-0.00214148 ,0 
812,20.3 ,-0.00212098 ,0 
813,20.325 ,-0.00210063 ,0 
814,20.35 ,-0.00208044 ,0 
815,20.375 ,-0.0020604 ,0 
816,20.4 ,-0.00204052 ,0 
817,20.425 ,-0.00202079 ,0 
818,20.45 ,-0.00200121 ,0 
819,20.475 ,-0.00198179 ,0 
820,20.5 ,-0.00196252 ,0 
821,20.525 ,-0.0019434 ,0 
822,20.55 ,-0.00192443 ,0 
823,20.575 ,-0.00190562 ,0 
824,20.6 ,-0.00188696 ,0 
825,20.625 ,-0.00186845 ,0 
826,20.65 ,-0.00185009 ,0 
827,20.675 ,-0.00183189 ,0 
828,20.7 ,-0.00181383 ,0 
829,20.725 ,-0.00179593 ,0 
830,20.75 ,-0.00177817 ,0 
831,20.775 ,-0.00176057 ,0 
832,20.8 ,-0.00174311 ,0 
833,20.825 ,-0.00172581 ,0 
834,20.85 ,-0.00170865 ,0 
835,20.875 ,-0.00169164 ,0 
836,20.9 ,-0.00167478 ,0 
837,20.925 ,-0.00165806 ,0 
838,20.95 ,-0.00164149 ,0 
839,20.975 ,-0.00162507 ,0 
840,21 ,-0.00160879 ,0 
841,21.025 ,-0.00159266 ,0 
842,21.05 ,-0.00157668 ,0 
843,21.075 ,-0.00156083 ,0 
844,21.1 ,-0.00154514 ,0 
845,21.125 ,-0.00152958 ,0 
846,21.15 ,-0.00151417 ,0 
847,21.175 ,-0.0014989 ,0 
848,21.2 ,-0.00148377 ,0 
849,21.225 ,-0.00146878 ,0 
850,21.25 ,-0.00145393 ,0 
851,21.275 ,-0.00143922 ,0 
852,21.3 ,-0.00142465 ,0 
853,21.325 ,-0.00141022 ,0 
854,21.35 ,-0.00139593 ,0 
855,21.375 ,-0.00138177 ,0 
856,21.4 ,-0.00136775 ,0 
857,21.425 ,-0.00135387 ,0 
858,21.45 ,-0.00134012 ,0 
859,21.475 ,-0.00132651 ,0 
860,21.5 ,-0.00131303 ,0 
861,21.525 ,-0.00129969 ,0 
862,21.55 ,-0.00128647 ,0 
863,21.575 ,-0.00127339 ,0 
864,21.6 ,-0.00126045 ,0 
865,21.625 ,-0.00124763 ,0 
866,21.65 ,-0.00123494 ,0 
867,21.675 ,-0.00122239 ,0 
868,21.7 ,-0.00120996 ,0 
869,21.725 ,-0.00119766 ,0 
870,21.75 ,-0.00118549 ,0 
871,21.775 ,-0.00117344 ,0 
872,21.8 ,-0.00116152 ,0 
873,21.825 ,-0.00114973 ,0 
874,21.85 ,-0.00113806 ,0 
875,21.875 ,-0.00112651 ,0 
876,21.9 ,-0.00111509 ,0 
877,21.925 ,-0.0011038 ,0 
878,21.95 ,-0.00109262 ,0 
879,21.975 ,-0.00108157 ,0 
880,22 ,-0.00107063 ,0 
881,22.025 ,-0.00105982 ,0 
882,22.05 ,-0.00104913 ,0 
883,22.075 ,-0.00103855 ,0 
884,22.1 ,-0.00102809 ,0 
885,22.125 ,-0.00101775 ,0 
886,22.15 ,-0.00100753 ,0 
887,22.175 ,-0.000997425 ,0 
888,22.2 ,-0.000987433 ,0 
889,22.225 ,-0.000977556 ,0 
890,22.25 ,-0.000967794 ,0 
891,22.275 ,-0.000958144 ,0 
892,22.3 ,-0.000948607 ,0 
893,22.325 ,-0.000939182 ,0 
894,22.35 ,-0.000929868 ,0 
895,22.375 ,-0.000920665 ,0 
896,22.4 ,-0.000911572 ,0 
897,22.425 ,-0.000902588 ,0 
898,22.45 ,-0.000893713 ,0 
899,22.475 ,-0.000884945 ,0 
900,22.5 ,-0.000876285 ,0 
901,22.525 ,-0.000867731 ,0 
902,22.55 ,-0.000859283 ,0 
903,22.575 ,-0.000850941 ,0 
904,22.6 ,-0.000842703 ,0 
905,22.625 ,-0.000834569 ,0 
906,22.65 ,-0.000826539 ,0 
907,22.675 ,-0.000818611 ,0 
908,22.7 ,-0.000810785 ,0 
909,22.725 ,-0.000803061 ,0 
910,22.75 ,-0.000795437 ,0 
911,22.775 ,-0.000787913 ,0 
912,22.8 ,-0.00078049 ,0 
913,22.825 ,-0.000773164 ,0 
914,22.85 ,-0.000765938 ,0 
915,22.875 ,-0.000758809 ,0 
916,22.9 ,-0.000751777 ,0 
917,22.925 ,-0.000744841 ,0 
918,22.95 ,-0.000738001 ,0 
919,22.975 ,-0.000731257 ,0 
920,23 ,-0.000724607 ,0 
921,23.025 ,-0.000718052 ,0 
922,23.05 ,-0.000711589 ,0 
923,23.075 ,-0.00070522 ,0 
924,23.1 ,-0.000698943 ,0 
925,23.125 ,-0.000692758 ,0 
926,23.15 ,-0.000686665 ,0 
927,23.175 ,-0.000680661 ,0 
928,23.2 ,-0.000674748 ,0 
929,23.225 ,-0.000668925 ,0 
930,23.25 ,-0.00066319 ,0 
931,23.275 ,-0.000657545 ,0 
932,23.3 ,-0.000651987 ,0 
933,23.325 ,-0.000646516 ,0 
934,23.35 ,-0.000641133 ,0 
935,23.375 ,-0.000635835 ,0 
936,23.4 ,-0.000630624 ,0 
937,23.425 ,-0.000625498 ,0 
938,23.45 ,-0.000620458 ,0 
939,23.475 ,-0.000615501 ,0 
940,23.5 ,-0.000610629 ,0 
941,23.525 ,-0.000605839 ,0 
942,23.55 ,-0.000601133 ,0 
943,23.575 ,-0.00059651 ,0 
944,23.6 ,-0.000591968 ,0 
945,23.625 ,-0.000587508 ,0 
946,23.65 ,-0.00058313 ,0 
947,23.675 ,-0.000578832 ,0 
948,23.7 ,-0.000574614 ,0 
949,23.725 ,-0.000570476 ,0 
950,23.75 ,-0.000566418 ,0 
951,23.775 ,-0.000562439 ,0 
952,23.8 ,-0.000558538 ,0 
953,23.825 ,-0.000554716 ,0 
954,23.85 ,-0.000550971 ,0 
955,23.875 ,-0.000547304 ,0 
956,23.9 ,-0.000543714 ,0 
957,23.925 ,-0.0005402 ,0 
958,23.95 ,-0.000536763 ,0 
959,23.975 ,-0.000533402 ,0 
960,24 ,-0.000530117 ,0 
961,24.025 ,-0.000526907 ,0 
962,24.05 ,-0.000523772 ,0 
963,24.075 ,-0.000520711 ,0 
964,24.1 ,-0.000517725 ,0 
965,24.125 ,-0.000514813 ,0 
966,24.15 ,-0.000511974 ,0 
967,24.175 ,-0.000509209 ,0 
968,24.2 ,-0.000506517 ,0 
969,24.225 ,-0.000503898 ,0 
970,24.25 ,-0.000501351 ,0 
971,24.275 ,-0.000498877 ,0 
972,24.3 ,-0.000496475 ,0 
973,24.325 ,-0.000494144 ,0 
974,24.35 ,-0.000491885 ,0 
975,24.375 ,-0.000489697 ,0 
976,24.4 ,-0.00048758 ,0 
977,24.425 ,-0.000485534 ,0 
978,24.45 ,-0.000483559 ,0 
979,24.475 ,-0.000481654 ,0 
980,24.5 ,-0.000479819 ,0 
981,24.525 ,-0.000478055 ,0 
982,24.55 ,-0.00047636 ,0 
983,24.575 ,-0.000474735 ,0 
984,24.6 ,-0.000473179 ,0 
985,24.625 ,-0.000471693 ,0 
986,24.65 ,-0.000470276 ,0 
987,24.675 ,-0.000468928 ,0 
988,24.7 ,-0.000467649 ,0 
989,24.725 ,-0.000466439 ,0 
990,24.75 ,-0.000465298 ,0 
991,24.775 ,-0.000464225 ,0 
992,24.8 ,-0.000463221 ,0 
993,24.825 ,-0.000462285 ,0 
994,24.85 ,-0.000461418 ,0 
995,24.875 ,-0.000460619 ,0 
996,24.9 ,-0.000459888 ,0 
997,24.925 ,-0.000459225 ,0 
998,24.95 ,-0.000458631 ,0 
999,24.975 ,-0.000458105 ,0 
1000,25 ,-0.000457647 ,0 