N_e = 20
1,0.025 ,0.0020565 ,0 
2,0.05 ,0.0020565 ,0 
3,0.075 ,0.00279267 ,0 
4,0.1 ,0.00362768 ,0 
5,0.125 ,0.0044898 ,0 
6,0.15 ,0.00536123 ,0 
7,0.175 ,0.00623561 ,0 
8,0.2 ,0.00711009 ,0 
9,0.225 ,0.00798309 ,0 
10,0.25 ,0.0088536 ,0 
11,0.275 ,0.00972088 ,0 
12,0.3 ,0.0105843 ,0 
13,0.325 ,0.0114435 ,0 
14,0.35 ,0.0122978 ,0 
15,0.375 ,0.0131469 ,0 
16,0.4 ,0.0139903 ,0 
17,0.425 ,0.0148277 ,0 
18,0.45 ,0.0156587 ,0 
19,0.475 ,0.0164829 ,0 
20,0.5 ,0.0172999 ,0 
21,0.525 ,0.0181093 ,0 
22,0.55 ,0.0189109 ,0 
23,0.575 ,0.0197043 ,0 
24,0.6 ,0.020489 ,0 
25,0.625 ,0.0212649 ,0 
26,0.65 ,0.0220314 ,0 
27,0.675 ,0.0227884 ,0 
28,0.7 ,0.0235355 ,0 
29,0.725 ,0.0242724 ,0 
30,0.75 ,0.0249988 ,0 
31,0.775 ,0.0257143 ,0 
32,0.8 ,0.0264187 ,0 
33,0.825 ,0.0271116 ,0 
34,0.85 ,0.0277929 ,0 
35,0.875 ,0.0284622 ,0 
36,0.9 ,0.0291192 ,0 
37,0.925 ,0.0297637 ,0 
38,0.95 ,0.0303955 ,0 
39,0.975 ,0.0310142 ,0 
40,1 ,0.0316196 ,0 
41,1.025 ,0.0322115 ,0 
42,1.05 ,0.0327897 ,0 
43,1.075 ,0.033354 ,0 
44,1.1 ,0.033904 ,0 
45,1.125 ,0.0344397 ,0 
46,1.15 ,0.0349608 ,0 
47,1.175 ,0.0354671 ,0 
48,1.2 ,0.0359584 ,0 
49,1.225 ,0.0364347 ,0 
50,1.25 ,0.0368956 ,0 
51,1.275 ,0.0373411 ,0 
52,1.3 ,0.0377709 ,0 
53,1.325 ,0.038185 ,0 
54,1.35 ,0.0385832 ,0 
55,1.375 ,0.0389655 ,0 
56,1.4 ,0.0393315 ,0 
57,1.425 ,0.0396814 ,0 
58,1.45 ,0.0400149 ,0 
59,1.475 ,0.040332 ,0 
60,1.5 ,0.0406325 ,0 
61,1.525 ,0.0409165 ,0 
62,1.55 ,0.0411838 ,0 
63,1.575 ,0.0414344 ,0 
64,1.6 ,0.0416683 ,0 
65,1.625 ,0.0418853 ,0 
66,1.65 ,0.0420855 ,0 
67,1.675 ,0.0422688 ,0 
68,1.7 ,0.0424353 ,0 
69,1.725 ,0.0425849 ,0 
70,1.75 ,0.0427176 ,0 
71,1.775 ,0.0428334 ,0 
72,1.8 ,0.0429324 ,0 
73,1.825 ,0.0430146 ,0 
74,1.85 ,0.04308 ,0 
75,1.875 ,0.0431287 ,0 
76,1.9 ,0.0431606 ,0 
77,1.925 ,0.043176 ,0 
78,1.95 ,0.0431748 ,0 
79,1.975 ,0.0431571 ,0 
80,2 ,0.043123 ,0 
81,2.025 ,0.0430726 ,0 
82,2.05 ,0.043006 ,0 
83,2.075 ,0.0429233 ,0 
84,2.1 ,0.0428246 ,0 
85,2.125 ,0.0427101 ,0 
86,2.15 ,0.0425798 ,0 
87,2.175 ,0.042434 ,0 
88,2.2 ,0.0422727 ,0 
89,2.225 ,0.0420962 ,0 
90,2.25 ,0.0419045 ,0 
91,2.275 ,0.0416978 ,0 
92,2.3 ,0.0414764 ,0 
93,2.325 ,0.0412403 ,0 
94,2.35 ,0.0409899 ,0 
95,2.375 ,0.0407252 ,0 
96,2.4 ,0.0404464 ,0 
97,2.425 ,0.0401539 ,0 
98,2.45 ,0.0398477 ,0 
99,2.475 ,0.0395281 ,0 
100,2.5 ,0.0391954 ,0 
101,2.525 ,0.0388497 ,0 
102,2.55 ,0.0384913 ,0 
103,2.575 ,0.0381204 ,0 
104,2.6 ,0.0377373 ,0 
105,2.625 ,0.0373422 ,0 
106,2.65 ,0.0369353 ,0 
107,2.675 ,0.036517 ,0 
108,2.7 ,0.0360875 ,0 
109,2.725 ,0.035647 ,0 
110,2.75 ,0.0351958 ,0 
111,2.775 ,0.0347343 ,0 
112,2.8 ,0.0342626 ,0 
113,2.825 ,0.033781 ,0 
114,2.85 ,0.0332899 ,0 
115,2.875 ,0.0327895 ,0 
116,2.9 ,0.0322802 ,0 
117,2.925 ,0.0317621 ,0 
118,2.95 ,0.0312356 ,0 
119,2.975 ,0.0307011 ,0 
120,3 ,0.0301587 ,0 
121,3.025 ,0.0296088 ,0 
122,3.05 ,0.0290518 ,0 
123,3.075 ,0.0284878 ,0 
124,3.1 ,0.0279173 ,0 
125,3.125 ,0.0273405 ,0 
126,3.15 ,0.0267578 ,0 
127,3.175 ,0.0261694 ,0 
128,3.2 ,0.0255756 ,0 
129,3.225 ,0.0249768 ,0 
130,3.25 ,0.0243733 ,0 
131,3.275 ,0.0237655 ,0 
132,3.3 ,0.0231535 ,0 
133,3.325 ,0.0225377 ,0 
134,3.35 ,0.0219185 ,0 
135,3.375 ,0.0212961 ,0 
136,3.4 ,0.0206709 ,0 
137,3.425 ,0.0200432 ,0 
138,3.45 ,0.0194132 ,0 
139,3.475 ,0.0187814 ,0 
140,3.5 ,0.0181479 ,0 
141,3.525 ,0.0175132 ,0 
142,3.55 ,0.0168774 ,0 
143,3.575 ,0.016241 ,0 
144,3.6 ,0.0156041 ,0 
145,3.625 ,0.0149672 ,0 
146,3.65 ,0.0143305 ,0 
147,3.675 ,0.0136943 ,0 
148,3.7 ,0.0130589 ,0 
149,3.725 ,0.0124246 ,0 
150,3.75 ,0.0117917 ,0 
151,3.775 ,0.0111604 ,0 
152,3.8 ,0.010531 ,0 
153,3.825 ,0.0099039 ,0 
154,3.85 ,0.00927926 ,0 
155,3.875 ,0.00865737 ,0 
156,3.9 ,0.0080385 ,0 
157,3.925 ,0.00742293 ,0 
158,3.95 ,0.0068109 ,0 
159,3.975 ,0.00620268 ,0 
160,4 ,0.00559852 ,0 
161,4.025 ,0.00499866 ,0 
162,4.05 ,0.00440336 ,0 
163,4.075 ,0.00381284 ,0 
164,4.1 ,0.00322734 ,0 
165,4.125 ,0.0026471 ,0 
166,4.15 ,0.00207233 ,0 
167,4.175 ,0.00150327 ,0 
168,4.2 ,0.00094012 ,0 
169,4.225 ,0.0003831 ,0 
170,4.25 ,-0.000167585 ,0 
171,4.275 ,-0.000711733 ,0 
172,4.3 ,-0.00124915 ,0 
173,4.325 ,-0.00177964 ,0 
174,4.35 ,-0.00230302 ,0 
175,4.375 ,-0.00281911 ,0 
176,4.4 ,-0.00332773 ,0 
177,4.425 ,-0.00382872 ,0 
178,4.45 ,-0.0043219 ,0 
179,4.475 ,-0.00480712 ,0 
180,4.5 ,-0.00528422 ,0 
181,4.525 ,-0.00575306 ,0 
182,4.55 ,-0.00621348 ,0 
183,4.575 ,-0.00666537 ,0 
184,4.6 ,-0.00710857 ,0 
185,4.625 ,-0.00754297 ,0 
186,4.65 ,-0.00796844 ,0 
187,4.675 ,-0.00838488 ,0 
188,4.7 ,-0.00879216 ,0 
189,4.725 ,-0.00919019 ,0 
190,4.75 ,-0.00957887 ,0 
191,4.775 ,-0.0099581 ,0 
192,4.8 ,-0.0103278 ,0 
193,4.825 ,-0.0106879 ,0 
194,4.85 ,-0.0110383 ,0 
195,4.875 ,-0.0113789 ,0 
196,4.9 ,-0.0117097 ,0 
197,4.925 ,-0.0120307 ,0 
198,4.95 ,-0.0123417 ,0 
199,4.975 ,-0.0126427 ,0 
200,5 ,-0.0129337 ,0 
201,5.025 ,-0.0132146 ,0 
202,5.05 ,-0.0134854 ,0 
203,5.075 ,-0.0137462 ,0 
204,5.1 ,-0.0139967 ,0 
205,5.125 ,-0.0142372 ,0 
206,5.15 ,-0.0144674 ,0 
207,5.175 ,-0.0146875 ,0 
208,5.2 ,-0.0148974 ,0 
209,5.225 ,-0.0150971 ,0 
210,5.25 ,-0.0152867 ,0 
211,5.275 ,-0.0154662 ,0 
212,5.3 ,-0.0156355 ,0 
213,5.325 ,-0.0157947 ,0 
214,5.35 ,-0.0159439 ,0 
215,5.375 ,-0.016083 ,0 
216,5.4 ,-0.0162122 ,0 
217,5.425 ,-0.0163314 ,0 
218,5.45 ,-0.0164406 ,0 
219,5.475 ,-0.0165401 ,0 
220,5.5 ,-0.0166298 ,0 
221,5.525 ,-0.0167097 ,0 
222,5.55 ,-0.01678 ,0 
223,5.575 ,-0.0168407 ,0 
224,5.6 ,-0.0168918 ,0 
225,5.625 ,-0.0169335 ,0 
226,5.65 ,-0.0169659 ,0 
227,5.675 ,-0.016989 ,0 
228,5.7 ,-0.0170029 ,0 
229,5.725 ,-0.0170077 ,0 
230,5.75 ,-0.0170035 ,0 
231,5.775 ,-0.0169905 ,0 
232,5.8 ,-0.0169686 ,0 
233,5.825 ,-0.016938 ,0 
234,5.85 ,-0.0168989 ,0 
235,5.875 ,-0.0168513 ,0 
236,5.9 ,-0.0167953 ,0 
237,5.925 ,-0.0167312 ,0 
238,5.95 ,-0.0166589 ,0 
239,5.975 ,-0.0165786 ,0 
240,6 ,-0.0164904 ,0 
241,6.025 ,-0.0163945 ,0 
242,6.05 ,-0.016291 ,0 
243,6.075 ,-0.0161801 ,0 
244,6.1 ,-0.0160618 ,0 
245,6.125 ,-0.0159363 ,0 
246,6.15 ,-0.0158037 ,0 
247,6.175 ,-0.0156642 ,0 
248,6.2 ,-0.015518 ,0 
249,6.225 ,-0.0153651 ,0 
250,6.25 ,-0.0152057 ,0 
251,6.275 ,-0.01504 ,0 
252,6.3 ,-0.0148681 ,0 
253,6.325 ,-0.0146901 ,0 
254,6.35 ,-0.0145063 ,0 
255,6.375 ,-0.0143167 ,0 
256,6.4 ,-0.0141215 ,0 
257,6.425 ,-0.0139209 ,0 
258,6.45 ,-0.013715 ,0 
259,6.475 ,-0.013504 ,0 
260,6.5 ,-0.013288 ,0 
261,6.525 ,-0.0130672 ,0 
262,6.55 ,-0.0128417 ,0 
263,6.575 ,-0.0126118 ,0 
264,6.6 ,-0.0123775 ,0 
265,6.625 ,-0.012139 ,0 
266,6.65 ,-0.0118965 ,0 
267,6.675 ,-0.0116502 ,0 
268,6.7 ,-0.0114001 ,0 
269,6.725 ,-0.0111465 ,0 
270,6.75 ,-0.0108894 ,0 
271,6.775 ,-0.0106292 ,0 
272,6.8 ,-0.0103658 ,0 
273,6.825 ,-0.0100995 ,0 
274,6.85 ,-0.00983045 ,0 
275,6.875 ,-0.00955876 ,0 
276,6.9 ,-0.0092846 ,0 
277,6.925 ,-0.00900813 ,0 
278,6.95 ,-0.0087295 ,0 
279,6.975 ,-0.00844885 ,0 
280,7 ,-0.00816634 ,0 
281,7.025 ,-0.00788211 ,0 
282,7.05 ,-0.00759632 ,0 
283,7.075 ,-0.0073091 ,0 
284,7.1 ,-0.00702061 ,0 
285,7.125 ,-0.00673098 ,0 
286,7.15 ,-0.00644037 ,0 
287,7.175 ,-0.0061489 ,0 
288,7.2 ,-0.00585672 ,0 
289,7.225 ,-0.00556397 ,0 
290,7.25 ,-0.00527078 ,0 
291,7.275 ,-0.00497729 ,0 
292,7.3 ,-0.00468363 ,0 
293,7.325 ,-0.00438993 ,0 
294,7.35 ,-0.00409632 ,0 
295,7.375 ,-0.00380293 ,0 
296,7.4 ,-0.00350988 ,0 
297,7.425 ,-0.0032173 ,0 
298,7.45 ,-0.0029253 ,0 
299,7.475 ,-0.00263401 ,0 
300,7.5 ,-0.00234354 ,0 
301,7.525 ,-0.00205402 ,0 
302,7.55 ,-0.00176555 ,0 
303,7.575 ,-0.00147824 ,0 
304,7.6 ,-0.00119221 ,0 
305,7.625 ,-0.000907553 ,0 
306,7.65 ,-0.000624384 ,0 
307,7.675 ,-0.000342804 ,0 
308,7.7 ,-6.29112e-05 ,0 
309,7.725 ,0.000215196 ,0 
310,7.75 ,0.000491421 ,0 
311,7.775 ,0.000765671 ,0 
312,7.8 ,0.00103786 ,0 
313,7.825 ,0.00130788 ,0 
314,7.85 ,0.00157567 ,0 
315,7.875 ,0.00184114 ,0 
316,7.9 ,0.00210419 ,0 
317,7.925 ,0.00236476 ,0 
318,7.95 ,0.00262276 ,0 
319,7.975 ,0.00287813 ,0 
320,8 ,0.00313079 ,0 
321,8.025 ,0.00338066 ,0 
322,8.05 ,0.00362769 ,0 
323,8.075 ,0.0038718 ,0 
324,8.1 ,0.00411294 ,0 
325,8.125 ,0.00435104 ,0 
326,8.15 ,0.00458604 ,0 
327,8.175 ,0.00481789 ,0 
328,8.2 ,0.00504654 ,0 
329,8.225 ,0.00527194 ,0 
330,8.25 ,0.00549402 ,0 
331,8.275 ,0.00571276 ,0 
332,8.3 ,0.0059281 ,0 
333,8.325 ,0.00614 ,0 
334,8.35 ,0.00634843 ,0 
335,8.375 ,0.00655334 ,0 
336,8.4 ,0.0067547 ,0 
337,8.425 ,0.00695248 ,0 
338,8.45 ,0.00714664 ,0 
339,8.475 ,0.00733716 ,0 
340,8.5 ,0.00752401 ,0 
341,8.525 ,0.00770716 ,0 
342,8.55 ,0.0078866 ,0 
343,8.575 ,0.0080623 ,0 
344,8.6 ,0.00823424 ,0 
345,8.625 ,0.00840242 ,0 
346,8.65 ,0.00856681 ,0 
347,8.675 ,0.0087274 ,0 
348,8.7 ,0.00888418 ,0 
349,8.725 ,0.00903714 ,0 
350,8.75 ,0.00918628 ,0 
351,8.775 ,0.00933159 ,0 
352,8.8 ,0.00947308 ,0 
353,8.825 ,0.00961072 ,0 
354,8.85 ,0.00974454 ,0 
355,8.875 ,0.00987453 ,0 
356,8.9 ,0.0100007 ,0 
357,8.925 ,0.010123 ,0 
358,8.95 ,0.0102416 ,0 
359,8.975 ,0.0103563 ,0 
360,9 ,0.0104672 ,0 
361,9.025 ,0.0105744 ,0 
362,9.05 ,0.0106778 ,0 
363,9.075 ,0.0107774 ,0 
364,9.1 ,0.0108734 ,0 
365,9.125 ,0.0109656 ,0 
366,9.15 ,0.011054 ,0 
367,9.175 ,0.0111389 ,0 
368,9.2 ,0.01122 ,0 
369,9.225 ,0.0112976 ,0 
370,9.25 ,0.0113715 ,0 
371,9.275 ,0.0114419 ,0 
372,9.3 ,0.0115087 ,0 
373,9.325 ,0.0115719 ,0 
374,9.35 ,0.0116317 ,0 
375,9.375 ,0.011688 ,0 
376,9.4 ,0.0117409 ,0 
377,9.425 ,0.0117904 ,0 
378,9.45 ,0.0118365 ,0 
379,9.475 ,0.0118793 ,0 
380,9.5 ,0.0119187 ,0 
381,9.525 ,0.0119549 ,0 
382,9.55 ,0.0119879 ,0 
383,9.575 ,0.0120177 ,0 
384,9.6 ,0.0120443 ,0 
385,9.625 ,0.0120679 ,0 
386,9.65 ,0.0120883 ,0 
387,9.675 ,0.0121057 ,0 
388,9.7 ,0.0121202 ,0 
389,9.725 ,0.0121316 ,0 
390,9.75 ,0.0121402 ,0 
391,9.775 ,0.0121459 ,0 
392,9.8 ,0.0121488 ,0 
393,9.825 ,0.0121489 ,0 
394,9.85 ,0.0121462 ,0 
395,9.875 ,0.0121409 ,0 
396,9.9 ,0.0121329 ,0 
397,9.925 ,0.0121223 ,0 
398,9.95 ,0.0121092 ,0 
399,9.975 ,0.0120936 ,0 
400,10 ,0.0120754 ,0 
401,10.025 ,0.0120549 ,0 
402,10.05 ,0.012032 ,0 
403,10.075 ,0.0120068 ,0 
404,10.1 ,0.0119793 ,0 
405,10.125 ,0.0119495 ,0 
406,10.15 ,0.0119176 ,0 
407,10.175 ,0.0118835 ,0 
408,10.2 ,0.0118474 ,0 
409,10.225 ,0.0118092 ,0 
410,10.25 ,0.011769 ,0 
411,10.275 ,0.0117268 ,0 
412,10.3 ,0.0116827 ,0 
413,10.325 ,0.0116368 ,0 
414,10.35 ,0.0115891 ,0 
415,10.375 ,0.0115396 ,0 
416,10.4 ,0.0114884 ,0 
417,10.425 ,0.0114355 ,0 
418,10.45 ,0.011381 ,0 
419,10.475 ,0.0113249 ,0 
420,10.5 ,0.0112673 ,0 
421,10.525 ,0.0112082 ,0 
422,10.55 ,0.0111477 ,0 
423,10.575 ,0.0110857 ,0 
424,10.6 ,0.0110224 ,0 
425,10.625 ,0.0109578 ,0 
426,10.65 ,0.0108919 ,0 
427,10.675 ,0.0108249 ,0 
428,10.7 ,0.0107566 ,0 
429,10.725 ,0.0106872 ,0 
430,10.75 ,0.0106167 ,0 
431,10.775 ,0.0105452 ,0 
432,10.8 ,0.0104726 ,0 
433,10.825 ,0.0103991 ,0 
434,10.85 ,0.0103247 ,0 
435,10.875 ,0.0102493 ,0 
436,10.9 ,0.0101732 ,0 
437,10.925 ,0.0100962 ,0 
438,10.95 ,0.0100185 ,0 
439,10.975 ,0.00994002 ,0 
440,11 ,0.00986088 ,0 
441,11.025 ,0.00978109 ,0 
442,11.05 ,0.00970069 ,0 
443,11.075 ,0.00961972 ,0 
444,11.1 ,0.0095382 ,0 
445,11.125 ,0.00945619 ,0 
446,11.15 ,0.00937371 ,0 
447,11.175 ,0.0092908 ,0 
448,11.2 ,0.0092075 ,0 
449,11.225 ,0.00912383 ,0 
450,11.25 ,0.00903983 ,0 
451,11.275 ,0.00895553 ,0 
452,11.3 ,0.00887097 ,0 
453,11.325 ,0.00878618 ,0 
454,11.35 ,0.00870118 ,0 
455,11.375 ,0.00861602 ,0 
456,11.4 ,0.00853071 ,0 
457,11.425 ,0.00844529 ,0 
458,11.45 ,0.00835979 ,0 
459,11.475 ,0.00827424 ,0 
460,11.5 ,0.00818866 ,0 
461,11.525 ,0.00810308 ,0 
462,11.55 ,0.00801752 ,0 
463,11.575 ,0.00793202 ,0 
464,11.6 ,0.0078466 ,0 
465,11.625 ,0.00776129 ,0 
466,11.65 ,0.0076761 ,0 
467,11.675 ,0.00759106 ,0 
468,11.7 ,0.00750621 ,0 
469,11.725 ,0.00742154 ,0 
470,11.75 ,0.0073371 ,0 
471,11.775 ,0.00725291 ,0 
472,11.8 ,0.00716897 ,0 
473,11.825 ,0.00708531 ,0 
474,11.85 ,0.00700196 ,0 
475,11.875 ,0.00691893 ,0 
476,11.9 ,0.00683623 ,0 
477,11.925 ,0.00675389 ,0 
478,11.95 ,0.00667192 ,0 
479,11.975 ,0.00659034 ,0 
480,12 ,0.00650916 ,0 
481,12.025 ,0.0064284 ,0 
482,12.05 ,0.00634807 ,0 
483,12.075 ,0.00626819 ,0 
484,12.1 ,0.00618877 ,0 
485,12.125 ,0.00610982 ,0 
486,12.15 ,0.00603136 ,0 
487,12.175 ,0.00595339 ,0 
488,12.2 ,0.00587593 ,0 
489,12.225 ,0.00579899 ,0 
490,12.25 ,0.00572258 ,0 
491,12.275 ,0.00564671 ,0 
492,12.3 ,0.00557138 ,0 
493,12.325 ,0.00549661 ,0 
494,12.35 ,0.0054224 ,0 
495,12.375 ,0.00534877 ,0 
496,12.4 ,0.00527571 ,0 
497,12.425 ,0.00520325 ,0 
498,12.45 ,0.00513137 ,0 
499,12.475 ,0.0050601 ,0 
500,12.5 ,0.00498943 ,0 
501,12.525 ,0.00491937 ,0 
502,12.55 ,0.00484992 ,0 
503,12.575 ,0.0047811 ,0 
504,12.6 ,0.0047129 ,0 
505,12.625 ,0.00464532 ,0 
506,12.65 ,0.00457838 ,0 
507,12.675 ,0.00451208 ,0 
508,12.7 ,0.00444641 ,0 
509,12.725 ,0.00438138 ,0 
510,12.75 ,0.004317 ,0 
511,12.775 ,0.00425326 ,0 
512,12.8 ,0.00419016 ,0 
513,12.825 ,0.00412772 ,0 
514,12.85 ,0.00406592 ,0 
515,12.875 ,0.00400477 ,0 
516,12.9 ,0.00394427 ,0 
517,12.925 ,0.00388443 ,0 
518,12.95 ,0.00382523 ,0 
519,12.975 ,0.00376668 ,0 
520,13 ,0.00370878 ,0 
521,13.025 ,0.00365154 ,0 
522,13.05 ,0.00359494 ,0 
523,13.075 ,0.00353898 ,0 
524,13.1 ,0.00348368 ,0 
525,13.125 ,0.00342902 ,0 
526,13.15 ,0.003375 ,0 
527,13.175 ,0.00332162 ,0 
528,13.2 ,0.00326888 ,0 
529,13.225 ,0.00321678 ,0 
530,13.25 ,0.00316531 ,0 
531,13.275 ,0.00311447 ,0 
532,13.3 ,0.00306426 ,0 
533,13.325 ,0.00301468 ,0 
534,13.35 ,0.00296573 ,0 
535,13.375 ,0.00291739 ,0 
536,13.4 ,0.00286967 ,0 
537,13.425 ,0.00282256 ,0 
538,13.45 ,0.00277607 ,0 
539,13.475 ,0.00273018 ,0 
540,13.5 ,0.00268489 ,0 
541,13.525 ,0.0026402 ,0 
542,13.55 ,0.00259611 ,0 
543,13.575 ,0.00255261 ,0 
544,13.6 ,0.00250969 ,0 
545,13.625 ,0.00246736 ,0 
546,13.65 ,0.00242561 ,0 
547,13.675 ,0.00238443 ,0 
548,13.7 ,0.00234383 ,0 
549,13.725 ,0.00230378 ,0 
550,13.75 ,0.0022643 ,0 
551,13.775 ,0.00222538 ,0 
552,13.8 ,0.002187 ,0 
553,13.825 ,0.00214918 ,0 
554,13.85 ,0.00211189 ,0 
555,13.875 ,0.00207514 ,0 
556,13.9 ,0.00203893 ,0 
557,13.925 ,0.00200324 ,0 
558,13.95 ,0.00196808 ,0 
559,13.975 ,0.00193343 ,0 
560,14 ,0.0018993 ,0 
561,14.025 ,0.00186567 ,0 
562,14.05 ,0.00183255 ,0 
563,14.075 ,0.00179992 ,0 
564,14.1 ,0.00176779 ,0 
565,14.125 ,0.00173614 ,0 
566,14.15 ,0.00170498 ,0 
567,14.175 ,0.00167429 ,0 
568,14.2 ,0.00164407 ,0 
569,14.225 ,0.00161433 ,0 
570,14.25 ,0.00158504 ,0 
571,14.275 ,0.00155621 ,0 
572,14.3 ,0.00152783 ,0 
573,14.325 ,0.0014999 ,0 
574,14.35 ,0.00147241 ,0 
575,14.375 ,0.00144536 ,0 
576,14.4 ,0.00141873 ,0 
577,14.425 ,0.00139253 ,0 
578,14.45 ,0.00136676 ,0 
579,14.475 ,0.0013414 ,0 
580,14.5 ,0.00131645 ,0 
581,14.525 ,0.0012919 ,0 
582,14.55 ,0.00126775 ,0 
583,14.575 ,0.00124401 ,0 
584,14.6 ,0.00122065 ,0 
585,14.625 ,0.00119767 ,0 
586,14.65 ,0.00117508 ,0 
587,14.675 ,0.00115286 ,0 
588,14.7 ,0.00113101 ,0 
589,14.725 ,0.00110953 ,0 
590,14.75 ,0.00108841 ,0 
591,14.775 ,0.00106765 ,0 
592,14.8 ,0.00104724 ,0 
593,14.825 ,0.00102717 ,0 
594,14.85 ,0.00100745 ,0 
595,14.875 ,0.00098806 ,0 
596,14.9 ,0.000969005 ,0 
597,14.925 ,0.000950278 ,0 
598,14.95 ,0.000931875 ,0 
599,14.975 ,0.000913791 ,0 
600,15 ,0.00089602 ,0 
601,15.025 ,0.00087856 ,0 
602,15.05 ,0.000861405 ,0 
603,15.075 ,0.00084455 ,0 
604,15.1 ,0.000827992 ,0 
605,15.125 ,0.000811727 ,0 
606,15.15 ,0.000795749 ,0 
607,15.175 ,0.000780055 ,0 
608,15.2 ,0.00076464 ,0 
609,15.225 ,0.000749501 ,0 
610,15.25 ,0.000734633 ,0 
611,15.275 ,0.000720031 ,0 
612,15.3 ,0.000705693 ,0 
613,15.325 ,0.000691614 ,0 
614,15.35 ,0.00067779 ,0 
615,15.375 ,0.000664217 ,0 
616,15.4 ,0.000650891 ,0 
617,15.425 ,0.000637808 ,0 
618,15.45 ,0.000624965 ,0 
619,15.475 ,0.000612358 ,0 
620,15.5 ,0.000599983 ,0 
621,15.525 ,0.000587836 ,0 
622,15.55 ,0.000575914 ,0 
623,15.575 ,0.000564213 ,0 
624,15.6 ,0.00055273 ,0 
625,15.625 ,0.000541461 ,0 
626,15.65 ,0.000530402 ,0 
627,15.675 ,0.000519551 ,0 
628,15.7 ,0.000508904 ,0 
629,15.725 ,0.000498457 ,0 
630,15.75 ,0.000488207 ,0 
631,15.775 ,0.000478152 ,0 
632,15.8 ,0.000468287 ,0 
633,15.825 ,0.000458609 ,0 
634,15.85 ,0.000449116 ,0 
635,15.875 ,0.000439804 ,0 
636,15.9 ,0.000430671 ,0 
637,15.925 ,0.000421713 ,0 
638,15.95 ,0.000412927 ,0 
639,15.975 ,0.00040431 ,0 
640,16 ,0.00039586 ,0 
641,16.025 ,0.000387573 ,0 
642,16.05 ,0.000379448 ,0 
643,16.075 ,0.00037148 ,0 
644,16.1 ,0.000363667 ,0 
645,16.125 ,0.000356008 ,0 
646,16.15 ,0.000348497 ,0 
647,16.175 ,0.000341135 ,0 
648,16.2 ,0.000333917 ,0 
649,16.225 ,0.000326841 ,0 
650,16.25 ,0.000319904 ,0 
651,16.275 ,0.000313105 ,0 
652,16.3 ,0.000306441 ,0 
653,16.325 ,0.000299909 ,0 
654,16.35 ,0.000293507 ,0 
655,16.375 ,0.000287232 ,0 
656,16.4 ,0.000281083 ,0 
657,16.425 ,0.000275057 ,0 
658,16.45 ,0.000269151 ,0 
659,16.475 ,0.000263364 ,0 
660,16.5 ,0.000257694 ,0 
661,16.525 ,0.000252138 ,0 
662,16.55 ,0.000246694 ,0 
663,16.575 ,0.000241361 ,0 
664,16.6 ,0.000236136 ,0 
665,16.625 ,0.000231016 ,0 
666,16.65 ,0.000226001 ,0 
667,16.675 ,0.000221089 ,0 
668,16.7 ,0.000216276 ,0 
669,16.725 ,0.000211562 ,0 
670,16.75 ,0.000206945 ,0 
671,16.775 ,0.000202422 ,0 
672,16.8 ,0.000197993 ,0 
673,16.825 ,0.000193655 ,0 
674,16.85 ,0.000189406 ,0 
675,16.875 ,0.000185245 ,0 
676,16.9 ,0.00018117 ,0 
677,16.925 ,0.00017718 ,0 
678,16.95 ,0.000173273 ,0 
679,16.975 ,0.000169447 ,0 
680,17 ,0.000165701 ,0 
681,17.025 ,0.000162034 ,0 
682,17.05 ,0.000158442 ,0 
683,17.075 ,0.000154927 ,0 
684,17.1 ,0.000151485 ,0 
685,17.125 ,0.000148115 ,0 
686,17.15 ,0.000144816 ,0 
687,17.175 ,0.000141587 ,0 
688,17.2 ,0.000138426 ,0 
689,17.225 ,0.000135332 ,0 
690,17.25 ,0.000132304 ,0 
691,17.275 ,0.000129339 ,0 
692,17.3 ,0.000126438 ,0 
693,17.325 ,0.000123599 ,0 
694,17.35 ,0.00012082 ,0 
695,17.375 ,0.0001181 ,0 
696,17.4 ,0.000115438 ,0 
697,17.425 ,0.000112834 ,0 
698,17.45 ,0.000110285 ,0 
699,17.475 ,0.000107791 ,0 
700,17.5 ,0.000105351 ,0 
701,17.525 ,0.000102964 ,0 
702,17.55 ,0.000100627 ,0 
703,17.575 ,9.83417e-05 ,0 
704,17.6 ,9.61054e-05 ,0 
705,17.625 ,9.39176e-05 ,0 
706,17.65 ,9.17772e-05 ,0 
707,17.675 ,8.96834e-05 ,0 
708,17.7 ,8.76351e-05 ,0 
709,17.725 ,8.56314e-05 ,0 
710,17.75 ,8.36714e-05 ,0 
711,17.775 ,8.17542e-05 ,0 
712,17.8 ,7.9879e-05 ,0 
713,17.825 ,7.80448e-05 ,0 
714,17.85 ,7.62509e-05 ,0 
715,17.875 ,7.44963e-05 ,0 
716,17.9 ,7.27804e-05 ,0 
717,17.925 ,7.11022e-05 ,0 
718,17.95 ,6.94611e-05 ,0 
719,17.975 ,6.78561e-05 ,0 
720,18 ,6.62867e-05 ,0 
721,18.025 ,6.4752e-05 ,0 
722,18.05 ,6.32513e-05 ,0 
723,18.075 ,6.17839e-05 ,0 
724,18.1 ,6.03491e-05 ,0 
725,18.125 ,5.89462e-05 ,0 
726,18.15 ,5.75746e-05 ,0 
727,18.175 ,5.62335e-05 ,0 
728,18.2 ,5.49224e-05 ,0 
729,18.225 ,5.36407e-05 ,0 
730,18.25 ,5.23876e-05 ,0 
731,18.275 ,5.11626e-05 ,0 
732,18.3 ,4.99651e-05 ,0 
733,18.325 ,4.87945e-05 ,0 
734,18.35 ,4.76502e-05 ,0 
735,18.375 ,4.65317e-05 ,0 
736,18.4 ,4.54384e-05 ,0 
737,18.425 ,4.43698e-05 ,0 
738,18.45 ,4.33253e-05 ,0 
739,18.475 ,4.23045e-05 ,0 
740,18.5 ,4.13068e-05 ,0 
741,18.525 ,4.03317e-05 ,0 
742,18.55 ,3.93788e-05 ,0 
743,18.575 ,3.84475e-05 ,0 
744,18.6 ,3.75374e-05 ,0 
745,18.625 ,3.66481e-05 ,0 
746,18.65 ,3.5779e-05 ,0 
747,18.675 ,3.49298e-05 ,0 
748,18.7 ,3.41e-05 ,0 
749,18.725 ,3.32892e-05 ,0 
750,18.75 ,3.24969e-05 ,0 
751,18.775 ,3.17228e-05 ,0 
752,18.8 ,3.09665e-05 ,0 
753,18.825 ,3.02276e-05 ,0 
754,18.85 ,2.95057e-05 ,0 
755,18.875 ,2.88004e-05 ,0 
756,18.9 ,2.81114e-05 ,0 
757,18.925 ,2.74382e-05 ,0 
758,18.95 ,2.67807e-05 ,0 
759,18.975 ,2.61383e-05 ,0 
760,19 ,2.55108e-05 ,0 
761,19.025 ,2.48979e-05 ,0 
762,19.05 ,2.42992e-05 ,0 
763,19.075 ,2.37143e-05 ,0 
764,19.1 ,2.31431e-05 ,0 
765,19.125 ,2.25852e-05 ,0 
766,19.15 ,2.20403e-05 ,0 
767,19.175 ,2.15081e-05 ,0 
768,19.2 ,2.09883e-05 ,0 
769,19.225 ,2.04806e-05 ,0 
770,19.25 ,1.99848e-05 ,0 
771,19.275 ,1.95007e-05 ,0 
772,19.3 ,1.90279e-05 ,0 
773,19.325 ,1.85661e-05 ,0 
774,19.35 ,1.81153e-05 ,0 
775,19.375 ,1.7675e-05 ,0 
776,19.4 ,1.72451e-05 ,0 
777,19.425 ,1.68253e-05 ,0 
778,19.45 ,1.64154e-05 ,0 
779,19.475 ,1.60151e-05 ,0 
780,19.5 ,1.56244e-05 ,0 
781,19.525 ,1.52428e-05 ,0 
782,19.55 ,1.48703e-05 ,0 
783,19.575 ,1.45066e-05 ,0 
784,19.6 ,1.41516e-05 ,0 
785,19.625 ,1.38049e-05 ,0 
786,19.65 ,1.34665e-05 ,0 
787,19.675 ,1.31362e-05 ,0 
788,19.7 ,1.28137e-05 ,0 
789,19.725 ,1.24989e-05 ,0 
790,19.75 ,1.21915e-05 ,0 
791,19.775 ,1.18916e-05 ,0 
792,19.8 ,1.15988e-05 ,0 
793,19.825 ,1.13129e-05 ,0 
794,19.85 ,1.1034e-05 ,0 
795,19.875 ,1.07617e-05 ,0 
796,19.9 ,1.04959e-05 ,0 
797,19.925 ,1.02365e-05 ,0 
798,19.95 ,9.98331e-06 ,0 
799,19.975 ,9.73623e-06 ,0 
800,20 ,9.49508e-06 ,0 
801,20.025 ,9.25974e-06 ,0 
802,20.05 ,9.03007e-06 ,0 
803,20.075 ,8.80594e-06 ,0 
804,20.1 ,8.58721e-06 ,0 
805,20.125 ,8.37377e-06 ,0 
806,20.15 ,8.16549e-06 ,0 
807,20.175 ,7.96225e-06 ,0 
808,20.2 ,7.76393e-06 ,0 
809,20.225 ,7.57041e-06 ,0 
810,20.25 ,7.38159e-06 ,0 
811,20.275 ,7.19735e-06 ,0 
812,20.3 ,7.01759e-06 ,0 
813,20.325 ,6.8422e-06 ,0 
814,20.35 ,6.67107e-06 ,0 
815,20.375 ,6.50412e-06 ,0 
816,20.4 ,6.34123e-06 ,0 
817,20.425 ,6.18231e-06 ,0 
818,20.45 ,6.02728e-06 ,0 
819,20.475 ,5.87603e-06 ,0 
820,20.5 ,5.72849e-06 ,0 
821,20.525 ,5.58455e-06 ,0 
822,20.55 ,5.44414e-06 ,0 
823,20.575 ,5.30717e-06 ,0 
824,20.6 ,5.17355e-06 ,0 
825,20.625 ,5.04322e-06 ,0 
826,20.65 ,4.91609e-06 ,0 
827,20.675 ,4.79209e-06 ,0 
828,20.7 ,4.67114e-06 ,0 
829,20.725 ,4.55317e-06 ,0 
830,20.75 ,4.4381e-06 ,0 
831,20.775 ,4.32587e-06 ,0 
832,20.8 ,4.21641e-06 ,0 
833,20.825 ,4.10966e-06 ,0 
834,20.85 ,4.00554e-06 ,0 
835,20.875 ,3.904e-06 ,0 
836,20.9 ,3.80498e-06 ,0 
837,20.925 ,3.7084e-06 ,0 
838,20.95 ,3.61423e-06 ,0 
839,20.975 ,3.52238e-06 ,0 
840,21 ,3.43282e-06 ,0 
841,21.025 ,3.34549e-06 ,0 
842,21.05 ,3.26032e-06 ,0 
843,21.075 ,3.17728e-06 ,0 
844,21.1 ,3.09631e-06 ,0 
845,21.125 ,3.01735e-06 ,0 
846,21.15 ,2.94036e-06 ,0 
847,21.175 ,2.86529e-06 ,0 
848,21.2 ,2.7921e-06 ,0 
849,21.225 ,2.72074e-06 ,0 
850,21.25 ,2.65117e-06 ,0 
851,21.275 ,2.58333e-06 ,0 
852,21.3 ,2.5172e-06 ,0 
853,21.325 ,2.45272e-06 ,0 
854,21.35 ,2.38986e-06 ,0 
855,21.375 ,2.32858e-06 ,0 
856,21.4 ,2.26884e-06 ,0 
857,21.425 ,2.2106e-06 ,0 
858,21.45 ,2.15383e-06 ,0 
859,21.475 ,2.09848e-06 ,0 
860,21.5 ,2.04453e-06 ,0 
861,21.525 ,1.99195e-06 ,0 
862,21.55 ,1.94068e-06 ,0 
863,21.575 ,1.89072e-06 ,0 
864,21.6 ,1.84201e-06 ,0 
865,21.625 ,1.79454e-06 ,0 
866,21.65 ,1.74827e-06 ,0 
867,21.675 ,1.70317e-06 ,0 
868,21.7 ,1.65922e-06 ,0 
869,21.725 ,1.61638e-06 ,0 
870,21.75 ,1.57463e-06 ,0 
871,21.775 ,1.53393e-06 ,0 
872,21.8 ,1.49428e-06 ,0 
873,21.825 ,1.45563e-06 ,0 
874,21.85 ,1.41797e-06 ,0 
875,21.875 ,1.38126e-06 ,0 
876,21.9 ,1.34549e-06 ,0 
877,21.925 ,1.31064e-06 ,0 
878,21.95 ,1.27667e-06 ,0 
879,21.975 ,1.24358e-06 ,0 
880,22 ,1.21133e-06 ,0 
881,22.025 ,1.1799e-06 ,0 
882,22.05 ,1.14928e-06 ,0 
883,22.075 ,1.11945e-06 ,0 
884,22.1 ,1.09038e-06 ,0 
885,22.125 ,1.06206e-06 ,0 
886,22.15 ,1.03447e-06 ,0 
887,22.175 ,1.00758e-06 ,0 
888,22.2 ,9.81393e-07 ,0 
889,22.225 ,9.55877e-07 ,0 
890,22.25 ,9.31019e-07 ,0 
891,22.275 ,9.06803e-07 ,0 
892,22.3 ,8.83213e-07 ,0 
893,22.325 ,8.60233e-07 ,0 
894,22.35 ,8.37848e-07 ,0 
895,22.375 ,8.16044e-07 ,0 
896,22.4 ,7.94804e-07 ,0 
897,22.425 ,7.74117e-07 ,0 
898,22.45 ,7.53967e-07 ,0 
899,22.475 ,7.34341e-07 ,0 
900,22.5 ,7.15227e-07 ,0 
901,22.525 ,6.96611e-07 ,0 
902,22.55 ,6.7848e-07 ,0 
903,22.575 ,6.60824e-07 ,0 
904,22.6 ,6.4363e-07 ,0 
905,22.625 ,6.26885e-07 ,0 
906,22.65 ,6.1058e-07 ,0 
907,22.675 ,5.94704e-07 ,0 
908,22.7 ,5.79244e-07 ,0 
909,22.725 ,5.64191e-07 ,0 
910,22.75 ,5.49536e-07 ,0 
911,22.775 ,5.35267e-07 ,0 
912,22.8 ,5.21375e-07 ,0 
913,22.825 ,5.07851e-07 ,0 
914,22.85 ,4.94685e-07 ,0 
915,22.875 ,4.81869e-07 ,0 
916,22.9 ,4.69394e-07 ,0 
917,22.925 ,4.57251e-07 ,0 
918,22.95 ,4.45433e-07 ,0 
919,22.975 ,4.3393e-07 ,0 
920,23 ,4.22735e-07 ,0 
921,23.025 ,4.11841e-07 ,0 
922,23.05 ,4.01239e-07 ,0 
923,23.075 ,3.90924e-07 ,0 
924,23.1 ,3.80886e-07 ,0 
925,23.125 ,3.71121e-07 ,0 
926,23.15 ,3.6162e-07 ,0 
927,23.175 ,3.52378e-07 ,0 
928,23.2 ,3.43387e-07 ,0 
929,23.225 ,3.34642e-07 ,0 
930,23.25 ,3.26137e-07 ,0 
931,23.275 ,3.17866e-07 ,0 
932,23.3 ,3.09822e-07 ,0 
933,23.325 ,3.02001e-07 ,0 
934,23.35 ,2.94397e-07 ,0 
935,23.375 ,2.87005e-07 ,0 
936,23.4 ,2.79819e-07 ,0 
937,23.425 ,2.72834e-07 ,0 
938,23.45 ,2.66046e-07 ,0 
939,23.475 ,2.5945e-07 ,0 
940,23.5 ,2.53041e-07 ,0 
941,23.525 ,2.46814e-07 ,0 
942,23.55 ,2.40766e-07 ,0 
943,23.575 ,2.34892e-07 ,0 
944,23.6 ,2.29188e-07 ,0 
945,23.625 ,2.2365e-07 ,0 
946,23.65 ,2.18273e-07 ,0 
947,23.675 ,2.13055e-07 ,0 
948,23.7 ,2.07991e-07 ,0 
949,23.725 ,2.03078e-07 ,0 
950,23.75 ,1.98312e-07 ,0 
951,23.775 ,1.9369e-07 ,0 
952,23.8 ,1.89209e-07 ,0 
953,23.825 ,1.84865e-07 ,0 
954,23.85 ,1.80656e-07 ,0 
955,23.875 ,1.76578e-07 ,0 
956,23.9 ,1.72628e-07 ,0 
957,23.925 ,1.68804e-07 ,0 
958,23.95 ,1.65103e-07 ,0 
959,23.975 ,1.61522e-07 ,0 
960,24 ,1.58058e-07 ,0 
961,24.025 ,1.5471e-07 ,0 
962,24.05 ,1.51474e-07 ,0 
963,24.075 ,1.48348e-07 ,0 
964,24.1 ,1.4533e-07 ,0 
965,24.125 ,1.42419e-07 ,0 
966,24.15 ,1.39611e-07 ,0 
967,24.175 ,1.36904e-07 ,0 
968,24.2 ,1.34298e-07 ,0 
969,24.225 ,1.31789e-07 ,0 
970,24.25 ,1.29376e-07 ,0 
971,24.275 ,1.27057e-07 ,0 
972,24.3 ,1.2483e-07 ,0 
973,24.325 ,1.22695e-07 ,0 
974,24.35 ,1.20648e-07 ,0 
975,24.375 ,1.18689e-07 ,0 
976,24.4 ,1.16817e-07 ,0 
977,24.425 ,1.15029e-07 ,0 
978,24.45 ,1.13325e-07 ,0 
979,24.475 ,1.11703e-07 ,0 
980,24.5 ,1.10162e-07 ,0 
981,24.525 ,1.08701e-07 ,0 
982,24.55 ,1.07318e-07 ,0 
983,24.575 ,1.06013e-07 ,0 
984,24.6 ,1.04785e-07 ,0 
985,24.625 ,1.03633e-07 ,0 
986,24.65 ,1.02555e-07 ,0 
987,24.675 ,1.01552e-07 ,0 
988,24.7 ,1.00621e-07 ,0 
989,24.725 ,9.97631e-08 ,0 
990,24.75 ,9.89769e-08 ,0 
991,24.775 ,9.82619e-08 ,0 
992,24.8 ,9.76174e-08 ,0 
993,24.825 ,9.70429e-08 ,0 
994,24.85 ,9.65379e-08 ,0 
995,24.875 ,9.61021e-08 ,0 
996,24.9 ,9.5735e-08 ,0 
997,24.925 ,9.54363e-08 ,0 
998,24.95 ,9.52057e-08 ,0 
999,24.975 ,9.5043e-08 ,0 
1000,25 ,9.49479e-08 ,0 