N_e = 18
1,0.025 ,2.47833e-05 ,0 
2,0.05 ,2.47833e-05 ,0 
3,0.075 ,5.24622e-05 ,0 
4,0.1 ,9.25606e-05 ,0 
5,0.125 ,0.000144318 ,0 
6,0.15 ,0.000207564 ,0 
7,0.175 ,0.00028221 ,0 
8,0.2 ,0.000368179 ,0 
9,0.225 ,0.000465394 ,0 
10,0.25 ,0.000573767 ,0 
11,0.275 ,0.000693204 ,0 
12,0.3 ,0.000823602 ,0 
13,0.325 ,0.000964848 ,0 
14,0.35 ,0.00111682 ,0 
15,0.375 ,0.00127939 ,0 
16,0.4 ,0.00145241 ,0 
17,0.425 ,0.00163574 ,0 
18,0.45 ,0.00182922 ,0 
19,0.475 ,0.00203268 ,0 
20,0.5 ,0.00224594 ,0 
21,0.525 ,0.00246883 ,0 
22,0.55 ,0.00270115 ,0 
23,0.575 ,0.0029427 ,0 
24,0.6 ,0.00319327 ,0 
25,0.625 ,0.00345265 ,0 
26,0.65 ,0.00372061 ,0 
27,0.675 ,0.00399693 ,0 
28,0.7 ,0.00428137 ,0 
29,0.725 ,0.00457367 ,0 
30,0.75 ,0.00487359 ,0 
31,0.775 ,0.00518088 ,0 
32,0.8 ,0.00549526 ,0 
33,0.825 ,0.00581647 ,0 
34,0.85 ,0.00614423 ,0 
35,0.875 ,0.00647826 ,0 
36,0.9 ,0.00681828 ,0 
37,0.925 ,0.00716398 ,0 
38,0.95 ,0.00751507 ,0 
39,0.975 ,0.00787125 ,0 
40,1 ,0.00823222 ,0 
41,1.025 ,0.00859767 ,0 
42,1.05 ,0.00896727 ,0 
43,1.075 ,0.00934072 ,0 
44,1.1 ,0.00971768 ,0 
45,1.125 ,0.0100978 ,0 
46,1.15 ,0.0104809 ,0 
47,1.175 ,0.0108665 ,0 
48,1.2 ,0.0112543 ,0 
49,1.225 ,0.0116439 ,0 
50,1.25 ,0.0120351 ,0 
51,1.275 ,0.0124276 ,0 
52,1.3 ,0.0128209 ,0 
53,1.325 ,0.0132147 ,0 
54,1.35 ,0.0136087 ,0 
55,1.375 ,0.0140026 ,0 
56,1.4 ,0.014396 ,0 
57,1.425 ,0.0147885 ,0 
58,1.45 ,0.0151799 ,0 
59,1.475 ,0.0155699 ,0 
60,1.5 ,0.015958 ,0 
61,1.525 ,0.0163439 ,0 
62,1.55 ,0.0167273 ,0 
63,1.575 ,0.0171079 ,0 
64,1.6 ,0.0174854 ,0 
65,1.625 ,0.0178594 ,0 
66,1.65 ,0.0182295 ,0 
67,1.675 ,0.0185956 ,0 
68,1.7 ,0.0189572 ,0 
69,1.725 ,0.0193141 ,0 
70,1.75 ,0.019666 ,0 
71,1.775 ,0.0200124 ,0 
72,1.8 ,0.0203533 ,0 
73,1.825 ,0.0206881 ,0 
74,1.85 ,0.0210168 ,0 
75,1.875 ,0.0213389 ,0 
76,1.9 ,0.0216542 ,0 
77,1.925 ,0.0219624 ,0 
78,1.95 ,0.0222633 ,0 
79,1.975 ,0.0225566 ,0 
80,2 ,0.022842 ,0 
81,2.025 ,0.0231193 ,0 
82,2.05 ,0.0233882 ,0 
83,2.075 ,0.0236486 ,0 
84,2.1 ,0.0239001 ,0 
85,2.125 ,0.0241426 ,0 
86,2.15 ,0.0243759 ,0 
87,2.175 ,0.0245996 ,0 
88,2.2 ,0.0248137 ,0 
89,2.225 ,0.025018 ,0 
90,2.25 ,0.0252122 ,0 
91,2.275 ,0.0253962 ,0 
92,2.3 ,0.0255698 ,0 
93,2.325 ,0.0257329 ,0 
94,2.35 ,0.0258853 ,0 
95,2.375 ,0.0260268 ,0 
96,2.4 ,0.0261574 ,0 
97,2.425 ,0.0262769 ,0 
98,2.45 ,0.0263852 ,0 
99,2.475 ,0.0264821 ,0 
100,2.5 ,0.0265677 ,0 
101,2.525 ,0.0266417 ,0 
102,2.55 ,0.0267041 ,0 
103,2.575 ,0.0267549 ,0 
104,2.6 ,0.026794 ,0 
105,2.625 ,0.0268212 ,0 
106,2.65 ,0.0268367 ,0 
107,2.675 ,0.0268403 ,0 
108,2.7 ,0.026832 ,0 
109,2.725 ,0.0268118 ,0 
110,2.75 ,0.0267798 ,0 
111,2.775 ,0.0267358 ,0 
112,2.8 ,0.0266799 ,0 
113,2.825 ,0.0266121 ,0 
114,2.85 ,0.0265325 ,0 
115,2.875 ,0.026441 ,0 
116,2.9 ,0.0263378 ,0 
117,2.925 ,0.0262229 ,0 
118,2.95 ,0.0260964 ,0 
119,2.975 ,0.0259583 ,0 
120,3 ,0.0258086 ,0 
121,3.025 ,0.0256476 ,0 
122,3.05 ,0.0254753 ,0 
123,3.075 ,0.0252917 ,0 
124,3.1 ,0.0250971 ,0 
125,3.125 ,0.0248915 ,0 
126,3.15 ,0.024675 ,0 
127,3.175 ,0.0244479 ,0 
128,3.2 ,0.0242102 ,0 
129,3.225 ,0.0239621 ,0 
130,3.25 ,0.0237038 ,0 
131,3.275 ,0.0234354 ,0 
132,3.3 ,0.0231571 ,0 
133,3.325 ,0.0228691 ,0 
134,3.35 ,0.0225716 ,0 
135,3.375 ,0.0222647 ,0 
136,3.4 ,0.0219487 ,0 
137,3.425 ,0.0216238 ,0 
138,3.45 ,0.0212902 ,0 
139,3.475 ,0.020948 ,0 
140,3.5 ,0.0205977 ,0 
141,3.525 ,0.0202392 ,0 
142,3.55 ,0.019873 ,0 
143,3.575 ,0.0194992 ,0 
144,3.6 ,0.0191181 ,0 
145,3.625 ,0.0187299 ,0 
146,3.65 ,0.0183349 ,0 
147,3.675 ,0.0179333 ,0 
148,3.7 ,0.0175255 ,0 
149,3.725 ,0.0171116 ,0 
150,3.75 ,0.016692 ,0 
151,3.775 ,0.0162668 ,0 
152,3.8 ,0.0158365 ,0 
153,3.825 ,0.0154012 ,0 
154,3.85 ,0.0149613 ,0 
155,3.875 ,0.014517 ,0 
156,3.9 ,0.0140686 ,0 
157,3.925 ,0.0136164 ,0 
158,3.95 ,0.0131607 ,0 
159,3.975 ,0.0127018 ,0 
160,4 ,0.01224 ,0 
161,4.025 ,0.0117755 ,0 
162,4.05 ,0.0113087 ,0 
163,4.075 ,0.0108398 ,0 
164,4.1 ,0.0103692 ,0 
165,4.125 ,0.00989705 ,0 
166,4.15 ,0.00942378 ,0 
167,4.175 ,0.00894963 ,0 
168,4.2 ,0.0084749 ,0 
169,4.225 ,0.00799987 ,0 
170,4.25 ,0.00752483 ,0 
171,4.275 ,0.00705009 ,0 
172,4.3 ,0.00657591 ,0 
173,4.325 ,0.00610259 ,0 
174,4.35 ,0.00563041 ,0 
175,4.375 ,0.00515966 ,0 
176,4.4 ,0.00469061 ,0 
177,4.425 ,0.00422354 ,0 
178,4.45 ,0.00375873 ,0 
179,4.475 ,0.00329644 ,0 
180,4.5 ,0.00283694 ,0 
181,4.525 ,0.0023805 ,0 
182,4.55 ,0.00192738 ,0 
183,4.575 ,0.00147784 ,0 
184,4.6 ,0.00103212 ,0 
185,4.625 ,0.00059049 ,0 
186,4.65 ,0.000153184 ,0 
187,4.675 ,-0.000279555 ,0 
188,4.7 ,-0.00070749 ,0 
189,4.725 ,-0.00113039 ,0 
190,4.75 ,-0.00154802 ,0 
191,4.775 ,-0.00196017 ,0 
192,4.8 ,-0.00236662 ,0 
193,4.825 ,-0.00276714 ,0 
194,4.85 ,-0.00316155 ,0 
195,4.875 ,-0.00354963 ,0 
196,4.9 ,-0.00393119 ,0 
197,4.925 ,-0.00430604 ,0 
198,4.95 ,-0.00467399 ,0 
199,4.975 ,-0.00503487 ,0 
200,5 ,-0.0053885 ,0 
201,5.025 ,-0.00573472 ,0 
202,5.05 ,-0.00607336 ,0 
203,5.075 ,-0.00640428 ,0 
204,5.1 ,-0.00672731 ,0 
205,5.125 ,-0.00704233 ,0 
206,5.15 ,-0.00734919 ,0 
207,5.175 ,-0.00764776 ,0 
208,5.2 ,-0.00793794 ,0 
209,5.225 ,-0.00821958 ,0 
210,5.25 ,-0.0084926 ,0 
211,5.275 ,-0.00875688 ,0 
212,5.3 ,-0.00901233 ,0 
213,5.325 ,-0.00925886 ,0 
214,5.35 ,-0.00949638 ,0 
215,5.375 ,-0.00972483 ,0 
216,5.4 ,-0.00994412 ,0 
217,5.425 ,-0.0101542 ,0 
218,5.45 ,-0.010355 ,0 
219,5.475 ,-0.0105465 ,0 
220,5.5 ,-0.0107287 ,0 
221,5.525 ,-0.0109014 ,0 
222,5.55 ,-0.0110647 ,0 
223,5.575 ,-0.0112186 ,0 
224,5.6 ,-0.011363 ,0 
225,5.625 ,-0.0114979 ,0 
226,5.65 ,-0.0116233 ,0 
227,5.675 ,-0.0117393 ,0 
228,5.7 ,-0.0118458 ,0 
229,5.725 ,-0.0119428 ,0 
230,5.75 ,-0.0120304 ,0 
231,5.775 ,-0.0121087 ,0 
232,5.8 ,-0.0121775 ,0 
233,5.825 ,-0.012237 ,0 
234,5.85 ,-0.0122873 ,0 
235,5.875 ,-0.0123283 ,0 
236,5.9 ,-0.0123601 ,0 
237,5.925 ,-0.0123828 ,0 
238,5.95 ,-0.0123965 ,0 
239,5.975 ,-0.0124012 ,0 
240,6 ,-0.012397 ,0 
241,6.025 ,-0.0123841 ,0 
242,6.05 ,-0.0123624 ,0 
243,6.075 ,-0.0123321 ,0 
244,6.1 ,-0.0122933 ,0 
245,6.125 ,-0.012246 ,0 
246,6.15 ,-0.0121905 ,0 
247,6.175 ,-0.0121268 ,0 
248,6.2 ,-0.012055 ,0 
249,6.225 ,-0.0119753 ,0 
250,6.25 ,-0.0118877 ,0 
251,6.275 ,-0.0117925 ,0 
252,6.3 ,-0.0116897 ,0 
253,6.325 ,-0.0115795 ,0 
254,6.35 ,-0.0114621 ,0 
255,6.375 ,-0.0113375 ,0 
256,6.4 ,-0.0112059 ,0 
257,6.425 ,-0.0110675 ,0 
258,6.45 ,-0.0109225 ,0 
259,6.475 ,-0.0107709 ,0 
260,6.5 ,-0.010613 ,0 
261,6.525 ,-0.0104489 ,0 
262,6.55 ,-0.0102788 ,0 
263,6.575 ,-0.0101029 ,0 
264,6.6 ,-0.00992128 ,0 
265,6.625 ,-0.00973418 ,0 
266,6.65 ,-0.00954175 ,0 
267,6.675 ,-0.00934418 ,0 
268,6.7 ,-0.00914164 ,0 
269,6.725 ,-0.00893432 ,0 
270,6.75 ,-0.0087224 ,0 
271,6.775 ,-0.00850606 ,0 
272,6.8 ,-0.00828548 ,0 
273,6.825 ,-0.00806086 ,0 
274,6.85 ,-0.00783238 ,0 
275,6.875 ,-0.00760022 ,0 
276,6.9 ,-0.00736458 ,0 
277,6.925 ,-0.00712564 ,0 
278,6.95 ,-0.00688358 ,0 
279,6.975 ,-0.00663861 ,0 
280,7 ,-0.0063909 ,0 
281,7.025 ,-0.00614065 ,0 
282,7.05 ,-0.00588804 ,0 
283,7.075 ,-0.00563327 ,0 
284,7.1 ,-0.00537651 ,0 
285,7.125 ,-0.00511795 ,0 
286,7.15 ,-0.00485779 ,0 
287,7.175 ,-0.00459621 ,0 
288,7.2 ,-0.00433338 ,0 
289,7.225 ,-0.00406949 ,0 
290,7.25 ,-0.00380473 ,0 
291,7.275 ,-0.00353928 ,0 
292,7.3 ,-0.00327331 ,0 
293,7.325 ,-0.003007 ,0 
294,7.35 ,-0.00274052 ,0 
295,7.375 ,-0.00247406 ,0 
296,7.4 ,-0.00220778 ,0 
297,7.425 ,-0.00194185 ,0 
298,7.45 ,-0.00167644 ,0 
299,7.475 ,-0.00141171 ,0 
300,7.5 ,-0.00114784 ,0 
301,7.525 ,-0.000884977 ,0 
302,7.55 ,-0.000623283 ,0 
303,7.575 ,-0.000362916 ,0 
304,7.6 ,-0.000104028 ,0 
305,7.625 ,0.000153229 ,0 
306,7.65 ,0.000408707 ,0 
307,7.675 ,0.00066226 ,0 
308,7.7 ,0.000913745 ,0 
309,7.725 ,0.00116302 ,0 
310,7.75 ,0.00140995 ,0 
311,7.775 ,0.00165441 ,0 
312,7.8 ,0.00189625 ,0 
313,7.825 ,0.00213536 ,0 
314,7.85 ,0.00237161 ,0 
315,7.875 ,0.00260487 ,0 
316,7.9 ,0.00283504 ,0 
317,7.925 ,0.00306199 ,0 
318,7.95 ,0.00328561 ,0 
319,7.975 ,0.0035058 ,0 
320,8 ,0.00372245 ,0 
321,8.025 ,0.00393546 ,0 
322,8.05 ,0.00414473 ,0 
323,8.075 ,0.00435017 ,0 
324,8.1 ,0.00455169 ,0 
325,8.125 ,0.0047492 ,0 
326,8.15 ,0.00494261 ,0 
327,8.175 ,0.00513185 ,0 
328,8.2 ,0.00531685 ,0 
329,8.225 ,0.00549752 ,0 
330,8.25 ,0.0056738 ,0 
331,8.275 ,0.00584562 ,0 
332,8.3 ,0.00601292 ,0 
333,8.325 ,0.00617564 ,0 
334,8.35 ,0.00633373 ,0 
335,8.375 ,0.00648713 ,0 
336,8.4 ,0.0066358 ,0 
337,8.425 ,0.0067797 ,0 
338,8.45 ,0.00691877 ,0 
339,8.475 ,0.00705299 ,0 
340,8.5 ,0.00718231 ,0 
341,8.525 ,0.00730671 ,0 
342,8.55 ,0.00742617 ,0 
343,8.575 ,0.00754065 ,0 
344,8.6 ,0.00765014 ,0 
345,8.625 ,0.00775461 ,0 
346,8.65 ,0.00785406 ,0 
347,8.675 ,0.00794848 ,0 
348,8.7 ,0.00803784 ,0 
349,8.725 ,0.00812217 ,0 
350,8.75 ,0.00820144 ,0 
351,8.775 ,0.00827566 ,0 
352,8.8 ,0.00834484 ,0 
353,8.825 ,0.00840898 ,0 
354,8.85 ,0.00846809 ,0 
355,8.875 ,0.0085222 ,0 
356,8.9 ,0.00857131 ,0 
357,8.925 ,0.00861544 ,0 
358,8.95 ,0.00865461 ,0 
359,8.975 ,0.00868886 ,0 
360,9 ,0.0087182 ,0 
361,9.025 ,0.00874266 ,0 
362,9.05 ,0.00876229 ,0 
363,9.075 ,0.00877711 ,0 
364,9.1 ,0.00878715 ,0 
365,9.125 ,0.00879247 ,0 
366,9.15 ,0.00879309 ,0 
367,9.175 ,0.00878907 ,0 
368,9.2 ,0.00878045 ,0 
369,9.225 ,0.00876728 ,0 
370,9.25 ,0.0087496 ,0 
371,9.275 ,0.00872748 ,0 
372,9.3 ,0.00870096 ,0 
373,9.325 ,0.00867009 ,0 
374,9.35 ,0.00863495 ,0 
375,9.375 ,0.00859558 ,0 
376,9.4 ,0.00855204 ,0 
377,9.425 ,0.00850441 ,0 
378,9.45 ,0.00845274 ,0 
379,9.475 ,0.00839709 ,0 
380,9.5 ,0.00833754 ,0 
381,9.525 ,0.00827416 ,0 
382,9.55 ,0.008207 ,0 
383,9.575 ,0.00813615 ,0 
384,9.6 ,0.00806167 ,0 
385,9.625 ,0.00798363 ,0 
386,9.65 ,0.00790212 ,0 
387,9.675 ,0.0078172 ,0 
388,9.7 ,0.00772895 ,0 
389,9.725 ,0.00763745 ,0 
390,9.75 ,0.00754277 ,0 
391,9.775 ,0.00744498 ,0 
392,9.8 ,0.00734418 ,0 
393,9.825 ,0.00724043 ,0 
394,9.85 ,0.00713382 ,0 
395,9.875 ,0.00702443 ,0 
396,9.9 ,0.00691233 ,0 
397,9.925 ,0.00679761 ,0 
398,9.95 ,0.00668035 ,0 
399,9.975 ,0.00656062 ,0 
400,10 ,0.00643851 ,0 
401,10.025 ,0.00631411 ,0 
402,10.05 ,0.00618748 ,0 
403,10.075 ,0.00605872 ,0 
404,10.1 ,0.0059279 ,0 
405,10.125 ,0.0057951 ,0 
406,10.15 ,0.00566041 ,0 
407,10.175 ,0.00552391 ,0 
408,10.2 ,0.00538567 ,0 
409,10.225 ,0.00524578 ,0 
410,10.25 ,0.00510431 ,0 
411,10.275 ,0.00496136 ,0 
412,10.3 ,0.00481698 ,0 
413,10.325 ,0.00467127 ,0 
414,10.35 ,0.0045243 ,0 
415,10.375 ,0.00437615 ,0 
416,10.4 ,0.00422689 ,0 
417,10.425 ,0.0040766 ,0 
418,10.45 ,0.00392536 ,0 
419,10.475 ,0.00377324 ,0 
420,10.5 ,0.00362032 ,0 
421,10.525 ,0.00346667 ,0 
422,10.55 ,0.00331235 ,0 
423,10.575 ,0.00315745 ,0 
424,10.6 ,0.00300203 ,0 
425,10.625 ,0.00284617 ,0 
426,10.65 ,0.00268993 ,0 
427,10.675 ,0.00253337 ,0 
428,10.7 ,0.00237658 ,0 
429,10.725 ,0.0022196 ,0 
430,10.75 ,0.00206252 ,0 
431,10.775 ,0.00190538 ,0 
432,10.8 ,0.00174826 ,0 
433,10.825 ,0.00159122 ,0 
434,10.85 ,0.00143431 ,0 
435,10.875 ,0.00127759 ,0 
436,10.9 ,0.00112113 ,0 
437,10.925 ,0.000964976 ,0 
438,10.95 ,0.00080919 ,0 
439,10.975 ,0.000653825 ,0 
440,11 ,0.000498934 ,0 
441,11.025 ,0.000344569 ,0 
442,11.05 ,0.000190783 ,0 
443,11.075 ,3.76244e-05 ,0 
444,11.1 ,-0.000114857 ,0 
445,11.125 ,-0.000266614 ,0 
446,11.15 ,-0.0004176 ,0 
447,11.175 ,-0.00056777 ,0 
448,11.2 ,-0.000717078 ,0 
449,11.225 ,-0.000865483 ,0 
450,11.25 ,-0.00101294 ,0 
451,11.275 ,-0.00115941 ,0 
452,11.3 ,-0.00130486 ,0 
453,11.325 ,-0.00144924 ,0 
454,11.35 ,-0.00159252 ,0 
455,11.375 ,-0.00173466 ,0 
456,11.4 ,-0.00187563 ,0 
457,11.425 ,-0.0020154 ,0 
458,11.45 ,-0.00215392 ,0 
459,11.475 ,-0.00229117 ,0 
460,11.5 ,-0.00242712 ,0 
461,11.525 ,-0.00256174 ,0 
462,11.55 ,-0.002695 ,0 
463,11.575 ,-0.00282687 ,0 
464,11.6 ,-0.00295732 ,0 
465,11.625 ,-0.00308634 ,0 
466,11.65 ,-0.0032139 ,0 
467,11.675 ,-0.00333997 ,0 
468,11.7 ,-0.00346453 ,0 
469,11.725 ,-0.00358757 ,0 
470,11.75 ,-0.00370905 ,0 
471,11.775 ,-0.00382897 ,0 
472,11.8 ,-0.0039473 ,0 
473,11.825 ,-0.00406403 ,0 
474,11.85 ,-0.00417914 ,0 
475,11.875 ,-0.00429261 ,0 
476,11.9 ,-0.00440444 ,0 
477,11.925 ,-0.0045146 ,0 
478,11.95 ,-0.00462309 ,0 
479,11.975 ,-0.00472989 ,0 
480,12 ,-0.00483499 ,0 
481,12.025 ,-0.00493839 ,0 
482,12.05 ,-0.00504007 ,0 
483,12.075 ,-0.00514002 ,0 
484,12.1 ,-0.00523825 ,0 
485,12.125 ,-0.00533473 ,0 
486,12.15 ,-0.00542947 ,0 
487,12.175 ,-0.00552246 ,0 
488,12.2 ,-0.0056137 ,0 
489,12.225 ,-0.00570318 ,0 
490,12.25 ,-0.00579091 ,0 
491,12.275 ,-0.00587687 ,0 
492,12.3 ,-0.00596106 ,0 
493,12.325 ,-0.0060435 ,0 
494,12.35 ,-0.00612417 ,0 
495,12.375 ,-0.00620307 ,0 
496,12.4 ,-0.00628021 ,0 
497,12.425 ,-0.0063556 ,0 
498,12.45 ,-0.00642922 ,0 
499,12.475 ,-0.00650109 ,0 
500,12.5 ,-0.00657122 ,0 
501,12.525 ,-0.00663959 ,0 
502,12.55 ,-0.00670622 ,0 
503,12.575 ,-0.00677112 ,0 
504,12.6 ,-0.00683428 ,0 
505,12.625 ,-0.00689573 ,0 
506,12.65 ,-0.00695545 ,0 
507,12.675 ,-0.00701347 ,0 
508,12.7 ,-0.00706978 ,0 
509,12.725 ,-0.0071244 ,0 
510,12.75 ,-0.00717734 ,0 
511,12.775 ,-0.0072286 ,0 
512,12.8 ,-0.00727819 ,0 
513,12.825 ,-0.00732613 ,0 
514,12.85 ,-0.00737243 ,0 
515,12.875 ,-0.00741709 ,0 
516,12.9 ,-0.00746012 ,0 
517,12.925 ,-0.00750155 ,0 
518,12.95 ,-0.00754137 ,0 
519,12.975 ,-0.00757961 ,0 
520,13 ,-0.00761627 ,0 
521,13.025 ,-0.00765138 ,0 
522,13.05 ,-0.00768493 ,0 
523,13.075 ,-0.00771694 ,0 
524,13.1 ,-0.00774744 ,0 
525,13.125 ,-0.00777643 ,0 
526,13.15 ,-0.00780392 ,0 
527,13.175 ,-0.00782993 ,0 
528,13.2 ,-0.00785448 ,0 
529,13.225 ,-0.00787758 ,0 
530,13.25 ,-0.00789925 ,0 
531,13.275 ,-0.00791949 ,0 
532,13.3 ,-0.00793834 ,0 
533,13.325 ,-0.00795579 ,0 
534,13.35 ,-0.00797187 ,0 
535,13.375 ,-0.0079866 ,0 
536,13.4 ,-0.00799998 ,0 
537,13.425 ,-0.00801204 ,0 
538,13.45 ,-0.00802279 ,0 
539,13.475 ,-0.00803226 ,0 
540,13.5 ,-0.00804044 ,0 
541,13.525 ,-0.00804737 ,0 
542,13.55 ,-0.00805306 ,0 
543,13.575 ,-0.00805752 ,0 
544,13.6 ,-0.00806078 ,0 
545,13.625 ,-0.00806284 ,0 
546,13.65 ,-0.00806374 ,0 
547,13.675 ,-0.00806347 ,0 
548,13.7 ,-0.00806207 ,0 
549,13.725 ,-0.00805954 ,0 
550,13.75 ,-0.00805591 ,0 
551,13.775 ,-0.0080512 ,0 
552,13.8 ,-0.00804541 ,0 
553,13.825 ,-0.00803857 ,0 
554,13.85 ,-0.00803069 ,0 
555,13.875 ,-0.00802179 ,0 
556,13.9 ,-0.0080119 ,0 
557,13.925 ,-0.00800101 ,0 
558,13.95 ,-0.00798917 ,0 
559,13.975 ,-0.00797637 ,0 
560,14 ,-0.00796264 ,0 
561,14.025 ,-0.00794799 ,0 
562,14.05 ,-0.00793245 ,0 
563,14.075 ,-0.00791602 ,0 
564,14.1 ,-0.00789873 ,0 
565,14.125 ,-0.00788059 ,0 
566,14.15 ,-0.00786162 ,0 
567,14.175 ,-0.00784183 ,0 
568,14.2 ,-0.00782125 ,0 
569,14.225 ,-0.00779989 ,0 
570,14.25 ,-0.00777776 ,0 
571,14.275 ,-0.00775488 ,0 
572,14.3 ,-0.00773128 ,0 
573,14.325 ,-0.00770695 ,0 
574,14.35 ,-0.00768193 ,0 
575,14.375 ,-0.00765622 ,0 
576,14.4 ,-0.00762985 ,0 
577,14.425 ,-0.00760282 ,0 
578,14.45 ,-0.00757516 ,0 
579,14.475 ,-0.00754687 ,0 
580,14.5 ,-0.00751798 ,0 
581,14.525 ,-0.0074885 ,0 
582,14.55 ,-0.00745845 ,0 
583,14.575 ,-0.00742783 ,0 
584,14.6 ,-0.00739667 ,0 
585,14.625 ,-0.00736499 ,0 
586,14.65 ,-0.00733278 ,0 
587,14.675 ,-0.00730008 ,0 
588,14.7 ,-0.00726689 ,0 
589,14.725 ,-0.00723322 ,0 
590,14.75 ,-0.0071991 ,0 
591,14.775 ,-0.00716453 ,0 
592,14.8 ,-0.00712954 ,0 
593,14.825 ,-0.00709413 ,0 
594,14.85 ,-0.00705831 ,0 
595,14.875 ,-0.00702211 ,0 
596,14.9 ,-0.00698552 ,0 
597,14.925 ,-0.00694858 ,0 
598,14.95 ,-0.00691128 ,0 
599,14.975 ,-0.00687365 ,0 
600,15 ,-0.00683569 ,0 
601,15.025 ,-0.00679742 ,0 
602,15.05 ,-0.00675885 ,0 
603,15.075 ,-0.00672 ,0 
604,15.1 ,-0.00668086 ,0 
605,15.125 ,-0.00664146 ,0 
606,15.15 ,-0.00660181 ,0 
607,15.175 ,-0.00656192 ,0 
608,15.2 ,-0.0065218 ,0 
609,15.225 ,-0.00648146 ,0 
610,15.25 ,-0.00644091 ,0 
611,15.275 ,-0.00640017 ,0 
612,15.3 ,-0.00635924 ,0 
613,15.325 ,-0.00631814 ,0 
614,15.35 ,-0.00627687 ,0 
615,15.375 ,-0.00623544 ,0 
616,15.4 ,-0.00619388 ,0 
617,15.425 ,-0.00615218 ,0 
618,15.45 ,-0.00611035 ,0 
619,15.475 ,-0.00606841 ,0 
620,15.5 ,-0.00602636 ,0 
621,15.525 ,-0.00598422 ,0 
622,15.55 ,-0.00594199 ,0 
623,15.575 ,-0.00589968 ,0 
624,15.6 ,-0.00585731 ,0 
625,15.625 ,-0.00581487 ,0 
626,15.65 ,-0.00577238 ,0 
627,15.675 ,-0.00572985 ,0 
628,15.7 ,-0.00568728 ,0 
629,15.725 ,-0.00564469 ,0 
630,15.75 ,-0.00560208 ,0 
631,15.775 ,-0.00555945 ,0 
632,15.8 ,-0.00551682 ,0 
633,15.825 ,-0.0054742 ,0 
634,15.85 ,-0.00543159 ,0 
635,15.875 ,-0.00538899 ,0 
636,15.9 ,-0.00534642 ,0 
637,15.925 ,-0.00530389 ,0 
638,15.95 ,-0.00526139 ,0 
639,15.975 ,-0.00521894 ,0 
640,16 ,-0.00517654 ,0 
641,16.025 ,-0.0051342 ,0 
642,16.05 ,-0.00509192 ,0 
643,16.075 ,-0.00504972 ,0 
644,16.1 ,-0.00500759 ,0 
645,16.125 ,-0.00496554 ,0 
646,16.15 ,-0.00492359 ,0 
647,16.175 ,-0.00488173 ,0 
648,16.2 ,-0.00483996 ,0 
649,16.225 ,-0.00479831 ,0 
650,16.25 ,-0.00475676 ,0 
651,16.275 ,-0.00471533 ,0 
652,16.3 ,-0.00467401 ,0 
653,16.325 ,-0.00463282 ,0 
654,16.35 ,-0.00459177 ,0 
655,16.375 ,-0.00455084 ,0 
656,16.4 ,-0.00451005 ,0 
657,16.425 ,-0.00446941 ,0 
658,16.45 ,-0.00442891 ,0 
659,16.475 ,-0.00438857 ,0 
660,16.5 ,-0.00434838 ,0 
661,16.525 ,-0.00430834 ,0 
662,16.55 ,-0.00426847 ,0 
663,16.575 ,-0.00422877 ,0 
664,16.6 ,-0.00418924 ,0 
665,16.625 ,-0.00414988 ,0 
666,16.65 ,-0.00411069 ,0 
667,16.675 ,-0.00407169 ,0 
668,16.7 ,-0.00403286 ,0 
669,16.725 ,-0.00399423 ,0 
670,16.75 ,-0.00395578 ,0 
671,16.775 ,-0.00391753 ,0 
672,16.8 ,-0.00387946 ,0 
673,16.825 ,-0.0038416 ,0 
674,16.85 ,-0.00380393 ,0 
675,16.875 ,-0.00376647 ,0 
676,16.9 ,-0.00372921 ,0 
677,16.925 ,-0.00369216 ,0 
678,16.95 ,-0.00365531 ,0 
679,16.975 ,-0.00361868 ,0 
680,17 ,-0.00358225 ,0 
681,17.025 ,-0.00354605 ,0 
682,17.05 ,-0.00351006 ,0 
683,17.075 ,-0.00347428 ,0 
684,17.1 ,-0.00343873 ,0 
685,17.125 ,-0.0034034 ,0 
686,17.15 ,-0.00336829 ,0 
687,17.175 ,-0.0033334 ,0 
688,17.2 ,-0.00329874 ,0 
689,17.225 ,-0.00326431 ,0 
690,17.25 ,-0.0032301 ,0 
691,17.275 ,-0.00319613 ,0 
692,17.3 ,-0.00316238 ,0 
693,17.325 ,-0.00312887 ,0 
694,17.35 ,-0.00309558 ,0 
695,17.375 ,-0.00306253 ,0 
696,17.4 ,-0.00302972 ,0 
697,17.425 ,-0.00299714 ,0 
698,17.45 ,-0.00296479 ,0 
699,17.475 ,-0.00293268 ,0 
700,17.5 ,-0.0029008 ,0 
701,17.525 ,-0.00286917 ,0 
702,17.55 ,-0.00283777 ,0 
703,17.575 ,-0.0028066 ,0 
704,17.6 ,-0.00277568 ,0 
705,17.625 ,-0.00274499 ,0 
706,17.65 ,-0.00271454 ,0 
707,17.675 ,-0.00268433 ,0 
708,17.7 ,-0.00265436 ,0 
709,17.725 ,-0.00262462 ,0 
710,17.75 ,-0.00259513 ,0 
711,17.775 ,-0.00256587 ,0 
712,17.8 ,-0.00253685 ,0 
713,17.825 ,-0.00250808 ,0 
714,17.85 ,-0.00247953 ,0 
715,17.875 ,-0.00245123 ,0 
716,17.9 ,-0.00242317 ,0 
717,17.925 ,-0.00239534 ,0 
718,17.95 ,-0.00236775 ,0 
719,17.975 ,-0.00234039 ,0 
720,18 ,-0.00231327 ,0 
721,18.025 ,-0.00228639 ,0 
722,18.05 ,-0.00225974 ,0 
723,18.075 ,-0.00223333 ,0 
724,18.1 ,-0.00220715 ,0 
725,18.125 ,-0.00218121 ,0 
726,18.15 ,-0.00215549 ,0 
727,18.175 ,-0.00213002 ,0 
728,18.2 ,-0.00210477 ,0 
729,18.225 ,-0.00207975 ,0 
730,18.25 ,-0.00205496 ,0 
731,18.275 ,-0.0020304 ,0 
732,18.3 ,-0.00200608 ,0 
733,18.325 ,-0.00198197 ,0 
734,18.35 ,-0.0019581 ,0 
735,18.375 ,-0.00193445 ,0 
736,18.4 ,-0.00191103 ,0 
737,18.425 ,-0.00188783 ,0 
738,18.45 ,-0.00186485 ,0 
739,18.475 ,-0.00184209 ,0 
740,18.5 ,-0.00181956 ,0 
741,18.525 ,-0.00179725 ,0 
742,18.55 ,-0.00177515 ,0 
743,18.575 ,-0.00175328 ,0 
744,18.6 ,-0.00173162 ,0 
745,18.625 ,-0.00171017 ,0 
746,18.65 ,-0.00168894 ,0 
747,18.675 ,-0.00166793 ,0 
748,18.7 ,-0.00164713 ,0 
749,18.725 ,-0.00162653 ,0 
750,18.75 ,-0.00160615 ,0 
751,18.775 ,-0.00158598 ,0 
752,18.8 ,-0.00156601 ,0 
753,18.825 ,-0.00154625 ,0 
754,18.85 ,-0.0015267 ,0 
755,18.875 ,-0.00150735 ,0 
756,18.9 ,-0.0014882 ,0 
757,18.925 ,-0.00146926 ,0 
758,18.95 ,-0.00145051 ,0 
759,18.975 ,-0.00143197 ,0 
760,19 ,-0.00141362 ,0 
761,19.025 ,-0.00139546 ,0 
762,19.05 ,-0.00137751 ,0 
763,19.075 ,-0.00135974 ,0 
764,19.1 ,-0.00134217 ,0 
765,19.125 ,-0.00132479 ,0 
766,19.15 ,-0.0013076 ,0 
767,19.175 ,-0.00129059 ,0 
768,19.2 ,-0.00127378 ,0 
769,19.225 ,-0.00125715 ,0 
770,19.25 ,-0.0012407 ,0 
771,19.275 ,-0.00122444 ,0 
772,19.3 ,-0.00120835 ,0 
773,19.325 ,-0.00119245 ,0 
774,19.35 ,-0.00117673 ,0 
775,19.375 ,-0.00116118 ,0 
776,19.4 ,-0.00114581 ,0 
777,19.425 ,-0.00113062 ,0 
778,19.45 ,-0.0011156 ,0 
779,19.475 ,-0.00110075 ,0 
780,19.5 ,-0.00108607 ,0 
781,19.525 ,-0.00107156 ,0 
782,19.55 ,-0.00105721 ,0 
783,19.575 ,-0.00104304 ,0 
784,19.6 ,-0.00102902 ,0 
785,19.625 ,-0.00101518 ,0 
786,19.65 ,-0.00100149 ,0 
787,19.675 ,-0.000987964 ,0 
788,19.7 ,-0.000974597 ,0 
789,19.725 ,-0.000961389 ,0 
790,19.75 ,-0.000948338 ,0 
791,19.775 ,-0.000935442 ,0 
792,19.8 ,-0.000922699 ,0 
793,19.825 ,-0.000910109 ,0 
794,19.85 ,-0.000897671 ,0 
795,19.875 ,-0.000885382 ,0 
796,19.9 ,-0.000873241 ,0 
797,19.925 ,-0.000861248 ,0 
798,19.95 ,-0.0008494 ,0 
799,19.975 ,-0.000837697 ,0 
800,20 ,-0.000826137 ,0 
801,20.025 ,-0.000814718 ,0 
802,20.05 ,-0.00080344 ,0 
803,20.075 ,-0.000792301 ,0 
804,20.1 ,-0.000781299 ,0 
805,20.125 ,-0.000770434 ,0 
806,20.15 ,-0.000759704 ,0 
807,20.175 ,-0.000749108 ,0 
808,20.2 ,-0.000738644 ,0 
809,20.225 ,-0.000728311 ,0 
810,20.25 ,-0.000718108 ,0 
811,20.275 ,-0.000708034 ,0 
812,20.3 ,-0.000698088 ,0 
813,20.325 ,-0.000688267 ,0 
814,20.35 ,-0.000678571 ,0 
815,20.375 ,-0.000668998 ,0 
816,20.4 ,-0.000659548 ,0 
817,20.425 ,-0.000650219 ,0 
818,20.45 ,-0.00064101 ,0 
819,20.475 ,-0.000631919 ,0 
820,20.5 ,-0.000622946 ,0 
821,20.525 ,-0.000614089 ,0 
822,20.55 ,-0.000605347 ,0 
823,20.575 ,-0.000596718 ,0 
824,20.6 ,-0.000588202 ,0 
825,20.625 ,-0.000579798 ,0 
826,20.65 ,-0.000571503 ,0 
827,20.675 ,-0.000563318 ,0 
828,20.7 ,-0.00055524 ,0 
829,20.725 ,-0.000547269 ,0 
830,20.75 ,-0.000539404 ,0 
831,20.775 ,-0.000531643 ,0 
832,20.8 ,-0.000523986 ,0 
833,20.825 ,-0.00051643 ,0 
834,20.85 ,-0.000508976 ,0 
835,20.875 ,-0.000501621 ,0 
836,20.9 ,-0.000494366 ,0 
837,20.925 ,-0.000487208 ,0 
838,20.95 ,-0.000480147 ,0 
839,20.975 ,-0.000473181 ,0 
840,21 ,-0.00046631 ,0 
841,21.025 ,-0.000459532 ,0 
842,21.05 ,-0.000452847 ,0 
843,21.075 ,-0.000446254 ,0 
844,21.1 ,-0.00043975 ,0 
845,21.125 ,-0.000433336 ,0 
846,21.15 ,-0.000427011 ,0 
847,21.175 ,-0.000420772 ,0 
848,21.2 ,-0.00041462 ,0 
849,21.225 ,-0.000408554 ,0 
850,21.25 ,-0.000402571 ,0 
851,21.275 ,-0.000396672 ,0 
852,21.3 ,-0.000390856 ,0 
853,21.325 ,-0.000385121 ,0 
854,21.35 ,-0.000379467 ,0 
855,21.375 ,-0.000373892 ,0 
856,21.4 ,-0.000368396 ,0 
857,21.425 ,-0.000362977 ,0 
858,21.45 ,-0.000357636 ,0 
859,21.475 ,-0.00035237 ,0 
860,21.5 ,-0.000347179 ,0 
861,21.525 ,-0.000342063 ,0 
862,21.55 ,-0.00033702 ,0 
863,21.575 ,-0.000332049 ,0 
864,21.6 ,-0.00032715 ,0 
865,21.625 ,-0.000322322 ,0 
866,21.65 ,-0.000317563 ,0 
867,21.675 ,-0.000312873 ,0 
868,21.7 ,-0.000308252 ,0 
869,21.725 ,-0.000303698 ,0 
870,21.75 ,-0.000299211 ,0 
871,21.775 ,-0.000294789 ,0 
872,21.8 ,-0.000290432 ,0 
873,21.825 ,-0.00028614 ,0 
874,21.85 ,-0.000281911 ,0 
875,21.875 ,-0.000277744 ,0 
876,21.9 ,-0.00027364 ,0 
877,21.925 ,-0.000269596 ,0 
878,21.95 ,-0.000265613 ,0 
879,21.975 ,-0.00026169 ,0 
880,22 ,-0.000257825 ,0 
881,22.025 ,-0.000254019 ,0 
882,22.05 ,-0.00025027 ,0 
883,22.075 ,-0.000246578 ,0 
884,22.1 ,-0.000242943 ,0 
885,22.125 ,-0.000239362 ,0 
886,22.15 ,-0.000235836 ,0 
887,22.175 ,-0.000232365 ,0 
888,22.2 ,-0.000228946 ,0 
889,22.225 ,-0.000225581 ,0 
890,22.25 ,-0.000222267 ,0 
891,22.275 ,-0.000219005 ,0 
892,22.3 ,-0.000215794 ,0 
893,22.325 ,-0.000212632 ,0 
894,22.35 ,-0.000209521 ,0 
895,22.375 ,-0.000206458 ,0 
896,22.4 ,-0.000203444 ,0 
897,22.425 ,-0.000200477 ,0 
898,22.45 ,-0.000197558 ,0 
899,22.475 ,-0.000194685 ,0 
900,22.5 ,-0.000191858 ,0 
901,22.525 ,-0.000189076 ,0 
902,22.55 ,-0.00018634 ,0 
903,22.575 ,-0.000183647 ,0 
904,22.6 ,-0.000180999 ,0 
905,22.625 ,-0.000178393 ,0 
906,22.65 ,-0.000175831 ,0 
907,22.675 ,-0.00017331 ,0 
908,22.7 ,-0.000170831 ,0 
909,22.725 ,-0.000168393 ,0 
910,22.75 ,-0.000165996 ,0 
911,22.775 ,-0.000163639 ,0 
912,22.8 ,-0.000161321 ,0 
913,22.825 ,-0.000159043 ,0 
914,22.85 ,-0.000156803 ,0 
915,22.875 ,-0.000154602 ,0 
916,22.9 ,-0.000152438 ,0 
917,22.925 ,-0.000150312 ,0 
918,22.95 ,-0.000148222 ,0 
919,22.975 ,-0.000146168 ,0 
920,23 ,-0.000144151 ,0 
921,23.025 ,-0.000142169 ,0 
922,23.05 ,-0.000140222 ,0 
923,23.075 ,-0.00013831 ,0 
924,23.1 ,-0.000136432 ,0 
925,23.125 ,-0.000134587 ,0 
926,23.15 ,-0.000132776 ,0 
927,23.175 ,-0.000130998 ,0 
928,23.2 ,-0.000129253 ,0 
929,23.225 ,-0.00012754 ,0 
930,23.25 ,-0.000125859 ,0 
931,23.275 ,-0.000124209 ,0 
932,23.3 ,-0.000122591 ,0 
933,23.325 ,-0.000121003 ,0 
934,23.35 ,-0.000119445 ,0 
935,23.375 ,-0.000117918 ,0 
936,23.4 ,-0.00011642 ,0 
937,23.425 ,-0.000114952 ,0 
938,23.45 ,-0.000113513 ,0 
939,23.475 ,-0.000112102 ,0 
940,23.5 ,-0.00011072 ,0 
941,23.525 ,-0.000109366 ,0 
942,23.55 ,-0.00010804 ,0 
943,23.575 ,-0.000106741 ,0 
944,23.6 ,-0.000105469 ,0 
945,23.625 ,-0.000104224 ,0 
946,23.65 ,-0.000103006 ,0 
947,23.675 ,-0.000101814 ,0 
948,23.7 ,-0.000100648 ,0 
949,23.725 ,-9.95077e-05 ,0 
950,23.75 ,-9.83929e-05 ,0 
951,23.775 ,-9.73034e-05 ,0 
952,23.8 ,-9.62388e-05 ,0 
953,23.825 ,-9.5199e-05 ,0 
954,23.85 ,-9.41836e-05 ,0 
955,23.875 ,-9.31924e-05 ,0 
956,23.9 ,-9.22252e-05 ,0 
957,23.925 ,-9.12818e-05 ,0 
958,23.95 ,-9.03619e-05 ,0 
959,23.975 ,-8.94653e-05 ,0 
960,24 ,-8.85918e-05 ,0 
961,24.025 ,-8.77412e-05 ,0 
962,24.05 ,-8.69132e-05 ,0 
963,24.075 ,-8.61078e-05 ,0 
964,24.1 ,-8.53246e-05 ,0 
965,24.125 ,-8.45636e-05 ,0 
966,24.15 ,-8.38244e-05 ,0 
967,24.175 ,-8.31069e-05 ,0 
968,24.2 ,-8.24111e-05 ,0 
969,24.225 ,-8.17365e-05 ,0 
970,24.25 ,-8.10833e-05 ,0 
971,24.275 ,-8.0451e-05 ,0 
972,24.3 ,-7.98397e-05 ,0 
973,24.325 ,-7.92491e-05 ,0 
974,24.35 ,-7.8679e-05 ,0 
975,24.375 ,-7.81295e-05 ,0 
976,24.4 ,-7.76002e-05 ,0 
977,24.425 ,-7.70912e-05 ,0 
978,24.45 ,-7.66022e-05 ,0 
979,24.475 ,-7.61331e-05 ,0 
980,24.5 ,-7.56838e-05 ,0 
981,24.525 ,-7.52543e-05 ,0 
982,24.55 ,-7.48443e-05 ,0 
983,24.575 ,-7.44538e-05 ,0 
984,24.6 ,-7.40827e-05 ,0 
985,24.625 ,-7.37309e-05 ,0 
986,24.65 ,-7.33983e-05 ,0 
987,24.675 ,-7.30848e-05 ,0 
988,24.7 ,-7.27903e-05 ,0 
989,24.725 ,-7.25147e-05 ,0 
990,24.75 ,-7.22581e-05 ,0 
991,24.775 ,-7.20203e-05 ,0 
992,24.8 ,-7.18012e-05 ,0 
993,24.825 ,-7.16008e-05 ,0 
994,24.85 ,-7.1419e-05 ,0 
995,24.875 ,-7.12559e-05 ,0 
996,24.9 ,-7.11112e-05 ,0 
997,24.925 ,-7.09851e-05 ,0 
998,24.95 ,-7.08775e-05 ,0 
999,24.975 ,-7.07883e-05 ,0 
1000,25 ,-7.07175e-05 ,0 