N_e = 26
1,0.025 ,2.30799e-07 ,0 
2,0.05 ,2.30799e-07 ,0 
3,0.075 ,7.78732e-07 ,0 
4,0.1 ,1.84519e-06 ,0 
5,0.125 ,3.60215e-06 ,0 
6,0.15 ,6.22085e-06 ,0 
7,0.175 ,9.8716e-06 ,0 
8,0.2 ,1.47236e-05 ,0 
9,0.225 ,2.09448e-05 ,0 
10,0.25 ,2.87017e-05 ,0 
11,0.275 ,3.8159e-05 ,0 
12,0.3 ,4.94797e-05 ,0 
13,0.325 ,6.28249e-05 ,0 
14,0.35 ,7.83534e-05 ,0 
15,0.375 ,9.62216e-05 ,0 
16,0.4 ,0.000116583 ,0 
17,0.425 ,0.00013959 ,0 
18,0.45 ,0.000165391 ,0 
19,0.475 ,0.00019413 ,0 
20,0.5 ,0.00022595 ,0 
21,0.525 ,0.00026099 ,0 
22,0.55 ,0.000299386 ,0 
23,0.575 ,0.00034127 ,0 
24,0.6 ,0.000386768 ,0 
25,0.625 ,0.000436007 ,0 
26,0.65 ,0.000489106 ,0 
27,0.675 ,0.00054618 ,0 
28,0.7 ,0.000607342 ,0 
29,0.725 ,0.000672699 ,0 
30,0.75 ,0.000742354 ,0 
31,0.775 ,0.000816404 ,0 
32,0.8 ,0.000894943 ,0 
33,0.825 ,0.000978059 ,0 
34,0.85 ,0.00106584 ,0 
35,0.875 ,0.00115835 ,0 
36,0.9 ,0.00125568 ,0 
37,0.925 ,0.00135789 ,0 
38,0.95 ,0.00146504 ,0 
39,0.975 ,0.00157718 ,0 
40,1 ,0.00169438 ,0 
41,1.025 ,0.00181668 ,0 
42,1.05 ,0.00194411 ,0 
43,1.075 ,0.00207672 ,0 
44,1.1 ,0.00221453 ,0 
45,1.125 ,0.00235756 ,0 
46,1.15 ,0.00250583 ,0 
47,1.175 ,0.00265935 ,0 
48,1.2 ,0.00281813 ,0 
49,1.225 ,0.00298217 ,0 
50,1.25 ,0.00315147 ,0 
51,1.275 ,0.003326 ,0 
52,1.3 ,0.00350575 ,0 
53,1.325 ,0.0036907 ,0 
54,1.35 ,0.00388082 ,0 
55,1.375 ,0.00407606 ,0 
56,1.4 ,0.0042764 ,0 
57,1.425 ,0.00448178 ,0 
58,1.45 ,0.00469215 ,0 
59,1.475 ,0.00490744 ,0 
60,1.5 ,0.0051276 ,0 
61,1.525 ,0.00535255 ,0 
62,1.55 ,0.00558222 ,0 
63,1.575 ,0.00581652 ,0 
64,1.6 ,0.00605537 ,0 
65,1.625 ,0.00629867 ,0 
66,1.65 ,0.00654632 ,0 
67,1.675 ,0.00679822 ,0 
68,1.7 ,0.00705426 ,0 
69,1.725 ,0.00731433 ,0 
70,1.75 ,0.0075783 ,0 
71,1.775 ,0.00784606 ,0 
72,1.8 ,0.00811746 ,0 
73,1.825 ,0.00839238 ,0 
74,1.85 ,0.00867068 ,0 
75,1.875 ,0.00895222 ,0 
76,1.9 ,0.00923684 ,0 
77,1.925 ,0.00952439 ,0 
78,1.95 ,0.00981473 ,0 
79,1.975 ,0.0101077 ,0 
80,2 ,0.0104031 ,0 
81,2.025 ,0.0107008 ,0 
82,2.05 ,0.0110006 ,0 
83,2.075 ,0.0113023 ,0 
84,2.1 ,0.0116058 ,0 
85,2.125 ,0.0119108 ,0 
86,2.15 ,0.0122173 ,0 
87,2.175 ,0.012525 ,0 
88,2.2 ,0.0128336 ,0 
89,2.225 ,0.0131431 ,0 
90,2.25 ,0.0134532 ,0 
91,2.275 ,0.0137638 ,0 
92,2.3 ,0.0140745 ,0 
93,2.325 ,0.0143853 ,0 
94,2.35 ,0.0146959 ,0 
95,2.375 ,0.0150061 ,0 
96,2.4 ,0.0153157 ,0 
97,2.425 ,0.0156246 ,0 
98,2.45 ,0.0159324 ,0 
99,2.475 ,0.016239 ,0 
100,2.5 ,0.0165441 ,0 
101,2.525 ,0.0168477 ,0 
102,2.55 ,0.0171493 ,0 
103,2.575 ,0.0174489 ,0 
104,2.6 ,0.0177463 ,0 
105,2.625 ,0.0180411 ,0 
106,2.65 ,0.0183333 ,0 
107,2.675 ,0.0186225 ,0 
108,2.7 ,0.0189087 ,0 
109,2.725 ,0.0191915 ,0 
110,2.75 ,0.0194708 ,0 
111,2.775 ,0.0197464 ,0 
112,2.8 ,0.020018 ,0 
113,2.825 ,0.0202855 ,0 
114,2.85 ,0.0205486 ,0 
115,2.875 ,0.0208072 ,0 
116,2.9 ,0.0210611 ,0 
117,2.925 ,0.02131 ,0 
118,2.95 ,0.0215538 ,0 
119,2.975 ,0.0217923 ,0 
120,3 ,0.0220253 ,0 
121,3.025 ,0.0222527 ,0 
122,3.05 ,0.0224742 ,0 
123,3.075 ,0.0226896 ,0 
124,3.1 ,0.0228988 ,0 
125,3.125 ,0.0231017 ,0 
126,3.15 ,0.023298 ,0 
127,3.175 ,0.0234876 ,0 
128,3.2 ,0.0236703 ,0 
129,3.225 ,0.023846 ,0 
130,3.25 ,0.0240146 ,0 
131,3.275 ,0.0241758 ,0 
132,3.3 ,0.0243296 ,0 
133,3.325 ,0.0244758 ,0 
134,3.35 ,0.0246142 ,0 
135,3.375 ,0.0247449 ,0 
136,3.4 ,0.0248675 ,0 
137,3.425 ,0.0249821 ,0 
138,3.45 ,0.0250884 ,0 
139,3.475 ,0.0251865 ,0 
140,3.5 ,0.0252762 ,0 
141,3.525 ,0.0253573 ,0 
142,3.55 ,0.0254299 ,0 
143,3.575 ,0.0254938 ,0 
144,3.6 ,0.0255489 ,0 
145,3.625 ,0.0255952 ,0 
146,3.65 ,0.0256327 ,0 
147,3.675 ,0.0256611 ,0 
148,3.7 ,0.0256806 ,0 
149,3.725 ,0.025691 ,0 
150,3.75 ,0.0256923 ,0 
151,3.775 ,0.0256844 ,0 
152,3.8 ,0.0256674 ,0 
153,3.825 ,0.0256412 ,0 
154,3.85 ,0.0256057 ,0 
155,3.875 ,0.025561 ,0 
156,3.9 ,0.0255071 ,0 
157,3.925 ,0.0254439 ,0 
158,3.95 ,0.0253715 ,0 
159,3.975 ,0.0252898 ,0 
160,4 ,0.025199 ,0 
161,4.025 ,0.0250989 ,0 
162,4.05 ,0.0249897 ,0 
163,4.075 ,0.0248713 ,0 
164,4.1 ,0.0247439 ,0 
165,4.125 ,0.0246074 ,0 
166,4.15 ,0.0244619 ,0 
167,4.175 ,0.0243075 ,0 
168,4.2 ,0.0241442 ,0 
169,4.225 ,0.0239721 ,0 
170,4.25 ,0.0237912 ,0 
171,4.275 ,0.0236017 ,0 
172,4.3 ,0.0234037 ,0 
173,4.325 ,0.0231972 ,0 
174,4.35 ,0.0229823 ,0 
175,4.375 ,0.0227591 ,0 
176,4.4 ,0.0225278 ,0 
177,4.425 ,0.0222884 ,0 
178,4.45 ,0.0220411 ,0 
179,4.475 ,0.021786 ,0 
180,4.5 ,0.0215232 ,0 
181,4.525 ,0.0212528 ,0 
182,4.55 ,0.020975 ,0 
183,4.575 ,0.0206899 ,0 
184,4.6 ,0.0203977 ,0 
185,4.625 ,0.0200985 ,0 
186,4.65 ,0.0197925 ,0 
187,4.675 ,0.0194798 ,0 
188,4.7 ,0.0191606 ,0 
189,4.725 ,0.018835 ,0 
190,4.75 ,0.0185033 ,0 
191,4.775 ,0.0181656 ,0 
192,4.8 ,0.0178221 ,0 
193,4.825 ,0.0174729 ,0 
194,4.85 ,0.0171182 ,0 
195,4.875 ,0.0167583 ,0 
196,4.9 ,0.0163933 ,0 
197,4.925 ,0.0160234 ,0 
198,4.95 ,0.0156488 ,0 
199,4.975 ,0.0152697 ,0 
200,5 ,0.0148863 ,0 
201,5.025 ,0.0144987 ,0 
202,5.05 ,0.0141073 ,0 
203,5.075 ,0.0137122 ,0 
204,5.1 ,0.0133136 ,0 
205,5.125 ,0.0129117 ,0 
206,5.15 ,0.0125068 ,0 
207,5.175 ,0.012099 ,0 
208,5.2 ,0.0116885 ,0 
209,5.225 ,0.0112756 ,0 
210,5.25 ,0.0108605 ,0 
211,5.275 ,0.0104434 ,0 
212,5.3 ,0.0100245 ,0 
213,5.325 ,0.00960406 ,0 
214,5.35 ,0.00918225 ,0 
215,5.375 ,0.00875929 ,0 
216,5.4 ,0.00833541 ,0 
217,5.425 ,0.00791082 ,0 
218,5.45 ,0.00748575 ,0 
219,5.475 ,0.0070604 ,0 
220,5.5 ,0.00663498 ,0 
221,5.525 ,0.00620973 ,0 
222,5.55 ,0.00578484 ,0 
223,5.575 ,0.00536052 ,0 
224,5.6 ,0.004937 ,0 
225,5.625 ,0.00451448 ,0 
226,5.65 ,0.00409316 ,0 
227,5.675 ,0.00367326 ,0 
228,5.7 ,0.00325497 ,0 
229,5.725 ,0.00283851 ,0 
230,5.75 ,0.00242407 ,0 
231,5.775 ,0.00201185 ,0 
232,5.8 ,0.00160205 ,0 
233,5.825 ,0.00119486 ,0 
234,5.85 ,0.000790479 ,0 
235,5.875 ,0.000389091 ,0 
236,5.9 ,-9.11598e-06 ,0 
237,5.925 ,-0.000403957 ,0 
238,5.95 ,-0.000795251 ,0 
239,5.975 ,-0.00118282 ,0 
240,6 ,-0.00156649 ,0 
241,6.025 ,-0.00194608 ,0 
242,6.05 ,-0.00232144 ,0 
243,6.075 ,-0.00269239 ,0 
244,6.1 ,-0.00305877 ,0 
245,6.125 ,-0.00342042 ,0 
246,6.15 ,-0.00377718 ,0 
247,6.175 ,-0.00412892 ,0 
248,6.2 ,-0.00447547 ,0 
249,6.225 ,-0.0048167 ,0 
250,6.25 ,-0.00515246 ,0 
251,6.275 ,-0.00548261 ,0 
252,6.3 ,-0.00580704 ,0 
253,6.325 ,-0.0061256 ,0 
254,6.35 ,-0.00643818 ,0 
255,6.375 ,-0.00674466 ,0 
256,6.4 ,-0.00704491 ,0 
257,6.425 ,-0.00733883 ,0 
258,6.45 ,-0.00762631 ,0 
259,6.475 ,-0.00790725 ,0 
260,6.5 ,-0.00818155 ,0 
261,6.525 ,-0.00844912 ,0 
262,6.55 ,-0.00870987 ,0 
263,6.575 ,-0.0089637 ,0 
264,6.6 ,-0.00921055 ,0 
265,6.625 ,-0.00945034 ,0 
266,6.65 ,-0.00968299 ,0 
267,6.675 ,-0.00990843 ,0 
268,6.7 ,-0.0101266 ,0 
269,6.725 ,-0.0103375 ,0 
270,6.75 ,-0.0105409 ,0 
271,6.775 ,-0.010737 ,0 
272,6.8 ,-0.0109256 ,0 
273,6.825 ,-0.0111067 ,0 
274,6.85 ,-0.0112802 ,0 
275,6.875 ,-0.0114461 ,0 
276,6.9 ,-0.0116045 ,0 
277,6.925 ,-0.0117552 ,0 
278,6.95 ,-0.0118983 ,0 
279,6.975 ,-0.0120337 ,0 
280,7 ,-0.0121614 ,0 
281,7.025 ,-0.0122815 ,0 
282,7.05 ,-0.0123939 ,0 
283,7.075 ,-0.0124987 ,0 
284,7.1 ,-0.0125958 ,0 
285,7.125 ,-0.0126852 ,0 
286,7.15 ,-0.012767 ,0 
287,7.175 ,-0.0128412 ,0 
288,7.2 ,-0.0129078 ,0 
289,7.225 ,-0.0129668 ,0 
290,7.25 ,-0.0130184 ,0 
291,7.275 ,-0.0130624 ,0 
292,7.3 ,-0.013099 ,0 
293,7.325 ,-0.0131282 ,0 
294,7.35 ,-0.01315 ,0 
295,7.375 ,-0.0131645 ,0 
296,7.4 ,-0.0131717 ,0 
297,7.425 ,-0.0131718 ,0 
298,7.45 ,-0.0131647 ,0 
299,7.475 ,-0.0131506 ,0 
300,7.5 ,-0.0131294 ,0 
301,7.525 ,-0.0131014 ,0 
302,7.55 ,-0.0130664 ,0 
303,7.575 ,-0.0130247 ,0 
304,7.6 ,-0.0129763 ,0 
305,7.625 ,-0.0129213 ,0 
306,7.65 ,-0.0128597 ,0 
307,7.675 ,-0.0127917 ,0 
308,7.7 ,-0.0127174 ,0 
309,7.725 ,-0.0126368 ,0 
310,7.75 ,-0.01255 ,0 
311,7.775 ,-0.0124572 ,0 
312,7.8 ,-0.0123584 ,0 
313,7.825 ,-0.0122537 ,0 
314,7.85 ,-0.0121433 ,0 
315,7.875 ,-0.0120273 ,0 
316,7.9 ,-0.0119057 ,0 
317,7.925 ,-0.0117787 ,0 
318,7.95 ,-0.0116464 ,0 
319,7.975 ,-0.0115088 ,0 
320,8 ,-0.0113662 ,0 
321,8.025 ,-0.0112187 ,0 
322,8.05 ,-0.0110662 ,0 
323,8.075 ,-0.0109091 ,0 
324,8.1 ,-0.0107473 ,0 
325,8.125 ,-0.0105811 ,0 
326,8.15 ,-0.0104105 ,0 
327,8.175 ,-0.0102357 ,0 
328,8.2 ,-0.0100568 ,0 
329,8.225 ,-0.00987386 ,0 
330,8.25 ,-0.00968709 ,0 
331,8.275 ,-0.0094966 ,0 
332,8.3 ,-0.00930251 ,0 
333,8.325 ,-0.00910495 ,0 
334,8.35 ,-0.00890404 ,0 
335,8.375 ,-0.00869993 ,0 
336,8.4 ,-0.00849274 ,0 
337,8.425 ,-0.00828259 ,0 
338,8.45 ,-0.00806963 ,0 
339,8.475 ,-0.00785397 ,0 
340,8.5 ,-0.00763575 ,0 
341,8.525 ,-0.0074151 ,0 
342,8.55 ,-0.00719215 ,0 
343,8.575 ,-0.00696702 ,0 
344,8.6 ,-0.00673985 ,0 
345,8.625 ,-0.00651076 ,0 
346,8.65 ,-0.00627988 ,0 
347,8.675 ,-0.00604735 ,0 
348,8.7 ,-0.00581327 ,0 
349,8.725 ,-0.00557779 ,0 
350,8.75 ,-0.00534102 ,0 
351,8.775 ,-0.00510309 ,0 
352,8.8 ,-0.00486413 ,0 
353,8.825 ,-0.00462425 ,0 
354,8.85 ,-0.00438357 ,0 
355,8.875 ,-0.00414223 ,0 
356,8.9 ,-0.00390032 ,0 
357,8.925 ,-0.00365798 ,0 
358,8.95 ,-0.00341532 ,0 
359,8.975 ,-0.00317246 ,0 
360,9 ,-0.0029295 ,0 
361,9.025 ,-0.00268656 ,0 
362,9.05 ,-0.00244375 ,0 
363,9.075 ,-0.00220119 ,0 
364,9.1 ,-0.00195897 ,0 
365,9.125 ,-0.00171721 ,0 
366,9.15 ,-0.00147601 ,0 
367,9.175 ,-0.00123547 ,0 
368,9.2 ,-0.000995694 ,0 
369,9.225 ,-0.000756783 ,0 
370,9.25 ,-0.000518833 ,0 
371,9.275 ,-0.00028194 ,0 
372,9.3 ,-4.61994e-05 ,0 
373,9.325 ,0.000188297 ,0 
374,9.35 ,0.000421459 ,0 
375,9.375 ,0.000653198 ,0 
376,9.4 ,0.000883428 ,0 
377,9.425 ,0.00111206 ,0 
378,9.45 ,0.00133902 ,0 
379,9.475 ,0.00156422 ,0 
380,9.5 ,0.00178758 ,0 
381,9.525 ,0.00200903 ,0 
382,9.55 ,0.00222849 ,0 
383,9.575 ,0.00244589 ,0 
384,9.6 ,0.00266116 ,0 
385,9.625 ,0.00287423 ,0 
386,9.65 ,0.00308504 ,0 
387,9.675 ,0.00329351 ,0 
388,9.7 ,0.00349959 ,0 
389,9.725 ,0.00370322 ,0 
390,9.75 ,0.00390434 ,0 
391,9.775 ,0.00410289 ,0 
392,9.8 ,0.00429882 ,0 
393,9.825 ,0.00449207 ,0 
394,9.85 ,0.00468261 ,0 
395,9.875 ,0.00487037 ,0 
396,9.9 ,0.00505532 ,0 
397,9.925 ,0.00523741 ,0 
398,9.95 ,0.0054166 ,0 
399,9.975 ,0.00559285 ,0 
400,10 ,0.00576612 ,0 
401,10.025 ,0.00593638 ,0 
402,10.05 ,0.0061036 ,0 
403,10.075 ,0.00626773 ,0 
404,10.1 ,0.00642877 ,0 
405,10.125 ,0.00658666 ,0 
406,10.15 ,0.0067414 ,0 
407,10.175 ,0.00689296 ,0 
408,10.2 ,0.00704132 ,0 
409,10.225 ,0.00718645 ,0 
410,10.25 ,0.00732834 ,0 
411,10.275 ,0.00746697 ,0 
412,10.3 ,0.00760233 ,0 
413,10.325 ,0.00773441 ,0 
414,10.35 ,0.0078632 ,0 
415,10.375 ,0.00798869 ,0 
416,10.4 ,0.00811086 ,0 
417,10.425 ,0.00822973 ,0 
418,10.45 ,0.00834527 ,0 
419,10.475 ,0.0084575 ,0 
420,10.5 ,0.0085664 ,0 
421,10.525 ,0.00867199 ,0 
422,10.55 ,0.00877427 ,0 
423,10.575 ,0.00887323 ,0 
424,10.6 ,0.00896889 ,0 
425,10.625 ,0.00906126 ,0 
426,10.65 ,0.00915034 ,0 
427,10.675 ,0.00923614 ,0 
428,10.7 ,0.00931867 ,0 
429,10.725 ,0.00939795 ,0 
430,10.75 ,0.009474 ,0 
431,10.775 ,0.00954682 ,0 
432,10.8 ,0.00961645 ,0 
433,10.825 ,0.00968288 ,0 
434,10.85 ,0.00974615 ,0 
435,10.875 ,0.00980628 ,0 
436,10.9 ,0.00986328 ,0 
437,10.925 ,0.00991718 ,0 
438,10.95 ,0.009968 ,0 
439,10.975 ,0.0100158 ,0 
440,11 ,0.0100605 ,0 
441,11.025 ,0.0101023 ,0 
442,11.05 ,0.0101411 ,0 
443,11.075 ,0.0101769 ,0 
444,11.1 ,0.0102098 ,0 
445,11.125 ,0.0102399 ,0 
446,11.15 ,0.0102671 ,0 
447,11.175 ,0.0102915 ,0 
448,11.2 ,0.0103131 ,0 
449,11.225 ,0.010332 ,0 
450,11.25 ,0.0103481 ,0 
451,11.275 ,0.0103616 ,0 
452,11.3 ,0.0103724 ,0 
453,11.325 ,0.0103806 ,0 
454,11.35 ,0.0103863 ,0 
455,11.375 ,0.0103894 ,0 
456,11.4 ,0.01039 ,0 
457,11.425 ,0.0103882 ,0 
458,11.45 ,0.0103839 ,0 
459,11.475 ,0.0103773 ,0 
460,11.5 ,0.0103684 ,0 
461,11.525 ,0.0103571 ,0 
462,11.55 ,0.0103436 ,0 
463,11.575 ,0.0103279 ,0 
464,11.6 ,0.01031 ,0 
465,11.625 ,0.0102899 ,0 
466,11.65 ,0.0102678 ,0 
467,11.675 ,0.0102436 ,0 
468,11.7 ,0.0102175 ,0 
469,11.725 ,0.0101893 ,0 
470,11.75 ,0.0101592 ,0 
471,11.775 ,0.0101273 ,0 
472,11.8 ,0.0100935 ,0 
473,11.825 ,0.0100579 ,0 
474,11.85 ,0.0100205 ,0 
475,11.875 ,0.00998149 ,0 
476,11.9 ,0.00994076 ,0 
477,11.925 ,0.00989841 ,0 
478,11.95 ,0.00985446 ,0 
479,11.975 ,0.00980898 ,0 
480,12 ,0.00976199 ,0 
481,12.025 ,0.00971355 ,0 
482,12.05 ,0.00966368 ,0 
483,12.075 ,0.00961244 ,0 
484,12.1 ,0.00955987 ,0 
485,12.125 ,0.009506 ,0 
486,12.15 ,0.00945088 ,0 
487,12.175 ,0.00939454 ,0 
488,12.2 ,0.00933704 ,0 
489,12.225 ,0.0092784 ,0 
490,12.25 ,0.00921868 ,0 
491,12.275 ,0.0091579 ,0 
492,12.3 ,0.0090961 ,0 
493,12.325 ,0.00903334 ,0 
494,12.35 ,0.00896964 ,0 
495,12.375 ,0.00890504 ,0 
496,12.4 ,0.00883959 ,0 
497,12.425 ,0.00877331 ,0 
498,12.45 ,0.00870625 ,0 
499,12.475 ,0.00863844 ,0 
500,12.5 ,0.00856992 ,0 
501,12.525 ,0.00850073 ,0 
502,12.55 ,0.00843089 ,0 
503,12.575 ,0.00836046 ,0 
504,12.6 ,0.00828945 ,0 
505,12.625 ,0.00821791 ,0 
506,12.65 ,0.00814586 ,0 
507,12.675 ,0.00807335 ,0 
508,12.7 ,0.0080004 ,0 
509,12.725 ,0.00792704 ,0 
510,12.75 ,0.00785332 ,0 
511,12.775 ,0.00777925 ,0 
512,12.8 ,0.00770488 ,0 
513,12.825 ,0.00763022 ,0 
514,12.85 ,0.00755532 ,0 
515,12.875 ,0.00748019 ,0 
516,12.9 ,0.00740488 ,0 
517,12.925 ,0.0073294 ,0 
518,12.95 ,0.00725378 ,0 
519,12.975 ,0.00717806 ,0 
520,13 ,0.00710225 ,0 
521,13.025 ,0.00702639 ,0 
522,13.05 ,0.0069505 ,0 
523,13.075 ,0.00687461 ,0 
524,13.1 ,0.00679873 ,0 
525,13.125 ,0.0067229 ,0 
526,13.15 ,0.00664713 ,0 
527,13.175 ,0.00657146 ,0 
528,13.2 ,0.0064959 ,0 
529,13.225 ,0.00642047 ,0 
530,13.25 ,0.00634521 ,0 
531,13.275 ,0.00627011 ,0 
532,13.3 ,0.00619522 ,0 
533,13.325 ,0.00612054 ,0 
534,13.35 ,0.0060461 ,0 
535,13.375 ,0.00597192 ,0 
536,13.4 ,0.00589801 ,0 
537,13.425 ,0.0058244 ,0 
538,13.45 ,0.00575109 ,0 
539,13.475 ,0.00567811 ,0 
540,13.5 ,0.00560547 ,0 
541,13.525 ,0.00553319 ,0 
542,13.55 ,0.00546129 ,0 
543,13.575 ,0.00538977 ,0 
544,13.6 ,0.00531865 ,0 
545,13.625 ,0.00524795 ,0 
546,13.65 ,0.00517768 ,0 
547,13.675 ,0.00510784 ,0 
548,13.7 ,0.00503846 ,0 
549,13.725 ,0.00496955 ,0 
550,13.75 ,0.00490111 ,0 
551,13.775 ,0.00483315 ,0 
552,13.8 ,0.00476568 ,0 
553,13.825 ,0.00469872 ,0 
554,13.85 ,0.00463227 ,0 
555,13.875 ,0.00456635 ,0 
556,13.9 ,0.00450095 ,0 
557,13.925 ,0.00443608 ,0 
558,13.95 ,0.00437176 ,0 
559,13.975 ,0.00430799 ,0 
560,14 ,0.00424478 ,0 
561,14.025 ,0.00418212 ,0 
562,14.05 ,0.00412004 ,0 
563,14.075 ,0.00405852 ,0 
564,14.1 ,0.00399758 ,0 
565,14.125 ,0.00393722 ,0 
566,14.15 ,0.00387745 ,0 
567,14.175 ,0.00381826 ,0 
568,14.2 ,0.00375967 ,0 
569,14.225 ,0.00370167 ,0 
570,14.25 ,0.00364426 ,0 
571,14.275 ,0.00358745 ,0 
572,14.3 ,0.00353125 ,0 
573,14.325 ,0.00347565 ,0 
574,14.35 ,0.00342065 ,0 
575,14.375 ,0.00336625 ,0 
576,14.4 ,0.00331246 ,0 
577,14.425 ,0.00325928 ,0 
578,14.45 ,0.0032067 ,0 
579,14.475 ,0.00315473 ,0 
580,14.5 ,0.00310336 ,0 
581,14.525 ,0.0030526 ,0 
582,14.55 ,0.00300244 ,0 
583,14.575 ,0.00295289 ,0 
584,14.6 ,0.00290394 ,0 
585,14.625 ,0.00285559 ,0 
586,14.65 ,0.00280784 ,0 
587,14.675 ,0.00276069 ,0 
588,14.7 ,0.00271413 ,0 
589,14.725 ,0.00266817 ,0 
590,14.75 ,0.0026228 ,0 
591,14.775 ,0.00257801 ,0 
592,14.8 ,0.00253382 ,0 
593,14.825 ,0.0024902 ,0 
594,14.85 ,0.00244717 ,0 
595,14.875 ,0.00240472 ,0 
596,14.9 ,0.00236284 ,0 
597,14.925 ,0.00232153 ,0 
598,14.95 ,0.00228079 ,0 
599,14.975 ,0.00224062 ,0 
600,15 ,0.002201 ,0 
601,15.025 ,0.00216194 ,0 
602,15.05 ,0.00212344 ,0 
603,15.075 ,0.00208548 ,0 
604,15.1 ,0.00204807 ,0 
605,15.125 ,0.0020112 ,0 
606,15.15 ,0.00197486 ,0 
607,15.175 ,0.00193906 ,0 
608,15.2 ,0.00190379 ,0 
609,15.225 ,0.00186904 ,0 
610,15.25 ,0.00183481 ,0 
611,15.275 ,0.00180109 ,0 
612,15.3 ,0.00176788 ,0 
613,15.325 ,0.00173518 ,0 
614,15.35 ,0.00170298 ,0 
615,15.375 ,0.00167127 ,0 
616,15.4 ,0.00164006 ,0 
617,15.425 ,0.00160933 ,0 
618,15.45 ,0.00157908 ,0 
619,15.475 ,0.00154931 ,0 
620,15.5 ,0.00152001 ,0 
621,15.525 ,0.00149117 ,0 
622,15.55 ,0.0014628 ,0 
623,15.575 ,0.00143488 ,0 
624,15.6 ,0.00140742 ,0 
625,15.625 ,0.0013804 ,0 
626,15.65 ,0.00135382 ,0 
627,15.675 ,0.00132768 ,0 
628,15.7 ,0.00130197 ,0 
629,15.725 ,0.00127668 ,0 
630,15.75 ,0.00125182 ,0 
631,15.775 ,0.00122737 ,0 
632,15.8 ,0.00120333 ,0 
633,15.825 ,0.0011797 ,0 
634,15.85 ,0.00115647 ,0 
635,15.875 ,0.00113363 ,0 
636,15.9 ,0.00111119 ,0 
637,15.925 ,0.00108913 ,0 
638,15.95 ,0.00106745 ,0 
639,15.975 ,0.00104615 ,0 
640,16 ,0.00102522 ,0 
641,16.025 ,0.00100465 ,0 
642,16.05 ,0.000984446 ,0 
643,16.075 ,0.000964597 ,0 
644,16.1 ,0.000945099 ,0 
645,16.125 ,0.000925947 ,0 
646,16.15 ,0.000907137 ,0 
647,16.175 ,0.000888663 ,0 
648,16.2 ,0.000870522 ,0 
649,16.225 ,0.000852707 ,0 
650,16.25 ,0.000835215 ,0 
651,16.275 ,0.000818041 ,0 
652,16.3 ,0.00080118 ,0 
653,16.325 ,0.000784628 ,0 
654,16.35 ,0.00076838 ,0 
655,16.375 ,0.000752431 ,0 
656,16.4 ,0.000736778 ,0 
657,16.425 ,0.000721415 ,0 
658,16.45 ,0.000706338 ,0 
659,16.475 ,0.000691543 ,0 
660,16.5 ,0.000677025 ,0 
661,16.525 ,0.000662781 ,0 
662,16.55 ,0.000648806 ,0 
663,16.575 ,0.000635095 ,0 
664,16.6 ,0.000621645 ,0 
665,16.625 ,0.000608452 ,0 
666,16.65 ,0.00059551 ,0 
667,16.675 ,0.000582817 ,0 
668,16.7 ,0.000570369 ,0 
669,16.725 ,0.00055816 ,0 
670,16.75 ,0.000546188 ,0 
671,16.775 ,0.000534449 ,0 
672,16.8 ,0.000522938 ,0 
673,16.825 ,0.000511653 ,0 
674,16.85 ,0.000500588 ,0 
675,16.875 ,0.000489741 ,0 
676,16.9 ,0.000479108 ,0 
677,16.925 ,0.000468685 ,0 
678,16.95 ,0.000458468 ,0 
679,16.975 ,0.000448455 ,0 
680,17 ,0.000438641 ,0 
681,17.025 ,0.000429024 ,0 
682,17.05 ,0.000419599 ,0 
683,17.075 ,0.000410364 ,0 
684,17.1 ,0.000401315 ,0 
685,17.125 ,0.000392448 ,0 
686,17.15 ,0.000383762 ,0 
687,17.175 ,0.000375252 ,0 
688,17.2 ,0.000366915 ,0 
689,17.225 ,0.000358748 ,0 
690,17.25 ,0.000350749 ,0 
691,17.275 ,0.000342914 ,0 
692,17.3 ,0.00033524 ,0 
693,17.325 ,0.000327724 ,0 
694,17.35 ,0.000320364 ,0 
695,17.375 ,0.000313157 ,0 
696,17.4 ,0.000306099 ,0 
697,17.425 ,0.000299188 ,0 
698,17.45 ,0.000292422 ,0 
699,17.475 ,0.000285797 ,0 
700,17.5 ,0.000279311 ,0 
701,17.525 ,0.000272961 ,0 
702,17.55 ,0.000266746 ,0 
703,17.575 ,0.000260662 ,0 
704,17.6 ,0.000254706 ,0 
705,17.625 ,0.000248877 ,0 
706,17.65 ,0.000243172 ,0 
707,17.675 ,0.000237589 ,0 
708,17.7 ,0.000232124 ,0 
709,17.725 ,0.000226777 ,0 
710,17.75 ,0.000221545 ,0 
711,17.775 ,0.000216425 ,0 
712,17.8 ,0.000211415 ,0 
713,17.825 ,0.000206514 ,0 
714,17.85 ,0.000201719 ,0 
715,17.875 ,0.000197028 ,0 
716,17.9 ,0.000192439 ,0 
717,17.925 ,0.000187949 ,0 
718,17.95 ,0.000183558 ,0 
719,17.975 ,0.000179263 ,0 
720,18 ,0.000175061 ,0 
721,18.025 ,0.000170953 ,0 
722,18.05 ,0.000166934 ,0 
723,18.075 ,0.000163004 ,0 
724,18.1 ,0.000159161 ,0 
725,18.125 ,0.000155403 ,0 
726,18.15 ,0.000151728 ,0 
727,18.175 ,0.000148135 ,0 
728,18.2 ,0.000144622 ,0 
729,18.225 ,0.000141188 ,0 
730,18.25 ,0.00013783 ,0 
731,18.275 ,0.000134547 ,0 
732,18.3 ,0.000131338 ,0 
733,18.325 ,0.000128201 ,0 
734,18.35 ,0.000125134 ,0 
735,18.375 ,0.000122137 ,0 
736,18.4 ,0.000119207 ,0 
737,18.425 ,0.000116344 ,0 
738,18.45 ,0.000113546 ,0 
739,18.475 ,0.000110811 ,0 
740,18.5 ,0.000108139 ,0 
741,18.525 ,0.000105527 ,0 
742,18.55 ,0.000102975 ,0 
743,18.575 ,0.000100481 ,0 
744,18.6 ,9.8045e-05 ,0 
745,18.625 ,9.56644e-05 ,0 
746,18.65 ,9.33387e-05 ,0 
747,18.675 ,9.10664e-05 ,0 
748,18.7 ,8.88466e-05 ,0 
749,18.725 ,8.66781e-05 ,0 
750,18.75 ,8.45598e-05 ,0 
751,18.775 ,8.24906e-05 ,0 
752,18.8 ,8.04695e-05 ,0 
753,18.825 ,7.84954e-05 ,0 
754,18.85 ,7.65672e-05 ,0 
755,18.875 ,7.46841e-05 ,0 
756,18.9 ,7.2845e-05 ,0 
757,18.925 ,7.10489e-05 ,0 
758,18.95 ,6.92949e-05 ,0 
759,18.975 ,6.75821e-05 ,0 
760,19 ,6.59097e-05 ,0 
761,19.025 ,6.42766e-05 ,0 
762,19.05 ,6.2682e-05 ,0 
763,19.075 ,6.11251e-05 ,0 
764,19.1 ,5.96051e-05 ,0 
765,19.125 ,5.8121e-05 ,0 
766,19.15 ,5.66723e-05 ,0 
767,19.175 ,5.52579e-05 ,0 
768,19.2 ,5.38772e-05 ,0 
769,19.225 ,5.25294e-05 ,0 
770,19.25 ,5.12139e-05 ,0 
771,19.275 ,4.99297e-05 ,0 
772,19.3 ,4.86764e-05 ,0 
773,19.325 ,4.7453e-05 ,0 
774,19.35 ,4.62591e-05 ,0 
775,19.375 ,4.50939e-05 ,0 
776,19.4 ,4.39567e-05 ,0 
777,19.425 ,4.2847e-05 ,0 
778,19.45 ,4.1764e-05 ,0 
779,19.475 ,4.07073e-05 ,0 
780,19.5 ,3.96761e-05 ,0 
781,19.525 ,3.867e-05 ,0 
782,19.55 ,3.76882e-05 ,0 
783,19.575 ,3.67304e-05 ,0 
784,19.6 ,3.57959e-05 ,0 
785,19.625 ,3.48842e-05 ,0 
786,19.65 ,3.39947e-05 ,0 
787,19.675 ,3.3127e-05 ,0 
788,19.7 ,3.22805e-05 ,0 
789,19.725 ,3.14547e-05 ,0 
790,19.75 ,3.06493e-05 ,0 
791,19.775 ,2.98636e-05 ,0 
792,19.8 ,2.90973e-05 ,0 
793,19.825 ,2.83498e-05 ,0 
794,19.85 ,2.76208e-05 ,0 
795,19.875 ,2.69098e-05 ,0 
796,19.9 ,2.62164e-05 ,0 
797,19.925 ,2.55402e-05 ,0 
798,19.95 ,2.48807e-05 ,0 
799,19.975 ,2.42376e-05 ,0 
800,20 ,2.36105e-05 ,0 
801,20.025 ,2.2999e-05 ,0 
802,20.05 ,2.24028e-05 ,0 
803,20.075 ,2.18214e-05 ,0 
804,20.1 ,2.12545e-05 ,0 
805,20.125 ,2.07019e-05 ,0 
806,20.15 ,2.0163e-05 ,0 
807,20.175 ,1.96377e-05 ,0 
808,20.2 ,1.91256e-05 ,0 
809,20.225 ,1.86263e-05 ,0 
810,20.25 ,1.81396e-05 ,0 
811,20.275 ,1.76651e-05 ,0 
812,20.3 ,1.72027e-05 ,0 
813,20.325 ,1.67519e-05 ,0 
814,20.35 ,1.63125e-05 ,0 
815,20.375 ,1.58842e-05 ,0 
816,20.4 ,1.54667e-05 ,0 
817,20.425 ,1.50599e-05 ,0 
818,20.45 ,1.46634e-05 ,0 
819,20.475 ,1.4277e-05 ,0 
820,20.5 ,1.39004e-05 ,0 
821,20.525 ,1.35334e-05 ,0 
822,20.55 ,1.31757e-05 ,0 
823,20.575 ,1.28272e-05 ,0 
824,20.6 ,1.24876e-05 ,0 
825,20.625 ,1.21567e-05 ,0 
826,20.65 ,1.18343e-05 ,0 
827,20.675 ,1.15202e-05 ,0 
828,20.7 ,1.12141e-05 ,0 
829,20.725 ,1.09159e-05 ,0 
830,20.75 ,1.06253e-05 ,0 
831,20.775 ,1.03423e-05 ,0 
832,20.8 ,1.00665e-05 ,0 
833,20.825 ,9.79787e-06 ,0 
834,20.85 ,9.53618e-06 ,0 
835,20.875 ,9.28125e-06 ,0 
836,20.9 ,9.03293e-06 ,0 
837,20.925 ,8.79104e-06 ,0 
838,20.95 ,8.55543e-06 ,0 
839,20.975 ,8.32594e-06 ,0 
840,21 ,8.10243e-06 ,0 
841,21.025 ,7.88472e-06 ,0 
842,21.05 ,7.6727e-06 ,0 
843,21.075 ,7.4662e-06 ,0 
844,21.1 ,7.26509e-06 ,0 
845,21.125 ,7.06925e-06 ,0 
846,21.15 ,6.87852e-06 ,0 
847,21.175 ,6.69279e-06 ,0 
848,21.2 ,6.51193e-06 ,0 
849,21.225 ,6.33582e-06 ,0 
850,21.25 ,6.16433e-06 ,0 
851,21.275 ,5.99736e-06 ,0 
852,21.3 ,5.83478e-06 ,0 
853,21.325 ,5.67648e-06 ,0 
854,21.35 ,5.52235e-06 ,0 
855,21.375 ,5.3723e-06 ,0 
856,21.4 ,5.22621e-06 ,0 
857,21.425 ,5.08398e-06 ,0 
858,21.45 ,4.94552e-06 ,0 
859,21.475 ,4.81073e-06 ,0 
860,21.5 ,4.67952e-06 ,0 
861,21.525 ,4.55179e-06 ,0 
862,21.55 ,4.42745e-06 ,0 
863,21.575 ,4.30643e-06 ,0 
864,21.6 ,4.18862e-06 ,0 
865,21.625 ,4.07396e-06 ,0 
866,21.65 ,3.96235e-06 ,0 
867,21.675 ,3.85373e-06 ,0 
868,21.7 ,3.74801e-06 ,0 
869,21.725 ,3.64512e-06 ,0 
870,21.75 ,3.54498e-06 ,0 
871,21.775 ,3.44753e-06 ,0 
872,21.8 ,3.3527e-06 ,0 
873,21.825 ,3.26041e-06 ,0 
874,21.85 ,3.1706e-06 ,0 
875,21.875 ,3.08321e-06 ,0 
876,21.9 ,2.99817e-06 ,0 
877,21.925 ,2.91543e-06 ,0 
878,21.95 ,2.83492e-06 ,0 
879,21.975 ,2.75659e-06 ,0 
880,22 ,2.68037e-06 ,0 
881,22.025 ,2.60622e-06 ,0 
882,22.05 ,2.53407e-06 ,0 
883,22.075 ,2.46388e-06 ,0 
884,22.1 ,2.3956e-06 ,0 
885,22.125 ,2.32917e-06 ,0 
886,22.15 ,2.26455e-06 ,0 
887,22.175 ,2.20169e-06 ,0 
888,22.2 ,2.14054e-06 ,0 
889,22.225 ,2.08107e-06 ,0 
890,22.25 ,2.02321e-06 ,0 
891,22.275 ,1.96694e-06 ,0 
892,22.3 ,1.9122e-06 ,0 
893,22.325 ,1.85897e-06 ,0 
894,22.35 ,1.8072e-06 ,0 
895,22.375 ,1.75684e-06 ,0 
896,22.4 ,1.70787e-06 ,0 
897,22.425 ,1.66025e-06 ,0 
898,22.45 ,1.61394e-06 ,0 
899,22.475 ,1.56891e-06 ,0 
900,22.5 ,1.52512e-06 ,0 
901,22.525 ,1.48254e-06 ,0 
902,22.55 ,1.44113e-06 ,0 
903,22.575 ,1.40088e-06 ,0 
904,22.6 ,1.36174e-06 ,0 
905,22.625 ,1.32368e-06 ,0 
906,22.65 ,1.28669e-06 ,0 
907,22.675 ,1.25072e-06 ,0 
908,22.7 ,1.21576e-06 ,0 
909,22.725 ,1.18177e-06 ,0 
910,22.75 ,1.14874e-06 ,0 
911,22.775 ,1.11662e-06 ,0 
912,22.8 ,1.08541e-06 ,0 
913,22.825 ,1.05507e-06 ,0 
914,22.85 ,1.02559e-06 ,0 
915,22.875 ,9.9693e-07 ,0 
916,22.9 ,9.69082e-07 ,0 
917,22.925 ,9.4202e-07 ,0 
918,22.95 ,9.15724e-07 ,0 
919,22.975 ,8.90172e-07 ,0 
920,23 ,8.65345e-07 ,0 
921,23.025 ,8.41225e-07 ,0 
922,23.05 ,8.17791e-07 ,0 
923,23.075 ,7.95025e-07 ,0 
924,23.1 ,7.72911e-07 ,0 
925,23.125 ,7.5143e-07 ,0 
926,23.15 ,7.30565e-07 ,0 
927,23.175 ,7.10301e-07 ,0 
928,23.2 ,6.90621e-07 ,0 
929,23.225 ,6.71511e-07 ,0 
930,23.25 ,6.52953e-07 ,0 
931,23.275 ,6.34935e-07 ,0 
932,23.3 ,6.17442e-07 ,0 
933,23.325 ,6.0046e-07 ,0 
934,23.35 ,5.83975e-07 ,0 
935,23.375 ,5.67975e-07 ,0 
936,23.4 ,5.52446e-07 ,0 
937,23.425 ,5.37377e-07 ,0 
938,23.45 ,5.22755e-07 ,0 
939,23.475 ,5.08568e-07 ,0 
940,23.5 ,4.94806e-07 ,0 
941,23.525 ,4.81456e-07 ,0 
942,23.55 ,4.68509e-07 ,0 
943,23.575 ,4.55954e-07 ,0 
944,23.6 ,4.4378e-07 ,0 
945,23.625 ,4.31979e-07 ,0 
946,23.65 ,4.2054e-07 ,0 
947,23.675 ,4.09454e-07 ,0 
948,23.7 ,3.98712e-07 ,0 
949,23.725 ,3.88306e-07 ,0 
950,23.75 ,3.78226e-07 ,0 
951,23.775 ,3.68466e-07 ,0 
952,23.8 ,3.59016e-07 ,0 
953,23.825 ,3.49869e-07 ,0 
954,23.85 ,3.41018e-07 ,0 
955,23.875 ,3.32455e-07 ,0 
956,23.9 ,3.24173e-07 ,0 
957,23.925 ,3.16165e-07 ,0 
958,23.95 ,3.08426e-07 ,0 
959,23.975 ,3.00948e-07 ,0 
960,24 ,2.93725e-07 ,0 
961,24.025 ,2.86751e-07 ,0 
962,24.05 ,2.8002e-07 ,0 
963,24.075 ,2.73528e-07 ,0 
964,24.1 ,2.67268e-07 ,0 
965,24.125 ,2.61235e-07 ,0 
966,24.15 ,2.55424e-07 ,0 
967,24.175 ,2.49831e-07 ,0 
968,24.2 ,2.4445e-07 ,0 
969,24.225 ,2.39277e-07 ,0 
970,24.25 ,2.34308e-07 ,0 
971,24.275 ,2.29538e-07 ,0 
972,24.3 ,2.24964e-07 ,0 
973,24.325 ,2.20582e-07 ,0 
974,24.35 ,2.16387e-07 ,0 
975,24.375 ,2.12377e-07 ,0 
976,24.4 ,2.08547e-07 ,0 
977,24.425 ,2.04896e-07 ,0 
978,24.45 ,2.01418e-07 ,0 
979,24.475 ,1.98112e-07 ,0 
980,24.5 ,1.94975e-07 ,0 
981,24.525 ,1.92003e-07 ,0 
982,24.55 ,1.89195e-07 ,0 
983,24.575 ,1.86548e-07 ,0 
984,24.6 ,1.84059e-07 ,0 
985,24.625 ,1.81727e-07 ,0 
986,24.65 ,1.79549e-07 ,0 
987,24.675 ,1.77523e-07 ,0 
988,24.7 ,1.75648e-07 ,0 
989,24.725 ,1.73922e-07 ,0 
990,24.75 ,1.72343e-07 ,0 
991,24.775 ,1.70911e-07 ,0 
992,24.8 ,1.69622e-07 ,0 
993,24.825 ,1.68477e-07 ,0 
994,24.85 ,1.67475e-07 ,0 
995,24.875 ,1.66614e-07 ,0 
996,24.9 ,1.65893e-07 ,0 
997,24.925 ,1.65312e-07 ,0 
998,24.95 ,1.6487e-07 ,0 
999,24.975 ,1.64567e-07 ,0 
1000,25 ,1.64403e-07 ,0 