N_e = 2
1,0.025 ,0.0821502 ,0 
2,0.05 ,0.0821502 ,0 
3,0.075 ,0.0821288 ,0 
4,0.1 ,0.082094 ,0 
5,0.125 ,0.0820474 ,0 
6,0.15 ,0.0819897 ,0 
7,0.175 ,0.0819209 ,0 
8,0.2 ,0.0818413 ,0 
9,0.225 ,0.081751 ,0 
10,0.25 ,0.08165 ,0 
11,0.275 ,0.0815383 ,0 
12,0.3 ,0.0814161 ,0 
13,0.325 ,0.0812833 ,0 
14,0.35 ,0.08114 ,0 
15,0.375 ,0.0809862 ,0 
16,0.4 ,0.080822 ,0 
17,0.425 ,0.0806475 ,0 
18,0.45 ,0.0804626 ,0 
19,0.475 ,0.0802675 ,0 
20,0.5 ,0.0800621 ,0 
21,0.525 ,0.0798466 ,0 
22,0.55 ,0.0796209 ,0 
23,0.575 ,0.0793852 ,0 
24,0.6 ,0.0791396 ,0 
25,0.625 ,0.078884 ,0 
26,0.65 ,0.0786186 ,0 
27,0.675 ,0.0783433 ,0 
28,0.7 ,0.0780584 ,0 
29,0.725 ,0.0777639 ,0 
30,0.75 ,0.0774597 ,0 
31,0.775 ,0.0771461 ,0 
32,0.8 ,0.0768232 ,0 
33,0.825 ,0.0764908 ,0 
34,0.85 ,0.0761493 ,0 
35,0.875 ,0.0757986 ,0 
36,0.9 ,0.0754389 ,0 
37,0.925 ,0.0750702 ,0 
38,0.95 ,0.0746927 ,0 
39,0.975 ,0.0743064 ,0 
40,1 ,0.0739114 ,0 
41,1.025 ,0.0735079 ,0 
42,1.05 ,0.0730959 ,0 
43,1.075 ,0.0726756 ,0 
44,1.1 ,0.072247 ,0 
45,1.125 ,0.0718103 ,0 
46,1.15 ,0.0713655 ,0 
47,1.175 ,0.0709129 ,0 
48,1.2 ,0.0704524 ,0 
49,1.225 ,0.0699842 ,0 
50,1.25 ,0.0695085 ,0 
51,1.275 ,0.0690253 ,0 
52,1.3 ,0.0685348 ,0 
53,1.325 ,0.0680372 ,0 
54,1.35 ,0.0675324 ,0 
55,1.375 ,0.0670206 ,0 
56,1.4 ,0.0665021 ,0 
57,1.425 ,0.0659768 ,0 
58,1.45 ,0.065445 ,0 
59,1.475 ,0.0649068 ,0 
60,1.5 ,0.0643622 ,0 
61,1.525 ,0.0638115 ,0 
62,1.55 ,0.0632547 ,0 
63,1.575 ,0.062692 ,0 
64,1.6 ,0.0621236 ,0 
65,1.625 ,0.0615495 ,0 
66,1.65 ,0.06097 ,0 
67,1.675 ,0.0603851 ,0 
68,1.7 ,0.059795 ,0 
69,1.725 ,0.0591999 ,0 
70,1.75 ,0.0585998 ,0 
71,1.775 ,0.0579949 ,0 
72,1.8 ,0.0573854 ,0 
73,1.825 ,0.0567714 ,0 
74,1.85 ,0.0561531 ,0 
75,1.875 ,0.0555305 ,0 
76,1.9 ,0.0549039 ,0 
77,1.925 ,0.0542734 ,0 
78,1.95 ,0.0536391 ,0 
79,1.975 ,0.0530012 ,0 
80,2 ,0.0523599 ,0 
81,2.025 ,0.0517152 ,0 
82,2.05 ,0.0510673 ,0 
83,2.075 ,0.0504164 ,0 
84,2.1 ,0.0497626 ,0 
85,2.125 ,0.0491061 ,0 
86,2.15 ,0.048447 ,0 
87,2.175 ,0.0477855 ,0 
88,2.2 ,0.0471217 ,0 
89,2.225 ,0.0464557 ,0 
90,2.25 ,0.0457878 ,0 
91,2.275 ,0.045118 ,0 
92,2.3 ,0.0444464 ,0 
93,2.325 ,0.0437734 ,0 
94,2.35 ,0.0430989 ,0 
95,2.375 ,0.0424231 ,0 
96,2.4 ,0.0417463 ,0 
97,2.425 ,0.0410684 ,0 
98,2.45 ,0.0403898 ,0 
99,2.475 ,0.0397104 ,0 
100,2.5 ,0.0390305 ,0 
101,2.525 ,0.0383501 ,0 
102,2.55 ,0.0376696 ,0 
103,2.575 ,0.0369888 ,0 
104,2.6 ,0.0363081 ,0 
105,2.625 ,0.0356276 ,0 
106,2.65 ,0.0349473 ,0 
107,2.675 ,0.0342675 ,0 
108,2.7 ,0.0335882 ,0 
109,2.725 ,0.0329097 ,0 
110,2.75 ,0.0322319 ,0 
111,2.775 ,0.0315552 ,0 
112,2.8 ,0.0308795 ,0 
113,2.825 ,0.030205 ,0 
114,2.85 ,0.0295319 ,0 
115,2.875 ,0.0288603 ,0 
116,2.9 ,0.0281903 ,0 
117,2.925 ,0.027522 ,0 
118,2.95 ,0.0268556 ,0 
119,2.975 ,0.0261911 ,0 
120,3 ,0.0255288 ,0 
121,3.025 ,0.0248687 ,0 
122,3.05 ,0.0242109 ,0 
123,3.075 ,0.0235555 ,0 
124,3.1 ,0.0229028 ,0 
125,3.125 ,0.0222527 ,0 
126,3.15 ,0.0216054 ,0 
127,3.175 ,0.020961 ,0 
128,3.2 ,0.0203196 ,0 
129,3.225 ,0.0196814 ,0 
130,3.25 ,0.0190464 ,0 
131,3.275 ,0.0184147 ,0 
132,3.3 ,0.0177864 ,0 
133,3.325 ,0.0171617 ,0 
134,3.35 ,0.0165406 ,0 
135,3.375 ,0.0159233 ,0 
136,3.4 ,0.0153097 ,0 
137,3.425 ,0.0147001 ,0 
138,3.45 ,0.0140945 ,0 
139,3.475 ,0.013493 ,0 
140,3.5 ,0.0128956 ,0 
141,3.525 ,0.0123026 ,0 
142,3.55 ,0.0117139 ,0 
143,3.575 ,0.0111296 ,0 
144,3.6 ,0.0105499 ,0 
145,3.625 ,0.00997475 ,0 
146,3.65 ,0.00940428 ,0 
147,3.675 ,0.00883856 ,0 
148,3.7 ,0.00827767 ,0 
149,3.725 ,0.00772166 ,0 
150,3.75 ,0.00717062 ,0 
151,3.775 ,0.00662461 ,0 
152,3.8 ,0.00608369 ,0 
153,3.825 ,0.00554793 ,0 
154,3.85 ,0.00501738 ,0 
155,3.875 ,0.00449211 ,0 
156,3.9 ,0.00397217 ,0 
157,3.925 ,0.00345763 ,0 
158,3.95 ,0.00294852 ,0 
159,3.975 ,0.00244491 ,0 
160,4 ,0.00194684 ,0 
161,4.025 ,0.00145436 ,0 
162,4.05 ,0.000967516 ,0 
163,4.075 ,0.00048635 ,0 
164,4.1 ,1.09041e-05 ,0 
165,4.125 ,-0.000458782 ,0 
166,4.15 ,-0.000922671 ,0 
167,4.175 ,-0.00138073 ,0 
168,4.2 ,-0.00183292 ,0 
169,4.225 ,-0.00227921 ,0 
170,4.25 ,-0.00271957 ,0 
171,4.275 ,-0.00315398 ,0 
172,4.3 ,-0.0035824 ,0 
173,4.325 ,-0.00400482 ,0 
174,4.35 ,-0.00442121 ,0 
175,4.375 ,-0.00483155 ,0 
176,4.4 ,-0.00523582 ,0 
177,4.425 ,-0.005634 ,0 
178,4.45 ,-0.00602609 ,0 
179,4.475 ,-0.00641206 ,0 
180,4.5 ,-0.00679191 ,0 
181,4.525 ,-0.00716562 ,0 
182,4.55 ,-0.00753319 ,0 
183,4.575 ,-0.00789461 ,0 
184,4.6 ,-0.00824988 ,0 
185,4.625 ,-0.00859899 ,0 
186,4.65 ,-0.00894195 ,0 
187,4.675 ,-0.00927875 ,0 
188,4.7 ,-0.00960939 ,0 
189,4.725 ,-0.00993389 ,0 
190,4.75 ,-0.0102522 ,0 
191,4.775 ,-0.0105645 ,0 
192,4.8 ,-0.0108705 ,0 
193,4.825 ,-0.0111705 ,0 
194,4.85 ,-0.0114644 ,0 
195,4.875 ,-0.0117521 ,0 
196,4.9 ,-0.0120338 ,0 
197,4.925 ,-0.0123094 ,0 
198,4.95 ,-0.012579 ,0 
199,4.975 ,-0.0128426 ,0 
200,5 ,-0.0131001 ,0 
201,5.025 ,-0.0133517 ,0 
202,5.05 ,-0.0135973 ,0 
203,5.075 ,-0.013837 ,0 
204,5.1 ,-0.0140708 ,0 
205,5.125 ,-0.0142986 ,0 
206,5.15 ,-0.0145207 ,0 
207,5.175 ,-0.0147369 ,0 
208,5.2 ,-0.0149473 ,0 
209,5.225 ,-0.0151519 ,0 
210,5.25 ,-0.0153509 ,0 
211,5.275 ,-0.0155441 ,0 
212,5.3 ,-0.0157317 ,0 
213,5.325 ,-0.0159136 ,0 
214,5.35 ,-0.01609 ,0 
215,5.375 ,-0.0162608 ,0 
216,5.4 ,-0.0164262 ,0 
217,5.425 ,-0.016586 ,0 
218,5.45 ,-0.0167405 ,0 
219,5.475 ,-0.0168895 ,0 
220,5.5 ,-0.0170333 ,0 
221,5.525 ,-0.0171717 ,0 
222,5.55 ,-0.0173049 ,0 
223,5.575 ,-0.0174329 ,0 
224,5.6 ,-0.0175557 ,0 
225,5.625 ,-0.0176734 ,0 
226,5.65 ,-0.0177861 ,0 
227,5.675 ,-0.0178938 ,0 
228,5.7 ,-0.0179965 ,0 
229,5.725 ,-0.0180943 ,0 
230,5.75 ,-0.0181872 ,0 
231,5.775 ,-0.0182753 ,0 
232,5.8 ,-0.0183587 ,0 
233,5.825 ,-0.0184374 ,0 
234,5.85 ,-0.0185115 ,0 
235,5.875 ,-0.0185809 ,0 
236,5.9 ,-0.0186458 ,0 
237,5.925 ,-0.0187063 ,0 
238,5.95 ,-0.0187623 ,0 
239,5.975 ,-0.0188139 ,0 
240,6 ,-0.0188612 ,0 
241,6.025 ,-0.0189043 ,0 
242,6.05 ,-0.0189431 ,0 
243,6.075 ,-0.0189779 ,0 
244,6.1 ,-0.0190085 ,0 
245,6.125 ,-0.0190351 ,0 
246,6.15 ,-0.0190578 ,0 
247,6.175 ,-0.0190765 ,0 
248,6.2 ,-0.0190914 ,0 
249,6.225 ,-0.0191024 ,0 
250,6.25 ,-0.0191098 ,0 
251,6.275 ,-0.0191135 ,0 
252,6.3 ,-0.0191135 ,0 
253,6.325 ,-0.01911 ,0 
254,6.35 ,-0.019103 ,0 
255,6.375 ,-0.0190926 ,0 
256,6.4 ,-0.0190788 ,0 
257,6.425 ,-0.0190617 ,0 
258,6.45 ,-0.0190413 ,0 
259,6.475 ,-0.0190177 ,0 
260,6.5 ,-0.018991 ,0 
261,6.525 ,-0.0189612 ,0 
262,6.55 ,-0.0189284 ,0 
263,6.575 ,-0.0188926 ,0 
264,6.6 ,-0.0188539 ,0 
265,6.625 ,-0.0188124 ,0 
266,6.65 ,-0.0187681 ,0 
267,6.675 ,-0.0187211 ,0 
268,6.7 ,-0.0186714 ,0 
269,6.725 ,-0.0186191 ,0 
270,6.75 ,-0.0185643 ,0 
271,6.775 ,-0.0185069 ,0 
272,6.8 ,-0.0184471 ,0 
273,6.825 ,-0.018385 ,0 
274,6.85 ,-0.0183205 ,0 
275,6.875 ,-0.0182538 ,0 
276,6.9 ,-0.0181849 ,0 
277,6.925 ,-0.0181138 ,0 
278,6.95 ,-0.0180407 ,0 
279,6.975 ,-0.0179655 ,0 
280,7 ,-0.0178883 ,0 
281,7.025 ,-0.0178092 ,0 
282,7.05 ,-0.0177282 ,0 
283,7.075 ,-0.0176454 ,0 
284,7.1 ,-0.0175608 ,0 
285,7.125 ,-0.0174746 ,0 
286,7.15 ,-0.0173867 ,0 
287,7.175 ,-0.0172971 ,0 
288,7.2 ,-0.0172061 ,0 
289,7.225 ,-0.0171135 ,0 
290,7.25 ,-0.0170195 ,0 
291,7.275 ,-0.0169241 ,0 
292,7.3 ,-0.0168273 ,0 
293,7.325 ,-0.0167292 ,0 
294,7.35 ,-0.0166299 ,0 
295,7.375 ,-0.0165294 ,0 
296,7.4 ,-0.0164277 ,0 
297,7.425 ,-0.016325 ,0 
298,7.45 ,-0.0162212 ,0 
299,7.475 ,-0.0161163 ,0 
300,7.5 ,-0.0160105 ,0 
301,7.525 ,-0.0159038 ,0 
302,7.55 ,-0.0157963 ,0 
303,7.575 ,-0.0156879 ,0 
304,7.6 ,-0.0155787 ,0 
305,7.625 ,-0.0154687 ,0 
306,7.65 ,-0.0153581 ,0 
307,7.675 ,-0.0152468 ,0 
308,7.7 ,-0.0151349 ,0 
309,7.725 ,-0.0150225 ,0 
310,7.75 ,-0.0149095 ,0 
311,7.775 ,-0.014796 ,0 
312,7.8 ,-0.0146821 ,0 
313,7.825 ,-0.0145677 ,0 
314,7.85 ,-0.014453 ,0 
315,7.875 ,-0.014338 ,0 
316,7.9 ,-0.0142226 ,0 
317,7.925 ,-0.014107 ,0 
318,7.95 ,-0.0139912 ,0 
319,7.975 ,-0.0138751 ,0 
320,8 ,-0.0137589 ,0 
321,8.025 ,-0.0136426 ,0 
322,8.05 ,-0.0135262 ,0 
323,8.075 ,-0.0134097 ,0 
324,8.1 ,-0.0132932 ,0 
325,8.125 ,-0.0131767 ,0 
326,8.15 ,-0.0130603 ,0 
327,8.175 ,-0.0129438 ,0 
328,8.2 ,-0.0128275 ,0 
329,8.225 ,-0.0127113 ,0 
330,8.25 ,-0.0125952 ,0 
331,8.275 ,-0.0124793 ,0 
332,8.3 ,-0.0123635 ,0 
333,8.325 ,-0.012248 ,0 
334,8.35 ,-0.0121327 ,0 
335,8.375 ,-0.0120177 ,0 
336,8.4 ,-0.0119029 ,0 
337,8.425 ,-0.0117885 ,0 
338,8.45 ,-0.0116743 ,0 
339,8.475 ,-0.0115605 ,0 
340,8.5 ,-0.0114471 ,0 
341,8.525 ,-0.011334 ,0 
342,8.55 ,-0.0112214 ,0 
343,8.575 ,-0.0111091 ,0 
344,8.6 ,-0.0109973 ,0 
345,8.625 ,-0.0108859 ,0 
346,8.65 ,-0.010775 ,0 
347,8.675 ,-0.0106646 ,0 
348,8.7 ,-0.0105546 ,0 
349,8.725 ,-0.0104452 ,0 
350,8.75 ,-0.0103363 ,0 
351,8.775 ,-0.0102279 ,0 
352,8.8 ,-0.0101201 ,0 
353,8.825 ,-0.0100128 ,0 
354,8.85 ,-0.00990614 ,0 
355,8.875 ,-0.00980003 ,0 
356,8.9 ,-0.00969451 ,0 
357,8.925 ,-0.0095896 ,0 
358,8.95 ,-0.0094853 ,0 
359,8.975 ,-0.00938162 ,0 
360,9 ,-0.00927857 ,0 
361,9.025 ,-0.00917617 ,0 
362,9.05 ,-0.00907441 ,0 
363,9.075 ,-0.00897331 ,0 
364,9.1 ,-0.00887287 ,0 
365,9.125 ,-0.00877311 ,0 
366,9.15 ,-0.00867402 ,0 
367,9.175 ,-0.00857562 ,0 
368,9.2 ,-0.00847791 ,0 
369,9.225 ,-0.00838089 ,0 
370,9.25 ,-0.00828457 ,0 
371,9.275 ,-0.00818896 ,0 
372,9.3 ,-0.00809406 ,0 
373,9.325 ,-0.00799987 ,0 
374,9.35 ,-0.0079064 ,0 
375,9.375 ,-0.00781366 ,0 
376,9.4 ,-0.00772164 ,0 
377,9.425 ,-0.00763034 ,0 
378,9.45 ,-0.00753978 ,0 
379,9.475 ,-0.00744995 ,0 
380,9.5 ,-0.00736086 ,0 
381,9.525 ,-0.00727251 ,0 
382,9.55 ,-0.00718489 ,0 
383,9.575 ,-0.00709802 ,0 
384,9.6 ,-0.00701188 ,0 
385,9.625 ,-0.00692649 ,0 
386,9.65 ,-0.00684185 ,0 
387,9.675 ,-0.00675795 ,0 
388,9.7 ,-0.00667479 ,0 
389,9.725 ,-0.00659238 ,0 
390,9.75 ,-0.00651071 ,0 
391,9.775 ,-0.00642978 ,0 
392,9.8 ,-0.0063496 ,0 
393,9.825 ,-0.00627017 ,0 
394,9.85 ,-0.00619147 ,0 
395,9.875 ,-0.00611352 ,0 
396,9.9 ,-0.00603631 ,0 
397,9.925 ,-0.00595983 ,0 
398,9.95 ,-0.00588409 ,0 
399,9.975 ,-0.00580909 ,0 
400,10 ,-0.00573482 ,0 
401,10.025 ,-0.00566128 ,0 
402,10.05 ,-0.00558847 ,0 
403,10.075 ,-0.00551639 ,0 
404,10.1 ,-0.00544503 ,0 
405,10.125 ,-0.0053744 ,0 
406,10.15 ,-0.00530448 ,0 
407,10.175 ,-0.00523528 ,0 
408,10.2 ,-0.00516679 ,0 
409,10.225 ,-0.00509902 ,0 
410,10.25 ,-0.00503195 ,0 
411,10.275 ,-0.00496559 ,0 
412,10.3 ,-0.00489992 ,0 
413,10.325 ,-0.00483496 ,0 
414,10.35 ,-0.00477069 ,0 
415,10.375 ,-0.00470711 ,0 
416,10.4 ,-0.00464421 ,0 
417,10.425 ,-0.004582 ,0 
418,10.45 ,-0.00452047 ,0 
419,10.475 ,-0.00445962 ,0 
420,10.5 ,-0.00439943 ,0 
421,10.525 ,-0.00433991 ,0 
422,10.55 ,-0.00428106 ,0 
423,10.575 ,-0.00422286 ,0 
424,10.6 ,-0.00416532 ,0 
425,10.625 ,-0.00410843 ,0 
426,10.65 ,-0.00405219 ,0 
427,10.675 ,-0.00399659 ,0 
428,10.7 ,-0.00394163 ,0 
429,10.725 ,-0.0038873 ,0 
430,10.75 ,-0.00383359 ,0 
431,10.775 ,-0.00378051 ,0 
432,10.8 ,-0.00372806 ,0 
433,10.825 ,-0.00367621 ,0 
434,10.85 ,-0.00362498 ,0 
435,10.875 ,-0.00357435 ,0 
436,10.9 ,-0.00352432 ,0 
437,10.925 ,-0.00347489 ,0 
438,10.95 ,-0.00342605 ,0 
439,10.975 ,-0.00337779 ,0 
440,11 ,-0.00333012 ,0 
441,11.025 ,-0.00328302 ,0 
442,11.05 ,-0.0032365 ,0 
443,11.075 ,-0.00319054 ,0 
444,11.1 ,-0.00314515 ,0 
445,11.125 ,-0.00310031 ,0 
446,11.15 ,-0.00305603 ,0 
447,11.175 ,-0.00301229 ,0 
448,11.2 ,-0.0029691 ,0 
449,11.225 ,-0.00292644 ,0 
450,11.25 ,-0.00288432 ,0 
451,11.275 ,-0.00284273 ,0 
452,11.3 ,-0.00280166 ,0 
453,11.325 ,-0.0027611 ,0 
454,11.35 ,-0.00272107 ,0 
455,11.375 ,-0.00268154 ,0 
456,11.4 ,-0.00264251 ,0 
457,11.425 ,-0.00260398 ,0 
458,11.45 ,-0.00256595 ,0 
459,11.475 ,-0.00252841 ,0 
460,11.5 ,-0.00249135 ,0 
461,11.525 ,-0.00245477 ,0 
462,11.55 ,-0.00241867 ,0 
463,11.575 ,-0.00238303 ,0 
464,11.6 ,-0.00234786 ,0 
465,11.625 ,-0.00231316 ,0 
466,11.65 ,-0.00227891 ,0 
467,11.675 ,-0.00224511 ,0 
468,11.7 ,-0.00221175 ,0 
469,11.725 ,-0.00217884 ,0 
470,11.75 ,-0.00214636 ,0 
471,11.775 ,-0.00211432 ,0 
472,11.8 ,-0.00208271 ,0 
473,11.825 ,-0.00205152 ,0 
474,11.85 ,-0.00202074 ,0 
475,11.875 ,-0.00199039 ,0 
476,11.9 ,-0.00196044 ,0 
477,11.925 ,-0.00193089 ,0 
478,11.95 ,-0.00190175 ,0 
479,11.975 ,-0.00187301 ,0 
480,12 ,-0.00184465 ,0 
481,12.025 ,-0.00181668 ,0 
482,12.05 ,-0.0017891 ,0 
483,12.075 ,-0.0017619 ,0 
484,12.1 ,-0.00173507 ,0 
485,12.125 ,-0.0017086 ,0 
486,12.15 ,-0.00168251 ,0 
487,12.175 ,-0.00165678 ,0 
488,12.2 ,-0.0016314 ,0 
489,12.225 ,-0.00160638 ,0 
490,12.25 ,-0.00158171 ,0 
491,12.275 ,-0.00155738 ,0 
492,12.3 ,-0.00153339 ,0 
493,12.325 ,-0.00150974 ,0 
494,12.35 ,-0.00148642 ,0 
495,12.375 ,-0.00146344 ,0 
496,12.4 ,-0.00144077 ,0 
497,12.425 ,-0.00141843 ,0 
498,12.45 ,-0.00139641 ,0 
499,12.475 ,-0.00137469 ,0 
500,12.5 ,-0.00135329 ,0 
501,12.525 ,-0.0013322 ,0 
502,12.55 ,-0.0013114 ,0 
503,12.575 ,-0.00129091 ,0 
504,12.6 ,-0.0012707 ,0 
505,12.625 ,-0.00125079 ,0 
506,12.65 ,-0.00123117 ,0 
507,12.675 ,-0.00121183 ,0 
508,12.7 ,-0.00119277 ,0 
509,12.725 ,-0.00117399 ,0 
510,12.75 ,-0.00115548 ,0 
511,12.775 ,-0.00113724 ,0 
512,12.8 ,-0.00111926 ,0 
513,12.825 ,-0.00110155 ,0 
514,12.85 ,-0.0010841 ,0 
515,12.875 ,-0.0010669 ,0 
516,12.9 ,-0.00104996 ,0 
517,12.925 ,-0.00103326 ,0 
518,12.95 ,-0.00101682 ,0 
519,12.975 ,-0.00100061 ,0 
520,13 ,-0.000984646 ,0 
521,13.025 ,-0.000968918 ,0 
522,13.05 ,-0.000953423 ,0 
523,13.075 ,-0.000938159 ,0 
524,13.1 ,-0.000923122 ,0 
525,13.125 ,-0.000908309 ,0 
526,13.15 ,-0.000893718 ,0 
527,13.175 ,-0.000879346 ,0 
528,13.2 ,-0.000865189 ,0 
529,13.225 ,-0.000851245 ,0 
530,13.25 ,-0.000837511 ,0 
531,13.275 ,-0.000823983 ,0 
532,13.3 ,-0.00081066 ,0 
533,13.325 ,-0.000797538 ,0 
534,13.35 ,-0.000784615 ,0 
535,13.375 ,-0.000771888 ,0 
536,13.4 ,-0.000759355 ,0 
537,13.425 ,-0.000747012 ,0 
538,13.45 ,-0.000734857 ,0 
539,13.475 ,-0.000722887 ,0 
540,13.5 ,-0.0007111 ,0 
541,13.525 ,-0.000699494 ,0 
542,13.55 ,-0.000688066 ,0 
543,13.575 ,-0.000676813 ,0 
544,13.6 ,-0.000665733 ,0 
545,13.625 ,-0.000654823 ,0 
546,13.65 ,-0.000644082 ,0 
547,13.675 ,-0.000633506 ,0 
548,13.7 ,-0.000623094 ,0 
549,13.725 ,-0.000612843 ,0 
550,13.75 ,-0.000602751 ,0 
551,13.775 ,-0.000592816 ,0 
552,13.8 ,-0.000583035 ,0 
553,13.825 ,-0.000573406 ,0 
554,13.85 ,-0.000563927 ,0 
555,13.875 ,-0.000554597 ,0 
556,13.9 ,-0.000545412 ,0 
557,13.925 ,-0.00053637 ,0 
558,13.95 ,-0.000527471 ,0 
559,13.975 ,-0.000518711 ,0 
560,14 ,-0.000510088 ,0 
561,14.025 ,-0.000501601 ,0 
562,14.05 ,-0.000493248 ,0 
563,14.075 ,-0.000485027 ,0 
564,14.1 ,-0.000476935 ,0 
565,14.125 ,-0.000468971 ,0 
566,14.15 ,-0.000461134 ,0 
567,14.175 ,-0.00045342 ,0 
568,14.2 ,-0.000445829 ,0 
569,14.225 ,-0.000438358 ,0 
570,14.25 ,-0.000431007 ,0 
571,14.275 ,-0.000423772 ,0 
572,14.3 ,-0.000416653 ,0 
573,14.325 ,-0.000409647 ,0 
574,14.35 ,-0.000402753 ,0 
575,14.375 ,-0.00039597 ,0 
576,14.4 ,-0.000389295 ,0 
577,14.425 ,-0.000382727 ,0 
578,14.45 ,-0.000376264 ,0 
579,14.475 ,-0.000369906 ,0 
580,14.5 ,-0.00036365 ,0 
581,14.525 ,-0.000357494 ,0 
582,14.55 ,-0.000351438 ,0 
583,14.575 ,-0.00034548 ,0 
584,14.6 ,-0.000339617 ,0 
585,14.625 ,-0.00033385 ,0 
586,14.65 ,-0.000328176 ,0 
587,14.675 ,-0.000322594 ,0 
588,14.7 ,-0.000317103 ,0 
589,14.725 ,-0.000311701 ,0 
590,14.75 ,-0.000306387 ,0 
591,14.775 ,-0.000301159 ,0 
592,14.8 ,-0.000296017 ,0 
593,14.825 ,-0.000290959 ,0 
594,14.85 ,-0.000285983 ,0 
595,14.875 ,-0.000281088 ,0 
596,14.9 ,-0.000276274 ,0 
597,14.925 ,-0.000271538 ,0 
598,14.95 ,-0.00026688 ,0 
599,14.975 ,-0.000262299 ,0 
600,15 ,-0.000257793 ,0 
601,15.025 ,-0.000253361 ,0 
602,15.05 ,-0.000249002 ,0 
603,15.075 ,-0.000244715 ,0 
604,15.1 ,-0.000240499 ,0 
605,15.125 ,-0.000236352 ,0 
606,15.15 ,-0.000232274 ,0 
607,15.175 ,-0.000228263 ,0 
608,15.2 ,-0.000224319 ,0 
609,15.225 ,-0.00022044 ,0 
610,15.25 ,-0.000216625 ,0 
611,15.275 ,-0.000212874 ,0 
612,15.3 ,-0.000209185 ,0 
613,15.325 ,-0.000205558 ,0 
614,15.35 ,-0.000201991 ,0 
615,15.375 ,-0.000198484 ,0 
616,15.4 ,-0.000195035 ,0 
617,15.425 ,-0.000191643 ,0 
618,15.45 ,-0.000188308 ,0 
619,15.475 ,-0.00018503 ,0 
620,15.5 ,-0.000181806 ,0 
621,15.525 ,-0.000178636 ,0 
622,15.55 ,-0.000175519 ,0 
623,15.575 ,-0.000172455 ,0 
624,15.6 ,-0.000169442 ,0 
625,15.625 ,-0.000166479 ,0 
626,15.65 ,-0.000163567 ,0 
627,15.675 ,-0.000160704 ,0 
628,15.7 ,-0.000157889 ,0 
629,15.725 ,-0.000155121 ,0 
630,15.75 ,-0.000152401 ,0 
631,15.775 ,-0.000149726 ,0 
632,15.8 ,-0.000147096 ,0 
633,15.825 ,-0.000144511 ,0 
634,15.85 ,-0.00014197 ,0 
635,15.875 ,-0.000139472 ,0 
636,15.9 ,-0.000137017 ,0 
637,15.925 ,-0.000134603 ,0 
638,15.95 ,-0.00013223 ,0 
639,15.975 ,-0.000129898 ,0 
640,16 ,-0.000127605 ,0 
641,16.025 ,-0.000125351 ,0 
642,16.05 ,-0.000123136 ,0 
643,16.075 ,-0.000120959 ,0 
644,16.1 ,-0.000118818 ,0 
645,16.125 ,-0.000116715 ,0 
646,16.15 ,-0.000114647 ,0 
647,16.175 ,-0.000112615 ,0 
648,16.2 ,-0.000110618 ,0 
649,16.225 ,-0.000108655 ,0 
650,16.25 ,-0.000106725 ,0 
651,16.275 ,-0.000104829 ,0 
652,16.3 ,-0.000102965 ,0 
653,16.325 ,-0.000101134 ,0 
654,16.35 ,-9.93338e-05 ,0 
655,16.375 ,-9.75647e-05 ,0 
656,16.4 ,-9.58262e-05 ,0 
657,16.425 ,-9.41177e-05 ,0 
658,16.45 ,-9.24387e-05 ,0 
659,16.475 ,-9.07887e-05 ,0 
660,16.5 ,-8.91672e-05 ,0 
661,16.525 ,-8.75738e-05 ,0 
662,16.55 ,-8.6008e-05 ,0 
663,16.575 ,-8.44693e-05 ,0 
664,16.6 ,-8.29573e-05 ,0 
665,16.625 ,-8.14716e-05 ,0 
666,16.65 ,-8.00116e-05 ,0 
667,16.675 ,-7.8577e-05 ,0 
668,16.7 ,-7.71674e-05 ,0 
669,16.725 ,-7.57823e-05 ,0 
670,16.75 ,-7.44214e-05 ,0 
671,16.775 ,-7.30841e-05 ,0 
672,16.8 ,-7.17702e-05 ,0 
673,16.825 ,-7.04792e-05 ,0 
674,16.85 ,-6.92107e-05 ,0 
675,16.875 ,-6.79644e-05 ,0 
676,16.9 ,-6.67399e-05 ,0 
677,16.925 ,-6.55369e-05 ,0 
678,16.95 ,-6.43549e-05 ,0 
679,16.975 ,-6.31936e-05 ,0 
680,17 ,-6.20527e-05 ,0 
681,17.025 ,-6.09318e-05 ,0 
682,17.05 ,-5.98305e-05 ,0 
683,17.075 ,-5.87486e-05 ,0 
684,17.1 ,-5.76858e-05 ,0 
685,17.125 ,-5.66416e-05 ,0 
686,17.15 ,-5.56158e-05 ,0 
687,17.175 ,-5.46081e-05 ,0 
688,17.2 ,-5.36181e-05 ,0 
689,17.225 ,-5.26456e-05 ,0 
690,17.25 ,-5.16903e-05 ,0 
691,17.275 ,-5.07518e-05 ,0 
692,17.3 ,-4.98299e-05 ,0 
693,17.325 ,-4.89243e-05 ,0 
694,17.35 ,-4.80347e-05 ,0 
695,17.375 ,-4.71609e-05 ,0 
696,17.4 ,-4.63026e-05 ,0 
697,17.425 ,-4.54594e-05 ,0 
698,17.45 ,-4.46312e-05 ,0 
699,17.475 ,-4.38177e-05 ,0 
700,17.5 ,-4.30187e-05 ,0 
701,17.525 ,-4.22338e-05 ,0 
702,17.55 ,-4.14629e-05 ,0 
703,17.575 ,-4.07058e-05 ,0 
704,17.6 ,-3.9962e-05 ,0 
705,17.625 ,-3.92316e-05 ,0 
706,17.65 ,-3.85141e-05 ,0 
707,17.675 ,-3.78095e-05 ,0 
708,17.7 ,-3.71174e-05 ,0 
709,17.725 ,-3.64376e-05 ,0 
710,17.75 ,-3.577e-05 ,0 
711,17.775 ,-3.51144e-05 ,0 
712,17.8 ,-3.44704e-05 ,0 
713,17.825 ,-3.3838e-05 ,0 
714,17.85 ,-3.32169e-05 ,0 
715,17.875 ,-3.26069e-05 ,0 
716,17.9 ,-3.20079e-05 ,0 
717,17.925 ,-3.14196e-05 ,0 
718,17.95 ,-3.08418e-05 ,0 
719,17.975 ,-3.02745e-05 ,0 
720,18 ,-2.97173e-05 ,0 
721,18.025 ,-2.91701e-05 ,0 
722,18.05 ,-2.86327e-05 ,0 
723,18.075 ,-2.81051e-05 ,0 
724,18.1 ,-2.75869e-05 ,0 
725,18.125 ,-2.70781e-05 ,0 
726,18.15 ,-2.65784e-05 ,0 
727,18.175 ,-2.60877e-05 ,0 
728,18.2 ,-2.56059e-05 ,0 
729,18.225 ,-2.51328e-05 ,0 
730,18.25 ,-2.46682e-05 ,0 
731,18.275 ,-2.4212e-05 ,0 
732,18.3 ,-2.37641e-05 ,0 
733,18.325 ,-2.33243e-05 ,0 
734,18.35 ,-2.28924e-05 ,0 
735,18.375 ,-2.24684e-05 ,0 
736,18.4 ,-2.2052e-05 ,0 
737,18.425 ,-2.16432e-05 ,0 
738,18.45 ,-2.12417e-05 ,0 
739,18.475 ,-2.08476e-05 ,0 
740,18.5 ,-2.04606e-05 ,0 
741,18.525 ,-2.00807e-05 ,0 
742,18.55 ,-1.97077e-05 ,0 
743,18.575 ,-1.93414e-05 ,0 
744,18.6 ,-1.89818e-05 ,0 
745,18.625 ,-1.86287e-05 ,0 
746,18.65 ,-1.82821e-05 ,0 
747,18.675 ,-1.79418e-05 ,0 
748,18.7 ,-1.76077e-05 ,0 
749,18.725 ,-1.72797e-05 ,0 
750,18.75 ,-1.69576e-05 ,0 
751,18.775 ,-1.66415e-05 ,0 
752,18.8 ,-1.63311e-05 ,0 
753,18.825 ,-1.60264e-05 ,0 
754,18.85 ,-1.57272e-05 ,0 
755,18.875 ,-1.54336e-05 ,0 
756,18.9 ,-1.51453e-05 ,0 
757,18.925 ,-1.48623e-05 ,0 
758,18.95 ,-1.45844e-05 ,0 
759,18.975 ,-1.43117e-05 ,0 
760,19 ,-1.40439e-05 ,0 
761,19.025 ,-1.37811e-05 ,0 
762,19.05 ,-1.35231e-05 ,0 
763,19.075 ,-1.32698e-05 ,0 
764,19.1 ,-1.30212e-05 ,0 
765,19.125 ,-1.27771e-05 ,0 
766,19.15 ,-1.25375e-05 ,0 
767,19.175 ,-1.23024e-05 ,0 
768,19.2 ,-1.20715e-05 ,0 
769,19.225 ,-1.18449e-05 ,0 
770,19.25 ,-1.16225e-05 ,0 
771,19.275 ,-1.14042e-05 ,0 
772,19.3 ,-1.11899e-05 ,0 
773,19.325 ,-1.09796e-05 ,0 
774,19.35 ,-1.07731e-05 ,0 
775,19.375 ,-1.05705e-05 ,0 
776,19.4 ,-1.03716e-05 ,0 
777,19.425 ,-1.01763e-05 ,0 
778,19.45 ,-9.98472e-06 ,0 
779,19.475 ,-9.79665e-06 ,0 
780,19.5 ,-9.61205e-06 ,0 
781,19.525 ,-9.43087e-06 ,0 
782,19.55 ,-9.25305e-06 ,0 
783,19.575 ,-9.07851e-06 ,0 
784,19.6 ,-8.90722e-06 ,0 
785,19.625 ,-8.7391e-06 ,0 
786,19.65 ,-8.5741e-06 ,0 
787,19.675 ,-8.41216e-06 ,0 
788,19.7 ,-8.25323e-06 ,0 
789,19.725 ,-8.09725e-06 ,0 
790,19.75 ,-7.94417e-06 ,0 
791,19.775 ,-7.79394e-06 ,0 
792,19.8 ,-7.6465e-06 ,0 
793,19.825 ,-7.5018e-06 ,0 
794,19.85 ,-7.3598e-06 ,0 
795,19.875 ,-7.22044e-06 ,0 
796,19.9 ,-7.08368e-06 ,0 
797,19.925 ,-6.94947e-06 ,0 
798,19.95 ,-6.81776e-06 ,0 
799,19.975 ,-6.68851e-06 ,0 
800,20 ,-6.56168e-06 ,0 
801,20.025 ,-6.43721e-06 ,0 
802,20.05 ,-6.31506e-06 ,0 
803,20.075 ,-6.1952e-06 ,0 
804,20.1 ,-6.07758e-06 ,0 
805,20.125 ,-5.96216e-06 ,0 
806,20.15 ,-5.8489e-06 ,0 
807,20.175 ,-5.73777e-06 ,0 
808,20.2 ,-5.62871e-06 ,0 
809,20.225 ,-5.5217e-06 ,0 
810,20.25 ,-5.41669e-06 ,0 
811,20.275 ,-5.31365e-06 ,0 
812,20.3 ,-5.21255e-06 ,0 
813,20.325 ,-5.11334e-06 ,0 
814,20.35 ,-5.016e-06 ,0 
815,20.375 ,-4.92049e-06 ,0 
816,20.4 ,-4.82677e-06 ,0 
817,20.425 ,-4.73481e-06 ,0 
818,20.45 ,-4.64459e-06 ,0 
819,20.475 ,-4.55606e-06 ,0 
820,20.5 ,-4.4692e-06 ,0 
821,20.525 ,-4.38398e-06 ,0 
822,20.55 ,-4.30036e-06 ,0 
823,20.575 ,-4.21832e-06 ,0 
824,20.6 ,-4.13783e-06 ,0 
825,20.625 ,-4.05886e-06 ,0 
826,20.65 ,-3.98137e-06 ,0 
827,20.675 ,-3.90536e-06 ,0 
828,20.7 ,-3.83078e-06 ,0 
829,20.725 ,-3.7576e-06 ,0 
830,20.75 ,-3.68582e-06 ,0 
831,20.775 ,-3.61539e-06 ,0 
832,20.8 ,-3.54629e-06 ,0 
833,20.825 ,-3.47851e-06 ,0 
834,20.85 ,-3.41201e-06 ,0 
835,20.875 ,-3.34677e-06 ,0 
836,20.9 ,-3.28277e-06 ,0 
837,20.925 ,-3.21998e-06 ,0 
838,20.95 ,-3.15838e-06 ,0 
839,20.975 ,-3.09796e-06 ,0 
840,21 ,-3.03868e-06 ,0 
841,21.025 ,-2.98054e-06 ,0 
842,21.05 ,-2.92349e-06 ,0 
843,21.075 ,-2.86754e-06 ,0 
844,21.1 ,-2.81265e-06 ,0 
845,21.125 ,-2.7588e-06 ,0 
846,21.15 ,-2.70599e-06 ,0 
847,21.175 ,-2.65418e-06 ,0 
848,21.2 ,-2.60336e-06 ,0 
849,21.225 ,-2.55351e-06 ,0 
850,21.25 ,-2.50461e-06 ,0 
851,21.275 ,-2.45665e-06 ,0 
852,21.3 ,-2.4096e-06 ,0 
853,21.325 ,-2.36346e-06 ,0 
854,21.35 ,-2.3182e-06 ,0 
855,21.375 ,-2.27381e-06 ,0 
856,21.4 ,-2.23027e-06 ,0 
857,21.425 ,-2.18756e-06 ,0 
858,21.45 ,-2.14568e-06 ,0 
859,21.475 ,-2.1046e-06 ,0 
860,21.5 ,-2.06431e-06 ,0 
861,21.525 ,-2.02479e-06 ,0 
862,21.55 ,-1.98603e-06 ,0 
863,21.575 ,-1.94803e-06 ,0 
864,21.6 ,-1.91075e-06 ,0 
865,21.625 ,-1.87419e-06 ,0 
866,21.65 ,-1.83834e-06 ,0 
867,21.675 ,-1.80319e-06 ,0 
868,21.7 ,-1.76871e-06 ,0 
869,21.725 ,-1.7349e-06 ,0 
870,21.75 ,-1.70174e-06 ,0 
871,21.775 ,-1.66923e-06 ,0 
872,21.8 ,-1.63734e-06 ,0 
873,21.825 ,-1.60608e-06 ,0 
874,21.85 ,-1.57542e-06 ,0 
875,21.875 ,-1.54536e-06 ,0 
876,21.9 ,-1.51588e-06 ,0 
877,21.925 ,-1.48698e-06 ,0 
878,21.95 ,-1.45864e-06 ,0 
879,21.975 ,-1.43086e-06 ,0 
880,22 ,-1.40361e-06 ,0 
881,22.025 ,-1.3769e-06 ,0 
882,22.05 ,-1.35072e-06 ,0 
883,22.075 ,-1.32504e-06 ,0 
884,22.1 ,-1.29987e-06 ,0 
885,22.125 ,-1.2752e-06 ,0 
886,22.15 ,-1.25101e-06 ,0 
887,22.175 ,-1.22729e-06 ,0 
888,22.2 ,-1.20404e-06 ,0 
889,22.225 ,-1.18125e-06 ,0 
890,22.25 ,-1.15892e-06 ,0 
891,22.275 ,-1.13702e-06 ,0 
892,22.3 ,-1.11556e-06 ,0 
893,22.325 ,-1.09452e-06 ,0 
894,22.35 ,-1.0739e-06 ,0 
895,22.375 ,-1.05369e-06 ,0 
896,22.4 ,-1.03388e-06 ,0 
897,22.425 ,-1.01447e-06 ,0 
898,22.45 ,-9.95447e-07 ,0 
899,22.475 ,-9.76804e-07 ,0 
900,22.5 ,-9.58535e-07 ,0 
901,22.525 ,-9.40632e-07 ,0 
902,22.55 ,-9.2309e-07 ,0 
903,22.575 ,-9.05902e-07 ,0 
904,22.6 ,-8.89061e-07 ,0 
905,22.625 ,-8.7256e-07 ,0 
906,22.65 ,-8.56394e-07 ,0 
907,22.675 ,-8.40557e-07 ,0 
908,22.7 ,-8.25042e-07 ,0 
909,22.725 ,-8.09844e-07 ,0 
910,22.75 ,-7.94957e-07 ,0 
911,22.775 ,-7.80375e-07 ,0 
912,22.8 ,-7.66093e-07 ,0 
913,22.825 ,-7.52106e-07 ,0 
914,22.85 ,-7.38407e-07 ,0 
915,22.875 ,-7.24992e-07 ,0 
916,22.9 ,-7.11857e-07 ,0 
917,22.925 ,-6.98994e-07 ,0 
918,22.95 ,-6.86401e-07 ,0 
919,22.975 ,-6.74072e-07 ,0 
920,23 ,-6.62003e-07 ,0 
921,23.025 ,-6.50188e-07 ,0 
922,23.05 ,-6.38623e-07 ,0 
923,23.075 ,-6.27305e-07 ,0 
924,23.1 ,-6.16228e-07 ,0 
925,23.125 ,-6.05388e-07 ,0 
926,23.15 ,-5.94782e-07 ,0 
927,23.175 ,-5.84405e-07 ,0 
928,23.2 ,-5.74252e-07 ,0 
929,23.225 ,-5.64321e-07 ,0 
930,23.25 ,-5.54608e-07 ,0 
931,23.275 ,-5.45108e-07 ,0 
932,23.3 ,-5.35818e-07 ,0 
933,23.325 ,-5.26735e-07 ,0 
934,23.35 ,-5.17855e-07 ,0 
935,23.375 ,-5.09174e-07 ,0 
936,23.4 ,-5.00689e-07 ,0 
937,23.425 ,-4.92397e-07 ,0 
938,23.45 ,-4.84295e-07 ,0 
939,23.475 ,-4.7638e-07 ,0 
940,23.5 ,-4.68648e-07 ,0 
941,23.525 ,-4.61096e-07 ,0 
942,23.55 ,-4.53722e-07 ,0 
943,23.575 ,-4.46522e-07 ,0 
944,23.6 ,-4.39494e-07 ,0 
945,23.625 ,-4.32636e-07 ,0 
946,23.65 ,-4.25943e-07 ,0 
947,23.675 ,-4.19415e-07 ,0 
948,23.7 ,-4.13048e-07 ,0 
949,23.725 ,-4.06839e-07 ,0 
950,23.75 ,-4.00787e-07 ,0 
951,23.775 ,-3.94888e-07 ,0 
952,23.8 ,-3.89142e-07 ,0 
953,23.825 ,-3.83544e-07 ,0 
954,23.85 ,-3.78094e-07 ,0 
955,23.875 ,-3.72788e-07 ,0 
956,23.9 ,-3.67625e-07 ,0 
957,23.925 ,-3.62603e-07 ,0 
958,23.95 ,-3.5772e-07 ,0 
959,23.975 ,-3.52974e-07 ,0 
960,24 ,-3.48362e-07 ,0 
961,24.025 ,-3.43884e-07 ,0 
962,24.05 ,-3.39537e-07 ,0 
963,24.075 ,-3.35319e-07 ,0 
964,24.1 ,-3.31229e-07 ,0 
965,24.125 ,-3.27265e-07 ,0 
966,24.15 ,-3.23426e-07 ,0 
967,24.175 ,-3.1971e-07 ,0 
968,24.2 ,-3.16115e-07 ,0 
969,24.225 ,-3.12641e-07 ,0 
970,24.25 ,-3.09285e-07 ,0 
971,24.275 ,-3.06046e-07 ,0 
972,24.3 ,-3.02922e-07 ,0 
973,24.325 ,-2.99914e-07 ,0 
974,24.35 ,-2.97019e-07 ,0 
975,24.375 ,-2.94236e-07 ,0 
976,24.4 ,-2.91563e-07 ,0 
977,24.425 ,-2.89001e-07 ,0 
978,24.45 ,-2.86547e-07 ,0 
979,24.475 ,-2.84201e-07 ,0 
980,24.5 ,-2.81962e-07 ,0 
981,24.525 ,-2.79828e-07 ,0 
982,24.55 ,-2.77799e-07 ,0 
983,24.575 ,-2.75874e-07 ,0 
984,24.6 ,-2.74052e-07 ,0 
985,24.625 ,-2.72332e-07 ,0 
986,24.65 ,-2.70714e-07 ,0 
987,24.675 ,-2.69196e-07 ,0 
988,24.7 ,-2.67779e-07 ,0 
989,24.725 ,-2.6646e-07 ,0 
990,24.75 ,-2.65241e-07 ,0 
991,24.775 ,-2.64119e-07 ,0 
992,24.8 ,-2.63096e-07 ,0 
993,24.825 ,-2.62169e-07 ,0 
994,24.85 ,-2.61339e-07 ,0 
995,24.875 ,-2.60605e-07 ,0 
996,24.9 ,-2.59967e-07 ,0 
997,24.925 ,-2.59424e-07 ,0 
998,24.95 ,-2.58976e-07 ,0 
999,24.975 ,-2.58623e-07 ,0 
1000,25 ,-2.58364e-07 ,0 