N_e = 18
1,0.025 ,0.09459 ,0 
2,0.05 ,0.09459 ,0 
3,0.075 ,0.0945508 ,0 
4,0.1 ,0.0944871 ,0 
5,0.125 ,0.0944019 ,0 
6,0.15 ,0.0942962 ,0 
7,0.175 ,0.0941704 ,0 
8,0.2 ,0.0940249 ,0 
9,0.225 ,0.0938597 ,0 
10,0.25 ,0.0936751 ,0 
11,0.275 ,0.0934711 ,0 
12,0.3 ,0.0932479 ,0 
13,0.325 ,0.0930055 ,0 
14,0.35 ,0.0927441 ,0 
15,0.375 ,0.0924638 ,0 
16,0.4 ,0.0921647 ,0 
17,0.425 ,0.091847 ,0 
18,0.45 ,0.0915106 ,0 
19,0.475 ,0.0911559 ,0 
20,0.5 ,0.0907829 ,0 
21,0.525 ,0.0903917 ,0 
22,0.55 ,0.0899826 ,0 
23,0.575 ,0.0895557 ,0 
24,0.6 ,0.0891112 ,0 
25,0.625 ,0.0886492 ,0 
26,0.65 ,0.0881698 ,0 
27,0.675 ,0.0876734 ,0 
28,0.7 ,0.0871601 ,0 
29,0.725 ,0.0866301 ,0 
30,0.75 ,0.0860835 ,0 
31,0.775 ,0.0855207 ,0 
32,0.8 ,0.0849418 ,0 
33,0.825 ,0.084347 ,0 
34,0.85 ,0.0837366 ,0 
35,0.875 ,0.0831108 ,0 
36,0.9 ,0.0824698 ,0 
37,0.925 ,0.0818139 ,0 
38,0.95 ,0.0811434 ,0 
39,0.975 ,0.0804585 ,0 
40,1 ,0.0797594 ,0 
41,1.025 ,0.0790464 ,0 
42,1.05 ,0.0783198 ,0 
43,1.075 ,0.0775799 ,0 
44,1.1 ,0.076827 ,0 
45,1.125 ,0.0760612 ,0 
46,1.15 ,0.075283 ,0 
47,1.175 ,0.0744925 ,0 
48,1.2 ,0.0736902 ,0 
49,1.225 ,0.0728763 ,0 
50,1.25 ,0.0720511 ,0 
51,1.275 ,0.0712148 ,0 
52,1.3 ,0.0703679 ,0 
53,1.325 ,0.0695107 ,0 
54,1.35 ,0.0686433 ,0 
55,1.375 ,0.0677663 ,0 
56,1.4 ,0.0668798 ,0 
57,1.425 ,0.0659842 ,0 
58,1.45 ,0.0650799 ,0 
59,1.475 ,0.0641672 ,0 
60,1.5 ,0.0632463 ,0 
61,1.525 ,0.0623177 ,0 
62,1.55 ,0.0613816 ,0 
63,1.575 ,0.0604385 ,0 
64,1.6 ,0.0594886 ,0 
65,1.625 ,0.0585322 ,0 
66,1.65 ,0.0575698 ,0 
67,1.675 ,0.0566017 ,0 
68,1.7 ,0.0556281 ,0 
69,1.725 ,0.0546495 ,0 
70,1.75 ,0.0536662 ,0 
71,1.775 ,0.0526785 ,0 
72,1.8 ,0.0516868 ,0 
73,1.825 ,0.0506914 ,0 
74,1.85 ,0.0496927 ,0 
75,1.875 ,0.048691 ,0 
76,1.9 ,0.0476867 ,0 
77,1.925 ,0.04668 ,0 
78,1.95 ,0.0456714 ,0 
79,1.975 ,0.0446612 ,0 
80,2 ,0.0436497 ,0 
81,2.025 ,0.0426372 ,0 
82,2.05 ,0.0416242 ,0 
83,2.075 ,0.0406108 ,0 
84,2.1 ,0.0395976 ,0 
85,2.125 ,0.0385847 ,0 
86,2.15 ,0.0375726 ,0 
87,2.175 ,0.0365615 ,0 
88,2.2 ,0.0355518 ,0 
89,2.225 ,0.0345438 ,0 
90,2.25 ,0.0335378 ,0 
91,2.275 ,0.0325342 ,0 
92,2.3 ,0.0315333 ,0 
93,2.325 ,0.0305353 ,0 
94,2.35 ,0.0295406 ,0 
95,2.375 ,0.0285496 ,0 
96,2.4 ,0.0275624 ,0 
97,2.425 ,0.0265794 ,0 
98,2.45 ,0.0256009 ,0 
99,2.475 ,0.0246273 ,0 
100,2.5 ,0.0236587 ,0 
101,2.525 ,0.0226954 ,0 
102,2.55 ,0.0217378 ,0 
103,2.575 ,0.0207862 ,0 
104,2.6 ,0.0198407 ,0 
105,2.625 ,0.0189018 ,0 
106,2.65 ,0.0179695 ,0 
107,2.675 ,0.0170443 ,0 
108,2.7 ,0.0161263 ,0 
109,2.725 ,0.0152158 ,0 
110,2.75 ,0.0143131 ,0 
111,2.775 ,0.0134184 ,0 
112,2.8 ,0.0125319 ,0 
113,2.825 ,0.0116539 ,0 
114,2.85 ,0.0107846 ,0 
115,2.875 ,0.00992418 ,0 
116,2.9 ,0.00907291 ,0 
117,2.925 ,0.008231 ,0 
118,2.95 ,0.00739863 ,0 
119,2.975 ,0.00657602 ,0 
120,3 ,0.00576337 ,0 
121,3.025 ,0.00496085 ,0 
122,3.05 ,0.00416867 ,0 
123,3.075 ,0.00338699 ,0 
124,3.1 ,0.002616 ,0 
125,3.125 ,0.00185586 ,0 
126,3.15 ,0.00110673 ,0 
127,3.175 ,0.000368767 ,0 
128,3.2 ,-0.00035787 ,0 
129,3.225 ,-0.00107304 ,0 
130,3.25 ,-0.0017766 ,0 
131,3.275 ,-0.00246842 ,0 
132,3.3 ,-0.00314837 ,0 
133,3.325 ,-0.00381633 ,0 
134,3.35 ,-0.00447218 ,0 
135,3.375 ,-0.00511581 ,0 
136,3.4 ,-0.00574711 ,0 
137,3.425 ,-0.00636599 ,0 
138,3.45 ,-0.00697236 ,0 
139,3.475 ,-0.00756612 ,0 
140,3.5 ,-0.00814719 ,0 
141,3.525 ,-0.0087155 ,0 
142,3.55 ,-0.00927098 ,0 
143,3.575 ,-0.00981356 ,0 
144,3.6 ,-0.0103432 ,0 
145,3.625 ,-0.0108598 ,0 
146,3.65 ,-0.0113634 ,0 
147,3.675 ,-0.0118539 ,0 
148,3.7 ,-0.0123312 ,0 
149,3.725 ,-0.0127954 ,0 
150,3.75 ,-0.0132464 ,0 
151,3.775 ,-0.0136842 ,0 
152,3.8 ,-0.0141088 ,0 
153,3.825 ,-0.0145201 ,0 
154,3.85 ,-0.0149183 ,0 
155,3.875 ,-0.0153032 ,0 
156,3.9 ,-0.0156749 ,0 
157,3.925 ,-0.0160334 ,0 
158,3.95 ,-0.0163787 ,0 
159,3.975 ,-0.0167108 ,0 
160,4 ,-0.0170299 ,0 
161,4.025 ,-0.0173358 ,0 
162,4.05 ,-0.0176287 ,0 
163,4.075 ,-0.0179086 ,0 
164,4.1 ,-0.0181755 ,0 
165,4.125 ,-0.0184295 ,0 
166,4.15 ,-0.0186707 ,0 
167,4.175 ,-0.0188991 ,0 
168,4.2 ,-0.0191148 ,0 
169,4.225 ,-0.0193178 ,0 
170,4.25 ,-0.0195083 ,0 
171,4.275 ,-0.0196862 ,0 
172,4.3 ,-0.0198518 ,0 
173,4.325 ,-0.0200051 ,0 
174,4.35 ,-0.0201462 ,0 
175,4.375 ,-0.0202751 ,0 
176,4.4 ,-0.0203921 ,0 
177,4.425 ,-0.0204971 ,0 
178,4.45 ,-0.0205903 ,0 
179,4.475 ,-0.0206718 ,0 
180,4.5 ,-0.0207418 ,0 
181,4.525 ,-0.0208003 ,0 
182,4.55 ,-0.0208475 ,0 
183,4.575 ,-0.0208836 ,0 
184,4.6 ,-0.0209085 ,0 
185,4.625 ,-0.0209225 ,0 
186,4.65 ,-0.0209257 ,0 
187,4.675 ,-0.0209182 ,0 
188,4.7 ,-0.0209003 ,0 
189,4.725 ,-0.0208719 ,0 
190,4.75 ,-0.0208333 ,0 
191,4.775 ,-0.0207847 ,0 
192,4.8 ,-0.0207261 ,0 
193,4.825 ,-0.0206578 ,0 
194,4.85 ,-0.0205798 ,0 
195,4.875 ,-0.0204924 ,0 
196,4.9 ,-0.0203957 ,0 
197,4.925 ,-0.0202899 ,0 
198,4.95 ,-0.0201751 ,0 
199,4.975 ,-0.0200516 ,0 
200,5 ,-0.0199194 ,0 
201,5.025 ,-0.0197787 ,0 
202,5.05 ,-0.0196297 ,0 
203,5.075 ,-0.0194727 ,0 
204,5.1 ,-0.0193077 ,0 
205,5.125 ,-0.0191349 ,0 
206,5.15 ,-0.0189546 ,0 
207,5.175 ,-0.0187668 ,0 
208,5.2 ,-0.0185718 ,0 
209,5.225 ,-0.0183697 ,0 
210,5.25 ,-0.0181608 ,0 
211,5.275 ,-0.0179452 ,0 
212,5.3 ,-0.0177231 ,0 
213,5.325 ,-0.0174946 ,0 
214,5.35 ,-0.01726 ,0 
215,5.375 ,-0.0170194 ,0 
216,5.4 ,-0.016773 ,0 
217,5.425 ,-0.0165211 ,0 
218,5.45 ,-0.0162637 ,0 
219,5.475 ,-0.016001 ,0 
220,5.5 ,-0.0157334 ,0 
221,5.525 ,-0.0154608 ,0 
222,5.55 ,-0.0151835 ,0 
223,5.575 ,-0.0149017 ,0 
224,5.6 ,-0.0146156 ,0 
225,5.625 ,-0.0143253 ,0 
226,5.65 ,-0.0140311 ,0 
227,5.675 ,-0.0137331 ,0 
228,5.7 ,-0.0134314 ,0 
229,5.725 ,-0.0131263 ,0 
230,5.75 ,-0.0128179 ,0 
231,5.775 ,-0.0125064 ,0 
232,5.8 ,-0.012192 ,0 
233,5.825 ,-0.0118749 ,0 
234,5.85 ,-0.0115552 ,0 
235,5.875 ,-0.0112331 ,0 
236,5.9 ,-0.0109087 ,0 
237,5.925 ,-0.0105823 ,0 
238,5.95 ,-0.010254 ,0 
239,5.975 ,-0.00992388 ,0 
240,6 ,-0.00959222 ,0 
241,6.025 ,-0.00925916 ,0 
242,6.05 ,-0.00892483 ,0 
243,6.075 ,-0.0085894 ,0 
244,6.1 ,-0.00825303 ,0 
245,6.125 ,-0.00791587 ,0 
246,6.15 ,-0.00757807 ,0 
247,6.175 ,-0.00723978 ,0 
248,6.2 ,-0.00690115 ,0 
249,6.225 ,-0.00656233 ,0 
250,6.25 ,-0.00622346 ,0 
251,6.275 ,-0.00588468 ,0 
252,6.3 ,-0.00554613 ,0 
253,6.325 ,-0.00520796 ,0 
254,6.35 ,-0.00487028 ,0 
255,6.375 ,-0.00453325 ,0 
256,6.4 ,-0.00419699 ,0 
257,6.425 ,-0.00386163 ,0 
258,6.45 ,-0.00352729 ,0 
259,6.475 ,-0.0031941 ,0 
260,6.5 ,-0.00286218 ,0 
261,6.525 ,-0.00253165 ,0 
262,6.55 ,-0.00220263 ,0 
263,6.575 ,-0.00187524 ,0 
264,6.6 ,-0.00154957 ,0 
265,6.625 ,-0.00122576 ,0 
266,6.65 ,-0.000903888 ,0 
267,6.675 ,-0.000584076 ,0 
268,6.7 ,-0.000266423 ,0 
269,6.725 ,4.89725e-05 ,0 
270,6.75 ,0.000362013 ,0 
271,6.775 ,0.000672603 ,0 
272,6.8 ,0.000980652 ,0 
273,6.825 ,0.00128607 ,0 
274,6.85 ,0.00158877 ,0 
275,6.875 ,0.00188866 ,0 
276,6.9 ,0.00218567 ,0 
277,6.925 ,0.00247972 ,0 
278,6.95 ,0.00277072 ,0 
279,6.975 ,0.00305861 ,0 
280,7 ,0.00334331 ,0 
281,7.025 ,0.00362475 ,0 
282,7.05 ,0.00390286 ,0 
283,7.075 ,0.00417759 ,0 
284,7.1 ,0.00444887 ,0 
285,7.125 ,0.00471664 ,0 
286,7.15 ,0.00498084 ,0 
287,7.175 ,0.00524143 ,0 
288,7.2 ,0.00549833 ,0 
289,7.225 ,0.00575152 ,0 
290,7.25 ,0.00600094 ,0 
291,7.275 ,0.00624654 ,0 
292,7.3 ,0.00648828 ,0 
293,7.325 ,0.00672613 ,0 
294,7.35 ,0.00696005 ,0 
295,7.375 ,0.00718999 ,0 
296,7.4 ,0.00741593 ,0 
297,7.425 ,0.00763784 ,0 
298,7.45 ,0.00785569 ,0 
299,7.475 ,0.00806945 ,0 
300,7.5 ,0.00827909 ,0 
301,7.525 ,0.00848461 ,0 
302,7.55 ,0.00868596 ,0 
303,7.575 ,0.00888315 ,0 
304,7.6 ,0.00907615 ,0 
305,7.625 ,0.00926495 ,0 
306,7.65 ,0.00944953 ,0 
307,7.675 ,0.0096299 ,0 
308,7.7 ,0.00980604 ,0 
309,7.725 ,0.00997794 ,0 
310,7.75 ,0.0101456 ,0 
311,7.775 ,0.010309 ,0 
312,7.8 ,0.0104682 ,0 
313,7.825 ,0.0106232 ,0 
314,7.85 ,0.0107739 ,0 
315,7.875 ,0.0109204 ,0 
316,7.9 ,0.0110626 ,0 
317,7.925 ,0.0112007 ,0 
318,7.95 ,0.0113346 ,0 
319,7.975 ,0.0114642 ,0 
320,8 ,0.0115897 ,0 
321,8.025 ,0.011711 ,0 
322,8.05 ,0.0118282 ,0 
323,8.075 ,0.0119413 ,0 
324,8.1 ,0.0120503 ,0 
325,8.125 ,0.0121552 ,0 
326,8.15 ,0.012256 ,0 
327,8.175 ,0.0123528 ,0 
328,8.2 ,0.0124455 ,0 
329,8.225 ,0.0125343 ,0 
330,8.25 ,0.0126192 ,0 
331,8.275 ,0.0127001 ,0 
332,8.3 ,0.0127771 ,0 
333,8.325 ,0.0128502 ,0 
334,8.35 ,0.0129195 ,0 
335,8.375 ,0.0129851 ,0 
336,8.4 ,0.0130468 ,0 
337,8.425 ,0.0131048 ,0 
338,8.45 ,0.0131592 ,0 
339,8.475 ,0.0132098 ,0 
340,8.5 ,0.0132569 ,0 
341,8.525 ,0.0133004 ,0 
342,8.55 ,0.0133403 ,0 
343,8.575 ,0.0133767 ,0 
344,8.6 ,0.0134097 ,0 
345,8.625 ,0.0134393 ,0 
346,8.65 ,0.0134655 ,0 
347,8.675 ,0.0134883 ,0 
348,8.7 ,0.0135079 ,0 
349,8.725 ,0.0135243 ,0 
350,8.75 ,0.0135374 ,0 
351,8.775 ,0.0135474 ,0 
352,8.8 ,0.0135543 ,0 
353,8.825 ,0.0135582 ,0 
354,8.85 ,0.013559 ,0 
355,8.875 ,0.0135569 ,0 
356,8.9 ,0.0135519 ,0 
357,8.925 ,0.013544 ,0 
358,8.95 ,0.0135333 ,0 
359,8.975 ,0.0135198 ,0 
360,9 ,0.0135036 ,0 
361,9.025 ,0.0134848 ,0 
362,9.05 ,0.0134633 ,0 
363,9.075 ,0.0134392 ,0 
364,9.1 ,0.0134127 ,0 
365,9.125 ,0.0133836 ,0 
366,9.15 ,0.0133522 ,0 
367,9.175 ,0.0133183 ,0 
368,9.2 ,0.0132822 ,0 
369,9.225 ,0.0132438 ,0 
370,9.25 ,0.0132031 ,0 
371,9.275 ,0.0131603 ,0 
372,9.3 ,0.0131154 ,0 
373,9.325 ,0.0130684 ,0 
374,9.35 ,0.0130194 ,0 
375,9.375 ,0.0129685 ,0 
376,9.4 ,0.0129156 ,0 
377,9.425 ,0.0128608 ,0 
378,9.45 ,0.0128042 ,0 
379,9.475 ,0.0127459 ,0 
380,9.5 ,0.0126858 ,0 
381,9.525 ,0.0126241 ,0 
382,9.55 ,0.0125607 ,0 
383,9.575 ,0.0124957 ,0 
384,9.6 ,0.0124293 ,0 
385,9.625 ,0.0123613 ,0 
386,9.65 ,0.0122919 ,0 
387,9.675 ,0.0122211 ,0 
388,9.7 ,0.012149 ,0 
389,9.725 ,0.0120756 ,0 
390,9.75 ,0.0120009 ,0 
391,9.775 ,0.0119251 ,0 
392,9.8 ,0.0118481 ,0 
393,9.825 ,0.0117699 ,0 
394,9.85 ,0.0116907 ,0 
395,9.875 ,0.0116105 ,0 
396,9.9 ,0.0115293 ,0 
397,9.925 ,0.0114471 ,0 
398,9.95 ,0.0113641 ,0 
399,9.975 ,0.0112802 ,0 
400,10 ,0.0111954 ,0 
401,10.025 ,0.01111 ,0 
402,10.05 ,0.0110237 ,0 
403,10.075 ,0.0109368 ,0 
404,10.1 ,0.0108493 ,0 
405,10.125 ,0.0107611 ,0 
406,10.15 ,0.0106723 ,0 
407,10.175 ,0.010583 ,0 
408,10.2 ,0.0104933 ,0 
409,10.225 ,0.010403 ,0 
410,10.25 ,0.0103123 ,0 
411,10.275 ,0.0102213 ,0 
412,10.3 ,0.0101298 ,0 
413,10.325 ,0.0100381 ,0 
414,10.35 ,0.00994605 ,0 
415,10.375 ,0.00985376 ,0 
416,10.4 ,0.00976125 ,0 
417,10.425 ,0.00966855 ,0 
418,10.45 ,0.00957569 ,0 
419,10.475 ,0.00948271 ,0 
420,10.5 ,0.00938963 ,0 
421,10.525 ,0.00929649 ,0 
422,10.55 ,0.00920331 ,0 
423,10.575 ,0.00911012 ,0 
424,10.6 ,0.00901695 ,0 
425,10.625 ,0.00892383 ,0 
426,10.65 ,0.00883079 ,0 
427,10.675 ,0.00873785 ,0 
428,10.7 ,0.00864504 ,0 
429,10.725 ,0.00855238 ,0 
430,10.75 ,0.0084599 ,0 
431,10.775 ,0.00836762 ,0 
432,10.8 ,0.00827556 ,0 
433,10.825 ,0.00818375 ,0 
434,10.85 ,0.00809222 ,0 
435,10.875 ,0.00800097 ,0 
436,10.9 ,0.00791003 ,0 
437,10.925 ,0.00781942 ,0 
438,10.95 ,0.00772915 ,0 
439,10.975 ,0.00763926 ,0 
440,11 ,0.00754975 ,0 
441,11.025 ,0.00746064 ,0 
442,11.05 ,0.00737195 ,0 
443,11.075 ,0.0072837 ,0 
444,11.1 ,0.00719589 ,0 
445,11.125 ,0.00710855 ,0 
446,11.15 ,0.00702169 ,0 
447,11.175 ,0.00693532 ,0 
448,11.2 ,0.00684945 ,0 
449,11.225 ,0.0067641 ,0 
450,11.25 ,0.00667928 ,0 
451,11.275 ,0.00659501 ,0 
452,11.3 ,0.00651128 ,0 
453,11.325 ,0.00642811 ,0 
454,11.35 ,0.00634552 ,0 
455,11.375 ,0.00626351 ,0 
456,11.4 ,0.00618209 ,0 
457,11.425 ,0.00610127 ,0 
458,11.45 ,0.00602106 ,0 
459,11.475 ,0.00594146 ,0 
460,11.5 ,0.00586248 ,0 
461,11.525 ,0.00578413 ,0 
462,11.55 ,0.00570641 ,0 
463,11.575 ,0.00562934 ,0 
464,11.6 ,0.00555291 ,0 
465,11.625 ,0.00547714 ,0 
466,11.65 ,0.00540202 ,0 
467,11.675 ,0.00532756 ,0 
468,11.7 ,0.00525376 ,0 
469,11.725 ,0.00518064 ,0 
470,11.75 ,0.00510818 ,0 
471,11.775 ,0.0050364 ,0 
472,11.8 ,0.0049653 ,0 
473,11.825 ,0.00489488 ,0 
474,11.85 ,0.00482513 ,0 
475,11.875 ,0.00475608 ,0 
476,11.9 ,0.0046877 ,0 
477,11.925 ,0.00462002 ,0 
478,11.95 ,0.00455302 ,0 
479,11.975 ,0.00448671 ,0 
480,12 ,0.00442108 ,0 
481,12.025 ,0.00435615 ,0 
482,12.05 ,0.0042919 ,0 
483,12.075 ,0.00422834 ,0 
484,12.1 ,0.00416547 ,0 
485,12.125 ,0.00410328 ,0 
486,12.15 ,0.00404178 ,0 
487,12.175 ,0.00398097 ,0 
488,12.2 ,0.00392083 ,0 
489,12.225 ,0.00386138 ,0 
490,12.25 ,0.00380261 ,0 
491,12.275 ,0.00374452 ,0 
492,12.3 ,0.0036871 ,0 
493,12.325 ,0.00363035 ,0 
494,12.35 ,0.00357427 ,0 
495,12.375 ,0.00351886 ,0 
496,12.4 ,0.00346412 ,0 
497,12.425 ,0.00341004 ,0 
498,12.45 ,0.00335661 ,0 
499,12.475 ,0.00330385 ,0 
500,12.5 ,0.00325173 ,0 
501,12.525 ,0.00320027 ,0 
502,12.55 ,0.00314945 ,0 
503,12.575 ,0.00309927 ,0 
504,12.6 ,0.00304972 ,0 
505,12.625 ,0.00300082 ,0 
506,12.65 ,0.00295254 ,0 
507,12.675 ,0.00290489 ,0 
508,12.7 ,0.00285785 ,0 
509,12.725 ,0.00281144 ,0 
510,12.75 ,0.00276564 ,0 
511,12.775 ,0.00272045 ,0 
512,12.8 ,0.00267586 ,0 
513,12.825 ,0.00263187 ,0 
514,12.85 ,0.00258847 ,0 
515,12.875 ,0.00254567 ,0 
516,12.9 ,0.00250345 ,0 
517,12.925 ,0.00246181 ,0 
518,12.95 ,0.00242074 ,0 
519,12.975 ,0.00238025 ,0 
520,13 ,0.00234032 ,0 
521,13.025 ,0.00230095 ,0 
522,13.05 ,0.00226213 ,0 
523,13.075 ,0.00222387 ,0 
524,13.1 ,0.00218615 ,0 
525,13.125 ,0.00214897 ,0 
526,13.15 ,0.00211233 ,0 
527,13.175 ,0.00207622 ,0 
528,13.2 ,0.00204063 ,0 
529,13.225 ,0.00200556 ,0 
530,13.25 ,0.001971 ,0 
531,13.275 ,0.00193695 ,0 
532,13.3 ,0.00190341 ,0 
533,13.325 ,0.00187036 ,0 
534,13.35 ,0.00183781 ,0 
535,13.375 ,0.00180575 ,0 
536,13.4 ,0.00177416 ,0 
537,13.425 ,0.00174306 ,0 
538,13.45 ,0.00171242 ,0 
539,13.475 ,0.00168226 ,0 
540,13.5 ,0.00165255 ,0 
541,13.525 ,0.0016233 ,0 
542,13.55 ,0.0015945 ,0 
543,13.575 ,0.00156615 ,0 
544,13.6 ,0.00153823 ,0 
545,13.625 ,0.00151076 ,0 
546,13.65 ,0.00148371 ,0 
547,13.675 ,0.00145708 ,0 
548,13.7 ,0.00143088 ,0 
549,13.725 ,0.00140509 ,0 
550,13.75 ,0.00137971 ,0 
551,13.775 ,0.00135474 ,0 
552,13.8 ,0.00133016 ,0 
553,13.825 ,0.00130598 ,0 
554,13.85 ,0.00128219 ,0 
555,13.875 ,0.00125878 ,0 
556,13.9 ,0.00123575 ,0 
557,13.925 ,0.0012131 ,0 
558,13.95 ,0.00119081 ,0 
559,13.975 ,0.00116889 ,0 
560,14 ,0.00114733 ,0 
561,14.025 ,0.00112613 ,0 
562,14.05 ,0.00110528 ,0 
563,14.075 ,0.00108477 ,0 
564,14.1 ,0.0010646 ,0 
565,14.125 ,0.00104477 ,0 
566,14.15 ,0.00102527 ,0 
567,14.175 ,0.0010061 ,0 
568,14.2 ,0.000987248 ,0 
569,14.225 ,0.000968716 ,0 
570,14.25 ,0.000950498 ,0 
571,14.275 ,0.000932589 ,0 
572,14.3 ,0.000914985 ,0 
573,14.325 ,0.000897682 ,0 
574,14.35 ,0.000880675 ,0 
575,14.375 ,0.000863959 ,0 
576,14.4 ,0.000847532 ,0 
577,14.425 ,0.000831388 ,0 
578,14.45 ,0.000815523 ,0 
579,14.475 ,0.000799933 ,0 
580,14.5 ,0.000784615 ,0 
581,14.525 ,0.000769564 ,0 
582,14.55 ,0.000754776 ,0 
583,14.575 ,0.000740247 ,0 
584,14.6 ,0.000725973 ,0 
585,14.625 ,0.000711951 ,0 
586,14.65 ,0.000698177 ,0 
587,14.675 ,0.000684647 ,0 
588,14.7 ,0.000671357 ,0 
589,14.725 ,0.000658303 ,0 
590,14.75 ,0.000645482 ,0 
591,14.775 ,0.00063289 ,0 
592,14.8 ,0.000620524 ,0 
593,14.825 ,0.00060838 ,0 
594,14.85 ,0.000596455 ,0 
595,14.875 ,0.000584744 ,0 
596,14.9 ,0.000573246 ,0 
597,14.925 ,0.000561956 ,0 
598,14.95 ,0.000550871 ,0 
599,14.975 ,0.000539988 ,0 
600,15 ,0.000529304 ,0 
601,15.025 ,0.000518815 ,0 
602,15.05 ,0.000508518 ,0 
603,15.075 ,0.000498411 ,0 
604,15.1 ,0.000488489 ,0 
605,15.125 ,0.000478751 ,0 
606,15.15 ,0.000469192 ,0 
607,15.175 ,0.000459811 ,0 
608,15.2 ,0.000450604 ,0 
609,15.225 ,0.000441568 ,0 
610,15.25 ,0.0004327 ,0 
611,15.275 ,0.000423998 ,0 
612,15.3 ,0.000415459 ,0 
613,15.325 ,0.00040708 ,0 
614,15.35 ,0.000398858 ,0 
615,15.375 ,0.000390791 ,0 
616,15.4 ,0.000382876 ,0 
617,15.425 ,0.000375111 ,0 
618,15.45 ,0.000367493 ,0 
619,15.475 ,0.000360019 ,0 
620,15.5 ,0.000352688 ,0 
621,15.525 ,0.000345496 ,0 
622,15.55 ,0.000338441 ,0 
623,15.575 ,0.000331521 ,0 
624,15.6 ,0.000324733 ,0 
625,15.625 ,0.000318076 ,0 
626,15.65 ,0.000311546 ,0 
627,15.675 ,0.000305143 ,0 
628,15.7 ,0.000298862 ,0 
629,15.725 ,0.000292703 ,0 
630,15.75 ,0.000286664 ,0 
631,15.775 ,0.000280741 ,0 
632,15.8 ,0.000274933 ,0 
633,15.825 ,0.000269239 ,0 
634,15.85 ,0.000263655 ,0 
635,15.875 ,0.00025818 ,0 
636,15.9 ,0.000252812 ,0 
637,15.925 ,0.00024755 ,0 
638,15.95 ,0.00024239 ,0 
639,15.975 ,0.000237332 ,0 
640,16 ,0.000232374 ,0 
641,16.025 ,0.000227513 ,0 
642,16.05 ,0.000222748 ,0 
643,16.075 ,0.000218078 ,0 
644,16.1 ,0.0002135 ,0 
645,16.125 ,0.000209013 ,0 
646,16.15 ,0.000204615 ,0 
647,16.175 ,0.000200304 ,0 
648,16.2 ,0.000196079 ,0 
649,16.225 ,0.000191939 ,0 
650,16.25 ,0.000187882 ,0 
651,16.275 ,0.000183905 ,0 
652,16.3 ,0.000180009 ,0 
653,16.325 ,0.00017619 ,0 
654,16.35 ,0.000172449 ,0 
655,16.375 ,0.000168783 ,0 
656,16.4 ,0.00016519 ,0 
657,16.425 ,0.000161671 ,0 
658,16.45 ,0.000158222 ,0 
659,16.475 ,0.000154844 ,0 
660,16.5 ,0.000151534 ,0 
661,16.525 ,0.000148291 ,0 
662,16.55 ,0.000145114 ,0 
663,16.575 ,0.000142002 ,0 
664,16.6 ,0.000138953 ,0 
665,16.625 ,0.000135967 ,0 
666,16.65 ,0.000133042 ,0 
667,16.675 ,0.000130176 ,0 
668,16.7 ,0.00012737 ,0 
669,16.725 ,0.000124621 ,0 
670,16.75 ,0.000121929 ,0 
671,16.775 ,0.000119292 ,0 
672,16.8 ,0.000116709 ,0 
673,16.825 ,0.00011418 ,0 
674,16.85 ,0.000111703 ,0 
675,16.875 ,0.000109278 ,0 
676,16.9 ,0.000106903 ,0 
677,16.925 ,0.000104577 ,0 
678,16.95 ,0.000102299 ,0 
679,16.975 ,0.000100069 ,0 
680,17 ,9.78849e-05 ,0 
681,17.025 ,9.57467e-05 ,0 
682,17.05 ,9.36532e-05 ,0 
683,17.075 ,9.16035e-05 ,0 
684,17.1 ,8.95967e-05 ,0 
685,17.125 ,8.76319e-05 ,0 
686,17.15 ,8.57084e-05 ,0 
687,17.175 ,8.38254e-05 ,0 
688,17.2 ,8.1982e-05 ,0 
689,17.225 ,8.01774e-05 ,0 
690,17.25 ,7.84109e-05 ,0 
691,17.275 ,7.66817e-05 ,0 
692,17.3 ,7.4989e-05 ,0 
693,17.325 ,7.33322e-05 ,0 
694,17.35 ,7.17105e-05 ,0 
695,17.375 ,7.01233e-05 ,0 
696,17.4 ,6.85697e-05 ,0 
697,17.425 ,6.70492e-05 ,0 
698,17.45 ,6.5561e-05 ,0 
699,17.475 ,6.41046e-05 ,0 
700,17.5 ,6.26793e-05 ,0 
701,17.525 ,6.12844e-05 ,0 
702,17.55 ,5.99193e-05 ,0 
703,17.575 ,5.85835e-05 ,0 
704,17.6 ,5.72763e-05 ,0 
705,17.625 ,5.59971e-05 ,0 
706,17.65 ,5.47455e-05 ,0 
707,17.675 ,5.35207e-05 ,0 
708,17.7 ,5.23224e-05 ,0 
709,17.725 ,5.11498e-05 ,0 
710,17.75 ,5.00026e-05 ,0 
711,17.775 ,4.88801e-05 ,0 
712,17.8 ,4.77819e-05 ,0 
713,17.825 ,4.67075e-05 ,0 
714,17.85 ,4.56563e-05 ,0 
715,17.875 ,4.4628e-05 ,0 
716,17.9 ,4.36219e-05 ,0 
717,17.925 ,4.26378e-05 ,0 
718,17.95 ,4.1675e-05 ,0 
719,17.975 ,4.07332e-05 ,0 
720,18 ,3.9812e-05 ,0 
721,18.025 ,3.89108e-05 ,0 
722,18.05 ,3.80294e-05 ,0 
723,18.075 ,3.71672e-05 ,0 
724,18.1 ,3.63239e-05 ,0 
725,18.125 ,3.5499e-05 ,0 
726,18.15 ,3.46923e-05 ,0 
727,18.175 ,3.39032e-05 ,0 
728,18.2 ,3.31315e-05 ,0 
729,18.225 ,3.23768e-05 ,0 
730,18.25 ,3.16387e-05 ,0 
731,18.275 ,3.09168e-05 ,0 
732,18.3 ,3.02109e-05 ,0 
733,18.325 ,2.95206e-05 ,0 
734,18.35 ,2.88455e-05 ,0 
735,18.375 ,2.81854e-05 ,0 
736,18.4 ,2.75398e-05 ,0 
737,18.425 ,2.69086e-05 ,0 
738,18.45 ,2.62914e-05 ,0 
739,18.475 ,2.56879e-05 ,0 
740,18.5 ,2.50978e-05 ,0 
741,18.525 ,2.45208e-05 ,0 
742,18.55 ,2.39567e-05 ,0 
743,18.575 ,2.34051e-05 ,0 
744,18.6 ,2.28658e-05 ,0 
745,18.625 ,2.23386e-05 ,0 
746,18.65 ,2.18232e-05 ,0 
747,18.675 ,2.13193e-05 ,0 
748,18.7 ,2.08267e-05 ,0 
749,18.725 ,2.03451e-05 ,0 
750,18.75 ,1.98743e-05 ,0 
751,18.775 ,1.9414e-05 ,0 
752,18.8 ,1.89641e-05 ,0 
753,18.825 ,1.85244e-05 ,0 
754,18.85 ,1.80945e-05 ,0 
755,18.875 ,1.76743e-05 ,0 
756,18.9 ,1.72636e-05 ,0 
757,18.925 ,1.68621e-05 ,0 
758,18.95 ,1.64697e-05 ,0 
759,18.975 ,1.60862e-05 ,0 
760,19 ,1.57113e-05 ,0 
761,19.025 ,1.53449e-05 ,0 
762,19.05 ,1.49868e-05 ,0 
763,19.075 ,1.46369e-05 ,0 
764,19.1 ,1.42949e-05 ,0 
765,19.125 ,1.39606e-05 ,0 
766,19.15 ,1.3634e-05 ,0 
767,19.175 ,1.33147e-05 ,0 
768,19.2 ,1.30028e-05 ,0 
769,19.225 ,1.26979e-05 ,0 
770,19.25 ,1.24e-05 ,0 
771,19.275 ,1.21089e-05 ,0 
772,19.3 ,1.18245e-05 ,0 
773,19.325 ,1.15465e-05 ,0 
774,19.35 ,1.12749e-05 ,0 
775,19.375 ,1.10095e-05 ,0 
776,19.4 ,1.07502e-05 ,0 
777,19.425 ,1.04969e-05 ,0 
778,19.45 ,1.02493e-05 ,0 
779,19.475 ,1.00075e-05 ,0 
780,19.5 ,9.77118e-06 ,0 
781,19.525 ,9.54031e-06 ,0 
782,19.55 ,9.31475e-06 ,0 
783,19.575 ,9.09439e-06 ,0 
784,19.6 ,8.87911e-06 ,0 
785,19.625 ,8.6688e-06 ,0 
786,19.65 ,8.46333e-06 ,0 
787,19.675 ,8.26262e-06 ,0 
788,19.7 ,8.06654e-06 ,0 
789,19.725 ,7.875e-06 ,0 
790,19.75 ,7.6879e-06 ,0 
791,19.775 ,7.50513e-06 ,0 
792,19.8 ,7.32659e-06 ,0 
793,19.825 ,7.1522e-06 ,0 
794,19.85 ,6.98186e-06 ,0 
795,19.875 ,6.81547e-06 ,0 
796,19.9 ,6.65296e-06 ,0 
797,19.925 ,6.49422e-06 ,0 
798,19.95 ,6.33918e-06 ,0 
799,19.975 ,6.18776e-06 ,0 
800,20 ,6.03986e-06 ,0 
801,20.025 ,5.89542e-06 ,0 
802,20.05 ,5.75434e-06 ,0 
803,20.075 ,5.61657e-06 ,0 
804,20.1 ,5.48201e-06 ,0 
805,20.125 ,5.35061e-06 ,0 
806,20.15 ,5.22228e-06 ,0 
807,20.175 ,5.09696e-06 ,0 
808,20.2 ,4.97457e-06 ,0 
809,20.225 ,4.85506e-06 ,0 
810,20.25 ,4.73835e-06 ,0 
811,20.275 ,4.62439e-06 ,0 
812,20.3 ,4.5131e-06 ,0 
813,20.325 ,4.40444e-06 ,0 
814,20.35 ,4.29833e-06 ,0 
815,20.375 ,4.19472e-06 ,0 
816,20.4 ,4.09355e-06 ,0 
817,20.425 ,3.99477e-06 ,0 
818,20.45 ,3.89832e-06 ,0 
819,20.475 ,3.80415e-06 ,0 
820,20.5 ,3.71221e-06 ,0 
821,20.525 ,3.62244e-06 ,0 
822,20.55 ,3.53479e-06 ,0 
823,20.575 ,3.44922e-06 ,0 
824,20.6 ,3.36568e-06 ,0 
825,20.625 ,3.28411e-06 ,0 
826,20.65 ,3.20449e-06 ,0 
827,20.675 ,3.12675e-06 ,0 
828,20.7 ,3.05086e-06 ,0 
829,20.725 ,2.97678e-06 ,0 
830,20.75 ,2.90446e-06 ,0 
831,20.775 ,2.83385e-06 ,0 
832,20.8 ,2.76494e-06 ,0 
833,20.825 ,2.69766e-06 ,0 
834,20.85 ,2.63199e-06 ,0 
835,20.875 ,2.56788e-06 ,0 
836,20.9 ,2.50531e-06 ,0 
837,20.925 ,2.44423e-06 ,0 
838,20.95 ,2.38461e-06 ,0 
839,20.975 ,2.32642e-06 ,0 
840,21 ,2.26962e-06 ,0 
841,21.025 ,2.21418e-06 ,0 
842,21.05 ,2.16007e-06 ,0 
843,21.075 ,2.10726e-06 ,0 
844,21.1 ,2.05571e-06 ,0 
845,21.125 ,2.00541e-06 ,0 
846,21.15 ,1.95631e-06 ,0 
847,21.175 ,1.90839e-06 ,0 
848,21.2 ,1.86163e-06 ,0 
849,21.225 ,1.81599e-06 ,0 
850,21.25 ,1.77145e-06 ,0 
851,21.275 ,1.72799e-06 ,0 
852,21.3 ,1.68557e-06 ,0 
853,21.325 ,1.64418e-06 ,0 
854,21.35 ,1.60378e-06 ,0 
855,21.375 ,1.56437e-06 ,0 
856,21.4 ,1.5259e-06 ,0 
857,21.425 ,1.48837e-06 ,0 
858,21.45 ,1.45174e-06 ,0 
859,21.475 ,1.416e-06 ,0 
860,21.5 ,1.38113e-06 ,0 
861,21.525 ,1.34711e-06 ,0 
862,21.55 ,1.31391e-06 ,0 
863,21.575 ,1.28152e-06 ,0 
864,21.6 ,1.24991e-06 ,0 
865,21.625 ,1.21907e-06 ,0 
866,21.65 ,1.18899e-06 ,0 
867,21.675 ,1.15963e-06 ,0 
868,21.7 ,1.13099e-06 ,0 
869,21.725 ,1.10305e-06 ,0 
870,21.75 ,1.07579e-06 ,0 
871,21.775 ,1.0492e-06 ,0 
872,21.8 ,1.02326e-06 ,0 
873,21.825 ,9.97949e-07 ,0 
874,21.85 ,9.7326e-07 ,0 
875,21.875 ,9.49175e-07 ,0 
876,21.9 ,9.25679e-07 ,0 
877,21.925 ,9.0276e-07 ,0 
878,21.95 ,8.80404e-07 ,0 
879,21.975 ,8.58596e-07 ,0 
880,22 ,8.37324e-07 ,0 
881,22.025 ,8.16575e-07 ,0 
882,22.05 ,7.96337e-07 ,0 
883,22.075 ,7.76597e-07 ,0 
884,22.1 ,7.57344e-07 ,0 
885,22.125 ,7.38566e-07 ,0 
886,22.15 ,7.20251e-07 ,0 
887,22.175 ,7.02388e-07 ,0 
888,22.2 ,6.84968e-07 ,0 
889,22.225 ,6.67978e-07 ,0 
890,22.25 ,6.51409e-07 ,0 
891,22.275 ,6.35251e-07 ,0 
892,22.3 ,6.19494e-07 ,0 
893,22.325 ,6.04128e-07 ,0 
894,22.35 ,5.89144e-07 ,0 
895,22.375 ,5.74533e-07 ,0 
896,22.4 ,5.60286e-07 ,0 
897,22.425 ,5.46393e-07 ,0 
898,22.45 ,5.32848e-07 ,0 
899,22.475 ,5.19641e-07 ,0 
900,22.5 ,5.06764e-07 ,0 
901,22.525 ,4.94209e-07 ,0 
902,22.55 ,4.81969e-07 ,0 
903,22.575 ,4.70036e-07 ,0 
904,22.6 ,4.58403e-07 ,0 
905,22.625 ,4.47062e-07 ,0 
906,22.65 ,4.36007e-07 ,0 
907,22.675 ,4.25231e-07 ,0 
908,22.7 ,4.14726e-07 ,0 
909,22.725 ,4.04487e-07 ,0 
910,22.75 ,3.94508e-07 ,0 
911,22.775 ,3.84781e-07 ,0 
912,22.8 ,3.75302e-07 ,0 
913,22.825 ,3.66063e-07 ,0 
914,22.85 ,3.5706e-07 ,0 
915,22.875 ,3.48286e-07 ,0 
916,22.9 ,3.39737e-07 ,0 
917,22.925 ,3.31406e-07 ,0 
918,22.95 ,3.23289e-07 ,0 
919,22.975 ,3.15381e-07 ,0 
920,23 ,3.07676e-07 ,0 
921,23.025 ,3.00171e-07 ,0 
922,23.05 ,2.92859e-07 ,0 
923,23.075 ,2.85736e-07 ,0 
924,23.1 ,2.78799e-07 ,0 
925,23.125 ,2.72043e-07 ,0 
926,23.15 ,2.65462e-07 ,0 
927,23.175 ,2.59054e-07 ,0 
928,23.2 ,2.52814e-07 ,0 
929,23.225 ,2.46739e-07 ,0 
930,23.25 ,2.40823e-07 ,0 
931,23.275 ,2.35065e-07 ,0 
932,23.3 ,2.29459e-07 ,0 
933,23.325 ,2.24002e-07 ,0 
934,23.35 ,2.18692e-07 ,0 
935,23.375 ,2.13524e-07 ,0 
936,23.4 ,2.08496e-07 ,0 
937,23.425 ,2.03603e-07 ,0 
938,23.45 ,1.98843e-07 ,0 
939,23.475 ,1.94214e-07 ,0 
940,23.5 ,1.89711e-07 ,0 
941,23.525 ,1.85332e-07 ,0 
942,23.55 ,1.81074e-07 ,0 
943,23.575 ,1.76935e-07 ,0 
944,23.6 ,1.72912e-07 ,0 
945,23.625 ,1.69002e-07 ,0 
946,23.65 ,1.65202e-07 ,0 
947,23.675 ,1.61511e-07 ,0 
948,23.7 ,1.57926e-07 ,0 
949,23.725 ,1.54444e-07 ,0 
950,23.75 ,1.51064e-07 ,0 
951,23.775 ,1.47782e-07 ,0 
952,23.8 ,1.44598e-07 ,0 
953,23.825 ,1.41508e-07 ,0 
954,23.85 ,1.38512e-07 ,0 
955,23.875 ,1.35606e-07 ,0 
956,23.9 ,1.32789e-07 ,0 
957,23.925 ,1.3006e-07 ,0 
958,23.95 ,1.27416e-07 ,0 
959,23.975 ,1.24855e-07 ,0 
960,24 ,1.22377e-07 ,0 
961,24.025 ,1.19979e-07 ,0 
962,24.05 ,1.17659e-07 ,0 
963,24.075 ,1.15417e-07 ,0 
964,24.1 ,1.13251e-07 ,0 
965,24.125 ,1.11159e-07 ,0 
966,24.15 ,1.0914e-07 ,0 
967,24.175 ,1.07192e-07 ,0 
968,24.2 ,1.05315e-07 ,0 
969,24.225 ,1.03506e-07 ,0 
970,24.25 ,1.01766e-07 ,0 
971,24.275 ,1.00092e-07 ,0 
972,24.3 ,9.8484e-08 ,0 
973,24.325 ,9.69402e-08 ,0 
974,24.35 ,9.54598e-08 ,0 
975,24.375 ,9.40418e-08 ,0 
976,24.4 ,9.26852e-08 ,0 
977,24.425 ,9.13892e-08 ,0 
978,24.45 ,9.01527e-08 ,0 
979,24.475 ,8.89751e-08 ,0 
980,24.5 ,8.78554e-08 ,0 
981,24.525 ,8.67929e-08 ,0 
982,24.55 ,8.57869e-08 ,0 
983,24.575 ,8.48367e-08 ,0 
984,24.6 ,8.39415e-08 ,0 
985,24.625 ,8.31008e-08 ,0 
986,24.65 ,8.23139e-08 ,0 
987,24.675 ,8.15803e-08 ,0 
988,24.7 ,8.08995e-08 ,0 
989,24.725 ,8.0271e-08 ,0 
990,24.75 ,7.96943e-08 ,0 
991,24.775 ,7.9169e-08 ,0 
992,24.8 ,7.86947e-08 ,0 
993,24.825 ,7.8271e-08 ,0 
994,24.85 ,7.78976e-08 ,0 
995,24.875 ,7.75742e-08 ,0 
996,24.9 ,7.73005e-08 ,0 
997,24.925 ,7.70763e-08 ,0 
998,24.95 ,7.69014e-08 ,0 
999,24.975 ,7.67757e-08 ,0 
1000,25 ,7.66989e-08 ,0 