N_e = 2
1,0.025 ,1.14114e-05 ,0 
2,0.05 ,1.14114e-05 ,0 
3,0.075 ,2.4159e-05 ,0 
4,0.1 ,4.26314e-05 ,0 
5,0.125 ,6.64836e-05 ,0 
6,0.15 ,9.56433e-05 ,0 
7,0.175 ,0.000130078 ,0 
8,0.2 ,0.000169762 ,0 
9,0.225 ,0.000214669 ,0 
10,0.25 ,0.000264772 ,0 
11,0.275 ,0.000320042 ,0 
12,0.3 ,0.000380445 ,0 
13,0.325 ,0.000445946 ,0 
14,0.35 ,0.000516505 ,0 
15,0.375 ,0.000592083 ,0 
16,0.4 ,0.000672634 ,0 
17,0.425 ,0.00075811 ,0 
18,0.45 ,0.000848463 ,0 
19,0.475 ,0.000943637 ,0 
20,0.5 ,0.00104358 ,0 
21,0.525 ,0.00114823 ,0 
22,0.55 ,0.00125753 ,0 
23,0.575 ,0.0013714 ,0 
24,0.6 ,0.0014898 ,0 
25,0.625 ,0.00161264 ,0 
26,0.65 ,0.00173986 ,0 
27,0.675 ,0.00187137 ,0 
28,0.7 ,0.00200711 ,0 
29,0.725 ,0.00214699 ,0 
30,0.75 ,0.00229094 ,0 
31,0.775 ,0.00243886 ,0 
32,0.8 ,0.00259067 ,0 
33,0.825 ,0.00274629 ,0 
34,0.85 ,0.00290562 ,0 
35,0.875 ,0.00306856 ,0 
36,0.9 ,0.00323503 ,0 
37,0.925 ,0.00340492 ,0 
38,0.95 ,0.00357814 ,0 
39,0.975 ,0.00375459 ,0 
40,1 ,0.00393416 ,0 
41,1.025 ,0.00411675 ,0 
42,1.05 ,0.00430225 ,0 
43,1.075 ,0.00449056 ,0 
44,1.1 ,0.00468156 ,0 
45,1.125 ,0.00487515 ,0 
46,1.15 ,0.0050712 ,0 
47,1.175 ,0.00526962 ,0 
48,1.2 ,0.00547028 ,0 
49,1.225 ,0.00567306 ,0 
50,1.25 ,0.00587785 ,0 
51,1.275 ,0.00608454 ,0 
52,1.3 ,0.00629299 ,0 
53,1.325 ,0.00650309 ,0 
54,1.35 ,0.00671473 ,0 
55,1.375 ,0.00692777 ,0 
56,1.4 ,0.00714209 ,0 
57,1.425 ,0.00735757 ,0 
58,1.45 ,0.00757409 ,0 
59,1.475 ,0.00779152 ,0 
60,1.5 ,0.00800974 ,0 
61,1.525 ,0.00822861 ,0 
62,1.55 ,0.00844802 ,0 
63,1.575 ,0.00866784 ,0 
64,1.6 ,0.00888795 ,0 
65,1.625 ,0.00910821 ,0 
66,1.65 ,0.00932849 ,0 
67,1.675 ,0.00954869 ,0 
68,1.7 ,0.00976866 ,0 
69,1.725 ,0.00998828 ,0 
70,1.75 ,0.0102074 ,0 
71,1.775 ,0.010426 ,0 
72,1.8 ,0.0106438 ,0 
73,1.825 ,0.0108608 ,0 
74,1.85 ,0.0110768 ,0 
75,1.875 ,0.0112917 ,0 
76,1.9 ,0.0115054 ,0 
77,1.925 ,0.0117178 ,0 
78,1.95 ,0.0119287 ,0 
79,1.975 ,0.0121381 ,0 
80,2 ,0.0123457 ,0 
81,2.025 ,0.0125515 ,0 
82,2.05 ,0.0127554 ,0 
83,2.075 ,0.0129573 ,0 
84,2.1 ,0.013157 ,0 
85,2.125 ,0.0133544 ,0 
86,2.15 ,0.0135495 ,0 
87,2.175 ,0.013742 ,0 
88,2.2 ,0.013932 ,0 
89,2.225 ,0.0141192 ,0 
90,2.25 ,0.0143037 ,0 
91,2.275 ,0.0144852 ,0 
92,2.3 ,0.0146637 ,0 
93,2.325 ,0.0148391 ,0 
94,2.35 ,0.0150113 ,0 
95,2.375 ,0.0151802 ,0 
96,2.4 ,0.0153457 ,0 
97,2.425 ,0.0155077 ,0 
98,2.45 ,0.015666 ,0 
99,2.475 ,0.0158208 ,0 
100,2.5 ,0.0159717 ,0 
101,2.525 ,0.0161188 ,0 
102,2.55 ,0.016262 ,0 
103,2.575 ,0.0164012 ,0 
104,2.6 ,0.0165363 ,0 
105,2.625 ,0.0166673 ,0 
106,2.65 ,0.016794 ,0 
107,2.675 ,0.0169164 ,0 
108,2.7 ,0.0170345 ,0 
109,2.725 ,0.0171481 ,0 
110,2.75 ,0.0172572 ,0 
111,2.775 ,0.0173618 ,0 
112,2.8 ,0.0174617 ,0 
113,2.825 ,0.017557 ,0 
114,2.85 ,0.0176476 ,0 
115,2.875 ,0.0177334 ,0 
116,2.9 ,0.0178143 ,0 
117,2.925 ,0.0178905 ,0 
118,2.95 ,0.0179617 ,0 
119,2.975 ,0.0180279 ,0 
120,3 ,0.0180892 ,0 
121,3.025 ,0.0181455 ,0 
122,3.05 ,0.0181967 ,0 
123,3.075 ,0.0182428 ,0 
124,3.1 ,0.0182838 ,0 
125,3.125 ,0.0183198 ,0 
126,3.15 ,0.0183505 ,0 
127,3.175 ,0.0183761 ,0 
128,3.2 ,0.0183965 ,0 
129,3.225 ,0.0184117 ,0 
130,3.25 ,0.0184217 ,0 
131,3.275 ,0.0184265 ,0 
132,3.3 ,0.0184261 ,0 
133,3.325 ,0.0184205 ,0 
134,3.35 ,0.0184096 ,0 
135,3.375 ,0.0183935 ,0 
136,3.4 ,0.0183722 ,0 
137,3.425 ,0.0183457 ,0 
138,3.45 ,0.0183141 ,0 
139,3.475 ,0.0182772 ,0 
140,3.5 ,0.0182352 ,0 
141,3.525 ,0.018188 ,0 
142,3.55 ,0.0181357 ,0 
143,3.575 ,0.0180783 ,0 
144,3.6 ,0.0180159 ,0 
145,3.625 ,0.0179484 ,0 
146,3.65 ,0.0178759 ,0 
147,3.675 ,0.0177984 ,0 
148,3.7 ,0.0177159 ,0 
149,3.725 ,0.0176286 ,0 
150,3.75 ,0.0175363 ,0 
151,3.775 ,0.0174393 ,0 
152,3.8 ,0.0173375 ,0 
153,3.825 ,0.0172309 ,0 
154,3.85 ,0.0171197 ,0 
155,3.875 ,0.0170038 ,0 
156,3.9 ,0.0168833 ,0 
157,3.925 ,0.0167583 ,0 
158,3.95 ,0.0166289 ,0 
159,3.975 ,0.016495 ,0 
160,4 ,0.0163568 ,0 
161,4.025 ,0.0162143 ,0 
162,4.05 ,0.0160675 ,0 
163,4.075 ,0.0159166 ,0 
164,4.1 ,0.0157616 ,0 
165,4.125 ,0.0156026 ,0 
166,4.15 ,0.0154397 ,0 
167,4.175 ,0.0152729 ,0 
168,4.2 ,0.0151022 ,0 
169,4.225 ,0.0149279 ,0 
170,4.25 ,0.0147499 ,0 
171,4.275 ,0.0145683 ,0 
172,4.3 ,0.0143832 ,0 
173,4.325 ,0.0141947 ,0 
174,4.35 ,0.0140029 ,0 
175,4.375 ,0.0138078 ,0 
176,4.4 ,0.0136096 ,0 
177,4.425 ,0.0134083 ,0 
178,4.45 ,0.013204 ,0 
179,4.475 ,0.0129968 ,0 
180,4.5 ,0.0127868 ,0 
181,4.525 ,0.0125741 ,0 
182,4.55 ,0.0123587 ,0 
183,4.575 ,0.0121408 ,0 
184,4.6 ,0.0119205 ,0 
185,4.625 ,0.0116978 ,0 
186,4.65 ,0.0114728 ,0 
187,4.675 ,0.0112456 ,0 
188,4.7 ,0.0110164 ,0 
189,4.725 ,0.0107851 ,0 
190,4.75 ,0.010552 ,0 
191,4.775 ,0.0103171 ,0 
192,4.8 ,0.0100805 ,0 
193,4.825 ,0.00984224 ,0 
194,4.85 ,0.0096025 ,0 
195,4.875 ,0.00936134 ,0 
196,4.9 ,0.00911886 ,0 
197,4.925 ,0.00887516 ,0 
198,4.95 ,0.00863032 ,0 
199,4.975 ,0.00838445 ,0 
200,5 ,0.00813764 ,0 
201,5.025 ,0.00788999 ,0 
202,5.05 ,0.00764159 ,0 
203,5.075 ,0.00739254 ,0 
204,5.1 ,0.00714293 ,0 
205,5.125 ,0.00689285 ,0 
206,5.15 ,0.0066424 ,0 
207,5.175 ,0.00639167 ,0 
208,5.2 ,0.00614075 ,0 
209,5.225 ,0.00588974 ,0 
210,5.25 ,0.00563873 ,0 
211,5.275 ,0.0053878 ,0 
212,5.3 ,0.00513706 ,0 
213,5.325 ,0.00488658 ,0 
214,5.35 ,0.00463646 ,0 
215,5.375 ,0.00438678 ,0 
216,5.4 ,0.00413764 ,0 
217,5.425 ,0.00388911 ,0 
218,5.45 ,0.00364129 ,0 
219,5.475 ,0.00339425 ,0 
220,5.5 ,0.00314809 ,0 
221,5.525 ,0.00290288 ,0 
222,5.55 ,0.00265871 ,0 
223,5.575 ,0.00241565 ,0 
224,5.6 ,0.00217378 ,0 
225,5.625 ,0.00193319 ,0 
226,5.65 ,0.00169395 ,0 
227,5.675 ,0.00145614 ,0 
228,5.7 ,0.00121982 ,0 
229,5.725 ,0.000985084 ,0 
230,5.75 ,0.000751989 ,0 
231,5.775 ,0.000520611 ,0 
232,5.8 ,0.000291019 ,0 
233,5.825 ,6.32822e-05 ,0 
234,5.85 ,-0.000162534 ,0 
235,5.875 ,-0.000386363 ,0 
236,5.9 ,-0.000608142 ,0 
237,5.925 ,-0.000827808 ,0 
238,5.95 ,-0.0010453 ,0 
239,5.975 ,-0.00126056 ,0 
240,6 ,-0.00147352 ,0 
241,6.025 ,-0.00168413 ,0 
242,6.05 ,-0.00189234 ,0 
243,6.075 ,-0.0020981 ,0 
244,6.1 ,-0.00230134 ,0 
245,6.125 ,-0.00250201 ,0 
246,6.15 ,-0.00270008 ,0 
247,6.175 ,-0.00289549 ,0 
248,6.2 ,-0.0030882 ,0 
249,6.225 ,-0.00327815 ,0 
250,6.25 ,-0.00346531 ,0 
251,6.275 ,-0.00364964 ,0 
252,6.3 ,-0.00383109 ,0 
253,6.325 ,-0.00400963 ,0 
254,6.35 ,-0.00418523 ,0 
255,6.375 ,-0.00435783 ,0 
256,6.4 ,-0.00452742 ,0 
257,6.425 ,-0.00469396 ,0 
258,6.45 ,-0.00485742 ,0 
259,6.475 ,-0.00501776 ,0 
260,6.5 ,-0.00517497 ,0 
261,6.525 ,-0.00532902 ,0 
262,6.55 ,-0.00547988 ,0 
263,6.575 ,-0.00562753 ,0 
264,6.6 ,-0.00577195 ,0 
265,6.625 ,-0.00591311 ,0 
266,6.65 ,-0.00605101 ,0 
267,6.675 ,-0.00618562 ,0 
268,6.7 ,-0.00631693 ,0 
269,6.725 ,-0.00644493 ,0 
270,6.75 ,-0.0065696 ,0 
271,6.775 ,-0.00669093 ,0 
272,6.8 ,-0.00680892 ,0 
273,6.825 ,-0.00692355 ,0 
274,6.85 ,-0.00703482 ,0 
275,6.875 ,-0.00714273 ,0 
276,6.9 ,-0.00724726 ,0 
277,6.925 ,-0.00734843 ,0 
278,6.95 ,-0.00744622 ,0 
279,6.975 ,-0.00754065 ,0 
280,7 ,-0.0076317 ,0 
281,7.025 ,-0.00771939 ,0 
282,7.05 ,-0.00780372 ,0 
283,7.075 ,-0.00788469 ,0 
284,7.1 ,-0.00796231 ,0 
285,7.125 ,-0.00803659 ,0 
286,7.15 ,-0.00810755 ,0 
287,7.175 ,-0.00817518 ,0 
288,7.2 ,-0.00823951 ,0 
289,7.225 ,-0.00830054 ,0 
290,7.25 ,-0.00835829 ,0 
291,7.275 ,-0.00841278 ,0 
292,7.3 ,-0.00846403 ,0 
293,7.325 ,-0.00851204 ,0 
294,7.35 ,-0.00855684 ,0 
295,7.375 ,-0.00859844 ,0 
296,7.4 ,-0.00863688 ,0 
297,7.425 ,-0.00867217 ,0 
298,7.45 ,-0.00870433 ,0 
299,7.475 ,-0.00873339 ,0 
300,7.5 ,-0.00875937 ,0 
301,7.525 ,-0.0087823 ,0 
302,7.55 ,-0.0088022 ,0 
303,7.575 ,-0.0088191 ,0 
304,7.6 ,-0.00883303 ,0 
305,7.625 ,-0.00884402 ,0 
306,7.65 ,-0.00885209 ,0 
307,7.675 ,-0.00885728 ,0 
308,7.7 ,-0.00885962 ,0 
309,7.725 ,-0.00885913 ,0 
310,7.75 ,-0.00885586 ,0 
311,7.775 ,-0.00884984 ,0 
312,7.8 ,-0.00884109 ,0 
313,7.825 ,-0.00882965 ,0 
314,7.85 ,-0.00881556 ,0 
315,7.875 ,-0.00879885 ,0 
316,7.9 ,-0.00877956 ,0 
317,7.925 ,-0.00875773 ,0 
318,7.95 ,-0.00873338 ,0 
319,7.975 ,-0.00870656 ,0 
320,8 ,-0.00867731 ,0 
321,8.025 ,-0.00864566 ,0 
322,8.05 ,-0.00861164 ,0 
323,8.075 ,-0.0085753 ,0 
324,8.1 ,-0.00853668 ,0 
325,8.125 ,-0.0084958 ,0 
326,8.15 ,-0.00845272 ,0 
327,8.175 ,-0.00840746 ,0 
328,8.2 ,-0.00836007 ,0 
329,8.225 ,-0.00831059 ,0 
330,8.25 ,-0.00825904 ,0 
331,8.275 ,-0.00820548 ,0 
332,8.3 ,-0.00814994 ,0 
333,8.325 ,-0.00809246 ,0 
334,8.35 ,-0.00803307 ,0 
335,8.375 ,-0.00797182 ,0 
336,8.4 ,-0.00790875 ,0 
337,8.425 ,-0.00784389 ,0 
338,8.45 ,-0.00777728 ,0 
339,8.475 ,-0.00770895 ,0 
340,8.5 ,-0.00763896 ,0 
341,8.525 ,-0.00756734 ,0 
342,8.55 ,-0.00749412 ,0 
343,8.575 ,-0.00741934 ,0 
344,8.6 ,-0.00734304 ,0 
345,8.625 ,-0.00726527 ,0 
346,8.65 ,-0.00718605 ,0 
347,8.675 ,-0.00710542 ,0 
348,8.7 ,-0.00702343 ,0 
349,8.725 ,-0.0069401 ,0 
350,8.75 ,-0.00685548 ,0 
351,8.775 ,-0.0067696 ,0 
352,8.8 ,-0.00668251 ,0 
353,8.825 ,-0.00659422 ,0 
354,8.85 ,-0.00650479 ,0 
355,8.875 ,-0.00641425 ,0 
356,8.9 ,-0.00632263 ,0 
357,8.925 ,-0.00622998 ,0 
358,8.95 ,-0.00613631 ,0 
359,8.975 ,-0.00604168 ,0 
360,9 ,-0.00594611 ,0 
361,9.025 ,-0.00584964 ,0 
362,9.05 ,-0.0057523 ,0 
363,9.075 ,-0.00565413 ,0 
364,9.1 ,-0.00555516 ,0 
365,9.125 ,-0.00545542 ,0 
366,9.15 ,-0.00535495 ,0 
367,9.175 ,-0.00525378 ,0 
368,9.2 ,-0.00515195 ,0 
369,9.225 ,-0.00504947 ,0 
370,9.25 ,-0.0049464 ,0 
371,9.275 ,-0.00484275 ,0 
372,9.3 ,-0.00473855 ,0 
373,9.325 ,-0.00463385 ,0 
374,9.35 ,-0.00452867 ,0 
375,9.375 ,-0.00442304 ,0 
376,9.4 ,-0.00431698 ,0 
377,9.425 ,-0.00421054 ,0 
378,9.45 ,-0.00410374 ,0 
379,9.475 ,-0.0039966 ,0 
380,9.5 ,-0.00388915 ,0 
381,9.525 ,-0.00378143 ,0 
382,9.55 ,-0.00367346 ,0 
383,9.575 ,-0.00356527 ,0 
384,9.6 ,-0.00345688 ,0 
385,9.625 ,-0.00334833 ,0 
386,9.65 ,-0.00323963 ,0 
387,9.675 ,-0.00313082 ,0 
388,9.7 ,-0.00302191 ,0 
389,9.725 ,-0.00291294 ,0 
390,9.75 ,-0.00280393 ,0 
391,9.775 ,-0.0026949 ,0 
392,9.8 ,-0.00258588 ,0 
393,9.825 ,-0.00247689 ,0 
394,9.85 ,-0.00236795 ,0 
395,9.875 ,-0.00225909 ,0 
396,9.9 ,-0.00215033 ,0 
397,9.925 ,-0.0020417 ,0 
398,9.95 ,-0.0019332 ,0 
399,9.975 ,-0.00182487 ,0 
400,10 ,-0.00171672 ,0 
401,10.025 ,-0.00160879 ,0 
402,10.05 ,-0.00150107 ,0 
403,10.075 ,-0.00139361 ,0 
404,10.1 ,-0.00128641 ,0 
405,10.125 ,-0.00117949 ,0 
406,10.15 ,-0.00107288 ,0 
407,10.175 ,-0.000966594 ,0 
408,10.2 ,-0.000860647 ,0 
409,10.225 ,-0.000755057 ,0 
410,10.25 ,-0.000649843 ,0 
411,10.275 ,-0.000545022 ,0 
412,10.3 ,-0.00044061 ,0 
413,10.325 ,-0.000336624 ,0 
414,10.35 ,-0.000233079 ,0 
415,10.375 ,-0.000129991 ,0 
416,10.4 ,-2.73758e-05 ,0 
417,10.425 ,7.47523e-05 ,0 
418,10.45 ,0.000176378 ,0 
419,10.475 ,0.000277489 ,0 
420,10.5 ,0.000378069 ,0 
421,10.525 ,0.000478106 ,0 
422,10.55 ,0.000577586 ,0 
423,10.575 ,0.000676496 ,0 
424,10.6 ,0.000774824 ,0 
425,10.625 ,0.000872558 ,0 
426,10.65 ,0.000969686 ,0 
427,10.675 ,0.0010662 ,0 
428,10.7 ,0.00116208 ,0 
429,10.725 ,0.00125732 ,0 
430,10.75 ,0.00135191 ,0 
431,10.775 ,0.00144584 ,0 
432,10.8 ,0.00153909 ,0 
433,10.825 ,0.00163167 ,0 
434,10.85 ,0.00172356 ,0 
435,10.875 ,0.00181475 ,0 
436,10.9 ,0.00190523 ,0 
437,10.925 ,0.00199499 ,0 
438,10.95 ,0.00208403 ,0 
439,10.975 ,0.00217233 ,0 
440,11 ,0.0022599 ,0 
441,11.025 ,0.00234671 ,0 
442,11.05 ,0.00243278 ,0 
443,11.075 ,0.00251808 ,0 
444,11.1 ,0.00260261 ,0 
445,11.125 ,0.00268637 ,0 
446,11.15 ,0.00276934 ,0 
447,11.175 ,0.00285153 ,0 
448,11.2 ,0.00293293 ,0 
449,11.225 ,0.00301353 ,0 
450,11.25 ,0.00309333 ,0 
451,11.275 ,0.00317232 ,0 
452,11.3 ,0.0032505 ,0 
453,11.325 ,0.00332787 ,0 
454,11.35 ,0.00340441 ,0 
455,11.375 ,0.00348013 ,0 
456,11.4 ,0.00355503 ,0 
457,11.425 ,0.00362909 ,0 
458,11.45 ,0.00370232 ,0 
459,11.475 ,0.00377471 ,0 
460,11.5 ,0.00384627 ,0 
461,11.525 ,0.00391698 ,0 
462,11.55 ,0.00398685 ,0 
463,11.575 ,0.00405587 ,0 
464,11.6 ,0.00412404 ,0 
465,11.625 ,0.00419137 ,0 
466,11.65 ,0.00425784 ,0 
467,11.675 ,0.00432346 ,0 
468,11.7 ,0.00438823 ,0 
469,11.725 ,0.00445215 ,0 
470,11.75 ,0.0045152 ,0 
471,11.775 ,0.00457741 ,0 
472,11.8 ,0.00463876 ,0 
473,11.825 ,0.00469925 ,0 
474,11.85 ,0.00475889 ,0 
475,11.875 ,0.00481767 ,0 
476,11.9 ,0.0048756 ,0 
477,11.925 ,0.00493267 ,0 
478,11.95 ,0.00498889 ,0 
479,11.975 ,0.00504426 ,0 
480,12 ,0.00509878 ,0 
481,12.025 ,0.00515244 ,0 
482,12.05 ,0.00520526 ,0 
483,12.075 ,0.00525722 ,0 
484,12.1 ,0.00530834 ,0 
485,12.125 ,0.00535862 ,0 
486,12.15 ,0.00540806 ,0 
487,12.175 ,0.00545665 ,0 
488,12.2 ,0.00550441 ,0 
489,12.225 ,0.00555132 ,0 
490,12.25 ,0.00559741 ,0 
491,12.275 ,0.00564266 ,0 
492,12.3 ,0.00568709 ,0 
493,12.325 ,0.00573069 ,0 
494,12.35 ,0.00577347 ,0 
495,12.375 ,0.00581543 ,0 
496,12.4 ,0.00585657 ,0 
497,12.425 ,0.0058969 ,0 
498,12.45 ,0.00593641 ,0 
499,12.475 ,0.00597513 ,0 
500,12.5 ,0.00601303 ,0 
501,12.525 ,0.00605014 ,0 
502,12.55 ,0.00608646 ,0 
503,12.575 ,0.00612198 ,0 
504,12.6 ,0.00615671 ,0 
505,12.625 ,0.00619066 ,0 
506,12.65 ,0.00622383 ,0 
507,12.675 ,0.00625622 ,0 
508,12.7 ,0.00628785 ,0 
509,12.725 ,0.0063187 ,0 
510,12.75 ,0.00634879 ,0 
511,12.775 ,0.00637813 ,0 
512,12.8 ,0.00640671 ,0 
513,12.825 ,0.00643454 ,0 
514,12.85 ,0.00646162 ,0 
515,12.875 ,0.00648797 ,0 
516,12.9 ,0.00651358 ,0 
517,12.925 ,0.00653846 ,0 
518,12.95 ,0.00656262 ,0 
519,12.975 ,0.00658605 ,0 
520,13 ,0.00660878 ,0 
521,13.025 ,0.00663079 ,0 
522,13.05 ,0.00665209 ,0 
523,13.075 ,0.0066727 ,0 
524,13.1 ,0.00669261 ,0 
525,13.125 ,0.00671183 ,0 
526,13.15 ,0.00673037 ,0 
527,13.175 ,0.00674823 ,0 
528,13.2 ,0.00676542 ,0 
529,13.225 ,0.00678194 ,0 
530,13.25 ,0.00679779 ,0 
531,13.275 ,0.00681299 ,0 
532,13.3 ,0.00682754 ,0 
533,13.325 ,0.00684144 ,0 
534,13.35 ,0.00685471 ,0 
535,13.375 ,0.00686733 ,0 
536,13.4 ,0.00687933 ,0 
537,13.425 ,0.00689071 ,0 
538,13.45 ,0.00690147 ,0 
539,13.475 ,0.00691161 ,0 
540,13.5 ,0.00692116 ,0 
541,13.525 ,0.0069301 ,0 
542,13.55 ,0.00693844 ,0 
543,13.575 ,0.0069462 ,0 
544,13.6 ,0.00695337 ,0 
545,13.625 ,0.00695997 ,0 
546,13.65 ,0.00696599 ,0 
547,13.675 ,0.00697145 ,0 
548,13.7 ,0.00697635 ,0 
549,13.725 ,0.0069807 ,0 
550,13.75 ,0.0069845 ,0 
551,13.775 ,0.00698775 ,0 
552,13.8 ,0.00699047 ,0 
553,13.825 ,0.00699266 ,0 
554,13.85 ,0.00699432 ,0 
555,13.875 ,0.00699547 ,0 
556,13.9 ,0.0069961 ,0 
557,13.925 ,0.00699622 ,0 
558,13.95 ,0.00699585 ,0 
559,13.975 ,0.00699497 ,0 
560,14 ,0.00699361 ,0 
561,14.025 ,0.00699176 ,0 
562,14.05 ,0.00698944 ,0 
563,14.075 ,0.00698664 ,0 
564,14.1 ,0.00698338 ,0 
565,14.125 ,0.00697966 ,0 
566,14.15 ,0.00697548 ,0 
567,14.175 ,0.00697085 ,0 
568,14.2 ,0.00696578 ,0 
569,14.225 ,0.00696027 ,0 
570,14.25 ,0.00695433 ,0 
571,14.275 ,0.00694796 ,0 
572,14.3 ,0.00694117 ,0 
573,14.325 ,0.00693397 ,0 
574,14.35 ,0.00692636 ,0 
575,14.375 ,0.00691834 ,0 
576,14.4 ,0.00690992 ,0 
577,14.425 ,0.00690112 ,0 
578,14.45 ,0.00689192 ,0 
579,14.475 ,0.00688235 ,0 
580,14.5 ,0.00687239 ,0 
581,14.525 ,0.00686207 ,0 
582,14.55 ,0.00685139 ,0 
583,14.575 ,0.00684034 ,0 
584,14.6 ,0.00682894 ,0 
585,14.625 ,0.00681719 ,0 
586,14.65 ,0.00680509 ,0 
587,14.675 ,0.00679266 ,0 
588,14.7 ,0.0067799 ,0 
589,14.725 ,0.00676681 ,0 
590,14.75 ,0.00675339 ,0 
591,14.775 ,0.00673966 ,0 
592,14.8 ,0.00672562 ,0 
593,14.825 ,0.00671127 ,0 
594,14.85 ,0.00669662 ,0 
595,14.875 ,0.00668167 ,0 
596,14.9 ,0.00666644 ,0 
597,14.925 ,0.00665091 ,0 
598,14.95 ,0.00663511 ,0 
599,14.975 ,0.00661902 ,0 
600,15 ,0.00660267 ,0 
601,15.025 ,0.00658605 ,0 
602,15.05 ,0.00656917 ,0 
603,15.075 ,0.00655203 ,0 
604,15.1 ,0.00653464 ,0 
605,15.125 ,0.00651701 ,0 
606,15.15 ,0.00649913 ,0 
607,15.175 ,0.00648101 ,0 
608,15.2 ,0.00646266 ,0 
609,15.225 ,0.00644408 ,0 
610,15.25 ,0.00642528 ,0 
611,15.275 ,0.00640626 ,0 
612,15.3 ,0.00638703 ,0 
613,15.325 ,0.00636758 ,0 
614,15.35 ,0.00634793 ,0 
615,15.375 ,0.00632808 ,0 
616,15.4 ,0.00630803 ,0 
617,15.425 ,0.00628779 ,0 
618,15.45 ,0.00626736 ,0 
619,15.475 ,0.00624675 ,0 
620,15.5 ,0.00622595 ,0 
621,15.525 ,0.00620499 ,0 
622,15.55 ,0.00618385 ,0 
623,15.575 ,0.00616254 ,0 
624,15.6 ,0.00614107 ,0 
625,15.625 ,0.00611945 ,0 
626,15.65 ,0.00609766 ,0 
627,15.675 ,0.00607573 ,0 
628,15.7 ,0.00605365 ,0 
629,15.725 ,0.00603143 ,0 
630,15.75 ,0.00600907 ,0 
631,15.775 ,0.00598657 ,0 
632,15.8 ,0.00596394 ,0 
633,15.825 ,0.00594118 ,0 
634,15.85 ,0.0059183 ,0 
635,15.875 ,0.0058953 ,0 
636,15.9 ,0.00587219 ,0 
637,15.925 ,0.00584896 ,0 
638,15.95 ,0.00582562 ,0 
639,15.975 ,0.00580217 ,0 
640,16 ,0.00577863 ,0 
641,16.025 ,0.00575498 ,0 
642,16.05 ,0.00573124 ,0 
643,16.075 ,0.00570741 ,0 
644,16.1 ,0.00568349 ,0 
645,16.125 ,0.00565948 ,0 
646,16.15 ,0.00563539 ,0 
647,16.175 ,0.00561122 ,0 
648,16.2 ,0.00558698 ,0 
649,16.225 ,0.00556267 ,0 
650,16.25 ,0.00553828 ,0 
651,16.275 ,0.00551383 ,0 
652,16.3 ,0.00548932 ,0 
653,16.325 ,0.00546474 ,0 
654,16.35 ,0.00544011 ,0 
655,16.375 ,0.00541543 ,0 
656,16.4 ,0.00539069 ,0 
657,16.425 ,0.00536591 ,0 
658,16.45 ,0.00534108 ,0 
659,16.475 ,0.00531621 ,0 
660,16.5 ,0.0052913 ,0 
661,16.525 ,0.00526635 ,0 
662,16.55 ,0.00524137 ,0 
663,16.575 ,0.00521635 ,0 
664,16.6 ,0.00519131 ,0 
665,16.625 ,0.00516624 ,0 
666,16.65 ,0.00514115 ,0 
667,16.675 ,0.00511604 ,0 
668,16.7 ,0.0050909 ,0 
669,16.725 ,0.00506576 ,0 
670,16.75 ,0.00504059 ,0 
671,16.775 ,0.00501542 ,0 
672,16.8 ,0.00499024 ,0 
673,16.825 ,0.00496505 ,0 
674,16.85 ,0.00493985 ,0 
675,16.875 ,0.00491466 ,0 
676,16.9 ,0.00488946 ,0 
677,16.925 ,0.00486427 ,0 
678,16.95 ,0.00483908 ,0 
679,16.975 ,0.0048139 ,0 
680,17 ,0.00478873 ,0 
681,17.025 ,0.00476357 ,0 
682,17.05 ,0.00473842 ,0 
683,17.075 ,0.00471329 ,0 
684,17.1 ,0.00468817 ,0 
685,17.125 ,0.00466308 ,0 
686,17.15 ,0.004638 ,0 
687,17.175 ,0.00461295 ,0 
688,17.2 ,0.00458792 ,0 
689,17.225 ,0.00456292 ,0 
690,17.25 ,0.00453795 ,0 
691,17.275 ,0.00451301 ,0 
692,17.3 ,0.0044881 ,0 
693,17.325 ,0.00446322 ,0 
694,17.35 ,0.00443838 ,0 
695,17.375 ,0.00441358 ,0 
696,17.4 ,0.00438881 ,0 
697,17.425 ,0.00436409 ,0 
698,17.45 ,0.00433941 ,0 
699,17.475 ,0.00431477 ,0 
700,17.5 ,0.00429018 ,0 
701,17.525 ,0.00426563 ,0 
702,17.55 ,0.00424113 ,0 
703,17.575 ,0.00421669 ,0 
704,17.6 ,0.00419229 ,0 
705,17.625 ,0.00416794 ,0 
706,17.65 ,0.00414365 ,0 
707,17.675 ,0.00411942 ,0 
708,17.7 ,0.00409524 ,0 
709,17.725 ,0.00407112 ,0 
710,17.75 ,0.00404706 ,0 
711,17.775 ,0.00402306 ,0 
712,17.8 ,0.00399912 ,0 
713,17.825 ,0.00397524 ,0 
714,17.85 ,0.00395143 ,0 
715,17.875 ,0.00392768 ,0 
716,17.9 ,0.003904 ,0 
717,17.925 ,0.00388038 ,0 
718,17.95 ,0.00385684 ,0 
719,17.975 ,0.00383336 ,0 
720,18 ,0.00380996 ,0 
721,18.025 ,0.00378663 ,0 
722,18.05 ,0.00376337 ,0 
723,18.075 ,0.00374018 ,0 
724,18.1 ,0.00371707 ,0 
725,18.125 ,0.00369403 ,0 
726,18.15 ,0.00367107 ,0 
727,18.175 ,0.00364819 ,0 
728,18.2 ,0.00362539 ,0 
729,18.225 ,0.00360266 ,0 
730,18.25 ,0.00358002 ,0 
731,18.275 ,0.00355745 ,0 
732,18.3 ,0.00353497 ,0 
733,18.325 ,0.00351257 ,0 
734,18.35 ,0.00349026 ,0 
735,18.375 ,0.00346802 ,0 
736,18.4 ,0.00344588 ,0 
737,18.425 ,0.00342381 ,0 
738,18.45 ,0.00340184 ,0 
739,18.475 ,0.00337995 ,0 
740,18.5 ,0.00335815 ,0 
741,18.525 ,0.00333643 ,0 
742,18.55 ,0.00331481 ,0 
743,18.575 ,0.00329327 ,0 
744,18.6 ,0.00327182 ,0 
745,18.625 ,0.00325046 ,0 
746,18.65 ,0.0032292 ,0 
747,18.675 ,0.00320802 ,0 
748,18.7 ,0.00318694 ,0 
749,18.725 ,0.00316595 ,0 
750,18.75 ,0.00314505 ,0 
751,18.775 ,0.00312425 ,0 
752,18.8 ,0.00310354 ,0 
753,18.825 ,0.00308292 ,0 
754,18.85 ,0.0030624 ,0 
755,18.875 ,0.00304198 ,0 
756,18.9 ,0.00302165 ,0 
757,18.925 ,0.00300141 ,0 
758,18.95 ,0.00298127 ,0 
759,18.975 ,0.00296123 ,0 
760,19 ,0.00294128 ,0 
761,19.025 ,0.00292144 ,0 
762,19.05 ,0.00290168 ,0 
763,19.075 ,0.00288203 ,0 
764,19.1 ,0.00286248 ,0 
765,19.125 ,0.00284302 ,0 
766,19.15 ,0.00282366 ,0 
767,19.175 ,0.0028044 ,0 
768,19.2 ,0.00278524 ,0 
769,19.225 ,0.00276618 ,0 
770,19.25 ,0.00274722 ,0 
771,19.275 ,0.00272835 ,0 
772,19.3 ,0.00270959 ,0 
773,19.325 ,0.00269093 ,0 
774,19.35 ,0.00267237 ,0 
775,19.375 ,0.0026539 ,0 
776,19.4 ,0.00263554 ,0 
777,19.425 ,0.00261728 ,0 
778,19.45 ,0.00259912 ,0 
779,19.475 ,0.00258106 ,0 
780,19.5 ,0.0025631 ,0 
781,19.525 ,0.00254524 ,0 
782,19.55 ,0.00252748 ,0 
783,19.575 ,0.00250983 ,0 
784,19.6 ,0.00249227 ,0 
785,19.625 ,0.00247482 ,0 
786,19.65 ,0.00245747 ,0 
787,19.675 ,0.00244021 ,0 
788,19.7 ,0.00242306 ,0 
789,19.725 ,0.00240601 ,0 
790,19.75 ,0.00238906 ,0 
791,19.775 ,0.00237222 ,0 
792,19.8 ,0.00235547 ,0 
793,19.825 ,0.00233883 ,0 
794,19.85 ,0.00232228 ,0 
795,19.875 ,0.00230584 ,0 
796,19.9 ,0.0022895 ,0 
797,19.925 ,0.00227326 ,0 
798,19.95 ,0.00225712 ,0 
799,19.975 ,0.00224108 ,0 
800,20 ,0.00222514 ,0 
801,20.025 ,0.0022093 ,0 
802,20.05 ,0.00219357 ,0 
803,20.075 ,0.00217793 ,0 
804,20.1 ,0.00216239 ,0 
805,20.125 ,0.00214696 ,0 
806,20.15 ,0.00213162 ,0 
807,20.175 ,0.00211638 ,0 
808,20.2 ,0.00210125 ,0 
809,20.225 ,0.00208621 ,0 
810,20.25 ,0.00207127 ,0 
811,20.275 ,0.00205644 ,0 
812,20.3 ,0.0020417 ,0 
813,20.325 ,0.00202706 ,0 
814,20.35 ,0.00201252 ,0 
815,20.375 ,0.00199807 ,0 
816,20.4 ,0.00198373 ,0 
817,20.425 ,0.00196949 ,0 
818,20.45 ,0.00195534 ,0 
819,20.475 ,0.00194129 ,0 
820,20.5 ,0.00192734 ,0 
821,20.525 ,0.00191348 ,0 
822,20.55 ,0.00189973 ,0 
823,20.575 ,0.00188607 ,0 
824,20.6 ,0.00187251 ,0 
825,20.625 ,0.00185904 ,0 
826,20.65 ,0.00184567 ,0 
827,20.675 ,0.0018324 ,0 
828,20.7 ,0.00181922 ,0 
829,20.725 ,0.00180614 ,0 
830,20.75 ,0.00179315 ,0 
831,20.775 ,0.00178026 ,0 
832,20.8 ,0.00176747 ,0 
833,20.825 ,0.00175477 ,0 
834,20.85 ,0.00174216 ,0 
835,20.875 ,0.00172965 ,0 
836,20.9 ,0.00171723 ,0 
837,20.925 ,0.00170491 ,0 
838,20.95 ,0.00169268 ,0 
839,20.975 ,0.00168054 ,0 
840,21 ,0.00166849 ,0 
841,21.025 ,0.00165654 ,0 
842,21.05 ,0.00164468 ,0 
843,21.075 ,0.00163291 ,0 
844,21.1 ,0.00162124 ,0 
845,21.125 ,0.00160965 ,0 
846,21.15 ,0.00159816 ,0 
847,21.175 ,0.00158676 ,0 
848,21.2 ,0.00157545 ,0 
849,21.225 ,0.00156423 ,0 
850,21.25 ,0.0015531 ,0 
851,21.275 ,0.00154205 ,0 
852,21.3 ,0.0015311 ,0 
853,21.325 ,0.00152024 ,0 
854,21.35 ,0.00150947 ,0 
855,21.375 ,0.00149878 ,0 
856,21.4 ,0.00148818 ,0 
857,21.425 ,0.00147768 ,0 
858,21.45 ,0.00146725 ,0 
859,21.475 ,0.00145692 ,0 
860,21.5 ,0.00144667 ,0 
861,21.525 ,0.00143651 ,0 
862,21.55 ,0.00142644 ,0 
863,21.575 ,0.00141645 ,0 
864,21.6 ,0.00140655 ,0 
865,21.625 ,0.00139673 ,0 
866,21.65 ,0.001387 ,0 
867,21.675 ,0.00137736 ,0 
868,21.7 ,0.00136779 ,0 
869,21.725 ,0.00135832 ,0 
870,21.75 ,0.00134892 ,0 
871,21.775 ,0.00133961 ,0 
872,21.8 ,0.00133039 ,0 
873,21.825 ,0.00132124 ,0 
874,21.85 ,0.00131218 ,0 
875,21.875 ,0.0013032 ,0 
876,21.9 ,0.00129431 ,0 
877,21.925 ,0.00128549 ,0 
878,21.95 ,0.00127676 ,0 
879,21.975 ,0.00126811 ,0 
880,22 ,0.00125953 ,0 
881,22.025 ,0.00125104 ,0 
882,22.05 ,0.00124263 ,0 
883,22.075 ,0.0012343 ,0 
884,22.1 ,0.00122605 ,0 
885,22.125 ,0.00121788 ,0 
886,22.15 ,0.00120978 ,0 
887,22.175 ,0.00120177 ,0 
888,22.2 ,0.00119383 ,0 
889,22.225 ,0.00118597 ,0 
890,22.25 ,0.00117819 ,0 
891,22.275 ,0.00117048 ,0 
892,22.3 ,0.00116286 ,0 
893,22.325 ,0.00115531 ,0 
894,22.35 ,0.00114783 ,0 
895,22.375 ,0.00114043 ,0 
896,22.4 ,0.00113311 ,0 
897,22.425 ,0.00112587 ,0 
898,22.45 ,0.00111869 ,0 
899,22.475 ,0.0011116 ,0 
900,22.5 ,0.00110458 ,0 
901,22.525 ,0.00109763 ,0 
902,22.55 ,0.00109075 ,0 
903,22.575 ,0.00108395 ,0 
904,22.6 ,0.00107723 ,0 
905,22.625 ,0.00107057 ,0 
906,22.65 ,0.00106399 ,0 
907,22.675 ,0.00105748 ,0 
908,22.7 ,0.00105105 ,0 
909,22.725 ,0.00104468 ,0 
910,22.75 ,0.00103839 ,0 
911,22.775 ,0.00103217 ,0 
912,22.8 ,0.00102602 ,0 
913,22.825 ,0.00101994 ,0 
914,22.85 ,0.00101393 ,0 
915,22.875 ,0.00100799 ,0 
916,22.9 ,0.00100212 ,0 
917,22.925 ,0.000996322 ,0 
918,22.95 ,0.000990593 ,0 
919,22.975 ,0.000984932 ,0 
920,23 ,0.00097934 ,0 
921,23.025 ,0.000973817 ,0 
922,23.05 ,0.000968362 ,0 
923,23.075 ,0.000962975 ,0 
924,23.1 ,0.000957656 ,0 
925,23.125 ,0.000952404 ,0 
926,23.15 ,0.00094722 ,0 
927,23.175 ,0.000942102 ,0 
928,23.2 ,0.000937052 ,0 
929,23.225 ,0.000932068 ,0 
930,23.25 ,0.00092715 ,0 
931,23.275 ,0.000922298 ,0 
932,23.3 ,0.000917512 ,0 
933,23.325 ,0.000912792 ,0 
934,23.35 ,0.000908137 ,0 
935,23.375 ,0.000903547 ,0 
936,23.4 ,0.000899021 ,0 
937,23.425 ,0.000894561 ,0 
938,23.45 ,0.000890165 ,0 
939,23.475 ,0.000885832 ,0 
940,23.5 ,0.000881564 ,0 
941,23.525 ,0.00087736 ,0 
942,23.55 ,0.000873219 ,0 
943,23.575 ,0.000869141 ,0 
944,23.6 ,0.000865126 ,0 
945,23.625 ,0.000861174 ,0 
946,23.65 ,0.000857285 ,0 
947,23.675 ,0.000853458 ,0 
948,23.7 ,0.000849693 ,0 
949,23.725 ,0.00084599 ,0 
950,23.75 ,0.000842349 ,0 
951,23.775 ,0.00083877 ,0 
952,23.8 ,0.000835252 ,0 
953,23.825 ,0.000831796 ,0 
954,23.85 ,0.0008284 ,0 
955,23.875 ,0.000825065 ,0 
956,23.9 ,0.000821791 ,0 
957,23.925 ,0.000818578 ,0 
958,23.95 ,0.000815424 ,0 
959,23.975 ,0.000812331 ,0 
960,24 ,0.000809298 ,0 
961,24.025 ,0.000806325 ,0 
962,24.05 ,0.000803411 ,0 
963,24.075 ,0.000800557 ,0 
964,24.1 ,0.000797762 ,0 
965,24.125 ,0.000795026 ,0 
966,24.15 ,0.00079235 ,0 
967,24.175 ,0.000789732 ,0 
968,24.2 ,0.000787173 ,0 
969,24.225 ,0.000784672 ,0 
970,24.25 ,0.00078223 ,0 
971,24.275 ,0.000779847 ,0 
972,24.3 ,0.000777521 ,0 
973,24.325 ,0.000775254 ,0 
974,24.35 ,0.000773044 ,0 
975,24.375 ,0.000770892 ,0 
976,24.4 ,0.000768798 ,0 
977,24.425 ,0.000766762 ,0 
978,24.45 ,0.000764783 ,0 
979,24.475 ,0.000762861 ,0 
980,24.5 ,0.000760997 ,0 
981,24.525 ,0.000759189 ,0 
982,24.55 ,0.000757439 ,0 
983,24.575 ,0.000755746 ,0 
984,24.6 ,0.000754109 ,0 
985,24.625 ,0.00075253 ,0 
986,24.65 ,0.000751007 ,0 
987,24.675 ,0.00074954 ,0 
988,24.7 ,0.00074813 ,0 
989,24.725 ,0.000746777 ,0 
990,24.75 ,0.00074548 ,0 
991,24.775 ,0.000744239 ,0 
992,24.8 ,0.000743055 ,0 
993,24.825 ,0.000741926 ,0 
994,24.85 ,0.000740854 ,0 
995,24.875 ,0.000739838 ,0 
996,24.9 ,0.000738878 ,0 
997,24.925 ,0.000737974 ,0 
998,24.95 ,0.000737126 ,0 
999,24.975 ,0.000736334 ,0 
1000,25 ,0.000735597 ,0 