N_e = 18
1,0.027 ,0.000947847 ,0 ,0 
2,0.053973 ,0.000948796 ,0 ,0 
3,0.080946 ,0.000949225 ,0 ,0 
4,0.107919 ,0.000949545 ,0 ,0 
5,0.134892 ,0.000949849 ,0 ,0 
6,0.161865 ,0.000950169 ,0 ,0 
7,0.188838 ,0.000950516 ,0 ,0 
8,0.215811 ,0.000950899 ,0 ,0 
9,0.242784 ,0.000951322 ,0 ,0 
10,0.269757 ,0.000951785 ,0 ,0 
11,0.29673 ,0.000952292 ,0 ,0 
12,0.323703 ,0.000952843 ,0 ,0 
13,0.350676 ,0.000953438 ,0 ,0 
14,0.377649 ,0.000954079 ,0 ,0 
15,0.404622 ,0.000954766 ,0 ,0 
16,0.431595 ,0.000955498 ,0 ,0 
17,0.458568 ,0.000956277 ,0 ,0 
18,0.485541 ,0.000957103 ,0 ,0 
19,0.512514 ,0.000957975 ,0 ,0 
20,0.539487 ,0.000958894 ,0 ,0 
21,0.56646 ,0.000959861 ,0 ,0 
22,0.593433 ,0.000960876 ,0 ,0 
23,0.620406 ,0.000961937 ,0 ,0 
24,0.647379 ,0.000963047 ,0 ,0 
25,0.674352 ,0.000964205 ,0 ,0 
26,0.701325 ,0.000965411 ,0 ,0 
27,0.728298 ,0.000966665 ,0 ,0 
28,0.755271 ,0.000967968 ,0 ,0 
29,0.782244 ,0.00096932 ,0 ,0 
30,0.809217 ,0.00097072 ,0 ,0 
31,0.83619 ,0.00097217 ,0 ,0 
32,0.863163 ,0.000973669 ,0 ,0 
33,0.890136 ,0.000975218 ,0 ,0 
34,0.917109 ,0.000976816 ,0 ,0 
35,0.944082 ,0.000978464 ,0 ,0 
36,0.971055 ,0.000980162 ,0 ,0 
37,0.998028 ,0.000981911 ,0 ,0 
38,1.025 ,0.00098371 ,0 ,0 
39,1.05197 ,0.000985559 ,0 ,0 
40,1.07895 ,0.00098746 ,0 ,0 
41,1.10592 ,0.000989412 ,0 ,0 
42,1.13289 ,0.000991415 ,0 ,0 
43,1.15987 ,0.00099347 ,0 ,0 
44,1.18684 ,0.000995576 ,0 ,0 
45,1.21381 ,0.000997735 ,0 ,0 
46,1.24079 ,0.000999946 ,0 ,0 
47,1.26776 ,0.00100221 ,0 ,0 
48,1.29473 ,0.00100452 ,0 ,0 
49,1.3217 ,0.00100689 ,0 ,0 
50,1.34868 ,0.00100932 ,0 ,0 
51,1.37565 ,0.00101179 ,0 ,0 
52,1.40262 ,0.00101432 ,0 ,0 
53,1.4296 ,0.0010169 ,0 ,0 
54,1.45657 ,0.00101954 ,0 ,0 
55,1.48354 ,0.00102223 ,0 ,0 
56,1.51051 ,0.00102498 ,0 ,0 
57,1.53749 ,0.00102778 ,0 ,0 
58,1.56446 ,0.00103063 ,0 ,0 
59,1.59143 ,0.00103354 ,0 ,0 
60,1.61841 ,0.00103651 ,0 ,0 
61,1.64538 ,0.00103953 ,0 ,0 
62,1.67235 ,0.00104261 ,0 ,0 
63,1.69933 ,0.00104574 ,0 ,0 
64,1.7263 ,0.00104893 ,0 ,0 
65,1.75327 ,0.00105218 ,0 ,0 
66,1.78024 ,0.00105548 ,0 ,0 
67,1.80722 ,0.00105884 ,0 ,0 
68,1.83419 ,0.00106226 ,0 ,0 
69,1.86116 ,0.00106574 ,0 ,0 
70,1.88814 ,0.00106927 ,0 ,0 
71,1.91511 ,0.00107286 ,0 ,0 
72,1.94208 ,0.00107651 ,0 ,0 
73,1.96906 ,0.00108022 ,0 ,0 
74,1.99603 ,0.00108399 ,0 ,0 
75,2.023 ,0.00108781 ,0 ,0 
76,2.04998 ,0.00109169 ,0 ,0 
77,2.07695 ,0.00109564 ,0 ,0 
78,2.10392 ,0.00109964 ,0 ,0 
79,2.13089 ,0.0011037 ,0 ,0 
80,2.15787 ,0.00110782 ,0 ,0 
81,2.18484 ,0.001112 ,0 ,0 
82,2.21181 ,0.00111624 ,0 ,0 
83,2.23879 ,0.00112054 ,0 ,0 
84,2.26576 ,0.0011249 ,0 ,0 
85,2.29273 ,0.00112932 ,0 ,0 
86,2.31971 ,0.00113381 ,0 ,0 
87,2.34668 ,0.00113835 ,0 ,0 
88,2.37365 ,0.00114295 ,0 ,0 
89,2.40062 ,0.00114762 ,0 ,0 
90,2.4276 ,0.00115234 ,0 ,0 
91,2.45457 ,0.00115713 ,0 ,0 
92,2.48154 ,0.00116198 ,0 ,0 
93,2.50852 ,0.00116688 ,0 ,0 
94,2.53549 ,0.00117185 ,0 ,0 
95,2.56246 ,0.00117689 ,0 ,0 
96,2.58944 ,0.00118198 ,0 ,0 
97,2.61641 ,0.00118713 ,0 ,0 
98,2.64338 ,0.00119235 ,0 ,0 
99,2.67035 ,0.00119763 ,0 ,0 
100,2.69733 ,0.00120297 ,0 ,0 
101,2.7243 ,0.00120837 ,0 ,0 
102,2.75127 ,0.00121383 ,0 ,0 
103,2.77825 ,0.00121935 ,0 ,0 
104,2.80522 ,0.00122494 ,0 ,0 
105,2.83219 ,0.00123059 ,0 ,0 
106,2.85917 ,0.0012363 ,0 ,0 
107,2.88614 ,0.00124207 ,0 ,0 
108,2.91311 ,0.0012479 ,0 ,0 
109,2.94008 ,0.0012538 ,0 ,0 
110,2.96706 ,0.00125975 ,0 ,0 
111,2.99403 ,0.00126577 ,0 ,0 
112,3.021 ,0.00127185 ,0 ,0 
113,3.04798 ,0.00127799 ,0 ,0 
114,3.07495 ,0.00128419 ,0 ,0 
115,3.10192 ,0.00129045 ,0 ,0 
116,3.12889 ,0.00129677 ,0 ,0 
117,3.15587 ,0.00130316 ,0 ,0 
118,3.18284 ,0.0013096 ,0 ,0 
119,3.20981 ,0.00131611 ,0 ,0 
120,3.23679 ,0.00132267 ,0 ,0 
121,3.26376 ,0.00132929 ,0 ,0 
122,3.29073 ,0.00133598 ,0 ,0 
123,3.31771 ,0.00134272 ,0 ,0 
124,3.34468 ,0.00134953 ,0 ,0 
125,3.37165 ,0.00135639 ,0 ,0 
126,3.39863 ,0.00136331 ,0 ,0 
127,3.4256 ,0.00137029 ,0 ,0 
128,3.45257 ,0.00137733 ,0 ,0 
129,3.47954 ,0.00138442 ,0 ,0 
130,3.50652 ,0.00139158 ,0 ,0 
131,3.53349 ,0.00139879 ,0 ,0 
132,3.56046 ,0.00140606 ,0 ,0 
133,3.58744 ,0.00141338 ,0 ,0 
134,3.61441 ,0.00142076 ,0 ,0 
135,3.64138 ,0.0014282 ,0 ,0 
136,3.66836 ,0.00143569 ,0 ,0 
137,3.69533 ,0.00144324 ,0 ,0 
138,3.7223 ,0.00145085 ,0 ,0 
139,3.74927 ,0.0014585 ,0 ,0 
140,3.77625 ,0.00146622 ,0 ,0 
141,3.80322 ,0.00147398 ,0 ,0 
142,3.83019 ,0.0014818 ,0 ,0 
143,3.85717 ,0.00148967 ,0 ,0 
144,3.88414 ,0.00149759 ,0 ,0 
145,3.91111 ,0.00150557 ,0 ,0 
146,3.93809 ,0.00151359 ,0 ,0 
147,3.96506 ,0.00152167 ,0 ,0 
148,3.99203 ,0.0015298 ,0 ,0 
149,4.019 ,0.00153797 ,0 ,0 
150,4.04598 ,0.0015462 ,0 ,0 
151,4.07295 ,0.00155447 ,0 ,0 
152,4.09992 ,0.00156279 ,0 ,0 
153,4.1269 ,0.00157116 ,0 ,0 
154,4.15387 ,0.00157957 ,0 ,0 
155,4.18084 ,0.00158803 ,0 ,0 
156,4.20782 ,0.00159653 ,0 ,0 
157,4.23479 ,0.00160508 ,0 ,0 
158,4.26176 ,0.00161368 ,0 ,0 
159,4.28873 ,0.00162231 ,0 ,0 
160,4.31571 ,0.00163099 ,0 ,0 
161,4.34268 ,0.00163971 ,0 ,0 
162,4.36965 ,0.00164847 ,0 ,0 
163,4.39663 ,0.00165727 ,0 ,0 
164,4.4236 ,0.00166611 ,0 ,0 
165,4.45057 ,0.00167499 ,0 ,0 
166,4.47755 ,0.0016839 ,0 ,0 
167,4.50452 ,0.00169286 ,0 ,0 
168,4.53149 ,0.00170184 ,0 ,0 
169,4.55846 ,0.00171087 ,0 ,0 
170,4.58544 ,0.00171993 ,0 ,0 
171,4.61241 ,0.00172902 ,0 ,0 
172,4.63938 ,0.00173814 ,0 ,0 
173,4.66636 ,0.00174729 ,0 ,0 
174,4.69333 ,0.00175648 ,0 ,0 
175,4.7203 ,0.00176569 ,0 ,0 
176,4.74728 ,0.00177494 ,0 ,0 
177,4.77425 ,0.00178421 ,0 ,0 
178,4.80122 ,0.00179351 ,0 ,0 
179,4.82819 ,0.00180283 ,0 ,0 
180,4.85517 ,0.00181218 ,0 ,0 
181,4.88214 ,0.00182155 ,0 ,0 
182,4.90911 ,0.00183094 ,0 ,0 
183,4.93609 ,0.00184036 ,0 ,0 
184,4.96306 ,0.0018498 ,0 ,0 
185,4.99003 ,0.00185925 ,0 ,0 
186,5.01701 ,0.00186872 ,0 ,0 
187,5.04398 ,0.00187821 ,0 ,0 
188,5.07095 ,0.00188772 ,0 ,0 
189,5.09792 ,0.00189724 ,0 ,0 
190,5.1249 ,0.00190678 ,0 ,0 
191,5.15187 ,0.00191632 ,0 ,0 
192,5.17884 ,0.00192588 ,0 ,0 
193,5.20582 ,0.00193545 ,0 ,0 
194,5.23279 ,0.00194502 ,0 ,0 
195,5.25976 ,0.00195461 ,0 ,0 
196,5.28674 ,0.0019642 ,0 ,0 
197,5.31371 ,0.00197379 ,0 ,0 
198,5.34068 ,0.00198339 ,0 ,0 
199,5.36765 ,0.00199299 ,0 ,0 
200,5.39463 ,0.00200259 ,0 ,0 
201,5.4216 ,0.00201219 ,0 ,0 
202,5.44857 ,0.00202179 ,0 ,0 
203,5.47555 ,0.00203138 ,0 ,0 
204,5.50252 ,0.00204097 ,0 ,0 
205,5.52949 ,0.00205056 ,0 ,0 
206,5.55647 ,0.00206013 ,0 ,0 
207,5.58344 ,0.0020697 ,0 ,0 
208,5.61041 ,0.00207926 ,0 ,0 
209,5.63738 ,0.0020888 ,0 ,0 
210,5.66436 ,0.00209833 ,0 ,0 
211,5.69133 ,0.00210785 ,0 ,0 
212,5.7183 ,0.00211735 ,0 ,0 
213,5.74528 ,0.00212683 ,0 ,0 
214,5.77225 ,0.0021363 ,0 ,0 
215,5.79922 ,0.00214574 ,0 ,0 
216,5.8262 ,0.00215516 ,0 ,0 
217,5.85317 ,0.00216455 ,0 ,0 
218,5.88014 ,0.00217392 ,0 ,0 
219,5.90711 ,0.00218326 ,0 ,0 
220,5.93409 ,0.00219258 ,0 ,0 
221,5.96106 ,0.00220186 ,0 ,0 
222,5.98803 ,0.00221111 ,0 ,0 
223,6.01501 ,0.00222032 ,0 ,0 
224,6.04198 ,0.0022295 ,0 ,0 
225,6.06895 ,0.00223864 ,0 ,0 
226,6.09593 ,0.00224774 ,0 ,0 
227,6.1229 ,0.00225681 ,0 ,0 
228,6.14987 ,0.00226582 ,0 ,0 
229,6.17684 ,0.0022748 ,0 ,0 
230,6.20382 ,0.00228373 ,0 ,0 
231,6.23079 ,0.0022926 ,0 ,0 
232,6.25776 ,0.00230143 ,0 ,0 
233,6.28474 ,0.00231021 ,0 ,0 
234,6.31171 ,0.00231894 ,0 ,0 
235,6.33868 ,0.00232761 ,0 ,0 
236,6.36566 ,0.00233622 ,0 ,0 
237,6.39263 ,0.00234477 ,0 ,0 
238,6.4196 ,0.00235326 ,0 ,0 
239,6.44657 ,0.00236169 ,0 ,0 
240,6.47355 ,0.00237005 ,0 ,0 
241,6.50052 ,0.00237835 ,0 ,0 
242,6.52749 ,0.00238658 ,0 ,0 
243,6.55447 ,0.00239474 ,0 ,0 
244,6.58144 ,0.00240283 ,0 ,0 
245,6.60841 ,0.00241084 ,0 ,0 
246,6.63539 ,0.00241877 ,0 ,0 
247,6.66236 ,0.00242663 ,0 ,0 
248,6.68933 ,0.0024344 ,0 ,0 
249,6.7163 ,0.0024421 ,0 ,0 
250,6.74328 ,0.00244971 ,0 ,0 
251,6.77025 ,0.00245723 ,0 ,0 
252,6.79722 ,0.00246467 ,0 ,0 
253,6.8242 ,0.00247201 ,0 ,0 
254,6.85117 ,0.00247926 ,0 ,0 
255,6.87814 ,0.00248642 ,0 ,0 
256,6.90512 ,0.00249348 ,0 ,0 
257,6.93209 ,0.00250045 ,0 ,0 
258,6.95906 ,0.00250731 ,0 ,0 
259,6.98603 ,0.00251407 ,0 ,0 
260,7.01301 ,0.00252072 ,0 ,0 
261,7.03998 ,0.00252727 ,0 ,0 
262,7.06695 ,0.00253371 ,0 ,0 
263,7.09393 ,0.00254004 ,0 ,0 
264,7.1209 ,0.00254626 ,0 ,0 
265,7.14787 ,0.00255236 ,0 ,0 
266,7.17485 ,0.00255834 ,0 ,0 
267,7.20182 ,0.00256421 ,0 ,0 
268,7.22879 ,0.00256995 ,0 ,0 
269,7.25576 ,0.00257557 ,0 ,0 
270,7.28274 ,0.00258107 ,0 ,0 
271,7.30971 ,0.00258644 ,0 ,0 
272,7.33668 ,0.00259168 ,0 ,0 
273,7.36366 ,0.00259678 ,0 ,0 
274,7.39063 ,0.00260176 ,0 ,0 
275,7.4176 ,0.0026066 ,0 ,0 
276,7.44458 ,0.0026113 ,0 ,0 
277,7.47155 ,0.00261586 ,0 ,0 
278,7.49852 ,0.00262028 ,0 ,0 
279,7.52549 ,0.00262456 ,0 ,0 
280,7.55247 ,0.00262869 ,0 ,0 
281,7.57944 ,0.00263267 ,0 ,0 
282,7.60641 ,0.0026365 ,0 ,0 
283,7.63339 ,0.00264018 ,0 ,0 
284,7.66036 ,0.00264371 ,0 ,0 
285,7.68733 ,0.00264709 ,0 ,0 
286,7.71431 ,0.0026503 ,0 ,0 
287,7.74128 ,0.00265336 ,0 ,0 
288,7.76825 ,0.00265625 ,0 ,0 
289,7.79522 ,0.00265899 ,0 ,0 
290,7.8222 ,0.00266155 ,0 ,0 
291,7.84917 ,0.00266395 ,0 ,0 
292,7.87614 ,0.00266619 ,0 ,0 
293,7.90312 ,0.00266825 ,0 ,0 
294,7.93009 ,0.00267014 ,0 ,0 
295,7.95706 ,0.00267185 ,0 ,0 
296,7.98404 ,0.00267339 ,0 ,0 
297,8.01101 ,0.00267476 ,0 ,0 
298,8.03798 ,0.00267594 ,0 ,0 
299,8.06495 ,0.00267694 ,0 ,0 
300,8.09193 ,0.00267776 ,0 ,0 
301,8.1189 ,0.0026784 ,0 ,0 
302,8.14587 ,0.00267885 ,0 ,0 
303,8.17285 ,0.00267912 ,0 ,0 
304,8.19982 ,0.00267919 ,0 ,0 
305,8.22679 ,0.00267908 ,0 ,0 
306,8.25376 ,0.00267877 ,0 ,0 
307,8.28074 ,0.00267828 ,0 ,0 
308,8.30771 ,0.00267758 ,0 ,0 
309,8.33468 ,0.0026767 ,0 ,0 
310,8.36166 ,0.00267561 ,0 ,0 
311,8.38863 ,0.00267433 ,0 ,0 
312,8.4156 ,0.00267285 ,0 ,0 
313,8.44258 ,0.00267117 ,0 ,0 
314,8.46955 ,0.00266929 ,0 ,0 
315,8.49652 ,0.00266721 ,0 ,0 
316,8.52349 ,0.00266492 ,0 ,0 
317,8.55047 ,0.00266243 ,0 ,0 
318,8.57744 ,0.00265973 ,0 ,0 
319,8.60441 ,0.00265683 ,0 ,0 
320,8.63139 ,0.00265372 ,0 ,0 
321,8.65836 ,0.0026504 ,0 ,0 
322,8.68533 ,0.00264688 ,0 ,0 
323,8.71231 ,0.00264314 ,0 ,0 
324,8.73928 ,0.0026392 ,0 ,0 
325,8.76625 ,0.00263504 ,0 ,0 
326,8.79322 ,0.00263068 ,0 ,0 
327,8.8202 ,0.0026261 ,0 ,0 
328,8.84717 ,0.00262131 ,0 ,0 
329,8.87414 ,0.00261631 ,0 ,0 
330,8.90112 ,0.0026111 ,0 ,0 
331,8.92809 ,0.00260568 ,0 ,0 
332,8.95506 ,0.00260005 ,0 ,0 
333,8.98204 ,0.0025942 ,0 ,0 
334,9.00901 ,0.00258814 ,0 ,0 
335,9.03598 ,0.00258187 ,0 ,0 
336,9.06295 ,0.00257538 ,0 ,0 
337,9.08993 ,0.00256869 ,0 ,0 
338,9.1169 ,0.00256178 ,0 ,0 
339,9.14387 ,0.00255466 ,0 ,0 
340,9.17085 ,0.00254733 ,0 ,0 
341,9.19782 ,0.00253979 ,0 ,0 
342,9.22479 ,0.00253204 ,0 ,0 
343,9.25177 ,0.00252408 ,0 ,0 
344,9.27874 ,0.00251591 ,0 ,0 
345,9.30571 ,0.00250754 ,0 ,0 
346,9.33268 ,0.00249895 ,0 ,0 
347,9.35966 ,0.00249017 ,0 ,0 
348,9.38663 ,0.00248117 ,0 ,0 
349,9.4136 ,0.00247197 ,0 ,0 
350,9.44058 ,0.00246257 ,0 ,0 
351,9.46755 ,0.00245297 ,0 ,0 
352,9.49452 ,0.00244317 ,0 ,0 
353,9.5215 ,0.00243317 ,0 ,0 
354,9.54847 ,0.00242297 ,0 ,0 
355,9.57544 ,0.00241258 ,0 ,0 
356,9.60241 ,0.00240199 ,0 ,0 
357,9.62939 ,0.0023912 ,0 ,0 
358,9.65636 ,0.00238023 ,0 ,0 
359,9.68333 ,0.00236907 ,0 ,0 
360,9.71031 ,0.00235772 ,0 ,0 
361,9.73728 ,0.00234618 ,0 ,0 
362,9.76425 ,0.00233446 ,0 ,0 
363,9.79123 ,0.00232256 ,0 ,0 
364,9.8182 ,0.00231048 ,0 ,0 
365,9.84517 ,0.00229822 ,0 ,0 
366,9.87214 ,0.00228579 ,0 ,0 
367,9.89912 ,0.00227318 ,0 ,0 
368,9.92609 ,0.00226041 ,0 ,0 
369,9.95306 ,0.00224746 ,0 ,0 
370,9.98004 ,0.00223436 ,0 ,0 
371,10.007 ,0.00222109 ,0 ,0 
372,10.034 ,0.00220766 ,0 ,0 
373,10.061 ,0.00219407 ,0 ,0 
374,10.0879 ,0.00218033 ,0 ,0 
375,10.1149 ,0.00216643 ,0 ,0 
376,10.1419 ,0.00215239 ,0 ,0 
377,10.1688 ,0.00213821 ,0 ,0 
378,10.1958 ,0.00212388 ,0 ,0 
379,10.2228 ,0.00210941 ,0 ,0 
380,10.2498 ,0.00209481 ,0 ,0 
381,10.2767 ,0.00208007 ,0 ,0 
382,10.3037 ,0.00206521 ,0 ,0 
383,10.3307 ,0.00205022 ,0 ,0 
384,10.3577 ,0.00203511 ,0 ,0 
385,10.3846 ,0.00201987 ,0 ,0 
386,10.4116 ,0.00200452 ,0 ,0 
387,10.4386 ,0.00198906 ,0 ,0 
388,10.4656 ,0.0019735 ,0 ,0 
389,10.4925 ,0.00195782 ,0 ,0 
390,10.5195 ,0.00194205 ,0 ,0 
391,10.5465 ,0.00192617 ,0 ,0 
392,10.5734 ,0.00191021 ,0 ,0 
393,10.6004 ,0.00189415 ,0 ,0 
394,10.6274 ,0.00187801 ,0 ,0 
395,10.6544 ,0.00186178 ,0 ,0 
396,10.6813 ,0.00184548 ,0 ,0 
397,10.7083 ,0.0018291 ,0 ,0 
398,10.7353 ,0.00181265 ,0 ,0 
399,10.7623 ,0.00179614 ,0 ,0 
400,10.7892 ,0.00177956 ,0 ,0 
401,10.8162 ,0.00176292 ,0 ,0 
402,10.8432 ,0.00174623 ,0 ,0 
403,10.8701 ,0.00172949 ,0 ,0 
404,10.8971 ,0.0017127 ,0 ,0 
405,10.9241 ,0.00169587 ,0 ,0 
406,10.9511 ,0.00167899 ,0 ,0 
407,10.978 ,0.00166209 ,0 ,0 
408,11.005 ,0.00164515 ,0 ,0 
409,11.032 ,0.00162819 ,0 ,0 
410,11.059 ,0.0016112 ,0 ,0 
411,11.0859 ,0.0015942 ,0 ,0 
412,11.1129 ,0.00157718 ,0 ,0 
413,11.1399 ,0.00156015 ,0 ,0 
414,11.1668 ,0.00154311 ,0 ,0 
415,11.1938 ,0.00152608 ,0 ,0 
416,11.2208 ,0.00150904 ,0 ,0 
417,11.2478 ,0.00149201 ,0 ,0 
418,11.2747 ,0.00147499 ,0 ,0 
419,11.3017 ,0.00145798 ,0 ,0 
420,11.3287 ,0.00144099 ,0 ,0 
421,11.3557 ,0.00142402 ,0 ,0 
422,11.3826 ,0.00140707 ,0 ,0 
423,11.4096 ,0.00139015 ,0 ,0 
424,11.4366 ,0.00137327 ,0 ,0 
425,11.4636 ,0.00135642 ,0 ,0 
426,11.4905 ,0.00133961 ,0 ,0 
427,11.5175 ,0.00132285 ,0 ,0 
428,11.5445 ,0.00130613 ,0 ,0 
429,11.5714 ,0.00128946 ,0 ,0 
430,11.5984 ,0.00127285 ,0 ,0 
431,11.6254 ,0.00125629 ,0 ,0 
432,11.6524 ,0.0012398 ,0 ,0 
433,11.6793 ,0.00122337 ,0 ,0 
434,11.7063 ,0.00120701 ,0 ,0 
435,11.7333 ,0.00119072 ,0 ,0 
436,11.7603 ,0.0011745 ,0 ,0 
437,11.7872 ,0.00115836 ,0 ,0 
438,11.8142 ,0.00114231 ,0 ,0 
439,11.8412 ,0.00112633 ,0 ,0 
440,11.8681 ,0.00111045 ,0 ,0 
441,11.8951 ,0.00109465 ,0 ,0 
442,11.9221 ,0.00107894 ,0 ,0 
443,11.9491 ,0.00106333 ,0 ,0 
444,11.976 ,0.00104782 ,0 ,0 
445,12.003 ,0.00103241 ,0 ,0 
446,12.03 ,0.0010171 ,0 ,0 
447,12.057 ,0.0010019 ,0 ,0 
448,12.0839 ,0.000986804 ,0 ,0 
449,12.1109 ,0.00097182 ,0 ,0 
450,12.1379 ,0.00095695 ,0 ,0 
451,12.1648 ,0.000942194 ,0 ,0 
452,12.1918 ,0.000927556 ,0 ,0 
453,12.2188 ,0.000913037 ,0 ,0 
454,12.2458 ,0.00089864 ,0 ,0 
455,12.2727 ,0.000884366 ,0 ,0 
456,12.2997 ,0.000870217 ,0 ,0 
457,12.3267 ,0.000856195 ,0 ,0 
458,12.3537 ,0.000842302 ,0 ,0 
459,12.3806 ,0.000828539 ,0 ,0 
460,12.4076 ,0.000814909 ,0 ,0 
461,12.4346 ,0.000801411 ,0 ,0 
462,12.4616 ,0.000788049 ,0 ,0 
463,12.4885 ,0.000774823 ,0 ,0 
464,12.5155 ,0.000761734 ,0 ,0 
465,12.5425 ,0.000748785 ,0 ,0 
466,12.5694 ,0.000735975 ,0 ,0 
467,12.5964 ,0.000723305 ,0 ,0 
468,12.6234 ,0.000710778 ,0 ,0 
469,12.6504 ,0.000698393 ,0 ,0 
470,12.6773 ,0.000686152 ,0 ,0 
471,12.7043 ,0.000674056 ,0 ,0 
472,12.7313 ,0.000662104 ,0 ,0 
473,12.7583 ,0.000650298 ,0 ,0 
474,12.7852 ,0.000638638 ,0 ,0 
475,12.8122 ,0.000627124 ,0 ,0 
476,12.8392 ,0.000615758 ,0 ,0 
477,12.8661 ,0.000604538 ,0 ,0 
478,12.8931 ,0.000593466 ,0 ,0 
479,12.9201 ,0.000582541 ,0 ,0 
480,12.9471 ,0.000571764 ,0 ,0 
481,12.974 ,0.000561133 ,0 ,0 
482,13.001 ,0.00055065 ,0 ,0 
483,13.028 ,0.000540313 ,0 ,0 
484,13.055 ,0.000530122 ,0 ,0 
485,13.0819 ,0.000520078 ,0 ,0 
486,13.1089 ,0.000510178 ,0 ,0 
487,13.1359 ,0.000500424 ,0 ,0 
488,13.1629 ,0.000490814 ,0 ,0 
489,13.1898 ,0.000481347 ,0 ,0 
490,13.2168 ,0.000472023 ,0 ,0 
491,13.2438 ,0.000462842 ,0 ,0 
492,13.2707 ,0.000453801 ,0 ,0 
493,13.2977 ,0.000444901 ,0 ,0 
494,13.3247 ,0.00043614 ,0 ,0 
495,13.3517 ,0.000427518 ,0 ,0 
496,13.3786 ,0.000419033 ,0 ,0 
497,13.4056 ,0.000410685 ,0 ,0 
498,13.4326 ,0.000402472 ,0 ,0 
499,13.4596 ,0.000394393 ,0 ,0 
500,13.4865 ,0.000386447 ,0 ,0 
501,13.5135 ,0.000378632 ,0 ,0 
502,13.5405 ,0.000370949 ,0 ,0 
503,13.5674 ,0.000363395 ,0 ,0 
504,13.5944 ,0.000355969 ,0 ,0 
505,13.6214 ,0.00034867 ,0 ,0 
506,13.6484 ,0.000341496 ,0 ,0 
507,13.6753 ,0.000334446 ,0 ,0 
508,13.7023 ,0.00032752 ,0 ,0 
509,13.7293 ,0.000320715 ,0 ,0 
510,13.7563 ,0.00031403 ,0 ,0 
511,13.7832 ,0.000307464 ,0 ,0 
512,13.8102 ,0.000301015 ,0 ,0 
513,13.8372 ,0.000294682 ,0 ,0 
514,13.8641 ,0.000288464 ,0 ,0 
515,13.8911 ,0.000282359 ,0 ,0 
516,13.9181 ,0.000276366 ,0 ,0 
517,13.9451 ,0.000270483 ,0 ,0 
518,13.972 ,0.000264708 ,0 ,0 
519,13.999 ,0.000259041 ,0 ,0 
520,14.026 ,0.00025348 ,0 ,0 
521,14.053 ,0.000248024 ,0 ,0 
522,14.0799 ,0.00024267 ,0 ,0 
523,14.1069 ,0.000237418 ,0 ,0 
524,14.1339 ,0.000232267 ,0 ,0 
525,14.1609 ,0.000227214 ,0 ,0 
526,14.1878 ,0.000222258 ,0 ,0 
527,14.2148 ,0.000217398 ,0 ,0 
528,14.2418 ,0.000212633 ,0 ,0 
529,14.2687 ,0.00020796 ,0 ,0 
530,14.2957 ,0.000203379 ,0 ,0 
531,14.3227 ,0.000198889 ,0 ,0 
532,14.3497 ,0.000194487 ,0 ,0 
533,14.3766 ,0.000190173 ,0 ,0 
534,14.4036 ,0.000185944 ,0 ,0 
535,14.4306 ,0.0001818 ,0 ,0 
536,14.4576 ,0.00017774 ,0 ,0 
537,14.4845 ,0.000173761 ,0 ,0 
538,14.5115 ,0.000169863 ,0 ,0 
539,14.5385 ,0.000166045 ,0 ,0 
540,14.5654 ,0.000162304 ,0 ,0 
541,14.5924 ,0.00015864 ,0 ,0 
542,14.6194 ,0.000155051 ,0 ,0 
543,14.6464 ,0.000151536 ,0 ,0 
544,14.6733 ,0.000148094 ,0 ,0 
545,14.7003 ,0.000144723 ,0 ,0 
546,14.7273 ,0.000141423 ,0 ,0 
547,14.7543 ,0.000138192 ,0 ,0 
548,14.7812 ,0.000135028 ,0 ,0 
549,14.8082 ,0.000131931 ,0 ,0 
550,14.8352 ,0.000128899 ,0 ,0 
551,14.8621 ,0.000125932 ,0 ,0 
552,14.8891 ,0.000123028 ,0 ,0 
553,14.9161 ,0.000120185 ,0 ,0 
554,14.9431 ,0.000117404 ,0 ,0 
555,14.97 ,0.000114682 ,0 ,0 
556,14.997 ,0.000112018 ,0 ,0 
557,15.024 ,0.000109412 ,0 ,0 
558,15.051 ,0.000106863 ,0 ,0 
559,15.0779 ,0.000104368 ,0 ,0 
560,15.1049 ,0.000101928 ,0 ,0 
561,15.1319 ,9.9541e-05 ,0 ,0 
562,15.1589 ,9.72062e-05 ,0 ,0 
563,15.1858 ,9.49225e-05 ,0 ,0 
564,15.2128 ,9.26891e-05 ,0 ,0 
565,15.2398 ,9.05048e-05 ,0 ,0 
566,15.2667 ,8.83688e-05 ,0 ,0 
567,15.2937 ,8.62801e-05 ,0 ,0 
568,15.3207 ,8.42378e-05 ,0 ,0 
569,15.3477 ,8.22409e-05 ,0 ,0 
570,15.3746 ,8.02885e-05 ,0 ,0 
571,15.4016 ,7.83797e-05 ,0 ,0 
572,15.4286 ,7.65137e-05 ,0 ,0 
573,15.4556 ,7.46897e-05 ,0 ,0 
574,15.4825 ,7.29066e-05 ,0 ,0 
575,15.5095 ,7.11638e-05 ,0 ,0 
576,15.5365 ,6.94604e-05 ,0 ,0 
577,15.5634 ,6.77956e-05 ,0 ,0 
578,15.5904 ,6.61686e-05 ,0 ,0 
579,15.6174 ,6.45785e-05 ,0 ,0 
580,15.6444 ,6.30248e-05 ,0 ,0 
581,15.6713 ,6.15065e-05 ,0 ,0 
582,15.6983 ,6.00229e-05 ,0 ,0 
583,15.7253 ,5.85734e-05 ,0 ,0 
584,15.7523 ,5.71572e-05 ,0 ,0 
585,15.7792 ,5.57736e-05 ,0 ,0 
586,15.8062 ,5.44219e-05 ,0 ,0 
587,15.8332 ,5.31015e-05 ,0 ,0 
588,15.8602 ,5.18116e-05 ,0 ,0 
589,15.8871 ,5.05516e-05 ,0 ,0 
590,15.9141 ,4.93209e-05 ,0 ,0 
591,15.9411 ,4.81189e-05 ,0 ,0 
592,15.968 ,4.69448e-05 ,0 ,0 
593,15.995 ,4.57982e-05 ,0 ,0 
594,16.022 ,4.46785e-05 ,0 ,0 
595,16.049 ,4.35849e-05 ,0 ,0 
596,16.0759 ,4.25171e-05 ,0 ,0 
597,16.1029 ,4.14743e-05 ,0 ,0 
598,16.1299 ,4.04561e-05 ,0 ,0 
599,16.1569 ,3.94619e-05 ,0 ,0 
600,16.1838 ,3.84912e-05 ,0 ,0 
601,16.2108 ,3.75435e-05 ,0 ,0 
602,16.2378 ,3.66182e-05 ,0 ,0 
603,16.2647 ,3.57149e-05 ,0 ,0 
604,16.2917 ,3.48331e-05 ,0 ,0 
605,16.3187 ,3.39722e-05 ,0 ,0 
606,16.3457 ,3.31319e-05 ,0 ,0 
607,16.3726 ,3.23116e-05 ,0 ,0 
608,16.3996 ,3.1511e-05 ,0 ,0 
609,16.4266 ,3.07295e-05 ,0 ,0 
610,16.4536 ,2.99667e-05 ,0 ,0 
611,16.4805 ,2.92223e-05 ,0 ,0 
612,16.5075 ,2.84957e-05 ,0 ,0 
613,16.5345 ,2.77866e-05 ,0 ,0 
614,16.5614 ,2.70946e-05 ,0 ,0 
615,16.5884 ,2.64193e-05 ,0 ,0 
616,16.6154 ,2.57603e-05 ,0 ,0 
617,16.6424 ,2.51173e-05 ,0 ,0 
618,16.6693 ,2.44898e-05 ,0 ,0 
619,16.6963 ,2.38776e-05 ,0 ,0 
620,16.7233 ,2.32802e-05 ,0 ,0 
621,16.7503 ,2.26973e-05 ,0 ,0 
622,16.7772 ,2.21286e-05 ,0 ,0 
623,16.8042 ,2.15738e-05 ,0 ,0 
624,16.8312 ,2.10325e-05 ,0 ,0 
625,16.8582 ,2.05044e-05 ,0 ,0 
626,16.8851 ,1.99892e-05 ,0 ,0 
627,16.9121 ,1.94866e-05 ,0 ,0 
628,16.9391 ,1.89963e-05 ,0 ,0 
629,16.966 ,1.85181e-05 ,0 ,0 
630,16.993 ,1.80516e-05 ,0 ,0 
631,17.02 ,1.75965e-05 ,0 ,0 
632,17.047 ,1.71527e-05 ,0 ,0 
633,17.0739 ,1.67198e-05 ,0 ,0 
634,17.1009 ,1.62975e-05 ,0 ,0 
635,17.1279 ,1.58857e-05 ,0 ,0 
636,17.1549 ,1.5484e-05 ,0 ,0 
637,17.1818 ,1.50923e-05 ,0 ,0 
638,17.2088 ,1.47102e-05 ,0 ,0 
639,17.2358 ,1.43376e-05 ,0 ,0 
640,17.2627 ,1.39743e-05 ,0 ,0 
641,17.2897 ,1.36199e-05 ,0 ,0 
642,17.3167 ,1.32744e-05 ,0 ,0 
643,17.3437 ,1.29374e-05 ,0 ,0 
644,17.3706 ,1.26088e-05 ,0 ,0 
645,17.3976 ,1.22884e-05 ,0 ,0 
646,17.4246 ,1.1976e-05 ,0 ,0 
647,17.4516 ,1.16714e-05 ,0 ,0 
648,17.4785 ,1.13744e-05 ,0 ,0 
649,17.5055 ,1.10848e-05 ,0 ,0 
650,17.5325 ,1.08024e-05 ,0 ,0 
651,17.5595 ,1.05271e-05 ,0 ,0 
652,17.5864 ,1.02587e-05 ,0 ,0 
653,17.6134 ,9.99699e-06 ,0 ,0 
654,17.6404 ,9.74186e-06 ,0 ,0 
655,17.6673 ,9.49313e-06 ,0 ,0 
656,17.6943 ,9.25065e-06 ,0 ,0 
657,17.7213 ,9.01426e-06 ,0 ,0 
658,17.7483 ,8.78381e-06 ,0 ,0 
659,17.7752 ,8.55916e-06 ,0 ,0 
660,17.8022 ,8.34016e-06 ,0 ,0 
661,17.8292 ,8.12669e-06 ,0 ,0 
662,17.8562 ,7.91859e-06 ,0 ,0 
663,17.8831 ,7.71575e-06 ,0 ,0 
664,17.9101 ,7.51802e-06 ,0 ,0 
665,17.9371 ,7.32529e-06 ,0 ,0 
666,17.964 ,7.13743e-06 ,0 ,0 
667,17.991 ,6.95432e-06 ,0 ,0 
668,18.018 ,6.77585e-06 ,0 ,0 
669,18.045 ,6.60189e-06 ,0 ,0 
670,18.0719 ,6.43234e-06 ,0 ,0 
671,18.0989 ,6.2671e-06 ,0 ,0 
672,18.1259 ,6.10604e-06 ,0 ,0 
673,18.1529 ,5.94907e-06 ,0 ,0 
674,18.1798 ,5.79608e-06 ,0 ,0 
675,18.2068 ,5.64699e-06 ,0 ,0 
676,18.2338 ,5.50168e-06 ,0 ,0 
677,18.2607 ,5.36007e-06 ,0 ,0 
678,18.2877 ,5.22207e-06 ,0 ,0 
679,18.3147 ,5.08757e-06 ,0 ,0 
680,18.3417 ,4.95651e-06 ,0 ,0 
681,18.3686 ,4.82878e-06 ,0 ,0 
682,18.3956 ,4.70431e-06 ,0 ,0 
683,18.4226 ,4.58302e-06 ,0 ,0 
684,18.4496 ,4.46483e-06 ,0 ,0 
685,18.4765 ,4.34965e-06 ,0 ,0 
686,18.5035 ,4.23741e-06 ,0 ,0 
687,18.5305 ,4.12805e-06 ,0 ,0 
688,18.5575 ,4.02148e-06 ,0 ,0 
689,18.5844 ,3.91763e-06 ,0 ,0 
690,18.6114 ,3.81645e-06 ,0 ,0 
691,18.6384 ,3.71786e-06 ,0 ,0 
692,18.6653 ,3.62179e-06 ,0 ,0 
693,18.6923 ,3.52818e-06 ,0 ,0 
694,18.7193 ,3.43698e-06 ,0 ,0 
695,18.7463 ,3.34811e-06 ,0 ,0 
696,18.7732 ,3.26152e-06 ,0 ,0 
697,18.8002 ,3.17716e-06 ,0 ,0 
698,18.8272 ,3.09496e-06 ,0 ,0 
699,18.8542 ,3.01488e-06 ,0 ,0 
700,18.8811 ,2.93685e-06 ,0 ,0 
701,18.9081 ,2.86083e-06 ,0 ,0 
702,18.9351 ,2.78676e-06 ,0 ,0 
703,18.962 ,2.7146e-06 ,0 ,0 
704,18.989 ,2.6443e-06 ,0 ,0 
705,19.016 ,2.5758e-06 ,0 ,0 
706,19.043 ,2.50907e-06 ,0 ,0 
707,19.0699 ,2.44406e-06 ,0 ,0 
708,19.0969 ,2.38073e-06 ,0 ,0 
709,19.1239 ,2.31902e-06 ,0 ,0 
710,19.1509 ,2.25891e-06 ,0 ,0 
711,19.1778 ,2.20035e-06 ,0 ,0 
712,19.2048 ,2.1433e-06 ,0 ,0 
713,19.2318 ,2.08772e-06 ,0 ,0 
714,19.2587 ,2.03358e-06 ,0 ,0 
715,19.2857 ,1.98084e-06 ,0 ,0 
716,19.3127 ,1.92946e-06 ,0 ,0 
717,19.3397 ,1.8794e-06 ,0 ,0 
718,19.3666 ,1.83064e-06 ,0 ,0 
719,19.3936 ,1.78314e-06 ,0 ,0 
720,19.4206 ,1.73687e-06 ,0 ,0 
721,19.4476 ,1.69179e-06 ,0 ,0 
722,19.4745 ,1.64789e-06 ,0 ,0 
723,19.5015 ,1.60511e-06 ,0 ,0 
724,19.5285 ,1.56345e-06 ,0 ,0 
725,19.5555 ,1.52286e-06 ,0 ,0 
726,19.5824 ,1.48333e-06 ,0 ,0 
727,19.6094 ,1.44482e-06 ,0 ,0 
728,19.6364 ,1.40731e-06 ,0 ,0 
729,19.6633 ,1.37076e-06 ,0 ,0 
730,19.6903 ,1.33517e-06 ,0 ,0 
731,19.7173 ,1.3005e-06 ,0 ,0 
732,19.7443 ,1.26673e-06 ,0 ,0 
733,19.7712 ,1.23383e-06 ,0 ,0 
734,19.7982 ,1.20179e-06 ,0 ,0 
735,19.8252 ,1.17058e-06 ,0 ,0 
736,19.8522 ,1.14018e-06 ,0 ,0 
737,19.8791 ,1.11057e-06 ,0 ,0 
738,19.9061 ,1.08173e-06 ,0 ,0 
739,19.9331 ,1.05363e-06 ,0 ,0 
740,19.96 ,1.02627e-06 ,0 ,0 
741,19.987 ,9.99615e-07 ,0 ,0 
742,20.014 ,9.73655e-07 ,0 ,0 
743,20.041 ,9.48369e-07 ,0 ,0 
744,20.0679 ,9.2374e-07 ,0 ,0 
745,20.0949 ,8.99751e-07 ,0 ,0 
746,20.1219 ,8.76386e-07 ,0 ,0 
747,20.1489 ,8.53628e-07 ,0 ,0 
748,20.1758 ,8.31463e-07 ,0 ,0 
749,20.2028 ,8.09874e-07 ,0 ,0 
750,20.2298 ,7.88846e-07 ,0 ,0 
751,20.2568 ,7.68365e-07 ,0 ,0 
752,20.2837 ,7.48418e-07 ,0 ,0 
753,20.3107 ,7.28989e-07 ,0 ,0 
754,20.3377 ,7.10066e-07 ,0 ,0 
755,20.3646 ,6.91636e-07 ,0 ,0 
756,20.3916 ,6.73685e-07 ,0 ,0 
757,20.4186 ,6.56202e-07 ,0 ,0 
758,20.4456 ,6.39174e-07 ,0 ,0 
759,20.4725 ,6.22589e-07 ,0 ,0 
760,20.4995 ,6.06436e-07 ,0 ,0 
761,20.5265 ,5.90704e-07 ,0 ,0 
762,20.5535 ,5.75382e-07 ,0 ,0 
763,20.5804 ,5.60459e-07 ,0 ,0 
764,20.6074 ,5.45925e-07 ,0 ,0 
765,20.6344 ,5.31769e-07 ,0 ,0 
766,20.6613 ,5.17983e-07 ,0 ,0 
767,20.6883 ,5.04555e-07 ,0 ,0 
768,20.7153 ,4.91478e-07 ,0 ,0 
769,20.7423 ,4.78741e-07 ,0 ,0 
770,20.7692 ,4.66337e-07 ,0 ,0 
771,20.7962 ,4.54255e-07 ,0 ,0 
772,20.8232 ,4.42489e-07 ,0 ,0 
773,20.8502 ,4.31029e-07 ,0 ,0 
774,20.8771 ,4.19869e-07 ,0 ,0 
775,20.9041 ,4.08999e-07 ,0 ,0 
776,20.9311 ,3.98413e-07 ,0 ,0 
777,20.958 ,3.88102e-07 ,0 ,0 
778,20.985 ,3.78061e-07 ,0 ,0 
779,21.012 ,3.68281e-07 ,0 ,0 
780,21.039 ,3.58757e-07 ,0 ,0 
781,21.0659 ,3.49481e-07 ,0 ,0 
782,21.0929 ,3.40447e-07 ,0 ,0 
783,21.1199 ,3.31648e-07 ,0 ,0 
784,21.1469 ,3.23079e-07 ,0 ,0 
785,21.1738 ,3.14734e-07 ,0 ,0 
786,21.2008 ,3.06606e-07 ,0 ,0 
787,21.2278 ,2.9869e-07 ,0 ,0 
788,21.2548 ,2.90981e-07 ,0 ,0 
789,21.2817 ,2.83473e-07 ,0 ,0 
790,21.3087 ,2.76161e-07 ,0 ,0 
791,21.3357 ,2.69039e-07 ,0 ,0 
792,21.3626 ,2.62104e-07 ,0 ,0 
793,21.3896 ,2.55349e-07 ,0 ,0 
794,21.4166 ,2.48771e-07 ,0 ,0 
795,21.4436 ,2.42364e-07 ,0 ,0 
796,21.4705 ,2.36124e-07 ,0 ,0 
797,21.4975 ,2.30047e-07 ,0 ,0 
798,21.5245 ,2.24129e-07 ,0 ,0 
799,21.5515 ,2.18365e-07 ,0 ,0 
800,21.5784 ,2.12751e-07 ,0 ,0 
801,21.6054 ,2.07284e-07 ,0 ,0 
802,21.6324 ,2.0196e-07 ,0 ,0 
803,21.6593 ,1.96774e-07 ,0 ,0 
804,21.6863 ,1.91724e-07 ,0 ,0 
805,21.7133 ,1.86805e-07 ,0 ,0 
806,21.7403 ,1.82015e-07 ,0 ,0 
807,21.7672 ,1.7735e-07 ,0 ,0 
808,21.7942 ,1.72806e-07 ,0 ,0 
809,21.8212 ,1.68381e-07 ,0 ,0 
810,21.8482 ,1.64071e-07 ,0 ,0 
811,21.8751 ,1.59874e-07 ,0 ,0 
812,21.9021 ,1.55786e-07 ,0 ,0 
813,21.9291 ,1.51805e-07 ,0 ,0 
814,21.956 ,1.47928e-07 ,0 ,0 
815,21.983 ,1.44152e-07 ,0 ,0 
816,22.01 ,1.40474e-07 ,0 ,0 
817,22.037 ,1.36892e-07 ,0 ,0 
818,22.0639 ,1.33404e-07 ,0 ,0 
819,22.0909 ,1.30006e-07 ,0 ,0 
820,22.1179 ,1.26697e-07 ,0 ,0 
821,22.1449 ,1.23475e-07 ,0 ,0 
822,22.1718 ,1.20336e-07 ,0 ,0 
823,22.1988 ,1.1728e-07 ,0 ,0 
824,22.2258 ,1.14303e-07 ,0 ,0 
825,22.2528 ,1.11403e-07 ,0 ,0 
826,22.2797 ,1.08579e-07 ,0 ,0 
827,22.3067 ,1.05829e-07 ,0 ,0 
828,22.3337 ,1.0315e-07 ,0 ,0 
829,22.3606 ,1.00541e-07 ,0 ,0 
830,22.3876 ,9.80006e-08 ,0 ,0 
831,22.4146 ,9.5526e-08 ,0 ,0 
832,22.4416 ,9.31159e-08 ,0 ,0 
833,22.4685 ,9.07685e-08 ,0 ,0 
834,22.4955 ,8.84823e-08 ,0 ,0 
835,22.5225 ,8.62556e-08 ,0 ,0 
836,22.5495 ,8.4087e-08 ,0 ,0 
837,22.5764 ,8.19748e-08 ,0 ,0 
838,22.6034 ,7.99176e-08 ,0 ,0 
839,22.6304 ,7.7914e-08 ,0 ,0 
840,22.6573 ,7.59626e-08 ,0 ,0 
841,22.6843 ,7.4062e-08 ,0 ,0 
842,22.7113 ,7.22108e-08 ,0 ,0 
843,22.7383 ,7.04078e-08 ,0 ,0 
844,22.7652 ,6.86518e-08 ,0 ,0 
845,22.7922 ,6.69415e-08 ,0 ,0 
846,22.8192 ,6.52757e-08 ,0 ,0 
847,22.8462 ,6.36532e-08 ,0 ,0 
848,22.8731 ,6.20729e-08 ,0 ,0 
849,22.9001 ,6.05338e-08 ,0 ,0 
850,22.9271 ,5.90347e-08 ,0 ,0 
851,22.9541 ,5.75745e-08 ,0 ,0 
852,22.981 ,5.61524e-08 ,0 ,0 
853,23.008 ,5.47673e-08 ,0 ,0 
854,23.035 ,5.34181e-08 ,0 ,0 
855,23.0619 ,5.21041e-08 ,0 ,0 
856,23.0889 ,5.08242e-08 ,0 ,0 
857,23.1159 ,4.95775e-08 ,0 ,0 
858,23.1429 ,4.83633e-08 ,0 ,0 
859,23.1698 ,4.71807e-08 ,0 ,0 
860,23.1968 ,4.60288e-08 ,0 ,0 
861,23.2238 ,4.49068e-08 ,0 ,0 
862,23.2508 ,4.38139e-08 ,0 ,0 
863,23.2777 ,4.27495e-08 ,0 ,0 
864,23.3047 ,4.17127e-08 ,0 ,0 
865,23.3317 ,4.07028e-08 ,0 ,0 
866,23.3586 ,3.97192e-08 ,0 ,0 
867,23.3856 ,3.87611e-08 ,0 ,0 
868,23.4126 ,3.78279e-08 ,0 ,0 
869,23.4396 ,3.69189e-08 ,0 ,0 
870,23.4665 ,3.60336e-08 ,0 ,0 
871,23.4935 ,3.51712e-08 ,0 ,0 
872,23.5205 ,3.43312e-08 ,0 ,0 
873,23.5475 ,3.3513e-08 ,0 ,0 
874,23.5744 ,3.2716e-08 ,0 ,0 
875,23.6014 ,3.19398e-08 ,0 ,0 
876,23.6284 ,3.11836e-08 ,0 ,0 
877,23.6553 ,3.04471e-08 ,0 ,0 
878,23.6823 ,2.97297e-08 ,0 ,0 
879,23.7093 ,2.9031e-08 ,0 ,0 
880,23.7363 ,2.83503e-08 ,0 ,0 
881,23.7632 ,2.76873e-08 ,0 ,0 
882,23.7902 ,2.70415e-08 ,0 ,0 
883,23.8172 ,2.64125e-08 ,0 ,0 
884,23.8442 ,2.57998e-08 ,0 ,0 
885,23.8711 ,2.5203e-08 ,0 ,0 
886,23.8981 ,2.46216e-08 ,0 ,0 
887,23.9251 ,2.40554e-08 ,0 ,0 
888,23.9521 ,2.35038e-08 ,0 ,0 
889,23.979 ,2.29665e-08 ,0 ,0 
890,24.006 ,2.24432e-08 ,0 ,0 
891,24.033 ,2.19335e-08 ,0 ,0 
892,24.0599 ,2.14369e-08 ,0 ,0 
893,24.0869 ,2.09533e-08 ,0 ,0 
894,24.1139 ,2.04822e-08 ,0 ,0 
895,24.1409 ,2.00234e-08 ,0 ,0 
896,24.1678 ,1.95764e-08 ,0 ,0 
897,24.1948 ,1.91411e-08 ,0 ,0 
898,24.2218 ,1.8717e-08 ,0 ,0 
899,24.2488 ,1.8304e-08 ,0 ,0 
900,24.2757 ,1.79017e-08 ,0 ,0 
901,24.3027 ,1.75098e-08 ,0 ,0 
902,24.3297 ,1.71281e-08 ,0 ,0 
903,24.3566 ,1.67563e-08 ,0 ,0 
904,24.3836 ,1.63942e-08 ,0 ,0 
905,24.4106 ,1.60416e-08 ,0 ,0 
906,24.4376 ,1.5698e-08 ,0 ,0 
907,24.4645 ,1.53635e-08 ,0 ,0 
908,24.4915 ,1.50376e-08 ,0 ,0 
909,24.5185 ,1.47202e-08 ,0 ,0 
910,24.5455 ,1.44111e-08 ,0 ,0 
911,24.5724 ,1.411e-08 ,0 ,0 
912,24.5994 ,1.38168e-08 ,0 ,0 
913,24.6264 ,1.35313e-08 ,0 ,0 
914,24.6533 ,1.32532e-08 ,0 ,0 
915,24.6803 ,1.29823e-08 ,0 ,0 
916,24.7073 ,1.27186e-08 ,0 ,0 
917,24.7343 ,1.24617e-08 ,0 ,0 
918,24.7612 ,1.22116e-08 ,0 ,0 
919,24.7882 ,1.1968e-08 ,0 ,0 
920,24.8152 ,1.17308e-08 ,0 ,0 
921,24.8422 ,1.14998e-08 ,0 ,0 
922,24.8691 ,1.12749e-08 ,0 ,0 
923,24.8961 ,1.1056e-08 ,0 ,0 
924,24.9231 ,1.08427e-08 ,0 ,0 
925,24.9501 ,1.06352e-08 ,0 ,0 
926,24.977 ,1.0433e-08 ,0 ,0 
927,25.004 ,1.02363e-08 ,0 ,0 
928,25.031 ,1.00447e-08 ,0 ,0 
929,25.0579 ,9.85826e-09 ,0 ,0 
930,25.0849 ,9.67674e-09 ,0 ,0 
931,25.1119 ,9.50005e-09 ,0 ,0 
932,25.1389 ,9.32808e-09 ,0 ,0 
933,25.1658 ,9.1607e-09 ,0 ,0 
934,25.1928 ,8.9978e-09 ,0 ,0 
935,25.2198 ,8.83927e-09 ,0 ,0 
936,25.2468 ,8.68501e-09 ,0 ,0 
937,25.2737 ,8.53491e-09 ,0 ,0 
938,25.3007 ,8.38887e-09 ,0 ,0 
939,25.3277 ,8.24679e-09 ,0 ,0 
940,25.3546 ,8.10857e-09 ,0 ,0 
941,25.3816 ,7.97412e-09 ,0 ,0 
942,25.4086 ,7.84336e-09 ,0 ,0 
943,25.4356 ,7.71618e-09 ,0 ,0 
944,25.4625 ,7.59252e-09 ,0 ,0 
945,25.4895 ,7.47228e-09 ,0 ,0 
946,25.5165 ,7.35538e-09 ,0 ,0 
947,25.5435 ,7.24174e-09 ,0 ,0 
948,25.5704 ,7.1313e-09 ,0 ,0 
949,25.5974 ,7.02396e-09 ,0 ,0 
950,25.6244 ,6.91967e-09 ,0 ,0 
951,25.6514 ,6.81835e-09 ,0 ,0 
952,25.6783 ,6.71993e-09 ,0 ,0 
953,25.7053 ,6.62435e-09 ,0 ,0 
954,25.7323 ,6.53154e-09 ,0 ,0 
955,25.7592 ,6.44144e-09 ,0 ,0 
956,25.7862 ,6.354e-09 ,0 ,0 
957,25.8132 ,6.26914e-09 ,0 ,0 
958,25.8402 ,6.18682e-09 ,0 ,0 
959,25.8671 ,6.10698e-09 ,0 ,0 
960,25.8941 ,6.02957e-09 ,0 ,0 
961,25.9211 ,5.95453e-09 ,0 ,0 
962,25.9481 ,5.88181e-09 ,0 ,0 
963,25.975 ,5.81137e-09 ,0 ,0 
964,26.002 ,5.74315e-09 ,0 ,0 
965,26.029 ,5.67712e-09 ,0 ,0 
966,26.0559 ,5.61322e-09 ,0 ,0 
967,26.0829 ,5.55142e-09 ,0 ,0 
968,26.1099 ,5.49167e-09 ,0 ,0 
969,26.1369 ,5.43394e-09 ,0 ,0 
970,26.1638 ,5.37818e-09 ,0 ,0 
971,26.1908 ,5.32435e-09 ,0 ,0 
972,26.2178 ,5.27243e-09 ,0 ,0 
973,26.2448 ,5.22237e-09 ,0 ,0 
974,26.2717 ,5.17415e-09 ,0 ,0 
975,26.2987 ,5.12772e-09 ,0 ,0 
976,26.3257 ,5.08306e-09 ,0 ,0 
977,26.3526 ,5.04014e-09 ,0 ,0 
978,26.3796 ,4.99892e-09 ,0 ,0 
979,26.4066 ,4.95939e-09 ,0 ,0 
980,26.4336 ,4.9215e-09 ,0 ,0 
981,26.4605 ,4.88525e-09 ,0 ,0 
982,26.4875 ,4.8506e-09 ,0 ,0 
983,26.5145 ,4.81752e-09 ,0 ,0 
984,26.5415 ,4.78601e-09 ,0 ,0 
985,26.5684 ,4.75602e-09 ,0 ,0 
986,26.5954 ,4.72755e-09 ,0 ,0 
987,26.6224 ,4.70057e-09 ,0 ,0 
988,26.6494 ,4.67507e-09 ,0 ,0 
989,26.6763 ,4.65102e-09 ,0 ,0 
990,26.7033 ,4.62841e-09 ,0 ,0 
991,26.7303 ,4.60723e-09 ,0 ,0 
992,26.7572 ,4.58745e-09 ,0 ,0 
993,26.7842 ,4.56906e-09 ,0 ,0 
994,26.8112 ,4.55206e-09 ,0 ,0 
995,26.8382 ,4.53642e-09 ,0 ,0 
996,26.8651 ,4.52213e-09 ,0 ,0 
997,26.8921 ,4.50919e-09 ,0 ,0 
998,26.9191 ,4.49758e-09 ,0 ,0 
999,26.9461 ,4.4873e-09 ,0 ,0 
1000,26.973 ,4.47833e-09 ,0 ,0 