N_e = 2
1,0.027 ,0.00454679 ,0 ,0 
2,0.053973 ,0.00455134 ,0 ,0 
3,0.080946 ,0.00455232 ,0 ,0 
4,0.107919 ,0.00455219 ,0 ,0 
5,0.134892 ,0.00455146 ,0 ,0 
6,0.161865 ,0.00455029 ,0 ,0 
7,0.188838 ,0.00454875 ,0 ,0 
8,0.215811 ,0.00454688 ,0 ,0 
9,0.242784 ,0.0045447 ,0 ,0 
10,0.269757 ,0.00454222 ,0 ,0 
11,0.29673 ,0.00453945 ,0 ,0 
12,0.323703 ,0.00453639 ,0 ,0 
13,0.350676 ,0.00453304 ,0 ,0 
14,0.377649 ,0.00452942 ,0 ,0 
15,0.404622 ,0.00452551 ,0 ,0 
16,0.431595 ,0.00452133 ,0 ,0 
17,0.458568 ,0.00451687 ,0 ,0 
18,0.485541 ,0.00451213 ,0 ,0 
19,0.512514 ,0.00450712 ,0 ,0 
20,0.539487 ,0.00450184 ,0 ,0 
21,0.56646 ,0.00449629 ,0 ,0 
22,0.593433 ,0.00449046 ,0 ,0 
23,0.620406 ,0.00448436 ,0 ,0 
24,0.647379 ,0.00447798 ,0 ,0 
25,0.674352 ,0.00447134 ,0 ,0 
26,0.701325 ,0.00446443 ,0 ,0 
27,0.728298 ,0.00445724 ,0 ,0 
28,0.755271 ,0.00444979 ,0 ,0 
29,0.782244 ,0.00444207 ,0 ,0 
30,0.809217 ,0.00443408 ,0 ,0 
31,0.83619 ,0.00442582 ,0 ,0 
32,0.863163 ,0.0044173 ,0 ,0 
33,0.890136 ,0.0044085 ,0 ,0 
34,0.917109 ,0.00439945 ,0 ,0 
35,0.944082 ,0.00439012 ,0 ,0 
36,0.971055 ,0.00438053 ,0 ,0 
37,0.998028 ,0.00437068 ,0 ,0 
38,1.025 ,0.00436056 ,0 ,0 
39,1.05197 ,0.00435018 ,0 ,0 
40,1.07895 ,0.00433954 ,0 ,0 
41,1.10592 ,0.00432864 ,0 ,0 
42,1.13289 ,0.00431748 ,0 ,0 
43,1.15987 ,0.00430605 ,0 ,0 
44,1.18684 ,0.00429437 ,0 ,0 
45,1.21381 ,0.00428243 ,0 ,0 
46,1.24079 ,0.00427023 ,0 ,0 
47,1.26776 ,0.00425777 ,0 ,0 
48,1.29473 ,0.00424506 ,0 ,0 
49,1.3217 ,0.0042321 ,0 ,0 
50,1.34868 ,0.00421888 ,0 ,0 
51,1.37565 ,0.00420541 ,0 ,0 
52,1.40262 ,0.00419169 ,0 ,0 
53,1.4296 ,0.00417772 ,0 ,0 
54,1.45657 ,0.0041635 ,0 ,0 
55,1.48354 ,0.00414903 ,0 ,0 
56,1.51051 ,0.00413432 ,0 ,0 
57,1.53749 ,0.00411936 ,0 ,0 
58,1.56446 ,0.00410416 ,0 ,0 
59,1.59143 ,0.00408872 ,0 ,0 
60,1.61841 ,0.00407303 ,0 ,0 
61,1.64538 ,0.00405711 ,0 ,0 
62,1.67235 ,0.00404095 ,0 ,0 
63,1.69933 ,0.00402456 ,0 ,0 
64,1.7263 ,0.00400793 ,0 ,0 
65,1.75327 ,0.00399106 ,0 ,0 
66,1.78024 ,0.00397397 ,0 ,0 
67,1.80722 ,0.00395665 ,0 ,0 
68,1.83419 ,0.0039391 ,0 ,0 
69,1.86116 ,0.00392133 ,0 ,0 
70,1.88814 ,0.00390333 ,0 ,0 
71,1.91511 ,0.00388512 ,0 ,0 
72,1.94208 ,0.00386668 ,0 ,0 
73,1.96906 ,0.00384803 ,0 ,0 
74,1.99603 ,0.00382916 ,0 ,0 
75,2.023 ,0.00381008 ,0 ,0 
76,2.04998 ,0.00379079 ,0 ,0 
77,2.07695 ,0.0037713 ,0 ,0 
78,2.10392 ,0.0037516 ,0 ,0 
79,2.13089 ,0.00373169 ,0 ,0 
80,2.15787 ,0.00371159 ,0 ,0 
81,2.18484 ,0.00369129 ,0 ,0 
82,2.21181 ,0.00367079 ,0 ,0 
83,2.23879 ,0.00365011 ,0 ,0 
84,2.26576 ,0.00362923 ,0 ,0 
85,2.29273 ,0.00360817 ,0 ,0 
86,2.31971 ,0.00358692 ,0 ,0 
87,2.34668 ,0.0035655 ,0 ,0 
88,2.37365 ,0.00354389 ,0 ,0 
89,2.40062 ,0.00352211 ,0 ,0 
90,2.4276 ,0.00350016 ,0 ,0 
91,2.45457 ,0.00347805 ,0 ,0 
92,2.48154 ,0.00345576 ,0 ,0 
93,2.50852 ,0.00343332 ,0 ,0 
94,2.53549 ,0.00341072 ,0 ,0 
95,2.56246 ,0.00338796 ,0 ,0 
96,2.58944 ,0.00336505 ,0 ,0 
97,2.61641 ,0.00334199 ,0 ,0 
98,2.64338 ,0.00331879 ,0 ,0 
99,2.67035 ,0.00329545 ,0 ,0 
100,2.69733 ,0.00327197 ,0 ,0 
101,2.7243 ,0.00324836 ,0 ,0 
102,2.75127 ,0.00322462 ,0 ,0 
103,2.77825 ,0.00320075 ,0 ,0 
104,2.80522 ,0.00317676 ,0 ,0 
105,2.83219 ,0.00315265 ,0 ,0 
106,2.85917 ,0.00312843 ,0 ,0 
107,2.88614 ,0.00310409 ,0 ,0 
108,2.91311 ,0.00307966 ,0 ,0 
109,2.94008 ,0.00305512 ,0 ,0 
110,2.96706 ,0.00303048 ,0 ,0 
111,2.99403 ,0.00300574 ,0 ,0 
112,3.021 ,0.00298092 ,0 ,0 
113,3.04798 ,0.00295601 ,0 ,0 
114,3.07495 ,0.00293103 ,0 ,0 
115,3.10192 ,0.00290596 ,0 ,0 
116,3.12889 ,0.00288082 ,0 ,0 
117,3.15587 ,0.00285561 ,0 ,0 
118,3.18284 ,0.00283034 ,0 ,0 
119,3.20981 ,0.00280501 ,0 ,0 
120,3.23679 ,0.00277963 ,0 ,0 
121,3.26376 ,0.00275419 ,0 ,0 
122,3.29073 ,0.00272871 ,0 ,0 
123,3.31771 ,0.00270318 ,0 ,0 
124,3.34468 ,0.00267762 ,0 ,0 
125,3.37165 ,0.00265203 ,0 ,0 
126,3.39863 ,0.00262641 ,0 ,0 
127,3.4256 ,0.00260076 ,0 ,0 
128,3.45257 ,0.00257509 ,0 ,0 
129,3.47954 ,0.00254941 ,0 ,0 
130,3.50652 ,0.00252372 ,0 ,0 
131,3.53349 ,0.00249803 ,0 ,0 
132,3.56046 ,0.00247233 ,0 ,0 
133,3.58744 ,0.00244663 ,0 ,0 
134,3.61441 ,0.00242095 ,0 ,0 
135,3.64138 ,0.00239527 ,0 ,0 
136,3.66836 ,0.00236962 ,0 ,0 
137,3.69533 ,0.00234398 ,0 ,0 
138,3.7223 ,0.00231837 ,0 ,0 
139,3.74927 ,0.00229279 ,0 ,0 
140,3.77625 ,0.00226725 ,0 ,0 
141,3.80322 ,0.00224175 ,0 ,0 
142,3.83019 ,0.00221628 ,0 ,0 
143,3.85717 ,0.00219087 ,0 ,0 
144,3.88414 ,0.00216551 ,0 ,0 
145,3.91111 ,0.00214021 ,0 ,0 
146,3.93809 ,0.00211497 ,0 ,0 
147,3.96506 ,0.00208979 ,0 ,0 
148,3.99203 ,0.00206468 ,0 ,0 
149,4.019 ,0.00203965 ,0 ,0 
150,4.04598 ,0.0020147 ,0 ,0 
151,4.07295 ,0.00198982 ,0 ,0 
152,4.09992 ,0.00196504 ,0 ,0 
153,4.1269 ,0.00194034 ,0 ,0 
154,4.15387 ,0.00191574 ,0 ,0 
155,4.18084 ,0.00189124 ,0 ,0 
156,4.20782 ,0.00186684 ,0 ,0 
157,4.23479 ,0.00184254 ,0 ,0 
158,4.26176 ,0.00181836 ,0 ,0 
159,4.28873 ,0.00179428 ,0 ,0 
160,4.31571 ,0.00177033 ,0 ,0 
161,4.34268 ,0.0017465 ,0 ,0 
162,4.36965 ,0.00172279 ,0 ,0 
163,4.39663 ,0.0016992 ,0 ,0 
164,4.4236 ,0.00167575 ,0 ,0 
165,4.45057 ,0.00165244 ,0 ,0 
166,4.47755 ,0.00162926 ,0 ,0 
167,4.50452 ,0.00160622 ,0 ,0 
168,4.53149 ,0.00158333 ,0 ,0 
169,4.55846 ,0.00156059 ,0 ,0 
170,4.58544 ,0.00153799 ,0 ,0 
171,4.61241 ,0.00151555 ,0 ,0 
172,4.63938 ,0.00149326 ,0 ,0 
173,4.66636 ,0.00147114 ,0 ,0 
174,4.69333 ,0.00144917 ,0 ,0 
175,4.7203 ,0.00142737 ,0 ,0 
176,4.74728 ,0.00140574 ,0 ,0 
177,4.77425 ,0.00138427 ,0 ,0 
178,4.80122 ,0.00136298 ,0 ,0 
179,4.82819 ,0.00134186 ,0 ,0 
180,4.85517 ,0.00132092 ,0 ,0 
181,4.88214 ,0.00130016 ,0 ,0 
182,4.90911 ,0.00127957 ,0 ,0 
183,4.93609 ,0.00125917 ,0 ,0 
184,4.96306 ,0.00123896 ,0 ,0 
185,4.99003 ,0.00121892 ,0 ,0 
186,5.01701 ,0.00119908 ,0 ,0 
187,5.04398 ,0.00117943 ,0 ,0 
188,5.07095 ,0.00115997 ,0 ,0 
189,5.09792 ,0.0011407 ,0 ,0 
190,5.1249 ,0.00112162 ,0 ,0 
191,5.15187 ,0.00110274 ,0 ,0 
192,5.17884 ,0.00108406 ,0 ,0 
193,5.20582 ,0.00106557 ,0 ,0 
194,5.23279 ,0.00104728 ,0 ,0 
195,5.25976 ,0.0010292 ,0 ,0 
196,5.28674 ,0.00101131 ,0 ,0 
197,5.31371 ,0.000993622 ,0 ,0 
198,5.34068 ,0.000976139 ,0 ,0 
199,5.36765 ,0.000958858 ,0 ,0 
200,5.39463 ,0.00094178 ,0 ,0 
201,5.4216 ,0.000924907 ,0 ,0 
202,5.44857 ,0.000908238 ,0 ,0 
203,5.47555 ,0.000891773 ,0 ,0 
204,5.50252 ,0.000875513 ,0 ,0 
205,5.52949 ,0.000859458 ,0 ,0 
206,5.55647 ,0.000843608 ,0 ,0 
207,5.58344 ,0.000827964 ,0 ,0 
208,5.61041 ,0.000812525 ,0 ,0 
209,5.63738 ,0.00079729 ,0 ,0 
210,5.66436 ,0.000782261 ,0 ,0 
211,5.69133 ,0.000767436 ,0 ,0 
212,5.7183 ,0.000752815 ,0 ,0 
213,5.74528 ,0.000738398 ,0 ,0 
214,5.77225 ,0.000724185 ,0 ,0 
215,5.79922 ,0.000710174 ,0 ,0 
216,5.8262 ,0.000696366 ,0 ,0 
217,5.85317 ,0.000682759 ,0 ,0 
218,5.88014 ,0.000669353 ,0 ,0 
219,5.90711 ,0.000656147 ,0 ,0 
220,5.93409 ,0.000643141 ,0 ,0 
221,5.96106 ,0.000630333 ,0 ,0 
222,5.98803 ,0.000617722 ,0 ,0 
223,6.01501 ,0.000605308 ,0 ,0 
224,6.04198 ,0.000593089 ,0 ,0 
225,6.06895 ,0.000581064 ,0 ,0 
226,6.09593 ,0.000569233 ,0 ,0 
227,6.1229 ,0.000557593 ,0 ,0 
228,6.14987 ,0.000546144 ,0 ,0 
229,6.17684 ,0.000534884 ,0 ,0 
230,6.20382 ,0.000523813 ,0 ,0 
231,6.23079 ,0.000512927 ,0 ,0 
232,6.25776 ,0.000502227 ,0 ,0 
233,6.28474 ,0.00049171 ,0 ,0 
234,6.31171 ,0.000481375 ,0 ,0 
235,6.33868 ,0.00047122 ,0 ,0 
236,6.36566 ,0.000461243 ,0 ,0 
237,6.39263 ,0.000451443 ,0 ,0 
238,6.4196 ,0.000441818 ,0 ,0 
239,6.44657 ,0.000432365 ,0 ,0 
240,6.47355 ,0.000423084 ,0 ,0 
241,6.50052 ,0.000413972 ,0 ,0 
242,6.52749 ,0.000405026 ,0 ,0 
243,6.55447 ,0.000396247 ,0 ,0 
244,6.58144 ,0.00038763 ,0 ,0 
245,6.60841 ,0.000379174 ,0 ,0 
246,6.63539 ,0.000370878 ,0 ,0 
247,6.66236 ,0.000362739 ,0 ,0 
248,6.68933 ,0.000354755 ,0 ,0 
249,6.7163 ,0.000346924 ,0 ,0 
250,6.74328 ,0.000339244 ,0 ,0 
251,6.77025 ,0.000331712 ,0 ,0 
252,6.79722 ,0.000324328 ,0 ,0 
253,6.8242 ,0.000317088 ,0 ,0 
254,6.85117 ,0.000309991 ,0 ,0 
255,6.87814 ,0.000303034 ,0 ,0 
256,6.90512 ,0.000296216 ,0 ,0 
257,6.93209 ,0.000289533 ,0 ,0 
258,6.95906 ,0.000282986 ,0 ,0 
259,6.98603 ,0.00027657 ,0 ,0 
260,7.01301 ,0.000270284 ,0 ,0 
261,7.03998 ,0.000264127 ,0 ,0 
262,7.06695 ,0.000258095 ,0 ,0 
263,7.09393 ,0.000252188 ,0 ,0 
264,7.1209 ,0.000246402 ,0 ,0 
265,7.14787 ,0.000240736 ,0 ,0 
266,7.17485 ,0.000235188 ,0 ,0 
267,7.20182 ,0.000229756 ,0 ,0 
268,7.22879 ,0.000224438 ,0 ,0 
269,7.25576 ,0.000219232 ,0 ,0 
270,7.28274 ,0.000214136 ,0 ,0 
271,7.30971 ,0.000209148 ,0 ,0 
272,7.33668 ,0.000204267 ,0 ,0 
273,7.36366 ,0.000199489 ,0 ,0 
274,7.39063 ,0.000194815 ,0 ,0 
275,7.4176 ,0.00019024 ,0 ,0 
276,7.44458 ,0.000185765 ,0 ,0 
277,7.47155 ,0.000181386 ,0 ,0 
278,7.49852 ,0.000177103 ,0 ,0 
279,7.52549 ,0.000172913 ,0 ,0 
280,7.55247 ,0.000168815 ,0 ,0 
281,7.57944 ,0.000164807 ,0 ,0 
282,7.60641 ,0.000160887 ,0 ,0 
283,7.63339 ,0.000157054 ,0 ,0 
284,7.66036 ,0.000153305 ,0 ,0 
285,7.68733 ,0.00014964 ,0 ,0 
286,7.71431 ,0.000146057 ,0 ,0 
287,7.74128 ,0.000142553 ,0 ,0 
288,7.76825 ,0.000139128 ,0 ,0 
289,7.79522 ,0.00013578 ,0 ,0 
290,7.8222 ,0.000132508 ,0 ,0 
291,7.84917 ,0.000129309 ,0 ,0 
292,7.87614 ,0.000126183 ,0 ,0 
293,7.90312 ,0.000123128 ,0 ,0 
294,7.93009 ,0.000120142 ,0 ,0 
295,7.95706 ,0.000117225 ,0 ,0 
296,7.98404 ,0.000114374 ,0 ,0 
297,8.01101 ,0.000111589 ,0 ,0 
298,8.03798 ,0.000108867 ,0 ,0 
299,8.06495 ,0.000106209 ,0 ,0 
300,8.09193 ,0.000103611 ,0 ,0 
301,8.1189 ,0.000101074 ,0 ,0 
302,8.14587 ,9.85958e-05 ,0 ,0 
303,8.17285 ,9.61751e-05 ,0 ,0 
304,8.19982 ,9.38107e-05 ,0 ,0 
305,8.22679 ,9.15016e-05 ,0 ,0 
306,8.25376 ,8.92465e-05 ,0 ,0 
307,8.28074 ,8.70443e-05 ,0 ,0 
308,8.30771 ,8.48938e-05 ,0 ,0 
309,8.33468 ,8.27939e-05 ,0 ,0 
310,8.36166 ,8.07436e-05 ,0 ,0 
311,8.38863 ,7.87417e-05 ,0 ,0 
312,8.4156 ,7.67872e-05 ,0 ,0 
313,8.44258 ,7.4879e-05 ,0 ,0 
314,8.46955 ,7.30162e-05 ,0 ,0 
315,8.49652 ,7.11977e-05 ,0 ,0 
316,8.52349 ,6.94226e-05 ,0 ,0 
317,8.55047 ,6.76899e-05 ,0 ,0 
318,8.57744 ,6.59987e-05 ,0 ,0 
319,8.60441 ,6.4348e-05 ,0 ,0 
320,8.63139 ,6.2737e-05 ,0 ,0 
321,8.65836 ,6.11647e-05 ,0 ,0 
322,8.68533 ,5.96303e-05 ,0 ,0 
323,8.71231 ,5.81329e-05 ,0 ,0 
324,8.73928 ,5.66717e-05 ,0 ,0 
325,8.76625 ,5.52459e-05 ,0 ,0 
326,8.79322 ,5.38547e-05 ,0 ,0 
327,8.8202 ,5.24972e-05 ,0 ,0 
328,8.84717 ,5.11728e-05 ,0 ,0 
329,8.87414 ,4.98806e-05 ,0 ,0 
330,8.90112 ,4.86199e-05 ,0 ,0 
331,8.92809 ,4.739e-05 ,0 ,0 
332,8.95506 ,4.61902e-05 ,0 ,0 
333,8.98204 ,4.50198e-05 ,0 ,0 
334,9.00901 ,4.3878e-05 ,0 ,0 
335,9.03598 ,4.27644e-05 ,0 ,0 
336,9.06295 ,4.16781e-05 ,0 ,0 
337,9.08993 ,4.06185e-05 ,0 ,0 
338,9.1169 ,3.95851e-05 ,0 ,0 
339,9.14387 ,3.85772e-05 ,0 ,0 
340,9.17085 ,3.75942e-05 ,0 ,0 
341,9.19782 ,3.66356e-05 ,0 ,0 
342,9.22479 ,3.57006e-05 ,0 ,0 
343,9.25177 ,3.47889e-05 ,0 ,0 
344,9.27874 ,3.38998e-05 ,0 ,0 
345,9.30571 ,3.30329e-05 ,0 ,0 
346,9.33268 ,3.21875e-05 ,0 ,0 
347,9.35966 ,3.13632e-05 ,0 ,0 
348,9.38663 ,3.05594e-05 ,0 ,0 
349,9.4136 ,2.97758e-05 ,0 ,0 
350,9.44058 ,2.90117e-05 ,0 ,0 
351,9.46755 ,2.82667e-05 ,0 ,0 
352,9.49452 ,2.75404e-05 ,0 ,0 
353,9.5215 ,2.68324e-05 ,0 ,0 
354,9.54847 ,2.61421e-05 ,0 ,0 
355,9.57544 ,2.54692e-05 ,0 ,0 
356,9.60241 ,2.48131e-05 ,0 ,0 
357,9.62939 ,2.41737e-05 ,0 ,0 
358,9.65636 ,2.35503e-05 ,0 ,0 
359,9.68333 ,2.29426e-05 ,0 ,0 
360,9.71031 ,2.23503e-05 ,0 ,0 
361,9.73728 ,2.1773e-05 ,0 ,0 
362,9.76425 ,2.12103e-05 ,0 ,0 
363,9.79123 ,2.06618e-05 ,0 ,0 
364,9.8182 ,2.01273e-05 ,0 ,0 
365,9.84517 ,1.96062e-05 ,0 ,0 
366,9.87214 ,1.90985e-05 ,0 ,0 
367,9.89912 ,1.86036e-05 ,0 ,0 
368,9.92609 ,1.81213e-05 ,0 ,0 
369,9.95306 ,1.76513e-05 ,0 ,0 
370,9.98004 ,1.71932e-05 ,0 ,0 
371,10.007 ,1.67468e-05 ,0 ,0 
372,10.034 ,1.63118e-05 ,0 ,0 
373,10.061 ,1.5888e-05 ,0 ,0 
374,10.0879 ,1.54749e-05 ,0 ,0 
375,10.1149 ,1.50724e-05 ,0 ,0 
376,10.1419 ,1.46802e-05 ,0 ,0 
377,10.1688 ,1.42981e-05 ,0 ,0 
378,10.1958 ,1.39257e-05 ,0 ,0 
379,10.2228 ,1.35629e-05 ,0 ,0 
380,10.2498 ,1.32094e-05 ,0 ,0 
381,10.2767 ,1.2865e-05 ,0 ,0 
382,10.3037 ,1.25294e-05 ,0 ,0 
383,10.3307 ,1.22024e-05 ,0 ,0 
384,10.3577 ,1.18839e-05 ,0 ,0 
385,10.3846 ,1.15736e-05 ,0 ,0 
386,10.4116 ,1.12712e-05 ,0 ,0 
387,10.4386 ,1.09767e-05 ,0 ,0 
388,10.4656 ,1.06897e-05 ,0 ,0 
389,10.4925 ,1.04101e-05 ,0 ,0 
390,10.5195 ,1.01378e-05 ,0 ,0 
391,10.5465 ,9.87251e-06 ,0 ,0 
392,10.5734 ,9.61407e-06 ,0 ,0 
393,10.6004 ,9.36231e-06 ,0 ,0 
394,10.6274 ,9.11707e-06 ,0 ,0 
395,10.6544 ,8.87817e-06 ,0 ,0 
396,10.6813 ,8.64547e-06 ,0 ,0 
397,10.7083 ,8.41879e-06 ,0 ,0 
398,10.7353 ,8.198e-06 ,0 ,0 
399,10.7623 ,7.98293e-06 ,0 ,0 
400,10.7892 ,7.77345e-06 ,0 ,0 
401,10.8162 ,7.5694e-06 ,0 ,0 
402,10.8432 ,7.37066e-06 ,0 ,0 
403,10.8701 ,7.17708e-06 ,0 ,0 
404,10.8971 ,6.98854e-06 ,0 ,0 
405,10.9241 ,6.80491e-06 ,0 ,0 
406,10.9511 ,6.62605e-06 ,0 ,0 
407,10.978 ,6.45185e-06 ,0 ,0 
408,11.005 ,6.28219e-06 ,0 ,0 
409,11.032 ,6.11696e-06 ,0 ,0 
410,11.059 ,5.95603e-06 ,0 ,0 
411,11.0859 ,5.7993e-06 ,0 ,0 
412,11.1129 ,5.64666e-06 ,0 ,0 
413,11.1399 ,5.498e-06 ,0 ,0 
414,11.1668 ,5.35323e-06 ,0 ,0 
415,11.1938 ,5.21224e-06 ,0 ,0 
416,11.2208 ,5.07493e-06 ,0 ,0 
417,11.2478 ,4.94122e-06 ,0 ,0 
418,11.2747 ,4.811e-06 ,0 ,0 
419,11.3017 ,4.68419e-06 ,0 ,0 
420,11.3287 ,4.5607e-06 ,0 ,0 
421,11.3557 ,4.44044e-06 ,0 ,0 
422,11.3826 ,4.32333e-06 ,0 ,0 
423,11.4096 ,4.2093e-06 ,0 ,0 
424,11.4366 ,4.09825e-06 ,0 ,0 
425,11.4636 ,3.99011e-06 ,0 ,0 
426,11.4905 ,3.8848e-06 ,0 ,0 
427,11.5175 ,3.78226e-06 ,0 ,0 
428,11.5445 ,3.68242e-06 ,0 ,0 
429,11.5714 ,3.58519e-06 ,0 ,0 
430,11.5984 ,3.49051e-06 ,0 ,0 
431,11.6254 ,3.39833e-06 ,0 ,0 
432,11.6524 ,3.30856e-06 ,0 ,0 
433,11.6793 ,3.22115e-06 ,0 ,0 
434,11.7063 ,3.13605e-06 ,0 ,0 
435,11.7333 ,3.05317e-06 ,0 ,0 
436,11.7603 ,2.97248e-06 ,0 ,0 
437,11.7872 ,2.89392e-06 ,0 ,0 
438,11.8142 ,2.81741e-06 ,0 ,0 
439,11.8412 ,2.74293e-06 ,0 ,0 
440,11.8681 ,2.6704e-06 ,0 ,0 
441,11.8951 ,2.59979e-06 ,0 ,0 
442,11.9221 ,2.53103e-06 ,0 ,0 
443,11.9491 ,2.46408e-06 ,0 ,0 
444,11.976 ,2.3989e-06 ,0 ,0 
445,12.003 ,2.33544e-06 ,0 ,0 
446,12.03 ,2.27365e-06 ,0 ,0 
447,12.057 ,2.21349e-06 ,0 ,0 
448,12.0839 ,2.15492e-06 ,0 ,0 
449,12.1109 ,2.09789e-06 ,0 ,0 
450,12.1379 ,2.04237e-06 ,0 ,0 
451,12.1648 ,1.98831e-06 ,0 ,0 
452,12.1918 ,1.93567e-06 ,0 ,0 
453,12.2188 ,1.88443e-06 ,0 ,0 
454,12.2458 ,1.83454e-06 ,0 ,0 
455,12.2727 ,1.78597e-06 ,0 ,0 
456,12.2997 ,1.73868e-06 ,0 ,0 
457,12.3267 ,1.69264e-06 ,0 ,0 
458,12.3537 ,1.64782e-06 ,0 ,0 
459,12.3806 ,1.60418e-06 ,0 ,0 
460,12.4076 ,1.56169e-06 ,0 ,0 
461,12.4346 ,1.52033e-06 ,0 ,0 
462,12.4616 ,1.48006e-06 ,0 ,0 
463,12.4885 ,1.44086e-06 ,0 ,0 
464,12.5155 ,1.40269e-06 ,0 ,0 
465,12.5425 ,1.36553e-06 ,0 ,0 
466,12.5694 ,1.32936e-06 ,0 ,0 
467,12.5964 ,1.29414e-06 ,0 ,0 
468,12.6234 ,1.25985e-06 ,0 ,0 
469,12.6504 ,1.22647e-06 ,0 ,0 
470,12.6773 ,1.19398e-06 ,0 ,0 
471,12.7043 ,1.16234e-06 ,0 ,0 
472,12.7313 ,1.13154e-06 ,0 ,0 
473,12.7583 ,1.10156e-06 ,0 ,0 
474,12.7852 ,1.07237e-06 ,0 ,0 
475,12.8122 ,1.04395e-06 ,0 ,0 
476,12.8392 ,1.01629e-06 ,0 ,0 
477,12.8661 ,9.89358e-07 ,0 ,0 
478,12.8931 ,9.6314e-07 ,0 ,0 
479,12.9201 ,9.37616e-07 ,0 ,0 
480,12.9471 ,9.12769e-07 ,0 ,0 
481,12.974 ,8.8858e-07 ,0 ,0 
482,13.001 ,8.65031e-07 ,0 ,0 
483,13.028 ,8.42107e-07 ,0 ,0 
484,13.055 ,8.1979e-07 ,0 ,0 
485,13.0819 ,7.98065e-07 ,0 ,0 
486,13.1089 ,7.76915e-07 ,0 ,0 
487,13.1359 ,7.56326e-07 ,0 ,0 
488,13.1629 ,7.36282e-07 ,0 ,0 
489,13.1898 ,7.1677e-07 ,0 ,0 
490,13.2168 ,6.97775e-07 ,0 ,0 
491,13.2438 ,6.79284e-07 ,0 ,0 
492,13.2707 ,6.61283e-07 ,0 ,0 
493,13.2977 ,6.43759e-07 ,0 ,0 
494,13.3247 ,6.267e-07 ,0 ,0 
495,13.3517 ,6.10093e-07 ,0 ,0 
496,13.3786 ,5.93927e-07 ,0 ,0 
497,13.4056 ,5.78189e-07 ,0 ,0 
498,13.4326 ,5.62868e-07 ,0 ,0 
499,13.4596 ,5.47954e-07 ,0 ,0 
500,13.4865 ,5.33436e-07 ,0 ,0 
501,13.5135 ,5.19302e-07 ,0 ,0 
502,13.5405 ,5.05543e-07 ,0 ,0 
503,13.5674 ,4.92149e-07 ,0 ,0 
504,13.5944 ,4.79111e-07 ,0 ,0 
505,13.6214 ,4.66418e-07 ,0 ,0 
506,13.6484 ,4.54062e-07 ,0 ,0 
507,13.6753 ,4.42034e-07 ,0 ,0 
508,13.7023 ,4.30324e-07 ,0 ,0 
509,13.7293 ,4.18926e-07 ,0 ,0 
510,13.7563 ,4.07829e-07 ,0 ,0 
511,13.7832 ,3.97027e-07 ,0 ,0 
512,13.8102 ,3.86512e-07 ,0 ,0 
513,13.8372 ,3.76275e-07 ,0 ,0 
514,13.8641 ,3.6631e-07 ,0 ,0 
515,13.8911 ,3.5661e-07 ,0 ,0 
516,13.9181 ,3.47166e-07 ,0 ,0 
517,13.9451 ,3.37974e-07 ,0 ,0 
518,13.972 ,3.29025e-07 ,0 ,0 
519,13.999 ,3.20313e-07 ,0 ,0 
520,14.026 ,3.11833e-07 ,0 ,0 
521,14.053 ,3.03577e-07 ,0 ,0 
522,14.0799 ,2.95541e-07 ,0 ,0 
523,14.1069 ,2.87717e-07 ,0 ,0 
524,14.1339 ,2.80101e-07 ,0 ,0 
525,14.1609 ,2.72688e-07 ,0 ,0 
526,14.1878 ,2.6547e-07 ,0 ,0 
527,14.2148 ,2.58445e-07 ,0 ,0 
528,14.2418 ,2.51605e-07 ,0 ,0 
529,14.2687 ,2.44947e-07 ,0 ,0 
530,14.2957 ,2.38466e-07 ,0 ,0 
531,14.3227 ,2.32156e-07 ,0 ,0 
532,14.3497 ,2.26014e-07 ,0 ,0 
533,14.3766 ,2.20035e-07 ,0 ,0 
534,14.4036 ,2.14214e-07 ,0 ,0 
535,14.4306 ,2.08547e-07 ,0 ,0 
536,14.4576 ,2.03031e-07 ,0 ,0 
537,14.4845 ,1.97661e-07 ,0 ,0 
538,14.5115 ,1.92434e-07 ,0 ,0 
539,14.5385 ,1.87345e-07 ,0 ,0 
540,14.5654 ,1.82391e-07 ,0 ,0 
541,14.5924 ,1.77569e-07 ,0 ,0 
542,14.6194 ,1.72874e-07 ,0 ,0 
543,14.6464 ,1.68303e-07 ,0 ,0 
544,14.6733 ,1.63854e-07 ,0 ,0 
545,14.7003 ,1.59523e-07 ,0 ,0 
546,14.7273 ,1.55307e-07 ,0 ,0 
547,14.7543 ,1.51202e-07 ,0 ,0 
548,14.7812 ,1.47206e-07 ,0 ,0 
549,14.8082 ,1.43316e-07 ,0 ,0 
550,14.8352 ,1.39529e-07 ,0 ,0 
551,14.8621 ,1.35843e-07 ,0 ,0 
552,14.8891 ,1.32254e-07 ,0 ,0 
553,14.9161 ,1.2876e-07 ,0 ,0 
554,14.9431 ,1.25359e-07 ,0 ,0 
555,14.97 ,1.22048e-07 ,0 ,0 
556,14.997 ,1.18825e-07 ,0 ,0 
557,15.024 ,1.15687e-07 ,0 ,0 
558,15.051 ,1.12632e-07 ,0 ,0 
559,15.0779 ,1.09658e-07 ,0 ,0 
560,15.1049 ,1.06763e-07 ,0 ,0 
561,15.1319 ,1.03945e-07 ,0 ,0 
562,15.1589 ,1.01201e-07 ,0 ,0 
563,15.1858 ,9.85298e-08 ,0 ,0 
564,15.2128 ,9.59295e-08 ,0 ,0 
565,15.2398 ,9.33979e-08 ,0 ,0 
566,15.2667 ,9.09334e-08 ,0 ,0 
567,15.2937 ,8.85341e-08 ,0 ,0 
568,15.3207 ,8.61984e-08 ,0 ,0 
569,15.3477 ,8.39245e-08 ,0 ,0 
570,15.3746 ,8.17107e-08 ,0 ,0 
571,15.4016 ,7.95556e-08 ,0 ,0 
572,15.4286 ,7.74575e-08 ,0 ,0 
573,15.4556 ,7.54149e-08 ,0 ,0 
574,15.4825 ,7.34264e-08 ,0 ,0 
575,15.5095 ,7.14905e-08 ,0 ,0 
576,15.5365 ,6.96058e-08 ,0 ,0 
577,15.5634 ,6.7771e-08 ,0 ,0 
578,15.5904 ,6.59847e-08 ,0 ,0 
579,15.6174 ,6.42456e-08 ,0 ,0 
580,15.6444 ,6.25526e-08 ,0 ,0 
581,15.6713 ,6.09043e-08 ,0 ,0 
582,15.6983 ,5.92997e-08 ,0 ,0 
583,15.7253 ,5.77374e-08 ,0 ,0 
584,15.7523 ,5.62165e-08 ,0 ,0 
585,15.7792 ,5.47358e-08 ,0 ,0 
586,15.8062 ,5.32942e-08 ,0 ,0 
587,15.8332 ,5.18907e-08 ,0 ,0 
588,15.8602 ,5.05244e-08 ,0 ,0 
589,15.8871 ,4.91941e-08 ,0 ,0 
590,15.9141 ,4.7899e-08 ,0 ,0 
591,15.9411 ,4.66381e-08 ,0 ,0 
592,15.968 ,4.54106e-08 ,0 ,0 
593,15.995 ,4.42154e-08 ,0 ,0 
594,16.022 ,4.30519e-08 ,0 ,0 
595,16.049 ,4.19191e-08 ,0 ,0 
596,16.0759 ,4.08162e-08 ,0 ,0 
597,16.1029 ,3.97424e-08 ,0 ,0 
598,16.1299 ,3.8697e-08 ,0 ,0 
599,16.1569 ,3.76792e-08 ,0 ,0 
600,16.1838 ,3.66883e-08 ,0 ,0 
601,16.2108 ,3.57235e-08 ,0 ,0 
602,16.2378 ,3.47842e-08 ,0 ,0 
603,16.2647 ,3.38697e-08 ,0 ,0 
604,16.2917 ,3.29794e-08 ,0 ,0 
605,16.3187 ,3.21125e-08 ,0 ,0 
606,16.3457 ,3.12685e-08 ,0 ,0 
607,16.3726 ,3.04468e-08 ,0 ,0 
608,16.3996 ,2.96468e-08 ,0 ,0 
609,16.4266 ,2.88679e-08 ,0 ,0 
610,16.4536 ,2.81095e-08 ,0 ,0 
611,16.4805 ,2.73711e-08 ,0 ,0 
612,16.5075 ,2.66522e-08 ,0 ,0 
613,16.5345 ,2.59523e-08 ,0 ,0 
614,16.5614 ,2.52708e-08 ,0 ,0 
615,16.5884 ,2.46073e-08 ,0 ,0 
616,16.6154 ,2.39613e-08 ,0 ,0 
617,16.6424 ,2.33323e-08 ,0 ,0 
618,16.6693 ,2.27199e-08 ,0 ,0 
619,16.6963 ,2.21236e-08 ,0 ,0 
620,16.7233 ,2.15431e-08 ,0 ,0 
621,16.7503 ,2.09778e-08 ,0 ,0 
622,16.7772 ,2.04274e-08 ,0 ,0 
623,16.8042 ,1.98916e-08 ,0 ,0 
624,16.8312 ,1.93698e-08 ,0 ,0 
625,16.8582 ,1.88618e-08 ,0 ,0 
626,16.8851 ,1.83672e-08 ,0 ,0 
627,16.9121 ,1.78856e-08 ,0 ,0 
628,16.9391 ,1.74167e-08 ,0 ,0 
629,16.966 ,1.69601e-08 ,0 ,0 
630,16.993 ,1.65156e-08 ,0 ,0 
631,17.02 ,1.60827e-08 ,0 ,0 
632,17.047 ,1.56613e-08 ,0 ,0 
633,17.0739 ,1.52509e-08 ,0 ,0 
634,17.1009 ,1.48514e-08 ,0 ,0 
635,17.1279 ,1.44623e-08 ,0 ,0 
636,17.1549 ,1.40835e-08 ,0 ,0 
637,17.1818 ,1.37147e-08 ,0 ,0 
638,17.2088 ,1.33555e-08 ,0 ,0 
639,17.2358 ,1.30058e-08 ,0 ,0 
640,17.2627 ,1.26653e-08 ,0 ,0 
641,17.2897 ,1.23338e-08 ,0 ,0 
642,17.3167 ,1.2011e-08 ,0 ,0 
643,17.3437 ,1.16966e-08 ,0 ,0 
644,17.3706 ,1.13905e-08 ,0 ,0 
645,17.3976 ,1.10925e-08 ,0 ,0 
646,17.4246 ,1.08023e-08 ,0 ,0 
647,17.4516 ,1.05197e-08 ,0 ,0 
648,17.4785 ,1.02446e-08 ,0 ,0 
649,17.5055 ,9.97668e-09 ,0 ,0 
650,17.5325 ,9.7158e-09 ,0 ,0 
651,17.5595 ,9.46178e-09 ,0 ,0 
652,17.5864 ,9.21442e-09 ,0 ,0 
653,17.6134 ,8.97357e-09 ,0 ,0 
654,17.6404 ,8.73903e-09 ,0 ,0 
655,17.6673 ,8.51066e-09 ,0 ,0 
656,17.6943 ,8.28828e-09 ,0 ,0 
657,17.7213 ,8.07174e-09 ,0 ,0 
658,17.7483 ,7.86088e-09 ,0 ,0 
659,17.7752 ,7.65555e-09 ,0 ,0 
660,17.8022 ,7.45562e-09 ,0 ,0 
661,17.8292 ,7.26093e-09 ,0 ,0 
662,17.8562 ,7.07135e-09 ,0 ,0 
663,17.8831 ,6.88674e-09 ,0 ,0 
664,17.9101 ,6.70697e-09 ,0 ,0 
665,17.9371 ,6.53192e-09 ,0 ,0 
666,17.964 ,6.36146e-09 ,0 ,0 
667,17.991 ,6.19547e-09 ,0 ,0 
668,18.018 ,6.03383e-09 ,0 ,0 
669,18.045 ,5.87643e-09 ,0 ,0 
670,18.0719 ,5.72315e-09 ,0 ,0 
671,18.0989 ,5.57389e-09 ,0 ,0 
672,18.1259 ,5.42855e-09 ,0 ,0 
673,18.1529 ,5.28701e-09 ,0 ,0 
674,18.1798 ,5.14918e-09 ,0 ,0 
675,18.2068 ,5.01496e-09 ,0 ,0 
676,18.2338 ,4.88426e-09 ,0 ,0 
677,18.2607 ,4.75698e-09 ,0 ,0 
678,18.2877 ,4.63303e-09 ,0 ,0 
679,18.3147 ,4.51233e-09 ,0 ,0 
680,18.3417 ,4.39479e-09 ,0 ,0 
681,18.3686 ,4.28033e-09 ,0 ,0 
682,18.3956 ,4.16886e-09 ,0 ,0 
683,18.4226 ,4.06031e-09 ,0 ,0 
684,18.4496 ,3.9546e-09 ,0 ,0 
685,18.4765 ,3.85166e-09 ,0 ,0 
686,18.5035 ,3.75141e-09 ,0 ,0 
687,18.5305 ,3.65379e-09 ,0 ,0 
688,18.5575 ,3.55871e-09 ,0 ,0 
689,18.5844 ,3.46613e-09 ,0 ,0 
690,18.6114 ,3.37596e-09 ,0 ,0 
691,18.6384 ,3.28816e-09 ,0 ,0 
692,18.6653 ,3.20265e-09 ,0 ,0 
693,18.6923 ,3.11937e-09 ,0 ,0 
694,18.7193 ,3.03827e-09 ,0 ,0 
695,18.7463 ,2.95929e-09 ,0 ,0 
696,18.7732 ,2.88238e-09 ,0 ,0 
697,18.8002 ,2.80748e-09 ,0 ,0 
698,18.8272 ,2.73453e-09 ,0 ,0 
699,18.8542 ,2.66349e-09 ,0 ,0 
700,18.8811 ,2.5943e-09 ,0 ,0 
701,18.9081 ,2.52692e-09 ,0 ,0 
702,18.9351 ,2.4613e-09 ,0 ,0 
703,18.962 ,2.3974e-09 ,0 ,0 
704,18.989 ,2.33516e-09 ,0 ,0 
705,19.016 ,2.27455e-09 ,0 ,0 
706,19.043 ,2.21552e-09 ,0 ,0 
707,19.0699 ,2.15803e-09 ,0 ,0 
708,19.0969 ,2.10204e-09 ,0 ,0 
709,19.1239 ,2.04751e-09 ,0 ,0 
710,19.1509 ,1.99441e-09 ,0 ,0 
711,19.1778 ,1.94269e-09 ,0 ,0 
712,19.2048 ,1.89232e-09 ,0 ,0 
713,19.2318 ,1.84326e-09 ,0 ,0 
714,19.2587 ,1.79548e-09 ,0 ,0 
715,19.2857 ,1.74895e-09 ,0 ,0 
716,19.3127 ,1.70364e-09 ,0 ,0 
717,19.3397 ,1.6595e-09 ,0 ,0 
718,19.3666 ,1.61651e-09 ,0 ,0 
719,19.3936 ,1.57465e-09 ,0 ,0 
720,19.4206 ,1.53387e-09 ,0 ,0 
721,19.4476 ,1.49416e-09 ,0 ,0 
722,19.4745 ,1.45548e-09 ,0 ,0 
723,19.5015 ,1.41781e-09 ,0 ,0 
724,19.5285 ,1.38112e-09 ,0 ,0 
725,19.5555 ,1.34539e-09 ,0 ,0 
726,19.5824 ,1.31059e-09 ,0 ,0 
727,19.6094 ,1.27669e-09 ,0 ,0 
728,19.6364 ,1.24368e-09 ,0 ,0 
729,19.6633 ,1.21152e-09 ,0 ,0 
730,19.6903 ,1.18021e-09 ,0 ,0 
731,19.7173 ,1.14971e-09 ,0 ,0 
732,19.7443 ,1.12e-09 ,0 ,0 
733,19.7712 ,1.09106e-09 ,0 ,0 
734,19.7982 ,1.06288e-09 ,0 ,0 
735,19.8252 ,1.03543e-09 ,0 ,0 
736,19.8522 ,1.0087e-09 ,0 ,0 
737,19.8791 ,9.82655e-10 ,0 ,0 
738,19.9061 ,9.57293e-10 ,0 ,0 
739,19.9331 ,9.3259e-10 ,0 ,0 
740,19.96 ,9.08529e-10 ,0 ,0 
741,19.987 ,8.85093e-10 ,0 ,0 
742,20.014 ,8.62267e-10 ,0 ,0 
743,20.041 ,8.40034e-10 ,0 ,0 
744,20.0679 ,8.18378e-10 ,0 ,0 
745,20.0949 ,7.97286e-10 ,0 ,0 
746,20.1219 ,7.76741e-10 ,0 ,0 
747,20.1489 ,7.5673e-10 ,0 ,0 
748,20.1758 ,7.37239e-10 ,0 ,0 
749,20.2028 ,7.18254e-10 ,0 ,0 
750,20.2298 ,6.99762e-10 ,0 ,0 
751,20.2568 ,6.8175e-10 ,0 ,0 
752,20.2837 ,6.64206e-10 ,0 ,0 
753,20.3107 ,6.47117e-10 ,0 ,0 
754,20.3377 ,6.30472e-10 ,0 ,0 
755,20.3646 ,6.14259e-10 ,0 ,0 
756,20.3916 ,5.98466e-10 ,0 ,0 
757,20.4186 ,5.83083e-10 ,0 ,0 
758,20.4456 ,5.681e-10 ,0 ,0 
759,20.4725 ,5.53505e-10 ,0 ,0 
760,20.4995 ,5.39288e-10 ,0 ,0 
761,20.5265 ,5.2544e-10 ,0 ,0 
762,20.5535 ,5.11951e-10 ,0 ,0 
763,20.5804 ,4.98812e-10 ,0 ,0 
764,20.6074 ,4.86014e-10 ,0 ,0 
765,20.6344 ,4.73547e-10 ,0 ,0 
766,20.6613 ,4.61403e-10 ,0 ,0 
767,20.6883 ,4.49574e-10 ,0 ,0 
768,20.7153 ,4.38052e-10 ,0 ,0 
769,20.7423 ,4.26828e-10 ,0 ,0 
770,20.7692 ,4.15895e-10 ,0 ,0 
771,20.7962 ,4.05245e-10 ,0 ,0 
772,20.8232 ,3.94871e-10 ,0 ,0 
773,20.8502 ,3.84765e-10 ,0 ,0 
774,20.8771 ,3.74921e-10 ,0 ,0 
775,20.9041 ,3.65332e-10 ,0 ,0 
776,20.9311 ,3.55991e-10 ,0 ,0 
777,20.958 ,3.46892e-10 ,0 ,0 
778,20.985 ,3.38028e-10 ,0 ,0 
779,21.012 ,3.29394e-10 ,0 ,0 
780,21.039 ,3.20983e-10 ,0 ,0 
781,21.0659 ,3.1279e-10 ,0 ,0 
782,21.0929 ,3.04808e-10 ,0 ,0 
783,21.1199 ,2.97033e-10 ,0 ,0 
784,21.1469 ,2.89459e-10 ,0 ,0 
785,21.1738 ,2.82081e-10 ,0 ,0 
786,21.2008 ,2.74894e-10 ,0 ,0 
787,21.2278 ,2.67892e-10 ,0 ,0 
788,21.2548 ,2.61071e-10 ,0 ,0 
789,21.2817 ,2.54427e-10 ,0 ,0 
790,21.3087 ,2.47954e-10 ,0 ,0 
791,21.3357 ,2.41648e-10 ,0 ,0 
792,21.3626 ,2.35506e-10 ,0 ,0 
793,21.3896 ,2.29522e-10 ,0 ,0 
794,21.4166 ,2.23692e-10 ,0 ,0 
795,21.4436 ,2.18013e-10 ,0 ,0 
796,21.4705 ,2.12481e-10 ,0 ,0 
797,21.4975 ,2.07091e-10 ,0 ,0 
798,21.5245 ,2.01841e-10 ,0 ,0 
799,21.5515 ,1.96726e-10 ,0 ,0 
800,21.5784 ,1.91743e-10 ,0 ,0 
801,21.6054 ,1.86889e-10 ,0 ,0 
802,21.6324 ,1.8216e-10 ,0 ,0 
803,21.6593 ,1.77552e-10 ,0 ,0 
804,21.6863 ,1.73064e-10 ,0 ,0 
805,21.7133 ,1.68692e-10 ,0 ,0 
806,21.7403 ,1.64432e-10 ,0 ,0 
807,21.7672 ,1.60282e-10 ,0 ,0 
808,21.7942 ,1.56239e-10 ,0 ,0 
809,21.8212 ,1.523e-10 ,0 ,0 
810,21.8482 ,1.48462e-10 ,0 ,0 
811,21.8751 ,1.44724e-10 ,0 ,0 
812,21.9021 ,1.41082e-10 ,0 ,0 
813,21.9291 ,1.37533e-10 ,0 ,0 
814,21.956 ,1.34076e-10 ,0 ,0 
815,21.983 ,1.30708e-10 ,0 ,0 
816,22.01 ,1.27427e-10 ,0 ,0 
817,22.037 ,1.2423e-10 ,0 ,0 
818,22.0639 ,1.21116e-10 ,0 ,0 
819,22.0909 ,1.18081e-10 ,0 ,0 
820,22.1179 ,1.15125e-10 ,0 ,0 
821,22.1449 ,1.12245e-10 ,0 ,0 
822,22.1718 ,1.09439e-10 ,0 ,0 
823,22.1988 ,1.06705e-10 ,0 ,0 
824,22.2258 ,1.04041e-10 ,0 ,0 
825,22.2528 ,1.01446e-10 ,0 ,0 
826,22.2797 ,9.89178e-11 ,0 ,0 
827,22.3067 ,9.64544e-11 ,0 ,0 
828,22.3337 ,9.40544e-11 ,0 ,0 
829,22.3606 ,9.1716e-11 ,0 ,0 
830,22.3876 ,8.94377e-11 ,0 ,0 
831,22.4146 ,8.72179e-11 ,0 ,0 
832,22.4416 ,8.50552e-11 ,0 ,0 
833,22.4685 ,8.2948e-11 ,0 ,0 
834,22.4955 ,8.08949e-11 ,0 ,0 
835,22.5225 ,7.88945e-11 ,0 ,0 
836,22.5495 ,7.69455e-11 ,0 ,0 
837,22.5764 ,7.50466e-11 ,0 ,0 
838,22.6034 ,7.31963e-11 ,0 ,0 
839,22.6304 ,7.13936e-11 ,0 ,0 
840,22.6573 ,6.96371e-11 ,0 ,0 
841,22.6843 ,6.79257e-11 ,0 ,0 
842,22.7113 ,6.62581e-11 ,0 ,0 
843,22.7383 ,6.46334e-11 ,0 ,0 
844,22.7652 ,6.30503e-11 ,0 ,0 
845,22.7922 ,6.15078e-11 ,0 ,0 
846,22.8192 ,6.00048e-11 ,0 ,0 
847,22.8462 ,5.85404e-11 ,0 ,0 
848,22.8731 ,5.71135e-11 ,0 ,0 
849,22.9001 ,5.57231e-11 ,0 ,0 
850,22.9271 ,5.43684e-11 ,0 ,0 
851,22.9541 ,5.30484e-11 ,0 ,0 
852,22.981 ,5.17622e-11 ,0 ,0 
853,23.008 ,5.0509e-11 ,0 ,0 
854,23.035 ,4.92878e-11 ,0 ,0 
855,23.0619 ,4.80979e-11 ,0 ,0 
856,23.0889 ,4.69385e-11 ,0 ,0 
857,23.1159 ,4.58087e-11 ,0 ,0 
858,23.1429 ,4.47078e-11 ,0 ,0 
859,23.1698 ,4.36352e-11 ,0 ,0 
860,23.1968 ,4.25899e-11 ,0 ,0 
861,23.2238 ,4.15715e-11 ,0 ,0 
862,23.2508 ,4.0579e-11 ,0 ,0 
863,23.2777 ,3.9612e-11 ,0 ,0 
864,23.3047 ,3.86696e-11 ,0 ,0 
865,23.3317 ,3.77514e-11 ,0 ,0 
866,23.3586 ,3.68566e-11 ,0 ,0 
867,23.3856 ,3.59848e-11 ,0 ,0 
868,23.4126 ,3.51352e-11 ,0 ,0 
869,23.4396 ,3.43073e-11 ,0 ,0 
870,23.4665 ,3.35006e-11 ,0 ,0 
871,23.4935 ,3.27144e-11 ,0 ,0 
872,23.5205 ,3.19484e-11 ,0 ,0 
873,23.5475 ,3.1202e-11 ,0 ,0 
874,23.5744 ,3.04746e-11 ,0 ,0 
875,23.6014 ,2.97658e-11 ,0 ,0 
876,23.6284 ,2.90751e-11 ,0 ,0 
877,23.6553 ,2.8402e-11 ,0 ,0 
878,23.6823 ,2.77461e-11 ,0 ,0 
879,23.7093 ,2.7107e-11 ,0 ,0 
880,23.7363 ,2.64842e-11 ,0 ,0 
881,23.7632 ,2.58773e-11 ,0 ,0 
882,23.7902 ,2.52858e-11 ,0 ,0 
883,23.8172 ,2.47095e-11 ,0 ,0 
884,23.8442 ,2.41479e-11 ,0 ,0 
885,23.8711 ,2.36007e-11 ,0 ,0 
886,23.8981 ,2.30674e-11 ,0 ,0 
887,23.9251 ,2.25477e-11 ,0 ,0 
888,23.9521 ,2.20413e-11 ,0 ,0 
889,23.979 ,2.15478e-11 ,0 ,0 
890,24.006 ,2.10669e-11 ,0 ,0 
891,24.033 ,2.05983e-11 ,0 ,0 
892,24.0599 ,2.01416e-11 ,0 ,0 
893,24.0869 ,1.96966e-11 ,0 ,0 
894,24.1139 ,1.9263e-11 ,0 ,0 
895,24.1409 ,1.88405e-11 ,0 ,0 
896,24.1678 ,1.84287e-11 ,0 ,0 
897,24.1948 ,1.80275e-11 ,0 ,0 
898,24.2218 ,1.76365e-11 ,0 ,0 
899,24.2488 ,1.72555e-11 ,0 ,0 
900,24.2757 ,1.68842e-11 ,0 ,0 
901,24.3027 ,1.65225e-11 ,0 ,0 
902,24.3297 ,1.617e-11 ,0 ,0 
903,24.3566 ,1.58265e-11 ,0 ,0 
904,24.3836 ,1.54918e-11 ,0 ,0 
905,24.4106 ,1.51656e-11 ,0 ,0 
906,24.4376 ,1.48478e-11 ,0 ,0 
907,24.4645 ,1.45382e-11 ,0 ,0 
908,24.4915 ,1.42365e-11 ,0 ,0 
909,24.5185 ,1.39425e-11 ,0 ,0 
910,24.5455 ,1.3656e-11 ,0 ,0 
911,24.5724 ,1.33769e-11 ,0 ,0 
912,24.5994 ,1.3105e-11 ,0 ,0 
913,24.6264 ,1.28401e-11 ,0 ,0 
914,24.6533 ,1.25819e-11 ,0 ,0 
915,24.6803 ,1.23304e-11 ,0 ,0 
916,24.7073 ,1.20854e-11 ,0 ,0 
917,24.7343 ,1.18467e-11 ,0 ,0 
918,24.7612 ,1.16141e-11 ,0 ,0 
919,24.7882 ,1.13876e-11 ,0 ,0 
920,24.8152 ,1.11669e-11 ,0 ,0 
921,24.8422 ,1.09519e-11 ,0 ,0 
922,24.8691 ,1.07425e-11 ,0 ,0 
923,24.8961 ,1.05385e-11 ,0 ,0 
924,24.9231 ,1.03398e-11 ,0 ,0 
925,24.9501 ,1.01462e-11 ,0 ,0 
926,24.977 ,9.95774e-12 ,0 ,0 
927,25.004 ,9.77415e-12 ,0 ,0 
928,25.031 ,9.59535e-12 ,0 ,0 
929,25.0579 ,9.42123e-12 ,0 ,0 
930,25.0849 ,9.25166e-12 ,0 ,0 
931,25.1119 ,9.08654e-12 ,0 ,0 
932,25.1389 ,8.92577e-12 ,0 ,0 
933,25.1658 ,8.76923e-12 ,0 ,0 
934,25.1928 ,8.61683e-12 ,0 ,0 
935,25.2198 ,8.46845e-12 ,0 ,0 
936,25.2468 ,8.32402e-12 ,0 ,0 
937,25.2737 ,8.18343e-12 ,0 ,0 
938,25.3007 ,8.04659e-12 ,0 ,0 
939,25.3277 ,7.9134e-12 ,0 ,0 
940,25.3546 ,7.7838e-12 ,0 ,0 
941,25.3816 ,7.65768e-12 ,0 ,0 
942,25.4086 ,7.53497e-12 ,0 ,0 
943,25.4356 ,7.41559e-12 ,0 ,0 
944,25.4625 ,7.29946e-12 ,0 ,0 
945,25.4895 ,7.1865e-12 ,0 ,0 
946,25.5165 ,7.07665e-12 ,0 ,0 
947,25.5435 ,6.96982e-12 ,0 ,0 
948,25.5704 ,6.86595e-12 ,0 ,0 
949,25.5974 ,6.76497e-12 ,0 ,0 
950,25.6244 ,6.66683e-12 ,0 ,0 
951,25.6514 ,6.57144e-12 ,0 ,0 
952,25.6783 ,6.47875e-12 ,0 ,0 
953,25.7053 ,6.38871e-12 ,0 ,0 
954,25.7323 ,6.30125e-12 ,0 ,0 
955,25.7592 ,6.21631e-12 ,0 ,0 
956,25.7862 ,6.13384e-12 ,0 ,0 
957,25.8132 ,6.05379e-12 ,0 ,0 
958,25.8402 ,5.9761e-12 ,0 ,0 
959,25.8671 ,5.90073e-12 ,0 ,0 
960,25.8941 ,5.82763e-12 ,0 ,0 
961,25.9211 ,5.75674e-12 ,0 ,0 
962,25.9481 ,5.68802e-12 ,0 ,0 
963,25.975 ,5.62143e-12 ,0 ,0 
964,26.002 ,5.55693e-12 ,0 ,0 
965,26.029 ,5.49446e-12 ,0 ,0 
966,26.0559 ,5.434e-12 ,0 ,0 
967,26.0829 ,5.3755e-12 ,0 ,0 
968,26.1099 ,5.31893e-12 ,0 ,0 
969,26.1369 ,5.26424e-12 ,0 ,0 
970,26.1638 ,5.21141e-12 ,0 ,0 
971,26.1908 ,5.16039e-12 ,0 ,0 
972,26.2178 ,5.11115e-12 ,0 ,0 
973,26.2448 ,5.06367e-12 ,0 ,0 
974,26.2717 ,5.01791e-12 ,0 ,0 
975,26.2987 ,4.97384e-12 ,0 ,0 
976,26.3257 ,4.93143e-12 ,0 ,0 
977,26.3526 ,4.89066e-12 ,0 ,0 
978,26.3796 ,4.8515e-12 ,0 ,0 
979,26.4066 ,4.81391e-12 ,0 ,0 
980,26.4336 ,4.77788e-12 ,0 ,0 
981,26.4605 ,4.74339e-12 ,0 ,0 
982,26.4875 ,4.71041e-12 ,0 ,0 
983,26.5145 ,4.67891e-12 ,0 ,0 
984,26.5415 ,4.64888e-12 ,0 ,0 
985,26.5684 ,4.6203e-12 ,0 ,0 
986,26.5954 ,4.59315e-12 ,0 ,0 
987,26.6224 ,4.5674e-12 ,0 ,0 
988,26.6494 ,4.54305e-12 ,0 ,0 
989,26.6763 ,4.52007e-12 ,0 ,0 
990,26.7033 ,4.49846e-12 ,0 ,0 
991,26.7303 ,4.47818e-12 ,0 ,0 
992,26.7572 ,4.45924e-12 ,0 ,0 
993,26.7842 ,4.44161e-12 ,0 ,0 
994,26.8112 ,4.42529e-12 ,0 ,0 
995,26.8382 ,4.41026e-12 ,0 ,0 
996,26.8651 ,4.39651e-12 ,0 ,0 
997,26.8921 ,4.38403e-12 ,0 ,0 
998,26.9191 ,4.37281e-12 ,0 ,0 
999,26.9461 ,4.36285e-12 ,0 ,0 
1000,26.973 ,4.35413e-12 ,0 ,0 