N_e = 26
1,0.027 ,0.00393046 ,0 ,0 
2,0.053973 ,0.00393439 ,0 ,0 
3,0.080946 ,0.00393588 ,0 ,0 
4,0.107919 ,0.00393674 ,0 ,0 
5,0.134892 ,0.00393737 ,0 ,0 
6,0.161865 ,0.00393792 ,0 ,0 
7,0.188838 ,0.00393843 ,0 ,0 
8,0.215811 ,0.00393894 ,0 ,0 
9,0.242784 ,0.00393946 ,0 ,0 
10,0.269757 ,0.00394001 ,0 ,0 
11,0.29673 ,0.00394059 ,0 ,0 
12,0.323703 ,0.00394121 ,0 ,0 
13,0.350676 ,0.00394186 ,0 ,0 
14,0.377649 ,0.00394255 ,0 ,0 
15,0.404622 ,0.00394328 ,0 ,0 
16,0.431595 ,0.00394405 ,0 ,0 
17,0.458568 ,0.00394486 ,0 ,0 
18,0.485541 ,0.00394572 ,0 ,0 
19,0.512514 ,0.00394661 ,0 ,0 
20,0.539487 ,0.00394755 ,0 ,0 
21,0.56646 ,0.00394853 ,0 ,0 
22,0.593433 ,0.00394955 ,0 ,0 
23,0.620406 ,0.00395062 ,0 ,0 
24,0.647379 ,0.00395172 ,0 ,0 
25,0.674352 ,0.00395286 ,0 ,0 
26,0.701325 ,0.00395405 ,0 ,0 
27,0.728298 ,0.00395527 ,0 ,0 
28,0.755271 ,0.00395654 ,0 ,0 
29,0.782244 ,0.00395784 ,0 ,0 
30,0.809217 ,0.00395918 ,0 ,0 
31,0.83619 ,0.00396056 ,0 ,0 
32,0.863163 ,0.00396197 ,0 ,0 
33,0.890136 ,0.00396342 ,0 ,0 
34,0.917109 ,0.00396491 ,0 ,0 
35,0.944082 ,0.00396643 ,0 ,0 
36,0.971055 ,0.00396799 ,0 ,0 
37,0.998028 ,0.00396958 ,0 ,0 
38,1.025 ,0.0039712 ,0 ,0 
39,1.05197 ,0.00397285 ,0 ,0 
40,1.07895 ,0.00397454 ,0 ,0 
41,1.10592 ,0.00397625 ,0 ,0 
42,1.13289 ,0.003978 ,0 ,0 
43,1.15987 ,0.00397977 ,0 ,0 
44,1.18684 ,0.00398158 ,0 ,0 
45,1.21381 ,0.00398341 ,0 ,0 
46,1.24079 ,0.00398526 ,0 ,0 
47,1.26776 ,0.00398714 ,0 ,0 
48,1.29473 ,0.00398905 ,0 ,0 
49,1.3217 ,0.00399098 ,0 ,0 
50,1.34868 ,0.00399293 ,0 ,0 
51,1.37565 ,0.00399491 ,0 ,0 
52,1.40262 ,0.0039969 ,0 ,0 
53,1.4296 ,0.00399891 ,0 ,0 
54,1.45657 ,0.00400095 ,0 ,0 
55,1.48354 ,0.004003 ,0 ,0 
56,1.51051 ,0.00400507 ,0 ,0 
57,1.53749 ,0.00400715 ,0 ,0 
58,1.56446 ,0.00400925 ,0 ,0 
59,1.59143 ,0.00401136 ,0 ,0 
60,1.61841 ,0.00401349 ,0 ,0 
61,1.64538 ,0.00401563 ,0 ,0 
62,1.67235 ,0.00401777 ,0 ,0 
63,1.69933 ,0.00401993 ,0 ,0 
64,1.7263 ,0.0040221 ,0 ,0 
65,1.75327 ,0.00402427 ,0 ,0 
66,1.78024 ,0.00402645 ,0 ,0 
67,1.80722 ,0.00402864 ,0 ,0 
68,1.83419 ,0.00403083 ,0 ,0 
69,1.86116 ,0.00403303 ,0 ,0 
70,1.88814 ,0.00403522 ,0 ,0 
71,1.91511 ,0.00403742 ,0 ,0 
72,1.94208 ,0.00403962 ,0 ,0 
73,1.96906 ,0.00404182 ,0 ,0 
74,1.99603 ,0.00404402 ,0 ,0 
75,2.023 ,0.00404621 ,0 ,0 
76,2.04998 ,0.0040484 ,0 ,0 
77,2.07695 ,0.00405058 ,0 ,0 
78,2.10392 ,0.00405276 ,0 ,0 
79,2.13089 ,0.00405494 ,0 ,0 
80,2.15787 ,0.0040571 ,0 ,0 
81,2.18484 ,0.00405925 ,0 ,0 
82,2.21181 ,0.0040614 ,0 ,0 
83,2.23879 ,0.00406353 ,0 ,0 
84,2.26576 ,0.00406565 ,0 ,0 
85,2.29273 ,0.00406776 ,0 ,0 
86,2.31971 ,0.00406986 ,0 ,0 
87,2.34668 ,0.00407194 ,0 ,0 
88,2.37365 ,0.004074 ,0 ,0 
89,2.40062 ,0.00407604 ,0 ,0 
90,2.4276 ,0.00407807 ,0 ,0 
91,2.45457 ,0.00408008 ,0 ,0 
92,2.48154 ,0.00408207 ,0 ,0 
93,2.50852 ,0.00408403 ,0 ,0 
94,2.53549 ,0.00408598 ,0 ,0 
95,2.56246 ,0.0040879 ,0 ,0 
96,2.58944 ,0.0040898 ,0 ,0 
97,2.61641 ,0.00409167 ,0 ,0 
98,2.64338 ,0.00409352 ,0 ,0 
99,2.67035 ,0.00409534 ,0 ,0 
100,2.69733 ,0.00409713 ,0 ,0 
101,2.7243 ,0.00409889 ,0 ,0 
102,2.75127 ,0.00410063 ,0 ,0 
103,2.77825 ,0.00410233 ,0 ,0 
104,2.80522 ,0.00410401 ,0 ,0 
105,2.83219 ,0.00410565 ,0 ,0 
106,2.85917 ,0.00410726 ,0 ,0 
107,2.88614 ,0.00410883 ,0 ,0 
108,2.91311 ,0.00411037 ,0 ,0 
109,2.94008 ,0.00411188 ,0 ,0 
110,2.96706 ,0.00411335 ,0 ,0 
111,2.99403 ,0.00411478 ,0 ,0 
112,3.021 ,0.00411618 ,0 ,0 
113,3.04798 ,0.00411753 ,0 ,0 
114,3.07495 ,0.00411885 ,0 ,0 
115,3.10192 ,0.00412013 ,0 ,0 
116,3.12889 ,0.00412137 ,0 ,0 
117,3.15587 ,0.00412257 ,0 ,0 
118,3.18284 ,0.00412372 ,0 ,0 
119,3.20981 ,0.00412484 ,0 ,0 
120,3.23679 ,0.00412591 ,0 ,0 
121,3.26376 ,0.00412694 ,0 ,0 
122,3.29073 ,0.00412792 ,0 ,0 
123,3.31771 ,0.00412886 ,0 ,0 
124,3.34468 ,0.00412975 ,0 ,0 
125,3.37165 ,0.0041306 ,0 ,0 
126,3.39863 ,0.0041314 ,0 ,0 
127,3.4256 ,0.00413216 ,0 ,0 
128,3.45257 ,0.00413287 ,0 ,0 
129,3.47954 ,0.00413353 ,0 ,0 
130,3.50652 ,0.00413414 ,0 ,0 
131,3.53349 ,0.0041347 ,0 ,0 
132,3.56046 ,0.00413521 ,0 ,0 
133,3.58744 ,0.00413568 ,0 ,0 
134,3.61441 ,0.00413609 ,0 ,0 
135,3.64138 ,0.00413646 ,0 ,0 
136,3.66836 ,0.00413677 ,0 ,0 
137,3.69533 ,0.00413703 ,0 ,0 
138,3.7223 ,0.00413724 ,0 ,0 
139,3.74927 ,0.0041374 ,0 ,0 
140,3.77625 ,0.00413751 ,0 ,0 
141,3.80322 ,0.00413756 ,0 ,0 
142,3.83019 ,0.00413756 ,0 ,0 
143,3.85717 ,0.00413751 ,0 ,0 
144,3.88414 ,0.00413741 ,0 ,0 
145,3.91111 ,0.00413725 ,0 ,0 
146,3.93809 ,0.00413704 ,0 ,0 
147,3.96506 ,0.00413677 ,0 ,0 
148,3.99203 ,0.00413645 ,0 ,0 
149,4.019 ,0.00413608 ,0 ,0 
150,4.04598 ,0.00413565 ,0 ,0 
151,4.07295 ,0.00413517 ,0 ,0 
152,4.09992 ,0.00413463 ,0 ,0 
153,4.1269 ,0.00413404 ,0 ,0 
154,4.15387 ,0.00413339 ,0 ,0 
155,4.18084 ,0.00413269 ,0 ,0 
156,4.20782 ,0.00413193 ,0 ,0 
157,4.23479 ,0.00413111 ,0 ,0 
158,4.26176 ,0.00413025 ,0 ,0 
159,4.28873 ,0.00412932 ,0 ,0 
160,4.31571 ,0.00412834 ,0 ,0 
161,4.34268 ,0.00412731 ,0 ,0 
162,4.36965 ,0.00412622 ,0 ,0 
163,4.39663 ,0.00412507 ,0 ,0 
164,4.4236 ,0.00412387 ,0 ,0 
165,4.45057 ,0.00412262 ,0 ,0 
166,4.47755 ,0.0041213 ,0 ,0 
167,4.50452 ,0.00411994 ,0 ,0 
168,4.53149 ,0.00411851 ,0 ,0 
169,4.55846 ,0.00411703 ,0 ,0 
170,4.58544 ,0.0041155 ,0 ,0 
171,4.61241 ,0.00411391 ,0 ,0 
172,4.63938 ,0.00411227 ,0 ,0 
173,4.66636 ,0.00411057 ,0 ,0 
174,4.69333 ,0.00410881 ,0 ,0 
175,4.7203 ,0.004107 ,0 ,0 
176,4.74728 ,0.00410514 ,0 ,0 
177,4.77425 ,0.00410322 ,0 ,0 
178,4.80122 ,0.00410124 ,0 ,0 
179,4.82819 ,0.00409921 ,0 ,0 
180,4.85517 ,0.00409713 ,0 ,0 
181,4.88214 ,0.00409499 ,0 ,0 
182,4.90911 ,0.00409279 ,0 ,0 
183,4.93609 ,0.00409055 ,0 ,0 
184,4.96306 ,0.00408824 ,0 ,0 
185,4.99003 ,0.00408589 ,0 ,0 
186,5.01701 ,0.00408348 ,0 ,0 
187,5.04398 ,0.00408101 ,0 ,0 
188,5.07095 ,0.00407849 ,0 ,0 
189,5.09792 ,0.00407592 ,0 ,0 
190,5.1249 ,0.00407329 ,0 ,0 
191,5.15187 ,0.00407061 ,0 ,0 
192,5.17884 ,0.00406788 ,0 ,0 
193,5.20582 ,0.00406509 ,0 ,0 
194,5.23279 ,0.00406225 ,0 ,0 
195,5.25976 ,0.00405936 ,0 ,0 
196,5.28674 ,0.00405641 ,0 ,0 
197,5.31371 ,0.00405341 ,0 ,0 
198,5.34068 ,0.00405036 ,0 ,0 
199,5.36765 ,0.00404725 ,0 ,0 
200,5.39463 ,0.00404409 ,0 ,0 
201,5.4216 ,0.00404088 ,0 ,0 
202,5.44857 ,0.00403761 ,0 ,0 
203,5.47555 ,0.00403429 ,0 ,0 
204,5.50252 ,0.00403092 ,0 ,0 
205,5.52949 ,0.00402749 ,0 ,0 
206,5.55647 ,0.00402401 ,0 ,0 
207,5.58344 ,0.00402048 ,0 ,0 
208,5.61041 ,0.00401689 ,0 ,0 
209,5.63738 ,0.00401326 ,0 ,0 
210,5.66436 ,0.00400956 ,0 ,0 
211,5.69133 ,0.00400582 ,0 ,0 
212,5.7183 ,0.00400202 ,0 ,0 
213,5.74528 ,0.00399817 ,0 ,0 
214,5.77225 ,0.00399426 ,0 ,0 
215,5.79922 ,0.0039903 ,0 ,0 
216,5.8262 ,0.00398629 ,0 ,0 
217,5.85317 ,0.00398222 ,0 ,0 
218,5.88014 ,0.0039781 ,0 ,0 
219,5.90711 ,0.00397392 ,0 ,0 
220,5.93409 ,0.00396969 ,0 ,0 
221,5.96106 ,0.0039654 ,0 ,0 
222,5.98803 ,0.00396106 ,0 ,0 
223,6.01501 ,0.00395666 ,0 ,0 
224,6.04198 ,0.00395221 ,0 ,0 
225,6.06895 ,0.0039477 ,0 ,0 
226,6.09593 ,0.00394313 ,0 ,0 
227,6.1229 ,0.00393851 ,0 ,0 
228,6.14987 ,0.00393383 ,0 ,0 
229,6.17684 ,0.00392909 ,0 ,0 
230,6.20382 ,0.0039243 ,0 ,0 
231,6.23079 ,0.00391944 ,0 ,0 
232,6.25776 ,0.00391453 ,0 ,0 
233,6.28474 ,0.00390956 ,0 ,0 
234,6.31171 ,0.00390453 ,0 ,0 
235,6.33868 ,0.00389944 ,0 ,0 
236,6.36566 ,0.00389429 ,0 ,0 
237,6.39263 ,0.00388908 ,0 ,0 
238,6.4196 ,0.00388381 ,0 ,0 
239,6.44657 ,0.00387847 ,0 ,0 
240,6.47355 ,0.00387307 ,0 ,0 
241,6.50052 ,0.00386761 ,0 ,0 
242,6.52749 ,0.00386209 ,0 ,0 
243,6.55447 ,0.0038565 ,0 ,0 
244,6.58144 ,0.00385084 ,0 ,0 
245,6.60841 ,0.00384512 ,0 ,0 
246,6.63539 ,0.00383933 ,0 ,0 
247,6.66236 ,0.00383348 ,0 ,0 
248,6.68933 ,0.00382756 ,0 ,0 
249,6.7163 ,0.00382156 ,0 ,0 
250,6.74328 ,0.0038155 ,0 ,0 
251,6.77025 ,0.00380937 ,0 ,0 
252,6.79722 ,0.00380317 ,0 ,0 
253,6.8242 ,0.00379689 ,0 ,0 
254,6.85117 ,0.00379055 ,0 ,0 
255,6.87814 ,0.00378413 ,0 ,0 
256,6.90512 ,0.00377763 ,0 ,0 
257,6.93209 ,0.00377106 ,0 ,0 
258,6.95906 ,0.00376441 ,0 ,0 
259,6.98603 ,0.00375769 ,0 ,0 
260,7.01301 ,0.00375088 ,0 ,0 
261,7.03998 ,0.003744 ,0 ,0 
262,7.06695 ,0.00373704 ,0 ,0 
263,7.09393 ,0.00373 ,0 ,0 
264,7.1209 ,0.00372287 ,0 ,0 
265,7.14787 ,0.00371567 ,0 ,0 
266,7.17485 ,0.00370838 ,0 ,0 
267,7.20182 ,0.003701 ,0 ,0 
268,7.22879 ,0.00369354 ,0 ,0 
269,7.25576 ,0.00368599 ,0 ,0 
270,7.28274 ,0.00367835 ,0 ,0 
271,7.30971 ,0.00367062 ,0 ,0 
272,7.33668 ,0.00366281 ,0 ,0 
273,7.36366 ,0.0036549 ,0 ,0 
274,7.39063 ,0.0036469 ,0 ,0 
275,7.4176 ,0.00363881 ,0 ,0 
276,7.44458 ,0.00363062 ,0 ,0 
277,7.47155 ,0.00362234 ,0 ,0 
278,7.49852 ,0.00361396 ,0 ,0 
279,7.52549 ,0.00360548 ,0 ,0 
280,7.55247 ,0.00359691 ,0 ,0 
281,7.57944 ,0.00358823 ,0 ,0 
282,7.60641 ,0.00357946 ,0 ,0 
283,7.63339 ,0.00357058 ,0 ,0 
284,7.66036 ,0.0035616 ,0 ,0 
285,7.68733 ,0.00355251 ,0 ,0 
286,7.71431 ,0.00354333 ,0 ,0 
287,7.74128 ,0.00353403 ,0 ,0 
288,7.76825 ,0.00352463 ,0 ,0 
289,7.79522 ,0.00351512 ,0 ,0 
290,7.8222 ,0.0035055 ,0 ,0 
291,7.84917 ,0.00349577 ,0 ,0 
292,7.87614 ,0.00348593 ,0 ,0 
293,7.90312 ,0.00347598 ,0 ,0 
294,7.93009 ,0.00346592 ,0 ,0 
295,7.95706 ,0.00345574 ,0 ,0 
296,7.98404 ,0.00344545 ,0 ,0 
297,8.01101 ,0.00343504 ,0 ,0 
298,8.03798 ,0.00342452 ,0 ,0 
299,8.06495 ,0.00341388 ,0 ,0 
300,8.09193 ,0.00340312 ,0 ,0 
301,8.1189 ,0.00339224 ,0 ,0 
302,8.14587 ,0.00338125 ,0 ,0 
303,8.17285 ,0.00337013 ,0 ,0 
304,8.19982 ,0.00335889 ,0 ,0 
305,8.22679 ,0.00334753 ,0 ,0 
306,8.25376 ,0.00333605 ,0 ,0 
307,8.28074 ,0.00332445 ,0 ,0 
308,8.30771 ,0.00331272 ,0 ,0 
309,8.33468 ,0.00330087 ,0 ,0 
310,8.36166 ,0.0032889 ,0 ,0 
311,8.38863 ,0.0032768 ,0 ,0 
312,8.4156 ,0.00326457 ,0 ,0 
313,8.44258 ,0.00325222 ,0 ,0 
314,8.46955 ,0.00323974 ,0 ,0 
315,8.49652 ,0.00322714 ,0 ,0 
316,8.52349 ,0.00321441 ,0 ,0 
317,8.55047 ,0.00320156 ,0 ,0 
318,8.57744 ,0.00318857 ,0 ,0 
319,8.60441 ,0.00317546 ,0 ,0 
320,8.63139 ,0.00316223 ,0 ,0 
321,8.65836 ,0.00314886 ,0 ,0 
322,8.68533 ,0.00313537 ,0 ,0 
323,8.71231 ,0.00312176 ,0 ,0 
324,8.73928 ,0.00310801 ,0 ,0 
325,8.76625 ,0.00309414 ,0 ,0 
326,8.79322 ,0.00308014 ,0 ,0 
327,8.8202 ,0.00306602 ,0 ,0 
328,8.84717 ,0.00305177 ,0 ,0 
329,8.87414 ,0.0030374 ,0 ,0 
330,8.90112 ,0.0030229 ,0 ,0 
331,8.92809 ,0.00300827 ,0 ,0 
332,8.95506 ,0.00299352 ,0 ,0 
333,8.98204 ,0.00297865 ,0 ,0 
334,9.00901 ,0.00296366 ,0 ,0 
335,9.03598 ,0.00294854 ,0 ,0 
336,9.06295 ,0.00293331 ,0 ,0 
337,9.08993 ,0.00291795 ,0 ,0 
338,9.1169 ,0.00290248 ,0 ,0 
339,9.14387 ,0.00288688 ,0 ,0 
340,9.17085 ,0.00287117 ,0 ,0 
341,9.19782 ,0.00285535 ,0 ,0 
342,9.22479 ,0.0028394 ,0 ,0 
343,9.25177 ,0.00282335 ,0 ,0 
344,9.27874 ,0.00280718 ,0 ,0 
345,9.30571 ,0.0027909 ,0 ,0 
346,9.33268 ,0.00277451 ,0 ,0 
347,9.35966 ,0.00275802 ,0 ,0 
348,9.38663 ,0.00274142 ,0 ,0 
349,9.4136 ,0.00272471 ,0 ,0 
350,9.44058 ,0.0027079 ,0 ,0 
351,9.46755 ,0.00269099 ,0 ,0 
352,9.49452 ,0.00267397 ,0 ,0 
353,9.5215 ,0.00265687 ,0 ,0 
354,9.54847 ,0.00263966 ,0 ,0 
355,9.57544 ,0.00262236 ,0 ,0 
356,9.60241 ,0.00260497 ,0 ,0 
357,9.62939 ,0.00258749 ,0 ,0 
358,9.65636 ,0.00256992 ,0 ,0 
359,9.68333 ,0.00255227 ,0 ,0 
360,9.71031 ,0.00253453 ,0 ,0 
361,9.73728 ,0.00251671 ,0 ,0 
362,9.76425 ,0.00249881 ,0 ,0 
363,9.79123 ,0.00248084 ,0 ,0 
364,9.8182 ,0.0024628 ,0 ,0 
365,9.84517 ,0.00244468 ,0 ,0 
366,9.87214 ,0.00242649 ,0 ,0 
367,9.89912 ,0.00240824 ,0 ,0 
368,9.92609 ,0.00238993 ,0 ,0 
369,9.95306 ,0.00237156 ,0 ,0 
370,9.98004 ,0.00235313 ,0 ,0 
371,10.007 ,0.00233464 ,0 ,0 
372,10.034 ,0.0023161 ,0 ,0 
373,10.061 ,0.00229752 ,0 ,0 
374,10.0879 ,0.00227888 ,0 ,0 
375,10.1149 ,0.00226021 ,0 ,0 
376,10.1419 ,0.00224149 ,0 ,0 
377,10.1688 ,0.00222274 ,0 ,0 
378,10.1958 ,0.00220396 ,0 ,0 
379,10.2228 ,0.00218514 ,0 ,0 
380,10.2498 ,0.0021663 ,0 ,0 
381,10.2767 ,0.00214744 ,0 ,0 
382,10.3037 ,0.00212855 ,0 ,0 
383,10.3307 ,0.00210964 ,0 ,0 
384,10.3577 ,0.00209073 ,0 ,0 
385,10.3846 ,0.0020718 ,0 ,0 
386,10.4116 ,0.00205286 ,0 ,0 
387,10.4386 ,0.00203392 ,0 ,0 
388,10.4656 ,0.00201498 ,0 ,0 
389,10.4925 ,0.00199604 ,0 ,0 
390,10.5195 ,0.00197711 ,0 ,0 
391,10.5465 ,0.00195819 ,0 ,0 
392,10.5734 ,0.00193928 ,0 ,0 
393,10.6004 ,0.00192039 ,0 ,0 
394,10.6274 ,0.00190151 ,0 ,0 
395,10.6544 ,0.00188266 ,0 ,0 
396,10.6813 ,0.00186384 ,0 ,0 
397,10.7083 ,0.00184505 ,0 ,0 
398,10.7353 ,0.00182629 ,0 ,0 
399,10.7623 ,0.00180757 ,0 ,0 
400,10.7892 ,0.00178889 ,0 ,0 
401,10.8162 ,0.00177025 ,0 ,0 
402,10.8432 ,0.00175166 ,0 ,0 
403,10.8701 ,0.00173312 ,0 ,0 
404,10.8971 ,0.00171464 ,0 ,0 
405,10.9241 ,0.00169621 ,0 ,0 
406,10.9511 ,0.00167785 ,0 ,0 
407,10.978 ,0.00165955 ,0 ,0 
408,11.005 ,0.00164132 ,0 ,0 
409,11.032 ,0.00162316 ,0 ,0 
410,11.059 ,0.00160507 ,0 ,0 
411,11.0859 ,0.00158706 ,0 ,0 
412,11.1129 ,0.00156913 ,0 ,0 
413,11.1399 ,0.00155128 ,0 ,0 
414,11.1668 ,0.00153353 ,0 ,0 
415,11.1938 ,0.00151586 ,0 ,0 
416,11.2208 ,0.00149828 ,0 ,0 
417,11.2478 ,0.00148081 ,0 ,0 
418,11.2747 ,0.00146343 ,0 ,0 
419,11.3017 ,0.00144615 ,0 ,0 
420,11.3287 ,0.00142898 ,0 ,0 
421,11.3557 ,0.00141192 ,0 ,0 
422,11.3826 ,0.00139496 ,0 ,0 
423,11.4096 ,0.00137812 ,0 ,0 
424,11.4366 ,0.0013614 ,0 ,0 
425,11.4636 ,0.0013448 ,0 ,0 
426,11.4905 ,0.00132832 ,0 ,0 
427,11.5175 ,0.00131196 ,0 ,0 
428,11.5445 ,0.00129573 ,0 ,0 
429,11.5714 ,0.00127962 ,0 ,0 
430,11.5984 ,0.00126365 ,0 ,0 
431,11.6254 ,0.00124781 ,0 ,0 
432,11.6524 ,0.00123211 ,0 ,0 
433,11.6793 ,0.00121655 ,0 ,0 
434,11.7063 ,0.00120113 ,0 ,0 
435,11.7333 ,0.00118585 ,0 ,0 
436,11.7603 ,0.00117071 ,0 ,0 
437,11.7872 ,0.00115572 ,0 ,0 
438,11.8142 ,0.00114087 ,0 ,0 
439,11.8412 ,0.00112618 ,0 ,0 
440,11.8681 ,0.00111163 ,0 ,0 
441,11.8951 ,0.00109723 ,0 ,0 
442,11.9221 ,0.00108299 ,0 ,0 
443,11.9491 ,0.00106889 ,0 ,0 
444,11.976 ,0.00105495 ,0 ,0 
445,12.003 ,0.00104116 ,0 ,0 
446,12.03 ,0.00102752 ,0 ,0 
447,12.057 ,0.00101404 ,0 ,0 
448,12.0839 ,0.00100071 ,0 ,0 
449,12.1109 ,0.000987527 ,0 ,0 
450,12.1379 ,0.000974502 ,0 ,0 
451,12.1648 ,0.00096163 ,0 ,0 
452,12.1918 ,0.00094891 ,0 ,0 
453,12.2188 ,0.000936343 ,0 ,0 
454,12.2458 ,0.000923927 ,0 ,0 
455,12.2727 ,0.000911663 ,0 ,0 
456,12.2997 ,0.000899549 ,0 ,0 
457,12.3267 ,0.000887586 ,0 ,0 
458,12.3537 ,0.000875772 ,0 ,0 
459,12.3806 ,0.000864107 ,0 ,0 
460,12.4076 ,0.00085259 ,0 ,0 
461,12.4346 ,0.00084122 ,0 ,0 
462,12.4616 ,0.000829996 ,0 ,0 
463,12.4885 ,0.000818917 ,0 ,0 
464,12.5155 ,0.000807983 ,0 ,0 
465,12.5425 ,0.000797192 ,0 ,0 
466,12.5694 ,0.000786543 ,0 ,0 
467,12.5964 ,0.000776035 ,0 ,0 
468,12.6234 ,0.000765668 ,0 ,0 
469,12.6504 ,0.000755439 ,0 ,0 
470,12.6773 ,0.000745347 ,0 ,0 
471,12.7043 ,0.000735393 ,0 ,0 
472,12.7313 ,0.000725573 ,0 ,0 
473,12.7583 ,0.000715887 ,0 ,0 
474,12.7852 ,0.000706334 ,0 ,0 
475,12.8122 ,0.000696912 ,0 ,0 
476,12.8392 ,0.00068762 ,0 ,0 
477,12.8661 ,0.000678457 ,0 ,0 
478,12.8931 ,0.000669422 ,0 ,0 
479,12.9201 ,0.000660512 ,0 ,0 
480,12.9471 ,0.000651727 ,0 ,0 
481,12.974 ,0.000643066 ,0 ,0 
482,13.001 ,0.000634526 ,0 ,0 
483,13.028 ,0.000626107 ,0 ,0 
484,13.055 ,0.000617807 ,0 ,0 
485,13.0819 ,0.000609625 ,0 ,0 
486,13.1089 ,0.000601559 ,0 ,0 
487,13.1359 ,0.000593608 ,0 ,0 
488,13.1629 ,0.000585771 ,0 ,0 
489,13.1898 ,0.000578046 ,0 ,0 
490,13.2168 ,0.000570433 ,0 ,0 
491,13.2438 ,0.000562928 ,0 ,0 
492,13.2707 ,0.000555532 ,0 ,0 
493,13.2977 ,0.000548242 ,0 ,0 
494,13.3247 ,0.000541058 ,0 ,0 
495,13.3517 ,0.000533977 ,0 ,0 
496,13.3786 ,0.000527 ,0 ,0 
497,13.4056 ,0.000520123 ,0 ,0 
498,13.4326 ,0.000513347 ,0 ,0 
499,13.4596 ,0.000506669 ,0 ,0 
500,13.4865 ,0.000500088 ,0 ,0 
501,13.5135 ,0.000493603 ,0 ,0 
502,13.5405 ,0.000487213 ,0 ,0 
503,13.5674 ,0.000480916 ,0 ,0 
504,13.5944 ,0.000474711 ,0 ,0 
505,13.6214 ,0.000468597 ,0 ,0 
506,13.6484 ,0.000462572 ,0 ,0 
507,13.6753 ,0.000456636 ,0 ,0 
508,13.7023 ,0.000450786 ,0 ,0 
509,13.7293 ,0.000445022 ,0 ,0 
510,13.7563 ,0.000439343 ,0 ,0 
511,13.7832 ,0.000433747 ,0 ,0 
512,13.8102 ,0.000428233 ,0 ,0 
513,13.8372 ,0.000422799 ,0 ,0 
514,13.8641 ,0.000417446 ,0 ,0 
515,13.8911 ,0.000412171 ,0 ,0 
516,13.9181 ,0.000406973 ,0 ,0 
517,13.9451 ,0.000401852 ,0 ,0 
518,13.972 ,0.000396805 ,0 ,0 
519,13.999 ,0.000391833 ,0 ,0 
520,14.026 ,0.000386933 ,0 ,0 
521,14.053 ,0.000382106 ,0 ,0 
522,14.0799 ,0.000377349 ,0 ,0 
523,14.1069 ,0.000372661 ,0 ,0 
524,14.1339 ,0.000368043 ,0 ,0 
525,14.1609 ,0.000363491 ,0 ,0 
526,14.1878 ,0.000359007 ,0 ,0 
527,14.2148 ,0.000354587 ,0 ,0 
528,14.2418 ,0.000350233 ,0 ,0 
529,14.2687 ,0.000345942 ,0 ,0 
530,14.2957 ,0.000341713 ,0 ,0 
531,14.3227 ,0.000337546 ,0 ,0 
532,14.3497 ,0.00033344 ,0 ,0 
533,14.3766 ,0.000329393 ,0 ,0 
534,14.4036 ,0.000325406 ,0 ,0 
535,14.4306 ,0.000321476 ,0 ,0 
536,14.4576 ,0.000317603 ,0 ,0 
537,14.4845 ,0.000313786 ,0 ,0 
538,14.5115 ,0.000310025 ,0 ,0 
539,14.5385 ,0.000306317 ,0 ,0 
540,14.5654 ,0.000302664 ,0 ,0 
541,14.5924 ,0.000299063 ,0 ,0 
542,14.6194 ,0.000295514 ,0 ,0 
543,14.6464 ,0.000292016 ,0 ,0 
544,14.6733 ,0.000288568 ,0 ,0 
545,14.7003 ,0.00028517 ,0 ,0 
546,14.7273 ,0.000281821 ,0 ,0 
547,14.7543 ,0.000278519 ,0 ,0 
548,14.7812 ,0.000275265 ,0 ,0 
549,14.8082 ,0.000272057 ,0 ,0 
550,14.8352 ,0.000268895 ,0 ,0 
551,14.8621 ,0.000265778 ,0 ,0 
552,14.8891 ,0.000262706 ,0 ,0 
553,14.9161 ,0.000259677 ,0 ,0 
554,14.9431 ,0.000256691 ,0 ,0 
555,14.97 ,0.000253747 ,0 ,0 
556,14.997 ,0.000250845 ,0 ,0 
557,15.024 ,0.000247983 ,0 ,0 
558,15.051 ,0.000245162 ,0 ,0 
559,15.0779 ,0.000242381 ,0 ,0 
560,15.1049 ,0.000239639 ,0 ,0 
561,15.1319 ,0.000236935 ,0 ,0 
562,15.1589 ,0.000234269 ,0 ,0 
563,15.1858 ,0.00023164 ,0 ,0 
564,15.2128 ,0.000229048 ,0 ,0 
565,15.2398 ,0.000226492 ,0 ,0 
566,15.2667 ,0.000223971 ,0 ,0 
567,15.2937 ,0.000221486 ,0 ,0 
568,15.3207 ,0.000219035 ,0 ,0 
569,15.3477 ,0.000216618 ,0 ,0 
570,15.3746 ,0.000214234 ,0 ,0 
571,15.4016 ,0.000211883 ,0 ,0 
572,15.4286 ,0.000209564 ,0 ,0 
573,15.4556 ,0.000207277 ,0 ,0 
574,15.4825 ,0.000205021 ,0 ,0 
575,15.5095 ,0.000202796 ,0 ,0 
576,15.5365 ,0.000200602 ,0 ,0 
577,15.5634 ,0.000198437 ,0 ,0 
578,15.5904 ,0.000196302 ,0 ,0 
579,15.6174 ,0.000194196 ,0 ,0 
580,15.6444 ,0.000192118 ,0 ,0 
581,15.6713 ,0.000190068 ,0 ,0 
582,15.6983 ,0.000188046 ,0 ,0 
583,15.7253 ,0.000186051 ,0 ,0 
584,15.7523 ,0.000184083 ,0 ,0 
585,15.7792 ,0.000182142 ,0 ,0 
586,15.8062 ,0.000180226 ,0 ,0 
587,15.8332 ,0.000178335 ,0 ,0 
588,15.8602 ,0.00017647 ,0 ,0 
589,15.8871 ,0.00017463 ,0 ,0 
590,15.9141 ,0.000172814 ,0 ,0 
591,15.9411 ,0.000171022 ,0 ,0 
592,15.968 ,0.000169254 ,0 ,0 
593,15.995 ,0.000167509 ,0 ,0 
594,16.022 ,0.000165787 ,0 ,0 
595,16.049 ,0.000164088 ,0 ,0 
596,16.0759 ,0.00016241 ,0 ,0 
597,16.1029 ,0.000160755 ,0 ,0 
598,16.1299 ,0.000159121 ,0 ,0 
599,16.1569 ,0.000157509 ,0 ,0 
600,16.1838 ,0.000155917 ,0 ,0 
601,16.2108 ,0.000154346 ,0 ,0 
602,16.2378 ,0.000152796 ,0 ,0 
603,16.2647 ,0.000151265 ,0 ,0 
604,16.2917 ,0.000149754 ,0 ,0 
605,16.3187 ,0.000148262 ,0 ,0 
606,16.3457 ,0.00014679 ,0 ,0 
607,16.3726 ,0.000145336 ,0 ,0 
608,16.3996 ,0.000143901 ,0 ,0 
609,16.4266 ,0.000142484 ,0 ,0 
610,16.4536 ,0.000141085 ,0 ,0 
611,16.4805 ,0.000139704 ,0 ,0 
612,16.5075 ,0.00013834 ,0 ,0 
613,16.5345 ,0.000136993 ,0 ,0 
614,16.5614 ,0.000135664 ,0 ,0 
615,16.5884 ,0.000134351 ,0 ,0 
616,16.6154 ,0.000133054 ,0 ,0 
617,16.6424 ,0.000131774 ,0 ,0 
618,16.6693 ,0.00013051 ,0 ,0 
619,16.6963 ,0.000129261 ,0 ,0 
620,16.7233 ,0.000128028 ,0 ,0 
621,16.7503 ,0.00012681 ,0 ,0 
622,16.7772 ,0.000125607 ,0 ,0 
623,16.8042 ,0.000124419 ,0 ,0 
624,16.8312 ,0.000123246 ,0 ,0 
625,16.8582 ,0.000122087 ,0 ,0 
626,16.8851 ,0.000120942 ,0 ,0 
627,16.9121 ,0.000119811 ,0 ,0 
628,16.9391 ,0.000118694 ,0 ,0 
629,16.966 ,0.000117591 ,0 ,0 
630,16.993 ,0.000116501 ,0 ,0 
631,17.02 ,0.000115424 ,0 ,0 
632,17.047 ,0.00011436 ,0 ,0 
633,17.0739 ,0.000113309 ,0 ,0 
634,17.1009 ,0.000112271 ,0 ,0 
635,17.1279 ,0.000111245 ,0 ,0 
636,17.1549 ,0.000110231 ,0 ,0 
637,17.1818 ,0.00010923 ,0 ,0 
638,17.2088 ,0.00010824 ,0 ,0 
639,17.2358 ,0.000107262 ,0 ,0 
640,17.2627 ,0.000106296 ,0 ,0 
641,17.2897 ,0.000105342 ,0 ,0 
642,17.3167 ,0.000104398 ,0 ,0 
643,17.3437 ,0.000103466 ,0 ,0 
644,17.3706 ,0.000102545 ,0 ,0 
645,17.3976 ,0.000101634 ,0 ,0 
646,17.4246 ,0.000100734 ,0 ,0 
647,17.4516 ,9.98448e-05 ,0 ,0 
648,17.4785 ,9.89658e-05 ,0 ,0 
649,17.5055 ,9.80971e-05 ,0 ,0 
650,17.5325 ,9.72385e-05 ,0 ,0 
651,17.5595 ,9.63898e-05 ,0 ,0 
652,17.5864 ,9.55509e-05 ,0 ,0 
653,17.6134 ,9.47217e-05 ,0 ,0 
654,17.6404 ,9.39021e-05 ,0 ,0 
655,17.6673 ,9.30919e-05 ,0 ,0 
656,17.6943 ,9.22909e-05 ,0 ,0 
657,17.7213 ,9.14991e-05 ,0 ,0 
658,17.7483 ,9.07164e-05 ,0 ,0 
659,17.7752 ,8.99426e-05 ,0 ,0 
660,17.8022 ,8.91776e-05 ,0 ,0 
661,17.8292 ,8.84213e-05 ,0 ,0 
662,17.8562 ,8.76735e-05 ,0 ,0 
663,17.8831 ,8.69342e-05 ,0 ,0 
664,17.9101 ,8.62032e-05 ,0 ,0 
665,17.9371 ,8.54804e-05 ,0 ,0 
666,17.964 ,8.47658e-05 ,0 ,0 
667,17.991 ,8.40591e-05 ,0 ,0 
668,18.018 ,8.33604e-05 ,0 ,0 
669,18.045 ,8.26695e-05 ,0 ,0 
670,18.0719 ,8.19862e-05 ,0 ,0 
671,18.0989 ,8.13106e-05 ,0 ,0 
672,18.1259 ,8.06424e-05 ,0 ,0 
673,18.1529 ,7.99816e-05 ,0 ,0 
674,18.1798 ,7.93282e-05 ,0 ,0 
675,18.2068 ,7.86819e-05 ,0 ,0 
676,18.2338 ,7.80428e-05 ,0 ,0 
677,18.2607 ,7.74106e-05 ,0 ,0 
678,18.2877 ,7.67854e-05 ,0 ,0 
679,18.3147 ,7.6167e-05 ,0 ,0 
680,18.3417 ,7.55554e-05 ,0 ,0 
681,18.3686 ,7.49505e-05 ,0 ,0 
682,18.3956 ,7.43521e-05 ,0 ,0 
683,18.4226 ,7.37602e-05 ,0 ,0 
684,18.4496 ,7.31747e-05 ,0 ,0 
685,18.4765 ,7.25955e-05 ,0 ,0 
686,18.5035 ,7.20226e-05 ,0 ,0 
687,18.5305 ,7.14559e-05 ,0 ,0 
688,18.5575 ,7.08953e-05 ,0 ,0 
689,18.5844 ,7.03406e-05 ,0 ,0 
690,18.6114 ,6.97919e-05 ,0 ,0 
691,18.6384 ,6.92491e-05 ,0 ,0 
692,18.6653 ,6.8712e-05 ,0 ,0 
693,18.6923 ,6.81807e-05 ,0 ,0 
694,18.7193 ,6.7655e-05 ,0 ,0 
695,18.7463 ,6.71349e-05 ,0 ,0 
696,18.7732 ,6.66203e-05 ,0 ,0 
697,18.8002 ,6.61111e-05 ,0 ,0 
698,18.8272 ,6.56073e-05 ,0 ,0 
699,18.8542 ,6.51088e-05 ,0 ,0 
700,18.8811 ,6.46155e-05 ,0 ,0 
701,18.9081 ,6.41274e-05 ,0 ,0 
702,18.9351 ,6.36445e-05 ,0 ,0 
703,18.962 ,6.31665e-05 ,0 ,0 
704,18.989 ,6.26936e-05 ,0 ,0 
705,19.016 ,6.22256e-05 ,0 ,0 
706,19.043 ,6.17624e-05 ,0 ,0 
707,19.0699 ,6.1304e-05 ,0 ,0 
708,19.0969 ,6.08504e-05 ,0 ,0 
709,19.1239 ,6.04015e-05 ,0 ,0 
710,19.1509 ,5.99572e-05 ,0 ,0 
711,19.1778 ,5.95175e-05 ,0 ,0 
712,19.2048 ,5.90823e-05 ,0 ,0 
713,19.2318 ,5.86516e-05 ,0 ,0 
714,19.2587 ,5.82253e-05 ,0 ,0 
715,19.2857 ,5.78033e-05 ,0 ,0 
716,19.3127 ,5.73857e-05 ,0 ,0 
717,19.3397 ,5.69723e-05 ,0 ,0 
718,19.3666 ,5.65632e-05 ,0 ,0 
719,19.3936 ,5.61582e-05 ,0 ,0 
720,19.4206 ,5.57572e-05 ,0 ,0 
721,19.4476 ,5.53604e-05 ,0 ,0 
722,19.4745 ,5.49676e-05 ,0 ,0 
723,19.5015 ,5.45787e-05 ,0 ,0 
724,19.5285 ,5.41938e-05 ,0 ,0 
725,19.5555 ,5.38127e-05 ,0 ,0 
726,19.5824 ,5.34354e-05 ,0 ,0 
727,19.6094 ,5.3062e-05 ,0 ,0 
728,19.6364 ,5.26923e-05 ,0 ,0 
729,19.6633 ,5.23262e-05 ,0 ,0 
730,19.6903 ,5.19638e-05 ,0 ,0 
731,19.7173 ,5.16051e-05 ,0 ,0 
732,19.7443 ,5.12499e-05 ,0 ,0 
733,19.7712 ,5.08982e-05 ,0 ,0 
734,19.7982 ,5.055e-05 ,0 ,0 
735,19.8252 ,5.02053e-05 ,0 ,0 
736,19.8522 ,4.9864e-05 ,0 ,0 
737,19.8791 ,4.9526e-05 ,0 ,0 
738,19.9061 ,4.91914e-05 ,0 ,0 
739,19.9331 ,4.88601e-05 ,0 ,0 
740,19.96 ,4.8532e-05 ,0 ,0 
741,19.987 ,4.82071e-05 ,0 ,0 
742,20.014 ,4.78855e-05 ,0 ,0 
743,20.041 ,4.75669e-05 ,0 ,0 
744,20.0679 ,4.72515e-05 ,0 ,0 
745,20.0949 ,4.69392e-05 ,0 ,0 
746,20.1219 ,4.66299e-05 ,0 ,0 
747,20.1489 ,4.63236e-05 ,0 ,0 
748,20.1758 ,4.60203e-05 ,0 ,0 
749,20.2028 ,4.57199e-05 ,0 ,0 
750,20.2298 ,4.54224e-05 ,0 ,0 
751,20.2568 ,4.51278e-05 ,0 ,0 
752,20.2837 ,4.48361e-05 ,0 ,0 
753,20.3107 ,4.45472e-05 ,0 ,0 
754,20.3377 ,4.4261e-05 ,0 ,0 
755,20.3646 ,4.39776e-05 ,0 ,0 
756,20.3916 ,4.36969e-05 ,0 ,0 
757,20.4186 ,4.34189e-05 ,0 ,0 
758,20.4456 ,4.31436e-05 ,0 ,0 
759,20.4725 ,4.28709e-05 ,0 ,0 
760,20.4995 ,4.26008e-05 ,0 ,0 
761,20.5265 ,4.23333e-05 ,0 ,0 
762,20.5535 ,4.20683e-05 ,0 ,0 
763,20.5804 ,4.18059e-05 ,0 ,0 
764,20.6074 ,4.15459e-05 ,0 ,0 
765,20.6344 ,4.12884e-05 ,0 ,0 
766,20.6613 ,4.10334e-05 ,0 ,0 
767,20.6883 ,4.07807e-05 ,0 ,0 
768,20.7153 ,4.05305e-05 ,0 ,0 
769,20.7423 ,4.02826e-05 ,0 ,0 
770,20.7692 ,4.0037e-05 ,0 ,0 
771,20.7962 ,3.97937e-05 ,0 ,0 
772,20.8232 ,3.95528e-05 ,0 ,0 
773,20.8502 ,3.93141e-05 ,0 ,0 
774,20.8771 ,3.90776e-05 ,0 ,0 
775,20.9041 ,3.88434e-05 ,0 ,0 
776,20.9311 ,3.86113e-05 ,0 ,0 
777,20.958 ,3.83814e-05 ,0 ,0 
778,20.985 ,3.81536e-05 ,0 ,0 
779,21.012 ,3.7928e-05 ,0 ,0 
780,21.039 ,3.77045e-05 ,0 ,0 
781,21.0659 ,3.7483e-05 ,0 ,0 
782,21.0929 ,3.72636e-05 ,0 ,0 
783,21.1199 ,3.70463e-05 ,0 ,0 
784,21.1469 ,3.68309e-05 ,0 ,0 
785,21.1738 ,3.66176e-05 ,0 ,0 
786,21.2008 ,3.64062e-05 ,0 ,0 
787,21.2278 ,3.61967e-05 ,0 ,0 
788,21.2548 ,3.59892e-05 ,0 ,0 
789,21.2817 ,3.57836e-05 ,0 ,0 
790,21.3087 ,3.55799e-05 ,0 ,0 
791,21.3357 ,3.53781e-05 ,0 ,0 
792,21.3626 ,3.51781e-05 ,0 ,0 
793,21.3896 ,3.498e-05 ,0 ,0 
794,21.4166 ,3.47836e-05 ,0 ,0 
795,21.4436 ,3.45891e-05 ,0 ,0 
796,21.4705 ,3.43963e-05 ,0 ,0 
797,21.4975 ,3.42053e-05 ,0 ,0 
798,21.5245 ,3.4016e-05 ,0 ,0 
799,21.5515 ,3.38285e-05 ,0 ,0 
800,21.5784 ,3.36427e-05 ,0 ,0 
801,21.6054 ,3.34585e-05 ,0 ,0 
802,21.6324 ,3.3276e-05 ,0 ,0 
803,21.6593 ,3.30952e-05 ,0 ,0 
804,21.6863 ,3.2916e-05 ,0 ,0 
805,21.7133 ,3.27385e-05 ,0 ,0 
806,21.7403 ,3.25625e-05 ,0 ,0 
807,21.7672 ,3.23882e-05 ,0 ,0 
808,21.7942 ,3.22154e-05 ,0 ,0 
809,21.8212 ,3.20441e-05 ,0 ,0 
810,21.8482 ,3.18744e-05 ,0 ,0 
811,21.8751 ,3.17062e-05 ,0 ,0 
812,21.9021 ,3.15396e-05 ,0 ,0 
813,21.9291 ,3.13744e-05 ,0 ,0 
814,21.956 ,3.12107e-05 ,0 ,0 
815,21.983 ,3.10485e-05 ,0 ,0 
816,22.01 ,3.08878e-05 ,0 ,0 
817,22.037 ,3.07284e-05 ,0 ,0 
818,22.0639 ,3.05705e-05 ,0 ,0 
819,22.0909 ,3.0414e-05 ,0 ,0 
820,22.1179 ,3.02589e-05 ,0 ,0 
821,22.1449 ,3.01052e-05 ,0 ,0 
822,22.1718 ,2.99529e-05 ,0 ,0 
823,22.1988 ,2.98019e-05 ,0 ,0 
824,22.2258 ,2.96522e-05 ,0 ,0 
825,22.2528 ,2.95039e-05 ,0 ,0 
826,22.2797 ,2.93569e-05 ,0 ,0 
827,22.3067 ,2.92112e-05 ,0 ,0 
828,22.3337 ,2.90668e-05 ,0 ,0 
829,22.3606 ,2.89236e-05 ,0 ,0 
830,22.3876 ,2.87818e-05 ,0 ,0 
831,22.4146 ,2.86412e-05 ,0 ,0 
832,22.4416 ,2.85018e-05 ,0 ,0 
833,22.4685 ,2.83636e-05 ,0 ,0 
834,22.4955 ,2.82267e-05 ,0 ,0 
835,22.5225 ,2.8091e-05 ,0 ,0 
836,22.5495 ,2.79565e-05 ,0 ,0 
837,22.5764 ,2.78231e-05 ,0 ,0 
838,22.6034 ,2.76909e-05 ,0 ,0 
839,22.6304 ,2.75599e-05 ,0 ,0 
840,22.6573 ,2.74301e-05 ,0 ,0 
841,22.6843 ,2.73013e-05 ,0 ,0 
842,22.7113 ,2.71737e-05 ,0 ,0 
843,22.7383 ,2.70472e-05 ,0 ,0 
844,22.7652 ,2.69219e-05 ,0 ,0 
845,22.7922 ,2.67976e-05 ,0 ,0 
846,22.8192 ,2.66744e-05 ,0 ,0 
847,22.8462 ,2.65523e-05 ,0 ,0 
848,22.8731 ,2.64312e-05 ,0 ,0 
849,22.9001 ,2.63112e-05 ,0 ,0 
850,22.9271 ,2.61923e-05 ,0 ,0 
851,22.9541 ,2.60743e-05 ,0 ,0 
852,22.981 ,2.59575e-05 ,0 ,0 
853,23.008 ,2.58416e-05 ,0 ,0 
854,23.035 ,2.57267e-05 ,0 ,0 
855,23.0619 ,2.56128e-05 ,0 ,0 
856,23.0889 ,2.54999e-05 ,0 ,0 
857,23.1159 ,2.5388e-05 ,0 ,0 
858,23.1429 ,2.52771e-05 ,0 ,0 
859,23.1698 ,2.51671e-05 ,0 ,0 
860,23.1968 ,2.50581e-05 ,0 ,0 
861,23.2238 ,2.495e-05 ,0 ,0 
862,23.2508 ,2.48429e-05 ,0 ,0 
863,23.2777 ,2.47367e-05 ,0 ,0 
864,23.3047 ,2.46314e-05 ,0 ,0 
865,23.3317 ,2.4527e-05 ,0 ,0 
866,23.3586 ,2.44235e-05 ,0 ,0 
867,23.3856 ,2.43209e-05 ,0 ,0 
868,23.4126 ,2.42192e-05 ,0 ,0 
869,23.4396 ,2.41183e-05 ,0 ,0 
870,23.4665 ,2.40184e-05 ,0 ,0 
871,23.4935 ,2.39193e-05 ,0 ,0 
872,23.5205 ,2.3821e-05 ,0 ,0 
873,23.5475 ,2.37236e-05 ,0 ,0 
874,23.5744 ,2.3627e-05 ,0 ,0 
875,23.6014 ,2.35313e-05 ,0 ,0 
876,23.6284 ,2.34363e-05 ,0 ,0 
877,23.6553 ,2.33422e-05 ,0 ,0 
878,23.6823 ,2.32489e-05 ,0 ,0 
879,23.7093 ,2.31564e-05 ,0 ,0 
880,23.7363 ,2.30647e-05 ,0 ,0 
881,23.7632 ,2.29738e-05 ,0 ,0 
882,23.7902 ,2.28837e-05 ,0 ,0 
883,23.8172 ,2.27943e-05 ,0 ,0 
884,23.8442 ,2.27057e-05 ,0 ,0 
885,23.8711 ,2.26179e-05 ,0 ,0 
886,23.8981 ,2.25308e-05 ,0 ,0 
887,23.9251 ,2.24444e-05 ,0 ,0 
888,23.9521 ,2.23588e-05 ,0 ,0 
889,23.979 ,2.22739e-05 ,0 ,0 
890,24.006 ,2.21898e-05 ,0 ,0 
891,24.033 ,2.21063e-05 ,0 ,0 
892,24.0599 ,2.20236e-05 ,0 ,0 
893,24.0869 ,2.19416e-05 ,0 ,0 
894,24.1139 ,2.18603e-05 ,0 ,0 
895,24.1409 ,2.17797e-05 ,0 ,0 
896,24.1678 ,2.16997e-05 ,0 ,0 
897,24.1948 ,2.16205e-05 ,0 ,0 
898,24.2218 ,2.15419e-05 ,0 ,0 
899,24.2488 ,2.1464e-05 ,0 ,0 
900,24.2757 ,2.13868e-05 ,0 ,0 
901,24.3027 ,2.13102e-05 ,0 ,0 
902,24.3297 ,2.12343e-05 ,0 ,0 
903,24.3566 ,2.1159e-05 ,0 ,0 
904,24.3836 ,2.10843e-05 ,0 ,0 
905,24.4106 ,2.10103e-05 ,0 ,0 
906,24.4376 ,2.0937e-05 ,0 ,0 
907,24.4645 ,2.08642e-05 ,0 ,0 
908,24.4915 ,2.07921e-05 ,0 ,0 
909,24.5185 ,2.07206e-05 ,0 ,0 
910,24.5455 ,2.06497e-05 ,0 ,0 
911,24.5724 ,2.05794e-05 ,0 ,0 
912,24.5994 ,2.05097e-05 ,0 ,0 
913,24.6264 ,2.04406e-05 ,0 ,0 
914,24.6533 ,2.0372e-05 ,0 ,0 
915,24.6803 ,2.03041e-05 ,0 ,0 
916,24.7073 ,2.02367e-05 ,0 ,0 
917,24.7343 ,2.01699e-05 ,0 ,0 
918,24.7612 ,2.01037e-05 ,0 ,0 
919,24.7882 ,2.00381e-05 ,0 ,0 
920,24.8152 ,1.9973e-05 ,0 ,0 
921,24.8422 ,1.99084e-05 ,0 ,0 
922,24.8691 ,1.98444e-05 ,0 ,0 
923,24.8961 ,1.9781e-05 ,0 ,0 
924,24.9231 ,1.97181e-05 ,0 ,0 
925,24.9501 ,1.96557e-05 ,0 ,0 
926,24.977 ,1.95939e-05 ,0 ,0 
927,25.004 ,1.95326e-05 ,0 ,0 
928,25.031 ,1.94718e-05 ,0 ,0 
929,25.0579 ,1.94115e-05 ,0 ,0 
930,25.0849 ,1.93518e-05 ,0 ,0 
931,25.1119 ,1.92925e-05 ,0 ,0 
932,25.1389 ,1.92338e-05 ,0 ,0 
933,25.1658 ,1.91755e-05 ,0 ,0 
934,25.1928 ,1.91178e-05 ,0 ,0 
935,25.2198 ,1.90605e-05 ,0 ,0 
936,25.2468 ,1.90038e-05 ,0 ,0 
937,25.2737 ,1.89475e-05 ,0 ,0 
938,25.3007 ,1.88917e-05 ,0 ,0 
939,25.3277 ,1.88364e-05 ,0 ,0 
940,25.3546 ,1.87815e-05 ,0 ,0 
941,25.3816 ,1.87271e-05 ,0 ,0 
942,25.4086 ,1.86732e-05 ,0 ,0 
943,25.4356 ,1.86197e-05 ,0 ,0 
944,25.4625 ,1.85668e-05 ,0 ,0 
945,25.4895 ,1.85142e-05 ,0 ,0 
946,25.5165 ,1.84621e-05 ,0 ,0 
947,25.5435 ,1.84105e-05 ,0 ,0 
948,25.5704 ,1.83593e-05 ,0 ,0 
949,25.5974 ,1.83085e-05 ,0 ,0 
950,25.6244 ,1.82581e-05 ,0 ,0 
951,25.6514 ,1.82082e-05 ,0 ,0 
952,25.6783 ,1.81588e-05 ,0 ,0 
953,25.7053 ,1.81097e-05 ,0 ,0 
954,25.7323 ,1.80611e-05 ,0 ,0 
955,25.7592 ,1.80129e-05 ,0 ,0 
956,25.7862 ,1.79651e-05 ,0 ,0 
957,25.8132 ,1.79177e-05 ,0 ,0 
958,25.8402 ,1.78707e-05 ,0 ,0 
959,25.8671 ,1.78241e-05 ,0 ,0 
960,25.8941 ,1.7778e-05 ,0 ,0 
961,25.9211 ,1.77322e-05 ,0 ,0 
962,25.9481 ,1.76868e-05 ,0 ,0 
963,25.975 ,1.76418e-05 ,0 ,0 
964,26.002 ,1.75972e-05 ,0 ,0 
965,26.029 ,1.7553e-05 ,0 ,0 
966,26.0559 ,1.75092e-05 ,0 ,0 
967,26.0829 ,1.74657e-05 ,0 ,0 
968,26.1099 ,1.74227e-05 ,0 ,0 
969,26.1369 ,1.73799e-05 ,0 ,0 
970,26.1638 ,1.73376e-05 ,0 ,0 
971,26.1908 ,1.72956e-05 ,0 ,0 
972,26.2178 ,1.7254e-05 ,0 ,0 
973,26.2448 ,1.72128e-05 ,0 ,0 
974,26.2717 ,1.71719e-05 ,0 ,0 
975,26.2987 ,1.71314e-05 ,0 ,0 
976,26.3257 ,1.70912e-05 ,0 ,0 
977,26.3526 ,1.70514e-05 ,0 ,0 
978,26.3796 ,1.70119e-05 ,0 ,0 
979,26.4066 ,1.69728e-05 ,0 ,0 
980,26.4336 ,1.6934e-05 ,0 ,0 
981,26.4605 ,1.68955e-05 ,0 ,0 
982,26.4875 ,1.68574e-05 ,0 ,0 
983,26.5145 ,1.68196e-05 ,0 ,0 
984,26.5415 ,1.67822e-05 ,0 ,0 
985,26.5684 ,1.6745e-05 ,0 ,0 
986,26.5954 ,1.67082e-05 ,0 ,0 
987,26.6224 ,1.66718e-05 ,0 ,0 
988,26.6494 ,1.66356e-05 ,0 ,0 
989,26.6763 ,1.65998e-05 ,0 ,0 
990,26.7033 ,1.65642e-05 ,0 ,0 
991,26.7303 ,1.6529e-05 ,0 ,0 
992,26.7572 ,1.64941e-05 ,0 ,0 
993,26.7842 ,1.64595e-05 ,0 ,0 
994,26.8112 ,1.64252e-05 ,0 ,0 
995,26.8382 ,1.63913e-05 ,0 ,0 
996,26.8651 ,1.63576e-05 ,0 ,0 
997,26.8921 ,1.63242e-05 ,0 ,0 
998,26.9191 ,1.62911e-05 ,0 ,0 
999,26.9461 ,1.62583e-05 ,0 ,0 
1000,26.973 ,1.62258e-05 ,0 ,0 