N_e = 18
1,0.027 ,2.07686e-06 ,-8230.16 
2,0.053973 ,2.0779e-06 ,-2059.38 
3,0.080946 ,4.39795e-06 ,-915.425 
4,0.107919 ,7.76122e-06 ,-514.886 
5,0.134892 ,1.21062e-05 ,-329.456 
6,0.161865 ,1.74217e-05 ,-228.715 
7,0.188838 ,2.3704e-05 ,-167.967 
8,0.215811 ,3.09511e-05 ,-128.536 
9,0.242784 ,3.91614e-05 ,-101.501 
10,0.269757 ,4.83334e-05 ,-82.1629 
11,0.29673 ,5.84656e-05 ,-67.8541 
12,0.323703 ,6.95563e-05 ,-56.9708 
13,0.350676 ,8.16038e-05 ,-48.5009 
14,0.377649 ,9.46061e-05 ,-41.7801 
15,0.404622 ,0.000108561 ,-36.3581 
16,0.431595 ,0.000123467 ,-31.9205 
17,0.458568 ,0.00013932 ,-28.2426 
18,0.485541 ,0.00015612 ,-25.1605 
19,0.512514 ,0.000173862 ,-22.5521 
20,0.539487 ,0.000192544 ,-20.3251 
21,0.56646 ,0.000212164 ,-18.4085 
22,0.593433 ,0.000232718 ,-16.7474 
23,0.620406 ,0.000254202 ,-15.2981 
24,0.647379 ,0.000276614 ,-14.0261 
25,0.674352 ,0.00029995 ,-12.9037 
26,0.701325 ,0.000324205 ,-11.9084 
27,0.728298 ,0.000349377 ,-11.0215 
28,0.755271 ,0.000375462 ,-10.2279 
29,0.782244 ,0.000402454 ,-9.51504 
30,0.809217 ,0.00043035 ,-8.87224 
31,0.83619 ,0.000459145 ,-8.29062 
32,0.863163 ,0.000488836 ,-7.76268 
33,0.890136 ,0.000519416 ,-7.28198 
34,0.917109 ,0.000550882 ,-6.84308 
35,0.944082 ,0.000583227 ,-6.44124 
36,0.971055 ,0.000616448 ,-6.07244 
37,0.998028 ,0.000650538 ,-5.7331 
38,1.025 ,0.000685493 ,-5.42022 
39,1.05197 ,0.000721306 ,-5.13108 
40,1.07895 ,0.000757973 ,-4.86336 
41,1.10592 ,0.000795486 ,-4.61497 
42,1.13289 ,0.000833841 ,-4.38413 
43,1.15987 ,0.000873031 ,-4.16918 
44,1.18684 ,0.00091305 ,-3.96873 
45,1.21381 ,0.000953891 ,-3.78148 
46,1.24079 ,0.000995547 ,-3.60633 
47,1.26776 ,0.00103801 ,-3.44221 
48,1.29473 ,0.00108128 ,-3.28825 
49,1.3217 ,0.00112535 ,-3.14361 
50,1.34868 ,0.0011702 ,-3.00757 
51,1.37565 ,0.00121583 ,-2.87944 
52,1.40262 ,0.00126224 ,-2.75864 
53,1.4296 ,0.00130941 ,-2.6446 
54,1.45657 ,0.00135735 ,-2.53685 
55,1.48354 ,0.00140603 ,-2.4349 
56,1.51051 ,0.00145546 ,-2.33838 
57,1.53749 ,0.00150562 ,-2.24687 
58,1.56446 ,0.00155651 ,-2.16007 
59,1.59143 ,0.00160812 ,-2.07763 
60,1.61841 ,0.00166045 ,-1.99929 
61,1.64538 ,0.00171347 ,-1.92476 
62,1.67235 ,0.00176719 ,-1.85381 
63,1.69933 ,0.00182159 ,-1.7862 
64,1.7263 ,0.00187667 ,-1.72175 
65,1.75327 ,0.00193242 ,-1.66023 
66,1.78024 ,0.00198883 ,-1.60151 
67,1.80722 ,0.00204589 ,-1.54537 
68,1.83419 ,0.00210358 ,-1.49171 
69,1.86116 ,0.00216191 ,-1.44034 
70,1.88814 ,0.00222086 ,-1.39118 
71,1.91511 ,0.00228043 ,-1.34406 
72,1.94208 ,0.0023406 ,-1.2989 
73,1.96906 ,0.00240136 ,-1.25558 
74,1.99603 ,0.0024627 ,-1.21401 
75,2.023 ,0.00252462 ,-1.17407 
76,2.04998 ,0.0025871 ,-1.13572 
77,2.07695 ,0.00265013 ,-1.09883 
78,2.10392 ,0.00271371 ,-1.06337 
79,2.13089 ,0.00277782 ,-1.02923 
80,2.15787 ,0.00284245 ,-0.996375 
81,2.18484 ,0.0029076 ,-0.964714 
82,2.21181 ,0.00297325 ,-0.93422 
83,2.23879 ,0.00303938 ,-0.904804 
84,2.26576 ,0.003106 ,-0.876448 
85,2.29273 ,0.00317309 ,-0.84907 
86,2.31971 ,0.00324064 ,-0.822657 
87,2.34668 ,0.00330863 ,-0.797133 
88,2.37365 ,0.00337706 ,-0.772489 
89,2.40062 ,0.00344592 ,-0.748655 
90,2.4276 ,0.00351519 ,-0.725627 
91,2.45457 ,0.00358487 ,-0.703337 
92,2.48154 ,0.00365494 ,-0.681785 
93,2.50852 ,0.00372538 ,-0.660909 
94,2.53549 ,0.0037962 ,-0.640711 
95,2.56246 ,0.00386738 ,-0.621132 
96,2.58944 ,0.0039389 ,-0.602176 
97,2.61641 ,0.00401076 ,-0.583788 
98,2.64338 ,0.00408293 ,-0.565975 
99,2.67035 ,0.00415542 ,-0.548683 
100,2.69733 ,0.00422821 ,-0.531923 
101,2.7243 ,0.00430129 ,-0.515643 
102,2.75127 ,0.00437465 ,-0.499854 
103,2.77825 ,0.00444826 ,-0.484508 
104,2.80522 ,0.00452213 ,-0.469617 
105,2.83219 ,0.00459624 ,-0.455135 
106,2.85917 ,0.00467058 ,-0.441075 
107,2.88614 ,0.00474513 ,-0.427393 
108,2.91311 ,0.00481989 ,-0.414104 
109,2.94008 ,0.00489483 ,-0.401164 
110,2.96706 ,0.00496996 ,-0.38859 
111,2.99403 ,0.00504525 ,-0.37634 
112,3.021 ,0.0051207 ,-0.364431 
113,3.04798 ,0.00519629 ,-0.352822 
114,3.07495 ,0.00527201 ,-0.341531 
115,3.10192 ,0.00534785 ,-0.33052 
116,3.12889 ,0.0054238 ,-0.319806 
117,3.15587 ,0.00549983 ,-0.309352 
118,3.18284 ,0.00557595 ,-0.299176 
119,3.20981 ,0.00565214 ,-0.289242 
120,3.23679 ,0.00572838 ,-0.279569 
121,3.26376 ,0.00580466 ,-0.27012 
122,3.29073 ,0.00588098 ,-0.260917 
123,3.31771 ,0.00595731 ,-0.251924 
124,3.34468 ,0.00603365 ,-0.243161 
125,3.37165 ,0.00610998 ,-0.234593 
126,3.39863 ,0.00618629 ,-0.226242 
127,3.4256 ,0.00626257 ,-0.218073 
128,3.45257 ,0.00633881 ,-0.210109 
129,3.47954 ,0.00641499 ,-0.202315 
130,3.50652 ,0.0064911 ,-0.194714 
131,3.53349 ,0.00656713 ,-0.187272 
132,3.56046 ,0.00664307 ,-0.180012 
133,3.58744 ,0.00671889 ,-0.172901 
134,3.61441 ,0.0067946 ,-0.165962 
135,3.64138 ,0.00687018 ,-0.159162 
136,3.66836 ,0.00694561 ,-0.152524 
137,3.69533 ,0.00702089 ,-0.146018 
138,3.7223 ,0.00709599 ,-0.139665 
139,3.74927 ,0.00717092 ,-0.133434 
140,3.77625 ,0.00724565 ,-0.127349 
141,3.80322 ,0.00732018 ,-0.121379 
142,3.83019 ,0.00739448 ,-0.115547 
143,3.85717 ,0.00746856 ,-0.109823 
144,3.88414 ,0.00754239 ,-0.10423 
145,3.91111 ,0.00761597 ,-0.0987382 
146,3.93809 ,0.00768928 ,-0.0933707 
147,3.96506 ,0.00776231 ,-0.088098 
148,3.99203 ,0.00783505 ,-0.0829437 
149,4.019 ,0.00790748 ,-0.0778785 
150,4.04598 ,0.0079796 ,-0.0729258 
151,4.07295 ,0.00805139 ,-0.0680568 
152,4.09992 ,0.00812283 ,-0.063295 
153,4.1269 ,0.00819393 ,-0.0586118 
154,4.15387 ,0.00826466 ,-0.0540307 
155,4.18084 ,0.00833502 ,-0.0495234 
156,4.20782 ,0.00840499 ,-0.0451135 
157,4.23479 ,0.00847456 ,-0.0407729 
158,4.26176 ,0.00854371 ,-0.0365252 
159,4.28873 ,0.00861245 ,-0.0323427 
160,4.31571 ,0.00868074 ,-0.0282488 
161,4.34268 ,0.0087486 ,-0.0242162 
162,4.36965 ,0.00881599 ,-0.0202683 
163,4.39663 ,0.00888291 ,-0.0163778 
164,4.4236 ,0.00894936 ,-0.0125685 
165,4.45057 ,0.00901531 ,-0.00881305 
166,4.47755 ,0.00908075 ,-0.00513519 
167,4.50452 ,0.00914568 ,-0.00150796 
168,4.53149 ,0.00921009 ,0.00204501 
169,4.55846 ,0.00927396 ,0.00555044 
170,4.58544 ,0.00933727 ,0.00898474 
171,4.61241 ,0.00940003 ,0.0123744 
172,4.63938 ,0.00946222 ,0.015696 
173,4.66636 ,0.00952383 ,0.0189757 
174,4.69333 ,0.00958484 ,0.0221899 
175,4.7203 ,0.00964526 ,0.025365 
176,4.74728 ,0.00970505 ,0.0284773 
177,4.77425 ,0.00976423 ,0.0315529 
178,4.80122 ,0.00982277 ,0.0345682 
179,4.82819 ,0.00988066 ,0.0375491 
180,4.85517 ,0.0099379 ,0.040472 
181,4.88214 ,0.00999447 ,0.0433628 
182,4.90911 ,0.0100504 ,0.0461979 
183,4.93609 ,0.0101056 ,0.049003 
184,4.96306 ,0.0101601 ,0.0517544 
185,4.99003 ,0.0102139 ,0.0544777 
186,5.01701 ,0.010267 ,0.0571495 
187,5.04398 ,0.0103193 ,0.059795 
188,5.07095 ,0.010371 ,0.0623909 
189,5.09792 ,0.0104218 ,0.0649623 
190,5.1249 ,0.010472 ,0.0674858 
191,5.15187 ,0.0105213 ,0.0699867 
192,5.17884 ,0.0105699 ,0.0724412 
193,5.20582 ,0.0106177 ,0.0748747 
194,5.23279 ,0.0106647 ,0.0772636 
195,5.25976 ,0.0107109 ,0.0796329 
196,5.28674 ,0.0107563 ,0.0819591 
197,5.31371 ,0.0108009 ,0.0842672 
198,5.34068 ,0.0108446 ,0.0865337 
199,5.36765 ,0.0108875 ,0.0887834 
200,5.39463 ,0.0109296 ,0.0909928 
201,5.4216 ,0.0109708 ,0.0931868 
202,5.44857 ,0.0110111 ,0.0953418 
203,5.47555 ,0.0110506 ,0.0974826 
204,5.50252 ,0.0110892 ,0.0995857 
205,5.52949 ,0.0111269 ,0.101676 
206,5.55647 ,0.0111637 ,0.103729 
207,5.58344 ,0.0111996 ,0.105771 
208,5.61041 ,0.0112345 ,0.107777 
209,5.63738 ,0.0112686 ,0.109772 
210,5.66436 ,0.0113017 ,0.111733 
211,5.69133 ,0.0113339 ,0.113684 
212,5.7183 ,0.0113652 ,0.115601 
213,5.74528 ,0.0113955 ,0.11751 
214,5.77225 ,0.0114248 ,0.119386 
215,5.79922 ,0.0114532 ,0.121254 
216,5.8262 ,0.0114806 ,0.123091 
217,5.85317 ,0.0115071 ,0.124921 
218,5.88014 ,0.0115325 ,0.126719 
219,5.90711 ,0.011557 ,0.128512 
220,5.93409 ,0.0115804 ,0.130274 
221,5.96106 ,0.0116029 ,0.132031 
222,5.98803 ,0.0116243 ,0.133759 
223,6.01501 ,0.0116448 ,0.135482 
224,6.04198 ,0.0116642 ,0.137176 
225,6.06895 ,0.0116825 ,0.138867 
226,6.09593 ,0.0116999 ,0.140529 
227,6.1229 ,0.0117162 ,0.142189 
228,6.14987 ,0.0117314 ,0.143821 
229,6.17684 ,0.0117456 ,0.14545 
230,6.20382 ,0.0117587 ,0.147053 
231,6.23079 ,0.0117708 ,0.148653 
232,6.25776 ,0.0117818 ,0.150228 
233,6.28474 ,0.0117918 ,0.151801 
234,6.31171 ,0.0118007 ,0.153348 
235,6.33868 ,0.0118084 ,0.154895 
236,6.36566 ,0.0118151 ,0.156416 
237,6.39263 ,0.0118207 ,0.157937 
238,6.4196 ,0.0118253 ,0.159433 
239,6.44657 ,0.0118287 ,0.16093 
240,6.47355 ,0.011831 ,0.162402 
241,6.50052 ,0.0118322 ,0.163875 
242,6.52749 ,0.0118323 ,0.165324 
243,6.55447 ,0.0118313 ,0.166774 
244,6.58144 ,0.0118292 ,0.168201 
245,6.60841 ,0.011826 ,0.169629 
246,6.63539 ,0.0118216 ,0.171034 
247,6.66236 ,0.0118161 ,0.172441 
248,6.68933 ,0.0118095 ,0.173825 
249,6.7163 ,0.0118018 ,0.175212 
250,6.74328 ,0.0117929 ,0.176576 
251,6.77025 ,0.0117829 ,0.177943 
252,6.79722 ,0.0117718 ,0.179287 
253,6.8242 ,0.0117595 ,0.180635 
254,6.85117 ,0.0117461 ,0.181961 
255,6.87814 ,0.0117316 ,0.18329 
256,6.90512 ,0.0117159 ,0.184598 
257,6.93209 ,0.0116991 ,0.185909 
258,6.95906 ,0.0116811 ,0.187199 
259,6.98603 ,0.011662 ,0.188493 
260,7.01301 ,0.0116417 ,0.189766 
261,7.03998 ,0.0116203 ,0.191043 
262,7.06695 ,0.0115978 ,0.192299 
263,7.09393 ,0.0115741 ,0.19356 
264,7.1209 ,0.0115493 ,0.194799 
265,7.14787 ,0.0115233 ,0.196044 
266,7.17485 ,0.0114962 ,0.197268 
267,7.20182 ,0.0114679 ,0.198497 
268,7.22879 ,0.0114385 ,0.199706 
269,7.25576 ,0.011408 ,0.20092 
270,7.28274 ,0.0113763 ,0.202113 
271,7.30971 ,0.0113435 ,0.203313 
272,7.33668 ,0.0113095 ,0.204492 
273,7.36366 ,0.0112744 ,0.205677 
274,7.39063 ,0.0112382 ,0.206841 
275,7.4176 ,0.0112008 ,0.208012 
276,7.44458 ,0.0111624 ,0.209163 
277,7.47155 ,0.0111227 ,0.21032 
278,7.49852 ,0.011082 ,0.211456 
279,7.52549 ,0.0110402 ,0.2126 
280,7.55247 ,0.0109972 ,0.213723 
281,7.57944 ,0.0109531 ,0.214854 
282,7.60641 ,0.0109079 ,0.215963 
283,7.63339 ,0.0108616 ,0.217081 
284,7.66036 ,0.0108143 ,0.218177 
285,7.68733 ,0.0107658 ,0.219282 
286,7.71431 ,0.0107162 ,0.220366 
287,7.74128 ,0.0106655 ,0.221457 
288,7.76825 ,0.0106137 ,0.222529 
289,7.79522 ,0.0105609 ,0.223608 
290,7.8222 ,0.010507 ,0.224667 
291,7.84917 ,0.010452 ,0.225733 
292,7.87614 ,0.010396 ,0.22678 
293,7.90312 ,0.0103389 ,0.227834 
294,7.93009 ,0.0102807 ,0.228868 
295,7.95706 ,0.0102215 ,0.22991 
296,7.98404 ,0.0101613 ,0.230932 
297,8.01101 ,0.0101 ,0.231962 
298,8.03798 ,0.0100377 ,0.232972 
299,8.06495 ,0.00997444 ,0.23399 
300,8.09193 ,0.00991012 ,0.234988 
301,8.1189 ,0.00984479 ,0.235994 
302,8.14587 ,0.00977847 ,0.236979 
303,8.17285 ,0.00971116 ,0.237973 
304,8.19982 ,0.00964287 ,0.238947 
305,8.22679 ,0.00957361 ,0.239929 
306,8.25376 ,0.00950338 ,0.24089 
307,8.28074 ,0.00943219 ,0.24186 
308,8.30771 ,0.00936006 ,0.24281 
309,8.33468 ,0.00928699 ,0.243768 
310,8.36166 ,0.00921299 ,0.244705 
311,8.38863 ,0.00913807 ,0.245651 
312,8.4156 ,0.00906224 ,0.246576 
313,8.44258 ,0.00898551 ,0.24751 
314,8.46955 ,0.00890789 ,0.248423 
315,8.49652 ,0.00882938 ,0.249344 
316,8.52349 ,0.00875001 ,0.250245 
317,8.55047 ,0.00866977 ,0.251154 
318,8.57744 ,0.00858869 ,0.252042 
319,8.60441 ,0.00850677 ,0.252938 
320,8.63139 ,0.00842402 ,0.253814 
321,8.65836 ,0.00834045 ,0.254697 
322,8.68533 ,0.00825608 ,0.25556 
323,8.71231 ,0.00817092 ,0.256431 
324,8.73928 ,0.00808497 ,0.257281 
325,8.76625 ,0.00799825 ,0.258139 
326,8.79322 ,0.00791078 ,0.258975 
327,8.8202 ,0.00782256 ,0.25982 
328,8.84717 ,0.0077336 ,0.260643 
329,8.87414 ,0.00764393 ,0.261475 
330,8.90112 ,0.00755354 ,0.262284 
331,8.92809 ,0.00746247 ,0.263102 
332,8.95506 ,0.00737071 ,0.263897 
333,8.98204 ,0.00727828 ,0.264701 
334,9.00901 ,0.0071852 ,0.265482 
335,9.03598 ,0.00709148 ,0.266272 
336,9.06295 ,0.00699712 ,0.267039 
337,9.08993 ,0.00690216 ,0.267814 
338,9.1169 ,0.00680659 ,0.268566 
339,9.14387 ,0.00671044 ,0.269326 
340,9.17085 ,0.00661372 ,0.270063 
341,9.19782 ,0.00651644 ,0.270808 
342,9.22479 ,0.00641862 ,0.271529 
343,9.25177 ,0.00632027 ,0.272258 
344,9.27874 ,0.00622141 ,0.272964 
345,9.30571 ,0.00612205 ,0.273677 
346,9.33268 ,0.00602221 ,0.274367 
347,9.35966 ,0.00592191 ,0.275064 
348,9.38663 ,0.00582115 ,0.275737 
349,9.4136 ,0.00571995 ,0.276417 
350,9.44058 ,0.00561834 ,0.277073 
351,9.46755 ,0.00551632 ,0.277735 
352,9.49452 ,0.00541391 ,0.278374 
353,9.5215 ,0.00531113 ,0.279019 
354,9.54847 ,0.005208 ,0.27964 
355,9.57544 ,0.00510452 ,0.280266 
356,9.60241 ,0.00500072 ,0.280869 
357,9.62939 ,0.00489661 ,0.281477 
358,9.65636 ,0.00479221 ,0.28206 
359,9.68333 ,0.00468754 ,0.282649 
360,9.71031 ,0.0045826 ,0.283213 
361,9.73728 ,0.00447743 ,0.283782 
362,9.76425 ,0.00437203 ,0.284326 
363,9.79123 ,0.00426642 ,0.284875 
364,9.8182 ,0.00416063 ,0.285399 
365,9.84517 ,0.00405466 ,0.285926 
366,9.87214 ,0.00394853 ,0.286429 
367,9.89912 ,0.00384226 ,0.286936 
368,9.92609 ,0.00373587 ,0.287417 
369,9.95306 ,0.00362938 ,0.287901 
370,9.98004 ,0.00352279 ,0.28836 
371,10.007 ,0.00341614 ,0.288822 
372,10.034 ,0.00330943 ,0.289258 
373,10.061 ,0.00320269 ,0.289697 
374,10.0879 ,0.00309592 ,0.29011 
375,10.1149 ,0.00298916 ,0.290525 
376,10.1419 ,0.00288241 ,0.290913 
377,10.1688 ,0.00277569 ,0.291304 
378,10.1958 ,0.00266902 ,0.291668 
379,10.2228 ,0.00256242 ,0.292033 
380,10.2498 ,0.0024559 ,0.292372 
381,10.2767 ,0.00234949 ,0.292712 
382,10.3037 ,0.00224319 ,0.293025 
383,10.3307 ,0.00213704 ,0.293338 
384,10.3577 ,0.00203103 ,0.293624 
385,10.3846 ,0.0019252 ,0.293911 
386,10.4116 ,0.00181955 ,0.29417 
387,10.4386 ,0.00171411 ,0.294428 
388,10.4656 ,0.00160889 ,0.294659 
389,10.4925 ,0.00150391 ,0.294889 
390,10.5195 ,0.00139918 ,0.295092 
391,10.5465 ,0.00129473 ,0.295292 
392,10.5734 ,0.00119056 ,0.295466 
393,10.6004 ,0.00108671 ,0.295637 
394,10.6274 ,0.000983169 ,0.29578 
395,10.6544 ,0.000879972 ,0.29592 
396,10.6813 ,0.000777129 ,0.296033 
397,10.7083 ,0.000674658 ,0.296142 
398,10.7353 ,0.000572575 ,0.296223 
399,10.7623 ,0.000470895 ,0.296301 
400,10.7892 ,0.000369634 ,0.29635 
401,10.8162 ,0.000268808 ,0.296395 
402,10.8432 ,0.000168433 ,0.296411 
403,10.8701 ,6.8525e-05 ,0.296422 
404,10.8971 ,-3.09019e-05 ,0.296405 
405,10.9241 ,-0.000129832 ,0.296383 
406,10.9511 ,-0.00022825 ,0.296331 
407,10.978 ,-0.000326141 ,0.296274 
408,11.005 ,-0.000423491 ,0.296188 
409,11.032 ,-0.000520285 ,0.296095 
410,11.059 ,-0.000616508 ,0.295974 
411,11.0859 ,-0.000712147 ,0.295845 
412,11.1129 ,-0.000807187 ,0.295687 
413,11.1399 ,-0.000901615 ,0.295522 
414,11.1668 ,-0.000995416 ,0.295327 
415,11.1938 ,-0.00108858 ,0.295124 
416,11.2208 ,-0.00118109 ,0.294892 
417,11.2478 ,-0.00127293 ,0.294651 
418,11.2747 ,-0.00136409 ,0.294381 
419,11.3017 ,-0.00145457 ,0.294102 
420,11.3287 ,-0.00154434 ,0.293792 
421,11.3557 ,-0.00163339 ,0.293474 
422,11.3826 ,-0.00172172 ,0.293125 
423,11.4096 ,-0.00180931 ,0.292766 
424,11.4366 ,-0.00189614 ,0.292378 
425,11.4636 ,-0.00198222 ,0.291979 
426,11.4905 ,-0.00206752 ,0.291549 
427,11.5175 ,-0.00215204 ,0.291109 
428,11.5445 ,-0.00223576 ,0.290638 
429,11.5714 ,-0.00231869 ,0.290157 
430,11.5984 ,-0.00240079 ,0.289644 
431,11.6254 ,-0.00248208 ,0.28912 
432,11.6524 ,-0.00256253 ,0.288565 
433,11.6793 ,-0.00264214 ,0.287998 
434,11.7063 ,-0.0027209 ,0.287401 
435,11.7333 ,-0.0027988 ,0.28679 
436,11.7603 ,-0.00287583 ,0.286149 
437,11.7872 ,-0.00295199 ,0.285495 
438,11.8142 ,-0.00302726 ,0.28481 
439,11.8412 ,-0.00310165 ,0.284112 
440,11.8681 ,-0.00317514 ,0.283383 
441,11.8951 ,-0.00324772 ,0.28264 
442,11.9221 ,-0.00331939 ,0.281866 
443,11.9491 ,-0.00339015 ,0.281077 
444,11.976 ,-0.00345998 ,0.280258 
445,12.003 ,-0.00352889 ,0.279424 
446,12.03 ,-0.00359686 ,0.278559 
447,12.057 ,-0.0036639 ,0.27768 
448,12.0839 ,-0.00372999 ,0.276769 
449,12.1109 ,-0.00379514 ,0.275842 
450,12.1379 ,-0.00385933 ,0.274885 
451,12.1648 ,-0.00392257 ,0.273912 
452,12.1918 ,-0.00398486 ,0.272908 
453,12.2188 ,-0.00404618 ,0.271888 
454,12.2458 ,-0.00410653 ,0.270838 
455,12.2727 ,-0.00416593 ,0.26977 
456,12.2997 ,-0.00422435 ,0.268672 
457,12.3267 ,-0.0042818 ,0.267557 
458,12.3537 ,-0.00433829 ,0.266412 
459,12.3806 ,-0.0043938 ,0.265249 
460,12.4076 ,-0.00444833 ,0.264056 
461,12.4346 ,-0.0045019 ,0.262845 
462,12.4616 ,-0.00455449 ,0.261604 
463,12.4885 ,-0.0046061 ,0.260345 
464,12.5155 ,-0.00465674 ,0.259055 
465,12.5425 ,-0.00470641 ,0.257748 
466,12.5694 ,-0.00475511 ,0.256411 
467,12.5964 ,-0.00480284 ,0.255055 
468,12.6234 ,-0.0048496 ,0.253669 
469,12.6504 ,-0.00489539 ,0.252265 
470,12.6773 ,-0.00494022 ,0.25083 
471,12.7043 ,-0.00498409 ,0.249377 
472,12.7313 ,-0.005027 ,0.247895 
473,12.7583 ,-0.00506895 ,0.246393 
474,12.7852 ,-0.00510995 ,0.244862 
475,12.8122 ,-0.00515 ,0.243311 
476,12.8392 ,-0.00518911 ,0.241732 
477,12.8661 ,-0.00522728 ,0.240133 
478,12.8931 ,-0.00526451 ,0.238504 
479,12.9201 ,-0.00530081 ,0.236857 
480,12.9471 ,-0.00533619 ,0.23518 
481,12.974 ,-0.00537065 ,0.233484 
482,13.001 ,-0.00540419 ,0.231759 
483,13.028 ,-0.00543683 ,0.230015 
484,13.055 ,-0.00546857 ,0.228241 
485,13.0819 ,-0.0054994 ,0.226448 
486,13.1089 ,-0.00552936 ,0.224627 
487,13.1359 ,-0.00555843 ,0.222786 
488,13.1629 ,-0.00558662 ,0.220917 
489,13.1898 ,-0.00561395 ,0.219028 
490,13.2168 ,-0.00564043 ,0.217127 
491,13.2438 ,-0.00566605 ,0.215244 
492,13.2707 ,-0.00569083 ,0.213371 
493,13.2977 ,-0.00571477 ,0.211516 
494,13.3247 ,-0.00573789 ,0.209671 
495,13.3517 ,-0.00576019 ,0.207844 
496,13.3786 ,-0.00578168 ,0.206026 
497,13.4056 ,-0.00580237 ,0.204225 
498,13.4326 ,-0.00582227 ,0.202434 
499,13.4596 ,-0.00584138 ,0.20066 
500,13.4865 ,-0.00585972 ,0.198896 
501,13.5135 ,-0.00587729 ,0.197148 
502,13.5405 ,-0.0058941 ,0.19541 
503,13.5674 ,-0.00591017 ,0.193688 
504,13.5944 ,-0.00592549 ,0.191975 
505,13.6214 ,-0.00594007 ,0.190279 
506,13.6484 ,-0.00595394 ,0.188592 
507,13.6753 ,-0.00596709 ,0.186921 
508,13.7023 ,-0.00597953 ,0.185259 
509,13.7293 ,-0.00599127 ,0.183613 
510,13.7563 ,-0.00600233 ,0.181975 
511,13.7832 ,-0.0060127 ,0.180353 
512,13.8102 ,-0.0060224 ,0.178741 
513,13.8372 ,-0.00603144 ,0.177143 
514,13.8641 ,-0.00603983 ,0.175554 
515,13.8911 ,-0.00604757 ,0.17398 
516,13.9181 ,-0.00605467 ,0.172415 
517,13.9451 ,-0.00606114 ,0.170864 
518,13.972 ,-0.006067 ,0.169322 
519,13.999 ,-0.00607224 ,0.167794 
520,14.026 ,-0.00607689 ,0.166276 
521,14.053 ,-0.00608093 ,0.164771 
522,14.0799 ,-0.0060844 ,0.163275 
523,14.1069 ,-0.00608728 ,0.161792 
524,14.1339 ,-0.0060896 ,0.160319 
525,14.1609 ,-0.00609136 ,0.158859 
526,14.1878 ,-0.00609257 ,0.157407 
527,14.2148 ,-0.00609323 ,0.155969 
528,14.2418 ,-0.00609337 ,0.154539 
529,14.2687 ,-0.00609297 ,0.153122 
530,14.2957 ,-0.00609206 ,0.151714 
531,14.3227 ,-0.00609064 ,0.150318 
532,14.3497 ,-0.00608871 ,0.148931 
533,14.3766 ,-0.0060863 ,0.147556 
534,14.4036 ,-0.0060834 ,0.14619 
535,14.4306 ,-0.00608002 ,0.144836 
536,14.4576 ,-0.00607617 ,0.143491 
537,14.4845 ,-0.00607186 ,0.142157 
538,14.5115 ,-0.0060671 ,0.140832 
539,14.5385 ,-0.00606189 ,0.139519 
540,14.5654 ,-0.00605625 ,0.138214 
541,14.5924 ,-0.00605018 ,0.13692 
542,14.6194 ,-0.00604368 ,0.135635 
543,14.6464 ,-0.00603677 ,0.134361 
544,14.6733 ,-0.00602946 ,0.133096 
545,14.7003 ,-0.00602174 ,0.131841 
546,14.7273 ,-0.00601363 ,0.130595 
547,14.7543 ,-0.00600514 ,0.12936 
548,14.7812 ,-0.00599627 ,0.128132 
549,14.8082 ,-0.00598703 ,0.126916 
550,14.8352 ,-0.00597743 ,0.125707 
551,14.8621 ,-0.00596748 ,0.12451 
552,14.8891 ,-0.00595717 ,0.12332 
553,14.9161 ,-0.00594652 ,0.12214 
554,14.9431 ,-0.00593554 ,0.120969 
555,14.97 ,-0.00592423 ,0.119808 
556,14.997 ,-0.0059126 ,0.118654 
557,15.024 ,-0.00590066 ,0.117511 
558,15.051 ,-0.00588841 ,0.116376 
559,15.0779 ,-0.00587586 ,0.11525 
560,15.1049 ,-0.00586301 ,0.114132 
561,15.1319 ,-0.00584987 ,0.113024 
562,15.1589 ,-0.00583646 ,0.111924 
563,15.1858 ,-0.00582277 ,0.110833 
564,15.2128 ,-0.00580881 ,0.10975 
565,15.2398 ,-0.00579459 ,0.108676 
566,15.2667 ,-0.00578011 ,0.10761 
567,15.2937 ,-0.00576538 ,0.106553 
568,15.3207 ,-0.0057504 ,0.105504 
569,15.3477 ,-0.00573519 ,0.104464 
570,15.3746 ,-0.00571975 ,0.103431 
571,15.4016 ,-0.00570408 ,0.102407 
572,15.4286 ,-0.00568818 ,0.101391 
573,15.4556 ,-0.00567207 ,0.100384 
574,15.4825 ,-0.00565575 ,0.0993833 
575,15.5095 ,-0.00563923 ,0.0983919 
576,15.5365 ,-0.00562251 ,0.0974076 
577,15.5634 ,-0.00560559 ,0.096432 
578,15.5904 ,-0.00558849 ,0.0954636 
579,15.6174 ,-0.0055712 ,0.0945036 
580,15.6444 ,-0.00555374 ,0.0935507 
581,15.6713 ,-0.0055361 ,0.0926062 
582,15.6983 ,-0.00551829 ,0.0916687 
583,15.7253 ,-0.00550032 ,0.0907395 
584,15.7523 ,-0.0054822 ,0.0898172 
585,15.7792 ,-0.00546391 ,0.088903 
586,15.8062 ,-0.00544549 ,0.0879957 
587,15.8332 ,-0.00542691 ,0.0870964 
588,15.8602 ,-0.0054082 ,0.0862039 
589,15.8871 ,-0.00538936 ,0.0853192 
590,15.9141 ,-0.00537038 ,0.0844414 
591,15.9411 ,-0.00535128 ,0.0835713 
592,15.968 ,-0.00533205 ,0.0827079 
593,15.995 ,-0.00531271 ,0.0818521 
594,16.022 ,-0.00529326 ,0.0810029 
595,16.049 ,-0.0052737 ,0.0801613 
596,16.0759 ,-0.00525404 ,0.0793262 
597,16.1029 ,-0.00523427 ,0.0784985 
598,16.1299 ,-0.00521441 ,0.0776773 
599,16.1569 ,-0.00519445 ,0.0768634 
600,16.1838 ,-0.00517441 ,0.076056 
601,16.2108 ,-0.00515428 ,0.0752557 
602,16.2378 ,-0.00513407 ,0.0744618 
603,16.2647 ,-0.00511379 ,0.0736749 
604,16.2917 ,-0.00509343 ,0.0728944 
605,16.3187 ,-0.005073 ,0.0721208 
606,16.3457 ,-0.00505251 ,0.0713535 
607,16.3726 ,-0.00503195 ,0.070593 
608,16.3996 ,-0.00501133 ,0.0698386 
609,16.4266 ,-0.00499065 ,0.0690911 
610,16.4536 ,-0.00496993 ,0.0683496 
611,16.4805 ,-0.00494915 ,0.0676148 
612,16.5075 ,-0.00492832 ,0.0668859 
613,16.5345 ,-0.00490746 ,0.0661637 
614,16.5614 ,-0.00488655 ,0.0654474 
615,16.5884 ,-0.00486561 ,0.0647376 
616,16.6154 ,-0.00484463 ,0.0640336 
617,16.6424 ,-0.00482362 ,0.0633361 
618,16.6693 ,-0.00480258 ,0.0626443 
619,16.6963 ,-0.00478151 ,0.0619588 
620,16.7233 ,-0.00476042 ,0.061279 
621,16.7503 ,-0.00473932 ,0.0606055 
622,16.7772 ,-0.00471819 ,0.0599376 
623,16.8042 ,-0.00469705 ,0.0592757 
624,16.8312 ,-0.0046759 ,0.0586195 
625,16.8582 ,-0.00465473 ,0.0579693 
626,16.8851 ,-0.00463356 ,0.0573246 
627,16.9121 ,-0.00461239 ,0.0566858 
628,16.9391 ,-0.00459121 ,0.0560525 
629,16.966 ,-0.00457003 ,0.055425 
630,16.993 ,-0.00454885 ,0.0548029 
631,17.02 ,-0.00452768 ,0.0541865 
632,17.047 ,-0.00450652 ,0.0535754 
633,17.0739 ,-0.00448536 ,0.05297 
634,17.1009 ,-0.00446421 ,0.0523698 
635,17.1279 ,-0.00444308 ,0.0517752 
636,17.1549 ,-0.00442196 ,0.0511858 
637,17.1818 ,-0.00440086 ,0.0506018 
638,17.2088 ,-0.00437978 ,0.050023 
639,17.2358 ,-0.00435872 ,0.0494495 
640,17.2627 ,-0.00433768 ,0.0488811 
641,17.2897 ,-0.00431666 ,0.048318 
642,17.3167 ,-0.00429567 ,0.0477599 
643,17.3437 ,-0.00427471 ,0.047207 
644,17.3706 ,-0.00425378 ,0.046659 
645,17.3976 ,-0.00423288 ,0.0461161 
646,17.4246 ,-0.00421201 ,0.0455781 
647,17.4516 ,-0.00419118 ,0.0450451 
648,17.4785 ,-0.00417038 ,0.0445169 
649,17.5055 ,-0.00414962 ,0.0439937 
650,17.5325 ,-0.0041289 ,0.0434752 
651,17.5595 ,-0.00410822 ,0.0429616 
652,17.5864 ,-0.00408758 ,0.0424527 
653,17.6134 ,-0.00406699 ,0.0419485 
654,17.6404 ,-0.00404644 ,0.041449 
655,17.6673 ,-0.00402594 ,0.0409542 
656,17.6943 ,-0.00400548 ,0.0404638 
657,17.7213 ,-0.00398508 ,0.0399782 
658,17.7483 ,-0.00396472 ,0.039497 
659,17.7752 ,-0.00394441 ,0.0390204 
660,17.8022 ,-0.00392416 ,0.0385482 
661,17.8292 ,-0.00390396 ,0.0380805 
662,17.8562 ,-0.00388381 ,0.0376171 
663,17.8831 ,-0.00386372 ,0.0371582 
664,17.9101 ,-0.00384369 ,0.0367035 
665,17.9371 ,-0.00382371 ,0.0362531 
666,17.964 ,-0.00380379 ,0.035807 
667,17.991 ,-0.00378393 ,0.0353652 
668,18.018 ,-0.00376414 ,0.0349275 
669,18.045 ,-0.0037444 ,0.034494 
670,18.0719 ,-0.00372473 ,0.0340646 
671,18.0989 ,-0.00370512 ,0.0336393 
672,18.1259 ,-0.00368557 ,0.033218 
673,18.1529 ,-0.00366609 ,0.0328009 
674,18.1798 ,-0.00364668 ,0.0323876 
675,18.2068 ,-0.00362733 ,0.0319784 
676,18.2338 ,-0.00360805 ,0.0315731 
677,18.2607 ,-0.00358883 ,0.0311717 
678,18.2877 ,-0.00356969 ,0.0307741 
679,18.3147 ,-0.00355061 ,0.0303804 
680,18.3417 ,-0.00353161 ,0.0299905 
681,18.3686 ,-0.00351267 ,0.0296044 
682,18.3956 ,-0.00349381 ,0.029222 
683,18.4226 ,-0.00347502 ,0.0288433 
684,18.4496 ,-0.0034563 ,0.0284683 
685,18.4765 ,-0.00343765 ,0.028097 
686,18.5035 ,-0.00341908 ,0.0277292 
687,18.5305 ,-0.00340058 ,0.0273651 
688,18.5575 ,-0.00338216 ,0.0270045 
689,18.5844 ,-0.00336381 ,0.0266475 
690,18.6114 ,-0.00334553 ,0.0262939 
691,18.6384 ,-0.00332734 ,0.0259438 
692,18.6653 ,-0.00330922 ,0.0255972 
693,18.6923 ,-0.00329117 ,0.0252539 
694,18.7193 ,-0.00327321 ,0.0249141 
695,18.7463 ,-0.00325532 ,0.0245776 
696,18.7732 ,-0.0032375 ,0.0242444 
697,18.8002 ,-0.00321977 ,0.0239145 
698,18.8272 ,-0.00320212 ,0.0235879 
699,18.8542 ,-0.00318454 ,0.0232645 
700,18.8811 ,-0.00316704 ,0.0229444 
701,18.9081 ,-0.00314963 ,0.0226274 
702,18.9351 ,-0.00313229 ,0.0223135 
703,18.962 ,-0.00311503 ,0.0220029 
704,18.989 ,-0.00309785 ,0.0216952 
705,19.016 ,-0.00308076 ,0.0213907 
706,19.043 ,-0.00306374 ,0.0210892 
707,19.0699 ,-0.0030468 ,0.0207908 
708,19.0969 ,-0.00302995 ,0.0204953 
709,19.1239 ,-0.00301318 ,0.0202028 
710,19.1509 ,-0.00299648 ,0.0199133 
711,19.1778 ,-0.00297987 ,0.0196266 
712,19.2048 ,-0.00296335 ,0.0193429 
713,19.2318 ,-0.0029469 ,0.019062 
714,19.2587 ,-0.00293053 ,0.0187839 
715,19.2857 ,-0.00291425 ,0.0185087 
716,19.3127 ,-0.00289805 ,0.0182362 
717,19.3397 ,-0.00288193 ,0.0179666 
718,19.3666 ,-0.00286589 ,0.0176996 
719,19.3936 ,-0.00284994 ,0.0174354 
720,19.4206 ,-0.00283407 ,0.0171738 
721,19.4476 ,-0.00281828 ,0.0169149 
722,19.4745 ,-0.00280257 ,0.0166587 
723,19.5015 ,-0.00278694 ,0.0164051 
724,19.5285 ,-0.0027714 ,0.016154 
725,19.5555 ,-0.00275594 ,0.0159056 
726,19.5824 ,-0.00274056 ,0.0156597 
727,19.6094 ,-0.00272527 ,0.0154163 
728,19.6364 ,-0.00271005 ,0.0151754 
729,19.6633 ,-0.00269492 ,0.014937 
730,19.6903 ,-0.00267987 ,0.014701 
731,19.7173 ,-0.00266491 ,0.0144675 
732,19.7443 ,-0.00265002 ,0.0142363 
733,19.7712 ,-0.00263522 ,0.0140076 
734,19.7982 ,-0.0026205 ,0.0137812 
735,19.8252 ,-0.00260586 ,0.0135572 
736,19.8522 ,-0.00259131 ,0.0133355 
737,19.8791 ,-0.00257683 ,0.0131161 
738,19.9061 ,-0.00256244 ,0.012899 
739,19.9331 ,-0.00254813 ,0.0126842 
740,19.96 ,-0.0025339 ,0.0124715 
741,19.987 ,-0.00251975 ,0.0122611 
742,20.014 ,-0.00250568 ,0.0120529 
743,20.041 ,-0.00249169 ,0.0118469 
744,20.0679 ,-0.00247779 ,0.011643 
745,20.0949 ,-0.00246396 ,0.0114413 
746,20.1219 ,-0.00245022 ,0.0112417 
747,20.1489 ,-0.00243656 ,0.0110441 
748,20.1758 ,-0.00242297 ,0.0108487 
749,20.2028 ,-0.00240947 ,0.0106553 
750,20.2298 ,-0.00239605 ,0.0104639 
751,20.2568 ,-0.0023827 ,0.0102746 
752,20.2837 ,-0.00236944 ,0.0100873 
753,20.3107 ,-0.00235626 ,0.0099019 
754,20.3377 ,-0.00234315 ,0.0097185 
755,20.3646 ,-0.00233013 ,0.00953706 
756,20.3916 ,-0.00231718 ,0.00935753 
757,20.4186 ,-0.00230431 ,0.00917992 
758,20.4456 ,-0.00229152 ,0.00900418 
759,20.4725 ,-0.00227881 ,0.00883033 
760,20.4995 ,-0.00226618 ,0.00865832 
761,20.5265 ,-0.00225362 ,0.00848816 
762,20.5535 ,-0.00224114 ,0.00831981 
763,20.5804 ,-0.00222874 ,0.00815327 
764,20.6074 ,-0.00221642 ,0.0079885 
765,20.6344 ,-0.00220417 ,0.00782551 
766,20.6613 ,-0.002192 ,0.00766427 
767,20.6883 ,-0.00217991 ,0.00750476 
768,20.7153 ,-0.00216789 ,0.00734697 
769,20.7423 ,-0.00215595 ,0.00719088 
770,20.7692 ,-0.00214409 ,0.00703647 
771,20.7962 ,-0.0021323 ,0.00688374 
772,20.8232 ,-0.00212058 ,0.00673266 
773,20.8502 ,-0.00210894 ,0.00658322 
774,20.8771 ,-0.00209738 ,0.00643539 
775,20.9041 ,-0.00208589 ,0.00628918 
776,20.9311 ,-0.00207448 ,0.00614455 
777,20.958 ,-0.00206313 ,0.00600151 
778,20.985 ,-0.00205187 ,0.00586002 
779,21.012 ,-0.00204067 ,0.00572008 
780,21.039 ,-0.00202955 ,0.00558167 
781,21.0659 ,-0.00201851 ,0.00544478 
782,21.0929 ,-0.00200753 ,0.00530939 
783,21.1199 ,-0.00199663 ,0.00517549 
784,21.1469 ,-0.0019858 ,0.00504305 
785,21.1738 ,-0.00197504 ,0.00491209 
786,21.2008 ,-0.00196435 ,0.00478256 
787,21.2278 ,-0.00195374 ,0.00465447 
788,21.2548 ,-0.00194319 ,0.00452779 
789,21.2817 ,-0.00193272 ,0.00440253 
790,21.3087 ,-0.00192232 ,0.00427865 
791,21.3357 ,-0.00191199 ,0.00415615 
792,21.3626 ,-0.00190172 ,0.00403501 
793,21.3896 ,-0.00189153 ,0.00391523 
794,21.4166 ,-0.00188141 ,0.00379678 
795,21.4436 ,-0.00187135 ,0.00367966 
796,21.4705 ,-0.00186137 ,0.00356385 
797,21.4975 ,-0.00185145 ,0.00344935 
798,21.5245 ,-0.00184161 ,0.00333613 
799,21.5515 ,-0.00183183 ,0.00322419 
800,21.5784 ,-0.00182211 ,0.00311351 
801,21.6054 ,-0.00181247 ,0.00300408 
802,21.6324 ,-0.00180289 ,0.0028959 
803,21.6593 ,-0.00179338 ,0.00278894 
804,21.6863 ,-0.00178394 ,0.0026832 
805,21.7133 ,-0.00177456 ,0.00257866 
806,21.7403 ,-0.00176525 ,0.00247531 
807,21.7672 ,-0.001756 ,0.00237315 
808,21.7942 ,-0.00174682 ,0.00227216 
809,21.8212 ,-0.00173771 ,0.00217233 
810,21.8482 ,-0.00172866 ,0.00207364 
811,21.8751 ,-0.00171967 ,0.0019761 
812,21.9021 ,-0.00171075 ,0.00187968 
813,21.9291 ,-0.0017019 ,0.00178438 
814,21.956 ,-0.0016931 ,0.00169018 
815,21.983 ,-0.00168437 ,0.00159708 
816,22.01 ,-0.00167571 ,0.00150506 
817,22.037 ,-0.0016671 ,0.00141412 
818,22.0639 ,-0.00165856 ,0.00132424 
819,22.0909 ,-0.00165009 ,0.00123541 
820,22.1179 ,-0.00164167 ,0.00114763 
821,22.1449 ,-0.00163332 ,0.00106089 
822,22.1718 ,-0.00162502 ,0.000975169 
823,22.1988 ,-0.00161679 ,0.000890465 
824,22.2258 ,-0.00160862 ,0.000806766 
825,22.2528 ,-0.00160051 ,0.000724064 
826,22.2797 ,-0.00159246 ,0.000642348 
827,22.3067 ,-0.00158447 ,0.000561612 
828,22.3337 ,-0.00157654 ,0.000481842 
829,22.3606 ,-0.00156867 ,0.000403034 
830,22.3876 ,-0.00156086 ,0.000325176 
831,22.4146 ,-0.00155311 ,0.000248261 
832,22.4416 ,-0.00154542 ,0.000172278 
833,22.4685 ,-0.00153778 ,9.72211e-05 
834,22.4955 ,-0.00153021 ,2.30792e-05 
835,22.5225 ,-0.00152269 ,-5.01538e-05 
836,22.5495 ,-0.00151523 ,-0.000122488 
837,22.5764 ,-0.00150783 ,-0.000193931 
838,22.6034 ,-0.00150048 ,-0.000264491 
839,22.6304 ,-0.00149319 ,-0.000334176 
840,22.6573 ,-0.00148596 ,-0.000402994 
841,22.6843 ,-0.00147878 ,-0.000470952 
842,22.7113 ,-0.00147166 ,-0.00053806 
843,22.7383 ,-0.0014646 ,-0.000604324 
844,22.7652 ,-0.00145759 ,-0.000669752 
845,22.7922 ,-0.00145063 ,-0.000734351 
846,22.8192 ,-0.00144373 ,-0.00079813 
847,22.8462 ,-0.00143689 ,-0.000861094 
848,22.8731 ,-0.0014301 ,-0.000923253 
849,22.9001 ,-0.00142336 ,-0.000984611 
850,22.9271 ,-0.00141668 ,-0.00104518 
851,22.9541 ,-0.00141005 ,-0.00110496 
852,22.981 ,-0.00140348 ,-0.00116396 
853,23.008 ,-0.00139696 ,-0.0012222 
854,23.035 ,-0.00139049 ,-0.00127966 
855,23.0619 ,-0.00138407 ,-0.00133637 
856,23.0889 ,-0.00137771 ,-0.00139233 
857,23.1159 ,-0.00137139 ,-0.00144755 
858,23.1429 ,-0.00136513 ,-0.00150202 
859,23.1698 ,-0.00135892 ,-0.00155577 
860,23.1968 ,-0.00135277 ,-0.00160879 
861,23.2238 ,-0.00134666 ,-0.00166109 
862,23.2508 ,-0.0013406 ,-0.00171267 
863,23.2777 ,-0.0013346 ,-0.00176355 
864,23.3047 ,-0.00132864 ,-0.00181373 
865,23.3317 ,-0.00132274 ,-0.00186321 
866,23.3586 ,-0.00131688 ,-0.00191201 
867,23.3856 ,-0.00131108 ,-0.00196012 
868,23.4126 ,-0.00130532 ,-0.00200755 
869,23.4396 ,-0.00129962 ,-0.00205431 
870,23.4665 ,-0.00129396 ,-0.0021004 
871,23.4935 ,-0.00128835 ,-0.00214584 
872,23.5205 ,-0.00128279 ,-0.00219061 
873,23.5475 ,-0.00127728 ,-0.00223474 
874,23.5744 ,-0.00127181 ,-0.00227822 
875,23.6014 ,-0.00126639 ,-0.00232106 
876,23.6284 ,-0.00126102 ,-0.00236327 
877,23.6553 ,-0.0012557 ,-0.00240484 
878,23.6823 ,-0.00125042 ,-0.0024458 
879,23.7093 ,-0.0012452 ,-0.00248613 
880,23.7363 ,-0.00124001 ,-0.00252584 
881,23.7632 ,-0.00123488 ,-0.00256495 
882,23.7902 ,-0.00122979 ,-0.00260345 
883,23.8172 ,-0.00122474 ,-0.00264135 
884,23.8442 ,-0.00121974 ,-0.00267866 
885,23.8711 ,-0.00121479 ,-0.00271537 
886,23.8981 ,-0.00120988 ,-0.0027515 
887,23.9251 ,-0.00120502 ,-0.00278704 
888,23.9521 ,-0.0012002 ,-0.00282201 
889,23.979 ,-0.00119543 ,-0.0028564 
890,24.006 ,-0.0011907 ,-0.00289022 
891,24.033 ,-0.00118601 ,-0.00292348 
892,24.0599 ,-0.00118137 ,-0.00295617 
893,24.0869 ,-0.00117677 ,-0.00298831 
894,24.1139 ,-0.00117222 ,-0.00301989 
895,24.1409 ,-0.00116771 ,-0.00305093 
896,24.1678 ,-0.00116324 ,-0.00308142 
897,24.1948 ,-0.00115881 ,-0.00311137 
898,24.2218 ,-0.00115443 ,-0.00314077 
899,24.2488 ,-0.00115009 ,-0.00316965 
900,24.2757 ,-0.00114579 ,-0.00319799 
901,24.3027 ,-0.00114153 ,-0.00322581 
902,24.3297 ,-0.00113732 ,-0.00325311 
903,24.3566 ,-0.00113315 ,-0.00327988 
904,24.3836 ,-0.00112901 ,-0.00330614 
905,24.4106 ,-0.00112492 ,-0.00333188 
906,24.4376 ,-0.00112088 ,-0.00335711 
907,24.4645 ,-0.00111687 ,-0.00338184 
908,24.4915 ,-0.0011129 ,-0.00340607 
909,24.5185 ,-0.00110897 ,-0.00342979 
910,24.5455 ,-0.00110508 ,-0.00345302 
911,24.5724 ,-0.00110124 ,-0.00347575 
912,24.5994 ,-0.00109743 ,-0.00349799 
913,24.6264 ,-0.00109366 ,-0.00351975 
914,24.6533 ,-0.00108993 ,-0.00354102 
915,24.6803 ,-0.00108624 ,-0.00356181 
916,24.7073 ,-0.00108259 ,-0.00358212 
917,24.7343 ,-0.00107898 ,-0.00360195 
918,24.7612 ,-0.00107541 ,-0.0036213 
919,24.7882 ,-0.00107188 ,-0.00364019 
920,24.8152 ,-0.00106838 ,-0.00365861 
921,24.8422 ,-0.00106493 ,-0.00367656 
922,24.8691 ,-0.00106151 ,-0.00369405 
923,24.8961 ,-0.00105813 ,-0.00371108 
924,24.9231 ,-0.00105478 ,-0.00372765 
925,24.9501 ,-0.00105148 ,-0.00374377 
926,24.977 ,-0.00104821 ,-0.00375943 
927,25.004 ,-0.00104498 ,-0.00377464 
928,25.031 ,-0.00104178 ,-0.0037894 
929,25.0579 ,-0.00103863 ,-0.00380372 
930,25.0849 ,-0.0010355 ,-0.00381759 
931,25.1119 ,-0.00103242 ,-0.00383102 
932,25.1389 ,-0.00102937 ,-0.003844 
933,25.1658 ,-0.00102636 ,-0.00385656 
934,25.1928 ,-0.00102339 ,-0.00386867 
935,25.2198 ,-0.00102045 ,-0.00388035 
936,25.2468 ,-0.00101754 ,-0.0038916 
937,25.2737 ,-0.00101467 ,-0.00390242 
938,25.3007 ,-0.00101184 ,-0.00391282 
939,25.3277 ,-0.00100904 ,-0.00392278 
940,25.3546 ,-0.00100628 ,-0.00393233 
941,25.3816 ,-0.00100355 ,-0.00394145 
942,25.4086 ,-0.00100086 ,-0.00395015 
943,25.4356 ,-0.000998198 ,-0.00395843 
944,25.4625 ,-0.000995574 ,-0.00396629 
945,25.4895 ,-0.000992984 ,-0.00397374 
946,25.5165 ,-0.000990428 ,-0.00398078 
947,25.5435 ,-0.000987906 ,-0.00398741 
948,25.5704 ,-0.000985418 ,-0.00399362 
949,25.5974 ,-0.000982964 ,-0.00399942 
950,25.6244 ,-0.000980544 ,-0.00400482 
951,25.6514 ,-0.000978156 ,-0.00400982 
952,25.6783 ,-0.000975803 ,-0.00401441 
953,25.7053 ,-0.000973482 ,-0.00401859 
954,25.7323 ,-0.000971194 ,-0.00402238 
955,25.7592 ,-0.00096894 ,-0.00402576 
956,25.7862 ,-0.000966718 ,-0.00402875 
957,25.8132 ,-0.000964528 ,-0.00403134 
958,25.8402 ,-0.000962371 ,-0.00403353 
959,25.8671 ,-0.000960247 ,-0.00403533 
960,25.8941 ,-0.000958154 ,-0.00403674 
961,25.9211 ,-0.000956094 ,-0.00403775 
962,25.9481 ,-0.000954066 ,-0.00403838 
963,25.975 ,-0.000952069 ,-0.00403861 
964,26.002 ,-0.000950105 ,-0.00403846 
965,26.029 ,-0.000948171 ,-0.00403792 
966,26.0559 ,-0.00094627 ,-0.004037 
967,26.0829 ,-0.000944399 ,-0.00403569 
968,26.1099 ,-0.00094256 ,-0.00403399 
969,26.1369 ,-0.000940752 ,-0.00403192 
970,26.1638 ,-0.000938975 ,-0.00402946 
971,26.1908 ,-0.000937228 ,-0.00402662 
972,26.2178 ,-0.000935513 ,-0.00402341 
973,26.2448 ,-0.000933827 ,-0.00401981 
974,26.2717 ,-0.000932173 ,-0.00401584 
975,26.2987 ,-0.000930548 ,-0.0040115 
976,26.3257 ,-0.000928954 ,-0.00400677 
977,26.3526 ,-0.000927391 ,-0.00400168 
978,26.3796 ,-0.000925857 ,-0.00399621 
979,26.4066 ,-0.000924353 ,-0.00399036 
980,26.4336 ,-0.000922878 ,-0.00398415 
981,26.4605 ,-0.000921434 ,-0.00397757 
982,26.4875 ,-0.000920019 ,-0.00397061 
983,26.5145 ,-0.000918633 ,-0.00396329 
984,26.5415 ,-0.000917277 ,-0.0039556 
985,26.5684 ,-0.00091595 ,-0.00394754 
986,26.5954 ,-0.000914653 ,-0.00393912 
987,26.6224 ,-0.000913384 ,-0.00393033 
988,26.6494 ,-0.000912144 ,-0.00392118 
989,26.6763 ,-0.000910933 ,-0.00391167 
990,26.7033 ,-0.000909751 ,-0.00390179 
991,26.7303 ,-0.000908597 ,-0.00389154 
992,26.7572 ,-0.000907472 ,-0.00388094 
993,26.7842 ,-0.000906376 ,-0.00386998 
994,26.8112 ,-0.000905307 ,-0.00385866 
995,26.8382 ,-0.000904267 ,-0.00384697 
996,26.8651 ,-0.000903255 ,-0.00383493 
997,26.8921 ,-0.000902271 ,-0.00382253 
998,26.9191 ,-0.000901315 ,-0.00380978 
999,26.9461 ,-0.000900387 ,-0.00379667 
1000,26.973 ,-0.000899487 ,-0.0037832 