N_e = 26
1,0.027 ,0.0257007 ,0.269854 
2,0.053973 ,0.0257136 ,0.269934 
3,0.080946 ,0.0257171 ,0.269975 
4,0.107919 ,0.025718 ,0.269995 
5,0.134892 ,0.0257177 ,0.270022 
6,0.161865 ,0.0257165 ,0.27004 
7,0.188838 ,0.0257147 ,0.270068 
8,0.215811 ,0.0257123 ,0.270089 
9,0.242784 ,0.0257095 ,0.270121 
10,0.269757 ,0.0257062 ,0.270147 
11,0.29673 ,0.0257025 ,0.270184 
12,0.323703 ,0.0256983 ,0.270215 
13,0.350676 ,0.0256937 ,0.270258 
14,0.377649 ,0.0256888 ,0.270294 
15,0.404622 ,0.0256834 ,0.270342 
16,0.431595 ,0.0256776 ,0.270384 
17,0.458568 ,0.0256715 ,0.270437 
18,0.485541 ,0.0256649 ,0.270485 
19,0.512514 ,0.025658 ,0.270544 
20,0.539487 ,0.0256506 ,0.270596 
21,0.56646 ,0.0256429 ,0.270661 
22,0.593433 ,0.0256348 ,0.270718 
23,0.620406 ,0.0256263 ,0.270788 
24,0.647379 ,0.0256174 ,0.270851 
25,0.674352 ,0.0256081 ,0.270926 
26,0.701325 ,0.0255985 ,0.270994 
27,0.728298 ,0.0255884 ,0.271074 
28,0.755271 ,0.025578 ,0.271147 
29,0.782244 ,0.0255671 ,0.271232 
30,0.809217 ,0.0255559 ,0.27131 
31,0.83619 ,0.0255443 ,0.2714 
32,0.863163 ,0.0255323 ,0.271483 
33,0.890136 ,0.0255199 ,0.271577 
34,0.917109 ,0.0255071 ,0.271665 
35,0.944082 ,0.0254939 ,0.271764 
36,0.971055 ,0.0254803 ,0.271856 
37,0.998028 ,0.0254664 ,0.271959 
38,1.025 ,0.025452 ,0.272055 
39,1.05197 ,0.0254372 ,0.272163 
40,1.07895 ,0.0254221 ,0.272263 
41,1.10592 ,0.0254065 ,0.272375 
42,1.13289 ,0.0253906 ,0.272479 
43,1.15987 ,0.0253742 ,0.272594 
44,1.18684 ,0.0253575 ,0.272702 
45,1.21381 ,0.0253404 ,0.272822 
46,1.24079 ,0.0253228 ,0.272933 
47,1.26776 ,0.0253049 ,0.273056 
48,1.29473 ,0.0252866 ,0.273171 
49,1.3217 ,0.0252678 ,0.273298 
50,1.34868 ,0.0252487 ,0.273416 
51,1.37565 ,0.0252291 ,0.273545 
52,1.40262 ,0.0252092 ,0.273667 
53,1.4296 ,0.0251888 ,0.273799 
54,1.45657 ,0.0251681 ,0.273924 
55,1.48354 ,0.0251469 ,0.274059 
56,1.51051 ,0.0251253 ,0.274186 
57,1.53749 ,0.0251034 ,0.274325 
58,1.56446 ,0.025081 ,0.274454 
59,1.59143 ,0.0250582 ,0.274595 
60,1.61841 ,0.025035 ,0.274727 
61,1.64538 ,0.0250114 ,0.274871 
62,1.67235 ,0.0249874 ,0.275005 
63,1.69933 ,0.0249629 ,0.27515 
64,1.7263 ,0.0249381 ,0.275287 
65,1.75327 ,0.0249128 ,0.275434 
66,1.78024 ,0.0248871 ,0.275573 
67,1.80722 ,0.024861 ,0.275722 
68,1.83419 ,0.0248345 ,0.275862 
69,1.86116 ,0.0248076 ,0.276014 
70,1.88814 ,0.0247803 ,0.276155 
71,1.91511 ,0.0247525 ,0.276308 
72,1.94208 ,0.0247244 ,0.276451 
73,1.96906 ,0.0246958 ,0.276606 
74,1.99603 ,0.0246668 ,0.27675 
75,2.023 ,0.0246373 ,0.276906 
76,2.04998 ,0.0246075 ,0.277052 
77,2.07695 ,0.0245772 ,0.277208 
78,2.10392 ,0.0245465 ,0.277355 
79,2.13089 ,0.0245154 ,0.277513 
80,2.15787 ,0.0244839 ,0.277661 
81,2.18484 ,0.0244519 ,0.27782 
82,2.21181 ,0.0244195 ,0.277968 
83,2.23879 ,0.0243867 ,0.278128 
84,2.26576 ,0.0243535 ,0.278277 
85,2.29273 ,0.0243199 ,0.278437 
86,2.31971 ,0.0242858 ,0.278587 
87,2.34668 ,0.0242513 ,0.278748 
88,2.37365 ,0.0242163 ,0.278898 
89,2.40062 ,0.024181 ,0.27906 
90,2.4276 ,0.0241452 ,0.27921 
91,2.45457 ,0.024109 ,0.279372 
92,2.48154 ,0.0240724 ,0.279523 
93,2.50852 ,0.0240353 ,0.279685 
94,2.53549 ,0.0239978 ,0.279836 
95,2.56246 ,0.0239599 ,0.279999 
96,2.58944 ,0.0239215 ,0.28015 
97,2.61641 ,0.0238828 ,0.280312 
98,2.64338 ,0.0238436 ,0.280464 
99,2.67035 ,0.0238039 ,0.280626 
100,2.69733 ,0.0237639 ,0.280777 
101,2.7243 ,0.0237234 ,0.28094 
102,2.75127 ,0.0236824 ,0.281091 
103,2.77825 ,0.0236411 ,0.281253 
104,2.80522 ,0.0235993 ,0.281404 
105,2.83219 ,0.0235571 ,0.281567 
106,2.85917 ,0.0235145 ,0.281717 
107,2.88614 ,0.0234714 ,0.281879 
108,2.91311 ,0.0234279 ,0.28203 
109,2.94008 ,0.023384 ,0.282192 
110,2.96706 ,0.0233396 ,0.282342 
111,2.99403 ,0.0232948 ,0.282504 
112,3.021 ,0.0232496 ,0.282653 
113,3.04798 ,0.023204 ,0.282815 
114,3.07495 ,0.0231579 ,0.282964 
115,3.10192 ,0.0231114 ,0.283125 
116,3.12889 ,0.0230645 ,0.283274 
117,3.15587 ,0.0230171 ,0.283435 
118,3.18284 ,0.0229694 ,0.283583 
119,3.20981 ,0.0229211 ,0.283743 
120,3.23679 ,0.0228725 ,0.283891 
121,3.26376 ,0.0228235 ,0.284051 
122,3.29073 ,0.022774 ,0.284198 
123,3.31771 ,0.0227241 ,0.284358 
124,3.34468 ,0.0226737 ,0.284505 
125,3.37165 ,0.022623 ,0.284664 
126,3.39863 ,0.0225718 ,0.28481 
127,3.4256 ,0.0225202 ,0.284969 
128,3.45257 ,0.0224682 ,0.285114 
129,3.47954 ,0.0224157 ,0.285272 
130,3.50652 ,0.0223628 ,0.285418 
131,3.53349 ,0.0223095 ,0.285575 
132,3.56046 ,0.0222558 ,0.28572 
133,3.58744 ,0.0222017 ,0.285877 
134,3.61441 ,0.0221472 ,0.286021 
135,3.64138 ,0.0220922 ,0.286178 
136,3.66836 ,0.0220368 ,0.286321 
137,3.69533 ,0.021981 ,0.286477 
138,3.7223 ,0.0219248 ,0.28662 
139,3.74927 ,0.0218682 ,0.286776 
140,3.77625 ,0.0218111 ,0.286918 
141,3.80322 ,0.0217537 ,0.287074 
142,3.83019 ,0.0216958 ,0.287215 
143,3.85717 ,0.0216375 ,0.28737 
144,3.88414 ,0.0215788 ,0.287511 
145,3.91111 ,0.0215197 ,0.287666 
146,3.93809 ,0.0214602 ,0.287806 
147,3.96506 ,0.0214003 ,0.28796 
148,3.99203 ,0.02134 ,0.2881 
149,4.019 ,0.0212793 ,0.288253 
150,4.04598 ,0.0212181 ,0.288393 
151,4.07295 ,0.0211566 ,0.288546 
152,4.09992 ,0.0210947 ,0.288685 
153,4.1269 ,0.0210323 ,0.288837 
154,4.15387 ,0.0209696 ,0.288976 
155,4.18084 ,0.0209065 ,0.289128 
156,4.20782 ,0.020843 ,0.289266 
157,4.23479 ,0.0207791 ,0.289417 
158,4.26176 ,0.0207147 ,0.289555 
159,4.28873 ,0.02065 ,0.289705 
160,4.31571 ,0.020585 ,0.289842 
161,4.34268 ,0.0205195 ,0.289993 
162,4.36965 ,0.0204536 ,0.290129 
163,4.39663 ,0.0203873 ,0.290279 
164,4.4236 ,0.0203207 ,0.290415 
165,4.45057 ,0.0202537 ,0.290565 
166,4.47755 ,0.0201863 ,0.2907 
167,4.50452 ,0.0201185 ,0.290849 
168,4.53149 ,0.0200503 ,0.290984 
169,4.55846 ,0.0199818 ,0.291133 
170,4.58544 ,0.0199129 ,0.291268 
171,4.61241 ,0.0198436 ,0.291416 
172,4.63938 ,0.0197739 ,0.29155 
173,4.66636 ,0.0197039 ,0.291697 
174,4.69333 ,0.0196335 ,0.291831 
175,4.7203 ,0.0195627 ,0.291978 
176,4.74728 ,0.0194916 ,0.292111 
177,4.77425 ,0.0194201 ,0.292258 
178,4.80122 ,0.0193483 ,0.29239 
179,4.82819 ,0.019276 ,0.292536 
180,4.85517 ,0.0192035 ,0.292668 
181,4.88214 ,0.0191305 ,0.292814 
182,4.90911 ,0.0190573 ,0.292945 
183,4.93609 ,0.0189836 ,0.29309 
184,4.96306 ,0.0189097 ,0.293221 
185,4.99003 ,0.0188353 ,0.293366 
186,5.01701 ,0.0187607 ,0.293496 
187,5.04398 ,0.0186856 ,0.29364 
188,5.07095 ,0.0186103 ,0.29377 
189,5.09792 ,0.0185346 ,0.293914 
190,5.1249 ,0.0184585 ,0.294043 
191,5.15187 ,0.0183822 ,0.294186 
192,5.17884 ,0.0183055 ,0.294314 
193,5.20582 ,0.0182284 ,0.294456 
194,5.23279 ,0.0181511 ,0.294584 
195,5.25976 ,0.0180734 ,0.294726 
196,5.28674 ,0.0179954 ,0.294853 
197,5.31371 ,0.017917 ,0.294994 
198,5.34068 ,0.0178384 ,0.295121 
199,5.36765 ,0.0177594 ,0.295261 
200,5.39463 ,0.0176801 ,0.295387 
201,5.4216 ,0.0176005 ,0.295527 
202,5.44857 ,0.0175206 ,0.295652 
203,5.47555 ,0.0174404 ,0.295791 
204,5.50252 ,0.0173599 ,0.295915 
205,5.52949 ,0.0172791 ,0.296054 
206,5.55647 ,0.0171979 ,0.296177 
207,5.58344 ,0.0171165 ,0.296315 
208,5.61041 ,0.0170348 ,0.296438 
209,5.63738 ,0.0169528 ,0.296575 
210,5.66436 ,0.0168705 ,0.296697 
211,5.69133 ,0.0167879 ,0.296833 
212,5.7183 ,0.0167051 ,0.296954 
213,5.74528 ,0.0166219 ,0.297089 
214,5.77225 ,0.0165385 ,0.297209 
215,5.79922 ,0.0164548 ,0.297344 
216,5.8262 ,0.0163708 ,0.297463 
217,5.85317 ,0.0162866 ,0.297597 
218,5.88014 ,0.0162021 ,0.297715 
219,5.90711 ,0.0161173 ,0.297848 
220,5.93409 ,0.0160323 ,0.297966 
221,5.96106 ,0.015947 ,0.298097 
222,5.98803 ,0.0158614 ,0.298214 
223,6.01501 ,0.0157756 ,0.298344 
224,6.04198 ,0.0156895 ,0.29846 
225,6.06895 ,0.0156032 ,0.29859 
226,6.09593 ,0.0155167 ,0.298705 
227,6.1229 ,0.0154299 ,0.298834 
228,6.14987 ,0.0153429 ,0.298947 
229,6.17684 ,0.0152556 ,0.299075 
230,6.20382 ,0.0151681 ,0.299188 
231,6.23079 ,0.0150804 ,0.299315 
232,6.25776 ,0.0149924 ,0.299427 
233,6.28474 ,0.0149043 ,0.299552 
234,6.31171 ,0.0148159 ,0.299663 
235,6.33868 ,0.0147272 ,0.299788 
236,6.36566 ,0.0146384 ,0.299898 
237,6.39263 ,0.0145494 ,0.300021 
238,6.4196 ,0.0144601 ,0.30013 
239,6.44657 ,0.0143707 ,0.300253 
240,6.47355 ,0.014281 ,0.300361 
241,6.50052 ,0.0141912 ,0.300482 
242,6.52749 ,0.0141011 ,0.300589 
243,6.55447 ,0.0140109 ,0.300709 
244,6.58144 ,0.0139205 ,0.300815 
245,6.60841 ,0.0138299 ,0.300935 
246,6.63539 ,0.0137391 ,0.30104 
247,6.66236 ,0.0136481 ,0.301158 
248,6.68933 ,0.013557 ,0.301262 
249,6.7163 ,0.0134657 ,0.30138 
250,6.74328 ,0.0133742 ,0.301483 
251,6.77025 ,0.0132826 ,0.301599 
252,6.79722 ,0.0131908 ,0.301702 
253,6.8242 ,0.0130988 ,0.301817 
254,6.85117 ,0.0130067 ,0.301918 
255,6.87814 ,0.0129145 ,0.302033 
256,6.90512 ,0.0128221 ,0.302134 
257,6.93209 ,0.0127295 ,0.302248 
258,6.95906 ,0.0126368 ,0.302347 
259,6.98603 ,0.012544 ,0.30246 
260,7.01301 ,0.012451 ,0.302559 
261,7.03998 ,0.012358 ,0.302672 
262,7.06695 ,0.0122647 ,0.30277 
263,7.09393 ,0.0121714 ,0.302882 
264,7.1209 ,0.012078 ,0.302979 
265,7.14787 ,0.0119844 ,0.303091 
266,7.17485 ,0.0118907 ,0.303188 
267,7.20182 ,0.0117969 ,0.303298 
268,7.22879 ,0.0117031 ,0.303395 
269,7.25576 ,0.0116091 ,0.303505 
270,7.28274 ,0.011515 ,0.303601 
271,7.30971 ,0.0114208 ,0.303711 
272,7.33668 ,0.0113266 ,0.303807 
273,7.36366 ,0.0112322 ,0.303916 
274,7.39063 ,0.0111378 ,0.304012 
275,7.4176 ,0.0110433 ,0.304121 
276,7.44458 ,0.0109487 ,0.304217 
277,7.47155 ,0.0108541 ,0.304326 
278,7.49852 ,0.0107594 ,0.304422 
279,7.52549 ,0.0106646 ,0.304531 
280,7.55247 ,0.0105698 ,0.304627 
281,7.57944 ,0.0104749 ,0.304736 
282,7.60641 ,0.0103799 ,0.304832 
283,7.63339 ,0.0102849 ,0.304942 
284,7.66036 ,0.0101899 ,0.305038 
285,7.68733 ,0.0100948 ,0.305148 
286,7.71431 ,0.00999972 ,0.305245 
287,7.74128 ,0.00990458 ,0.305356 
288,7.76825 ,0.00980941 ,0.305453 
289,7.79522 ,0.00971422 ,0.305564 
290,7.8222 ,0.00961901 ,0.305662 
291,7.84917 ,0.00952378 ,0.305774 
292,7.87614 ,0.00942853 ,0.305874 
293,7.90312 ,0.00933328 ,0.305986 
294,7.93009 ,0.00923802 ,0.306087 
295,7.95706 ,0.00914275 ,0.3062 
296,7.98404 ,0.00904749 ,0.306302 
297,8.01101 ,0.00895224 ,0.306417 
298,8.03798 ,0.00885699 ,0.30652 
299,8.06495 ,0.00876176 ,0.306637 
300,8.09193 ,0.00866655 ,0.306741 
301,8.1189 ,0.00857135 ,0.306859 
302,8.14587 ,0.00847618 ,0.306965 
303,8.17285 ,0.00838104 ,0.307085 
304,8.19982 ,0.00828593 ,0.307193 
305,8.22679 ,0.00819086 ,0.307315 
306,8.25376 ,0.00809582 ,0.307425 
307,8.28074 ,0.00800083 ,0.307549 
308,8.30771 ,0.00790589 ,0.307661 
309,8.33468 ,0.007811 ,0.307787 
310,8.36166 ,0.00771616 ,0.307902 
311,8.38863 ,0.00762138 ,0.30803 
312,8.4156 ,0.00752666 ,0.308148 
313,8.44258 ,0.00743201 ,0.308279 
314,8.46955 ,0.00733743 ,0.308399 
315,8.49652 ,0.00724292 ,0.308533 
316,8.52349 ,0.00714849 ,0.308655 
317,8.55047 ,0.00705414 ,0.308792 
318,8.57744 ,0.00695988 ,0.308918 
319,8.60441 ,0.0068657 ,0.309058 
320,8.63139 ,0.00677162 ,0.309188 
321,8.65836 ,0.00667763 ,0.309331 
322,8.68533 ,0.00658374 ,0.309464 
323,8.71231 ,0.00648996 ,0.30961 
324,8.73928 ,0.00639628 ,0.309747 
325,8.76625 ,0.00630272 ,0.309897 
326,8.79322 ,0.00620926 ,0.310037 
327,8.8202 ,0.00611593 ,0.310191 
328,8.84717 ,0.00602272 ,0.310335 
329,8.87414 ,0.00592963 ,0.310494 
330,8.90112 ,0.00583667 ,0.310642 
331,8.92809 ,0.00574385 ,0.310804 
332,8.95506 ,0.00565116 ,0.310956 
333,8.98204 ,0.00555861 ,0.311123 
334,9.00901 ,0.00546621 ,0.311279 
335,9.03598 ,0.00537395 ,0.311451 
336,9.06295 ,0.00528185 ,0.311612 
337,9.08993 ,0.0051899 ,0.311787 
338,9.1169 ,0.00509811 ,0.311953 
339,9.14387 ,0.00500648 ,0.312134 
340,9.17085 ,0.00491501 ,0.312304 
341,9.19782 ,0.00482372 ,0.312489 
342,9.22479 ,0.0047326 ,0.312665 
343,9.25177 ,0.00464166 ,0.312855 
344,9.27874 ,0.00455089 ,0.313035 
345,9.30571 ,0.00446031 ,0.31323 
346,9.33268 ,0.00436992 ,0.313416 
347,9.35966 ,0.00427972 ,0.313616 
348,9.38663 ,0.00418971 ,0.313807 
349,9.4136 ,0.0040999 ,0.314013 
350,9.44058 ,0.0040103 ,0.314208 
351,9.46755 ,0.0039209 ,0.314419 
352,9.49452 ,0.0038317 ,0.314621 
353,9.5215 ,0.00374273 ,0.314837 
354,9.54847 ,0.00365396 ,0.315044 
355,9.57544 ,0.00356542 ,0.315265 
356,9.60241 ,0.0034771 ,0.315478 
357,9.62939 ,0.00338901 ,0.315705 
358,9.65636 ,0.00330115 ,0.315922 
359,9.68333 ,0.00321352 ,0.316155 
360,9.71031 ,0.00312613 ,0.316378 
361,9.73728 ,0.00303899 ,0.316617 
362,9.76425 ,0.00295208 ,0.316846 
363,9.79123 ,0.00286543 ,0.31709 
364,9.8182 ,0.00277903 ,0.317324 
365,9.84517 ,0.00269288 ,0.317573 
366,9.87214 ,0.002607 ,0.317813 
367,9.89912 ,0.00252137 ,0.318068 
368,9.92609 ,0.00243601 ,0.318314 
369,9.95306 ,0.00235093 ,0.318575 
370,9.98004 ,0.00226611 ,0.318826 
371,10.007 ,0.00218158 ,0.319092 
372,10.034 ,0.00209732 ,0.319348 
373,10.061 ,0.00201335 ,0.31962 
374,10.0879 ,0.00192967 ,0.319882 
375,10.1149 ,0.00184628 ,0.320159 
376,10.1419 ,0.00176318 ,0.320426 
377,10.1688 ,0.00168038 ,0.320709 
378,10.1958 ,0.00159789 ,0.320982 
379,10.2228 ,0.0015157 ,0.32127 
380,10.2498 ,0.00143382 ,0.321547 
381,10.2767 ,0.00135225 ,0.321841 
382,10.3037 ,0.001271 ,0.322124 
383,10.3307 ,0.00119007 ,0.322422 
384,10.3577 ,0.00110947 ,0.32271 
385,10.3846 ,0.00102919 ,0.323013 
386,10.4116 ,0.000949241 ,0.323306 
387,10.4386 ,0.000869628 ,0.323615 
388,10.4656 ,0.000790354 ,0.323912 
389,10.4925 ,0.000711422 ,0.324225 
390,10.5195 ,0.000632835 ,0.324528 
391,10.5465 ,0.000554597 ,0.324846 
392,10.5734 ,0.000476712 ,0.325153 
393,10.6004 ,0.000399183 ,0.325475 
394,10.6274 ,0.000322014 ,0.325786 
395,10.6544 ,0.000245209 ,0.326113 
396,10.6813 ,0.000168771 ,0.326428 
397,10.7083 ,9.27032e-05 ,0.326759 
398,10.7353 ,1.70101e-05 ,0.327079 
399,10.7623 ,-5.83051e-05 ,0.327414 
400,10.7892 ,-0.000133239 ,0.327737 
401,10.8162 ,-0.000207787 ,0.328076 
402,10.8432 ,-0.000281947 ,0.328403 
403,10.8701 ,-0.000355714 ,0.328745 
404,10.8971 ,-0.000429085 ,0.329076 
405,10.9241 ,-0.000502057 ,0.329421 
406,10.9511 ,-0.000574625 ,0.329755 
407,10.978 ,-0.000646787 ,0.330104 
408,11.005 ,-0.000718538 ,0.330441 
409,11.032 ,-0.000789875 ,0.330793 
410,11.059 ,-0.000860795 ,0.331133 
411,11.0859 ,-0.000931293 ,0.331487 
412,11.1129 ,-0.00100137 ,0.331829 
413,11.1399 ,-0.00107101 ,0.332186 
414,11.1668 ,-0.00114023 ,0.332531 
415,11.1938 ,-0.001209 ,0.33289 
416,11.2208 ,-0.00127734 ,0.333237 
417,11.2478 ,-0.00134524 ,0.333598 
418,11.2747 ,-0.00141269 ,0.333947 
419,11.3017 ,-0.00147969 ,0.33431 
420,11.3287 ,-0.00154624 ,0.33466 
421,11.3557 ,-0.00161233 ,0.335025 
422,11.3826 ,-0.00167796 ,0.335376 
423,11.4096 ,-0.00174312 ,0.335742 
424,11.4366 ,-0.00180782 ,0.336094 
425,11.4636 ,-0.00187205 ,0.336461 
426,11.4905 ,-0.0019358 ,0.336814 
427,11.5175 ,-0.00199908 ,0.337181 
428,11.5445 ,-0.00206188 ,0.337534 
429,11.5714 ,-0.00212419 ,0.337901 
430,11.5984 ,-0.00218601 ,0.338255 
431,11.6254 ,-0.00224734 ,0.338622 
432,11.6524 ,-0.00230818 ,0.338975 
433,11.6793 ,-0.00236852 ,0.339342 
434,11.7063 ,-0.00242835 ,0.339695 
435,11.7333 ,-0.00248768 ,0.340061 
436,11.7603 ,-0.00254651 ,0.340413 
437,11.7872 ,-0.00260482 ,0.340778 
438,11.8142 ,-0.00266262 ,0.341128 
439,11.8412 ,-0.0027199 ,0.341492 
440,11.8681 ,-0.00277666 ,0.341841 
441,11.8951 ,-0.00283289 ,0.342203 
442,11.9221 ,-0.0028886 ,0.342549 
443,11.9491 ,-0.00294377 ,0.342909 
444,11.976 ,-0.00299842 ,0.343254 
445,12.003 ,-0.00305252 ,0.343611 
446,12.03 ,-0.00310609 ,0.343952 
447,12.057 ,-0.00315911 ,0.344307 
448,12.0839 ,-0.00321158 ,0.344645 
449,12.1109 ,-0.00326351 ,0.344996 
450,12.1379 ,-0.00331488 ,0.345331 
451,12.1648 ,-0.0033657 ,0.345678 
452,12.1918 ,-0.00341597 ,0.346009 
453,12.2188 ,-0.00346567 ,0.346352 
454,12.2458 ,-0.0035148 ,0.346678 
455,12.2727 ,-0.00356337 ,0.347016 
456,12.2997 ,-0.00361138 ,0.347338 
457,12.3267 ,-0.00365881 ,0.347671 
458,12.3537 ,-0.00370566 ,0.347987 
459,12.3806 ,-0.00375194 ,0.348315 
460,12.4076 ,-0.00379764 ,0.348626 
461,12.4346 ,-0.00384276 ,0.348947 
462,12.4616 ,-0.00388729 ,0.349252 
463,12.4885 ,-0.00393123 ,0.349567 
464,12.5155 ,-0.00397459 ,0.349864 
465,12.5425 ,-0.00401735 ,0.350173 
466,12.5694 ,-0.00405952 ,0.350463 
467,12.5964 ,-0.00410109 ,0.350764 
468,12.6234 ,-0.00414207 ,0.351046 
469,12.6504 ,-0.00418244 ,0.351339 
470,12.6773 ,-0.00422221 ,0.351613 
471,12.7043 ,-0.00426138 ,0.351898 
472,12.7313 ,-0.00429994 ,0.352163 
473,12.7583 ,-0.00433789 ,0.352438 
474,12.7852 ,-0.00437523 ,0.352695 
475,12.8122 ,-0.00441195 ,0.35296 
476,12.8392 ,-0.00444807 ,0.353207 
477,12.8661 ,-0.00448356 ,0.353462 
478,12.8931 ,-0.00451844 ,0.353698 
479,12.9201 ,-0.0045527 ,0.353943 
480,12.9471 ,-0.00458634 ,0.354168 
481,12.974 ,-0.00461936 ,0.354401 
482,13.001 ,-0.00465175 ,0.354614 
483,13.028 ,-0.00468352 ,0.354836 
484,13.055 ,-0.00471467 ,0.355037 
485,13.0819 ,-0.00474518 ,0.355246 
486,13.1089 ,-0.00477507 ,0.355434 
487,13.1359 ,-0.00480433 ,0.35563 
488,13.1629 ,-0.00483296 ,0.355805 
489,13.1898 ,-0.00486096 ,0.355987 
490,13.2168 ,-0.00488832 ,0.356148 
491,13.2438 ,-0.00491506 ,0.356315 
492,13.2707 ,-0.00494116 ,0.356461 
493,13.2977 ,-0.00496663 ,0.356614 
494,13.3247 ,-0.00499146 ,0.356745 
495,13.3517 ,-0.00501566 ,0.356881 
496,13.3786 ,-0.00503922 ,0.356996 
497,13.4056 ,-0.00506215 ,0.357116 
498,13.4326 ,-0.00508444 ,0.357214 
499,13.4596 ,-0.0051061 ,0.357317 
500,13.4865 ,-0.00512713 ,0.357398 
501,13.5135 ,-0.00514752 ,0.357483 
502,13.5405 ,-0.00516727 ,0.357546 
503,13.5674 ,-0.00518639 ,0.357613 
504,13.5944 ,-0.00520488 ,0.357657 
505,13.6214 ,-0.00522273 ,0.357704 
506,13.6484 ,-0.00523995 ,0.357729 
507,13.6753 ,-0.00525653 ,0.357756 
508,13.7023 ,-0.00527249 ,0.357761 
509,13.7293 ,-0.00528781 ,0.357768 
510,13.7563 ,-0.0053025 ,0.357751 
511,13.7832 ,-0.00531657 ,0.357736 
512,13.8102 ,-0.00533001 ,0.357698 
513,13.8372 ,-0.00534282 ,0.357661 
514,13.8641 ,-0.005355 ,0.357601 
515,13.8911 ,-0.00536657 ,0.357541 
516,13.9181 ,-0.00537751 ,0.357457 
517,13.9451 ,-0.00538783 ,0.357374 
518,13.972 ,-0.00539753 ,0.357266 
519,13.999 ,-0.00540661 ,0.357159 
520,14.026 ,-0.00541508 ,0.357027 
521,14.053 ,-0.00542293 ,0.356894 
522,14.0799 ,-0.00543018 ,0.356736 
523,14.1069 ,-0.00543681 ,0.356578 
524,14.1339 ,-0.00544284 ,0.356394 
525,14.1609 ,-0.00544827 ,0.356209 
526,14.1878 ,-0.00545309 ,0.355998 
527,14.2148 ,-0.00545732 ,0.355785 
528,14.2418 ,-0.00546095 ,0.355547 
529,14.2687 ,-0.00546398 ,0.355306 
530,14.2957 ,-0.00546643 ,0.355039 
531,14.3227 ,-0.00546828 ,0.354769 
532,14.3497 ,-0.00546956 ,0.354473 
533,14.3766 ,-0.00547025 ,0.354174 
534,14.4036 ,-0.00547036 ,0.353848 
535,14.4306 ,-0.0054699 ,0.353518 
536,14.4576 ,-0.00546887 ,0.353162 
537,14.4845 ,-0.00546727 ,0.352801 
538,14.5115 ,-0.00546511 ,0.352413 
539,14.5385 ,-0.00546239 ,0.35202 
540,14.5654 ,-0.00545911 ,0.3516 
541,14.5924 ,-0.00545528 ,0.351174 
542,14.6194 ,-0.0054509 ,0.350721 
543,14.6464 ,-0.00544598 ,0.350262 
544,14.6733 ,-0.00544052 ,0.349776 
545,14.7003 ,-0.00543453 ,0.349282 
546,14.7273 ,-0.00542801 ,0.348762 
547,14.7543 ,-0.00542096 ,0.348234 
548,14.7812 ,-0.00541339 ,0.347678 
549,14.8082 ,-0.0054053 ,0.347114 
550,14.8352 ,-0.0053967 ,0.346523 
551,14.8621 ,-0.0053876 ,0.345923 
552,14.8891 ,-0.00537799 ,0.345295 
553,14.9161 ,-0.00536789 ,0.344659 
554,14.9431 ,-0.0053573 ,0.343994 
555,14.97 ,-0.00534622 ,0.343319 
556,14.997 ,-0.00533466 ,0.342617 
557,15.024 ,-0.00532263 ,0.341904 
558,15.051 ,-0.00531012 ,0.341163 
559,15.0779 ,-0.00529716 ,0.340412 
560,15.1049 ,-0.00528373 ,0.339632 
561,15.1319 ,-0.00526986 ,0.338842 
562,15.1589 ,-0.00525554 ,0.338022 
563,15.1858 ,-0.00524078 ,0.337191 
564,15.2128 ,-0.00522558 ,0.336331 
565,15.2398 ,-0.00520995 ,0.33546 
566,15.2667 ,-0.00519391 ,0.334559 
567,15.2937 ,-0.00517745 ,0.333647 
568,15.3207 ,-0.00516058 ,0.332705 
569,15.3477 ,-0.0051433 ,0.331751 
570,15.3746 ,-0.00512563 ,0.330767 
571,15.4016 ,-0.00510757 ,0.329771 
572,15.4286 ,-0.00508913 ,0.328744 
573,15.4556 ,-0.00507031 ,0.327705 
574,15.4825 ,-0.00505112 ,0.326636 
575,15.5095 ,-0.00503156 ,0.325554 
576,15.5365 ,-0.00501165 ,0.324442 
577,15.5634 ,-0.00499139 ,0.323315 
578,15.5904 ,-0.00497079 ,0.322159 
579,15.6174 ,-0.00494985 ,0.320989 
580,15.6444 ,-0.00492858 ,0.319789 
581,15.6713 ,-0.00490699 ,0.318574 
582,15.6983 ,-0.00488508 ,0.317329 
583,15.7253 ,-0.00486287 ,0.31607 
584,15.7523 ,-0.00484035 ,0.31478 
585,15.7792 ,-0.00481755 ,0.313475 
586,15.8062 ,-0.00479445 ,0.31214 
587,15.8332 ,-0.00477108 ,0.31079 
588,15.8602 ,-0.00474743 ,0.309409 
589,15.8871 ,-0.00472352 ,0.308013 
590,15.9141 ,-0.00469936 ,0.306586 
591,15.9411 ,-0.00467494 ,0.305144 
592,15.968 ,-0.00465028 ,0.303671 
593,15.995 ,-0.00462538 ,0.302182 
594,16.022 ,-0.00460026 ,0.300663 
595,16.049 ,-0.00457491 ,0.299127 
596,16.0759 ,-0.00454936 ,0.297562 
597,16.1029 ,-0.00452359 ,0.29598 
598,16.1299 ,-0.00449763 ,0.294367 
599,16.1569 ,-0.00447148 ,0.292738 
600,16.1838 ,-0.00444514 ,0.291079 
601,16.2108 ,-0.00441863 ,0.289402 
602,16.2378 ,-0.00439195 ,0.287696 
603,16.2647 ,-0.00436511 ,0.285972 
604,16.2917 ,-0.00433811 ,0.284219 
605,16.3187 ,-0.00431097 ,0.282448 
606,16.3457 ,-0.00428369 ,0.280648 
607,16.3726 ,-0.00425627 ,0.278829 
608,16.3996 ,-0.00422873 ,0.276982 
609,16.4266 ,-0.00420108 ,0.275116 
610,16.4536 ,-0.00417331 ,0.273221 
611,16.4805 ,-0.00414545 ,0.271308 
612,16.5075 ,-0.00411748 ,0.269366 
613,16.5345 ,-0.00408943 ,0.267406 
614,16.5614 ,-0.0040613 ,0.265417 
615,16.5884 ,-0.00403309 ,0.263409 
616,16.6154 ,-0.00400482 ,0.261373 
617,16.6424 ,-0.00397648 ,0.25933 
618,16.6693 ,-0.0039481 ,0.257296 
619,16.6963 ,-0.00391967 ,0.255281 
620,16.7233 ,-0.0038912 ,0.253276 
621,16.7503 ,-0.00386269 ,0.251289 
622,16.7772 ,-0.00383416 ,0.249313 
623,16.8042 ,-0.00380561 ,0.247354 
624,16.8312 ,-0.00377705 ,0.245405 
625,16.8582 ,-0.00374848 ,0.243474 
626,16.8851 ,-0.00371991 ,0.241553 
627,16.9121 ,-0.00369135 ,0.239649 
628,16.9391 ,-0.00366279 ,0.237755 
629,16.966 ,-0.00363425 ,0.235878 
630,16.993 ,-0.00360572 ,0.234011 
631,17.02 ,-0.00357723 ,0.23216 
632,17.047 ,-0.00354876 ,0.230319 
633,17.0739 ,-0.00352034 ,0.228495 
634,17.1009 ,-0.00349195 ,0.226681 
635,17.1279 ,-0.00346361 ,0.224882 
636,17.1549 ,-0.00343531 ,0.223093 
637,17.1818 ,-0.00340708 ,0.22132 
638,17.2088 ,-0.0033789 ,0.219557 
639,17.2358 ,-0.00335078 ,0.217809 
640,17.2627 ,-0.00332273 ,0.216071 
641,17.2897 ,-0.00329476 ,0.214348 
642,17.3167 ,-0.00326686 ,0.212635 
643,17.3437 ,-0.00323903 ,0.210936 
644,17.3706 ,-0.00321129 ,0.209247 
645,17.3976 ,-0.00318364 ,0.207573 
646,17.4246 ,-0.00315608 ,0.205908 
647,17.4516 ,-0.00312861 ,0.204258 
648,17.4785 ,-0.00310123 ,0.202616 
649,17.5055 ,-0.00307396 ,0.20099 
650,17.5325 ,-0.00304679 ,0.199372 
651,17.5595 ,-0.00301972 ,0.197768 
652,17.5864 ,-0.00299276 ,0.196174 
653,17.6134 ,-0.00296591 ,0.194593 
654,17.6404 ,-0.00293918 ,0.193021 
655,17.6673 ,-0.00291257 ,0.191463 
656,17.6943 ,-0.00288607 ,0.189914 
657,17.7213 ,-0.00285969 ,0.188378 
658,17.7483 ,-0.00283344 ,0.186852 
659,17.7752 ,-0.00280731 ,0.185338 
660,17.8022 ,-0.00278132 ,0.183833 
661,17.8292 ,-0.00275545 ,0.182341 
662,17.8562 ,-0.00272971 ,0.180858 
663,17.8831 ,-0.00270411 ,0.179387 
664,17.9101 ,-0.00267865 ,0.177926 
665,17.9371 ,-0.00265332 ,0.176476 
666,17.964 ,-0.00262813 ,0.175036 
667,17.991 ,-0.00260309 ,0.173607 
668,18.018 ,-0.00257818 ,0.172187 
669,18.045 ,-0.00255342 ,0.17078 
670,18.0719 ,-0.00252881 ,0.169381 
671,18.0989 ,-0.00250434 ,0.167993 
672,18.1259 ,-0.00248002 ,0.166615 
673,18.1529 ,-0.00245585 ,0.165247 
674,18.1798 ,-0.00243183 ,0.163889 
675,18.2068 ,-0.00240796 ,0.162542 
676,18.2338 ,-0.00238425 ,0.161203 
677,18.2607 ,-0.00236068 ,0.159875 
678,18.2877 ,-0.00233728 ,0.158556 
679,18.3147 ,-0.00231402 ,0.157248 
680,18.3417 ,-0.00229093 ,0.155948 
681,18.3686 ,-0.00226799 ,0.154659 
682,18.3956 ,-0.0022452 ,0.153378 
683,18.4226 ,-0.00222258 ,0.152108 
684,18.4496 ,-0.00220011 ,0.150846 
685,18.4765 ,-0.00217781 ,0.149595 
686,18.5035 ,-0.00215566 ,0.148351 
687,18.5305 ,-0.00213367 ,0.147118 
688,18.5575 ,-0.00211184 ,0.145894 
689,18.5844 ,-0.00209018 ,0.144679 
690,18.6114 ,-0.00206867 ,0.143472 
691,18.6384 ,-0.00204733 ,0.142276 
692,18.6653 ,-0.00202615 ,0.141087 
693,18.6923 ,-0.00200513 ,0.139908 
694,18.7193 ,-0.00198427 ,0.138737 
695,18.7463 ,-0.00196357 ,0.137576 
696,18.7732 ,-0.00194304 ,0.136423 
697,18.8002 ,-0.00192266 ,0.135279 
698,18.8272 ,-0.00190245 ,0.134143 
699,18.8542 ,-0.0018824 ,0.133016 
700,18.8811 ,-0.00186251 ,0.131897 
701,18.9081 ,-0.00184279 ,0.130788 
702,18.9351 ,-0.00182322 ,0.129686 
703,18.962 ,-0.00180382 ,0.128593 
704,18.989 ,-0.00178458 ,0.127507 
705,19.016 ,-0.0017655 ,0.126431 
706,19.043 ,-0.00174657 ,0.125362 
707,19.0699 ,-0.00172781 ,0.124302 
708,19.0969 ,-0.00170921 ,0.12325 
709,19.1239 ,-0.00169077 ,0.122206 
710,19.1509 ,-0.00167249 ,0.12117 
711,19.1778 ,-0.00165436 ,0.120142 
712,19.2048 ,-0.00163639 ,0.119121 
713,19.2318 ,-0.00161859 ,0.118109 
714,19.2587 ,-0.00160093 ,0.117104 
715,19.2857 ,-0.00158344 ,0.116108 
716,19.3127 ,-0.0015661 ,0.115119 
717,19.3397 ,-0.00154892 ,0.114138 
718,19.3666 ,-0.00153189 ,0.113164 
719,19.3936 ,-0.00151502 ,0.112198 
720,19.4206 ,-0.0014983 ,0.111239 
721,19.4476 ,-0.00148173 ,0.110289 
722,19.4745 ,-0.00146532 ,0.109345 
723,19.5015 ,-0.00144905 ,0.108409 
724,19.5285 ,-0.00143294 ,0.10748 
725,19.5555 ,-0.00141698 ,0.106559 
726,19.5824 ,-0.00140117 ,0.105644 
727,19.6094 ,-0.00138551 ,0.104738 
728,19.6364 ,-0.00137 ,0.103838 
729,19.6633 ,-0.00135463 ,0.102945 
730,19.6903 ,-0.00133941 ,0.10206 
731,19.7173 ,-0.00132434 ,0.101181 
732,19.7443 ,-0.00130941 ,0.10031 
733,19.7712 ,-0.00129463 ,0.0994455 
734,19.7982 ,-0.00127999 ,0.0985878 
735,19.8252 ,-0.0012655 ,0.0977373 
736,19.8522 ,-0.00125114 ,0.0968933 
737,19.8791 ,-0.00123693 ,0.0960565 
738,19.9061 ,-0.00122286 ,0.095226 
739,19.9331 ,-0.00120892 ,0.0944026 
740,19.96 ,-0.00119513 ,0.0935855 
741,19.987 ,-0.00118147 ,0.0927754 
742,20.014 ,-0.00116795 ,0.0919716 
743,20.041 ,-0.00115457 ,0.0911746 
744,20.0679 ,-0.00114132 ,0.0903838 
745,20.0949 ,-0.0011282 ,0.0895998 
746,20.1219 ,-0.00111522 ,0.0888218 
747,20.1489 ,-0.00110237 ,0.0880506 
748,20.1758 ,-0.00108966 ,0.0872854 
749,20.2028 ,-0.00107707 ,0.0865268 
750,20.2298 ,-0.00106461 ,0.0857741 
751,20.2568 ,-0.00105229 ,0.0850279 
752,20.2837 ,-0.00104009 ,0.0842877 
753,20.3107 ,-0.00102801 ,0.0835538 
754,20.3377 ,-0.00101606 ,0.0828258 
755,20.3646 ,-0.00100424 ,0.0821041 
756,20.3916 ,-0.000992544 ,0.0813881 
757,20.4186 ,-0.000980969 ,0.0806784 
758,20.4456 ,-0.000969517 ,0.0799744 
759,20.4725 ,-0.000958185 ,0.0792764 
760,20.4995 ,-0.000946974 ,0.0785842 
761,20.5265 ,-0.000935883 ,0.0778979 
762,20.5535 ,-0.00092491 ,0.0772172 
763,20.5804 ,-0.000914054 ,0.0765425 
764,20.6074 ,-0.000903316 ,0.0758733 
765,20.6344 ,-0.000892693 ,0.0752099 
766,20.6613 ,-0.000882184 ,0.074552 
767,20.6883 ,-0.00087179 ,0.0738998 
768,20.7153 ,-0.000861508 ,0.073253 
769,20.7423 ,-0.000851339 ,0.0726119 
770,20.7692 ,-0.00084128 ,0.0719761 
771,20.7962 ,-0.000831331 ,0.0713459 
772,20.8232 ,-0.000821492 ,0.0707209 
773,20.8502 ,-0.000811761 ,0.0701015 
774,20.8771 ,-0.000802137 ,0.0694872 
775,20.9041 ,-0.000792619 ,0.0688784 
776,20.9311 ,-0.000783207 ,0.0682746 
777,20.958 ,-0.0007739 ,0.0676763 
778,20.985 ,-0.000764696 ,0.067083 
779,21.012 ,-0.000755594 ,0.0664949 
780,21.039 ,-0.000746595 ,0.0659118 
781,21.0659 ,-0.000737696 ,0.065334 
782,21.0929 ,-0.000728897 ,0.064761 
783,21.1199 ,-0.000720198 ,0.0641932 
784,21.1469 ,-0.000711596 ,0.0636302 
785,21.1738 ,-0.000703092 ,0.0630723 
786,21.2008 ,-0.000694684 ,0.0625191 
787,21.2278 ,-0.000686372 ,0.0619709 
788,21.2548 ,-0.000678154 ,0.0614275 
789,21.2817 ,-0.00067003 ,0.0608889 
790,21.3087 ,-0.000661999 ,0.060355 
791,21.3357 ,-0.00065406 ,0.0598259 
792,21.3626 ,-0.000646212 ,0.0593014 
793,21.3896 ,-0.000638454 ,0.0587817 
794,21.4166 ,-0.000630786 ,0.0582665 
795,21.4436 ,-0.000623206 ,0.057756 
796,21.4705 ,-0.000615714 ,0.0572499 
797,21.4975 ,-0.000608309 ,0.0567485 
798,21.5245 ,-0.00060099 ,0.0562514 
799,21.5515 ,-0.000593756 ,0.0557589 
800,21.5784 ,-0.000586606 ,0.0552707 
801,21.6054 ,-0.00057954 ,0.0547871 
802,21.6324 ,-0.000572557 ,0.0543077 
803,21.6593 ,-0.000565655 ,0.0538327 
804,21.6863 ,-0.000558835 ,0.0533619 
805,21.7133 ,-0.000552095 ,0.0528955 
806,21.7403 ,-0.000545434 ,0.0524332 
807,21.7672 ,-0.000538852 ,0.0519752 
808,21.7942 ,-0.000532348 ,0.0515213 
809,21.8212 ,-0.000525921 ,0.0510716 
810,21.8482 ,-0.000519571 ,0.050626 
811,21.8751 ,-0.000513296 ,0.0501845 
812,21.9021 ,-0.000507096 ,0.049747 
813,21.9291 ,-0.00050097 ,0.0493135 
814,21.956 ,-0.000494917 ,0.048884 
815,21.983 ,-0.000488937 ,0.0484586 
816,22.01 ,-0.000483029 ,0.0480369 
817,22.037 ,-0.000477192 ,0.0476193 
818,22.0639 ,-0.000471425 ,0.0472055 
819,22.0909 ,-0.000465728 ,0.0467955 
820,22.1179 ,-0.0004601 ,0.0463893 
821,22.1449 ,-0.00045454 ,0.045987 
822,22.1718 ,-0.000449047 ,0.0455884 
823,22.1988 ,-0.000443621 ,0.0451935 
824,22.2258 ,-0.000438262 ,0.0448023 
825,22.2528 ,-0.000432967 ,0.0444148 
826,22.2797 ,-0.000427738 ,0.0440309 
827,22.3067 ,-0.000422572 ,0.0436507 
828,22.3337 ,-0.00041747 ,0.043274 
829,22.3606 ,-0.000412431 ,0.042901 
830,22.3876 ,-0.000407453 ,0.0425314 
831,22.4146 ,-0.000402537 ,0.0421654 
832,22.4416 ,-0.000397682 ,0.0418028 
833,22.4685 ,-0.000392887 ,0.0414437 
834,22.4955 ,-0.000388151 ,0.041088 
835,22.5225 ,-0.000383474 ,0.0407357 
836,22.5495 ,-0.000378855 ,0.0403868 
837,22.5764 ,-0.000374294 ,0.0400413 
838,22.6034 ,-0.00036979 ,0.0396991 
839,22.6304 ,-0.000365342 ,0.0393602 
840,22.6573 ,-0.000360949 ,0.0390245 
841,22.6843 ,-0.000356612 ,0.0386921 
842,22.7113 ,-0.00035233 ,0.038363 
843,22.7383 ,-0.000348101 ,0.038037 
844,22.7652 ,-0.000343926 ,0.0377142 
845,22.7922 ,-0.000339803 ,0.0373946 
846,22.8192 ,-0.000335733 ,0.0370781 
847,22.8462 ,-0.000331714 ,0.0367648 
848,22.8731 ,-0.000327747 ,0.0364545 
849,22.9001 ,-0.00032383 ,0.0361472 
850,22.9271 ,-0.000319963 ,0.035843 
851,22.9541 ,-0.000316145 ,0.0355419 
852,22.981 ,-0.000312376 ,0.0352437 
853,23.008 ,-0.000308656 ,0.0349485 
854,23.035 ,-0.000304984 ,0.0346562 
855,23.0619 ,-0.000301358 ,0.0343668 
856,23.0889 ,-0.00029778 ,0.0340804 
857,23.1159 ,-0.000294248 ,0.0337968 
858,23.1429 ,-0.000290762 ,0.0335161 
859,23.1698 ,-0.000287321 ,0.0332383 
860,23.1968 ,-0.000283924 ,0.0329632 
861,23.2238 ,-0.000280572 ,0.032691 
862,23.2508 ,-0.000277264 ,0.0324215 
863,23.2777 ,-0.000273999 ,0.0321548 
864,23.3047 ,-0.000270777 ,0.0318909 
865,23.3317 ,-0.000267598 ,0.0316296 
866,23.3586 ,-0.00026446 ,0.031371 
867,23.3856 ,-0.000261363 ,0.0311152 
868,23.4126 ,-0.000258308 ,0.0308619 
869,23.4396 ,-0.000255293 ,0.0306113 
870,23.4665 ,-0.000252319 ,0.0303634 
871,23.4935 ,-0.000249384 ,0.030118 
872,23.5205 ,-0.000246488 ,0.0298752 
873,23.5475 ,-0.000243631 ,0.029635 
874,23.5744 ,-0.000240812 ,0.0293973 
875,23.6014 ,-0.000238032 ,0.0291621 
876,23.6284 ,-0.000235288 ,0.0289295 
877,23.6553 ,-0.000232582 ,0.0286993 
878,23.6823 ,-0.000229913 ,0.0284716 
879,23.7093 ,-0.00022728 ,0.0282464 
880,23.7363 ,-0.000224683 ,0.0280235 
881,23.7632 ,-0.000222121 ,0.0278032 
882,23.7902 ,-0.000219594 ,0.0275852 
883,23.8172 ,-0.000217103 ,0.0273696 
884,23.8442 ,-0.000214645 ,0.0271563 
885,23.8711 ,-0.000212222 ,0.0269455 
886,23.8981 ,-0.000209832 ,0.0267369 
887,23.9251 ,-0.000207475 ,0.0265307 
888,23.9521 ,-0.000205151 ,0.0263268 
889,23.979 ,-0.00020286 ,0.0261252 
890,24.006 ,-0.000200601 ,0.0259258 
891,24.033 ,-0.000198374 ,0.0257287 
892,24.0599 ,-0.000196178 ,0.0255338 
893,24.0869 ,-0.000194013 ,0.0253412 
894,24.1139 ,-0.000191879 ,0.0251508 
895,24.1409 ,-0.000189776 ,0.0249626 
896,24.1678 ,-0.000187702 ,0.0247765 
897,24.1948 ,-0.000185659 ,0.0245927 
898,24.2218 ,-0.000183645 ,0.024411 
899,24.2488 ,-0.00018166 ,0.0242314 
900,24.2757 ,-0.000179704 ,0.024054 
901,24.3027 ,-0.000177777 ,0.0238786 
902,24.3297 ,-0.000175877 ,0.0237054 
903,24.3566 ,-0.000174006 ,0.0235343 
904,24.3836 ,-0.000172162 ,0.0233652 
905,24.4106 ,-0.000170346 ,0.0231982 
906,24.4376 ,-0.000168557 ,0.0230333 
907,24.4645 ,-0.000166794 ,0.0228703 
908,24.4915 ,-0.000165059 ,0.0227094 
909,24.5185 ,-0.000163349 ,0.0225506 
910,24.5455 ,-0.000161665 ,0.0223937 
911,24.5724 ,-0.000160007 ,0.0222388 
912,24.5994 ,-0.000158374 ,0.0220859 
913,24.6264 ,-0.000156766 ,0.0219349 
914,24.6533 ,-0.000155184 ,0.0217859 
915,24.6803 ,-0.000153625 ,0.0216388 
916,24.7073 ,-0.000152092 ,0.0214937 
917,24.7343 ,-0.000150582 ,0.0213505 
918,24.7612 ,-0.000149096 ,0.0212091 
919,24.7882 ,-0.000147634 ,0.0210697 
920,24.8152 ,-0.000146195 ,0.0209322 
921,24.8422 ,-0.00014478 ,0.0207965 
922,24.8691 ,-0.000143387 ,0.0206627 
923,24.8961 ,-0.000142017 ,0.0205308 
924,24.9231 ,-0.000140669 ,0.0204007 
925,24.9501 ,-0.000139344 ,0.0202724 
926,24.977 ,-0.00013804 ,0.020146 
927,25.004 ,-0.000136759 ,0.0200214 
928,25.031 ,-0.000135499 ,0.0198985 
929,25.0579 ,-0.00013426 ,0.0197775 
930,25.0849 ,-0.000133043 ,0.0196583 
931,25.1119 ,-0.000131846 ,0.0195408 
932,25.1389 ,-0.000130671 ,0.0194251 
933,25.1658 ,-0.000129515 ,0.0193112 
934,25.1928 ,-0.000128381 ,0.019199 
935,25.2198 ,-0.000127266 ,0.0190886 
936,25.2468 ,-0.000126171 ,0.0189799 
937,25.2737 ,-0.000125096 ,0.0188729 
938,25.3007 ,-0.000124041 ,0.0187677 
939,25.3277 ,-0.000123005 ,0.0186641 
940,25.3546 ,-0.000121989 ,0.0185623 
941,25.3816 ,-0.000120991 ,0.0184621 
942,25.4086 ,-0.000120013 ,0.0183636 
943,25.4356 ,-0.000119053 ,0.0182668 
944,25.4625 ,-0.000118112 ,0.0181717 
945,25.4895 ,-0.000117189 ,0.0180782 
946,25.5165 ,-0.000116284 ,0.0179864 
947,25.5435 ,-0.000115398 ,0.0178963 
948,25.5704 ,-0.000114529 ,0.0178078 
949,25.5974 ,-0.000113678 ,0.0177209 
950,25.6244 ,-0.000112845 ,0.0176356 
951,25.6514 ,-0.000112029 ,0.017552 
952,25.6783 ,-0.000111231 ,0.01747 
953,25.7053 ,-0.00011045 ,0.0173895 
954,25.7323 ,-0.000109685 ,0.0173107 
955,25.7592 ,-0.000108938 ,0.0172335 
956,25.7862 ,-0.000108208 ,0.0171579 
957,25.8132 ,-0.000107494 ,0.0170838 
958,25.8402 ,-0.000106796 ,0.0170113 
959,25.8671 ,-0.000106116 ,0.0169404 
960,25.8941 ,-0.000105451 ,0.0168711 
961,25.9211 ,-0.000104802 ,0.0168033 
962,25.9481 ,-0.00010417 ,0.016737 
963,25.975 ,-0.000103553 ,0.0166724 
964,26.002 ,-0.000102952 ,0.0166092 
965,26.029 ,-0.000102367 ,0.0165476 
966,26.0559 ,-0.000101798 ,0.0164875 
967,26.0829 ,-0.000101243 ,0.0164289 
968,26.1099 ,-0.000100705 ,0.0163719 
969,26.1369 ,-0.000100181 ,0.0163164 
970,26.1638 ,-9.96725e-05 ,0.0162623 
971,26.1908 ,-9.91791e-05 ,0.0162098 
972,26.2178 ,-9.87006e-05 ,0.0161588 
973,26.2448 ,-9.8237e-05 ,0.0161093 
974,26.2717 ,-9.77881e-05 ,0.0160612 
975,26.2987 ,-9.73539e-05 ,0.0160147 
976,26.3257 ,-9.69342e-05 ,0.0159696 
977,26.3526 ,-9.6529e-05 ,0.015926 
978,26.3796 ,-9.61383e-05 ,0.0158839 
979,26.4066 ,-9.57618e-05 ,0.0158432 
980,26.4336 ,-9.53996e-05 ,0.015804 
981,26.4605 ,-9.50516e-05 ,0.0157663 
982,26.4875 ,-9.47176e-05 ,0.01573 
983,26.5145 ,-9.43976e-05 ,0.0156951 
984,26.5415 ,-9.40916e-05 ,0.0156617 
985,26.5684 ,-9.37995e-05 ,0.0156298 
986,26.5954 ,-9.35211e-05 ,0.0155993 
987,26.6224 ,-9.32565e-05 ,0.0155702 
988,26.6494 ,-9.30055e-05 ,0.0155425 
989,26.6763 ,-9.27682e-05 ,0.0155163 
990,26.7033 ,-9.25444e-05 ,0.0154915 
991,26.7303 ,-9.23341e-05 ,0.0154681 
992,26.7572 ,-9.21373e-05 ,0.0154461 
993,26.7842 ,-9.19538e-05 ,0.0154255 
994,26.8112 ,-9.17837e-05 ,0.0154064 
995,26.8382 ,-9.16268e-05 ,0.0153886 
996,26.8651 ,-9.14832e-05 ,0.0153723 
997,26.8921 ,-9.13528e-05 ,0.0153573 
998,26.9191 ,-9.12355e-05 ,0.0153438 
999,26.9461 ,-9.11313e-05 ,0.0153316 
1000,26.973 ,-9.10401e-05 ,0.0153208 