N_e = 2
1,0.027 ,1.15843e-06 ,-8230.19 
2,0.053973 ,1.15901e-06 ,-2059.41 
3,0.080946 ,2.45306e-06 ,-915.453 
4,0.107919 ,4.32898e-06 ,-514.913 
5,0.134892 ,6.75244e-06 ,-329.483 
6,0.161865 ,9.71713e-06 ,-228.743 
7,0.188838 ,1.32209e-05 ,-167.994 
8,0.215811 ,1.72627e-05 ,-128.564 
9,0.242784 ,2.18416e-05 ,-101.529 
10,0.269757 ,2.69566e-05 ,-82.1902 
11,0.29673 ,3.26068e-05 ,-67.8813 
12,0.323703 ,3.87913e-05 ,-56.998 
13,0.350676 ,4.55089e-05 ,-48.528 
14,0.377649 ,5.27585e-05 ,-41.8072 
15,0.404622 ,6.05389e-05 ,-36.385 
16,0.431595 ,6.88487e-05 ,-31.9473 
17,0.458568 ,7.76864e-05 ,-28.2694 
18,0.485541 ,8.70506e-05 ,-25.1872 
19,0.512514 ,9.69396e-05 ,-22.5787 
20,0.539487 ,0.000107352 ,-20.3515 
21,0.56646 ,0.000118285 ,-18.4349 
22,0.593433 ,0.000129738 ,-16.7735 
23,0.620406 ,0.000141709 ,-15.3241 
24,0.647379 ,0.000154194 ,-14.052 
25,0.674352 ,0.000167193 ,-12.9295 
26,0.701325 ,0.000180703 ,-11.934 
27,0.728298 ,0.000194722 ,-11.0469 
28,0.755271 ,0.000209246 ,-10.2532 
29,0.782244 ,0.000224275 ,-9.54016 
30,0.809217 ,0.000239804 ,-8.89719 
31,0.83619 ,0.000255832 ,-8.3154 
32,0.863163 ,0.000272355 ,-7.78727 
33,0.890136 ,0.000289371 ,-7.3064 
34,0.917109 ,0.000306876 ,-6.8673 
35,0.944082 ,0.000324868 ,-6.46528 
36,0.971055 ,0.000343344 ,-6.09626 
37,0.998028 ,0.000362299 ,-5.75674 
38,1.025 ,0.000381731 ,-5.44364 
39,1.05197 ,0.000401637 ,-5.15429 
40,1.07895 ,0.000422013 ,-4.88635 
41,1.10592 ,0.000442854 ,-4.63775 
42,1.13289 ,0.000464158 ,-4.40667 
43,1.15987 ,0.000485921 ,-4.1915 
44,1.18684 ,0.000508139 ,-3.99082 
45,1.21381 ,0.000530807 ,-3.80334 
46,1.24079 ,0.000553923 ,-3.62793 
47,1.26776 ,0.000577481 ,-3.46358 
48,1.29473 ,0.000601477 ,-3.30937 
49,1.3217 ,0.000625908 ,-3.16448 
50,1.34868 ,0.000650768 ,-3.02819 
51,1.37565 ,0.000676053 ,-2.8998 
52,1.40262 ,0.00070176 ,-2.77874 
53,1.4296 ,0.000727882 ,-2.66443 
54,1.45657 ,0.000754415 ,-2.55641 
55,1.48354 ,0.000781355 ,-2.45419 
56,1.51051 ,0.000808696 ,-2.35739 
57,1.53749 ,0.000836433 ,-2.26562 
58,1.56446 ,0.000864563 ,-2.17854 
59,1.59143 ,0.000893078 ,-2.09582 
60,1.61841 ,0.000921974 ,-2.01719 
61,1.64538 ,0.000951246 ,-1.94237 
62,1.67235 ,0.000980888 ,-1.87113 
63,1.69933 ,0.0010109 ,-1.80323 
64,1.7263 ,0.00104126 ,-1.73848 
65,1.75327 ,0.00107198 ,-1.67667 
66,1.78024 ,0.00110305 ,-1.61764 
67,1.80722 ,0.00113446 ,-1.5612 
68,1.83419 ,0.00116621 ,-1.50723 
69,1.86116 ,0.00119828 ,-1.45557 
70,1.88814 ,0.00123068 ,-1.40609 
71,1.91511 ,0.0012634 ,-1.35866 
72,1.94208 ,0.00129643 ,-1.31319 
73,1.96906 ,0.00132977 ,-1.26955 
74,1.99603 ,0.0013634 ,-1.22766 
75,2.023 ,0.00139733 ,-1.18741 
76,2.04998 ,0.00143155 ,-1.14873 
77,2.07695 ,0.00146604 ,-1.11153 
78,2.10392 ,0.00150081 ,-1.07574 
79,2.13089 ,0.00153585 ,-1.04127 
80,2.15787 ,0.00157114 ,-1.00809 
81,2.18484 ,0.00160669 ,-0.976098 
82,2.21181 ,0.00164248 ,-0.945269 
83,2.23879 ,0.00167852 ,-0.915523 
84,2.26576 ,0.00171479 ,-0.886829 
85,2.29273 ,0.00175128 ,-0.859118 
86,2.31971 ,0.00178799 ,-0.832364 
87,2.34668 ,0.00182491 ,-0.806503 
88,2.37365 ,0.00186204 ,-0.781515 
89,2.40062 ,0.00189936 ,-0.757341 
90,2.4276 ,0.00193687 ,-0.733966 
91,2.45457 ,0.00197457 ,-0.711334 
92,2.48154 ,0.00201244 ,-0.689433 
93,2.50852 ,0.00205047 ,-0.668211 
94,2.53549 ,0.00208867 ,-0.647661 
95,2.56246 ,0.00212701 ,-0.627732 
96,2.58944 ,0.00216551 ,-0.608422 
97,2.61641 ,0.00220413 ,-0.589683 
98,2.64338 ,0.00224289 ,-0.571513 
99,2.67035 ,0.00228177 ,-0.553868 
100,2.69733 ,0.00232076 ,-0.536748 
101,2.7243 ,0.00235986 ,-0.520111 
102,2.75127 ,0.00239905 ,-0.503961 
103,2.77825 ,0.00243834 ,-0.488256 
104,2.80522 ,0.0024777 ,-0.473001 
105,2.83219 ,0.00251714 ,-0.458157 
106,2.85917 ,0.00255665 ,-0.443731 
107,2.88614 ,0.00259621 ,-0.429685 
108,2.91311 ,0.00263582 ,-0.416028 
109,2.94008 ,0.00267547 ,-0.402722 
110,2.96706 ,0.00271516 ,-0.389778 
111,2.99403 ,0.00275487 ,-0.377159 
112,3.021 ,0.0027946 ,-0.364878 
113,3.04798 ,0.00283434 ,-0.352899 
114,3.07495 ,0.00287407 ,-0.341235 
115,3.10192 ,0.0029138 ,-0.329851 
116,3.12889 ,0.00295351 ,-0.318761 
117,3.15587 ,0.0029932 ,-0.307932 
118,3.18284 ,0.00303285 ,-0.297379 
119,3.20981 ,0.00307246 ,-0.287068 
120,3.23679 ,0.00311202 ,-0.277017 
121,3.26376 ,0.00315153 ,-0.26719 
122,3.29073 ,0.00319096 ,-0.257607 
123,3.31771 ,0.00323032 ,-0.248233 
124,3.34468 ,0.0032696 ,-0.239088 
125,3.37165 ,0.00330879 ,-0.230138 
126,3.39863 ,0.00334787 ,-0.221405 
127,3.4256 ,0.00338685 ,-0.212853 
128,3.45257 ,0.00342571 ,-0.204505 
129,3.47954 ,0.00346444 ,-0.196326 
130,3.50652 ,0.00350304 ,-0.18834 
131,3.53349 ,0.00354149 ,-0.180512 
132,3.56046 ,0.0035798 ,-0.172866 
133,3.58744 ,0.00361794 ,-0.165368 
134,3.61441 ,0.00365592 ,-0.158042 
135,3.64138 ,0.00369372 ,-0.150855 
136,3.66836 ,0.00373133 ,-0.14383 
137,3.69533 ,0.00376875 ,-0.136935 
138,3.7223 ,0.00380597 ,-0.130194 
139,3.74927 ,0.00384298 ,-0.123575 
140,3.77625 ,0.00387977 ,-0.117102 
141,3.80322 ,0.00391634 ,-0.110743 
142,3.83019 ,0.00395267 ,-0.104523 
143,3.85717 ,0.00398875 ,-0.0984092 
144,3.88414 ,0.00402459 ,-0.0924282 
145,3.91111 ,0.00406016 ,-0.0865469 
146,3.93809 ,0.00409547 ,-0.0807918 
147,3.96506 ,0.0041305 ,-0.0751303 
148,3.99203 ,0.00416525 ,-0.0695891 
149,4.019 ,0.0041997 ,-0.0641355 
150,4.04598 ,0.00423385 ,-0.0587968 
151,4.07295 ,0.0042677 ,-0.0535403 
152,4.09992 ,0.00430122 ,-0.0483936 
153,4.1269 ,0.00433443 ,-0.043324 
154,4.15387 ,0.0043673 ,-0.0383594 
155,4.18084 ,0.00439983 ,-0.0334671 
156,4.20782 ,0.00443201 ,-0.0286754 
157,4.23479 ,0.00446384 ,-0.0239515 
158,4.26176 ,0.0044953 ,-0.0193241 
159,4.28873 ,0.00452639 ,-0.0147603 
160,4.31571 ,0.00455711 ,-0.0102891 
161,4.34268 ,0.00458743 ,-0.00587746 
162,4.36965 ,0.00461737 ,-0.0015549 
163,4.39663 ,0.0046469 ,0.0027118 
164,4.4236 ,0.00467602 ,0.00689282 
165,4.45057 ,0.00470472 ,0.0110215 
166,4.47755 ,0.00473301 ,0.0150676 
167,4.50452 ,0.00476086 ,0.0190646 
168,4.53149 ,0.00478827 ,0.0229821 
169,4.55846 ,0.00481524 ,0.0268534 
170,4.58544 ,0.00484176 ,0.0306481 
171,4.61241 ,0.00486782 ,0.0343995 
172,4.63938 ,0.00489341 ,0.0380768 
173,4.66636 ,0.00491853 ,0.0417136 
174,4.69333 ,0.00494317 ,0.0452787 
175,4.7203 ,0.00496733 ,0.0488058 
176,4.74728 ,0.00499099 ,0.0522636 
177,4.77425 ,0.00501415 ,0.0556857 
178,4.80122 ,0.00503681 ,0.0590406 
179,4.82819 ,0.00505896 ,0.062362 
180,4.85517 ,0.00508059 ,0.0656184 
181,4.88214 ,0.0051017 ,0.0688433 
182,4.90911 ,0.00512228 ,0.072005 
183,4.93609 ,0.00514232 ,0.0751373 
184,4.96306 ,0.00516182 ,0.0782081 
185,4.99003 ,0.00518077 ,0.0812513 
186,5.01701 ,0.00519917 ,0.0842347 
187,5.04398 ,0.00521702 ,0.0871922 
188,5.07095 ,0.0052343 ,0.0900916 
189,5.09792 ,0.00525101 ,0.0929666 
190,5.1249 ,0.00526714 ,0.0957849 
191,5.15187 ,0.0052827 ,0.0985805 
192,5.17884 ,0.00529767 ,0.101321 
193,5.20582 ,0.00531206 ,0.104039 
194,5.23279 ,0.00532585 ,0.106704 
195,5.25976 ,0.00533904 ,0.109349 
196,5.28674 ,0.00535163 ,0.111941 
197,5.31371 ,0.00536361 ,0.114513 
198,5.34068 ,0.00537499 ,0.117035 
199,5.36765 ,0.00538574 ,0.119538 
200,5.39463 ,0.00539588 ,0.121991 
201,5.4216 ,0.00540539 ,0.124427 
202,5.44857 ,0.00541428 ,0.126814 
203,5.47555 ,0.00542253 ,0.129184 
204,5.50252 ,0.00543015 ,0.131506 
205,5.52949 ,0.00543713 ,0.133814 
206,5.55647 ,0.00544347 ,0.136073 
207,5.58344 ,0.00544917 ,0.138318 
208,5.61041 ,0.00545422 ,0.140517 
209,5.63738 ,0.00545862 ,0.142702 
210,5.66436 ,0.00546237 ,0.144841 
211,5.69133 ,0.00546546 ,0.146967 
212,5.7183 ,0.0054679 ,0.149048 
213,5.74528 ,0.00546968 ,0.151117 
214,5.77225 ,0.00547079 ,0.153141 
215,5.79922 ,0.00547124 ,0.155154 
216,5.8262 ,0.00547102 ,0.157122 
217,5.85317 ,0.00547014 ,0.15908 
218,5.88014 ,0.00546859 ,0.160994 
219,5.90711 ,0.00546637 ,0.162897 
220,5.93409 ,0.00546348 ,0.164758 
221,5.96106 ,0.00545991 ,0.166608 
222,5.98803 ,0.00545567 ,0.168416 
223,6.01501 ,0.00545076 ,0.170214 
224,6.04198 ,0.00544517 ,0.171971 
225,6.06895 ,0.00543891 ,0.173717 
226,6.09593 ,0.00543197 ,0.175423 
227,6.1229 ,0.00542436 ,0.177119 
228,6.14987 ,0.00541607 ,0.178774 
229,6.17684 ,0.0054071 ,0.180419 
230,6.20382 ,0.00539746 ,0.182025 
231,6.23079 ,0.00538715 ,0.183621 
232,6.25776 ,0.00537616 ,0.185177 
233,6.28474 ,0.0053645 ,0.186724 
234,6.31171 ,0.00535217 ,0.188231 
235,6.33868 ,0.00533917 ,0.18973 
236,6.36566 ,0.0053255 ,0.191189 
237,6.39263 ,0.00531116 ,0.192639 
238,6.4196 ,0.00529615 ,0.19405 
239,6.44657 ,0.00528048 ,0.195452 
240,6.47355 ,0.00526415 ,0.196815 
241,6.50052 ,0.00524716 ,0.19817 
242,6.52749 ,0.00522951 ,0.199486 
243,6.55447 ,0.0052112 ,0.200793 
244,6.58144 ,0.00519225 ,0.202061 
245,6.60841 ,0.00517264 ,0.203321 
246,6.63539 ,0.00515238 ,0.204542 
247,6.66236 ,0.00513149 ,0.205754 
248,6.68933 ,0.00510995 ,0.206928 
249,6.7163 ,0.00508777 ,0.208094 
250,6.74328 ,0.00506496 ,0.209221 
251,6.77025 ,0.00504153 ,0.210339 
252,6.79722 ,0.00501746 ,0.211419 
253,6.8242 ,0.00499278 ,0.21249 
254,6.85117 ,0.00496748 ,0.213523 
255,6.87814 ,0.00494156 ,0.214546 
256,6.90512 ,0.00491504 ,0.215532 
257,6.93209 ,0.00488791 ,0.216509 
258,6.95906 ,0.00486019 ,0.217447 
259,6.98603 ,0.00483187 ,0.218376 
260,7.01301 ,0.00480296 ,0.219268 
261,7.03998 ,0.00477347 ,0.220149 
262,7.06695 ,0.00474341 ,0.220993 
263,7.09393 ,0.00471277 ,0.221827 
264,7.1209 ,0.00468157 ,0.222624 
265,7.14787 ,0.0046498 ,0.22341 
266,7.17485 ,0.00461749 ,0.224158 
267,7.20182 ,0.00458462 ,0.224896 
268,7.22879 ,0.00455121 ,0.225597 
269,7.25576 ,0.00451727 ,0.226286 
270,7.28274 ,0.0044828 ,0.226939 
271,7.30971 ,0.00444781 ,0.22758 
272,7.33668 ,0.00441231 ,0.228184 
273,7.36366 ,0.0043763 ,0.228777 
274,7.39063 ,0.00433978 ,0.229332 
275,7.4176 ,0.00430278 ,0.229876 
276,7.44458 ,0.00426529 ,0.230382 
277,7.47155 ,0.00422732 ,0.230876 
278,7.49852 ,0.00418888 ,0.231334 
279,7.52549 ,0.00414998 ,0.231778 
280,7.55247 ,0.00411062 ,0.232186 
281,7.57944 ,0.00407081 ,0.232581 
282,7.60641 ,0.00403057 ,0.232939 
283,7.63339 ,0.0039899 ,0.233284 
284,7.66036 ,0.0039488 ,0.233592 
285,7.68733 ,0.00390729 ,0.233887 
286,7.71431 ,0.00386537 ,0.234145 
287,7.74128 ,0.00382306 ,0.234389 
288,7.76825 ,0.00378036 ,0.234596 
289,7.79522 ,0.00373728 ,0.234789 
290,7.8222 ,0.00369382 ,0.234946 
291,7.84917 ,0.00365001 ,0.235088 
292,7.87614 ,0.00360584 ,0.235194 
293,7.90312 ,0.00356133 ,0.235284 
294,7.93009 ,0.00351648 ,0.235338 
295,7.95706 ,0.00347131 ,0.235377 
296,7.98404 ,0.00342582 ,0.23538 
297,8.01101 ,0.00338002 ,0.235367 
298,8.03798 ,0.00333392 ,0.235318 
299,8.06495 ,0.00328754 ,0.235253 
300,8.09193 ,0.00324087 ,0.235152 
301,8.1189 ,0.00319394 ,0.235034 
302,8.14587 ,0.00314674 ,0.234881 
303,8.17285 ,0.00309929 ,0.23471 
304,8.19982 ,0.0030516 ,0.234505 
305,8.22679 ,0.00300368 ,0.234282 
306,8.25376 ,0.00295554 ,0.234023 
307,8.28074 ,0.00290718 ,0.233747 
308,8.30771 ,0.00285862 ,0.233436 
309,8.33468 ,0.00280986 ,0.233107 
310,8.36166 ,0.00276092 ,0.232742 
311,8.38863 ,0.00271181 ,0.23236 
312,8.4156 ,0.00266253 ,0.231943 
313,8.44258 ,0.00261309 ,0.231507 
314,8.46955 ,0.00256351 ,0.231036 
315,8.49652 ,0.00251379 ,0.230547 
316,8.52349 ,0.00246395 ,0.230023 
317,8.55047 ,0.00241398 ,0.22948 
318,8.57744 ,0.00236391 ,0.228902 
319,8.60441 ,0.00231374 ,0.228306 
320,8.63139 ,0.00226348 ,0.227675 
321,8.65836 ,0.00221314 ,0.227024 
322,8.68533 ,0.00216273 ,0.22634 
323,8.71231 ,0.00211226 ,0.225635 
324,8.73928 ,0.00206174 ,0.224897 
325,8.76625 ,0.00201117 ,0.224139 
326,8.79322 ,0.00196057 ,0.223347 
327,8.8202 ,0.00190994 ,0.222536 
328,8.84717 ,0.0018593 ,0.22169 
329,8.87414 ,0.00180865 ,0.220825 
330,8.90112 ,0.00175801 ,0.219926 
331,8.92809 ,0.00170737 ,0.219007 
332,8.95506 ,0.00165675 ,0.218054 
333,8.98204 ,0.00160616 ,0.217081 
334,9.00901 ,0.00155561 ,0.216076 
335,9.03598 ,0.0015051 ,0.21505 
336,9.06295 ,0.00145465 ,0.213991 
337,9.08993 ,0.00140425 ,0.212911 
338,9.1169 ,0.00135393 ,0.211799 
339,9.14387 ,0.00130368 ,0.210666 
340,9.17085 ,0.00125352 ,0.209501 
341,9.19782 ,0.00120345 ,0.208315 
342,9.22479 ,0.00115348 ,0.207098 
343,9.25177 ,0.00110362 ,0.205859 
344,9.27874 ,0.00105387 ,0.204589 
345,9.30571 ,0.00100425 ,0.203297 
346,9.33268 ,0.000954759 ,0.201975 
347,9.35966 ,0.000905404 ,0.200631 
348,9.38663 ,0.000856194 ,0.199257 
349,9.4136 ,0.000807134 ,0.197861 
350,9.44058 ,0.000758232 ,0.196435 
351,9.46755 ,0.000709494 ,0.194987 
352,9.49452 ,0.000660927 ,0.19351 
353,9.5215 ,0.000612536 ,0.192011 
354,9.54847 ,0.000564328 ,0.190482 
355,9.57544 ,0.000516309 ,0.188932 
356,9.60241 ,0.000468484 ,0.187353 
357,9.62939 ,0.00042086 ,0.185752 
358,9.65636 ,0.000373441 ,0.184122 
359,9.68333 ,0.000326233 ,0.182471 
360,9.71031 ,0.000279242 ,0.180791 
361,9.73728 ,0.000232472 ,0.179098 
362,9.76425 ,0.000185928 ,0.177412 
363,9.79123 ,0.000139615 ,0.175742 
364,9.8182 ,9.35378e-05 ,0.174082 
365,9.84517 ,4.77003e-05 ,0.172438 
366,9.87214 ,2.10676e-06 ,0.170803 
367,9.89912 ,-4.32386e-05 ,0.169185 
368,9.92609 ,-8.83318e-05 ,0.167575 
369,9.95306 ,-0.000133169 ,0.165982 
370,9.98004 ,-0.000177747 ,0.164397 
371,10.007 ,-0.000222062 ,0.162828 
372,10.034 ,-0.00026611 ,0.161268 
373,10.061 ,-0.000309889 ,0.159723 
374,10.0879 ,-0.000353395 ,0.158187 
375,10.1149 ,-0.000396625 ,0.156666 
376,10.1419 ,-0.000439577 ,0.155153 
377,10.1688 ,-0.000482248 ,0.153655 
378,10.1958 ,-0.000524636 ,0.152166 
379,10.2228 ,-0.000566737 ,0.150691 
380,10.2498 ,-0.00060855 ,0.149225 
381,10.2767 ,-0.000650072 ,0.147773 
382,10.3037 ,-0.000691302 ,0.14633 
383,10.3307 ,-0.000732237 ,0.1449 
384,10.3577 ,-0.000772875 ,0.143479 
385,10.3846 ,-0.000813215 ,0.142071 
386,10.4116 ,-0.000853256 ,0.140672 
387,10.4386 ,-0.000892995 ,0.139286 
388,10.4656 ,-0.000932432 ,0.137908 
389,10.4925 ,-0.000971564 ,0.136544 
390,10.5195 ,-0.00101039 ,0.135188 
391,10.5465 ,-0.00104891 ,0.133844 
392,10.5734 ,-0.00108713 ,0.132509 
393,10.6004 ,-0.00112503 ,0.131186 
394,10.6274 ,-0.00116263 ,0.129872 
395,10.6544 ,-0.00119991 ,0.128569 
396,10.6813 ,-0.00123689 ,0.127275 
397,10.7083 ,-0.00127355 ,0.125993 
398,10.7353 ,-0.00130991 ,0.12472 
399,10.7623 ,-0.00134595 ,0.123458 
400,10.7892 ,-0.00138168 ,0.122204 
401,10.8162 ,-0.00141709 ,0.120961 
402,10.8432 ,-0.00145219 ,0.119727 
403,10.8701 ,-0.00148698 ,0.118504 
404,10.8971 ,-0.00152146 ,0.117289 
405,10.9241 ,-0.00155563 ,0.116085 
406,10.9511 ,-0.00158948 ,0.114889 
407,10.978 ,-0.00162302 ,0.113704 
408,11.005 ,-0.00165625 ,0.112526 
409,11.032 ,-0.00168916 ,0.11136 
410,11.059 ,-0.00172177 ,0.110201 
411,11.0859 ,-0.00175406 ,0.109053 
412,11.1129 ,-0.00178604 ,0.107913 
413,11.1399 ,-0.00181771 ,0.106783 
414,11.1668 ,-0.00184908 ,0.105661 
415,11.1938 ,-0.00188013 ,0.104549 
416,11.2208 ,-0.00191088 ,0.103444 
417,11.2478 ,-0.00194132 ,0.10235 
418,11.2747 ,-0.00197145 ,0.101263 
419,11.3017 ,-0.00200127 ,0.100186 
420,11.3287 ,-0.0020308 ,0.0991168 
421,11.3557 ,-0.00206001 ,0.098057 
422,11.3826 ,-0.00208893 ,0.0970048 
423,11.4096 ,-0.00211754 ,0.095962 
424,11.4366 ,-0.00214586 ,0.0949267 
425,11.4636 ,-0.00217387 ,0.0939008 
426,11.4905 ,-0.00220159 ,0.0928821 
427,11.5175 ,-0.00222901 ,0.0918728 
428,11.5445 ,-0.00225613 ,0.0908707 
429,11.5714 ,-0.00228296 ,0.0898777 
430,11.5984 ,-0.00230949 ,0.0888918 
431,11.6254 ,-0.00233573 ,0.087915 
432,11.6524 ,-0.00236169 ,0.0869453 
433,11.6793 ,-0.00238735 ,0.0859844 
434,11.7063 ,-0.00241272 ,0.0850306 
435,11.7333 ,-0.00243781 ,0.0840854 
436,11.7603 ,-0.00246262 ,0.0831473 
437,11.7872 ,-0.00248714 ,0.0822177 
438,11.8142 ,-0.00251138 ,0.0812951 
439,11.8412 ,-0.00253534 ,0.0803808 
440,11.8681 ,-0.00255902 ,0.0794735 
441,11.8951 ,-0.00258242 ,0.0785745 
442,11.9221 ,-0.00260555 ,0.0776822 
443,11.9491 ,-0.00262841 ,0.0767982 
444,11.976 ,-0.00265099 ,0.0759209 
445,12.003 ,-0.0026733 ,0.0750516 
446,12.03 ,-0.00269535 ,0.074189 
447,12.057 ,-0.00271712 ,0.0733344 
448,12.0839 ,-0.00273864 ,0.0724864 
449,12.1109 ,-0.00275989 ,0.0716461 
450,12.1379 ,-0.00278087 ,0.0708125 
451,12.1648 ,-0.0028016 ,0.0699865 
452,12.1918 ,-0.00282207 ,0.069167 
453,12.2188 ,-0.00284228 ,0.0683551 
454,12.2458 ,-0.00286224 ,0.0675497 
455,12.2727 ,-0.00288195 ,0.0667516 
456,12.2997 ,-0.0029014 ,0.06596 
457,12.3267 ,-0.00292061 ,0.0651757 
458,12.3537 ,-0.00293957 ,0.0643977 
459,12.3806 ,-0.00295828 ,0.0636269 
460,12.4076 ,-0.00297675 ,0.0628624 
461,12.4346 ,-0.00299498 ,0.062105 
462,12.4616 ,-0.00301297 ,0.0613538 
463,12.4885 ,-0.00303072 ,0.0606096 
464,12.5155 ,-0.00304824 ,0.0598715 
465,12.5425 ,-0.00306552 ,0.0591404 
466,12.5694 ,-0.00308257 ,0.0584153 
467,12.5964 ,-0.00309939 ,0.0576969 
468,12.6234 ,-0.00311599 ,0.0569846 
469,12.6504 ,-0.00313235 ,0.056279 
470,12.6773 ,-0.00314849 ,0.0555793 
471,12.7043 ,-0.00316441 ,0.0548862 
472,12.7313 ,-0.00318011 ,0.0541989 
473,12.7583 ,-0.00319559 ,0.0535182 
474,12.7852 ,-0.00321085 ,0.0528432 
475,12.8122 ,-0.0032259 ,0.0521747 
476,12.8392 ,-0.00324073 ,0.0515119 
477,12.8661 ,-0.00325535 ,0.0508553 
478,12.8931 ,-0.00326977 ,0.0502045 
479,12.9201 ,-0.00328398 ,0.0495598 
480,12.9471 ,-0.00329798 ,0.0489208 
481,12.974 ,-0.00331177 ,0.0482878 
482,13.001 ,-0.00332537 ,0.0476604 
483,13.028 ,-0.00333877 ,0.047039 
484,13.055 ,-0.00335196 ,0.046423 
485,13.0819 ,-0.00336497 ,0.045813 
486,13.1089 ,-0.00337777 ,0.0452084 
487,13.1359 ,-0.00339039 ,0.0446096 
488,13.1629 ,-0.00340281 ,0.0440162 
489,13.1898 ,-0.00341505 ,0.0434285 
490,13.2168 ,-0.0034271 ,0.042846 
491,13.2438 ,-0.00343896 ,0.0422693 
492,13.2707 ,-0.00345064 ,0.0416977 
493,13.2977 ,-0.00346214 ,0.0411316 
494,13.3247 ,-0.00347346 ,0.0405708 
495,13.3517 ,-0.0034846 ,0.0400153 
496,13.3786 ,-0.00349557 ,0.039465 
497,13.4056 ,-0.00350636 ,0.03892 
498,13.4326 ,-0.00351698 ,0.0383801 
499,13.4596 ,-0.00352743 ,0.0378454 
500,13.4865 ,-0.00353771 ,0.0373157 
501,13.5135 ,-0.00354782 ,0.0367912 
502,13.5405 ,-0.00355777 ,0.0362716 
503,13.5674 ,-0.00356755 ,0.0357571 
504,13.5944 ,-0.00357717 ,0.0352474 
505,13.6214 ,-0.00358664 ,0.0347428 
506,13.6484 ,-0.00359594 ,0.0342429 
507,13.6753 ,-0.00360508 ,0.033748 
508,13.7023 ,-0.00361407 ,0.0332578 
509,13.7293 ,-0.00362291 ,0.0327724 
510,13.7563 ,-0.0036316 ,0.0322917 
511,13.7832 ,-0.00364013 ,0.0318158 
512,13.8102 ,-0.00364852 ,0.0313444 
513,13.8372 ,-0.00365676 ,0.0308777 
514,13.8641 ,-0.00366485 ,0.0304156 
515,13.8911 ,-0.0036728 ,0.029958 
516,13.9181 ,-0.00368061 ,0.0295049 
517,13.9451 ,-0.00368827 ,0.0290564 
518,13.972 ,-0.0036958 ,0.0286122 
519,13.999 ,-0.00370319 ,0.0281726 
520,14.026 ,-0.00371045 ,0.0277372 
521,14.053 ,-0.00371757 ,0.0273062 
522,14.0799 ,-0.00372456 ,0.0268795 
523,14.1069 ,-0.00373141 ,0.0264571 
524,14.1339 ,-0.00373814 ,0.0260389 
525,14.1609 ,-0.00374474 ,0.0256249 
526,14.1878 ,-0.00375121 ,0.0252151 
527,14.2148 ,-0.00375755 ,0.0248094 
528,14.2418 ,-0.00376378 ,0.0244078 
529,14.2687 ,-0.00376988 ,0.0240104 
530,14.2957 ,-0.00377585 ,0.0236168 
531,14.3227 ,-0.00378171 ,0.0232274 
532,14.3497 ,-0.00378745 ,0.0228419 
533,14.3766 ,-0.00379308 ,0.0224604 
534,14.4036 ,-0.00379859 ,0.0220827 
535,14.4306 ,-0.00380398 ,0.0217089 
536,14.4576 ,-0.00380926 ,0.0213389 
537,14.4845 ,-0.00381443 ,0.0209728 
538,14.5115 ,-0.00381949 ,0.0206104 
539,14.5385 ,-0.00382445 ,0.0202518 
540,14.5654 ,-0.00382929 ,0.0198969 
541,14.5924 ,-0.00383403 ,0.0195457 
542,14.6194 ,-0.00383866 ,0.0191981 
543,14.6464 ,-0.00384319 ,0.0188541 
544,14.6733 ,-0.00384762 ,0.0185137 
545,14.7003 ,-0.00385195 ,0.0181769 
546,14.7273 ,-0.00385617 ,0.0178436 
547,14.7543 ,-0.0038603 ,0.0175138 
548,14.7812 ,-0.00386434 ,0.0171875 
549,14.8082 ,-0.00386827 ,0.0168646 
550,14.8352 ,-0.00387211 ,0.0165451 
551,14.8621 ,-0.00387586 ,0.016229 
552,14.8891 ,-0.00387951 ,0.0159162 
553,14.9161 ,-0.00388308 ,0.0156067 
554,14.9431 ,-0.00388655 ,0.0153006 
555,14.97 ,-0.00388994 ,0.0149977 
556,14.997 ,-0.00389323 ,0.014698 
557,15.024 ,-0.00389644 ,0.0144015 
558,15.051 ,-0.00389957 ,0.0141081 
559,15.0779 ,-0.00390261 ,0.013818 
560,15.1049 ,-0.00390556 ,0.0135309 
561,15.1319 ,-0.00390844 ,0.013247 
562,15.1589 ,-0.00391123 ,0.012966 
563,15.1858 ,-0.00391394 ,0.0126882 
564,15.2128 ,-0.00391657 ,0.0124133 
565,15.2398 ,-0.00391913 ,0.0121414 
566,15.2667 ,-0.00392161 ,0.0118724 
567,15.2937 ,-0.00392401 ,0.0116064 
568,15.3207 ,-0.00392633 ,0.0113433 
569,15.3477 ,-0.00392859 ,0.011083 
570,15.3746 ,-0.00393076 ,0.0108256 
571,15.4016 ,-0.00393287 ,0.010571 
572,15.4286 ,-0.00393491 ,0.0103192 
573,15.4556 ,-0.00393687 ,0.0100702 
574,15.4825 ,-0.00393877 ,0.00982383 
575,15.5095 ,-0.0039406 ,0.00958025 
576,15.5365 ,-0.00394236 ,0.00933934 
577,15.5634 ,-0.00394405 ,0.00910111 
578,15.5904 ,-0.00394568 ,0.0088655 
579,15.6174 ,-0.00394724 ,0.00863252 
580,15.6444 ,-0.00394874 ,0.00840211 
581,15.6713 ,-0.00395017 ,0.00817429 
582,15.6983 ,-0.00395155 ,0.00794899 
583,15.7253 ,-0.00395286 ,0.00772622 
584,15.7523 ,-0.00395411 ,0.00750593 
585,15.7792 ,-0.0039553 ,0.00728812 
586,15.8062 ,-0.00395644 ,0.00707275 
587,15.8332 ,-0.00395751 ,0.00685981 
588,15.8602 ,-0.00395853 ,0.00664925 
589,15.8871 ,-0.00395949 ,0.00644109 
590,15.9141 ,-0.0039604 ,0.00623526 
591,15.9411 ,-0.00396125 ,0.00603178 
592,15.968 ,-0.00396204 ,0.00583059 
593,15.995 ,-0.00396278 ,0.0056317 
594,16.022 ,-0.00396348 ,0.00543506 
595,16.049 ,-0.00396411 ,0.00524068 
596,16.0759 ,-0.0039647 ,0.0050485 
597,16.1029 ,-0.00396524 ,0.00485854 
598,16.1299 ,-0.00396572 ,0.00467074 
599,16.1569 ,-0.00396616 ,0.0044851 
600,16.1838 ,-0.00396655 ,0.00430159 
601,16.2108 ,-0.00396689 ,0.00412021 
602,16.2378 ,-0.00396719 ,0.0039409 
603,16.2647 ,-0.00396744 ,0.00376368 
604,16.2917 ,-0.00396764 ,0.0035885 
605,16.3187 ,-0.0039678 ,0.00341536 
606,16.3457 ,-0.00396791 ,0.00324422 
607,16.3726 ,-0.00396798 ,0.00307509 
608,16.3996 ,-0.00396801 ,0.00290792 
609,16.4266 ,-0.00396799 ,0.0027427 
610,16.4536 ,-0.00396794 ,0.00257941 
611,16.4805 ,-0.00396784 ,0.00241805 
612,16.5075 ,-0.0039677 ,0.00225857 
613,16.5345 ,-0.00396752 ,0.00210097 
614,16.5614 ,-0.0039673 ,0.00194522 
615,16.5884 ,-0.00396704 ,0.00179132 
616,16.6154 ,-0.00396674 ,0.00163923 
617,16.6424 ,-0.00396641 ,0.00148895 
618,16.6693 ,-0.00396604 ,0.00134044 
619,16.6963 ,-0.00396563 ,0.00119371 
620,16.7233 ,-0.00396519 ,0.00104871 
621,16.7503 ,-0.00396471 ,0.000905457 
622,16.7772 ,-0.00396419 ,0.000763906 
623,16.8042 ,-0.00396365 ,0.000624055 
624,16.8312 ,-0.00396306 ,0.000485876 
625,16.8582 ,-0.00396245 ,0.000349364 
626,16.8851 ,-0.0039618 ,0.000214489 
627,16.9121 ,-0.00396111 ,8.12467e-05 
628,16.9391 ,-0.0039604 ,-5.03911e-05 
629,16.966 ,-0.00395966 ,-0.00018043 
630,16.993 ,-0.00395888 ,-0.000308896 
631,17.02 ,-0.00395807 ,-0.000435796 
632,17.047 ,-0.00395724 ,-0.000561156 
633,17.0739 ,-0.00395637 ,-0.000684982 
634,17.1009 ,-0.00395547 ,-0.000807298 
635,17.1279 ,-0.00395455 ,-0.000928113 
636,17.1549 ,-0.00395359 ,-0.00104745 
637,17.1818 ,-0.00395261 ,-0.00116531 
638,17.2088 ,-0.00395161 ,-0.00128173 
639,17.2358 ,-0.00395057 ,-0.0013967 
640,17.2627 ,-0.00394951 ,-0.00151026 
641,17.2897 ,-0.00394842 ,-0.00162241 
642,17.3167 ,-0.00394731 ,-0.00173316 
643,17.3437 ,-0.00394617 ,-0.00184254 
644,17.3706 ,-0.003945 ,-0.00195055 
645,17.3976 ,-0.00394381 ,-0.00205721 
646,17.4246 ,-0.0039426 ,-0.00216254 
647,17.4516 ,-0.00394136 ,-0.00226655 
648,17.4785 ,-0.0039401 ,-0.00236925 
649,17.5055 ,-0.00393882 ,-0.00247065 
650,17.5325 ,-0.00393751 ,-0.00257077 
651,17.5595 ,-0.00393618 ,-0.00266962 
652,17.5864 ,-0.00393483 ,-0.00276723 
653,17.6134 ,-0.00393346 ,-0.00286359 
654,17.6404 ,-0.00393207 ,-0.00295872 
655,17.6673 ,-0.00393065 ,-0.00305263 
656,17.6943 ,-0.00392922 ,-0.00314535 
657,17.7213 ,-0.00392776 ,-0.00323688 
658,17.7483 ,-0.00392629 ,-0.00332723 
659,17.7752 ,-0.00392479 ,-0.00341641 
660,17.8022 ,-0.00392328 ,-0.00350444 
661,17.8292 ,-0.00392174 ,-0.00359133 
662,17.8562 ,-0.00392019 ,-0.0036771 
663,17.8831 ,-0.00391862 ,-0.00376175 
664,17.9101 ,-0.00391703 ,-0.00384529 
665,17.9371 ,-0.00391542 ,-0.00392774 
666,17.964 ,-0.0039138 ,-0.00400912 
667,17.991 ,-0.00391216 ,-0.00408942 
668,18.018 ,-0.0039105 ,-0.00416866 
669,18.045 ,-0.00390883 ,-0.00424686 
670,18.0719 ,-0.00390713 ,-0.00432402 
671,18.0989 ,-0.00390543 ,-0.00440016 
672,18.1259 ,-0.0039037 ,-0.00447528 
673,18.1529 ,-0.00390196 ,-0.0045494 
674,18.1798 ,-0.00390021 ,-0.00462253 
675,18.2068 ,-0.00389844 ,-0.00469468 
676,18.2338 ,-0.00389665 ,-0.00476586 
677,18.2607 ,-0.00389485 ,-0.00483608 
678,18.2877 ,-0.00389304 ,-0.00490535 
679,18.3147 ,-0.00389121 ,-0.00497367 
680,18.3417 ,-0.00388937 ,-0.00504107 
681,18.3686 ,-0.00388751 ,-0.00510755 
682,18.3956 ,-0.00388565 ,-0.00517312 
683,18.4226 ,-0.00388376 ,-0.00523778 
684,18.4496 ,-0.00388187 ,-0.00530156 
685,18.4765 ,-0.00387996 ,-0.00536446 
686,18.5035 ,-0.00387804 ,-0.00542648 
687,18.5305 ,-0.00387611 ,-0.00548765 
688,18.5575 ,-0.00387416 ,-0.00554796 
689,18.5844 ,-0.0038722 ,-0.00560743 
690,18.6114 ,-0.00387024 ,-0.00566606 
691,18.6384 ,-0.00386826 ,-0.00572387 
692,18.6653 ,-0.00386626 ,-0.00578086 
693,18.6923 ,-0.00386426 ,-0.00583705 
694,18.7193 ,-0.00386225 ,-0.00589243 
695,18.7463 ,-0.00386022 ,-0.00594703 
696,18.7732 ,-0.00385819 ,-0.00600085 
697,18.8002 ,-0.00385614 ,-0.00605389 
698,18.8272 ,-0.00385409 ,-0.00610617 
699,18.8542 ,-0.00385202 ,-0.00615769 
700,18.8811 ,-0.00384995 ,-0.00620846 
701,18.9081 ,-0.00384786 ,-0.0062585 
702,18.9351 ,-0.00384577 ,-0.0063078 
703,18.962 ,-0.00384366 ,-0.00635638 
704,18.989 ,-0.00384155 ,-0.00640424 
705,19.016 ,-0.00383943 ,-0.0064514 
706,19.043 ,-0.00383729 ,-0.00649785 
707,19.0699 ,-0.00383515 ,-0.00654361 
708,19.0969 ,-0.00383301 ,-0.00658869 
709,19.1239 ,-0.00383085 ,-0.00663309 
710,19.1509 ,-0.00382868 ,-0.00667682 
711,19.1778 ,-0.00382651 ,-0.00671989 
712,19.2048 ,-0.00382433 ,-0.0067623 
713,19.2318 ,-0.00382214 ,-0.00680406 
714,19.2587 ,-0.00381994 ,-0.00684519 
715,19.2857 ,-0.00381774 ,-0.00688568 
716,19.3127 ,-0.00381553 ,-0.00692554 
717,19.3397 ,-0.00381331 ,-0.00696478 
718,19.3666 ,-0.00381108 ,-0.00700341 
719,19.3936 ,-0.00380885 ,-0.00704143 
720,19.4206 ,-0.0038066 ,-0.00707885 
721,19.4476 ,-0.00380436 ,-0.00711568 
722,19.4745 ,-0.0038021 ,-0.00715192 
723,19.5015 ,-0.00379984 ,-0.00718758 
724,19.5285 ,-0.00379757 ,-0.00722267 
725,19.5555 ,-0.0037953 ,-0.00725719 
726,19.5824 ,-0.00379302 ,-0.00729115 
727,19.6094 ,-0.00379074 ,-0.00732455 
728,19.6364 ,-0.00378844 ,-0.00735741 
729,19.6633 ,-0.00378615 ,-0.00738972 
730,19.6903 ,-0.00378384 ,-0.00742149 
731,19.7173 ,-0.00378153 ,-0.00745274 
732,19.7443 ,-0.00377922 ,-0.00748346 
733,19.7712 ,-0.0037769 ,-0.00751366 
734,19.7982 ,-0.00377457 ,-0.00754334 
735,19.8252 ,-0.00377224 ,-0.00757252 
736,19.8522 ,-0.0037699 ,-0.0076012 
737,19.8791 ,-0.00376756 ,-0.00762938 
738,19.9061 ,-0.00376521 ,-0.00765707 
739,19.9331 ,-0.00376286 ,-0.00768427 
740,19.96 ,-0.0037605 ,-0.007711 
741,19.987 ,-0.00375814 ,-0.00773725 
742,20.014 ,-0.00375578 ,-0.00776303 
743,20.041 ,-0.00375341 ,-0.00778834 
744,20.0679 ,-0.00375103 ,-0.0078132 
745,20.0949 ,-0.00374865 ,-0.0078376 
746,20.1219 ,-0.00374627 ,-0.00786156 
747,20.1489 ,-0.00374388 ,-0.00788507 
748,20.1758 ,-0.00374149 ,-0.00790814 
749,20.2028 ,-0.00373909 ,-0.00793078 
750,20.2298 ,-0.00373669 ,-0.00795299 
751,20.2568 ,-0.00373428 ,-0.00797477 
752,20.2837 ,-0.00373187 ,-0.00799614 
753,20.3107 ,-0.00372946 ,-0.00801709 
754,20.3377 ,-0.00372704 ,-0.00803763 
755,20.3646 ,-0.00372462 ,-0.00805776 
756,20.3916 ,-0.0037222 ,-0.00807749 
757,20.4186 ,-0.00371977 ,-0.00809683 
758,20.4456 ,-0.00371734 ,-0.00811578 
759,20.4725 ,-0.0037149 ,-0.00813433 
760,20.4995 ,-0.00371246 ,-0.00815251 
761,20.5265 ,-0.00371002 ,-0.0081703 
762,20.5535 ,-0.00370758 ,-0.00818772 
763,20.5804 ,-0.00370513 ,-0.00820477 
764,20.6074 ,-0.00370268 ,-0.00822145 
765,20.6344 ,-0.00370022 ,-0.00823777 
766,20.6613 ,-0.00369776 ,-0.00825373 
767,20.6883 ,-0.0036953 ,-0.00826934 
768,20.7153 ,-0.00369284 ,-0.0082846 
769,20.7423 ,-0.00369037 ,-0.00829951 
770,20.7692 ,-0.0036879 ,-0.00831408 
771,20.7962 ,-0.00368543 ,-0.00832831 
772,20.8232 ,-0.00368295 ,-0.00834221 
773,20.8502 ,-0.00368047 ,-0.00835577 
774,20.8771 ,-0.00367799 ,-0.00836901 
775,20.9041 ,-0.0036755 ,-0.00838193 
776,20.9311 ,-0.00367302 ,-0.00839452 
777,20.958 ,-0.00367053 ,-0.0084068 
778,20.985 ,-0.00366803 ,-0.00841877 
779,21.012 ,-0.00366554 ,-0.00843042 
780,21.039 ,-0.00366304 ,-0.00844178 
781,21.0659 ,-0.00366054 ,-0.00845283 
782,21.0929 ,-0.00365804 ,-0.00846358 
783,21.1199 ,-0.00365553 ,-0.00847403 
784,21.1469 ,-0.00365303 ,-0.00848419 
785,21.1738 ,-0.00365052 ,-0.00849407 
786,21.2008 ,-0.003648 ,-0.00850366 
787,21.2278 ,-0.00364549 ,-0.00851297 
788,21.2548 ,-0.00364297 ,-0.00852199 
789,21.2817 ,-0.00364045 ,-0.00853074 
790,21.3087 ,-0.00363793 ,-0.00853922 
791,21.3357 ,-0.00363541 ,-0.00854743 
792,21.3626 ,-0.00363288 ,-0.00855538 
793,21.3896 ,-0.00363035 ,-0.00856306 
794,21.4166 ,-0.00362782 ,-0.00857047 
795,21.4436 ,-0.00362529 ,-0.00857764 
796,21.4705 ,-0.00362275 ,-0.00858454 
797,21.4975 ,-0.00362022 ,-0.0085912 
798,21.5245 ,-0.00361768 ,-0.0085976 
799,21.5515 ,-0.00361514 ,-0.00860376 
800,21.5784 ,-0.00361259 ,-0.00860968 
801,21.6054 ,-0.00361005 ,-0.00861535 
802,21.6324 ,-0.0036075 ,-0.00862079 
803,21.6593 ,-0.00360495 ,-0.00862599 
804,21.6863 ,-0.0036024 ,-0.00863096 
805,21.7133 ,-0.00359985 ,-0.0086357 
806,21.7403 ,-0.0035973 ,-0.00864021 
807,21.7672 ,-0.00359474 ,-0.0086445 
808,21.7942 ,-0.00359218 ,-0.00864856 
809,21.8212 ,-0.00358962 ,-0.00865241 
810,21.8482 ,-0.00358706 ,-0.00865604 
811,21.8751 ,-0.00358449 ,-0.00865945 
812,21.9021 ,-0.00358193 ,-0.00866265 
813,21.9291 ,-0.00357936 ,-0.00866564 
814,21.956 ,-0.00357679 ,-0.00866842 
815,21.983 ,-0.00357422 ,-0.008671 
816,22.01 ,-0.00357165 ,-0.00867338 
817,22.037 ,-0.00356907 ,-0.00867555 
818,22.0639 ,-0.00356649 ,-0.00867753 
819,22.0909 ,-0.00356391 ,-0.00867931 
820,22.1179 ,-0.00356133 ,-0.00868089 
821,22.1449 ,-0.00355875 ,-0.00868228 
822,22.1718 ,-0.00355617 ,-0.00868349 
823,22.1988 ,-0.00355358 ,-0.0086845 
824,22.2258 ,-0.00355099 ,-0.00868533 
825,22.2528 ,-0.00354841 ,-0.00868598 
826,22.2797 ,-0.00354581 ,-0.00868645 
827,22.3067 ,-0.00354322 ,-0.00868674 
828,22.3337 ,-0.00354063 ,-0.00868684 
829,22.3606 ,-0.00353803 ,-0.00868678 
830,22.3876 ,-0.00353543 ,-0.00868654 
831,22.4146 ,-0.00353283 ,-0.00868613 
832,22.4416 ,-0.00353023 ,-0.00868555 
833,22.4685 ,-0.00352763 ,-0.0086848 
834,22.4955 ,-0.00352502 ,-0.00868389 
835,22.5225 ,-0.00352242 ,-0.00868281 
836,22.5495 ,-0.00351981 ,-0.00868157 
837,22.5764 ,-0.0035172 ,-0.00868017 
838,22.6034 ,-0.00351459 ,-0.00867861 
839,22.6304 ,-0.00351197 ,-0.00867689 
840,22.6573 ,-0.00350936 ,-0.00867502 
841,22.6843 ,-0.00350674 ,-0.008673 
842,22.7113 ,-0.00350412 ,-0.00867082 
843,22.7383 ,-0.0035015 ,-0.00866849 
844,22.7652 ,-0.00349888 ,-0.00866602 
845,22.7922 ,-0.00349626 ,-0.0086634 
846,22.8192 ,-0.00349363 ,-0.00866063 
847,22.8462 ,-0.003491 ,-0.00865772 
848,22.8731 ,-0.00348837 ,-0.00865467 
849,22.9001 ,-0.00348574 ,-0.00865147 
850,22.9271 ,-0.00348311 ,-0.00864814 
851,22.9541 ,-0.00348047 ,-0.00864467 
852,22.981 ,-0.00347784 ,-0.00864106 
853,23.008 ,-0.0034752 ,-0.00863732 
854,23.035 ,-0.00347256 ,-0.00863344 
855,23.0619 ,-0.00346992 ,-0.00862944 
856,23.0889 ,-0.00346728 ,-0.0086253 
857,23.1159 ,-0.00346463 ,-0.00862103 
858,23.1429 ,-0.00346198 ,-0.00861664 
859,23.1698 ,-0.00345933 ,-0.00861212 
860,23.1968 ,-0.00345668 ,-0.00860747 
861,23.2238 ,-0.00345403 ,-0.0086027 
862,23.2508 ,-0.00345138 ,-0.00859781 
863,23.2777 ,-0.00344872 ,-0.00859279 
864,23.3047 ,-0.00344606 ,-0.00858766 
865,23.3317 ,-0.0034434 ,-0.00858241 
866,23.3586 ,-0.00344074 ,-0.00857704 
867,23.3856 ,-0.00343807 ,-0.00857155 
868,23.4126 ,-0.00343541 ,-0.00856595 
869,23.4396 ,-0.00343274 ,-0.00856023 
870,23.4665 ,-0.00343007 ,-0.0085544 
871,23.4935 ,-0.0034274 ,-0.00854846 
872,23.5205 ,-0.00342473 ,-0.0085424 
873,23.5475 ,-0.00342205 ,-0.00853624 
874,23.5744 ,-0.00341937 ,-0.00852997 
875,23.6014 ,-0.00341669 ,-0.00852359 
876,23.6284 ,-0.00341401 ,-0.00851711 
877,23.6553 ,-0.00341133 ,-0.00851052 
878,23.6823 ,-0.00340864 ,-0.00850382 
879,23.7093 ,-0.00340595 ,-0.00849702 
880,23.7363 ,-0.00340326 ,-0.00849012 
881,23.7632 ,-0.00340057 ,-0.00848312 
882,23.7902 ,-0.00339788 ,-0.00847601 
883,23.8172 ,-0.00339518 ,-0.00846881 
884,23.8442 ,-0.00339248 ,-0.00846151 
885,23.8711 ,-0.00338978 ,-0.00845411 
886,23.8981 ,-0.00338708 ,-0.00844661 
887,23.9251 ,-0.00338438 ,-0.00843901 
888,23.9521 ,-0.00338167 ,-0.00843133 
889,23.979 ,-0.00337896 ,-0.00842354 
890,24.006 ,-0.00337625 ,-0.00841566 
891,24.033 ,-0.00337354 ,-0.00840769 
892,24.0599 ,-0.00337082 ,-0.00839963 
893,24.0869 ,-0.0033681 ,-0.00839147 
894,24.1139 ,-0.00336538 ,-0.00838323 
895,24.1409 ,-0.00336266 ,-0.00837489 
896,24.1678 ,-0.00335994 ,-0.00836647 
897,24.1948 ,-0.00335721 ,-0.00835796 
898,24.2218 ,-0.00335448 ,-0.00834936 
899,24.2488 ,-0.00335175 ,-0.00834067 
900,24.2757 ,-0.00334902 ,-0.00833189 
901,24.3027 ,-0.00334628 ,-0.00832303 
902,24.3297 ,-0.00334354 ,-0.00831409 
903,24.3566 ,-0.0033408 ,-0.00830506 
904,24.3836 ,-0.00333806 ,-0.00829594 
905,24.4106 ,-0.00333531 ,-0.00828675 
906,24.4376 ,-0.00333256 ,-0.00827747 
907,24.4645 ,-0.00332981 ,-0.00826811 
908,24.4915 ,-0.00332706 ,-0.00825866 
909,24.5185 ,-0.0033243 ,-0.00824914 
910,24.5455 ,-0.00332155 ,-0.00823954 
911,24.5724 ,-0.00331879 ,-0.00822985 
912,24.5994 ,-0.00331602 ,-0.00822009 
913,24.6264 ,-0.00331326 ,-0.00821024 
914,24.6533 ,-0.00331049 ,-0.00820032 
915,24.6803 ,-0.00330772 ,-0.00819033 
916,24.7073 ,-0.00330494 ,-0.00818025 
917,24.7343 ,-0.00330217 ,-0.0081701 
918,24.7612 ,-0.00329939 ,-0.00815987 
919,24.7882 ,-0.00329661 ,-0.00814956 
920,24.8152 ,-0.00329382 ,-0.00813918 
921,24.8422 ,-0.00329104 ,-0.00812872 
922,24.8691 ,-0.00328825 ,-0.00811819 
923,24.8961 ,-0.00328545 ,-0.00810759 
924,24.9231 ,-0.00328266 ,-0.00809691 
925,24.9501 ,-0.00327986 ,-0.00808615 
926,24.977 ,-0.00327706 ,-0.00807533 
927,25.004 ,-0.00327426 ,-0.00806443 
928,25.031 ,-0.00327145 ,-0.00805346 
929,25.0579 ,-0.00326864 ,-0.00804241 
930,25.0849 ,-0.00326583 ,-0.0080313 
931,25.1119 ,-0.00326301 ,-0.00802011 
932,25.1389 ,-0.0032602 ,-0.00800885 
933,25.1658 ,-0.00325738 ,-0.00799752 
934,25.1928 ,-0.00325455 ,-0.00798612 
935,25.2198 ,-0.00325173 ,-0.00797465 
936,25.2468 ,-0.0032489 ,-0.00796311 
937,25.2737 ,-0.00324606 ,-0.0079515 
938,25.3007 ,-0.00324323 ,-0.00793982 
939,25.3277 ,-0.00324039 ,-0.00792807 
940,25.3546 ,-0.00323755 ,-0.00791625 
941,25.3816 ,-0.0032347 ,-0.00790436 
942,25.4086 ,-0.00323185 ,-0.0078924 
943,25.4356 ,-0.003229 ,-0.00788038 
944,25.4625 ,-0.00322615 ,-0.00786828 
945,25.4895 ,-0.00322329 ,-0.00785612 
946,25.5165 ,-0.00322043 ,-0.00784389 
947,25.5435 ,-0.00321757 ,-0.0078316 
948,25.5704 ,-0.0032147 ,-0.00781923 
949,25.5974 ,-0.00321183 ,-0.0078068 
950,25.6244 ,-0.00320896 ,-0.0077943 
951,25.6514 ,-0.00320608 ,-0.00778173 
952,25.6783 ,-0.0032032 ,-0.0077691 
953,25.7053 ,-0.00320031 ,-0.0077564 
954,25.7323 ,-0.00319743 ,-0.00774364 
955,25.7592 ,-0.00319454 ,-0.0077308 
956,25.7862 ,-0.00319164 ,-0.00771791 
957,25.8132 ,-0.00318875 ,-0.00770494 
958,25.8402 ,-0.00318585 ,-0.00769191 
959,25.8671 ,-0.00318294 ,-0.00767881 
960,25.8941 ,-0.00318004 ,-0.00766565 
961,25.9211 ,-0.00317712 ,-0.00765242 
962,25.9481 ,-0.00317421 ,-0.00763913 
963,25.975 ,-0.00317129 ,-0.00762577 
964,26.002 ,-0.00316837 ,-0.00761234 
965,26.029 ,-0.00316545 ,-0.00759885 
966,26.0559 ,-0.00316252 ,-0.0075853 
967,26.0829 ,-0.00315958 ,-0.00757168 
968,26.1099 ,-0.00315665 ,-0.00755799 
969,26.1369 ,-0.00315371 ,-0.00754424 
970,26.1638 ,-0.00315077 ,-0.00753043 
971,26.1908 ,-0.00314782 ,-0.00751655 
972,26.2178 ,-0.00314487 ,-0.0075026 
973,26.2448 ,-0.00314191 ,-0.00748859 
974,26.2717 ,-0.00313896 ,-0.00747452 
975,26.2987 ,-0.00313599 ,-0.00746038 
976,26.3257 ,-0.00313303 ,-0.00744617 
977,26.3526 ,-0.00313006 ,-0.00743191 
978,26.3796 ,-0.00312708 ,-0.00741757 
979,26.4066 ,-0.00312411 ,-0.00740318 
980,26.4336 ,-0.00312113 ,-0.00738872 
981,26.4605 ,-0.00311814 ,-0.00737419 
982,26.4875 ,-0.00311515 ,-0.0073596 
983,26.5145 ,-0.00311216 ,-0.00734495 
984,26.5415 ,-0.00310916 ,-0.00733023 
985,26.5684 ,-0.00310616 ,-0.00731545 
986,26.5954 ,-0.00310316 ,-0.0073006 
987,26.6224 ,-0.00310015 ,-0.00728569 
988,26.6494 ,-0.00309713 ,-0.00727072 
989,26.6763 ,-0.00309412 ,-0.00725568 
990,26.7033 ,-0.00309109 ,-0.00724058 
991,26.7303 ,-0.00308807 ,-0.00722542 
992,26.7572 ,-0.00308504 ,-0.00721019 
993,26.7842 ,-0.00308201 ,-0.00719489 
994,26.8112 ,-0.00307897 ,-0.00717954 
995,26.8382 ,-0.00307593 ,-0.00716412 
996,26.8651 ,-0.00307288 ,-0.00714863 
997,26.8921 ,-0.00306983 ,-0.00713309 
998,26.9191 ,-0.00306677 ,-0.00711748 
999,26.9461 ,-0.00306371 ,-0.0071018 
1000,26.973 ,-0.00306065 ,-0.00708606 