N_e = 2
1,0.027 ,0.000277261 ,-2743.22 
2,0.053973 ,0.0002774 ,-686.295 
3,0.080946 ,0.000376784 ,-304.976 
4,0.107919 ,0.000489647 ,-171.463 
5,0.134892 ,0.000606365 ,-109.653 
6,0.161865 ,0.000724585 ,-76.0726 
7,0.188838 ,0.0008435 ,-55.8231 
8,0.215811 ,0.000962773 ,-42.6795 
9,0.242784 ,0.00108224 ,-33.6678 
10,0.269757 ,0.00120181 ,-27.2216 
11,0.29673 ,0.00132144 ,-22.4519 
12,0.323703 ,0.00144108 ,-18.8241 
13,0.350676 ,0.00156073 ,-16.0007 
14,0.377649 ,0.00168036 ,-13.7604 
15,0.404622 ,0.00179997 ,-11.9529 
16,0.431595 ,0.00191953 ,-10.4736 
17,0.458568 ,0.00203905 ,-9.24755 
18,0.485541 ,0.00215853 ,-8.22007 
19,0.512514 ,0.00227794 ,-7.35048 
20,0.539487 ,0.00239729 ,-6.60801 
21,0.56646 ,0.00251657 ,-5.96902 
22,0.593433 ,0.00263578 ,-5.41515 
23,0.620406 ,0.00275492 ,-4.9319 
24,0.647379 ,0.00287397 ,-4.50777 
25,0.674352 ,0.00299293 ,-4.13348 
26,0.701325 ,0.00311181 ,-3.80152 
27,0.728298 ,0.00323059 ,-3.50572 
28,0.755271 ,0.00334927 ,-3.24103 
29,0.782244 ,0.00346784 ,-3.00321 
30,0.809217 ,0.00358631 ,-2.78876 
31,0.83619 ,0.00370467 ,-2.59469 
32,0.863163 ,0.00382291 ,-2.41851 
33,0.890136 ,0.00394103 ,-2.25807 
34,0.917109 ,0.00405903 ,-2.11156 
35,0.944082 ,0.0041769 ,-1.9774 
36,0.971055 ,0.00429463 ,-1.85425 
37,0.998028 ,0.00441223 ,-1.74091 
38,1.025 ,0.00452968 ,-1.63639 
39,1.05197 ,0.00464699 ,-1.53977 
40,1.07895 ,0.00476415 ,-1.4503 
41,1.10592 ,0.00488115 ,-1.36726 
42,1.13289 ,0.004998 ,-1.29006 
43,1.15987 ,0.00511468 ,-1.21816 
44,1.18684 ,0.00523119 ,-1.15109 
45,1.21381 ,0.00534752 ,-1.08842 
46,1.24079 ,0.00546368 ,-1.02977 
47,1.26776 ,0.00557966 ,-0.974792 
48,1.29473 ,0.00569545 ,-0.923205 
49,1.3217 ,0.00581105 ,-0.874714 
50,1.34868 ,0.00592645 ,-0.829091 
51,1.37565 ,0.00604165 ,-0.786096 
52,1.40262 ,0.00615664 ,-0.745546 
53,1.4296 ,0.00627143 ,-0.70724 
54,1.45657 ,0.00638599 ,-0.671032 
55,1.48354 ,0.00650034 ,-0.636752 
56,1.51051 ,0.00661446 ,-0.604281 
57,1.53749 ,0.00672835 ,-0.573477 
58,1.56446 ,0.006842 ,-0.544241 
59,1.59143 ,0.00695542 ,-0.516452 
60,1.61841 ,0.00706858 ,-0.49003 
61,1.64538 ,0.0071815 ,-0.464871 
62,1.67235 ,0.00729416 ,-0.440909 
63,1.69933 ,0.00740656 ,-0.418052 
64,1.7263 ,0.00751869 ,-0.39625 
65,1.75327 ,0.00763055 ,-0.375419 
66,1.78024 ,0.00774213 ,-0.35552 
67,1.80722 ,0.00785343 ,-0.336479 
68,1.83419 ,0.00796444 ,-0.318263 
69,1.86116 ,0.00807516 ,-0.300808 
70,1.88814 ,0.00818558 ,-0.284089 
71,1.91511 ,0.0082957 ,-0.268045 
72,1.94208 ,0.0084055 ,-0.252658 
73,1.96906 ,0.00851499 ,-0.237873 
74,1.99603 ,0.00862416 ,-0.223678 
75,2.023 ,0.00873301 ,-0.210021 
76,2.04998 ,0.00884152 ,-0.196894 
77,2.07695 ,0.00894969 ,-0.18425 
78,2.10392 ,0.00905752 ,-0.172083 
79,2.13089 ,0.009165 ,-0.160351 
80,2.15787 ,0.00927213 ,-0.149052 
81,2.18484 ,0.00937889 ,-0.138143 
82,2.21181 ,0.00948529 ,-0.127627 
83,2.23879 ,0.00959132 ,-0.117464 
84,2.26576 ,0.00969697 ,-0.107659 
85,2.29273 ,0.00980223 ,-0.0981723 
86,2.31971 ,0.00990711 ,-0.0890116 
87,2.34668 ,0.0100116 ,-0.0801409 
88,2.37365 ,0.0101157 ,-0.0715677 
89,2.40062 ,0.0102193 ,-0.063258 
90,2.4276 ,0.0103226 ,-0.055221 
91,2.45457 ,0.0104254 ,-0.0474237 
92,2.48154 ,0.0105278 ,-0.039877 
93,2.50852 ,0.0106298 ,-0.0325488 
94,2.53549 ,0.0107314 ,-0.0254513 
95,2.56246 ,0.0108325 ,-0.0185532 
96,2.58944 ,0.0109331 ,-0.0118681 
97,2.61641 ,0.0110333 ,-0.00536514 
98,2.64338 ,0.011133 ,0.0009408 
99,2.67035 ,0.0112323 ,0.00708007 
100,2.69733 ,0.0113311 ,0.0130368 
101,2.7243 ,0.0114294 ,0.0188408 
102,2.75127 ,0.0115272 ,0.0244752 
103,2.77825 ,0.0116246 ,0.0299697 
104,2.80522 ,0.0117214 ,0.0353064 
105,2.83219 ,0.0118177 ,0.0405146 
106,2.85917 ,0.0119135 ,0.0455757 
107,2.88614 ,0.0120088 ,0.0505188 
108,2.91311 ,0.0121036 ,0.0553245 
109,2.94008 ,0.0121978 ,0.0600217 
110,2.96706 ,0.0122915 ,0.0645904 
111,2.99403 ,0.0123847 ,0.0690594 
112,3.021 ,0.0124773 ,0.0734078 
113,3.04798 ,0.0125694 ,0.0776644 
114,3.07495 ,0.0126609 ,0.0818079 
115,3.10192 ,0.0127518 ,0.0858669 
116,3.12889 ,0.0128422 ,0.0898195 
117,3.15587 ,0.0129319 ,0.0936942 
118,3.18284 ,0.0130211 ,0.0974687 
119,3.20981 ,0.0131097 ,0.101172 
120,3.23679 ,0.0131977 ,0.10478 
121,3.26376 ,0.0132851 ,0.108322 
122,3.29073 ,0.0133718 ,0.111775 
123,3.31771 ,0.013458 ,0.115167 
124,3.34468 ,0.0135435 ,0.118474 
125,3.37165 ,0.0136284 ,0.121725 
126,3.39863 ,0.0137127 ,0.124896 
127,3.4256 ,0.0137963 ,0.128016 
128,3.45257 ,0.0138792 ,0.131059 
129,3.47954 ,0.0139616 ,0.134055 
130,3.50652 ,0.0140432 ,0.136978 
131,3.53349 ,0.0141242 ,0.139858 
132,3.56046 ,0.0142045 ,0.142669 
133,3.58744 ,0.0142841 ,0.145439 
134,3.61441 ,0.014363 ,0.148144 
135,3.64138 ,0.0144412 ,0.150812 
136,3.66836 ,0.0145187 ,0.153417 
137,3.69533 ,0.0145956 ,0.155988 
138,3.7223 ,0.0146717 ,0.158499 
139,3.74927 ,0.0147471 ,0.16098 
140,3.77625 ,0.0148217 ,0.163402 
141,3.80322 ,0.0148956 ,0.165797 
142,3.83019 ,0.0149688 ,0.168136 
143,3.85717 ,0.0150413 ,0.170449 
144,3.88414 ,0.0151129 ,0.172709 
145,3.91111 ,0.0151839 ,0.174946 
146,3.93809 ,0.015254 ,0.177131 
147,3.96506 ,0.0153234 ,0.179295 
148,3.99203 ,0.015392 ,0.18141 
149,4.019 ,0.0154599 ,0.183506 
150,4.04598 ,0.0155269 ,0.185554 
151,4.07295 ,0.0155932 ,0.187584 
152,4.09992 ,0.0156586 ,0.189569 
153,4.1269 ,0.0157233 ,0.191538 
154,4.15387 ,0.0157871 ,0.193462 
155,4.18084 ,0.0158501 ,0.195373 
156,4.20782 ,0.0159123 ,0.19724 
157,4.23479 ,0.0159736 ,0.199096 
158,4.26176 ,0.0160342 ,0.200909 
159,4.28873 ,0.0160938 ,0.202711 
160,4.31571 ,0.0161527 ,0.204472 
161,4.34268 ,0.0162106 ,0.206224 
162,4.36965 ,0.0162677 ,0.207936 
163,4.39663 ,0.016324 ,0.209641 
164,4.4236 ,0.0163793 ,0.211306 
165,4.45057 ,0.0164338 ,0.212964 
166,4.47755 ,0.0164874 ,0.214585 
167,4.50452 ,0.0165402 ,0.216199 
168,4.53149 ,0.016592 ,0.217777 
169,4.55846 ,0.0166429 ,0.21935 
170,4.58544 ,0.0166929 ,0.220887 
171,4.61241 ,0.016742 ,0.22242 
172,4.63938 ,0.0167902 ,0.223917 
173,4.66636 ,0.0168375 ,0.225412 
174,4.69333 ,0.0168838 ,0.226871 
175,4.7203 ,0.0169292 ,0.228329 
176,4.74728 ,0.0169737 ,0.229752 
177,4.77425 ,0.0170172 ,0.231175 
178,4.80122 ,0.0170598 ,0.232563 
179,4.82819 ,0.0171014 ,0.233951 
180,4.85517 ,0.0171421 ,0.235307 
181,4.88214 ,0.0171818 ,0.236662 
182,4.90911 ,0.0172205 ,0.237984 
183,4.93609 ,0.0172582 ,0.239308 
184,4.96306 ,0.017295 ,0.240599 
185,4.99003 ,0.0173308 ,0.241891 
186,5.01701 ,0.0173656 ,0.243152 
187,5.04398 ,0.0173994 ,0.244414 
188,5.07095 ,0.0174323 ,0.245646 
189,5.09792 ,0.0174641 ,0.246879 
190,5.1249 ,0.0174949 ,0.248081 
191,5.15187 ,0.0175247 ,0.249286 
192,5.17884 ,0.0175535 ,0.250461 
193,5.20582 ,0.0175813 ,0.251638 
194,5.23279 ,0.017608 ,0.252785 
195,5.25976 ,0.0176337 ,0.253935 
196,5.28674 ,0.0176584 ,0.255055 
197,5.31371 ,0.0176821 ,0.256179 
198,5.34068 ,0.0177047 ,0.257273 
199,5.36765 ,0.0177263 ,0.258371 
200,5.39463 ,0.0177468 ,0.259439 
201,5.4216 ,0.0177663 ,0.26051 
202,5.44857 ,0.0177848 ,0.261553 
203,5.47555 ,0.0178022 ,0.262599 
204,5.50252 ,0.0178185 ,0.263617 
205,5.52949 ,0.0178338 ,0.264638 
206,5.55647 ,0.017848 ,0.265631 
207,5.58344 ,0.0178611 ,0.266627 
208,5.61041 ,0.0178732 ,0.267595 
209,5.63738 ,0.0178842 ,0.268567 
210,5.66436 ,0.0178942 ,0.26951 
211,5.69133 ,0.017903 ,0.270457 
212,5.7183 ,0.0179108 ,0.271376 
213,5.74528 ,0.0179175 ,0.272299 
214,5.77225 ,0.0179231 ,0.273193 
215,5.79922 ,0.0179277 ,0.274092 
216,5.8262 ,0.0179311 ,0.274961 
217,5.85317 ,0.0179335 ,0.275835 
218,5.88014 ,0.0179348 ,0.276681 
219,5.90711 ,0.017935 ,0.27753 
220,5.93409 ,0.0179341 ,0.278351 
221,5.96106 ,0.0179321 ,0.279176 
222,5.98803 ,0.0179291 ,0.279972 
223,6.01501 ,0.0179249 ,0.280772 
224,6.04198 ,0.0179196 ,0.281543 
225,6.06895 ,0.0179133 ,0.282318 
226,6.09593 ,0.0179059 ,0.283064 
227,6.1229 ,0.0178973 ,0.283814 
228,6.14987 ,0.0178877 ,0.284535 
229,6.17684 ,0.017877 ,0.285259 
230,6.20382 ,0.0178652 ,0.285955 
231,6.23079 ,0.0178523 ,0.286653 
232,6.25776 ,0.0178383 ,0.287323 
233,6.28474 ,0.0178233 ,0.287995 
234,6.31171 ,0.0178071 ,0.288639 
235,6.33868 ,0.0177899 ,0.289285 
236,6.36566 ,0.0177716 ,0.289902 
237,6.39263 ,0.0177522 ,0.290521 
238,6.4196 ,0.0177317 ,0.291111 
239,6.44657 ,0.0177101 ,0.291703 
240,6.47355 ,0.0176875 ,0.292265 
241,6.50052 ,0.0176637 ,0.292829 
242,6.52749 ,0.017639 ,0.293364 
243,6.55447 ,0.0176131 ,0.2939 
244,6.58144 ,0.0175862 ,0.294407 
245,6.60841 ,0.0175582 ,0.294915 
246,6.63539 ,0.0175292 ,0.295392 
247,6.66236 ,0.0174991 ,0.295871 
248,6.68933 ,0.0174679 ,0.29632 
249,6.7163 ,0.0174358 ,0.296768 
250,6.74328 ,0.0174025 ,0.297187 
251,6.77025 ,0.0173682 ,0.297606 
252,6.79722 ,0.0173329 ,0.297995 
253,6.8242 ,0.0172966 ,0.298383 
254,6.85117 ,0.0172592 ,0.298741 
255,6.87814 ,0.0172209 ,0.299097 
256,6.90512 ,0.0171815 ,0.299424 
257,6.93209 ,0.0171411 ,0.299749 
258,6.95906 ,0.0170997 ,0.300043 
259,6.98603 ,0.0170573 ,0.300336 
260,7.01301 ,0.0170139 ,0.300598 
261,7.03998 ,0.0169695 ,0.300858 
262,7.06695 ,0.0169242 ,0.301087 
263,7.09393 ,0.0168778 ,0.301313 
264,7.1209 ,0.0168306 ,0.301508 
265,7.14787 ,0.0167823 ,0.3017 
266,7.17485 ,0.0167331 ,0.301861 
267,7.20182 ,0.016683 ,0.302018 
268,7.22879 ,0.0166319 ,0.302144 
269,7.25576 ,0.0165799 ,0.302266 
270,7.28274 ,0.016527 ,0.302356 
271,7.30971 ,0.0164732 ,0.302442 
272,7.33668 ,0.0164185 ,0.302497 
273,7.36366 ,0.0163629 ,0.302546 
274,7.39063 ,0.0163064 ,0.302563 
275,7.4176 ,0.016249 ,0.302575 
276,7.44458 ,0.0161908 ,0.302556 
277,7.47155 ,0.0161317 ,0.30253 
278,7.49852 ,0.0160718 ,0.302473 
279,7.52549 ,0.016011 ,0.302408 
280,7.55247 ,0.0159494 ,0.302313 
281,7.57944 ,0.015887 ,0.302209 
282,7.60641 ,0.0158237 ,0.302075 
283,7.63339 ,0.0157597 ,0.301932 
284,7.66036 ,0.0156949 ,0.301758 
285,7.68733 ,0.0156294 ,0.301575 
286,7.71431 ,0.015563 ,0.30136 
287,7.74128 ,0.0154959 ,0.301136 
288,7.76825 ,0.0154281 ,0.300881 
289,7.79522 ,0.0153596 ,0.300616 
290,7.8222 ,0.0152903 ,0.30032 
291,7.84917 ,0.0152203 ,0.300013 
292,7.87614 ,0.0151497 ,0.299675 
293,7.90312 ,0.0150783 ,0.299326 
294,7.93009 ,0.0150063 ,0.298945 
295,7.95706 ,0.0149336 ,0.298554 
296,7.98404 ,0.0148603 ,0.29813 
297,8.01101 ,0.0147864 ,0.297695 
298,8.03798 ,0.0147118 ,0.297229 
299,8.06495 ,0.0146367 ,0.29675 
300,8.09193 ,0.0145609 ,0.29624 
301,8.1189 ,0.0144846 ,0.295717 
302,8.14587 ,0.0144077 ,0.295162 
303,8.17285 ,0.0143302 ,0.294595 
304,8.19982 ,0.0142522 ,0.293996 
305,8.22679 ,0.0141737 ,0.293383 
306,8.25376 ,0.0140947 ,0.292739 
307,8.28074 ,0.0140152 ,0.292081 
308,8.30771 ,0.0139352 ,0.291392 
309,8.33468 ,0.0138547 ,0.290688 
310,8.36166 ,0.0137738 ,0.289953 
311,8.38863 ,0.0136925 ,0.289203 
312,8.4156 ,0.0136107 ,0.288422 
313,8.44258 ,0.0135285 ,0.287626 
314,8.46955 ,0.0134459 ,0.286798 
315,8.49652 ,0.0133629 ,0.285956 
316,8.52349 ,0.0132796 ,0.285081 
317,8.55047 ,0.0131959 ,0.284192 
318,8.57744 ,0.0131119 ,0.28327 
319,8.60441 ,0.0130275 ,0.282333 
320,8.63139 ,0.0129428 ,0.281365 
321,8.65836 ,0.0128579 ,0.280381 
322,8.68533 ,0.0127726 ,0.279365 
323,8.71231 ,0.0126871 ,0.278333 
324,8.73928 ,0.0126014 ,0.27727 
325,8.76625 ,0.0125154 ,0.276191 
326,8.79322 ,0.0124292 ,0.27508 
327,8.8202 ,0.0123428 ,0.273952 
328,8.84717 ,0.0122562 ,0.272794 
329,8.87414 ,0.0121694 ,0.271618 
330,8.90112 ,0.0120825 ,0.270412 
331,8.92809 ,0.0119954 ,0.269188 
332,8.95506 ,0.0119082 ,0.267934 
333,8.98204 ,0.0118208 ,0.266662 
334,9.00901 ,0.0117334 ,0.26536 
335,9.03598 ,0.0116459 ,0.26404 
336,9.06295 ,0.0115583 ,0.26269 
337,9.08993 ,0.0114707 ,0.261321 
338,9.1169 ,0.011383 ,0.259923 
339,9.14387 ,0.0112952 ,0.258507 
340,9.17085 ,0.0112075 ,0.257061 
341,9.19782 ,0.0111198 ,0.255597 
342,9.22479 ,0.0110321 ,0.254103 
343,9.25177 ,0.0109444 ,0.25259 
344,9.27874 ,0.0108567 ,0.251049 
345,9.30571 ,0.0107691 ,0.249489 
346,9.33268 ,0.0106816 ,0.2479 
347,9.35966 ,0.0105942 ,0.246292 
348,9.38663 ,0.0105069 ,0.244655 
349,9.4136 ,0.0104196 ,0.243 
350,9.44058 ,0.0103325 ,0.241316 
351,9.46755 ,0.0102456 ,0.239613 
352,9.49452 ,0.0101588 ,0.237882 
353,9.5215 ,0.0100722 ,0.236132 
354,9.54847 ,0.00998572 ,0.234355 
355,9.57544 ,0.00989946 ,0.232558 
356,9.60241 ,0.00981341 ,0.230733 
357,9.62939 ,0.00972758 ,0.22889 
358,9.65636 ,0.00964199 ,0.22702 
359,9.68333 ,0.00955663 ,0.22513 
360,9.71031 ,0.00947154 ,0.223213 
361,9.73728 ,0.00938671 ,0.221285 
362,9.76425 ,0.00930217 ,0.219366 
363,9.79123 ,0.00921792 ,0.217466 
364,9.8182 ,0.00913397 ,0.215577 
365,9.84517 ,0.00905034 ,0.213706 
366,9.87214 ,0.00896704 ,0.211846 
367,9.89912 ,0.00888407 ,0.210004 
368,9.92609 ,0.00880145 ,0.208173 
369,9.95306 ,0.00871918 ,0.20636 
370,9.98004 ,0.00863729 ,0.204557 
371,10.007 ,0.00855576 ,0.202772 
372,10.034 ,0.00847462 ,0.200997 
373,10.061 ,0.00839387 ,0.19924 
374,10.0879 ,0.00831352 ,0.197493 
375,10.1149 ,0.00823357 ,0.195762 
376,10.1419 ,0.00815404 ,0.194042 
377,10.1688 ,0.00807493 ,0.192338 
378,10.1958 ,0.00799625 ,0.190645 
379,10.2228 ,0.007918 ,0.188967 
380,10.2498 ,0.00784019 ,0.1873 
381,10.2767 ,0.00776283 ,0.185648 
382,10.3037 ,0.00768591 ,0.184006 
383,10.3307 ,0.00760946 ,0.18238 
384,10.3577 ,0.00753346 ,0.180764 
385,10.3846 ,0.00745794 ,0.179163 
386,10.4116 ,0.00738288 ,0.177572 
387,10.4386 ,0.00730829 ,0.175995 
388,10.4656 ,0.00723419 ,0.174429 
389,10.4925 ,0.00716057 ,0.172877 
390,10.5195 ,0.00708744 ,0.171334 
391,10.5465 ,0.00701479 ,0.169806 
392,10.5734 ,0.00694264 ,0.168288 
393,10.6004 ,0.00687099 ,0.166783 
394,10.6274 ,0.00679983 ,0.165288 
395,10.6544 ,0.00672917 ,0.163807 
396,10.6813 ,0.00665902 ,0.162335 
397,10.7083 ,0.00658937 ,0.160877 
398,10.7353 ,0.00652024 ,0.159428 
399,10.7623 ,0.00645161 ,0.157992 
400,10.7892 ,0.00638349 ,0.156566 
401,10.8162 ,0.00631588 ,0.155152 
402,10.8432 ,0.00624879 ,0.153748 
403,10.8701 ,0.00618221 ,0.152356 
404,10.8971 ,0.00611615 ,0.150974 
405,10.9241 ,0.0060506 ,0.149603 
406,10.9511 ,0.00598558 ,0.148243 
407,10.978 ,0.00592106 ,0.146894 
408,11.005 ,0.00585707 ,0.145554 
409,11.032 ,0.0057936 ,0.144226 
410,11.059 ,0.00573064 ,0.142908 
411,11.0859 ,0.0056682 ,0.141601 
412,11.1129 ,0.00560628 ,0.140302 
413,11.1399 ,0.00554488 ,0.139016 
414,11.1668 ,0.00548399 ,0.137738 
415,11.1938 ,0.00542363 ,0.136472 
416,11.2208 ,0.00536377 ,0.135214 
417,11.2478 ,0.00530444 ,0.133967 
418,11.2747 ,0.00524561 ,0.132729 
419,11.3017 ,0.0051873 ,0.131503 
420,11.3287 ,0.00512951 ,0.130284 
421,11.3557 ,0.00507222 ,0.129077 
422,11.3826 ,0.00501545 ,0.127877 
423,11.4096 ,0.00495918 ,0.126689 
424,11.4366 ,0.00490342 ,0.125509 
425,11.4636 ,0.00484816 ,0.124339 
426,11.4905 ,0.00479341 ,0.123178 
427,11.5175 ,0.00473917 ,0.122027 
428,11.5445 ,0.00468542 ,0.120884 
429,11.5714 ,0.00463217 ,0.119751 
430,11.5984 ,0.00457942 ,0.118626 
431,11.6254 ,0.00452716 ,0.117512 
432,11.6524 ,0.00447539 ,0.116405 
433,11.6793 ,0.00442412 ,0.115308 
434,11.7063 ,0.00437333 ,0.11422 
435,11.7333 ,0.00432304 ,0.11314 
436,11.7603 ,0.00427322 ,0.112069 
437,11.7872 ,0.00422389 ,0.111007 
438,11.8142 ,0.00417503 ,0.109953 
439,11.8412 ,0.00412665 ,0.108909 
440,11.8681 ,0.00407875 ,0.107872 
441,11.8951 ,0.00403132 ,0.106844 
442,11.9221 ,0.00398436 ,0.105824 
443,11.9491 ,0.00393786 ,0.104813 
444,11.976 ,0.00389183 ,0.10381 
445,12.003 ,0.00384626 ,0.102815 
446,12.03 ,0.00380115 ,0.101829 
447,12.057 ,0.00375649 ,0.10085 
448,12.0839 ,0.00371229 ,0.0998796 
449,12.1109 ,0.00366853 ,0.0989175 
450,12.1379 ,0.00362523 ,0.0979628 
451,12.1648 ,0.00358236 ,0.0970165 
452,12.1918 ,0.00353994 ,0.0960776 
453,12.2188 ,0.00349796 ,0.095147 
454,12.2458 ,0.00345642 ,0.0942236 
455,12.2727 ,0.0034153 ,0.0933085 
456,12.2997 ,0.00337462 ,0.0924005 
457,12.3267 ,0.00333436 ,0.0915006 
458,12.3537 ,0.00329453 ,0.0906078 
459,12.3806 ,0.00325511 ,0.089723 
460,12.4076 ,0.00321612 ,0.0888451 
461,12.4346 ,0.00317753 ,0.0879751 
462,12.4616 ,0.00313936 ,0.087112 
463,12.4885 ,0.0031016 ,0.0862567 
464,12.5155 ,0.00306424 ,0.0854082 
465,12.5425 ,0.00302729 ,0.0845673 
466,12.5694 ,0.00299073 ,0.0837332 
467,12.5964 ,0.00295457 ,0.0829065 
468,12.6234 ,0.0029188 ,0.0820866 
469,12.6504 ,0.00288342 ,0.081274 
470,12.6773 ,0.00284843 ,0.0804681 
471,12.7043 ,0.00281382 ,0.0796694 
472,12.7313 ,0.00277959 ,0.0788773 
473,12.7583 ,0.00274573 ,0.0780923 
474,12.7852 ,0.00271225 ,0.0773137 
475,12.8122 ,0.00267914 ,0.0765423 
476,12.8392 ,0.0026464 ,0.0757772 
477,12.8661 ,0.00261402 ,0.075019 
478,12.8931 ,0.00258201 ,0.0742671 
479,12.9201 ,0.00255035 ,0.0735221 
480,12.9471 ,0.00251904 ,0.0727833 
481,12.974 ,0.00248809 ,0.0720513 
482,13.001 ,0.00245748 ,0.0713253 
483,13.028 ,0.00242723 ,0.070606 
484,13.055 ,0.00239731 ,0.0698928 
485,13.0819 ,0.00236773 ,0.0691861 
486,13.1089 ,0.00233849 ,0.0684854 
487,13.1359 ,0.00230958 ,0.0677911 
488,13.1629 ,0.002281 ,0.0671028 
489,13.1898 ,0.00225275 ,0.0664208 
490,13.2168 ,0.00222482 ,0.0657446 
491,13.2438 ,0.00219721 ,0.0650746 
492,13.2707 ,0.00216992 ,0.0644104 
493,13.2977 ,0.00214294 ,0.0637523 
494,13.3247 ,0.00211628 ,0.0631 
495,13.3517 ,0.00208992 ,0.0624536 
496,13.3786 ,0.00206387 ,0.0618129 
497,13.4056 ,0.00203813 ,0.0611781 
498,13.4326 ,0.00201268 ,0.0605488 
499,13.4596 ,0.00198753 ,0.0599254 
500,13.4865 ,0.00196267 ,0.0593075 
501,13.5135 ,0.00193811 ,0.0586953 
502,13.5405 ,0.00191383 ,0.0580885 
503,13.5674 ,0.00188984 ,0.0574873 
504,13.5944 ,0.00186613 ,0.0568915 
505,13.6214 ,0.00184269 ,0.0563012 
506,13.6484 ,0.00181954 ,0.0557162 
507,13.6753 ,0.00179666 ,0.0551367 
508,13.7023 ,0.00177405 ,0.0545623 
509,13.7293 ,0.00175171 ,0.0539934 
510,13.7563 ,0.00172963 ,0.0534295 
511,13.7832 ,0.00170782 ,0.0528709 
512,13.8102 ,0.00168627 ,0.0523173 
513,13.8372 ,0.00166497 ,0.051769 
514,13.8641 ,0.00164393 ,0.0512256 
515,13.8911 ,0.00162314 ,0.0506874 
516,13.9181 ,0.0016026 ,0.050154 
517,13.9451 ,0.00158231 ,0.0496257 
518,13.972 ,0.00156226 ,0.0491022 
519,13.999 ,0.00154245 ,0.0485836 
520,14.026 ,0.00152288 ,0.0480698 
521,14.053 ,0.00150355 ,0.0475609 
522,14.0799 ,0.00148445 ,0.0470566 
523,14.1069 ,0.00146559 ,0.0465571 
524,14.1339 ,0.00144695 ,0.0460622 
525,14.1609 ,0.00142854 ,0.0455721 
526,14.1878 ,0.00141035 ,0.0450865 
527,14.2148 ,0.00139238 ,0.0446055 
528,14.2418 ,0.00137463 ,0.044129 
529,14.2687 ,0.0013571 ,0.043657 
530,14.2957 ,0.00133978 ,0.0431894 
531,14.3227 ,0.00132268 ,0.0427263 
532,14.3497 ,0.00130578 ,0.0422676 
533,14.3766 ,0.00128909 ,0.0418132 
534,14.4036 ,0.00127261 ,0.0413631 
535,14.4306 ,0.00125633 ,0.0409174 
536,14.4576 ,0.00124025 ,0.0404758 
537,14.4845 ,0.00122436 ,0.0400385 
538,14.5115 ,0.00120867 ,0.0396052 
539,14.5385 ,0.00119318 ,0.0391762 
540,14.5654 ,0.00117788 ,0.0387513 
541,14.5924 ,0.00116276 ,0.0383304 
542,14.6194 ,0.00114784 ,0.0379136 
543,14.6464 ,0.0011331 ,0.0375008 
544,14.6733 ,0.00111854 ,0.0370919 
545,14.7003 ,0.00110416 ,0.036687 
546,14.7273 ,0.00108996 ,0.0362859 
547,14.7543 ,0.00107594 ,0.0358888 
548,14.7812 ,0.00106209 ,0.0354954 
549,14.8082 ,0.00104842 ,0.0351059 
550,14.8352 ,0.00103491 ,0.0347201 
551,14.8621 ,0.00102158 ,0.0343381 
552,14.8891 ,0.00100841 ,0.0339597 
553,14.9161 ,0.000995401 ,0.0335851 
554,14.9431 ,0.00098256 ,0.0332141 
555,14.97 ,0.000969879 ,0.0328467 
556,14.997 ,0.000957357 ,0.0324828 
557,15.024 ,0.000944992 ,0.0321225 
558,15.051 ,0.000932782 ,0.0317657 
559,15.0779 ,0.000920726 ,0.0314125 
560,15.1049 ,0.000908822 ,0.0310626 
561,15.1319 ,0.000897067 ,0.0307162 
562,15.1589 ,0.000885461 ,0.0303732 
563,15.1858 ,0.000874001 ,0.0300335 
564,15.2128 ,0.000862686 ,0.0296972 
565,15.2398 ,0.000851513 ,0.0293642 
566,15.2667 ,0.000840482 ,0.0290344 
567,15.2937 ,0.00082959 ,0.0287079 
568,15.3207 ,0.000818836 ,0.0283846 
569,15.3477 ,0.000808218 ,0.0280645 
570,15.3746 ,0.000797735 ,0.0277475 
571,15.4016 ,0.000787385 ,0.0274337 
572,15.4286 ,0.000777166 ,0.027123 
573,15.4556 ,0.000767077 ,0.0268154 
574,15.4825 ,0.000757116 ,0.0265108 
575,15.5095 ,0.000747282 ,0.0262092 
576,15.5365 ,0.000737572 ,0.0259106 
577,15.5634 ,0.000727987 ,0.025615 
578,15.5904 ,0.000718524 ,0.0253223 
579,15.6174 ,0.000709181 ,0.0250325 
580,15.6444 ,0.000699957 ,0.0247456 
581,15.6713 ,0.000690851 ,0.0244615 
582,15.6983 ,0.000681862 ,0.0241803 
583,15.7253 ,0.000672987 ,0.0239019 
584,15.7523 ,0.000664226 ,0.0236263 
585,15.7792 ,0.000655576 ,0.0233534 
586,15.8062 ,0.000647038 ,0.0230832 
587,15.8332 ,0.000638609 ,0.0228158 
588,15.8602 ,0.000630287 ,0.022551 
589,15.8871 ,0.000622073 ,0.0222889 
590,15.9141 ,0.000613964 ,0.0220294 
591,15.9411 ,0.000605959 ,0.0217725 
592,15.968 ,0.000598056 ,0.0215182 
593,15.995 ,0.000590255 ,0.0212664 
594,16.022 ,0.000582555 ,0.0210172 
595,16.049 ,0.000574953 ,0.0207705 
596,16.0759 ,0.00056745 ,0.0205262 
597,16.1029 ,0.000560042 ,0.0202845 
598,16.1299 ,0.00055273 ,0.0200451 
599,16.1569 ,0.000545513 ,0.0198082 
600,16.1838 ,0.000538388 ,0.0195736 
601,16.2108 ,0.000531355 ,0.0193415 
602,16.2378 ,0.000524413 ,0.0191117 
603,16.2647 ,0.000517561 ,0.0188842 
604,16.2917 ,0.000510797 ,0.0186589 
605,16.3187 ,0.00050412 ,0.018436 
606,16.3457 ,0.00049753 ,0.0182154 
607,16.3726 ,0.000491024 ,0.0179969 
608,16.3996 ,0.000484603 ,0.0177807 
609,16.4266 ,0.000478265 ,0.0175667 
610,16.4536 ,0.000472009 ,0.0173549 
611,16.4805 ,0.000465834 ,0.0171452 
612,16.5075 ,0.000459739 ,0.0169376 
613,16.5345 ,0.000453723 ,0.0167321 
614,16.5614 ,0.000447785 ,0.0165288 
615,16.5884 ,0.000441924 ,0.0163275 
616,16.6154 ,0.000436139 ,0.0161282 
617,16.6424 ,0.000430428 ,0.015931 
618,16.6693 ,0.000424792 ,0.0157358 
619,16.6963 ,0.00041923 ,0.0155426 
620,16.7233 ,0.000413739 ,0.0153514 
621,16.7503 ,0.00040832 ,0.0151621 
622,16.7772 ,0.000402971 ,0.0149747 
623,16.8042 ,0.000397691 ,0.0147893 
624,16.8312 ,0.000392481 ,0.0146058 
625,16.8582 ,0.000387338 ,0.0144241 
626,16.8851 ,0.000382262 ,0.0142443 
627,16.9121 ,0.000377252 ,0.0140663 
628,16.9391 ,0.000372307 ,0.0138902 
629,16.966 ,0.000367427 ,0.0137159 
630,16.993 ,0.00036261 ,0.0135433 
631,17.02 ,0.000357856 ,0.0133725 
632,17.047 ,0.000353164 ,0.0132035 
633,17.0739 ,0.000348533 ,0.0130362 
634,17.1009 ,0.000343963 ,0.0128707 
635,17.1279 ,0.000339452 ,0.0127068 
636,17.1549 ,0.000335 ,0.0125446 
637,17.1818 ,0.000330606 ,0.0123841 
638,17.2088 ,0.000326269 ,0.0122253 
639,17.2358 ,0.000321989 ,0.012068 
640,17.2627 ,0.000317765 ,0.0119124 
641,17.2897 ,0.000313596 ,0.0117585 
642,17.3167 ,0.000309482 ,0.011606 
643,17.3437 ,0.000305421 ,0.0114552 
644,17.3706 ,0.000301414 ,0.0113059 
645,17.3976 ,0.000297458 ,0.0111582 
646,17.4246 ,0.000293555 ,0.011012 
647,17.4516 ,0.000289702 ,0.0108673 
648,17.4785 ,0.0002859 ,0.0107241 
649,17.5055 ,0.000282148 ,0.0105824 
650,17.5325 ,0.000278445 ,0.0104421 
651,17.5595 ,0.00027479 ,0.0103033 
652,17.5864 ,0.000271183 ,0.0101659 
653,17.6134 ,0.000267624 ,0.01003 
654,17.6404 ,0.000264111 ,0.00989547 
655,17.6673 ,0.000260644 ,0.00976233 
656,17.6943 ,0.000257222 ,0.00963058 
657,17.7213 ,0.000253845 ,0.00950019 
658,17.7483 ,0.000250513 ,0.00937116 
659,17.7752 ,0.000247224 ,0.00924346 
660,17.8022 ,0.000243978 ,0.0091171 
661,17.8292 ,0.000240775 ,0.00899204 
662,17.8562 ,0.000237614 ,0.00886829 
663,17.8831 ,0.000234495 ,0.00874583 
664,17.9101 ,0.000231416 ,0.00862464 
665,17.9371 ,0.000228378 ,0.00850471 
666,17.964 ,0.000225379 ,0.00838603 
667,17.991 ,0.00022242 ,0.00826859 
668,18.018 ,0.0002195 ,0.00815238 
669,18.045 ,0.000216618 ,0.00803737 
670,18.0719 ,0.000213774 ,0.00792357 
671,18.0989 ,0.000210967 ,0.00781095 
672,18.1259 ,0.000208197 ,0.00769951 
673,18.1529 ,0.000205464 ,0.00758924 
674,18.1798 ,0.000202766 ,0.00748011 
675,18.2068 ,0.000200104 ,0.00737213 
676,18.2338 ,0.000197477 ,0.00726528 
677,18.2607 ,0.000194884 ,0.00715955 
678,18.2877 ,0.000192326 ,0.00705492 
679,18.3147 ,0.000189801 ,0.00695139 
680,18.3417 ,0.000187309 ,0.00684894 
681,18.3686 ,0.00018485 ,0.00674757 
682,18.3956 ,0.000182424 ,0.00664726 
683,18.4226 ,0.000180029 ,0.00654801 
684,18.4496 ,0.000177666 ,0.00644979 
685,18.4765 ,0.000175334 ,0.00635261 
686,18.5035 ,0.000173033 ,0.00625645 
687,18.5305 ,0.000170761 ,0.0061613 
688,18.5575 ,0.00016852 ,0.00606715 
689,18.5844 ,0.000166308 ,0.00597399 
690,18.6114 ,0.000164126 ,0.00588181 
691,18.6384 ,0.000161972 ,0.00579061 
692,18.6653 ,0.000159846 ,0.00570036 
693,18.6923 ,0.000157749 ,0.00561106 
694,18.7193 ,0.000155679 ,0.00552271 
695,18.7463 ,0.000153636 ,0.00543529 
696,18.7732 ,0.00015162 ,0.00534879 
697,18.8002 ,0.000149631 ,0.0052632 
698,18.8272 ,0.000147668 ,0.00517852 
699,18.8542 ,0.000145731 ,0.00509473 
700,18.8811 ,0.000143819 ,0.00501183 
701,18.9081 ,0.000141933 ,0.00492981 
702,18.9351 ,0.000140071 ,0.00484865 
703,18.962 ,0.000138234 ,0.00476836 
704,18.989 ,0.000136421 ,0.00468891 
705,19.016 ,0.000134632 ,0.00461031 
706,19.043 ,0.000132867 ,0.00453254 
707,19.0699 ,0.000131124 ,0.00445559 
708,19.0969 ,0.000129405 ,0.00437947 
709,19.1239 ,0.000127709 ,0.00430415 
710,19.1509 ,0.000126035 ,0.00422963 
711,19.1778 ,0.000124382 ,0.00415591 
712,19.2048 ,0.000122752 ,0.00408297 
713,19.2318 ,0.000121143 ,0.0040108 
714,19.2587 ,0.000119556 ,0.00393941 
715,19.2857 ,0.000117989 ,0.00386877 
716,19.3127 ,0.000116443 ,0.00379889 
717,19.3397 ,0.000114917 ,0.00372976 
718,19.3666 ,0.000113412 ,0.00366136 
719,19.3936 ,0.000111926 ,0.00359369 
720,19.4206 ,0.00011046 ,0.00352675 
721,19.4476 ,0.000109013 ,0.00346052 
722,19.4745 ,0.000107586 ,0.00339501 
723,19.5015 ,0.000106177 ,0.00333019 
724,19.5285 ,0.000104787 ,0.00326607 
725,19.5555 ,0.000103415 ,0.00320263 
726,19.5824 ,0.000102061 ,0.00313988 
727,19.6094 ,0.000100725 ,0.0030778 
728,19.6364 ,9.94072e-05 ,0.00301639 
729,19.6633 ,9.81063e-05 ,0.00295563 
730,19.6903 ,9.68226e-05 ,0.00289553 
731,19.7173 ,9.55559e-05 ,0.00283608 
732,19.7443 ,9.43059e-05 ,0.00277727 
733,19.7712 ,9.30724e-05 ,0.00271909 
734,19.7982 ,9.18551e-05 ,0.00266154 
735,19.8252 ,9.0654e-05 ,0.00260461 
736,19.8522 ,8.94687e-05 ,0.0025483 
737,19.8791 ,8.8299e-05 ,0.0024926 
738,19.9061 ,8.71448e-05 ,0.00243749 
739,19.9331 ,8.60059e-05 ,0.00238299 
740,19.96 ,8.4882e-05 ,0.00232907 
741,19.987 ,8.37729e-05 ,0.00227574 
742,20.014 ,8.26785e-05 ,0.00222299 
743,20.041 ,8.15985e-05 ,0.00217081 
744,20.0679 ,8.05328e-05 ,0.0021192 
745,20.0949 ,7.94812e-05 ,0.00206815 
746,20.1219 ,7.84435e-05 ,0.00201766 
747,20.1489 ,7.74195e-05 ,0.00196772 
748,20.1758 ,7.6409e-05 ,0.00191832 
749,20.2028 ,7.54118e-05 ,0.00186946 
750,20.2298 ,7.44279e-05 ,0.00182114 
751,20.2568 ,7.34569e-05 ,0.00177334 
752,20.2837 ,7.24988e-05 ,0.00172607 
753,20.3107 ,7.15534e-05 ,0.00167931 
754,20.3377 ,7.06204e-05 ,0.00163307 
755,20.3646 ,6.96998e-05 ,0.00158733 
756,20.3916 ,6.87914e-05 ,0.0015421 
757,20.4186 ,6.78949e-05 ,0.00149737 
758,20.4456 ,6.70104e-05 ,0.00145312 
759,20.4725 ,6.61375e-05 ,0.00140937 
760,20.4995 ,6.52762e-05 ,0.0013661 
761,20.5265 ,6.44262e-05 ,0.0013233 
762,20.5535 ,6.35875e-05 ,0.00128098 
763,20.5804 ,6.27599e-05 ,0.00123913 
764,20.6074 ,6.19433e-05 ,0.00119774 
765,20.6344 ,6.11374e-05 ,0.00115681 
766,20.6613 ,6.03422e-05 ,0.00111633 
767,20.6883 ,5.95576e-05 ,0.00107631 
768,20.7153 ,5.87833e-05 ,0.00103673 
769,20.7423 ,5.80192e-05 ,0.000997591 
770,20.7692 ,5.72653e-05 ,0.000958889 
771,20.7962 ,5.65214e-05 ,0.000920619 
772,20.8232 ,5.57873e-05 ,0.000882778 
773,20.8502 ,5.5063e-05 ,0.00084536 
774,20.8771 ,5.43482e-05 ,0.000808361 
775,20.9041 ,5.36429e-05 ,0.000771778 
776,20.9311 ,5.29469e-05 ,0.000735606 
777,20.958 ,5.22602e-05 ,0.000699842 
778,20.985 ,5.15826e-05 ,0.00066448 
779,21.012 ,5.09139e-05 ,0.000629518 
780,21.039 ,5.02541e-05 ,0.000594951 
781,21.0659 ,4.96031e-05 ,0.000560775 
782,21.0929 ,4.89606e-05 ,0.000526986 
783,21.1199 ,4.83267e-05 ,0.000493581 
784,21.1469 ,4.77012e-05 ,0.000460556 
785,21.1738 ,4.70841e-05 ,0.000427907 
786,21.2008 ,4.6475e-05 ,0.00039563 
787,21.2278 ,4.58741e-05 ,0.000363722 
788,21.2548 ,4.52812e-05 ,0.000332179 
789,21.2817 ,4.46961e-05 ,0.000300997 
790,21.3087 ,4.41188e-05 ,0.000270173 
791,21.3357 ,4.35491e-05 ,0.000239704 
792,21.3626 ,4.2987e-05 ,0.000209585 
793,21.3896 ,4.24324e-05 ,0.000179814 
794,21.4166 ,4.18851e-05 ,0.000150387 
795,21.4436 ,4.13452e-05 ,0.000121301 
796,21.4705 ,4.08124e-05 ,9.25514e-05 
797,21.4975 ,4.02866e-05 ,6.41363e-05 
798,21.5245 ,3.97679e-05 ,3.6052e-05 
799,21.5515 ,3.92561e-05 ,8.29528e-06 
800,21.5784 ,3.87511e-05 ,-1.91371e-05 
801,21.6054 ,3.82528e-05 ,-4.62483e-05 
802,21.6324 ,3.77611e-05 ,-7.30415e-05 
803,21.6593 ,3.7276e-05 ,-9.95196e-05 
804,21.6863 ,3.67973e-05 ,-0.000125686 
805,21.7133 ,3.6325e-05 ,-0.000151543 
806,21.7403 ,3.5859e-05 ,-0.000177094 
807,21.7672 ,3.53992e-05 ,-0.000202343 
808,21.7942 ,3.49456e-05 ,-0.000227291 
809,21.8212 ,3.44979e-05 ,-0.000251942 
810,21.8482 ,3.40563e-05 ,-0.000276299 
811,21.8751 ,3.36206e-05 ,-0.000300365 
812,21.9021 ,3.31906e-05 ,-0.000324142 
813,21.9291 ,3.27664e-05 ,-0.000347633 
814,21.956 ,3.23479e-05 ,-0.00037084 
815,21.983 ,3.1935e-05 ,-0.000393768 
816,22.01 ,3.15276e-05 ,-0.000416417 
817,22.037 ,3.11256e-05 ,-0.000438792 
818,22.0639 ,3.0729e-05 ,-0.000460894 
819,22.0909 ,3.03378e-05 ,-0.000482726 
820,22.1179 ,2.99517e-05 ,-0.000504291 
821,22.1449 ,2.95708e-05 ,-0.000525591 
822,22.1718 ,2.91951e-05 ,-0.000546629 
823,22.1988 ,2.88243e-05 ,-0.000567407 
824,22.2258 ,2.84586e-05 ,-0.000587927 
825,22.2528 ,2.80977e-05 ,-0.000608193 
826,22.2797 ,2.77417e-05 ,-0.000628206 
827,22.3067 ,2.73905e-05 ,-0.000647969 
828,22.3337 ,2.7044e-05 ,-0.000667484 
829,22.3606 ,2.67021e-05 ,-0.000686753 
830,22.3876 ,2.63649e-05 ,-0.000705779 
831,22.4146 ,2.60322e-05 ,-0.000724565 
832,22.4416 ,2.5704e-05 ,-0.000743111 
833,22.4685 ,2.53802e-05 ,-0.000761421 
834,22.4955 ,2.50607e-05 ,-0.000779497 
835,22.5225 ,2.47456e-05 ,-0.00079734 
836,22.5495 ,2.44347e-05 ,-0.000814954 
837,22.5764 ,2.4128e-05 ,-0.000832339 
838,22.6034 ,2.38255e-05 ,-0.000849499 
839,22.6304 ,2.3527e-05 ,-0.000866435 
840,22.6573 ,2.32326e-05 ,-0.000883149 
841,22.6843 ,2.29422e-05 ,-0.000899643 
842,22.7113 ,2.26558e-05 ,-0.00091592 
843,22.7383 ,2.23732e-05 ,-0.00093198 
844,22.7652 ,2.20944e-05 ,-0.000947827 
845,22.7922 ,2.18194e-05 ,-0.000963462 
846,22.8192 ,2.15482e-05 ,-0.000978887 
847,22.8462 ,2.12807e-05 ,-0.000994104 
848,22.8731 ,2.10168e-05 ,-0.00100911 
849,22.9001 ,2.07565e-05 ,-0.00102392 
850,22.9271 ,2.04997e-05 ,-0.00103852 
851,22.9541 ,2.02465e-05 ,-0.00105293 
852,22.981 ,1.99967e-05 ,-0.00106713 
853,23.008 ,1.97504e-05 ,-0.00108114 
854,23.035 ,1.95074e-05 ,-0.00109495 
855,23.0619 ,1.92677e-05 ,-0.00110856 
856,23.0889 ,1.90314e-05 ,-0.00112199 
857,23.1159 ,1.87982e-05 ,-0.00113522 
858,23.1429 ,1.85683e-05 ,-0.00114827 
859,23.1698 ,1.83416e-05 ,-0.00116112 
860,23.1968 ,1.8118e-05 ,-0.00117379 
861,23.2238 ,1.78975e-05 ,-0.00118628 
862,23.2508 ,1.768e-05 ,-0.00119859 
863,23.2777 ,1.74655e-05 ,-0.00121071 
864,23.3047 ,1.7254e-05 ,-0.00122265 
865,23.3317 ,1.70454e-05 ,-0.00123442 
866,23.3586 ,1.68398e-05 ,-0.00124601 
867,23.3856 ,1.6637e-05 ,-0.00125742 
868,23.4126 ,1.6437e-05 ,-0.00126866 
869,23.4396 ,1.62398e-05 ,-0.00127973 
870,23.4665 ,1.60454e-05 ,-0.00129063 
871,23.4935 ,1.58537e-05 ,-0.00130136 
872,23.5205 ,1.56647e-05 ,-0.00131192 
873,23.5475 ,1.54783e-05 ,-0.00132231 
874,23.5744 ,1.52945e-05 ,-0.00133254 
875,23.6014 ,1.51134e-05 ,-0.0013426 
876,23.6284 ,1.49348e-05 ,-0.0013525 
877,23.6553 ,1.47587e-05 ,-0.00136224 
878,23.6823 ,1.45851e-05 ,-0.00137182 
879,23.7093 ,1.4414e-05 ,-0.00138124 
880,23.7363 ,1.42454e-05 ,-0.0013905 
881,23.7632 ,1.40791e-05 ,-0.00139961 
882,23.7902 ,1.39152e-05 ,-0.00140855 
883,23.8172 ,1.37536e-05 ,-0.00141735 
884,23.8442 ,1.35944e-05 ,-0.00142599 
885,23.8711 ,1.34374e-05 ,-0.00143448 
886,23.8981 ,1.32828e-05 ,-0.00144282 
887,23.9251 ,1.31303e-05 ,-0.00145101 
888,23.9521 ,1.29801e-05 ,-0.00145905 
889,23.979 ,1.2832e-05 ,-0.00146694 
890,24.006 ,1.26861e-05 ,-0.00147469 
891,24.033 ,1.25423e-05 ,-0.00148229 
892,24.0599 ,1.24006e-05 ,-0.00148974 
893,24.0869 ,1.2261e-05 ,-0.00149706 
894,24.1139 ,1.21235e-05 ,-0.00150423 
895,24.1409 ,1.19879e-05 ,-0.00151125 
896,24.1678 ,1.18544e-05 ,-0.00151814 
897,24.1948 ,1.17229e-05 ,-0.00152489 
898,24.2218 ,1.15933e-05 ,-0.0015315 
899,24.2488 ,1.14657e-05 ,-0.00153797 
900,24.2757 ,1.13399e-05 ,-0.0015443 
901,24.3027 ,1.12161e-05 ,-0.0015505 
902,24.3297 ,1.10941e-05 ,-0.00155657 
903,24.3566 ,1.0974e-05 ,-0.0015625 
904,24.3836 ,1.08557e-05 ,-0.00156829 
905,24.4106 ,1.07392e-05 ,-0.00157395 
906,24.4376 ,1.06244e-05 ,-0.00157948 
907,24.4645 ,1.05115e-05 ,-0.00158488 
908,24.4915 ,1.04003e-05 ,-0.00159015 
909,24.5185 ,1.02908e-05 ,-0.00159529 
910,24.5455 ,1.0183e-05 ,-0.0016003 
911,24.5724 ,1.00769e-05 ,-0.00160519 
912,24.5994 ,9.97243e-06 ,-0.00160994 
913,24.6264 ,9.86963e-06 ,-0.00161457 
914,24.6533 ,9.76845e-06 ,-0.00161908 
915,24.6803 ,9.66889e-06 ,-0.00162346 
916,24.7073 ,9.57091e-06 ,-0.00162771 
917,24.7343 ,9.47451e-06 ,-0.00163184 
918,24.7612 ,9.37967e-06 ,-0.00163585 
919,24.7882 ,9.28636e-06 ,-0.00163973 
920,24.8152 ,9.19458e-06 ,-0.0016435 
921,24.8422 ,9.1043e-06 ,-0.00164714 
922,24.8691 ,9.01551e-06 ,-0.00165066 
923,24.8961 ,8.92819e-06 ,-0.00165406 
924,24.9231 ,8.84233e-06 ,-0.00165734 
925,24.9501 ,8.75792e-06 ,-0.0016605 
926,24.977 ,8.67493e-06 ,-0.00166355 
927,25.004 ,8.59335e-06 ,-0.00166647 
928,25.031 ,8.51317e-06 ,-0.00166928 
929,25.0579 ,8.43437e-06 ,-0.00167198 
930,25.0849 ,8.35694e-06 ,-0.00167455 
931,25.1119 ,8.28086e-06 ,-0.00167701 
932,25.1389 ,8.20612e-06 ,-0.00167936 
933,25.1658 ,8.13271e-06 ,-0.00168159 
934,25.1928 ,8.06061e-06 ,-0.00168371 
935,25.2198 ,7.98981e-06 ,-0.00168571 
936,25.2468 ,7.9203e-06 ,-0.0016876 
937,25.2737 ,7.85207e-06 ,-0.00168938 
938,25.3007 ,7.78509e-06 ,-0.00169104 
939,25.3277 ,7.71936e-06 ,-0.00169259 
940,25.3546 ,7.65487e-06 ,-0.00169403 
941,25.3816 ,7.5916e-06 ,-0.00169536 
942,25.4086 ,7.52955e-06 ,-0.00169658 
943,25.4356 ,7.4687e-06 ,-0.00169769 
944,25.4625 ,7.40904e-06 ,-0.00169869 
945,25.4895 ,7.35056e-06 ,-0.00169958 
946,25.5165 ,7.29324e-06 ,-0.00170036 
947,25.5435 ,7.23709e-06 ,-0.00170103 
948,25.5704 ,7.18208e-06 ,-0.00170159 
949,25.5974 ,7.12821e-06 ,-0.00170205 
950,25.6244 ,7.07546e-06 ,-0.00170239 
951,25.6514 ,7.02383e-06 ,-0.00170263 
952,25.6783 ,6.97331e-06 ,-0.00170276 
953,25.7053 ,6.92389e-06 ,-0.00170279 
954,25.7323 ,6.87555e-06 ,-0.00170271 
955,25.7592 ,6.82829e-06 ,-0.00170252 
956,25.7862 ,6.7821e-06 ,-0.00170222 
957,25.8132 ,6.73697e-06 ,-0.00170182 
958,25.8402 ,6.69289e-06 ,-0.00170132 
959,25.8671 ,6.64986e-06 ,-0.00170071 
960,25.8941 ,6.60786e-06 ,-0.0017 
961,25.9211 ,6.56688e-06 ,-0.00169918 
962,25.9481 ,6.52693e-06 ,-0.00169825 
963,25.975 ,6.48798e-06 ,-0.00169722 
964,26.002 ,6.45004e-06 ,-0.00169609 
965,26.029 ,6.41309e-06 ,-0.00169486 
966,26.0559 ,6.37713e-06 ,-0.00169352 
967,26.0829 ,6.34216e-06 ,-0.00169208 
968,26.1099 ,6.30815e-06 ,-0.00169054 
969,26.1369 ,6.27511e-06 ,-0.00168889 
970,26.1638 ,6.24304e-06 ,-0.00168714 
971,26.1908 ,6.21191e-06 ,-0.00168529 
972,26.2178 ,6.18173e-06 ,-0.00168334 
973,26.2448 ,6.1525e-06 ,-0.00168128 
974,26.2717 ,6.12419e-06 ,-0.00167913 
975,26.2987 ,6.09682e-06 ,-0.00167687 
976,26.3257 ,6.07037e-06 ,-0.00167451 
977,26.3526 ,6.04483e-06 ,-0.00167205 
978,26.3796 ,6.02021e-06 ,-0.00166949 
979,26.4066 ,5.99649e-06 ,-0.00166683 
980,26.4336 ,5.97367e-06 ,-0.00166407 
981,26.4605 ,5.95175e-06 ,-0.00166121 
982,26.4875 ,5.93072e-06 ,-0.00165825 
983,26.5145 ,5.91057e-06 ,-0.00165519 
984,26.5415 ,5.8913e-06 ,-0.00165203 
985,26.5684 ,5.87292e-06 ,-0.00164878 
986,26.5954 ,5.8554e-06 ,-0.00164542 
987,26.6224 ,5.83875e-06 ,-0.00164196 
988,26.6494 ,5.82296e-06 ,-0.00163841 
989,26.6763 ,5.80803e-06 ,-0.00163475 
990,26.7033 ,5.79396e-06 ,-0.001631 
991,26.7303 ,5.78074e-06 ,-0.00162715 
992,26.7572 ,5.76836e-06 ,-0.00162321 
993,26.7842 ,5.75684e-06 ,-0.00161916 
994,26.8112 ,5.74615e-06 ,-0.00161502 
995,26.8382 ,5.7363e-06 ,-0.00161078 
996,26.8651 ,5.72728e-06 ,-0.00160644 
997,26.8921 ,5.7191e-06 ,-0.001602 
998,26.9191 ,5.71174e-06 ,-0.00159747 
999,26.9461 ,5.70522e-06 ,-0.00159284 
1000,26.973 ,5.69951e-06 ,-0.00158812 