N_e = 20
1,0.027 ,7.21651e-05 ,-2743.25 
2,0.053973 ,7.22012e-05 ,-686.326 
3,0.080946 ,9.80731e-05 ,-305.007 
4,0.107919 ,0.000127459 ,-171.494 
5,0.134892 ,0.000157854 ,-109.684 
6,0.161865 ,0.000188648 ,-76.1038 
7,0.188838 ,0.000219634 ,-55.8543 
8,0.215811 ,0.000250724 ,-42.7108 
9,0.242784 ,0.000281877 ,-33.6991 
10,0.269757 ,0.000313073 ,-27.2529 
11,0.29673 ,0.000344299 ,-22.4833 
12,0.323703 ,0.000375549 ,-18.8555 
13,0.350676 ,0.000406819 ,-16.0321 
14,0.377649 ,0.000438106 ,-13.7918 
15,0.404622 ,0.000469409 ,-11.9844 
16,0.431595 ,0.000500726 ,-10.5052 
17,0.458568 ,0.000532059 ,-9.27914 
18,0.485541 ,0.000563407 ,-8.25171 
19,0.512514 ,0.000594769 ,-7.38217 
20,0.539487 ,0.000626146 ,-6.63975 
21,0.56646 ,0.000657538 ,-6.00082 
22,0.593433 ,0.000688947 ,-5.44701 
23,0.620406 ,0.000720371 ,-4.96383 
24,0.647379 ,0.000751813 ,-4.53976 
25,0.674352 ,0.000783271 ,-4.16553 
26,0.701325 ,0.000814748 ,-3.83364 
27,0.728298 ,0.000846242 ,-3.53792 
28,0.755271 ,0.000877756 ,-3.2733 
29,0.782244 ,0.000909289 ,-3.03555 
30,0.809217 ,0.000940843 ,-2.82118 
31,0.83619 ,0.000972417 ,-2.62719 
32,0.863163 ,0.00100401 ,-2.45109 
33,0.890136 ,0.00103563 ,-2.29074 
34,0.917109 ,0.00106727 ,-2.14432 
35,0.944082 ,0.00109893 ,-2.01024 
36,0.971055 ,0.00113062 ,-1.88718 
37,0.998028 ,0.00116233 ,-1.77393 
38,1.025 ,0.00119406 ,-1.6695 
39,1.05197 ,0.00122582 ,-1.57298 
40,1.07895 ,0.00125761 ,-1.4836 
41,1.10592 ,0.00128942 ,-1.40066 
42,1.13289 ,0.00132127 ,-1.32356 
43,1.15987 ,0.00135313 ,-1.25176 
44,1.18684 ,0.00138503 ,-1.18479 
45,1.21381 ,0.00141695 ,-1.12221 
46,1.24079 ,0.00144891 ,-1.06367 
47,1.26776 ,0.00148089 ,-1.0088 
48,1.29473 ,0.00151291 ,-0.957316 
49,1.3217 ,0.00154495 ,-0.908932 
50,1.34868 ,0.00157703 ,-0.863417 
51,1.37565 ,0.00160913 ,-0.82053 
52,1.40262 ,0.00164127 ,-0.78009 
53,1.4296 ,0.00167345 ,-0.741894 
54,1.45657 ,0.00170565 ,-0.705797 
55,1.48354 ,0.00173789 ,-0.671629 
56,1.51051 ,0.00177017 ,-0.639271 
57,1.53749 ,0.00180248 ,-0.608579 
58,1.56446 ,0.00183482 ,-0.579457 
59,1.59143 ,0.0018672 ,-0.551782 
60,1.61841 ,0.00189961 ,-0.525476 
61,1.64538 ,0.00193207 ,-0.50043 
62,1.67235 ,0.00196455 ,-0.476585 
63,1.69933 ,0.00199708 ,-0.453844 
64,1.7263 ,0.00202964 ,-0.432158 
65,1.75327 ,0.00206224 ,-0.411443 
66,1.78024 ,0.00209488 ,-0.391661 
67,1.80722 ,0.00212756 ,-0.372736 
68,1.83419 ,0.00216028 ,-0.354638 
69,1.86116 ,0.00219303 ,-0.3373 
70,1.88814 ,0.00222583 ,-0.320698 
71,1.91511 ,0.00225867 ,-0.304771 
72,1.94208 ,0.00229155 ,-0.289501 
73,1.96906 ,0.00232446 ,-0.274834 
74,1.99603 ,0.00235742 ,-0.260756 
75,2.023 ,0.00239042 ,-0.247216 
76,2.04998 ,0.00242346 ,-0.234206 
77,2.07695 ,0.00245655 ,-0.221679 
78,2.10392 ,0.00248968 ,-0.209629 
79,2.13089 ,0.00252284 ,-0.198014 
80,2.15787 ,0.00255606 ,-0.186831 
81,2.18484 ,0.00258931 ,-0.176038 
82,2.21181 ,0.00262261 ,-0.165638 
83,2.23879 ,0.00265595 ,-0.15559 
84,2.26576 ,0.00268934 ,-0.1459 
85,2.29273 ,0.00272277 ,-0.136528 
86,2.31971 ,0.00275624 ,-0.127482 
87,2.34668 ,0.00278976 ,-0.118725 
88,2.37365 ,0.00282332 ,-0.110266 
89,2.40062 ,0.00285693 ,-0.102069 
90,2.4276 ,0.00289058 ,-0.0941448 
91,2.45457 ,0.00292427 ,-0.0864596 
92,2.48154 ,0.00295802 ,-0.079025 
93,2.50852 ,0.0029918 ,-0.0718078 
94,2.53549 ,0.00302564 ,-0.0648215 
95,2.56246 ,0.00305951 ,-0.0580334 
96,2.58944 ,0.00309344 ,-0.0514583 
97,2.61641 ,0.00312741 ,-0.0450645 
98,2.64338 ,0.00316142 ,-0.0388674 
99,2.67035 ,0.00319548 ,-0.0328361 
100,2.69733 ,0.00322959 ,-0.0269872 
101,2.7243 ,0.00326374 ,-0.02129 
102,2.75127 ,0.00329794 ,-0.0157621 
103,2.77825 ,0.00333219 ,-0.0103732 
104,2.80522 ,0.00336648 ,-0.00514186 
105,2.83219 ,0.00340082 ,-3.80788e-05 
106,2.85917 ,0.0034352 ,0.00491902 
107,2.88614 ,0.00346963 ,0.00975895 
108,2.91311 ,0.0035041 ,0.014462 
109,2.94008 ,0.00353862 ,0.0190573 
110,2.96706 ,0.00357319 ,0.0235247 
111,2.99403 ,0.0036078 ,0.027893 
112,3.021 ,0.00364246 ,0.0321415 
113,3.04798 ,0.00367717 ,0.0362989 
114,3.07495 ,0.00371192 ,0.0403438 
115,3.10192 ,0.00374671 ,0.0443049 
116,3.12889 ,0.00378155 ,0.0481603 
117,3.15587 ,0.00381644 ,0.0519386 
118,3.18284 ,0.00385137 ,0.0556174 
119,3.20981 ,0.00388635 ,0.0592252 
120,3.23679 ,0.00392137 ,0.0627391 
121,3.26376 ,0.00395643 ,0.0661878 
122,3.29073 ,0.00399154 ,0.0695478 
123,3.31771 ,0.00402669 ,0.0728477 
124,3.34468 ,0.00406189 ,0.0760638 
125,3.37165 ,0.00409713 ,0.0792246 
126,3.39863 ,0.00413242 ,0.082306 
127,3.4256 ,0.00416775 ,0.0853366 
128,3.45257 ,0.00420312 ,0.0882918 
129,3.47954 ,0.00423853 ,0.0912003 
130,3.50652 ,0.00427399 ,0.0940372 
131,3.53349 ,0.00430949 ,0.0968314 
132,3.56046 ,0.00434503 ,0.0995573 
133,3.58744 ,0.00438061 ,0.102244 
134,3.61441 ,0.00441623 ,0.104866 
135,3.64138 ,0.00445189 ,0.107451 
136,3.66836 ,0.00448759 ,0.109975 
137,3.69533 ,0.00452334 ,0.112466 
138,3.7223 ,0.00455912 ,0.114898 
139,3.74927 ,0.00459494 ,0.1173 
140,3.77625 ,0.0046308 ,0.119645 
141,3.80322 ,0.0046667 ,0.121962 
142,3.83019 ,0.00470263 ,0.124226 
143,3.85717 ,0.00473861 ,0.126464 
144,3.88414 ,0.00477462 ,0.128651 
145,3.91111 ,0.00481066 ,0.130815 
146,3.93809 ,0.00484674 ,0.132929 
147,3.96506 ,0.00488286 ,0.135023 
148,3.99203 ,0.00491901 ,0.137069 
149,4.019 ,0.00495519 ,0.139096 
150,4.04598 ,0.00499141 ,0.141077 
151,4.07295 ,0.00502766 ,0.143042 
152,4.09992 ,0.00506394 ,0.144962 
153,4.1269 ,0.00510025 ,0.146868 
154,4.15387 ,0.00513659 ,0.14873 
155,4.18084 ,0.00517297 ,0.15058 
156,4.20782 ,0.00520937 ,0.152388 
157,4.23479 ,0.0052458 ,0.154185 
158,4.26176 ,0.00528226 ,0.155942 
159,4.28873 ,0.00531875 ,0.157689 
160,4.31571 ,0.00535526 ,0.159396 
161,4.34268 ,0.00539179 ,0.161096 
162,4.36965 ,0.00542836 ,0.162758 
163,4.39663 ,0.00546494 ,0.164413 
164,4.4236 ,0.00550155 ,0.166031 
165,4.45057 ,0.00553818 ,0.167643 
166,4.47755 ,0.00557483 ,0.16922 
167,4.50452 ,0.0056115 ,0.170792 
168,4.53149 ,0.00564819 ,0.17233 
169,4.55846 ,0.0056849 ,0.173864 
170,4.58544 ,0.00572162 ,0.175364 
171,4.61241 ,0.00575837 ,0.176862 
172,4.63938 ,0.00579512 ,0.178327 
173,4.66636 ,0.00583189 ,0.179791 
174,4.69333 ,0.00586868 ,0.181222 
175,4.7203 ,0.00590547 ,0.182653 
176,4.74728 ,0.00594228 ,0.184053 
177,4.77425 ,0.0059791 ,0.185454 
178,4.80122 ,0.00601592 ,0.186823 
179,4.82819 ,0.00605276 ,0.188194 
180,4.85517 ,0.0060896 ,0.189535 
181,4.88214 ,0.00612644 ,0.190878 
182,4.90911 ,0.00616329 ,0.192192 
183,4.93609 ,0.00620014 ,0.193509 
184,4.96306 ,0.00623699 ,0.194797 
185,4.99003 ,0.00627384 ,0.196088 
186,5.01701 ,0.00631069 ,0.197351 
187,5.04398 ,0.00634754 ,0.198619 
188,5.07095 ,0.00638439 ,0.199859 
189,5.09792 ,0.00642123 ,0.201103 
190,5.1249 ,0.00645806 ,0.202321 
191,5.15187 ,0.00649488 ,0.203544 
192,5.17884 ,0.0065317 ,0.20474 
193,5.20582 ,0.0065685 ,0.205942 
194,5.23279 ,0.00660529 ,0.207118 
195,5.25976 ,0.00664206 ,0.2083 
196,5.28674 ,0.00667883 ,0.209457 
197,5.31371 ,0.00671557 ,0.210621 
198,5.34068 ,0.00675229 ,0.211759 
199,5.36765 ,0.006789 ,0.212905 
200,5.39463 ,0.00682568 ,0.214026 
201,5.4216 ,0.00686234 ,0.215154 
202,5.44857 ,0.00689897 ,0.216258 
203,5.47555 ,0.00693557 ,0.21737 
204,5.50252 ,0.00697215 ,0.218458 
205,5.52949 ,0.0070087 ,0.219555 
206,5.55647 ,0.00704521 ,0.220627 
207,5.58344 ,0.00708169 ,0.221709 
208,5.61041 ,0.00711813 ,0.222767 
209,5.63738 ,0.00715454 ,0.223834 
210,5.66436 ,0.0071909 ,0.224878 
211,5.69133 ,0.00722722 ,0.225931 
212,5.7183 ,0.0072635 ,0.226962 
213,5.74528 ,0.00729974 ,0.228002 
214,5.77225 ,0.00733593 ,0.22902 
215,5.79922 ,0.00737206 ,0.230047 
216,5.8262 ,0.00740815 ,0.231052 
217,5.85317 ,0.00744418 ,0.232068 
218,5.88014 ,0.00748016 ,0.233061 
219,5.90711 ,0.00751608 ,0.234065 
220,5.93409 ,0.00755194 ,0.235047 
221,5.96106 ,0.00758774 ,0.236039 
222,5.98803 ,0.00762347 ,0.23701 
223,6.01501 ,0.00765914 ,0.237992 
224,6.04198 ,0.00769474 ,0.238952 
225,6.06895 ,0.00773027 ,0.239923 
226,6.09593 ,0.00776572 ,0.240873 
227,6.1229 ,0.0078011 ,0.241835 
228,6.14987 ,0.00783641 ,0.242775 
229,6.17684 ,0.00787163 ,0.243726 
230,6.20382 ,0.00790678 ,0.244657 
231,6.23079 ,0.00794183 ,0.245599 
232,6.25776 ,0.00797681 ,0.246521 
233,6.28474 ,0.00801169 ,0.247454 
234,6.31171 ,0.00804648 ,0.248367 
235,6.33868 ,0.00808118 ,0.249291 
236,6.36566 ,0.00811578 ,0.250195 
237,6.39263 ,0.00815028 ,0.251111 
238,6.4196 ,0.00818468 ,0.252006 
239,6.44657 ,0.00821898 ,0.252914 
240,6.47355 ,0.00825317 ,0.253801 
241,6.50052 ,0.00828726 ,0.254701 
242,6.52749 ,0.00832123 ,0.255581 
243,6.55447 ,0.00835509 ,0.256472 
244,6.58144 ,0.00838883 ,0.257344 
245,6.60841 ,0.00842245 ,0.258229 
246,6.63539 ,0.00845595 ,0.259093 
247,6.66236 ,0.00848933 ,0.25997 
248,6.68933 ,0.00852258 ,0.260827 
249,6.7163 ,0.0085557 ,0.261697 
250,6.74328 ,0.00858869 ,0.262547 
251,6.77025 ,0.00862154 ,0.263409 
252,6.79722 ,0.00865426 ,0.264253 
253,6.8242 ,0.00868683 ,0.265108 
254,6.85117 ,0.00871926 ,0.265945 
255,6.87814 ,0.00875155 ,0.266794 
256,6.90512 ,0.00878368 ,0.267624 
257,6.93209 ,0.00881567 ,0.268466 
258,6.95906 ,0.0088475 ,0.26929 
259,6.98603 ,0.00887917 ,0.270126 
260,7.01301 ,0.00891068 ,0.270943 
261,7.03998 ,0.00894203 ,0.271773 
262,7.06695 ,0.00897321 ,0.272584 
263,7.09393 ,0.00900423 ,0.273408 
264,7.1209 ,0.00903507 ,0.274213 
265,7.14787 ,0.00906574 ,0.27503 
266,7.17485 ,0.00909623 ,0.27583 
267,7.20182 ,0.00912654 ,0.276641 
268,7.22879 ,0.00915666 ,0.277435 
269,7.25576 ,0.0091866 ,0.278241 
270,7.28274 ,0.00921635 ,0.279028 
271,7.30971 ,0.00924591 ,0.279829 
272,7.33668 ,0.00927527 ,0.280611 
273,7.36366 ,0.00930443 ,0.281406 
274,7.39063 ,0.00933339 ,0.282182 
275,7.4176 ,0.00936215 ,0.282972 
276,7.44458 ,0.0093907 ,0.283743 
277,7.47155 ,0.00941904 ,0.284527 
278,7.49852 ,0.00944717 ,0.285293 
279,7.52549 ,0.00947507 ,0.286072 
280,7.55247 ,0.00950276 ,0.286833 
281,7.57944 ,0.00953023 ,0.287606 
282,7.60641 ,0.00955747 ,0.288362 
283,7.63339 ,0.00958448 ,0.289131 
284,7.66036 ,0.00961126 ,0.289882 
285,7.68733 ,0.0096378 ,0.290645 
286,7.71431 ,0.0096641 ,0.291391 
287,7.74128 ,0.00969016 ,0.29215 
288,7.76825 ,0.00971598 ,0.292891 
289,7.79522 ,0.00974155 ,0.293645 
290,7.8222 ,0.00976687 ,0.294382 
291,7.84917 ,0.00979194 ,0.295131 
292,7.87614 ,0.00981675 ,0.295863 
293,7.90312 ,0.00984129 ,0.296608 
294,7.93009 ,0.00986558 ,0.297335 
295,7.95706 ,0.0098896 ,0.298075 
296,7.98404 ,0.00991334 ,0.298798 
297,8.01101 ,0.00993682 ,0.299534 
298,8.03798 ,0.00996002 ,0.300252 
299,8.06495 ,0.00998294 ,0.300983 
300,8.09193 ,0.0100056 ,0.301698 
301,8.1189 ,0.0100279 ,0.302425 
302,8.14587 ,0.01005 ,0.303135 
303,8.17285 ,0.0100718 ,0.303857 
304,8.19982 ,0.0100932 ,0.304563 
305,8.22679 ,0.0101144 ,0.305282 
306,8.25376 ,0.0101353 ,0.305983 
307,8.28074 ,0.0101559 ,0.306698 
308,8.30771 ,0.0101761 ,0.307395 
309,8.33468 ,0.0101961 ,0.308106 
310,8.36166 ,0.0102157 ,0.308799 
311,8.38863 ,0.010235 ,0.309505 
312,8.4156 ,0.0102541 ,0.310195 
313,8.44258 ,0.0102727 ,0.310897 
314,8.46955 ,0.0102911 ,0.311583 
315,8.49652 ,0.0103091 ,0.312282 
316,8.52349 ,0.0103268 ,0.312964 
317,8.55047 ,0.0103442 ,0.313658 
318,8.57744 ,0.0103612 ,0.314336 
319,8.60441 ,0.0103779 ,0.315026 
320,8.63139 ,0.0103942 ,0.315701 
321,8.65836 ,0.0104102 ,0.316387 
322,8.68533 ,0.0104258 ,0.317058 
323,8.71231 ,0.0104411 ,0.31774 
324,8.73928 ,0.010456 ,0.318407 
325,8.76625 ,0.0104706 ,0.319085 
326,8.79322 ,0.0104848 ,0.319748 
327,8.8202 ,0.0104986 ,0.320423 
328,8.84717 ,0.0105121 ,0.321082 
329,8.87414 ,0.0105252 ,0.321752 
330,8.90112 ,0.0105379 ,0.322407 
331,8.92809 ,0.0105502 ,0.323074 
332,8.95506 ,0.0105622 ,0.323725 
333,8.98204 ,0.0105738 ,0.324387 
334,9.00901 ,0.010585 ,0.325034 
335,9.03598 ,0.0105958 ,0.325693 
336,9.06295 ,0.0106062 ,0.326336 
337,9.08993 ,0.0106162 ,0.32699 
338,9.1169 ,0.0106258 ,0.327629 
339,9.14387 ,0.0106351 ,0.328278 
340,9.17085 ,0.0106439 ,0.328913 
341,9.19782 ,0.0106523 ,0.329558 
342,9.22479 ,0.0106603 ,0.330188 
343,9.25177 ,0.0106679 ,0.330829 
344,9.27874 ,0.0106751 ,0.331454 
345,9.30571 ,0.0106818 ,0.33209 
346,9.33268 ,0.0106882 ,0.332711 
347,9.35966 ,0.0106941 ,0.333342 
348,9.38663 ,0.0106996 ,0.333958 
349,9.4136 ,0.0107047 ,0.334584 
350,9.44058 ,0.0107093 ,0.335195 
351,9.46755 ,0.0107135 ,0.335816 
352,9.49452 ,0.0107173 ,0.336421 
353,9.5215 ,0.0107206 ,0.337037 
354,9.54847 ,0.0107235 ,0.337636 
355,9.57544 ,0.010726 ,0.338246 
356,9.60241 ,0.010728 ,0.33884 
357,9.62939 ,0.0107296 ,0.339444 
358,9.65636 ,0.0107307 ,0.340032 
359,9.68333 ,0.0107314 ,0.340629 
360,9.71031 ,0.0107316 ,0.341211 
361,9.73728 ,0.0107314 ,0.341802 
362,9.76425 ,0.0107307 ,0.342377 
363,9.79123 ,0.0107296 ,0.342961 
364,9.8182 ,0.010728 ,0.343529 
365,9.84517 ,0.0107259 ,0.344106 
366,9.87214 ,0.0107234 ,0.344666 
367,9.89912 ,0.0107204 ,0.345236 
368,9.92609 ,0.0107169 ,0.345788 
369,9.95306 ,0.010713 ,0.34635 
370,9.98004 ,0.0107086 ,0.346895 
371,10.007 ,0.0107037 ,0.347448 
372,10.034 ,0.0106984 ,0.347984 
373,10.061 ,0.0106926 ,0.348529 
374,10.0879 ,0.0106863 ,0.349056 
375,10.1149 ,0.0106795 ,0.349592 
376,10.1419 ,0.0106722 ,0.35011 
377,10.1688 ,0.0106645 ,0.350635 
378,10.1958 ,0.0106563 ,0.351144 
379,10.2228 ,0.0106476 ,0.351659 
380,10.2498 ,0.0106384 ,0.352158 
381,10.2767 ,0.0106287 ,0.352663 
382,10.3037 ,0.0106186 ,0.35315 
383,10.3307 ,0.0106079 ,0.353644 
384,10.3577 ,0.0105968 ,0.35412 
385,10.3846 ,0.0105852 ,0.354603 
386,10.4116 ,0.0105731 ,0.355067 
387,10.4386 ,0.0105605 ,0.355537 
388,10.4656 ,0.0105474 ,0.355989 
389,10.4925 ,0.0105338 ,0.356447 
390,10.5195 ,0.0105198 ,0.356886 
391,10.5465 ,0.0105052 ,0.357331 
392,10.5734 ,0.0104901 ,0.357756 
393,10.6004 ,0.0104746 ,0.358187 
394,10.6274 ,0.0104586 ,0.358599 
395,10.6544 ,0.010442 ,0.359015 
396,10.6813 ,0.010425 ,0.359412 
397,10.7083 ,0.0104075 ,0.359813 
398,10.7353 ,0.0103895 ,0.360195 
399,10.7623 ,0.010371 ,0.360581 
400,10.7892 ,0.010352 ,0.360947 
401,10.8162 ,0.0103325 ,0.361316 
402,10.8432 ,0.0103126 ,0.361666 
403,10.8701 ,0.0102921 ,0.362019 
404,10.8971 ,0.0102712 ,0.362351 
405,10.9241 ,0.0102498 ,0.362686 
406,10.9511 ,0.0102278 ,0.363001 
407,10.978 ,0.0102054 ,0.363318 
408,11.005 ,0.0101825 ,0.363614 
409,11.032 ,0.0101592 ,0.363912 
410,11.059 ,0.0101353 ,0.364189 
411,11.0859 ,0.010111 ,0.364468 
412,11.1129 ,0.0100862 ,0.364725 
413,11.1399 ,0.0100609 ,0.364983 
414,11.1668 ,0.0100351 ,0.36522 
415,11.1938 ,0.0100089 ,0.365458 
416,11.2208 ,0.00998218 ,0.365673 
417,11.2478 ,0.00995499 ,0.36589 
418,11.2747 ,0.00992734 ,0.366083 
419,11.3017 ,0.00989923 ,0.366277 
420,11.3287 ,0.00987065 ,0.366448 
421,11.3557 ,0.00984161 ,0.366619 
422,11.3826 ,0.00981211 ,0.366767 
423,11.4096 ,0.00978215 ,0.366915 
424,11.4366 ,0.00975174 ,0.367039 
425,11.4636 ,0.00972088 ,0.367162 
426,11.4905 ,0.00968957 ,0.367261 
427,11.5175 ,0.00965781 ,0.367359 
428,11.5445 ,0.00962561 ,0.367434 
429,11.5714 ,0.00959298 ,0.367506 
430,11.5984 ,0.0095599 ,0.367554 
431,11.6254 ,0.0095264 ,0.3676 
432,11.6524 ,0.00949246 ,0.367621 
433,11.6793 ,0.0094581 ,0.36764 
434,11.7063 ,0.00942332 ,0.367634 
435,11.7333 ,0.00938812 ,0.367625 
436,11.7603 ,0.0093525 ,0.367591 
437,11.7872 ,0.00931648 ,0.367553 
438,11.8142 ,0.00928004 ,0.36749 
439,11.8412 ,0.00924321 ,0.367423 
440,11.8681 ,0.00920597 ,0.367331 
441,11.8951 ,0.00916834 ,0.367234 
442,11.9221 ,0.00913032 ,0.367111 
443,11.9491 ,0.00909192 ,0.366984 
444,11.976 ,0.00905314 ,0.366831 
445,12.003 ,0.00901398 ,0.366672 
446,12.03 ,0.00897444 ,0.366487 
447,12.057 ,0.00893455 ,0.366296 
448,12.0839 ,0.00889429 ,0.366079 
449,12.1109 ,0.00885367 ,0.365856 
450,12.1379 ,0.0088127 ,0.365606 
451,12.1648 ,0.00877139 ,0.365349 
452,12.1918 ,0.00872973 ,0.365066 
453,12.2188 ,0.00868774 ,0.364775 
454,12.2458 ,0.00864542 ,0.364458 
455,12.2727 ,0.00860277 ,0.364133 
456,12.2997 ,0.00855981 ,0.36378 
457,12.3267 ,0.00851653 ,0.36342 
458,12.3537 ,0.00847294 ,0.363032 
459,12.3806 ,0.00842906 ,0.362636 
460,12.4076 ,0.00838487 ,0.362213 
461,12.4346 ,0.0083404 ,0.36178 
462,12.4616 ,0.00829564 ,0.36132 
463,12.4885 ,0.00825061 ,0.36085 
464,12.5155 ,0.0082053 ,0.360352 
465,12.5425 ,0.00815973 ,0.359845 
466,12.5694 ,0.00811389 ,0.35931 
467,12.5964 ,0.00806781 ,0.358765 
468,12.6234 ,0.00802148 ,0.358191 
469,12.6504 ,0.00797491 ,0.357607 
470,12.6773 ,0.0079281 ,0.356994 
471,12.7043 ,0.00788107 ,0.356371 
472,12.7313 ,0.00783382 ,0.355719 
473,12.7583 ,0.00778636 ,0.355055 
474,12.7852 ,0.00773869 ,0.354363 
475,12.8122 ,0.00769082 ,0.35366 
476,12.8392 ,0.00764275 ,0.352927 
477,12.8661 ,0.0075945 ,0.352183 
478,12.8931 ,0.00754608 ,0.351409 
479,12.9201 ,0.00749747 ,0.350624 
480,12.9471 ,0.00744871 ,0.349809 
481,12.974 ,0.00739979 ,0.348981 
482,13.001 ,0.00735071 ,0.348124 
483,13.028 ,0.00730149 ,0.347254 
484,13.055 ,0.00725214 ,0.346355 
485,13.0819 ,0.00720265 ,0.345443 
486,13.1089 ,0.00715304 ,0.344501 
487,13.1359 ,0.00710332 ,0.343545 
488,13.1629 ,0.00705349 ,0.34256 
489,13.1898 ,0.00700356 ,0.341561 
490,13.2168 ,0.00695353 ,0.340532 
491,13.2438 ,0.00690342 ,0.33949 
492,13.2707 ,0.00685323 ,0.338417 
493,13.2977 ,0.00680297 ,0.33733 
494,13.3247 ,0.00675264 ,0.336213 
495,13.3517 ,0.00670226 ,0.335081 
496,13.3786 ,0.00665182 ,0.33392 
497,13.4056 ,0.00660135 ,0.332744 
498,13.4326 ,0.00655083 ,0.331537 
499,13.4596 ,0.00650029 ,0.330316 
500,13.4865 ,0.00644973 ,0.329064 
501,13.5135 ,0.00639916 ,0.327797 
502,13.5405 ,0.00634858 ,0.3265 
503,13.5674 ,0.006298 ,0.325188 
504,13.5944 ,0.00624743 ,0.323845 
505,13.6214 ,0.00619687 ,0.322487 
506,13.6484 ,0.00614634 ,0.321099 
507,13.6753 ,0.00609584 ,0.319694 
508,13.7023 ,0.00604537 ,0.31826 
509,13.7293 ,0.00599495 ,0.316809 
510,13.7563 ,0.00594457 ,0.315328 
511,13.7832 ,0.00589426 ,0.313831 
512,13.8102 ,0.00584401 ,0.312304 
513,13.8372 ,0.00579383 ,0.31076 
514,13.8641 ,0.00574374 ,0.309187 
515,13.8911 ,0.00569372 ,0.307597 
516,13.9181 ,0.0056438 ,0.305977 
517,13.9451 ,0.00559398 ,0.30434 
518,13.972 ,0.00554427 ,0.302673 
519,13.999 ,0.00549466 ,0.300989 
520,14.026 ,0.00544518 ,0.299276 
521,14.053 ,0.00539582 ,0.297546 
522,14.0799 ,0.0053466 ,0.295786 
523,14.1069 ,0.00529751 ,0.294008 
524,14.1339 ,0.00524857 ,0.292202 
525,14.1609 ,0.00519979 ,0.290378 
526,14.1878 ,0.00515115 ,0.288525 
527,14.2148 ,0.00510269 ,0.286654 
528,14.2418 ,0.00505439 ,0.284754 
529,14.2687 ,0.00500627 ,0.282837 
530,14.2957 ,0.00495834 ,0.280891 
531,14.3227 ,0.00491059 ,0.278927 
532,14.3497 ,0.00486303 ,0.276934 
533,14.3766 ,0.00481568 ,0.274924 
534,14.4036 ,0.00476853 ,0.272886 
535,14.4306 ,0.00472159 ,0.270856 
536,14.4576 ,0.00467487 ,0.268837 
537,14.4845 ,0.00462837 ,0.266837 
538,14.5115 ,0.0045821 ,0.264846 
539,14.5385 ,0.00453607 ,0.262875 
540,14.5654 ,0.00449027 ,0.260914 
541,14.5924 ,0.00444471 ,0.258972 
542,14.6194 ,0.00439939 ,0.257039 
543,14.6464 ,0.00435433 ,0.255125 
544,14.6733 ,0.00430952 ,0.25322 
545,14.7003 ,0.00426497 ,0.251334 
546,14.7273 ,0.00422068 ,0.249457 
547,14.7543 ,0.00417666 ,0.247598 
548,14.7812 ,0.0041329 ,0.245748 
549,14.8082 ,0.00408942 ,0.243916 
550,14.8352 ,0.0040462 ,0.242094 
551,14.8621 ,0.00400327 ,0.240288 
552,14.8891 ,0.00396062 ,0.238492 
553,14.9161 ,0.00391825 ,0.236713 
554,14.9431 ,0.00387616 ,0.234943 
555,14.97 ,0.00383436 ,0.233189 
556,14.997 ,0.00379285 ,0.231445 
557,15.024 ,0.00375164 ,0.229717 
558,15.051 ,0.00371071 ,0.227999 
559,15.0779 ,0.00367008 ,0.226296 
560,15.1049 ,0.00362975 ,0.224602 
561,15.1319 ,0.00358971 ,0.222923 
562,15.1589 ,0.00354997 ,0.221254 
563,15.1858 ,0.00351054 ,0.2196 
564,15.2128 ,0.0034714 ,0.217955 
565,15.2398 ,0.00343257 ,0.216325 
566,15.2667 ,0.00339405 ,0.214704 
567,15.2937 ,0.00335582 ,0.213097 
568,15.3207 ,0.0033179 ,0.2115 
569,15.3477 ,0.00328029 ,0.209916 
570,15.3746 ,0.00324298 ,0.208342 
571,15.4016 ,0.00320599 ,0.206781 
572,15.4286 ,0.00316929 ,0.205229 
573,15.4556 ,0.00313291 ,0.203691 
574,15.4825 ,0.00309683 ,0.202162 
575,15.5095 ,0.00306106 ,0.200646 
576,15.5365 ,0.0030256 ,0.199138 
577,15.5634 ,0.00299044 ,0.197644 
578,15.5904 ,0.00295559 ,0.196159 
579,15.6174 ,0.00292105 ,0.194686 
580,15.6444 ,0.00288682 ,0.193222 
581,15.6713 ,0.00285289 ,0.19177 
582,15.6983 ,0.00281927 ,0.190327 
583,15.7253 ,0.00278595 ,0.188897 
584,15.7523 ,0.00275293 ,0.187474 
585,15.7792 ,0.00272023 ,0.186064 
586,15.8062 ,0.00268782 ,0.184662 
587,15.8332 ,0.00265572 ,0.183272 
588,15.8602 ,0.00262392 ,0.18189 
589,15.8871 ,0.00259242 ,0.18052 
590,15.9141 ,0.00256122 ,0.179158 
591,15.9411 ,0.00253031 ,0.177807 
592,15.968 ,0.00249971 ,0.176465 
593,15.995 ,0.0024694 ,0.175134 
594,16.022 ,0.00243939 ,0.17381 
595,16.049 ,0.00240968 ,0.172498 
596,16.0759 ,0.00238025 ,0.171194 
597,16.1029 ,0.00235112 ,0.1699 
598,16.1299 ,0.00232228 ,0.168614 
599,16.1569 ,0.00229373 ,0.167339 
600,16.1838 ,0.00226546 ,0.166072 
601,16.2108 ,0.00223749 ,0.164815 
602,16.2378 ,0.0022098 ,0.163566 
603,16.2647 ,0.00218239 ,0.162327 
604,16.2917 ,0.00215526 ,0.161095 
605,16.3187 ,0.00212842 ,0.159874 
606,16.3457 ,0.00210185 ,0.15866 
607,16.3726 ,0.00207556 ,0.157456 
608,16.3996 ,0.00204955 ,0.156259 
609,16.4266 ,0.00202381 ,0.155073 
610,16.4536 ,0.00199834 ,0.153893 
611,16.4805 ,0.00197315 ,0.152723 
612,16.5075 ,0.00194822 ,0.15156 
613,16.5345 ,0.00192356 ,0.150407 
614,16.5614 ,0.00189917 ,0.149261 
615,16.5884 ,0.00187504 ,0.148124 
616,16.6154 ,0.00185118 ,0.146994 
617,16.6424 ,0.00182757 ,0.145874 
618,16.6693 ,0.00180422 ,0.14476 
619,16.6963 ,0.00178113 ,0.143655 
620,16.7233 ,0.00175829 ,0.142557 
621,16.7503 ,0.00173571 ,0.141468 
622,16.7772 ,0.00171338 ,0.140386 
623,16.8042 ,0.0016913 ,0.139313 
624,16.8312 ,0.00166946 ,0.138246 
625,16.8582 ,0.00164787 ,0.137187 
626,16.8851 ,0.00162652 ,0.136136 
627,16.9121 ,0.00160542 ,0.135093 
628,16.9391 ,0.00158455 ,0.134056 
629,16.966 ,0.00156393 ,0.133028 
630,16.993 ,0.00154354 ,0.132006 
631,17.02 ,0.00152338 ,0.130992 
632,17.047 ,0.00150345 ,0.129985 
633,17.0739 ,0.00148376 ,0.128986 
634,17.1009 ,0.00146429 ,0.127993 
635,17.1279 ,0.00144505 ,0.127008 
636,17.1549 ,0.00142604 ,0.126029 
637,17.1818 ,0.00140724 ,0.125058 
638,17.2088 ,0.00138867 ,0.124093 
639,17.2358 ,0.00137031 ,0.123136 
640,17.2627 ,0.00135218 ,0.122186 
641,17.2897 ,0.00133425 ,0.121242 
642,17.3167 ,0.00131654 ,0.120305 
643,17.3437 ,0.00129904 ,0.119375 
644,17.3706 ,0.00128175 ,0.118451 
645,17.3976 ,0.00126467 ,0.117535 
646,17.4246 ,0.00124779 ,0.116624 
647,17.4516 ,0.00123111 ,0.115721 
648,17.4785 ,0.00121464 ,0.114823 
649,17.5055 ,0.00119836 ,0.113933 
650,17.5325 ,0.00118228 ,0.113048 
651,17.5595 ,0.0011664 ,0.11217 
652,17.5864 ,0.00115071 ,0.111298 
653,17.6134 ,0.00113521 ,0.110433 
654,17.6404 ,0.0011199 ,0.109574 
655,17.6673 ,0.00110478 ,0.108721 
656,17.6943 ,0.00108985 ,0.107874 
657,17.7213 ,0.0010751 ,0.107034 
658,17.7483 ,0.00106053 ,0.106199 
659,17.7752 ,0.00104614 ,0.105371 
660,17.8022 ,0.00103193 ,0.104548 
661,17.8292 ,0.0010179 ,0.103732 
662,17.8562 ,0.00100404 ,0.102921 
663,17.8831 ,0.000990361 ,0.102117 
664,17.9101 ,0.000976849 ,0.101318 
665,17.9371 ,0.000963507 ,0.100525 
666,17.964 ,0.000950332 ,0.0997378 
667,17.991 ,0.000937323 ,0.0989566 
668,18.018 ,0.000924479 ,0.0981806 
669,18.045 ,0.000911797 ,0.0974107 
670,18.0719 ,0.000899276 ,0.096646 
671,18.0989 ,0.000886914 ,0.0958874 
672,18.1259 ,0.00087471 ,0.0951338 
673,18.1529 ,0.000862661 ,0.0943862 
674,18.1798 ,0.000850767 ,0.0936437 
675,18.2068 ,0.000839024 ,0.092907 
676,18.2338 ,0.000827433 ,0.0921753 
677,18.2607 ,0.00081599 ,0.0914494 
678,18.2877 ,0.000804695 ,0.0907284 
679,18.3147 ,0.000793545 ,0.0900131 
680,18.3417 ,0.00078254 ,0.0893028 
681,18.3686 ,0.000771677 ,0.088598 
682,18.3956 ,0.000760954 ,0.0878981 
683,18.4226 ,0.000750371 ,0.0872036 
684,18.4496 ,0.000739926 ,0.086514 
685,18.4765 ,0.000729617 ,0.0858298 
686,18.5035 ,0.000719443 ,0.0851504 
687,18.5305 ,0.000709402 ,0.0844763 
688,18.5575 ,0.000699492 ,0.0838069 
689,18.5844 ,0.000689712 ,0.0831427 
690,18.6114 ,0.000680061 ,0.0824832 
691,18.6384 ,0.000670537 ,0.0818289 
692,18.6653 ,0.000661138 ,0.0811792 
693,18.6923 ,0.000651864 ,0.0805346 
694,18.7193 ,0.000642712 ,0.0798946 
695,18.7463 ,0.000633681 ,0.0792596 
696,18.7732 ,0.000624771 ,0.0786291 
697,18.8002 ,0.000615978 ,0.0780035 
698,18.8272 ,0.000607303 ,0.0773824 
699,18.8542 ,0.000598743 ,0.0767662 
700,18.8811 ,0.000590297 ,0.0761543 
701,18.9081 ,0.000581964 ,0.0755473 
702,18.9351 ,0.000573743 ,0.0749447 
703,18.962 ,0.000565631 ,0.0743468 
704,18.989 ,0.000557629 ,0.0737531 
705,19.016 ,0.000549734 ,0.0731642 
706,19.043 ,0.000541945 ,0.0725795 
707,19.0699 ,0.000534262 ,0.0719994 
708,19.0969 ,0.000526681 ,0.0714236 
709,19.1239 ,0.000519204 ,0.0708522 
710,19.1509 ,0.000511827 ,0.070285 
711,19.1778 ,0.00050455 ,0.0697223 
712,19.2048 ,0.000497372 ,0.0691637 
713,19.2318 ,0.000490291 ,0.0686095 
714,19.2587 ,0.000483307 ,0.0680594 
715,19.2857 ,0.000476417 ,0.0675136 
716,19.3127 ,0.000469622 ,0.0669718 
717,19.3397 ,0.000462919 ,0.0664343 
718,19.3666 ,0.000456308 ,0.0659008 
719,19.3936 ,0.000449787 ,0.0653715 
720,19.4206 ,0.000443355 ,0.0648461 
721,19.4476 ,0.000437011 ,0.0643249 
722,19.4745 ,0.000430755 ,0.0638075 
723,19.5015 ,0.000424584 ,0.0632942 
724,19.5285 ,0.000418499 ,0.0627848 
725,19.5555 ,0.000412497 ,0.0622794 
726,19.5824 ,0.000406577 ,0.0617778 
727,19.6094 ,0.00040074 ,0.0612801 
728,19.6364 ,0.000394983 ,0.0607862 
729,19.6633 ,0.000389305 ,0.0602962 
730,19.6903 ,0.000383706 ,0.0598099 
731,19.7173 ,0.000378185 ,0.0593275 
732,19.7443 ,0.00037274 ,0.0588487 
733,19.7712 ,0.000367371 ,0.0583738 
734,19.7982 ,0.000362077 ,0.0579024 
735,19.8252 ,0.000356856 ,0.0574348 
736,19.8522 ,0.000351708 ,0.0569707 
737,19.8791 ,0.000346631 ,0.0565104 
738,19.9061 ,0.000341626 ,0.0560535 
739,19.9331 ,0.00033669 ,0.0556004 
740,19.96 ,0.000331823 ,0.0551506 
741,19.987 ,0.000327024 ,0.0547045 
742,20.014 ,0.000322293 ,0.0542618 
743,20.041 ,0.000317628 ,0.0538226 
744,20.0679 ,0.000313028 ,0.0533869 
745,20.0949 ,0.000308493 ,0.0529546 
746,20.1219 ,0.000304022 ,0.0525256 
747,20.1489 ,0.000299613 ,0.0521002 
748,20.1758 ,0.000295267 ,0.0516779 
749,20.2028 ,0.000290982 ,0.0512591 
750,20.2298 ,0.000286757 ,0.0508436 
751,20.2568 ,0.000282592 ,0.0504314 
752,20.2837 ,0.000278486 ,0.0500224 
753,20.3107 ,0.000274438 ,0.0496167 
754,20.3377 ,0.000270447 ,0.0492142 
755,20.3646 ,0.000266512 ,0.0488149 
756,20.3916 ,0.000262634 ,0.0484188 
757,20.4186 ,0.00025881 ,0.0480259 
758,20.4456 ,0.000255041 ,0.047636 
759,20.4725 ,0.000251325 ,0.0472493 
760,20.4995 ,0.000247663 ,0.0468657 
761,20.5265 ,0.000244052 ,0.0464852 
762,20.5535 ,0.000240493 ,0.0461077 
763,20.5804 ,0.000236984 ,0.0457332 
764,20.6074 ,0.000233526 ,0.0453618 
765,20.6344 ,0.000230117 ,0.0449933 
766,20.6613 ,0.000226756 ,0.0446278 
767,20.6883 ,0.000223444 ,0.0442653 
768,20.7153 ,0.000220179 ,0.0439057 
769,20.7423 ,0.000216961 ,0.043549 
770,20.7692 ,0.000213789 ,0.0431951 
771,20.7962 ,0.000210662 ,0.0428442 
772,20.8232 ,0.00020758 ,0.0424961 
773,20.8502 ,0.000204543 ,0.0421508 
774,20.8771 ,0.000201549 ,0.0418083 
775,20.9041 ,0.000198599 ,0.0414687 
776,20.9311 ,0.00019569 ,0.0411317 
777,20.958 ,0.000192824 ,0.0407976 
778,20.985 ,0.000189999 ,0.0404661 
779,21.012 ,0.000187215 ,0.0401375 
780,21.039 ,0.00018447 ,0.0398114 
781,21.0659 ,0.000181766 ,0.0394881 
782,21.0929 ,0.000179101 ,0.0391674 
783,21.1199 ,0.000176474 ,0.0388493 
784,21.1469 ,0.000173885 ,0.0385339 
785,21.1738 ,0.000171334 ,0.0382211 
786,21.2008 ,0.000168819 ,0.0379108 
787,21.2278 ,0.000166341 ,0.0376031 
788,21.2548 ,0.0001639 ,0.037298 
789,21.2817 ,0.000161493 ,0.0369954 
790,21.3087 ,0.000159122 ,0.0366953 
791,21.3357 ,0.000156785 ,0.0363977 
792,21.3626 ,0.000154482 ,0.0361026 
793,21.3896 ,0.000152212 ,0.0358099 
794,21.4166 ,0.000149976 ,0.0355197 
795,21.4436 ,0.000147772 ,0.0352319 
796,21.4705 ,0.0001456 ,0.0349465 
797,21.4975 ,0.00014346 ,0.0346636 
798,21.5245 ,0.000141352 ,0.0343829 
799,21.5515 ,0.000139274 ,0.0341047 
800,21.5784 ,0.000137226 ,0.0338288 
801,21.6054 ,0.000135209 ,0.0335552 
802,21.6324 ,0.000133221 ,0.0332839 
803,21.6593 ,0.000131262 ,0.033015 
804,21.6863 ,0.000129332 ,0.0327483 
805,21.7133 ,0.00012743 ,0.0324839 
806,21.7403 ,0.000125556 ,0.0322217 
807,21.7672 ,0.00012371 ,0.0319617 
808,21.7942 ,0.000121891 ,0.031704 
809,21.8212 ,0.000120098 ,0.0314484 
810,21.8482 ,0.000118332 ,0.0311951 
811,21.8751 ,0.000116592 ,0.0309439 
812,21.9021 ,0.000114878 ,0.0306949 
813,21.9291 ,0.000113189 ,0.030448 
814,21.956 ,0.000111525 ,0.0302032 
815,21.983 ,0.000109885 ,0.0299606 
816,22.01 ,0.00010827 ,0.02972 
817,22.037 ,0.000106678 ,0.0294816 
818,22.0639 ,0.00010511 ,0.0292452 
819,22.0909 ,0.000103566 ,0.0290109 
820,22.1179 ,0.000102044 ,0.0287785 
821,22.1449 ,0.000100545 ,0.0285483 
822,22.1718 ,9.90677e-05 ,0.02832 
823,22.1988 ,9.76126e-05 ,0.0280937 
824,22.2258 ,9.61792e-05 ,0.0278695 
825,22.2528 ,9.4767e-05 ,0.0276472 
826,22.2797 ,9.33759e-05 ,0.0274268 
827,22.3067 ,9.20055e-05 ,0.0272084 
828,22.3337 ,9.06555e-05 ,0.0269919 
829,22.3606 ,8.93256e-05 ,0.0267774 
830,22.3876 ,8.80156e-05 ,0.0265647 
831,22.4146 ,8.67251e-05 ,0.0263539 
832,22.4416 ,8.54539e-05 ,0.026145 
833,22.4685 ,8.42017e-05 ,0.025938 
834,22.4955 ,8.29683e-05 ,0.0257329 
835,22.5225 ,8.17533e-05 ,0.0255296 
836,22.5495 ,8.05565e-05 ,0.0253281 
837,22.5764 ,7.93777e-05 ,0.0251284 
838,22.6034 ,7.82166e-05 ,0.0249305 
839,22.6304 ,7.70729e-05 ,0.0247344 
840,22.6573 ,7.59464e-05 ,0.0245401 
841,22.6843 ,7.48369e-05 ,0.0243476 
842,22.7113 ,7.3744e-05 ,0.0241568 
843,22.7383 ,7.26677e-05 ,0.0239678 
844,22.7652 ,7.16075e-05 ,0.0237805 
845,22.7922 ,7.05634e-05 ,0.023595 
846,22.8192 ,6.9535e-05 ,0.0234111 
847,22.8462 ,6.85222e-05 ,0.023229 
848,22.8731 ,6.75247e-05 ,0.0230485 
849,22.9001 ,6.65424e-05 ,0.0228697 
850,22.9271 ,6.55749e-05 ,0.0226926 
851,22.9541 ,6.46221e-05 ,0.0225171 
852,22.981 ,6.36838e-05 ,0.0223433 
853,23.008 ,6.27597e-05 ,0.0221711 
854,23.035 ,6.18497e-05 ,0.0220006 
855,23.0619 ,6.09536e-05 ,0.0218316 
856,23.0889 ,6.00711e-05 ,0.0216643 
857,23.1159 ,5.92021e-05 ,0.0214985 
858,23.1429 ,5.83464e-05 ,0.0213344 
859,23.1698 ,5.75038e-05 ,0.0211718 
860,23.1968 ,5.66741e-05 ,0.0210107 
861,23.2238 ,5.58571e-05 ,0.0208513 
862,23.2508 ,5.50526e-05 ,0.0206933 
863,23.2777 ,5.42605e-05 ,0.0205369 
864,23.3047 ,5.34806e-05 ,0.0203821 
865,23.3317 ,5.27127e-05 ,0.0202287 
866,23.3586 ,5.19567e-05 ,0.0200769 
867,23.3856 ,5.12123e-05 ,0.0199265 
868,23.4126 ,5.04794e-05 ,0.0197776 
869,23.4396 ,4.97579e-05 ,0.0196303 
870,23.4665 ,4.90476e-05 ,0.0194843 
871,23.4935 ,4.83483e-05 ,0.0193399 
872,23.5205 ,4.76598e-05 ,0.0191969 
873,23.5475 ,4.69821e-05 ,0.0190553 
874,23.5744 ,4.63149e-05 ,0.0189152 
875,23.6014 ,4.56582e-05 ,0.0187765 
876,23.6284 ,4.50117e-05 ,0.0186392 
877,23.6553 ,4.43754e-05 ,0.0185033 
878,23.6823 ,4.3749e-05 ,0.0183688 
879,23.7093 ,4.31325e-05 ,0.0182358 
880,23.7363 ,4.25256e-05 ,0.0181041 
881,23.7632 ,4.19284e-05 ,0.0179737 
882,23.7902 ,4.13406e-05 ,0.0178448 
883,23.8172 ,4.0762e-05 ,0.0177172 
884,23.8442 ,4.01927e-05 ,0.017591 
885,23.8711 ,3.96324e-05 ,0.0174661 
886,23.8981 ,3.9081e-05 ,0.0173425 
887,23.9251 ,3.85384e-05 ,0.0172203 
888,23.9521 ,3.80044e-05 ,0.0170994 
889,23.979 ,3.7479e-05 ,0.0169798 
890,24.006 ,3.69621e-05 ,0.0168615 
891,24.033 ,3.64534e-05 ,0.0167445 
892,24.0599 ,3.5953e-05 ,0.0166288 
893,24.0869 ,3.54606e-05 ,0.0165144 
894,24.1139 ,3.49762e-05 ,0.0164013 
895,24.1409 ,3.44996e-05 ,0.0162895 
896,24.1678 ,3.40309e-05 ,0.0161789 
897,24.1948 ,3.35697e-05 ,0.0160696 
898,24.2218 ,3.31161e-05 ,0.0159615 
899,24.2488 ,3.26699e-05 ,0.0158547 
900,24.2757 ,3.22311e-05 ,0.0157491 
901,24.3027 ,3.17995e-05 ,0.0156448 
902,24.3297 ,3.13751e-05 ,0.0155416 
903,24.3566 ,3.09577e-05 ,0.0154397 
904,24.3836 ,3.05472e-05 ,0.0153391 
905,24.4106 ,3.01436e-05 ,0.0152396 
906,24.4376 ,2.97467e-05 ,0.0151413 
907,24.4645 ,2.93565e-05 ,0.0150442 
908,24.4915 ,2.89729e-05 ,0.0149484 
909,24.5185 ,2.85958e-05 ,0.0148537 
910,24.5455 ,2.82251e-05 ,0.0147601 
911,24.5724 ,2.78607e-05 ,0.0146678 
912,24.5994 ,2.75025e-05 ,0.0145766 
913,24.6264 ,2.71505e-05 ,0.0144866 
914,24.6533 ,2.68045e-05 ,0.0143977 
915,24.6803 ,2.64646e-05 ,0.01431 
916,24.7073 ,2.61305e-05 ,0.0142235 
917,24.7343 ,2.58023e-05 ,0.014138 
918,24.7612 ,2.54799e-05 ,0.0140538 
919,24.7882 ,2.51631e-05 ,0.0139706 
920,24.8152 ,2.4852e-05 ,0.0138886 
921,24.8422 ,2.45463e-05 ,0.0138077 
922,24.8691 ,2.42462e-05 ,0.0137279 
923,24.8961 ,2.39514e-05 ,0.0136492 
924,24.9231 ,2.3662e-05 ,0.0135716 
925,24.9501 ,2.33778e-05 ,0.0134952 
926,24.977 ,2.30989e-05 ,0.0134198 
927,25.004 ,2.2825e-05 ,0.0133455 
928,25.031 ,2.25562e-05 ,0.0132723 
929,25.0579 ,2.22925e-05 ,0.0132002 
930,25.0849 ,2.20336e-05 ,0.0131292 
931,25.1119 ,2.17797e-05 ,0.0130592 
932,25.1389 ,2.15305e-05 ,0.0129903 
933,25.1658 ,2.12861e-05 ,0.0129225 
934,25.1928 ,2.10465e-05 ,0.0128557 
935,25.2198 ,2.08114e-05 ,0.01279 
936,25.2468 ,2.0581e-05 ,0.0127254 
937,25.2737 ,2.03551e-05 ,0.0126618 
938,25.3007 ,2.01337e-05 ,0.0125992 
939,25.3277 ,1.99167e-05 ,0.0125377 
940,25.3546 ,1.9704e-05 ,0.0124772 
941,25.3816 ,1.94958e-05 ,0.0124178 
942,25.4086 ,1.92917e-05 ,0.0123593 
943,25.4356 ,1.9092e-05 ,0.0123019 
944,25.4625 ,1.88964e-05 ,0.0122456 
945,25.4895 ,1.87049e-05 ,0.0121902 
946,25.5165 ,1.85175e-05 ,0.0121359 
947,25.5435 ,1.83342e-05 ,0.0120825 
948,25.5704 ,1.81548e-05 ,0.0120302 
949,25.5974 ,1.79794e-05 ,0.0119789 
950,25.6244 ,1.7808e-05 ,0.0119286 
951,25.6514 ,1.76404e-05 ,0.0118793 
952,25.6783 ,1.74766e-05 ,0.0118309 
953,25.7053 ,1.73166e-05 ,0.0117836 
954,25.7323 ,1.71604e-05 ,0.0117373 
955,25.7592 ,1.70078e-05 ,0.0116919 
956,25.7862 ,1.6859e-05 ,0.0116475 
957,25.8132 ,1.67138e-05 ,0.0116041 
958,25.8402 ,1.65721e-05 ,0.0115617 
959,25.8671 ,1.64341e-05 ,0.0115202 
960,25.8941 ,1.62996e-05 ,0.0114797 
961,25.9211 ,1.61686e-05 ,0.0114402 
962,25.9481 ,1.6041e-05 ,0.0114016 
963,25.975 ,1.59169e-05 ,0.011364 
964,26.002 ,1.57962e-05 ,0.0113274 
965,26.029 ,1.56788e-05 ,0.0112917 
966,26.0559 ,1.55648e-05 ,0.0112569 
967,26.0829 ,1.54541e-05 ,0.0112231 
968,26.1099 ,1.53467e-05 ,0.0111903 
969,26.1369 ,1.52425e-05 ,0.0111584 
970,26.1638 ,1.51416e-05 ,0.0111274 
971,26.1908 ,1.50438e-05 ,0.0110974 
972,26.2178 ,1.49493e-05 ,0.0110683 
973,26.2448 ,1.48579e-05 ,0.0110401 
974,26.2717 ,1.47696e-05 ,0.0110129 
975,26.2987 ,1.46844e-05 ,0.0109866 
976,26.3257 ,1.46023e-05 ,0.0109612 
977,26.3526 ,1.45232e-05 ,0.0109367 
978,26.3796 ,1.44472e-05 ,0.0109132 
979,26.4066 ,1.43742e-05 ,0.0108906 
980,26.4336 ,1.43042e-05 ,0.0108689 
981,26.4605 ,1.42372e-05 ,0.0108481 
982,26.4875 ,1.41731e-05 ,0.0108282 
983,26.5145 ,1.41119e-05 ,0.0108092 
984,26.5415 ,1.40537e-05 ,0.0107911 
985,26.5684 ,1.39984e-05 ,0.010774 
986,26.5954 ,1.39459e-05 ,0.0107577 
987,26.6224 ,1.38963e-05 ,0.0107423 
988,26.6494 ,1.38496e-05 ,0.0107279 
989,26.6763 ,1.38057e-05 ,0.0107143 
990,26.7033 ,1.37646e-05 ,0.0107016 
991,26.7303 ,1.37264e-05 ,0.0106898 
992,26.7572 ,1.36909e-05 ,0.0106789 
993,26.7842 ,1.36582e-05 ,0.0106689 
994,26.8112 ,1.36283e-05 ,0.0106597 
995,26.8382 ,1.36011e-05 ,0.0106515 
996,26.8651 ,1.35767e-05 ,0.0106441 
997,26.8921 ,1.3555e-05 ,0.0106376 
998,26.9191 ,1.35361e-05 ,0.010632 
999,26.9461 ,1.35199e-05 ,0.0106273 
1000,26.973 ,1.35064e-05 ,0.0106234 