N_e = 20
1,0.027 ,1.5167e-06 ,-8230.22 
2,0.053973 ,1.51745e-06 ,-2059.44 
3,0.080946 ,3.21183e-06 ,-915.484 
4,0.107919 ,5.66825e-06 ,-514.945 
5,0.134892 ,8.84199e-06 ,-329.514 
6,0.161865 ,1.2725e-05 ,-228.774 
7,0.188838 ,1.73148e-05 ,-168.025 
8,0.215811 ,2.26103e-05 ,-128.595 
9,0.242784 ,2.86107e-05 ,-101.56 
10,0.269757 ,3.53153e-05 ,-82.2215 
11,0.29673 ,4.27233e-05 ,-67.9127 
12,0.323703 ,5.0834e-05 ,-57.0294 
13,0.350676 ,5.96467e-05 ,-48.5594 
14,0.377649 ,6.91605e-05 ,-41.8386 
15,0.404622 ,7.93744e-05 ,-36.4165 
16,0.431595 ,9.02876e-05 ,-31.9789 
17,0.458568 ,0.000101899 ,-28.301 
18,0.485541 ,0.000114207 ,-25.2188 
19,0.512514 ,0.000127212 ,-22.6104 
20,0.539487 ,0.000140911 ,-20.3833 
21,0.56646 ,0.000155303 ,-18.4667 
22,0.593433 ,0.000170387 ,-16.8054 
23,0.620406 ,0.000186162 ,-15.356 
24,0.647379 ,0.000202626 ,-14.084 
25,0.674352 ,0.000219777 ,-12.9616 
26,0.701325 ,0.000237615 ,-11.9661 
27,0.728298 ,0.000256136 ,-11.0791 
28,0.755271 ,0.000275339 ,-10.2855 
29,0.782244 ,0.000295224 ,-9.57251 
30,0.809217 ,0.000315786 ,-8.92962 
31,0.83619 ,0.000337026 ,-8.3479 
32,0.863163 ,0.000358939 ,-7.81986 
33,0.890136 ,0.000381526 ,-7.33906 
34,0.917109 ,0.000404782 ,-6.90006 
35,0.944082 ,0.000428707 ,-6.49811 
36,0.971055 ,0.000453297 ,-6.12919 
37,0.998028 ,0.00047855 ,-5.78975 
38,1.025 ,0.000504464 ,-5.47675 
39,1.05197 ,0.000531037 ,-5.18749 
40,1.07895 ,0.000558265 ,-4.91965 
41,1.10592 ,0.000586146 ,-4.67114 
42,1.13289 ,0.000614677 ,-4.44017 
43,1.15987 ,0.000643856 ,-4.2251 
44,1.18684 ,0.00067368 ,-4.02451 
45,1.21381 ,0.000704145 ,-3.83713 
46,1.24079 ,0.000735248 ,-3.66183 
47,1.26776 ,0.000766988 ,-3.49758 
48,1.29473 ,0.000799359 ,-3.34348 
49,1.3217 ,0.00083236 ,-3.1987 
50,1.34868 ,0.000865987 ,-3.06251 
51,1.37565 ,0.000900236 ,-2.93423 
52,1.40262 ,0.000935104 ,-2.81328 
53,1.4296 ,0.000970587 ,-2.69909 
54,1.45657 ,0.00100668 ,-2.59117 
55,1.48354 ,0.00104339 ,-2.48907 
56,1.51051 ,0.0010807 ,-2.39238 
57,1.53749 ,0.00111861 ,-2.30072 
58,1.56446 ,0.00115711 ,-2.21375 
59,1.59143 ,0.00119621 ,-2.13115 
60,1.61841 ,0.0012359 ,-2.05264 
61,1.64538 ,0.00127617 ,-1.97793 
62,1.67235 ,0.00131703 ,-1.90681 
63,1.69933 ,0.00135846 ,-1.83902 
64,1.7263 ,0.00140046 ,-1.77439 
65,1.75327 ,0.00144303 ,-1.7127 
66,1.78024 ,0.00148617 ,-1.65378 
67,1.80722 ,0.00152986 ,-1.59746 
68,1.83419 ,0.00157411 ,-1.54361 
69,1.86116 ,0.00161891 ,-1.49206 
70,1.88814 ,0.00166426 ,-1.4427 
71,1.91511 ,0.00171014 ,-1.39539 
72,1.94208 ,0.00175656 ,-1.35004 
73,1.96906 ,0.00180352 ,-1.30651 
74,1.99603 ,0.00185099 ,-1.26474 
75,2.023 ,0.00189899 ,-1.2246 
76,2.04998 ,0.00194751 ,-1.18604 
77,2.07695 ,0.00199653 ,-1.14895 
78,2.10392 ,0.00204606 ,-1.11328 
79,2.13089 ,0.00209609 ,-1.07893 
80,2.15787 ,0.00214662 ,-1.04587 
81,2.18484 ,0.00219763 ,-1.01399 
82,2.21181 ,0.00224913 ,-0.98328 
83,2.23879 ,0.00230111 ,-0.953649 
84,2.26576 ,0.00235356 ,-0.92507 
85,2.29273 ,0.00240647 ,-0.897473 
86,2.31971 ,0.00245985 ,-0.870834 
87,2.34668 ,0.00251368 ,-0.845087 
88,2.37365 ,0.00256796 ,-0.820213 
89,2.40062 ,0.00262269 ,-0.796152 
90,2.4276 ,0.00267785 ,-0.77289 
91,2.45457 ,0.00273345 ,-0.750369 
92,2.48154 ,0.00278947 ,-0.728581 
93,2.50852 ,0.0028459 ,-0.70747 
94,2.53549 ,0.00290275 ,-0.687031 
95,2.56246 ,0.00296001 ,-0.667213 
96,2.58944 ,0.00301767 ,-0.648013 
97,2.61641 ,0.00307572 ,-0.629382 
98,2.64338 ,0.00313415 ,-0.611321 
99,2.67035 ,0.00319297 ,-0.593784 
100,2.69733 ,0.00325216 ,-0.576772 
101,2.7243 ,0.00331172 ,-0.560242 
102,2.75127 ,0.00337164 ,-0.544198 
103,2.77825 ,0.00343191 ,-0.528599 
104,2.80522 ,0.00349252 ,-0.513449 
105,2.83219 ,0.00355348 ,-0.49871 
106,2.85917 ,0.00361477 ,-0.484388 
107,2.88614 ,0.00367638 ,-0.470445 
108,2.91311 ,0.00373831 ,-0.456891 
109,2.94008 ,0.00380056 ,-0.443686 
110,2.96706 ,0.0038631 ,-0.430844 
111,2.99403 ,0.00392595 ,-0.418326 
112,3.021 ,0.00398908 ,-0.406145 
113,3.04798 ,0.00405249 ,-0.394264 
114,3.07495 ,0.00411618 ,-0.382699 
115,3.10192 ,0.00418013 ,-0.371413 
116,3.12889 ,0.00424434 ,-0.360421 
117,3.15587 ,0.0043088 ,-0.349688 
118,3.18284 ,0.00437351 ,-0.339231 
119,3.20981 ,0.00443845 ,-0.329015 
120,3.23679 ,0.00450362 ,-0.319057 
121,3.26376 ,0.00456901 ,-0.309324 
122,3.29073 ,0.00463462 ,-0.299833 
123,3.31771 ,0.00470042 ,-0.290552 
124,3.34468 ,0.00476642 ,-0.281498 
125,3.37165 ,0.00483261 ,-0.272639 
126,3.39863 ,0.00489898 ,-0.263995 
127,3.4256 ,0.00496553 ,-0.255532 
128,3.45257 ,0.00503223 ,-0.247272 
129,3.47954 ,0.00509909 ,-0.239181 
130,3.50652 ,0.0051661 ,-0.231281 
131,3.53349 ,0.00523325 ,-0.223539 
132,3.56046 ,0.00530052 ,-0.215977 
133,3.58744 ,0.00536792 ,-0.208564 
134,3.61441 ,0.00543543 ,-0.20132 
135,3.64138 ,0.00550305 ,-0.194215 
136,3.66836 ,0.00557076 ,-0.187272 
137,3.69533 ,0.00563856 ,-0.180457 
138,3.7223 ,0.00570644 ,-0.173796 
139,3.74927 ,0.00577438 ,-0.167255 
140,3.77625 ,0.00584239 ,-0.160859 
141,3.80322 ,0.00591045 ,-0.154577 
142,3.83019 ,0.00597856 ,-0.148432 
143,3.85717 ,0.0060467 ,-0.142394 
144,3.88414 ,0.00611487 ,-0.136486 
145,3.91111 ,0.00618305 ,-0.130678 
146,3.93809 ,0.00625124 ,-0.124994 
147,3.96506 ,0.00631943 ,-0.119403 
148,3.99203 ,0.00638761 ,-0.113931 
149,4.019 ,0.00645577 ,-0.108545 
150,4.04598 ,0.0065239 ,-0.103273 
151,4.07295 ,0.00659199 ,-0.0980829 
152,4.09992 ,0.00666004 ,-0.0930005 
153,4.1269 ,0.00672803 ,-0.0879944 
154,4.15387 ,0.00679595 ,-0.0830916 
155,4.18084 ,0.00686381 ,-0.0782603 
156,4.20782 ,0.00693157 ,-0.0735277 
157,4.23479 ,0.00699925 ,-0.0688621 
158,4.26176 ,0.00706682 ,-0.064291 
159,4.28873 ,0.00713428 ,-0.0597827 
160,4.31571 ,0.00720161 ,-0.0553649 
161,4.34268 ,0.00726882 ,-0.0510057 
162,4.36965 ,0.00733589 ,-0.0467335 
163,4.39663 ,0.0074028 ,-0.0425162 
164,4.4236 ,0.00746956 ,-0.0383822 
165,4.45057 ,0.00753615 ,-0.0342997 
166,4.47755 ,0.00760256 ,-0.0302972 
167,4.50452 ,0.00766878 ,-0.0263428 
168,4.53149 ,0.0077348 ,-0.0224654 
169,4.55846 ,0.00780062 ,-0.0186329 
170,4.58544 ,0.00786622 ,-0.0148745 
171,4.61241 ,0.00793159 ,-0.0111581 
172,4.63938 ,0.00799673 ,-0.00751308 
173,4.66636 ,0.00806162 ,-0.00390722 
174,4.69333 ,0.00812625 ,-0.000370173 
175,4.7203 ,0.00819062 ,0.00313033 
176,4.74728 ,0.00825472 ,0.00656446 
177,4.77425 ,0.00831853 ,0.00996453 
178,4.80122 ,0.00838204 ,0.0133005 
179,4.82819 ,0.00844525 ,0.0166048 
180,4.85517 ,0.00850815 ,0.0198471 
181,4.88214 ,0.00857072 ,0.0230599 
182,4.90911 ,0.00863296 ,0.0262129 
183,4.93609 ,0.00869485 ,0.0293384 
184,4.96306 ,0.0087564 ,0.032406 
185,4.99003 ,0.00881758 ,0.0354481 
186,5.01701 ,0.00887838 ,0.0384341 
187,5.04398 ,0.00893881 ,0.0413966 
188,5.07095 ,0.00899884 ,0.0443046 
189,5.09792 ,0.00905847 ,0.0471908 
190,5.1249 ,0.00911769 ,0.0500243 
191,5.15187 ,0.00917649 ,0.0528376 
192,5.17884 ,0.00923485 ,0.0555997 
193,5.20582 ,0.00929278 ,0.0583433 
194,5.23279 ,0.00935025 ,0.0610372 
195,5.25976 ,0.00940727 ,0.063714 
196,5.28674 ,0.00946381 ,0.0663424 
197,5.31371 ,0.00951988 ,0.0689552 
198,5.34068 ,0.00957545 ,0.0715209 
199,5.36765 ,0.00963053 ,0.0740724 
200,5.39463 ,0.0096851 ,0.0765781 
201,5.4216 ,0.00973915 ,0.0790708 
202,5.44857 ,0.00979268 ,0.0815188 
203,5.47555 ,0.00984566 ,0.0839551 
204,5.50252 ,0.0098981 ,0.0863479 
205,5.52949 ,0.00994999 ,0.0887301 
206,5.55647 ,0.0100013 ,0.0910698 
207,5.58344 ,0.010052 ,0.0934 
208,5.61041 ,0.0101022 ,0.0956887 
209,5.63738 ,0.0101518 ,0.097969 
210,5.66436 ,0.0102007 ,0.100209 
211,5.69133 ,0.0102491 ,0.102441 
212,5.7183 ,0.0102968 ,0.104634 
213,5.74528 ,0.0103439 ,0.10682 
214,5.77225 ,0.0103904 ,0.108967 
215,5.79922 ,0.0104362 ,0.111109 
216,5.8262 ,0.0104813 ,0.113213 
217,5.85317 ,0.0105258 ,0.115312 
218,5.88014 ,0.0105696 ,0.117374 
219,5.90711 ,0.0106127 ,0.119432 
220,5.93409 ,0.0106552 ,0.121453 
221,5.96106 ,0.0106969 ,0.123472 
222,5.98803 ,0.0107379 ,0.125454 
223,6.01501 ,0.0107782 ,0.127434 
224,6.04198 ,0.0108178 ,0.12938 
225,6.06895 ,0.0108566 ,0.131323 
226,6.09593 ,0.0108947 ,0.133232 
227,6.1229 ,0.010932 ,0.135139 
228,6.14987 ,0.0109686 ,0.137013 
229,6.17684 ,0.0110044 ,0.138887 
230,6.20382 ,0.0110394 ,0.140727 
231,6.23079 ,0.0110736 ,0.142567 
232,6.25776 ,0.011107 ,0.144375 
233,6.28474 ,0.0111397 ,0.146183 
234,6.31171 ,0.0111715 ,0.147959 
235,6.33868 ,0.0112025 ,0.149736 
236,6.36566 ,0.0112326 ,0.151482 
237,6.39263 ,0.011262 ,0.153229 
238,6.4196 ,0.0112905 ,0.154945 
239,6.44657 ,0.0113181 ,0.156664 
240,6.47355 ,0.0113449 ,0.158351 
241,6.50052 ,0.0113708 ,0.160042 
242,6.52749 ,0.0113958 ,0.161702 
243,6.55447 ,0.01142 ,0.163365 
244,6.58144 ,0.0114433 ,0.164998 
245,6.60841 ,0.0114657 ,0.166635 
246,6.63539 ,0.0114871 ,0.168242 
247,6.66236 ,0.0115077 ,0.169853 
248,6.68933 ,0.0115274 ,0.171436 
249,6.7163 ,0.0115461 ,0.173022 
250,6.74328 ,0.0115639 ,0.17458 
251,6.77025 ,0.0115808 ,0.176142 
252,6.79722 ,0.0115968 ,0.177677 
253,6.8242 ,0.0116118 ,0.179216 
254,6.85117 ,0.0116258 ,0.180727 
255,6.87814 ,0.0116389 ,0.182243 
256,6.90512 ,0.011651 ,0.183732 
257,6.93209 ,0.0116622 ,0.185226 
258,6.95906 ,0.0116724 ,0.186694 
259,6.98603 ,0.0116816 ,0.188167 
260,7.01301 ,0.0116898 ,0.189613 
261,7.03998 ,0.011697 ,0.191065 
262,7.06695 ,0.0117032 ,0.192491 
263,7.09393 ,0.0117085 ,0.193922 
264,7.1209 ,0.0117127 ,0.195329 
265,7.14787 ,0.0117159 ,0.19674 
266,7.17485 ,0.0117181 ,0.198127 
267,7.20182 ,0.0117193 ,0.19952 
268,7.22879 ,0.0117194 ,0.200888 
269,7.25576 ,0.0117186 ,0.202262 
270,7.28274 ,0.0117167 ,0.203611 
271,7.30971 ,0.0117137 ,0.204967 
272,7.33668 ,0.0117098 ,0.206299 
273,7.36366 ,0.0117047 ,0.207637 
274,7.39063 ,0.0116987 ,0.208951 
275,7.4176 ,0.0116916 ,0.210272 
276,7.44458 ,0.0116834 ,0.211569 
277,7.47155 ,0.0116742 ,0.212873 
278,7.49852 ,0.0116639 ,0.214154 
279,7.52549 ,0.0116526 ,0.215442 
280,7.55247 ,0.0116402 ,0.216706 
281,7.57944 ,0.0116268 ,0.217978 
282,7.60641 ,0.0116122 ,0.219227 
283,7.63339 ,0.0115967 ,0.220483 
284,7.66036 ,0.01158 ,0.221717 
285,7.68733 ,0.0115623 ,0.222958 
286,7.71431 ,0.0115435 ,0.224176 
287,7.74128 ,0.0115236 ,0.225403 
288,7.76825 ,0.0115026 ,0.226607 
289,7.79522 ,0.0114806 ,0.227818 
290,7.8222 ,0.0114575 ,0.229008 
291,7.84917 ,0.0114333 ,0.230206 
292,7.87614 ,0.011408 ,0.231382 
293,7.90312 ,0.0113817 ,0.232566 
294,7.93009 ,0.0113543 ,0.233728 
295,7.95706 ,0.0113258 ,0.234899 
296,7.98404 ,0.0112962 ,0.236048 
297,8.01101 ,0.0112655 ,0.237205 
298,8.03798 ,0.0112338 ,0.238342 
299,8.06495 ,0.011201 ,0.239486 
300,8.09193 ,0.0111671 ,0.24061 
301,8.1189 ,0.0111322 ,0.241742 
302,8.14587 ,0.0110961 ,0.242853 
303,8.17285 ,0.011059 ,0.243973 
304,8.19982 ,0.0110209 ,0.245072 
305,8.22679 ,0.0109816 ,0.24618 
306,8.25376 ,0.0109413 ,0.247268 
307,8.28074 ,0.0108999 ,0.248364 
308,8.30771 ,0.0108575 ,0.24944 
309,8.33468 ,0.010814 ,0.250524 
310,8.36166 ,0.0107695 ,0.251589 
311,8.38863 ,0.0107239 ,0.252662 
312,8.4156 ,0.0106772 ,0.253716 
313,8.44258 ,0.0106295 ,0.254778 
314,8.46955 ,0.0105808 ,0.255821 
315,8.49652 ,0.010531 ,0.256873 
316,8.52349 ,0.0104802 ,0.257905 
317,8.55047 ,0.0104284 ,0.258946 
318,8.57744 ,0.0103755 ,0.259968 
319,8.60441 ,0.0103216 ,0.260998 
320,8.63139 ,0.0102667 ,0.26201 
321,8.65836 ,0.0102108 ,0.26303 
322,8.68533 ,0.0101539 ,0.264032 
323,8.71231 ,0.010096 ,0.265042 
324,8.73928 ,0.0100371 ,0.266034 
325,8.76625 ,0.00997714 ,0.267034 
326,8.79322 ,0.00991624 ,0.268016 
327,8.8202 ,0.00985437 ,0.269006 
328,8.84717 ,0.00979152 ,0.269978 
329,8.87414 ,0.00972771 ,0.270959 
330,8.90112 ,0.00966294 ,0.271921 
331,8.92809 ,0.00959721 ,0.272892 
332,8.95506 ,0.00953054 ,0.273845 
333,8.98204 ,0.00946293 ,0.274807 
334,9.00901 ,0.00939439 ,0.27575 
335,9.03598 ,0.00932492 ,0.276703 
336,9.06295 ,0.00925454 ,0.277637 
337,9.08993 ,0.00918325 ,0.278579 
338,9.1169 ,0.00911106 ,0.279504 
339,9.14387 ,0.00903798 ,0.280437 
340,9.17085 ,0.00896402 ,0.281353 
341,9.19782 ,0.00888918 ,0.282277 
342,9.22479 ,0.00881348 ,0.283183 
343,9.25177 ,0.00873691 ,0.284097 
344,9.27874 ,0.00865951 ,0.284994 
345,9.30571 ,0.00858126 ,0.285899 
346,9.33268 ,0.00850219 ,0.286786 
347,9.35966 ,0.00842229 ,0.287682 
348,9.38663 ,0.00834159 ,0.28856 
349,9.4136 ,0.00826009 ,0.289446 
350,9.44058 ,0.0081778 ,0.290314 
351,9.46755 ,0.00809473 ,0.29119 
352,9.49452 ,0.0080109 ,0.292049 
353,9.5215 ,0.0079263 ,0.292915 
354,9.54847 ,0.00784097 ,0.293764 
355,9.57544 ,0.00775489 ,0.29462 
356,9.60241 ,0.0076681 ,0.295459 
357,9.62939 ,0.00758059 ,0.296305 
358,9.65636 ,0.00749239 ,0.297134 
359,9.68333 ,0.00740349 ,0.29797 
360,9.71031 ,0.00731392 ,0.298788 
361,9.73728 ,0.00722369 ,0.299614 
362,9.76425 ,0.0071328 ,0.300422 
363,9.79123 ,0.00704128 ,0.301237 
364,9.8182 ,0.00694913 ,0.302034 
365,9.84517 ,0.00685636 ,0.302838 
366,9.87214 ,0.006763 ,0.303623 
367,9.89912 ,0.00666904 ,0.304416 
368,9.92609 ,0.00657451 ,0.305191 
369,9.95306 ,0.00647942 ,0.305972 
370,9.98004 ,0.00638379 ,0.306735 
371,10.007 ,0.00628761 ,0.307504 
372,10.034 ,0.00619092 ,0.308255 
373,10.061 ,0.00609372 ,0.309012 
374,10.0879 ,0.00599603 ,0.30975 
375,10.1149 ,0.00589787 ,0.310495 
376,10.1419 ,0.00579924 ,0.311221 
377,10.1688 ,0.00570015 ,0.311953 
378,10.1958 ,0.00560064 ,0.312665 
379,10.2228 ,0.0055007 ,0.313384 
380,10.2498 ,0.00540037 ,0.314083 
381,10.2767 ,0.00529964 ,0.314788 
382,10.3037 ,0.00519853 ,0.315473 
383,10.3307 ,0.00509707 ,0.316164 
384,10.3577 ,0.00499526 ,0.316835 
385,10.3846 ,0.00489312 ,0.317511 
386,10.4116 ,0.00479067 ,0.318167 
387,10.4386 ,0.00468792 ,0.318828 
388,10.4656 ,0.00458489 ,0.319469 
389,10.4925 ,0.00448159 ,0.320114 
390,10.5195 ,0.00437804 ,0.320739 
391,10.5465 ,0.00427426 ,0.321368 
392,10.5734 ,0.00417025 ,0.321977 
393,10.6004 ,0.00406605 ,0.32259 
394,10.6274 ,0.00396166 ,0.323182 
395,10.6544 ,0.0038571 ,0.323778 
396,10.6813 ,0.00375238 ,0.324352 
397,10.7083 ,0.00364753 ,0.32493 
398,10.7353 ,0.00354255 ,0.325487 
399,10.7623 ,0.00343748 ,0.326046 
400,10.7892 ,0.00333231 ,0.326585 
401,10.8162 ,0.00322707 ,0.327126 
402,10.8432 ,0.00312178 ,0.327645 
403,10.8701 ,0.00301645 ,0.328166 
404,10.8971 ,0.0029111 ,0.328666 
405,10.9241 ,0.00280574 ,0.329167 
406,10.9511 ,0.00270039 ,0.329647 
407,10.978 ,0.00259508 ,0.330127 
408,11.005 ,0.00248981 ,0.330586 
409,11.032 ,0.0023846 ,0.331045 
410,11.059 ,0.00227947 ,0.331483 
411,11.0859 ,0.00217443 ,0.33192 
412,11.1129 ,0.00206951 ,0.332335 
413,11.1399 ,0.00196472 ,0.33275 
414,11.1668 ,0.00186007 ,0.333143 
415,11.1938 ,0.00175559 ,0.333535 
416,11.2208 ,0.00165129 ,0.333904 
417,11.2478 ,0.00154718 ,0.334272 
418,11.2747 ,0.00144328 ,0.334617 
419,11.3017 ,0.00133962 ,0.334961 
420,11.3287 ,0.0012362 ,0.335281 
421,11.3557 ,0.00113304 ,0.3356 
422,11.3826 ,0.00103016 ,0.335895 
423,11.4096 ,0.00092758 ,0.336188 
424,11.4366 ,0.000825308 ,0.336457 
425,11.4636 ,0.000723364 ,0.336723 
426,11.4905 ,0.000621764 ,0.336966 
427,11.5175 ,0.000520524 ,0.337205 
428,11.5445 ,0.00041966 ,0.33742 
429,11.5714 ,0.000319188 ,0.337632 
430,11.5984 ,0.000219123 ,0.337819 
431,11.6254 ,0.000119482 ,0.338003 
432,11.6524 ,2.02798e-05 ,0.338161 
433,11.6793 ,-7.84681e-05 ,0.338316 
434,11.7063 ,-0.000176746 ,0.338445 
435,11.7333 ,-0.000274539 ,0.33857 
436,11.7603 ,-0.000371832 ,0.338669 
437,11.7872 ,-0.00046861 ,0.338763 
438,11.8142 ,-0.000564858 ,0.338832 
439,11.8412 ,-0.000660562 ,0.338895 
440,11.8681 ,-0.000755706 ,0.338932 
441,11.8951 ,-0.000850278 ,0.338964 
442,11.9221 ,-0.000944261 ,0.338969 
443,11.9491 ,-0.00103764 ,0.338969 
444,11.976 ,-0.00113041 ,0.338941 
445,12.003 ,-0.00122255 ,0.338908 
446,12.03 ,-0.00131404 ,0.338847 
447,12.057 ,-0.00140488 ,0.33878 
448,12.0839 ,-0.00149505 ,0.338686 
449,12.1109 ,-0.00158453 ,0.338584 
450,12.1379 ,-0.00167332 ,0.338456 
451,12.1648 ,-0.00176141 ,0.338319 
452,12.1918 ,-0.00184877 ,0.338155 
453,12.2188 ,-0.0019354 ,0.337984 
454,12.2458 ,-0.00202129 ,0.337784 
455,12.2727 ,-0.00210642 ,0.337576 
456,12.2997 ,-0.00219079 ,0.33734 
457,12.3267 ,-0.00227438 ,0.337095 
458,12.3537 ,-0.00235718 ,0.336822 
459,12.3806 ,-0.00243917 ,0.33654 
460,12.4076 ,-0.00252036 ,0.33623 
461,12.4346 ,-0.00260073 ,0.33591 
462,12.4616 ,-0.00268026 ,0.335561 
463,12.4885 ,-0.00275896 ,0.335203 
464,12.5155 ,-0.0028368 ,0.334816 
465,12.5425 ,-0.00291379 ,0.334418 
466,12.5694 ,-0.00298991 ,0.333992 
467,12.5964 ,-0.00306515 ,0.333555 
468,12.6234 ,-0.00313951 ,0.333089 
469,12.6504 ,-0.00321297 ,0.332612 
470,12.6773 ,-0.00328553 ,0.332105 
471,12.7043 ,-0.00335718 ,0.331587 
472,12.7313 ,-0.00342791 ,0.33104 
473,12.7583 ,-0.00349773 ,0.330481 
474,12.7852 ,-0.00356661 ,0.329893 
475,12.8122 ,-0.00363455 ,0.329292 
476,12.8392 ,-0.00370155 ,0.328662 
477,12.8661 ,-0.00376761 ,0.328019 
478,12.8931 ,-0.0038327 ,0.327347 
479,12.9201 ,-0.00389684 ,0.326661 
480,12.9471 ,-0.00396002 ,0.325946 
481,12.974 ,-0.00402222 ,0.325218 
482,13.001 ,-0.00408345 ,0.324459 
483,13.028 ,-0.00414371 ,0.323687 
484,13.055 ,-0.00420298 ,0.322885 
485,13.0819 ,-0.00426126 ,0.32207 
486,13.1089 ,-0.00431856 ,0.321224 
487,13.1359 ,-0.00437487 ,0.320364 
488,13.1629 ,-0.00443018 ,0.319474 
489,13.1898 ,-0.0044845 ,0.318569 
490,13.2168 ,-0.00453782 ,0.317634 
491,13.2438 ,-0.00459014 ,0.316684 
492,13.2707 ,-0.00464146 ,0.315704 
493,13.2977 ,-0.00469177 ,0.314709 
494,13.3247 ,-0.00474109 ,0.313684 
495,13.3517 ,-0.0047894 ,0.312643 
496,13.3786 ,-0.00483671 ,0.311572 
497,13.4056 ,-0.00488301 ,0.310486 
498,13.4326 ,-0.00492831 ,0.309369 
499,13.4596 ,-0.00497261 ,0.308236 
500,13.4865 ,-0.00501591 ,0.307073 
501,13.5135 ,-0.00505821 ,0.305893 
502,13.5405 ,-0.00509951 ,0.304684 
503,13.5674 ,-0.00513982 ,0.303458 
504,13.5944 ,-0.00517913 ,0.302201 
505,13.6214 ,-0.00521746 ,0.300928 
506,13.6484 ,-0.00525479 ,0.299625 
507,13.6753 ,-0.00529114 ,0.298305 
508,13.7023 ,-0.00532651 ,0.296955 
509,13.7293 ,-0.0053609 ,0.295588 
510,13.7563 ,-0.00539432 ,0.29419 
511,13.7832 ,-0.00542677 ,0.292776 
512,13.8102 ,-0.00545825 ,0.291331 
513,13.8372 ,-0.00548878 ,0.289869 
514,13.8641 ,-0.00551835 ,0.288377 
515,13.8911 ,-0.00554697 ,0.286867 
516,13.9181 ,-0.00557465 ,0.285328 
517,13.9451 ,-0.00560139 ,0.28377 
518,13.972 ,-0.00562719 ,0.282183 
519,13.999 ,-0.00565208 ,0.280578 
520,14.026 ,-0.00567604 ,0.278944 
521,14.053 ,-0.0056991 ,0.277291 
522,14.0799 ,-0.00572125 ,0.275609 
523,14.1069 ,-0.0057425 ,0.273908 
524,14.1339 ,-0.00576286 ,0.272179 
525,14.1609 ,-0.00578234 ,0.270431 
526,14.1878 ,-0.00580095 ,0.268654 
527,14.2148 ,-0.0058187 ,0.266858 
528,14.2418 ,-0.00583559 ,0.265033 
529,14.2687 ,-0.00585163 ,0.26319 
530,14.2957 ,-0.00586683 ,0.261318 
531,14.3227 ,-0.00588121 ,0.259428 
532,14.3497 ,-0.00589476 ,0.257509 
533,14.3766 ,-0.0059075 ,0.255571 
534,14.4036 ,-0.00591945 ,0.253606 
535,14.4306 ,-0.0059306 ,0.251648 
536,14.4576 ,-0.00594098 ,0.2497 
537,14.4845 ,-0.00595058 ,0.247771 
538,14.5115 ,-0.00595942 ,0.245852 
539,14.5385 ,-0.00596752 ,0.243951 
540,14.5654 ,-0.00597487 ,0.24206 
541,14.5924 ,-0.00598149 ,0.240187 
542,14.6194 ,-0.0059874 ,0.238323 
543,14.6464 ,-0.00599259 ,0.236478 
544,14.6733 ,-0.00599709 ,0.234642 
545,14.7003 ,-0.00600089 ,0.232823 
546,14.7273 ,-0.00600402 ,0.231014 
547,14.7543 ,-0.00600648 ,0.229223 
548,14.7812 ,-0.00600828 ,0.22744 
549,14.8082 ,-0.00600943 ,0.225675 
550,14.8352 ,-0.00600994 ,0.223919 
551,14.8621 ,-0.00600982 ,0.222179 
552,14.8891 ,-0.00600908 ,0.220449 
553,14.9161 ,-0.00600773 ,0.218734 
554,14.9431 ,-0.00600578 ,0.217029 
555,14.97 ,-0.00600324 ,0.21534 
556,14.997 ,-0.00600012 ,0.21366 
557,15.024 ,-0.00599643 ,0.211996 
558,15.051 ,-0.00599218 ,0.210341 
559,15.0779 ,-0.00598738 ,0.208701 
560,15.1049 ,-0.00598204 ,0.20707 
561,15.1319 ,-0.00597616 ,0.205454 
562,15.1589 ,-0.00596976 ,0.203847 
563,15.1858 ,-0.00596285 ,0.202255 
564,15.2128 ,-0.00595543 ,0.200671 
565,15.2398 ,-0.00594752 ,0.199102 
566,15.2667 ,-0.00593913 ,0.197542 
567,15.2937 ,-0.00593025 ,0.195996 
568,15.3207 ,-0.00592091 ,0.194458 
569,15.3477 ,-0.00591111 ,0.192935 
570,15.3746 ,-0.00590086 ,0.19142 
571,15.4016 ,-0.00589017 ,0.189918 
572,15.4286 ,-0.00587904 ,0.188425 
573,15.4556 ,-0.0058675 ,0.186946 
574,15.4825 ,-0.00585553 ,0.185475 
575,15.5095 ,-0.00584317 ,0.184017 
576,15.5365 ,-0.0058304 ,0.182567 
577,15.5634 ,-0.00581724 ,0.181131 
578,15.5904 ,-0.00580371 ,0.179702 
579,15.6174 ,-0.0057898 ,0.178286 
580,15.6444 ,-0.00577552 ,0.176878 
581,15.6713 ,-0.00576089 ,0.175483 
582,15.6983 ,-0.00574591 ,0.174096 
583,15.7253 ,-0.00573059 ,0.172721 
584,15.7523 ,-0.00571494 ,0.171354 
585,15.7792 ,-0.00569896 ,0.169999 
586,15.8062 ,-0.00568266 ,0.168651 
587,15.8332 ,-0.00566606 ,0.167316 
588,15.8602 ,-0.00564915 ,0.165988 
589,15.8871 ,-0.00563195 ,0.164672 
590,15.9141 ,-0.00561446 ,0.163364 
591,15.9411 ,-0.00559669 ,0.162067 
592,15.968 ,-0.00557865 ,0.160777 
593,15.995 ,-0.00556034 ,0.159499 
594,16.022 ,-0.00554177 ,0.158228 
595,16.049 ,-0.00552295 ,0.156968 
596,16.0759 ,-0.00550389 ,0.155716 
597,16.1029 ,-0.00548458 ,0.154474 
598,16.1299 ,-0.00546505 ,0.15324 
599,16.1569 ,-0.00544529 ,0.152016 
600,16.1838 ,-0.00542531 ,0.1508 
601,16.2108 ,-0.00540512 ,0.149594 
602,16.2378 ,-0.00538473 ,0.148395 
603,16.2647 ,-0.00536413 ,0.147206 
604,16.2917 ,-0.00534334 ,0.146025 
605,16.3187 ,-0.00532237 ,0.144853 
606,16.3457 ,-0.00530122 ,0.143689 
607,16.3726 ,-0.00527988 ,0.142534 
608,16.3996 ,-0.00525839 ,0.141387 
609,16.4266 ,-0.00523672 ,0.140249 
610,16.4536 ,-0.0052149 ,0.139118 
611,16.4805 ,-0.00519293 ,0.137996 
612,16.5075 ,-0.00517081 ,0.136881 
613,16.5345 ,-0.00514855 ,0.135776 
614,16.5614 ,-0.00512616 ,0.134678 
615,16.5884 ,-0.00510363 ,0.133588 
616,16.6154 ,-0.00508098 ,0.132505 
617,16.6424 ,-0.00505821 ,0.131432 
618,16.6693 ,-0.00503533 ,0.130365 
619,16.6963 ,-0.00501233 ,0.129306 
620,16.7233 ,-0.00498923 ,0.128255 
621,16.7503 ,-0.00496603 ,0.127212 
622,16.7772 ,-0.00494274 ,0.126175 
623,16.8042 ,-0.00491935 ,0.125147 
624,16.8312 ,-0.00489588 ,0.124126 
625,16.8582 ,-0.00487233 ,0.123113 
626,16.8851 ,-0.0048487 ,0.122106 
627,16.9121 ,-0.004825 ,0.121108 
628,16.9391 ,-0.00480123 ,0.120115 
629,16.966 ,-0.0047774 ,0.119131 
630,16.993 ,-0.0047535 ,0.118154 
631,17.02 ,-0.00472956 ,0.117184 
632,17.047 ,-0.00470556 ,0.11622 
633,17.0739 ,-0.00468151 ,0.115264 
634,17.1009 ,-0.00465742 ,0.114315 
635,17.1279 ,-0.00463329 ,0.113373 
636,17.1549 ,-0.00460912 ,0.112437 
637,17.1818 ,-0.00458492 ,0.111509 
638,17.2088 ,-0.00456069 ,0.110586 
639,17.2358 ,-0.00453644 ,0.109672 
640,17.2627 ,-0.00451217 ,0.108763 
641,17.2897 ,-0.00448788 ,0.107861 
642,17.3167 ,-0.00446357 ,0.106966 
643,17.3437 ,-0.00443925 ,0.106077 
644,17.3706 ,-0.00441492 ,0.105195 
645,17.3976 ,-0.00439059 ,0.104319 
646,17.4246 ,-0.00436626 ,0.103449 
647,17.4516 ,-0.00434193 ,0.102587 
648,17.4785 ,-0.0043176 ,0.10173 
649,17.5055 ,-0.00429328 ,0.10088 
650,17.5325 ,-0.00426897 ,0.100035 
651,17.5595 ,-0.00424468 ,0.0991973 
652,17.5864 ,-0.00422039 ,0.0983651 
653,17.6134 ,-0.00419613 ,0.0975397 
654,17.6404 ,-0.00417189 ,0.0967197 
655,17.6673 ,-0.00414767 ,0.0959063 
656,17.6943 ,-0.00412348 ,0.0950984 
657,17.7213 ,-0.00409932 ,0.094297 
658,17.7483 ,-0.00407519 ,0.0935009 
659,17.7752 ,-0.00405109 ,0.0927112 
660,17.8022 ,-0.00402703 ,0.0919269 
661,17.8292 ,-0.00400301 ,0.0911488 
662,17.8562 ,-0.00397903 ,0.090376 
663,17.8831 ,-0.00395509 ,0.0896095 
664,17.9101 ,-0.00393119 ,0.0888481 
665,17.9371 ,-0.00390734 ,0.0880928 
666,17.964 ,-0.00388354 ,0.0873427 
667,17.991 ,-0.0038598 ,0.0865986 
668,18.018 ,-0.0038361 ,0.0858596 
669,18.045 ,-0.00381246 ,0.0851265 
670,18.0719 ,-0.00378888 ,0.0843984 
671,18.0989 ,-0.00376536 ,0.0836763 
672,18.1259 ,-0.00374189 ,0.082959 
673,18.1529 ,-0.00371849 ,0.0822476 
674,18.1798 ,-0.00369515 ,0.081541 
675,18.2068 ,-0.00367188 ,0.0808402 
676,18.2338 ,-0.00364867 ,0.0801442 
677,18.2607 ,-0.00362554 ,0.0794538 
678,18.2877 ,-0.00360247 ,0.0787682 
679,18.3147 ,-0.00357947 ,0.0780881 
680,18.3417 ,-0.00355655 ,0.0774128 
681,18.3686 ,-0.0035337 ,0.0767429 
682,18.3956 ,-0.00351093 ,0.0760777 
683,18.4226 ,-0.00348824 ,0.0754178 
684,18.4496 ,-0.00346562 ,0.0747627 
685,18.4765 ,-0.00344308 ,0.0741127 
686,18.5035 ,-0.00342063 ,0.0734674 
687,18.5305 ,-0.00339825 ,0.0728273 
688,18.5575 ,-0.00337596 ,0.0721918 
689,18.5844 ,-0.00335375 ,0.0715613 
690,18.6114 ,-0.00333163 ,0.0709354 
691,18.6384 ,-0.0033096 ,0.0703145 
692,18.6653 ,-0.00328765 ,0.069698 
693,18.6923 ,-0.00326579 ,0.0690865 
694,18.7193 ,-0.00324402 ,0.0684794 
695,18.7463 ,-0.00322234 ,0.0678773 
696,18.7732 ,-0.00320075 ,0.0672794 
697,18.8002 ,-0.00317925 ,0.0666864 
698,18.8272 ,-0.00315784 ,0.0660977 
699,18.8542 ,-0.00313653 ,0.0655138 
700,18.8811 ,-0.00311531 ,0.064934 
701,18.9081 ,-0.00309419 ,0.064359 
702,18.9351 ,-0.00307317 ,0.0637882 
703,18.962 ,-0.00305224 ,0.063222 
704,18.989 ,-0.0030314 ,0.06266 
705,19.016 ,-0.00301067 ,0.0621025 
706,19.043 ,-0.00299003 ,0.0615491 
707,19.0699 ,-0.00296949 ,0.0610002 
708,19.0969 ,-0.00294905 ,0.0604554 
709,19.1239 ,-0.00292871 ,0.059915 
710,19.1509 ,-0.00290847 ,0.0593786 
711,19.1778 ,-0.00288833 ,0.0588465 
712,19.2048 ,-0.0028683 ,0.0583184 
713,19.2318 ,-0.00284836 ,0.0577947 
714,19.2587 ,-0.00282853 ,0.0572748 
715,19.2857 ,-0.0028088 ,0.0567592 
716,19.3127 ,-0.00278917 ,0.0562474 
717,19.3397 ,-0.00276964 ,0.0557398 
718,19.3666 ,-0.00275022 ,0.055236 
719,19.3936 ,-0.0027309 ,0.0547364 
720,19.4206 ,-0.00271169 ,0.0542405 
721,19.4476 ,-0.00269258 ,0.0537487 
722,19.4745 ,-0.00267358 ,0.0532606 
723,19.5015 ,-0.00265468 ,0.0527765 
724,19.5285 ,-0.00263588 ,0.052296 
725,19.5555 ,-0.00261719 ,0.0518196 
726,19.5824 ,-0.00259861 ,0.0513467 
727,19.6094 ,-0.00258013 ,0.0508778 
728,19.6364 ,-0.00256176 ,0.0504124 
729,19.6633 ,-0.00254349 ,0.0499509 
730,19.6903 ,-0.00252533 ,0.0494929 
731,19.7173 ,-0.00250727 ,0.0490387 
732,19.7443 ,-0.00248932 ,0.048588 
733,19.7712 ,-0.00247148 ,0.048141 
734,19.7982 ,-0.00245374 ,0.0476975 
735,19.8252 ,-0.00243611 ,0.0472577 
736,19.8522 ,-0.00241858 ,0.0468212 
737,19.8791 ,-0.00240117 ,0.0463884 
738,19.9061 ,-0.00238385 ,0.045959 
739,19.9331 ,-0.00236665 ,0.0455331 
740,19.96 ,-0.00234954 ,0.0451106 
741,19.987 ,-0.00233255 ,0.0446915 
742,20.014 ,-0.00231566 ,0.0442758 
743,20.041 ,-0.00229888 ,0.0438635 
744,20.0679 ,-0.0022822 ,0.0434545 
745,20.0949 ,-0.00226563 ,0.0430488 
746,20.1219 ,-0.00224916 ,0.0426464 
747,20.1489 ,-0.0022328 ,0.0422474 
748,20.1758 ,-0.00221654 ,0.0418515 
749,20.2028 ,-0.00220039 ,0.0414589 
750,20.2298 ,-0.00218435 ,0.0410695 
751,20.2568 ,-0.00216841 ,0.0406833 
752,20.2837 ,-0.00215257 ,0.0403002 
753,20.3107 ,-0.00213684 ,0.0399203 
754,20.3377 ,-0.00212121 ,0.0395435 
755,20.3646 ,-0.00210569 ,0.0391698 
756,20.3916 ,-0.00209027 ,0.0387992 
757,20.4186 ,-0.00207495 ,0.0384317 
758,20.4456 ,-0.00205974 ,0.0380671 
759,20.4725 ,-0.00204463 ,0.0377056 
760,20.4995 ,-0.00202962 ,0.0373471 
761,20.5265 ,-0.00201471 ,0.0369916 
762,20.5535 ,-0.00199991 ,0.036639 
763,20.5804 ,-0.00198521 ,0.0362893 
764,20.6074 ,-0.00197061 ,0.0359426 
765,20.6344 ,-0.00195611 ,0.0355987 
766,20.6613 ,-0.00194172 ,0.0352577 
767,20.6883 ,-0.00192742 ,0.0349196 
768,20.7153 ,-0.00191323 ,0.0345843 
769,20.7423 ,-0.00189913 ,0.0342519 
770,20.7692 ,-0.00188514 ,0.0339222 
771,20.7962 ,-0.00187124 ,0.0335953 
772,20.8232 ,-0.00185745 ,0.0332711 
773,20.8502 ,-0.00184375 ,0.0329497 
774,20.8771 ,-0.00183015 ,0.0326309 
775,20.9041 ,-0.00181665 ,0.032315 
776,20.9311 ,-0.00180325 ,0.0320016 
777,20.958 ,-0.00178995 ,0.031691 
778,20.985 ,-0.00177674 ,0.0313829 
779,21.012 ,-0.00176363 ,0.0310775 
780,21.039 ,-0.00175062 ,0.0307747 
781,21.0659 ,-0.0017377 ,0.0304745 
782,21.0929 ,-0.00172488 ,0.0301768 
783,21.1199 ,-0.00171215 ,0.0298817 
784,21.1469 ,-0.00169952 ,0.0295891 
785,21.1738 ,-0.00168698 ,0.0292991 
786,21.2008 ,-0.00167454 ,0.0290115 
787,21.2278 ,-0.00166219 ,0.0287265 
788,21.2548 ,-0.00164994 ,0.0284438 
789,21.2817 ,-0.00163777 ,0.0281637 
790,21.3087 ,-0.0016257 ,0.0278859 
791,21.3357 ,-0.00161373 ,0.0276106 
792,21.3626 ,-0.00160184 ,0.0273376 
793,21.3896 ,-0.00159005 ,0.0270671 
794,21.4166 ,-0.00157834 ,0.0267988 
795,21.4436 ,-0.00156673 ,0.026533 
796,21.4705 ,-0.00155521 ,0.0262694 
797,21.4975 ,-0.00154378 ,0.0260082 
798,21.5245 ,-0.00153243 ,0.0257493 
799,21.5515 ,-0.00152118 ,0.0254927 
800,21.5784 ,-0.00151001 ,0.0252382 
801,21.6054 ,-0.00149894 ,0.0249861 
802,21.6324 ,-0.00148795 ,0.0247362 
803,21.6593 ,-0.00147704 ,0.0244885 
804,21.6863 ,-0.00146623 ,0.024243 
805,21.7133 ,-0.0014555 ,0.0239997 
806,21.7403 ,-0.00144486 ,0.0237585 
807,21.7672 ,-0.0014343 ,0.0235196 
808,21.7942 ,-0.00142383 ,0.0232827 
809,21.8212 ,-0.00141344 ,0.023048 
810,21.8482 ,-0.00140314 ,0.0228153 
811,21.8751 ,-0.00139292 ,0.0225848 
812,21.9021 ,-0.00138278 ,0.0223564 
813,21.9291 ,-0.00137273 ,0.02213 
814,21.956 ,-0.00136276 ,0.0219057 
815,21.983 ,-0.00135287 ,0.0216834 
816,22.01 ,-0.00134306 ,0.0214631 
817,22.037 ,-0.00133334 ,0.0212448 
818,22.0639 ,-0.00132369 ,0.0210286 
819,22.0909 ,-0.00131413 ,0.0208143 
820,22.1179 ,-0.00130464 ,0.0206019 
821,22.1449 ,-0.00129524 ,0.0203916 
822,22.1718 ,-0.00128591 ,0.0201831 
823,22.1988 ,-0.00127667 ,0.0199766 
824,22.2258 ,-0.0012675 ,0.019772 
825,22.2528 ,-0.00125841 ,0.0195694 
826,22.2797 ,-0.00124939 ,0.0193685 
827,22.3067 ,-0.00124046 ,0.0191696 
828,22.3337 ,-0.0012316 ,0.0189725 
829,22.3606 ,-0.00122281 ,0.0187773 
830,22.3876 ,-0.00121411 ,0.0185839 
831,22.4146 ,-0.00120547 ,0.0183924 
832,22.4416 ,-0.00119692 ,0.0182026 
833,22.4685 ,-0.00118843 ,0.0180147 
834,22.4955 ,-0.00118002 ,0.0178285 
835,22.5225 ,-0.00117169 ,0.0176441 
836,22.5495 ,-0.00116342 ,0.0174614 
837,22.5764 ,-0.00115523 ,0.0172806 
838,22.6034 ,-0.00114712 ,0.0171014 
839,22.6304 ,-0.00113907 ,0.016924 
840,22.6573 ,-0.0011311 ,0.0167483 
841,22.6843 ,-0.00112319 ,0.0165743 
842,22.7113 ,-0.00111536 ,0.0164019 
843,22.7383 ,-0.0011076 ,0.0162313 
844,22.7652 ,-0.00109991 ,0.0160623 
845,22.7922 ,-0.00109228 ,0.015895 
846,22.8192 ,-0.00108473 ,0.0157294 
847,22.8462 ,-0.00107725 ,0.0155653 
848,22.8731 ,-0.00106983 ,0.0154029 
849,22.9001 ,-0.00106248 ,0.0152422 
850,22.9271 ,-0.0010552 ,0.015083 
851,22.9541 ,-0.00104798 ,0.0149254 
852,22.981 ,-0.00104083 ,0.0147694 
853,23.008 ,-0.00103375 ,0.0146149 
854,23.035 ,-0.00102674 ,0.0144621 
855,23.0619 ,-0.00101978 ,0.0143107 
856,23.0889 ,-0.0010129 ,0.014161 
857,23.1159 ,-0.00100608 ,0.0140127 
858,23.1429 ,-0.000999321 ,0.013866 
859,23.1698 ,-0.000992628 ,0.0137208 
860,23.1968 ,-0.000985998 ,0.0135771 
861,23.2238 ,-0.000979432 ,0.0134348 
862,23.2508 ,-0.000972928 ,0.0132941 
863,23.2777 ,-0.000966487 ,0.0131549 
864,23.3047 ,-0.000960107 ,0.0130171 
865,23.3317 ,-0.00095379 ,0.0128807 
866,23.3586 ,-0.000947533 ,0.0127458 
867,23.3856 ,-0.000941337 ,0.0126124 
868,23.4126 ,-0.000935202 ,0.0124804 
869,23.4396 ,-0.000929127 ,0.0123498 
870,23.4665 ,-0.000923111 ,0.0122206 
871,23.4935 ,-0.000917155 ,0.0120928 
872,23.5205 ,-0.000911258 ,0.0119664 
873,23.5475 ,-0.00090542 ,0.0118414 
874,23.5744 ,-0.00089964 ,0.0117178 
875,23.6014 ,-0.000893918 ,0.0115955 
876,23.6284 ,-0.000888253 ,0.0114746 
877,23.6553 ,-0.000882646 ,0.0113551 
878,23.6823 ,-0.000877095 ,0.0112368 
879,23.7093 ,-0.000871601 ,0.01112 
880,23.7363 ,-0.000866164 ,0.0110044 
881,23.7632 ,-0.000860782 ,0.0108902 
882,23.7902 ,-0.000855456 ,0.0107773 
883,23.8172 ,-0.000850185 ,0.0106657 
884,23.8442 ,-0.000844969 ,0.0105554 
885,23.8711 ,-0.000839807 ,0.0104464 
886,23.8981 ,-0.000834699 ,0.0103387 
887,23.9251 ,-0.000829646 ,0.0102323 
888,23.9521 ,-0.000824646 ,0.0101271 
889,23.979 ,-0.000819699 ,0.0100232 
890,24.006 ,-0.000814805 ,0.00992053 
891,24.033 ,-0.000809963 ,0.00981913 
892,24.0599 ,-0.000805174 ,0.00971896 
893,24.0869 ,-0.000800437 ,0.00962003 
894,24.1139 ,-0.000795751 ,0.00952232 
895,24.1409 ,-0.000791117 ,0.00942584 
896,24.1678 ,-0.000786534 ,0.00933057 
897,24.1948 ,-0.000782001 ,0.00923652 
898,24.2218 ,-0.000777519 ,0.00914366 
899,24.2488 ,-0.000773087 ,0.009052 
900,24.2757 ,-0.000768705 ,0.00896152 
901,24.3027 ,-0.000764372 ,0.00887224 
902,24.3297 ,-0.000760088 ,0.00878412 
903,24.3566 ,-0.000755853 ,0.00869718 
904,24.3836 ,-0.000751667 ,0.00861141 
905,24.4106 ,-0.00074753 ,0.00852679 
906,24.4376 ,-0.00074344 ,0.00844333 
907,24.4645 ,-0.000739398 ,0.00836102 
908,24.4915 ,-0.000735403 ,0.00827984 
909,24.5185 ,-0.000731456 ,0.00819981 
910,24.5455 ,-0.000727556 ,0.0081209 
911,24.5724 ,-0.000723702 ,0.00804312 
912,24.5994 ,-0.000719895 ,0.00796646 
913,24.6264 ,-0.000716133 ,0.00789092 
914,24.6533 ,-0.000712418 ,0.00781649 
915,24.6803 ,-0.000708748 ,0.00774316 
916,24.7073 ,-0.000705124 ,0.00767093 
917,24.7343 ,-0.000701544 ,0.00759979 
918,24.7612 ,-0.000698009 ,0.00752974 
919,24.7882 ,-0.000694519 ,0.00746078 
920,24.8152 ,-0.000691073 ,0.0073929 
921,24.8422 ,-0.000687672 ,0.00732609 
922,24.8691 ,-0.000684313 ,0.00726035 
923,24.8961 ,-0.000680999 ,0.00719568 
924,24.9231 ,-0.000677728 ,0.00713207 
925,24.9501 ,-0.000674499 ,0.00706951 
926,24.977 ,-0.000671314 ,0.00700801 
927,25.004 ,-0.000668171 ,0.00694755 
928,25.031 ,-0.00066507 ,0.00688814 
929,25.0579 ,-0.000662012 ,0.00682976 
930,25.0849 ,-0.000658995 ,0.00677242 
931,25.1119 ,-0.00065602 ,0.00671611 
932,25.1389 ,-0.000653087 ,0.00666082 
933,25.1658 ,-0.000650194 ,0.00660656 
934,25.1928 ,-0.000647343 ,0.00655331 
935,25.2198 ,-0.000644532 ,0.00650108 
936,25.2468 ,-0.000641761 ,0.00644986 
937,25.2737 ,-0.000639031 ,0.00639964 
938,25.3007 ,-0.000636342 ,0.00635043 
939,25.3277 ,-0.000633691 ,0.00630221 
940,25.3546 ,-0.000631081 ,0.00625499 
941,25.3816 ,-0.00062851 ,0.00620876 
942,25.4086 ,-0.000625978 ,0.00616351 
943,25.4356 ,-0.000623486 ,0.00611926 
944,25.4625 ,-0.000621032 ,0.00607597 
945,25.4895 ,-0.000618616 ,0.00603367 
946,25.5165 ,-0.00061624 ,0.00599234 
947,25.5435 ,-0.000613901 ,0.00595198 
948,25.5704 ,-0.0006116 ,0.00591259 
949,25.5974 ,-0.000609338 ,0.00587416 
950,25.6244 ,-0.000607113 ,0.00583668 
951,25.6514 ,-0.000604925 ,0.00580017 
952,25.6783 ,-0.000602775 ,0.00576461 
953,25.7053 ,-0.000600661 ,0.00573 
954,25.7323 ,-0.000598585 ,0.00569633 
955,25.7592 ,-0.000596545 ,0.00566361 
956,25.7862 ,-0.000594542 ,0.00563183 
957,25.8132 ,-0.000592576 ,0.00560099 
958,25.8402 ,-0.000590645 ,0.00557109 
959,25.8671 ,-0.000588751 ,0.00554212 
960,25.8941 ,-0.000586892 ,0.00551407 
961,25.9211 ,-0.00058507 ,0.00548695 
962,25.9481 ,-0.000583282 ,0.00546076 
963,25.975 ,-0.00058153 ,0.00543549 
964,26.002 ,-0.000579814 ,0.00541113 
965,26.029 ,-0.000578132 ,0.00538769 
966,26.0559 ,-0.000576485 ,0.00536516 
967,26.0829 ,-0.000574873 ,0.00534355 
968,26.1099 ,-0.000573296 ,0.00532284 
969,26.1369 ,-0.000571753 ,0.00530303 
970,26.1638 ,-0.000570244 ,0.00528413 
971,26.1908 ,-0.00056877 ,0.00526613 
972,26.2178 ,-0.000567329 ,0.00524903 
973,26.2448 ,-0.000565922 ,0.00523282 
974,26.2717 ,-0.000564549 ,0.0052175 
975,26.2987 ,-0.00056321 ,0.00520308 
976,26.3257 ,-0.000561904 ,0.00518954 
977,26.3526 ,-0.000560631 ,0.00517689 
978,26.3796 ,-0.000559391 ,0.00516512 
979,26.4066 ,-0.000558185 ,0.00515423 
980,26.4336 ,-0.000557011 ,0.00514422 
981,26.4605 ,-0.00055587 ,0.00513509 
982,26.4875 ,-0.000554762 ,0.00512684 
983,26.5145 ,-0.000553686 ,0.00511945 
984,26.5415 ,-0.000552643 ,0.00511294 
985,26.5684 ,-0.000551631 ,0.00510729 
986,26.5954 ,-0.000550652 ,0.00510251 
987,26.6224 ,-0.000549705 ,0.0050986 
988,26.6494 ,-0.00054879 ,0.00509554 
989,26.6763 ,-0.000547907 ,0.00509335 
990,26.7033 ,-0.000547055 ,0.00509201 
991,26.7303 ,-0.000546235 ,0.00509153 
992,26.7572 ,-0.000545446 ,0.00509191 
993,26.7842 ,-0.000544689 ,0.00509313 
994,26.8112 ,-0.000543963 ,0.00509521 
995,26.8382 ,-0.000543268 ,0.00509814 
996,26.8651 ,-0.000542604 ,0.00510191 
997,26.8921 ,-0.000541971 ,0.00510653 
998,26.9191 ,-0.000541369 ,0.00511199 
999,26.9461 ,-0.000540798 ,0.00511829 
1000,26.973 ,-0.000540257 ,0.00512543 