N_e = 18
1,0.027 ,0.000300382 ,-2743.3 
2,0.053973 ,0.000300533 ,-686.376 
3,0.080946 ,0.000408193 ,-305.057 
4,0.107919 ,0.000530445 ,-171.544 
5,0.134892 ,0.000656857 ,-109.733 
6,0.161865 ,0.000784876 ,-76.1533 
7,0.188838 ,0.000913625 ,-55.9038 
8,0.215811 ,0.00104273 ,-42.7603 
9,0.242784 ,0.00117202 ,-33.7487 
10,0.269757 ,0.00130138 ,-27.3025 
11,0.29673 ,0.00143077 ,-22.5329 
12,0.323703 ,0.00156013 ,-18.9051 
13,0.350676 ,0.00168945 ,-16.0818 
14,0.377649 ,0.0018187 ,-13.8415 
15,0.404622 ,0.00194786 ,-12.0341 
16,0.431595 ,0.00207693 ,-10.5549 
17,0.458568 ,0.00220588 ,-9.32889 
18,0.485541 ,0.00233471 ,-8.3015 
19,0.512514 ,0.00246341 ,-7.43198 
20,0.539487 ,0.00259197 ,-6.68961 
21,0.56646 ,0.00272038 ,-6.0507 
22,0.593433 ,0.00284863 ,-5.49694 
23,0.620406 ,0.0029767 ,-5.01379 
24,0.647379 ,0.00310461 ,-4.58977 
25,0.674352 ,0.00323232 ,-4.21558 
26,0.701325 ,0.00335984 ,-3.88374 
27,0.728298 ,0.00348716 ,-3.58805 
28,0.755271 ,0.00361427 ,-3.32349 
29,0.782244 ,0.00374117 ,-3.08579 
30,0.809217 ,0.00386783 ,-2.87147 
31,0.83619 ,0.00399426 ,-2.67753 
32,0.863163 ,0.00412045 ,-2.5015 
33,0.890136 ,0.00424639 ,-2.34119 
34,0.917109 ,0.00437207 ,-2.19484 
35,0.944082 ,0.00449749 ,-2.06081 
36,0.971055 ,0.00462263 ,-1.93782 
37,0.998028 ,0.00474749 ,-1.82463 
38,1.025 ,0.00487206 ,-1.72028 
39,1.05197 ,0.00499633 ,-1.62381 
40,1.07895 ,0.0051203 ,-1.53451 
41,1.10592 ,0.00524396 ,-1.45163 
42,1.13289 ,0.00536729 ,-1.37462 
43,1.15987 ,0.0054903 ,-1.30288 
44,1.18684 ,0.00561297 ,-1.236 
45,1.21381 ,0.0057353 ,-1.1735 
46,1.24079 ,0.00585727 ,-1.11504 
47,1.26776 ,0.00597889 ,-1.06025 
48,1.29473 ,0.00610014 ,-1.00886 
49,1.3217 ,0.00622101 ,-0.960556 
50,1.34868 ,0.0063415 ,-0.915139 
51,1.37565 ,0.0064616 ,-0.872338 
52,1.40262 ,0.00658131 ,-0.831999 
53,1.4296 ,0.00670061 ,-0.793894 
54,1.45657 ,0.0068195 ,-0.757903 
55,1.48354 ,0.00693796 ,-0.723829 
56,1.51051 ,0.007056 ,-0.691582 
57,1.53749 ,0.0071736 ,-0.660989 
58,1.56446 ,0.00729076 ,-0.631983 
59,1.59143 ,0.00740747 ,-0.604411 
60,1.61841 ,0.00752373 ,-0.578225 
61,1.64538 ,0.00763951 ,-0.553289 
62,1.67235 ,0.00775483 ,-0.529569 
63,1.69933 ,0.00786966 ,-0.506941 
64,1.7263 ,0.00798401 ,-0.485386 
65,1.75327 ,0.00809786 ,-0.46479 
66,1.78024 ,0.00821121 ,-0.445143 
67,1.80722 ,0.00832405 ,-0.426343 
68,1.83419 ,0.00843638 ,-0.408386 
69,1.86116 ,0.00854818 ,-0.391178 
70,1.88814 ,0.00865945 ,-0.374722 
71,1.91511 ,0.00877018 ,-0.358931 
72,1.94208 ,0.00888037 ,-0.343814 
73,1.96906 ,0.00899001 ,-0.329288 
74,1.99603 ,0.00909908 ,-0.315368 
75,2.023 ,0.00920759 ,-0.301976 
76,2.04998 ,0.00931553 ,-0.28913 
77,2.07695 ,0.00942289 ,-0.276757 
78,2.10392 ,0.00952966 ,-0.264878 
79,2.13089 ,0.00963584 ,-0.253423 
80,2.15787 ,0.00974141 ,-0.242417 
81,2.18484 ,0.00984638 ,-0.231792 
82,2.21181 ,0.00995074 ,-0.221575 
83,2.23879 ,0.0100545 ,-0.211702 
84,2.26576 ,0.0101576 ,-0.202202 
85,2.29273 ,0.0102601 ,-0.193012 
86,2.31971 ,0.0103619 ,-0.184163 
87,2.34668 ,0.0104631 ,-0.175595 
88,2.37365 ,0.0105636 ,-0.16734 
89,2.40062 ,0.0106635 ,-0.15934 
90,2.4276 ,0.0107627 ,-0.151628 
91,2.45457 ,0.0108613 ,-0.144147 
92,2.48154 ,0.0109591 ,-0.136932 
93,2.50852 ,0.0110563 ,-0.129927 
94,2.53549 ,0.0111528 ,-0.123169 
95,2.56246 ,0.0112486 ,-0.116601 
96,2.58944 ,0.0113437 ,-0.110262 
97,2.61641 ,0.0114381 ,-0.104096 
98,2.64338 ,0.0115318 ,-0.0981435 
99,2.67035 ,0.0116247 ,-0.0923494 
100,2.69733 ,0.011717 ,-0.086753 
101,2.7243 ,0.0118085 ,-0.0813017 
102,2.75127 ,0.0118993 ,-0.0760351 
103,2.77825 ,0.0119893 ,-0.0709011 
104,2.80522 ,0.0120786 ,-0.0659398 
105,2.83219 ,0.0121671 ,-0.0610999 
106,2.85917 ,0.0122549 ,-0.0564221 
107,2.88614 ,0.0123419 ,-0.0518553 
108,2.91311 ,0.0124282 ,-0.0474407 
109,2.94008 ,0.0125137 ,-0.043128 
110,2.96706 ,0.0125984 ,-0.0389585 
111,2.99403 ,0.0126823 ,-0.0348823 
112,3.021 ,0.0127655 ,-0.0309413 
113,3.04798 ,0.0128479 ,-0.0270859 
114,3.07495 ,0.0129294 ,-0.023358 
115,3.10192 ,0.0130102 ,-0.0197088 
116,3.12889 ,0.0130902 ,-0.0161803 
117,3.15587 ,0.0131694 ,-0.012724 
118,3.18284 ,0.0132477 ,-0.0093821 
119,3.20981 ,0.0133253 ,-0.00610636 
120,3.23679 ,0.013402 ,-0.0029394 
121,3.26376 ,0.0134779 ,0.000166906 
122,3.29073 ,0.013553 ,0.00316973 
123,3.31771 ,0.0136272 ,0.00611695 
124,3.34468 ,0.0137006 ,0.00896557 
125,3.37165 ,0.0137732 ,0.0117632 
126,3.39863 ,0.013845 ,0.0144668 
127,3.4256 ,0.0139159 ,0.0171237 
128,3.45257 ,0.0139859 ,0.0196906 
129,3.47954 ,0.0140552 ,0.0222149 
130,3.50652 ,0.0141235 ,0.0246531 
131,3.53349 ,0.014191 ,0.0270523 
132,3.56046 ,0.0142577 ,0.029369 
133,3.58744 ,0.0143235 ,0.0316502 
134,3.61441 ,0.0143884 ,0.0338521 
135,3.64138 ,0.0144525 ,0.0360217 
136,3.66836 ,0.0145157 ,0.0381151 
137,3.69533 ,0.014578 ,0.0401792 
138,3.7223 ,0.0146395 ,0.04217 
139,3.74927 ,0.0147001 ,0.0441342 
140,3.77625 ,0.0147598 ,0.0460279 
141,3.80322 ,0.0148186 ,0.0478974 
142,3.83019 ,0.0148766 ,0.049699 
143,3.85717 ,0.0149337 ,0.0514789 
144,3.88414 ,0.0149899 ,0.0531931 
145,3.91111 ,0.0150452 ,0.054888 
146,3.93809 ,0.0150996 ,0.0565194 
147,3.96506 ,0.0151532 ,0.0581335 
148,3.99203 ,0.0152058 ,0.0596862 
149,4.019 ,0.0152576 ,0.0612237 
150,4.04598 ,0.0153085 ,0.0627017 
151,4.07295 ,0.0153585 ,0.0641663 
152,4.09992 ,0.0154076 ,0.0655733 
153,4.1269 ,0.0154558 ,0.0669687 
154,4.15387 ,0.0155031 ,0.0683081 
155,4.18084 ,0.0155496 ,0.0696376 
156,4.20782 ,0.0155951 ,0.0709129 
157,4.23479 ,0.0156398 ,0.0721797 
158,4.26176 ,0.0156836 ,0.0733939 
159,4.28873 ,0.0157264 ,0.0746011 
160,4.31571 ,0.0157684 ,0.0757571 
161,4.34268 ,0.0158095 ,0.0769076 
162,4.36965 ,0.0158497 ,0.0780082 
163,4.39663 ,0.015889 ,0.0791047 
164,4.4236 ,0.0159274 ,0.0801525 
165,4.45057 ,0.0159649 ,0.0811976 
166,4.47755 ,0.0160016 ,0.0821952 
167,4.50452 ,0.0160373 ,0.0831913 
168,4.53149 ,0.0160722 ,0.0841411 
169,4.55846 ,0.0161062 ,0.0850905 
170,4.58544 ,0.0161392 ,0.0859948 
171,4.61241 ,0.0161714 ,0.0868997 
172,4.63938 ,0.0162028 ,0.0877606 
173,4.66636 ,0.0162332 ,0.0886232 
174,4.69333 ,0.0162627 ,0.0894428 
175,4.7203 ,0.0162914 ,0.0902651 
176,4.74728 ,0.0163192 ,0.0910454 
177,4.77425 ,0.0163461 ,0.0918293 
178,4.80122 ,0.0163721 ,0.0925721 
179,4.82819 ,0.0163973 ,0.0933195 
180,4.85517 ,0.0164216 ,0.0940266 
181,4.88214 ,0.016445 ,0.0947392 
182,4.90911 ,0.0164676 ,0.0954124 
183,4.93609 ,0.0164892 ,0.0960919 
184,4.96306 ,0.0165101 ,0.0967327 
185,4.99003 ,0.01653 ,0.0973808 
186,5.01701 ,0.0165491 ,0.0979909 
187,5.04398 ,0.0165673 ,0.098609 
188,5.07095 ,0.0165847 ,0.0991899 
189,5.09792 ,0.0166012 ,0.0997795 
190,5.1249 ,0.0166169 ,0.100333 
191,5.15187 ,0.0166317 ,0.100895 
192,5.17884 ,0.0166457 ,0.101422 
193,5.20582 ,0.0166588 ,0.101959 
194,5.23279 ,0.0166711 ,0.10246 
195,5.25976 ,0.0166825 ,0.102973 
196,5.28674 ,0.0166931 ,0.103451 
197,5.31371 ,0.0167029 ,0.10394 
198,5.34068 ,0.0167118 ,0.104395 
199,5.36765 ,0.0167199 ,0.104863 
200,5.39463 ,0.0167272 ,0.105297 
201,5.4216 ,0.0167337 ,0.105743 
202,5.44857 ,0.0167393 ,0.106157 
203,5.47555 ,0.0167441 ,0.106583 
204,5.50252 ,0.0167482 ,0.106978 
205,5.52949 ,0.0167514 ,0.107386 
206,5.55647 ,0.0167537 ,0.107762 
207,5.58344 ,0.0167553 ,0.108152 
208,5.61041 ,0.0167561 ,0.108511 
209,5.63738 ,0.0167561 ,0.108885 
210,5.66436 ,0.0167553 ,0.109228 
211,5.69133 ,0.0167537 ,0.109585 
212,5.7183 ,0.0167513 ,0.109913 
213,5.74528 ,0.0167481 ,0.110255 
214,5.77225 ,0.0167441 ,0.110568 
215,5.79922 ,0.0167394 ,0.110897 
216,5.8262 ,0.0167339 ,0.111196 
217,5.85317 ,0.0167276 ,0.111511 
218,5.88014 ,0.0167205 ,0.111797 
219,5.90711 ,0.0167127 ,0.112099 
220,5.93409 ,0.0167041 ,0.112373 
221,5.96106 ,0.0166948 ,0.112663 
222,5.98803 ,0.0166847 ,0.112926 
223,6.01501 ,0.0166738 ,0.113205 
224,6.04198 ,0.0166622 ,0.113456 
225,6.06895 ,0.0166499 ,0.113725 
226,6.09593 ,0.0166368 ,0.113966 
227,6.1229 ,0.016623 ,0.114224 
228,6.14987 ,0.0166085 ,0.114455 
229,6.17684 ,0.0165932 ,0.114704 
230,6.20382 ,0.0165772 ,0.114926 
231,6.23079 ,0.0165605 ,0.115166 
232,6.25776 ,0.016543 ,0.115379 
233,6.28474 ,0.0165249 ,0.115611 
234,6.31171 ,0.016506 ,0.115815 
235,6.33868 ,0.0164864 ,0.116039 
236,6.36566 ,0.0164661 ,0.116236 
237,6.39263 ,0.0164452 ,0.116451 
238,6.4196 ,0.0164235 ,0.116641 
239,6.44657 ,0.0164011 ,0.116849 
240,6.47355 ,0.0163781 ,0.117031 
241,6.50052 ,0.0163544 ,0.117233 
242,6.52749 ,0.0163299 ,0.117408 
243,6.55447 ,0.0163049 ,0.117602 
244,6.58144 ,0.0162791 ,0.117771 
245,6.60841 ,0.0162527 ,0.117959 
246,6.63539 ,0.0162256 ,0.118122 
247,6.66236 ,0.0161978 ,0.118303 
248,6.68933 ,0.0161694 ,0.11846 
249,6.7163 ,0.0161403 ,0.118635 
250,6.74328 ,0.0161106 ,0.118786 
251,6.77025 ,0.0160803 ,0.118955 
252,6.79722 ,0.0160493 ,0.1191 
253,6.8242 ,0.0160176 ,0.119263 
254,6.85117 ,0.0159854 ,0.119402 
255,6.87814 ,0.0159525 ,0.11956 
256,6.90512 ,0.015919 ,0.119693 
257,6.93209 ,0.0158848 ,0.119845 
258,6.95906 ,0.0158501 ,0.119972 
259,6.98603 ,0.0158147 ,0.120118 
260,7.01301 ,0.0157787 ,0.12024 
261,7.03998 ,0.0157421 ,0.12038 
262,7.06695 ,0.015705 ,0.120496 
263,7.09393 ,0.0156672 ,0.120631 
264,7.1209 ,0.0156288 ,0.120741 
265,7.14787 ,0.0155899 ,0.120869 
266,7.17485 ,0.0155503 ,0.120973 
267,7.20182 ,0.0155102 ,0.121095 
268,7.22879 ,0.0154695 ,0.121193 
269,7.25576 ,0.0154282 ,0.121309 
270,7.28274 ,0.0153864 ,0.1214 
271,7.30971 ,0.015344 ,0.121509 
272,7.33668 ,0.0153011 ,0.121594 
273,7.36366 ,0.0152575 ,0.121697 
274,7.39063 ,0.0152135 ,0.121774 
275,7.4176 ,0.0151689 ,0.12187 
276,7.44458 ,0.0151237 ,0.12194 
277,7.47155 ,0.0150781 ,0.122028 
278,7.49852 ,0.0150319 ,0.122091 
279,7.52549 ,0.0149851 ,0.122172 
280,7.55247 ,0.0149379 ,0.122227 
281,7.57944 ,0.0148901 ,0.122299 
282,7.60641 ,0.0148418 ,0.122346 
283,7.63339 ,0.014793 ,0.122409 
284,7.66036 ,0.0147437 ,0.122447 
285,7.68733 ,0.0146939 ,0.122501 
286,7.71431 ,0.0146436 ,0.12253 
287,7.74128 ,0.0145928 ,0.122574 
288,7.76825 ,0.0145415 ,0.122594 
289,7.79522 ,0.0144897 ,0.122628 
290,7.8222 ,0.0144375 ,0.122637 
291,7.84917 ,0.0143848 ,0.12266 
292,7.87614 ,0.0143316 ,0.122659 
293,7.90312 ,0.014278 ,0.122671 
294,7.93009 ,0.0142239 ,0.122657 
295,7.95706 ,0.0141693 ,0.122658 
296,7.98404 ,0.0141143 ,0.122632 
297,8.01101 ,0.0140589 ,0.12262 
298,8.03798 ,0.014003 ,0.122582 
299,8.06495 ,0.0139467 ,0.122556 
300,8.09193 ,0.01389 ,0.122505 
301,8.1189 ,0.0138329 ,0.122465 
302,8.14587 ,0.0137753 ,0.122399 
303,8.17285 ,0.0137173 ,0.122345 
304,8.19982 ,0.0136589 ,0.122264 
305,8.22679 ,0.0136002 ,0.122194 
306,8.25376 ,0.013541 ,0.122097 
307,8.28074 ,0.0134814 ,0.122011 
308,8.30771 ,0.0134215 ,0.121897 
309,8.33468 ,0.0133612 ,0.121794 
310,8.36166 ,0.0133005 ,0.121663 
311,8.38863 ,0.0132394 ,0.121541 
312,8.4156 ,0.013178 ,0.121392 
313,8.44258 ,0.0131162 ,0.121251 
314,8.46955 ,0.0130541 ,0.121083 
315,8.49652 ,0.0129916 ,0.120922 
316,8.52349 ,0.0129289 ,0.120734 
317,8.55047 ,0.0128657 ,0.120552 
318,8.57744 ,0.0128023 ,0.120342 
319,8.60441 ,0.0127385 ,0.120139 
320,8.63139 ,0.0126744 ,0.119907 
321,8.65836 ,0.01261 ,0.11968 
322,8.68533 ,0.0125454 ,0.119425 
323,8.71231 ,0.0124804 ,0.119175 
324,8.73928 ,0.0124151 ,0.118896 
325,8.76625 ,0.0123496 ,0.118621 
326,8.79322 ,0.0122838 ,0.118316 
327,8.8202 ,0.0122177 ,0.118015 
328,8.84717 ,0.0121513 ,0.117684 
329,8.87414 ,0.0120848 ,0.117355 
330,8.90112 ,0.0120179 ,0.116997 
331,8.92809 ,0.0119508 ,0.11664 
332,8.95506 ,0.0118835 ,0.116253 
333,8.98204 ,0.011816 ,0.115867 
334,9.00901 ,0.0117483 ,0.11545 
335,9.03598 ,0.0116803 ,0.115034 
336,9.06295 ,0.0116121 ,0.114586 
337,9.08993 ,0.0115438 ,0.114138 
338,9.1169 ,0.0114752 ,0.113658 
339,9.14387 ,0.0114065 ,0.113177 
340,9.17085 ,0.0113376 ,0.112664 
341,9.19782 ,0.0112685 ,0.112148 
342,9.22479 ,0.0111993 ,0.111601 
343,9.25177 ,0.0111299 ,0.11105 
344,9.27874 ,0.0110604 ,0.110467 
345,9.30571 ,0.0109907 ,0.109879 
346,9.33268 ,0.010921 ,0.109259 
347,9.35966 ,0.0108511 ,0.108634 
348,9.38663 ,0.010781 ,0.107976 
349,9.4136 ,0.0107109 ,0.107311 
350,9.44058 ,0.0106407 ,0.106613 
351,9.46755 ,0.0105704 ,0.105909 
352,9.49452 ,0.0105 ,0.10517 
353,9.5215 ,0.0104295 ,0.104424 
354,9.54847 ,0.010359 ,0.103643 
355,9.57544 ,0.0102884 ,0.102854 
356,9.60241 ,0.0102178 ,0.10203 
357,9.62939 ,0.0101471 ,0.101196 
358,9.65636 ,0.0100764 ,0.100328 
359,9.68333 ,0.0100057 ,0.0994485 
360,9.71031 ,0.00993495 ,0.0985339 
361,9.73728 ,0.0098642 ,0.097608 
362,9.76425 ,0.00979346 ,0.0966462 
363,9.79123 ,0.00972273 ,0.0956721 
364,9.8182 ,0.00965201 ,0.0946617 
365,9.84517 ,0.00958132 ,0.0936382 
366,9.87214 ,0.00951067 ,0.0925779 
367,9.89912 ,0.00944007 ,0.0915035 
368,9.92609 ,0.00936952 ,0.0903921 
369,9.95306 ,0.00929903 ,0.0892656 
370,9.98004 ,0.00922861 ,0.0881017 
371,10.007 ,0.00915827 ,0.0869218 
372,10.034 ,0.00908802 ,0.085704 
373,10.061 ,0.00901787 ,0.0844694 
374,10.0879 ,0.00894782 ,0.0831965 
375,10.1149 ,0.00887789 ,0.0819059 
376,10.1419 ,0.00880808 ,0.0805765 
377,10.1688 ,0.0087384 ,0.0792285 
378,10.1958 ,0.00866886 ,0.0778414 
379,10.2228 ,0.00859948 ,0.0764348 
380,10.2498 ,0.00853025 ,0.0749886 
381,10.2767 ,0.00846119 ,0.073522 
382,10.3037 ,0.0083923 ,0.0720155 
383,10.3307 ,0.0083236 ,0.0704877 
384,10.3577 ,0.00825509 ,0.0689195 
385,10.3846 ,0.00818679 ,0.0673293 
386,10.4116 ,0.00811869 ,0.0656982 
387,10.4386 ,0.00805082 ,0.0640441 
388,10.4656 ,0.00798318 ,0.0623488 
389,10.4925 ,0.00791577 ,0.0606298 
390,10.5195 ,0.00784861 ,0.058869 
391,10.5465 ,0.0077817 ,0.0570836 
392,10.5734 ,0.00771506 ,0.0552562 
393,10.6004 ,0.00764869 ,0.0534033 
394,10.6274 ,0.0075826 ,0.051508 
395,10.6544 ,0.0075168 ,0.0495863 
396,10.6813 ,0.00745129 ,0.047631 
397,10.7083 ,0.0073861 ,0.0457116 
398,10.7353 ,0.00732122 ,0.0438203 
399,10.7623 ,0.00725666 ,0.0419721 
400,10.7892 ,0.00719243 ,0.040151 
401,10.8162 ,0.00712854 ,0.0383715 
402,10.8432 ,0.00706499 ,0.0366181 
403,10.8701 ,0.00700179 ,0.0349048 
404,10.8971 ,0.00693894 ,0.0332166 
405,10.9241 ,0.00687646 ,0.0315673 
406,10.9511 ,0.00681434 ,0.029942 
407,10.978 ,0.0067526 ,0.0283542 
408,11.005 ,0.00669123 ,0.0267896 
409,11.032 ,0.00663024 ,0.0252613 
410,11.059 ,0.00656963 ,0.0237551 
411,11.0859 ,0.00650942 ,0.022284 
412,11.1129 ,0.00644959 ,0.0208343 
413,11.1399 ,0.00639016 ,0.0194183 
414,11.1668 ,0.00633113 ,0.0180229 
415,11.1938 ,0.0062725 ,0.0166602 
416,11.2208 ,0.00621427 ,0.0153172 
417,11.2478 ,0.00615645 ,0.0140057 
418,11.2747 ,0.00609903 ,0.0127132 
419,11.3017 ,0.00604202 ,0.0114511 
420,11.3287 ,0.00598543 ,0.0102073 
421,11.3557 ,0.00592924 ,0.00899279 
422,11.3826 ,0.00587348 ,0.00779586 
423,11.4096 ,0.00581812 ,0.00662727 
424,11.4366 ,0.00576318 ,0.00547554 
425,11.4636 ,0.00570866 ,0.00435117 
426,11.4905 ,0.00565456 ,0.003243 
427,11.5175 ,0.00560087 ,0.00216123 
428,11.5445 ,0.00554761 ,0.00109505 
429,11.5714 ,0.00549476 ,5.43323e-05 
430,11.5984 ,0.00544232 ,-0.000971408 
431,11.6254 ,0.00539031 ,-0.00197256 
432,11.6524 ,0.00533872 ,-0.00295933 
433,11.6793 ,0.00528754 ,-0.00392236 
434,11.7063 ,0.00523678 ,-0.00487157 
435,11.7333 ,0.00518643 ,-0.00579788 
436,11.7603 ,0.0051365 ,-0.0067109 
437,11.7872 ,0.00508699 ,-0.00760182 
438,11.8142 ,0.00503789 ,-0.00847998 
439,11.8412 ,0.0049892 ,-0.0093368 
440,11.8681 ,0.00494093 ,-0.0101814 
441,11.8951 ,0.00489307 ,-0.0110053 
442,11.9221 ,0.00484561 ,-0.0118175 
443,11.9491 ,0.00479857 ,-0.0126099 
444,11.976 ,0.00475193 ,-0.0133909 
445,12.003 ,0.00470569 ,-0.0141527 
446,12.03 ,0.00465986 ,-0.0149037 
447,12.057 ,0.00461443 ,-0.0156361 
448,12.0839 ,0.0045694 ,-0.0163582 
449,12.1109 ,0.00452477 ,-0.0170623 
450,12.1379 ,0.00448054 ,-0.0177564 
451,12.1648 ,0.0044367 ,-0.0184333 
452,12.1918 ,0.00439325 ,-0.0191006 
453,12.2188 ,0.0043502 ,-0.0197512 
454,12.2458 ,0.00430753 ,-0.0203925 
455,12.2727 ,0.00426525 ,-0.0210178 
456,12.2997 ,0.00422336 ,-0.0216342 
457,12.3267 ,0.00418184 ,-0.0222351 
458,12.3537 ,0.00414071 ,-0.0228275 
459,12.3806 ,0.00409996 ,-0.0234049 
460,12.4076 ,0.00405958 ,-0.0239741 
461,12.4346 ,0.00401957 ,-0.0245289 
462,12.4616 ,0.00397994 ,-0.0250758 
463,12.4885 ,0.00394067 ,-0.0256087 
464,12.5155 ,0.00390177 ,-0.0261341 
465,12.5425 ,0.00386324 ,-0.0266461 
466,12.5694 ,0.00382506 ,-0.0271507 
467,12.5964 ,0.00378725 ,-0.0276424 
468,12.6234 ,0.00374979 ,-0.0281271 
469,12.6504 ,0.00371269 ,-0.0285993 
470,12.6773 ,0.00367593 ,-0.0290648 
471,12.7043 ,0.00363953 ,-0.0295182 
472,12.7313 ,0.00360347 ,-0.0299651 
473,12.7583 ,0.00356776 ,-0.0304004 
474,12.7852 ,0.00353239 ,-0.0308295 
475,12.8122 ,0.00349736 ,-0.0312472 
476,12.8392 ,0.00346266 ,-0.0316591 
477,12.8661 ,0.0034283 ,-0.0320601 
478,12.8931 ,0.00339427 ,-0.0324554 
479,12.9201 ,0.00336057 ,-0.0328402 
480,12.9471 ,0.0033272 ,-0.0332195 
481,12.974 ,0.00329415 ,-0.0335886 
482,13.001 ,0.00326142 ,-0.0339525 
483,13.028 ,0.003229 ,-0.0343066 
484,13.055 ,0.00319691 ,-0.0346557 
485,13.0819 ,0.00316513 ,-0.0349953 
486,13.1089 ,0.00313365 ,-0.03533 
487,13.1359 ,0.00310249 ,-0.0356556 
488,13.1629 ,0.00307163 ,-0.0359766 
489,13.1898 ,0.00304108 ,-0.0362888 
490,13.2168 ,0.00301082 ,-0.0365965 
491,13.2438 ,0.00298086 ,-0.0368956 
492,13.2707 ,0.0029512 ,-0.0371905 
493,13.2977 ,0.00292183 ,-0.0374771 
494,13.3247 ,0.00289275 ,-0.0377597 
495,13.3517 ,0.00286396 ,-0.0380343 
496,13.3786 ,0.00283546 ,-0.0383049 
497,13.4056 ,0.00280724 ,-0.0385679 
498,13.4326 ,0.00277929 ,-0.0388271 
499,13.4596 ,0.00275163 ,-0.0390789 
500,13.4865 ,0.00272424 ,-0.039327 
501,13.5135 ,0.00269712 ,-0.039568 
502,13.5405 ,0.00267027 ,-0.0398055 
503,13.5674 ,0.0026437 ,-0.040036 
504,13.5944 ,0.00261738 ,-0.0402632 
505,13.6214 ,0.00259133 ,-0.0404838 
506,13.6484 ,0.00256554 ,-0.0407011 
507,13.6753 ,0.00254001 ,-0.040912 
508,13.7023 ,0.00251473 ,-0.0411198 
509,13.7293 ,0.00248971 ,-0.0413213 
510,13.7563 ,0.00246494 ,-0.0415199 
511,13.7832 ,0.00244042 ,-0.0417125 
512,13.8102 ,0.00241614 ,-0.0419022 
513,13.8372 ,0.00239211 ,-0.0420861 
514,13.8641 ,0.00236832 ,-0.0422673 
515,13.8911 ,0.00234477 ,-0.0424429 
516,13.9181 ,0.00232146 ,-0.0426158 
517,13.9451 ,0.00229838 ,-0.0427834 
518,13.972 ,0.00227553 ,-0.0429484 
519,13.999 ,0.00225292 ,-0.0431081 
520,14.026 ,0.00223053 ,-0.0432655 
521,14.053 ,0.00220837 ,-0.0434178 
522,14.0799 ,0.00218643 ,-0.0435678 
523,14.1069 ,0.00216472 ,-0.0437129 
524,14.1339 ,0.00214323 ,-0.0438558 
525,14.1609 ,0.00212195 ,-0.0439939 
526,14.1878 ,0.00210089 ,-0.0441299 
527,14.2148 ,0.00208004 ,-0.0442614 
528,14.2418 ,0.0020594 ,-0.0443908 
529,14.2687 ,0.00203897 ,-0.0445158 
530,14.2957 ,0.00201875 ,-0.0446388 
531,14.3227 ,0.00199873 ,-0.0447576 
532,14.3497 ,0.00197892 ,-0.0448745 
533,14.3766 ,0.00195931 ,-0.0449872 
534,14.4036 ,0.0019399 ,-0.0450982 
535,14.4306 ,0.00192068 ,-0.0452052 
536,14.4576 ,0.00190166 ,-0.0453105 
537,14.4845 ,0.00188283 ,-0.0454119 
538,14.5115 ,0.00186419 ,-0.0455117 
539,14.5385 ,0.00184575 ,-0.0456077 
540,14.5654 ,0.00182749 ,-0.0457022 
541,14.5924 ,0.00180941 ,-0.045793 
542,14.6194 ,0.00179152 ,-0.0458824 
543,14.6464 ,0.00177382 ,-0.0459682 
544,14.6733 ,0.00175629 ,-0.0460527 
545,14.7003 ,0.00173894 ,-0.0461337 
546,14.7273 ,0.00172177 ,-0.0462134 
547,14.7543 ,0.00170477 ,-0.0462898 
548,14.7812 ,0.00168794 ,-0.0463649 
549,14.8082 ,0.00167129 ,-0.0464368 
550,14.8352 ,0.0016548 ,-0.0465075 
551,14.8621 ,0.00163848 ,-0.0465751 
552,14.8891 ,0.00162233 ,-0.0466415 
553,14.9161 ,0.00160635 ,-0.046705 
554,14.9431 ,0.00159052 ,-0.0467673 
555,14.97 ,0.00157486 ,-0.0468268 
556,14.997 ,0.00155936 ,-0.0468851 
557,15.024 ,0.00154401 ,-0.0469407 
558,15.051 ,0.00152882 ,-0.0469953 
559,15.0779 ,0.00151379 ,-0.0470472 
560,15.1049 ,0.0014989 ,-0.0470981 
561,15.1319 ,0.00148417 ,-0.0471463 
562,15.1589 ,0.00146959 ,-0.0471937 
563,15.1858 ,0.00145516 ,-0.0472385 
564,15.2128 ,0.00144088 ,-0.0472824 
565,15.2398 ,0.00142674 ,-0.0473239 
566,15.2667 ,0.00141274 ,-0.0473646 
567,15.2937 ,0.00139889 ,-0.0474029 
568,15.3207 ,0.00138517 ,-0.0474404 
569,15.3477 ,0.0013716 ,-0.0474756 
570,15.3746 ,0.00135816 ,-0.04751 
571,15.4016 ,0.00134487 ,-0.0475422 
572,15.4286 ,0.0013317 ,-0.0475737 
573,15.4556 ,0.00131867 ,-0.047603 
574,15.4825 ,0.00130577 ,-0.0476317 
575,15.5095 ,0.00129301 ,-0.0476582 
576,15.5365 ,0.00128037 ,-0.0476842 
577,15.5634 ,0.00126786 ,-0.0477081 
578,15.5904 ,0.00125548 ,-0.0477314 
579,15.6174 ,0.00124323 ,-0.0477527 
580,15.6444 ,0.0012311 ,-0.0477735 
581,15.6713 ,0.00121909 ,-0.0477923 
582,15.6983 ,0.00120721 ,-0.0478106 
583,15.7253 ,0.00119544 ,-0.0478271 
584,15.7523 ,0.0011838 ,-0.0478431 
585,15.7792 ,0.00117227 ,-0.0478573 
586,15.8062 ,0.00116086 ,-0.047871 
587,15.8332 ,0.00114956 ,-0.047883 
588,15.8602 ,0.00113838 ,-0.0478945 
589,15.8871 ,0.00112732 ,-0.0479043 
590,15.9141 ,0.00111636 ,-0.0479137 
591,15.9411 ,0.00110552 ,-0.0479215 
592,15.968 ,0.00109479 ,-0.0479289 
593,15.995 ,0.00108416 ,-0.0479348 
594,16.022 ,0.00107364 ,-0.0479402 
595,16.049 ,0.00106323 ,-0.0479441 
596,16.0759 ,0.00105293 ,-0.0479477 
597,16.1029 ,0.00104273 ,-0.0479498 
598,16.1299 ,0.00103263 ,-0.0479516 
599,16.1569 ,0.00102263 ,-0.0479519 
600,16.1838 ,0.00101274 ,-0.047952 
601,16.2108 ,0.00100294 ,-0.0479506 
602,16.2378 ,0.000993248 ,-0.047949 
603,16.2647 ,0.000983651 ,-0.047946 
604,16.2917 ,0.00097415 ,-0.0479427 
605,16.3187 ,0.000964746 ,-0.0479382 
606,16.3457 ,0.000955436 ,-0.0479334 
607,16.3726 ,0.000946221 ,-0.0479274 
608,16.3996 ,0.000937098 ,-0.0479211 
609,16.4266 ,0.000928068 ,-0.0479136 
610,16.4536 ,0.000919128 ,-0.0479059 
611,16.4805 ,0.000910279 ,-0.047897 
612,16.5075 ,0.000901519 ,-0.0478879 
613,16.5345 ,0.000892847 ,-0.0478777 
614,16.5614 ,0.000884263 ,-0.0478673 
615,16.5884 ,0.000875765 ,-0.0478558 
616,16.6154 ,0.000867353 ,-0.0478441 
617,16.6424 ,0.000859025 ,-0.0478313 
618,16.6693 ,0.000850781 ,-0.0478184 
619,16.6963 ,0.00084262 ,-0.0478045 
620,16.7233 ,0.000834541 ,-0.0477904 
621,16.7503 ,0.000826544 ,-0.0477753 
622,16.7772 ,0.000818627 ,-0.0477601 
623,16.8042 ,0.000810789 ,-0.0477439 
624,16.8312 ,0.00080303 ,-0.0477276 
625,16.8582 ,0.000795349 ,-0.0477104 
626,16.8851 ,0.000787745 ,-0.0476931 
627,16.9121 ,0.000780218 ,-0.0476748 
628,16.9391 ,0.000772766 ,-0.0476565 
629,16.966 ,0.000765389 ,-0.0476373 
630,16.993 ,0.000758086 ,-0.047618 
631,17.02 ,0.000750855 ,-0.0475979 
632,17.047 ,0.000743698 ,-0.0475776 
633,17.0739 ,0.000736612 ,-0.0475566 
634,17.1009 ,0.000729597 ,-0.0475355 
635,17.1279 ,0.000722652 ,-0.0475136 
636,17.1549 ,0.000715777 ,-0.0474917 
637,17.1818 ,0.000708971 ,-0.047469 
638,17.2088 ,0.000702233 ,-0.0474462 
639,17.2358 ,0.000695562 ,-0.0474227 
640,17.2627 ,0.000688957 ,-0.0473992 
641,17.2897 ,0.000682419 ,-0.047375 
642,17.3167 ,0.000675946 ,-0.0473507 
643,17.3437 ,0.000669538 ,-0.0473257 
644,17.3706 ,0.000663194 ,-0.0473007 
645,17.3976 ,0.000656913 ,-0.0472751 
646,17.4246 ,0.000650694 ,-0.0472494 
647,17.4516 ,0.000644538 ,-0.0472231 
648,17.4785 ,0.000638443 ,-0.0471968 
649,17.5055 ,0.000632409 ,-0.0471698 
650,17.5325 ,0.000626435 ,-0.0471429 
651,17.5595 ,0.000620521 ,-0.0471153 
652,17.5864 ,0.000614665 ,-0.0470878 
653,17.6134 ,0.000608868 ,-0.0470596 
654,17.6404 ,0.000603128 ,-0.0470315 
655,17.6673 ,0.000597445 ,-0.0470029 
656,17.6943 ,0.000591819 ,-0.0469742 
657,17.7213 ,0.000586249 ,-0.046945 
658,17.7483 ,0.000580735 ,-0.0469158 
659,17.7752 ,0.000575275 ,-0.0468861 
660,17.8022 ,0.000569869 ,-0.0468564 
661,17.8292 ,0.000564517 ,-0.0468262 
662,17.8562 ,0.000559218 ,-0.0467961 
663,17.8831 ,0.000553972 ,-0.0467654 
664,17.9101 ,0.000548777 ,-0.0467349 
665,17.9371 ,0.000543635 ,-0.0467038 
666,17.964 ,0.000538543 ,-0.0466727 
667,17.991 ,0.000533502 ,-0.0466413 
668,18.018 ,0.00052851 ,-0.0466098 
669,18.045 ,0.000523568 ,-0.0465779 
670,18.0719 ,0.000518676 ,-0.0465461 
671,18.0989 ,0.000513831 ,-0.0465139 
672,18.1259 ,0.000509034 ,-0.0464817 
673,18.1529 ,0.000504285 ,-0.0464491 
674,18.1798 ,0.000499583 ,-0.0464165 
675,18.2068 ,0.000494927 ,-0.0463836 
676,18.2338 ,0.000490318 ,-0.0463507 
677,18.2607 ,0.000485754 ,-0.0463174 
678,18.2877 ,0.000481235 ,-0.0462843 
679,18.3147 ,0.00047676 ,-0.0462507 
680,18.3417 ,0.00047233 ,-0.0462172 
681,18.3686 ,0.000467944 ,-0.0461834 
682,18.3956 ,0.0004636 ,-0.0461496 
683,18.4226 ,0.0004593 ,-0.0461155 
684,18.4496 ,0.000455042 ,-0.0460814 
685,18.4765 ,0.000450826 ,-0.0460471 
686,18.5035 ,0.000446652 ,-0.0460128 
687,18.5305 ,0.000442519 ,-0.0459782 
688,18.5575 ,0.000438426 ,-0.0459437 
689,18.5844 ,0.000434374 ,-0.0459088 
690,18.6114 ,0.000430361 ,-0.0458741 
691,18.6384 ,0.000426389 ,-0.0458391 
692,18.6653 ,0.000422455 ,-0.0458041 
693,18.6923 ,0.00041856 ,-0.0457689 
694,18.7193 ,0.000414703 ,-0.0457337 
695,18.7463 ,0.000410884 ,-0.0456983 
696,18.7732 ,0.000407103 ,-0.045663 
697,18.8002 ,0.000403359 ,-0.0456274 
698,18.8272 ,0.000399651 ,-0.0455919 
699,18.8542 ,0.00039598 ,-0.0455561 
700,18.8811 ,0.000392345 ,-0.0455205 
701,18.9081 ,0.000388746 ,-0.0454846 
702,18.9351 ,0.000385182 ,-0.0454488 
703,18.962 ,0.000381654 ,-0.0454127 
704,18.989 ,0.000378159 ,-0.0453768 
705,19.016 ,0.000374699 ,-0.0453407 
706,19.043 ,0.000371273 ,-0.0453046 
707,19.0699 ,0.000367881 ,-0.0452683 
708,19.0969 ,0.000364521 ,-0.0452321 
709,19.1239 ,0.000361195 ,-0.0451958 
710,19.1509 ,0.000357901 ,-0.0451595 
711,19.1778 ,0.00035464 ,-0.045123 
712,19.2048 ,0.000351411 ,-0.0450866 
713,19.2318 ,0.000348213 ,-0.0450501 
714,19.2587 ,0.000345046 ,-0.0450136 
715,19.2857 ,0.000341911 ,-0.0449769 
716,19.3127 ,0.000338806 ,-0.0449404 
717,19.3397 ,0.000335731 ,-0.0449037 
718,19.3666 ,0.000332687 ,-0.0448671 
719,19.3936 ,0.000329672 ,-0.0448303 
720,19.4206 ,0.000326687 ,-0.0447937 
721,19.4476 ,0.000323731 ,-0.0447568 
722,19.4745 ,0.000320804 ,-0.0447201 
723,19.5015 ,0.000317905 ,-0.0446832 
724,19.5285 ,0.000315035 ,-0.0446465 
725,19.5555 ,0.000312193 ,-0.0446095 
726,19.5824 ,0.000309379 ,-0.0445728 
727,19.6094 ,0.000306592 ,-0.0445358 
728,19.6364 ,0.000303832 ,-0.044499 
729,19.6633 ,0.0003011 ,-0.044462 
730,19.6903 ,0.000298394 ,-0.0444252 
731,19.7173 ,0.000295714 ,-0.0443882 
732,19.7443 ,0.000293061 ,-0.0443513 
733,19.7712 ,0.000290433 ,-0.0443143 
734,19.7982 ,0.000287831 ,-0.0442774 
735,19.8252 ,0.000285255 ,-0.0442404 
736,19.8522 ,0.000282704 ,-0.0442035 
737,19.8791 ,0.000280177 ,-0.0441665 
738,19.9061 ,0.000277676 ,-0.0441296 
739,19.9331 ,0.000275198 ,-0.0440926 
740,19.96 ,0.000272745 ,-0.0440558 
741,19.987 ,0.000270316 ,-0.0440188 
742,20.014 ,0.00026791 ,-0.0439819 
743,20.041 ,0.000265528 ,-0.0439449 
744,20.0679 ,0.000263169 ,-0.0439081 
745,20.0949 ,0.000260834 ,-0.0438711 
746,20.1219 ,0.00025852 ,-0.0438343 
747,20.1489 ,0.00025623 ,-0.0437974 
748,20.1758 ,0.000253962 ,-0.0437606 
749,20.2028 ,0.000251716 ,-0.0437237 
750,20.2298 ,0.000249492 ,-0.0436869 
751,20.2568 ,0.000247289 ,-0.0436501 
752,20.2837 ,0.000245108 ,-0.0436134 
753,20.3107 ,0.000242949 ,-0.0435765 
754,20.3377 ,0.00024081 ,-0.0435398 
755,20.3646 ,0.000238692 ,-0.0435031 
756,20.3916 ,0.000236595 ,-0.0434664 
757,20.4186 ,0.000234518 ,-0.0434297 
758,20.4456 ,0.000232462 ,-0.0433931 
759,20.4725 ,0.000230426 ,-0.0433564 
760,20.4995 ,0.000228409 ,-0.0433199 
761,20.5265 ,0.000226412 ,-0.0432833 
762,20.5535 ,0.000224435 ,-0.0432468 
763,20.5804 ,0.000222477 ,-0.0432102 
764,20.6074 ,0.000220538 ,-0.0431738 
765,20.6344 ,0.000218618 ,-0.0431373 
766,20.6613 ,0.000216717 ,-0.0431009 
767,20.6883 ,0.000214834 ,-0.0430645 
768,20.7153 ,0.00021297 ,-0.0430282 
769,20.7423 ,0.000211124 ,-0.0429918 
770,20.7692 ,0.000209296 ,-0.0429556 
771,20.7962 ,0.000207486 ,-0.0429193 
772,20.8232 ,0.000205693 ,-0.0428831 
773,20.8502 ,0.000203918 ,-0.0428469 
774,20.8771 ,0.00020216 ,-0.0428108 
775,20.9041 ,0.00020042 ,-0.0427746 
776,20.9311 ,0.000198697 ,-0.0427386 
777,20.958 ,0.00019699 ,-0.0427026 
778,20.985 ,0.0001953 ,-0.0426666 
779,21.012 ,0.000193627 ,-0.0426306 
780,21.039 ,0.00019197 ,-0.0425948 
781,21.0659 ,0.000190329 ,-0.0425589 
782,21.0929 ,0.000188704 ,-0.0425231 
783,21.1199 ,0.000187096 ,-0.0424873 
784,21.1469 ,0.000185503 ,-0.0424516 
785,21.1738 ,0.000183925 ,-0.0424158 
786,21.2008 ,0.000182363 ,-0.0423802 
787,21.2278 ,0.000180817 ,-0.0423446 
788,21.2548 ,0.000179285 ,-0.0423091 
789,21.2817 ,0.000177769 ,-0.0422735 
790,21.3087 ,0.000176268 ,-0.0422381 
791,21.3357 ,0.000174781 ,-0.0422026 
792,21.3626 ,0.000173309 ,-0.0421673 
793,21.3896 ,0.000171851 ,-0.0421319 
794,21.4166 ,0.000170408 ,-0.0420967 
795,21.4436 ,0.000168979 ,-0.0420614 
796,21.4705 ,0.000167564 ,-0.0420263 
797,21.4975 ,0.000166163 ,-0.0419911 
798,21.5245 ,0.000164775 ,-0.0419561 
799,21.5515 ,0.000163402 ,-0.041921 
800,21.5784 ,0.000162042 ,-0.0418861 
801,21.6054 ,0.000160695 ,-0.0418511 
802,21.6324 ,0.000159362 ,-0.0418162 
803,21.6593 ,0.000158042 ,-0.0417813 
804,21.6863 ,0.000156735 ,-0.0417466 
805,21.7133 ,0.00015544 ,-0.0417118 
806,21.7403 ,0.000154159 ,-0.0416772 
807,21.7672 ,0.00015289 ,-0.0416425 
808,21.7942 ,0.000151634 ,-0.041608 
809,21.8212 ,0.000150391 ,-0.0415734 
810,21.8482 ,0.00014916 ,-0.041539 
811,21.8751 ,0.000147941 ,-0.0415045 
812,21.9021 ,0.000146734 ,-0.0414702 
813,21.9291 ,0.000145539 ,-0.0414358 
814,21.956 ,0.000144356 ,-0.0414016 
815,21.983 ,0.000143184 ,-0.0413673 
816,22.01 ,0.000142025 ,-0.0413332 
817,22.037 ,0.000140877 ,-0.0412991 
818,22.0639 ,0.000139741 ,-0.041265 
819,22.0909 ,0.000138615 ,-0.041231 
820,22.1179 ,0.000137501 ,-0.0411971 
821,22.1449 ,0.000136399 ,-0.0411632 
822,22.1718 ,0.000135307 ,-0.0411294 
823,22.1988 ,0.000134226 ,-0.0410955 
824,22.2258 ,0.000133157 ,-0.0410618 
825,22.2528 ,0.000132097 ,-0.0410281 
826,22.2797 ,0.000131049 ,-0.0409945 
827,22.3067 ,0.000130011 ,-0.0409609 
828,22.3337 ,0.000128984 ,-0.0409275 
829,22.3606 ,0.000127967 ,-0.040894 
830,22.3876 ,0.00012696 ,-0.0408606 
831,22.4146 ,0.000125963 ,-0.0408272 
832,22.4416 ,0.000124977 ,-0.040794 
833,22.4685 ,0.000124 ,-0.0407607 
834,22.4955 ,0.000123034 ,-0.0407275 
835,22.5225 ,0.000122077 ,-0.0406944 
836,22.5495 ,0.00012113 ,-0.0406614 
837,22.5764 ,0.000120193 ,-0.0406283 
838,22.6034 ,0.000119265 ,-0.0405954 
839,22.6304 ,0.000118347 ,-0.0405624 
840,22.6573 ,0.000117438 ,-0.0405296 
841,22.6843 ,0.000116538 ,-0.0404968 
842,22.7113 ,0.000115648 ,-0.0404641 
843,22.7383 ,0.000114767 ,-0.0404314 
844,22.7652 ,0.000113895 ,-0.0403988 
845,22.7922 ,0.000113032 ,-0.0403662 
846,22.8192 ,0.000112177 ,-0.0403337 
847,22.8462 ,0.000111332 ,-0.0403012 
848,22.8731 ,0.000110495 ,-0.0402688 
849,22.9001 ,0.000109667 ,-0.0402364 
850,22.9271 ,0.000108848 ,-0.0402042 
851,22.9541 ,0.000108037 ,-0.0401719 
852,22.981 ,0.000107235 ,-0.0401397 
853,23.008 ,0.000106441 ,-0.0401076 
854,23.035 ,0.000105655 ,-0.0400755 
855,23.0619 ,0.000104878 ,-0.0400435 
856,23.0889 ,0.000104109 ,-0.0400115 
857,23.1159 ,0.000103348 ,-0.0399796 
858,23.1429 ,0.000102594 ,-0.0399478 
859,23.1698 ,0.000101849 ,-0.0399159 
860,23.1968 ,0.000101112 ,-0.0398842 
861,23.2238 ,0.000100383 ,-0.0398525 
862,23.2508 ,9.96608e-05 ,-0.0398209 
863,23.2777 ,9.89468e-05 ,-0.0397893 
864,23.3047 ,9.82405e-05 ,-0.0397578 
865,23.3317 ,9.75417e-05 ,-0.0397263 
866,23.3586 ,9.68504e-05 ,-0.0396949 
867,23.3856 ,9.61665e-05 ,-0.0396635 
868,23.4126 ,9.549e-05 ,-0.0396322 
869,23.4396 ,9.48208e-05 ,-0.0396009 
870,23.4665 ,9.41589e-05 ,-0.0395698 
871,23.4935 ,9.35042e-05 ,-0.0395386 
872,23.5205 ,9.28566e-05 ,-0.0395075 
873,23.5475 ,9.2216e-05 ,-0.0394764 
874,23.5744 ,9.15825e-05 ,-0.0394455 
875,23.6014 ,9.09559e-05 ,-0.0394145 
876,23.6284 ,9.03362e-05 ,-0.0393837 
877,23.6553 ,8.97234e-05 ,-0.0393528 
878,23.6823 ,8.91174e-05 ,-0.0393221 
879,23.7093 ,8.8518e-05 ,-0.0392913 
880,23.7363 ,8.79254e-05 ,-0.0392607 
881,23.7632 ,8.73394e-05 ,-0.03923 
882,23.7902 ,8.67599e-05 ,-0.0391995 
883,23.8172 ,8.6187e-05 ,-0.039169 
884,23.8442 ,8.56205e-05 ,-0.0391385 
885,23.8711 ,8.50604e-05 ,-0.0391081 
886,23.8981 ,8.45067e-05 ,-0.0390778 
887,23.9251 ,8.39593e-05 ,-0.0390474 
888,23.9521 ,8.34182e-05 ,-0.0390172 
889,23.979 ,8.28832e-05 ,-0.038987 
890,24.006 ,8.23544e-05 ,-0.0389569 
891,24.033 ,8.18318e-05 ,-0.0389267 
892,24.0599 ,8.13152e-05 ,-0.0388967 
893,24.0869 ,8.08046e-05 ,-0.0388667 
894,24.1139 ,8.02999e-05 ,-0.0388368 
895,24.1409 ,7.98012e-05 ,-0.0388069 
896,24.1678 ,7.93084e-05 ,-0.0387771 
897,24.1948 ,7.88214e-05 ,-0.0387473 
898,24.2218 ,7.83402e-05 ,-0.0387175 
899,24.2488 ,7.78647e-05 ,-0.0386878 
900,24.2757 ,7.73949e-05 ,-0.0386582 
901,24.3027 ,7.69308e-05 ,-0.0386286 
902,24.3297 ,7.64723e-05 ,-0.0385991 
903,24.3566 ,7.60193e-05 ,-0.0385696 
904,24.3836 ,7.55719e-05 ,-0.0385402 
905,24.4106 ,7.51299e-05 ,-0.0385107 
906,24.4376 ,7.46934e-05 ,-0.0384814 
907,24.4645 ,7.42623e-05 ,-0.0384521 
908,24.4915 ,7.38366e-05 ,-0.0384229 
909,24.5185 ,7.34162e-05 ,-0.0383937 
910,24.5455 ,7.3001e-05 ,-0.0383645 
911,24.5724 ,7.25911e-05 ,-0.0383354 
912,24.5994 ,7.21865e-05 ,-0.0383064 
913,24.6264 ,7.17869e-05 ,-0.0382774 
914,24.6533 ,7.13925e-05 ,-0.0382484 
915,24.6803 ,7.10032e-05 ,-0.0382195 
916,24.7073 ,7.0619e-05 ,-0.0381907 
917,24.7343 ,7.02398e-05 ,-0.0381618 
918,24.7612 ,6.98656e-05 ,-0.0381331 
919,24.7882 ,6.94963e-05 ,-0.0381043 
920,24.8152 ,6.91319e-05 ,-0.0380757 
921,24.8422 ,6.87724e-05 ,-0.038047 
922,24.8691 ,6.84178e-05 ,-0.0380185 
923,24.8961 ,6.80679e-05 ,-0.0379899 
924,24.9231 ,6.77229e-05 ,-0.0379615 
925,24.9501 ,6.73826e-05 ,-0.037933 
926,24.977 ,6.7047e-05 ,-0.0379046 
927,25.004 ,6.6716e-05 ,-0.0378762 
928,25.031 ,6.63898e-05 ,-0.037848 
929,25.0579 ,6.60681e-05 ,-0.0378197 
930,25.0849 ,6.57511e-05 ,-0.0377915 
931,25.1119 ,6.54385e-05 ,-0.0377633 
932,25.1389 ,6.51306e-05 ,-0.0377352 
933,25.1658 ,6.48271e-05 ,-0.0377071 
934,25.1928 ,6.45281e-05 ,-0.0376791 
935,25.2198 ,6.42335e-05 ,-0.037651 
936,25.2468 ,6.39433e-05 ,-0.0376231 
937,25.2737 ,6.36575e-05 ,-0.0375952 
938,25.3007 ,6.33761e-05 ,-0.0375673 
939,25.3277 ,6.30989e-05 ,-0.0375395 
940,25.3546 ,6.28261e-05 ,-0.0375117 
941,25.3816 ,6.25576e-05 ,-0.037484 
942,25.4086 ,6.22933e-05 ,-0.0374563 
943,25.4356 ,6.20332e-05 ,-0.0374286 
944,25.4625 ,6.17773e-05 ,-0.037401 
945,25.4895 ,6.15255e-05 ,-0.0373734 
946,25.5165 ,6.12779e-05 ,-0.0373459 
947,25.5435 ,6.10344e-05 ,-0.0373184 
948,25.5704 ,6.07951e-05 ,-0.037291 
949,25.5974 ,6.05597e-05 ,-0.0372636 
950,25.6244 ,6.03284e-05 ,-0.0372363 
951,25.6514 ,6.01012e-05 ,-0.0372089 
952,25.6783 ,5.98779e-05 ,-0.0371817 
953,25.7053 ,5.96586e-05 ,-0.0371544 
954,25.7323 ,5.94432e-05 ,-0.0371272 
955,25.7592 ,5.92318e-05 ,-0.0371 
956,25.7862 ,5.90243e-05 ,-0.0370729 
957,25.8132 ,5.88206e-05 ,-0.0370458 
958,25.8402 ,5.86208e-05 ,-0.0370188 
959,25.8671 ,5.84249e-05 ,-0.0369918 
960,25.8941 ,5.82328e-05 ,-0.0369649 
961,25.9211 ,5.80444e-05 ,-0.0369379 
962,25.9481 ,5.78599e-05 ,-0.036911 
963,25.975 ,5.76791e-05 ,-0.0368842 
964,26.002 ,5.7502e-05 ,-0.0368574 
965,26.029 ,5.73286e-05 ,-0.0368306 
966,26.0559 ,5.7159e-05 ,-0.0368039 
967,26.0829 ,5.6993e-05 ,-0.0367772 
968,26.1099 ,5.68307e-05 ,-0.0367505 
969,26.1369 ,5.6672e-05 ,-0.0367239 
970,26.1638 ,5.6517e-05 ,-0.0366973 
971,26.1908 ,5.63656e-05 ,-0.0366708 
972,26.2178 ,5.62177e-05 ,-0.0366443 
973,26.2448 ,5.60734e-05 ,-0.0366178 
974,26.2717 ,5.59327e-05 ,-0.0365914 
975,26.2987 ,5.57955e-05 ,-0.0365649 
976,26.3257 ,5.56618e-05 ,-0.0365386 
977,26.3526 ,5.55316e-05 ,-0.0365122 
978,26.3796 ,5.54049e-05 ,-0.036486 
979,26.4066 ,5.52817e-05 ,-0.0364597 
980,26.4336 ,5.5162e-05 ,-0.0364335 
981,26.4605 ,5.50457e-05 ,-0.0364073 
982,26.4875 ,5.49328e-05 ,-0.0363811 
983,26.5145 ,5.48233e-05 ,-0.036355 
984,26.5415 ,5.47172e-05 ,-0.0363289 
985,26.5684 ,5.46145e-05 ,-0.0363029 
986,26.5954 ,5.45152e-05 ,-0.0362769 
987,26.6224 ,5.44192e-05 ,-0.0362508 
988,26.6494 ,5.43266e-05 ,-0.0362249 
989,26.6763 ,5.42372e-05 ,-0.036199 
990,26.7033 ,5.41512e-05 ,-0.0361731 
991,26.7303 ,5.40685e-05 ,-0.0361472 
992,26.7572 ,5.39891e-05 ,-0.0361214 
993,26.7842 ,5.3913e-05 ,-0.0360956 
994,26.8112 ,5.38401e-05 ,-0.0360699 
995,26.8382 ,5.37705e-05 ,-0.0360442 
996,26.8651 ,5.37042e-05 ,-0.0360185 
997,26.8921 ,5.3641e-05 ,-0.0359928 
998,26.9191 ,5.35811e-05 ,-0.0359672 
999,26.9461 ,5.35244e-05 ,-0.0359416 
1000,26.973 ,5.34708e-05 ,-0.0359161 