N_e = 26
1,0.027 ,0.000194605 ,-2743.29 
2,0.053973 ,0.000194702 ,-686.367 
3,0.080946 ,0.000264454 ,-305.048 
4,0.107919 ,0.000343664 ,-171.535 
5,0.134892 ,0.000425573 ,-109.725 
6,0.161865 ,0.00050853 ,-76.1451 
7,0.188838 ,0.000591969 ,-55.8956 
8,0.215811 ,0.000675648 ,-42.7521 
9,0.242784 ,0.000759454 ,-33.7405 
10,0.269757 ,0.000843322 ,-27.2944 
11,0.29673 ,0.000927215 ,-22.5248 
12,0.323703 ,0.00101111 ,-18.8971 
13,0.350676 ,0.00109499 ,-16.0738 
14,0.377649 ,0.00117884 ,-13.8336 
15,0.404622 ,0.00126266 ,-12.0263 
16,0.431595 ,0.00134643 ,-10.5472 
17,0.458568 ,0.00143015 ,-9.32127 
18,0.485541 ,0.00151381 ,-8.29397 
19,0.512514 ,0.00159741 ,-7.42455 
20,0.539487 ,0.00168095 ,-6.68227 
21,0.56646 ,0.00176441 ,-6.04348 
22,0.593433 ,0.0018478 ,-5.48982 
23,0.620406 ,0.00193111 ,-5.00678 
24,0.647379 ,0.00201433 ,-4.58289 
25,0.674352 ,0.00209747 ,-4.20882 
26,0.701325 ,0.00218051 ,-3.87711 
27,0.728298 ,0.00226346 ,-3.58156 
28,0.755271 ,0.0023463 ,-3.31713 
29,0.782244 ,0.00242905 ,-3.07957 
30,0.809217 ,0.00251168 ,-2.8654 
31,0.83619 ,0.00259421 ,-2.6716 
32,0.863163 ,0.00267662 ,-2.49572 
33,0.890136 ,0.00275891 ,-2.33557 
34,0.917109 ,0.00284109 ,-2.18938 
35,0.944082 ,0.00292313 ,-2.05552 
36,0.971055 ,0.00300505 ,-1.93269 
37,0.998028 ,0.00308683 ,-1.81968 
38,1.025 ,0.00316848 ,-1.71549 
39,1.05197 ,0.00324999 ,-1.61921 
40,1.07895 ,0.00333136 ,-1.53009 
41,1.10592 ,0.00341258 ,-1.44739 
42,1.13289 ,0.00349365 ,-1.37056 
43,1.15987 ,0.00357457 ,-1.29902 
44,1.18684 ,0.00365533 ,-1.23232 
45,1.21381 ,0.00373594 ,-1.17001 
46,1.24079 ,0.00381638 ,-1.11175 
47,1.26776 ,0.00389665 ,-1.05716 
48,1.29473 ,0.00397675 ,-1.00597 
49,1.3217 ,0.00405668 ,-0.957867 
50,1.34868 ,0.00413644 ,-0.912653 
51,1.37565 ,0.00421601 ,-0.870057 
52,1.40262 ,0.00429541 ,-0.829925 
53,1.4296 ,0.00437461 ,-0.792028 
54,1.45657 ,0.00445363 ,-0.756246 
55,1.48354 ,0.00453246 ,-0.722383 
56,1.51051 ,0.00461109 ,-0.690347 
57,1.53749 ,0.00468952 ,-0.659966 
58,1.56446 ,0.00476775 ,-0.631173 
59,1.59143 ,0.00484578 ,-0.603815 
60,1.61841 ,0.0049236 ,-0.577843 
61,1.64538 ,0.00500121 ,-0.553122 
62,1.67235 ,0.00507861 ,-0.529615 
63,1.69933 ,0.00515579 ,-0.507203 
64,1.7263 ,0.00523275 ,-0.485862 
65,1.75327 ,0.00530949 ,-0.465481 
66,1.78024 ,0.00538601 ,-0.446048 
67,1.80722 ,0.00546229 ,-0.427461 
68,1.83419 ,0.00553835 ,-0.409716 
69,1.86116 ,0.00561417 ,-0.39272 
70,1.88814 ,0.00568976 ,-0.376476 
71,1.91511 ,0.00576511 ,-0.360894 
72,1.94208 ,0.00584021 ,-0.345986 
73,1.96906 ,0.00591507 ,-0.331667 
74,1.99603 ,0.00598969 ,-0.317953 
75,2.023 ,0.00606405 ,-0.304766 
76,2.04998 ,0.00613816 ,-0.292122 
77,2.07695 ,0.00621201 ,-0.27995 
78,2.10392 ,0.00628561 ,-0.26827 
79,2.13089 ,0.00635895 ,-0.257011 
80,2.15787 ,0.00643202 ,-0.246199 
81,2.18484 ,0.00650483 ,-0.235765 
82,2.21181 ,0.00657736 ,-0.225738 
83,2.23879 ,0.00664963 ,-0.216051 
84,2.26576 ,0.00672162 ,-0.206735 
85,2.29273 ,0.00679334 ,-0.197726 
86,2.31971 ,0.00686478 ,-0.189055 
87,2.34668 ,0.00693594 ,-0.180661 
88,2.37365 ,0.00700681 ,-0.172578 
89,2.40062 ,0.0070774 ,-0.164745 
90,2.4276 ,0.00714769 ,-0.157198 
91,2.45457 ,0.0072177 ,-0.149878 
92,2.48154 ,0.00728742 ,-0.14282 
93,2.50852 ,0.00735683 ,-0.135968 
94,2.53549 ,0.00742595 ,-0.129359 
95,2.56246 ,0.00749477 ,-0.122936 
96,2.58944 ,0.00756329 ,-0.116738 
97,2.61641 ,0.0076315 ,-0.110709 
98,2.64338 ,0.00769941 ,-0.104889 
99,2.67035 ,0.007767 ,-0.0992222 
100,2.69733 ,0.00783428 ,-0.0937495 
101,2.7243 ,0.00790125 ,-0.0884164 
102,2.75127 ,0.0079679 ,-0.0832641 
103,2.77825 ,0.00803423 ,-0.0782387 
104,2.80522 ,0.00810025 ,-0.0733822 
105,2.83219 ,0.00816593 ,-0.068641 
106,2.85917 ,0.0082313 ,-0.0640577 
107,2.88614 ,0.00829633 ,-0.0595794 
108,2.91311 ,0.00836104 ,-0.0552491 
109,2.94008 ,0.00842541 ,-0.0510144 
110,2.96706 ,0.00848945 ,-0.0469186 
111,2.99403 ,0.00855315 ,-0.0429096 
112,3.021 ,0.00861651 ,-0.0390314 
113,3.04798 ,0.00867953 ,-0.0352322 
114,3.07495 ,0.00874221 ,-0.0315562 
115,3.10192 ,0.00880455 ,-0.0279519 
116,3.12889 ,0.00886653 ,-0.024464 
117,3.15587 ,0.00892817 ,-0.0210411 
118,3.18284 ,0.00898946 ,-0.0177284 
119,3.20981 ,0.0090504 ,-0.0144746 
120,3.23679 ,0.00911097 ,-0.0113252 
121,3.26376 ,0.0091712 ,-0.00822922 
122,3.29073 ,0.00923106 ,-0.00523222 
123,3.31771 ,0.00929056 ,-0.00228353 
124,3.34468 ,0.00934969 ,0.000571052 
125,3.37165 ,0.00940847 ,0.00338204 
126,3.39863 ,0.00946687 ,0.00610342 
127,3.4256 ,0.00952491 ,0.00878555 
128,3.45257 ,0.00958257 ,0.0113822 
129,3.47954 ,0.00963986 ,0.0139437 
130,3.50652 ,0.00969677 ,0.0164235 
131,3.53349 ,0.00975331 ,0.0188718 
132,3.56046 ,0.00980947 ,0.0212419 
133,3.58744 ,0.00986524 ,0.023584 
134,3.61441 ,0.00992063 ,0.0258513 
135,3.64138 ,0.00997564 ,0.0280936 
136,3.66836 ,0.0100303 ,0.0302642 
137,3.69533 ,0.0100845 ,0.0324127 
138,3.7223 ,0.0101383 ,0.0344923 
139,3.74927 ,0.0101918 ,0.0365525 
140,3.77625 ,0.0102448 ,0.0385464 
141,3.80322 ,0.0102975 ,0.0405235 
142,3.83019 ,0.0103497 ,0.0424367 
143,3.85717 ,0.0104016 ,0.0443355 
144,3.88414 ,0.0104531 ,0.0461725 
145,3.91111 ,0.0105041 ,0.0479972 
146,3.93809 ,0.0105548 ,0.0497624 
147,3.96506 ,0.010605 ,0.0515173 
148,3.99203 ,0.0106548 ,0.0532145 
149,4.019 ,0.0107042 ,0.0549034 
150,4.04598 ,0.0107532 ,0.0565363 
151,4.07295 ,0.0108018 ,0.0581627 
152,4.09992 ,0.01085 ,0.0597348 
153,4.1269 ,0.0108977 ,0.061302 
154,4.15387 ,0.0109451 ,0.0628165 
155,4.18084 ,0.010992 ,0.0643275 
156,4.20782 ,0.0110385 ,0.0657874 
157,4.23479 ,0.0110845 ,0.0672451 
158,4.26176 ,0.0111302 ,0.068653 
159,4.28873 ,0.0111754 ,0.0700602 
160,4.31571 ,0.0112201 ,0.0714188 
161,4.34268 ,0.0112645 ,0.0727778 
162,4.36965 ,0.0113084 ,0.0740896 
163,4.39663 ,0.0113518 ,0.0754028 
164,4.4236 ,0.0113949 ,0.0766698 
165,4.45057 ,0.0114374 ,0.0779394 
166,4.47755 ,0.0114796 ,0.0791639 
167,4.50452 ,0.0115213 ,0.0803919 
168,4.53149 ,0.0115626 ,0.0815757 
169,4.55846 ,0.0116034 ,0.082764 
170,4.58544 ,0.0116437 ,0.083909 
171,4.61241 ,0.0116837 ,0.0850593 
172,4.63938 ,0.0117231 ,0.0861672 
173,4.66636 ,0.0117621 ,0.0872811 
174,4.69333 ,0.0118007 ,0.0883535 
175,4.7203 ,0.0118388 ,0.0894326 
176,4.74728 ,0.0118765 ,0.0904709 
177,4.77425 ,0.0119137 ,0.0915167 
178,4.80122 ,0.0119504 ,0.0925224 
179,4.82819 ,0.0119866 ,0.0935361 
180,4.85517 ,0.0120225 ,0.0945103 
181,4.88214 ,0.0120578 ,0.0954933 
182,4.90911 ,0.0120927 ,0.0964374 
183,4.93609 ,0.0121271 ,0.0973907 
184,4.96306 ,0.012161 ,0.0983057 
185,4.99003 ,0.0121945 ,0.0992305 
186,5.01701 ,0.0122275 ,0.100117 
187,5.04398 ,0.01226 ,0.101015 
188,5.07095 ,0.0122921 ,0.101875 
189,5.09792 ,0.0123237 ,0.102745 
190,5.1249 ,0.0123548 ,0.103579 
191,5.15187 ,0.0123854 ,0.104424 
192,5.17884 ,0.0124155 ,0.105233 
193,5.20582 ,0.0124452 ,0.106053 
194,5.23279 ,0.0124744 ,0.106837 
195,5.25976 ,0.0125031 ,0.107633 
196,5.28674 ,0.0125313 ,0.108394 
197,5.31371 ,0.0125591 ,0.109167 
198,5.34068 ,0.0125863 ,0.109904 
199,5.36765 ,0.0126131 ,0.110654 
200,5.39463 ,0.0126394 ,0.111369 
201,5.4216 ,0.0126652 ,0.112097 
202,5.44857 ,0.0126905 ,0.112791 
203,5.47555 ,0.0127153 ,0.113497 
204,5.50252 ,0.0127396 ,0.11417 
205,5.52949 ,0.0127634 ,0.114855 
206,5.55647 ,0.0127868 ,0.115507 
207,5.58344 ,0.0128096 ,0.116172 
208,5.61041 ,0.012832 ,0.116804 
209,5.63738 ,0.0128538 ,0.11745 
210,5.66436 ,0.0128752 ,0.118062 
211,5.69133 ,0.0128961 ,0.118688 
212,5.7183 ,0.0129164 ,0.119281 
213,5.74528 ,0.0129363 ,0.119888 
214,5.77225 ,0.0129557 ,0.120462 
215,5.79922 ,0.0129746 ,0.121051 
216,5.8262 ,0.012993 ,0.121607 
217,5.85317 ,0.0130108 ,0.122178 
218,5.88014 ,0.0130282 ,0.122716 
219,5.90711 ,0.0130451 ,0.123268 
220,5.93409 ,0.0130615 ,0.123789 
221,5.96106 ,0.0130774 ,0.124324 
222,5.98803 ,0.0130928 ,0.124828 
223,6.01501 ,0.0131077 ,0.125346 
224,6.04198 ,0.013122 ,0.125833 
225,6.06895 ,0.0131359 ,0.126334 
226,6.09593 ,0.0131493 ,0.126804 
227,6.1229 ,0.0131622 ,0.12729 
228,6.14987 ,0.0131746 ,0.127743 
229,6.17684 ,0.0131865 ,0.128213 
230,6.20382 ,0.0131979 ,0.12865 
231,6.23079 ,0.0132087 ,0.129104 
232,6.25776 ,0.0132191 ,0.129526 
233,6.28474 ,0.013229 ,0.129964 
234,6.31171 ,0.0132384 ,0.130371 
235,6.33868 ,0.0132473 ,0.130794 
236,6.36566 ,0.0132557 ,0.131185 
237,6.39263 ,0.0132635 ,0.131593 
238,6.4196 ,0.0132709 ,0.13197 
239,6.44657 ,0.0132778 ,0.132363 
240,6.47355 ,0.0132842 ,0.132726 
241,6.50052 ,0.0132901 ,0.133104 
242,6.52749 ,0.0132955 ,0.133453 
243,6.55447 ,0.0133004 ,0.133817 
244,6.58144 ,0.0133048 ,0.134151 
245,6.60841 ,0.0133087 ,0.134502 
246,6.63539 ,0.0133122 ,0.134823 
247,6.66236 ,0.0133151 ,0.13516 
248,6.68933 ,0.0133175 ,0.135467 
249,6.7163 ,0.0133195 ,0.13579 
250,6.74328 ,0.0133209 ,0.136084 
251,6.77025 ,0.0133219 ,0.136395 
252,6.79722 ,0.0133224 ,0.136676 
253,6.8242 ,0.0133224 ,0.136974 
254,6.85117 ,0.0133219 ,0.137242 
255,6.87814 ,0.0133209 ,0.137527 
256,6.90512 ,0.0133194 ,0.137783 
257,6.93209 ,0.0133175 ,0.138056 
258,6.95906 ,0.0133151 ,0.138299 
259,6.98603 ,0.0133122 ,0.13856 
260,7.01301 ,0.0133088 ,0.138792 
261,7.03998 ,0.0133049 ,0.139041 
262,7.06695 ,0.0133006 ,0.139261 
263,7.09393 ,0.0132958 ,0.139498 
264,7.1209 ,0.0132905 ,0.139707 
265,7.14787 ,0.0132847 ,0.139933 
266,7.17485 ,0.0132785 ,0.140131 
267,7.20182 ,0.0132718 ,0.140346 
268,7.22879 ,0.0132646 ,0.140533 
269,7.25576 ,0.013257 ,0.140738 
270,7.28274 ,0.0132489 ,0.140914 
271,7.30971 ,0.0132404 ,0.141108 
272,7.33668 ,0.0132314 ,0.141274 
273,7.36366 ,0.0132219 ,0.141458 
274,7.39063 ,0.013212 ,0.141614 
275,7.4176 ,0.0132016 ,0.141788 
276,7.44458 ,0.0131908 ,0.141935 
277,7.47155 ,0.0131795 ,0.142099 
278,7.49852 ,0.0131678 ,0.142236 
279,7.52549 ,0.0131556 ,0.142392 
280,7.55247 ,0.013143 ,0.14252 
281,7.57944 ,0.0131299 ,0.142666 
282,7.60641 ,0.0131164 ,0.142785 
283,7.63339 ,0.0131024 ,0.142923 
284,7.66036 ,0.0130881 ,0.143033 
285,7.68733 ,0.0130732 ,0.143163 
286,7.71431 ,0.013058 ,0.143265 
287,7.74128 ,0.0130423 ,0.143387 
288,7.76825 ,0.0130262 ,0.143481 
289,7.79522 ,0.0130097 ,0.143595 
290,7.8222 ,0.0129927 ,0.143681 
291,7.84917 ,0.0129754 ,0.143787 
292,7.87614 ,0.0129576 ,0.143867 
293,7.90312 ,0.0129394 ,0.143966 
294,7.93009 ,0.0129207 ,0.144038 
295,7.95706 ,0.0129017 ,0.14413 
296,7.98404 ,0.0128823 ,0.144196 
297,8.01101 ,0.0128624 ,0.144281 
298,8.03798 ,0.0128421 ,0.14434 
299,8.06495 ,0.0128215 ,0.144419 
300,8.09193 ,0.0128004 ,0.144472 
301,8.1189 ,0.012779 ,0.144545 
302,8.14587 ,0.0127571 ,0.144592 
303,8.17285 ,0.0127349 ,0.14466 
304,8.19982 ,0.0127123 ,0.144701 
305,8.22679 ,0.0126892 ,0.144763 
306,8.25376 ,0.0126658 ,0.144799 
307,8.28074 ,0.0126421 ,0.144856 
308,8.30771 ,0.0126179 ,0.144887 
309,8.33468 ,0.0125934 ,0.144939 
310,8.36166 ,0.0125684 ,0.144965 
311,8.38863 ,0.0125432 ,0.145013 
312,8.4156 ,0.0125175 ,0.145035 
313,8.44258 ,0.0124915 ,0.145077 
314,8.46955 ,0.0124651 ,0.145095 
315,8.49652 ,0.0124384 ,0.145134 
316,8.52349 ,0.0124113 ,0.145147 
317,8.55047 ,0.0123838 ,0.145182 
318,8.57744 ,0.012356 ,0.145192 
319,8.60441 ,0.0123278 ,0.145223 
320,8.63139 ,0.0122993 ,0.145229 
321,8.65836 ,0.0122705 ,0.145257 
322,8.68533 ,0.0122413 ,0.14526 
323,8.71231 ,0.0122117 ,0.145284 
324,8.73928 ,0.0121819 ,0.145284 
325,8.76625 ,0.0121516 ,0.145306 
326,8.79322 ,0.0121211 ,0.145303 
327,8.8202 ,0.0120902 ,0.145321 
328,8.84717 ,0.012059 ,0.145315 
329,8.87414 ,0.0120275 ,0.145331 
330,8.90112 ,0.0119957 ,0.145323 
331,8.92809 ,0.0119635 ,0.145336 
332,8.95506 ,0.011931 ,0.145325 
333,8.98204 ,0.0118983 ,0.145336 
334,9.00901 ,0.0118652 ,0.145323 
335,9.03598 ,0.0118318 ,0.145332 
336,9.06295 ,0.011798 ,0.145317 
337,9.08993 ,0.011764 ,0.145324 
338,9.1169 ,0.0117297 ,0.145306 
339,9.14387 ,0.0116951 ,0.145311 
340,9.17085 ,0.0116602 ,0.145292 
341,9.19782 ,0.011625 ,0.145294 
342,9.22479 ,0.0115895 ,0.145273 
343,9.25177 ,0.0115538 ,0.145274 
344,9.27874 ,0.0115177 ,0.145251 
345,9.30571 ,0.0114814 ,0.14525 
346,9.33268 ,0.0114448 ,0.145225 
347,9.35966 ,0.0114079 ,0.145222 
348,9.38663 ,0.0113707 ,0.145196 
349,9.4136 ,0.0113333 ,0.145191 
350,9.44058 ,0.0112956 ,0.145163 
351,9.46755 ,0.0112576 ,0.145156 
352,9.49452 ,0.0112194 ,0.145126 
353,9.5215 ,0.0111809 ,0.145117 
354,9.54847 ,0.0111422 ,0.145085 
355,9.57544 ,0.0111032 ,0.145075 
356,9.60241 ,0.0110639 ,0.145041 
357,9.62939 ,0.0110244 ,0.145028 
358,9.65636 ,0.0109847 ,0.144992 
359,9.68333 ,0.0109447 ,0.144977 
360,9.71031 ,0.0109045 ,0.144939 
361,9.73728 ,0.010864 ,0.144922 
362,9.76425 ,0.0108233 ,0.144881 
363,9.79123 ,0.0107824 ,0.144862 
364,9.8182 ,0.0107412 ,0.144819 
365,9.84517 ,0.0106998 ,0.144796 
366,9.87214 ,0.0106582 ,0.144751 
367,9.89912 ,0.0106164 ,0.144725 
368,9.92609 ,0.0105743 ,0.144677 
369,9.95306 ,0.010532 ,0.144648 
370,9.98004 ,0.0104895 ,0.144597 
371,10.007 ,0.0104468 ,0.144565 
372,10.034 ,0.0104039 ,0.144509 
373,10.061 ,0.0103608 ,0.144474 
374,10.0879 ,0.0103174 ,0.144415 
375,10.1149 ,0.0102739 ,0.144375 
376,10.1419 ,0.0102302 ,0.144312 
377,10.1688 ,0.0101863 ,0.144268 
378,10.1958 ,0.0101422 ,0.144201 
379,10.2228 ,0.0100978 ,0.144152 
380,10.2498 ,0.0100534 ,0.144079 
381,10.2767 ,0.0100087 ,0.144025 
382,10.3037 ,0.00996381 ,0.143948 
383,10.3307 ,0.00991876 ,0.143888 
384,10.3577 ,0.00987354 ,0.143805 
385,10.3846 ,0.00982814 ,0.143739 
386,10.4116 ,0.00978258 ,0.143649 
387,10.4386 ,0.00973684 ,0.143577 
388,10.4656 ,0.00969093 ,0.14348 
389,10.4925 ,0.00964487 ,0.143401 
390,10.5195 ,0.00959864 ,0.143297 
391,10.5465 ,0.00955225 ,0.14321 
392,10.5734 ,0.00950571 ,0.143099 
393,10.6004 ,0.00945901 ,0.143003 
394,10.6274 ,0.00941217 ,0.142883 
395,10.6544 ,0.00936517 ,0.142779 
396,10.6813 ,0.00931804 ,0.14265 
397,10.7083 ,0.00927076 ,0.142536 
398,10.7353 ,0.00922334 ,0.142397 
399,10.7623 ,0.00917579 ,0.142273 
400,10.7892 ,0.00912811 ,0.142124 
401,10.8162 ,0.00908029 ,0.141988 
402,10.8432 ,0.00903235 ,0.141828 
403,10.8701 ,0.00898428 ,0.141681 
404,10.8971 ,0.0089361 ,0.141509 
405,10.9241 ,0.00888779 ,0.14135 
406,10.9511 ,0.00883937 ,0.141165 
407,10.978 ,0.00879084 ,0.140992 
408,11.005 ,0.0087422 ,0.140793 
409,11.032 ,0.00869346 ,0.140607 
410,11.059 ,0.00864461 ,0.140394 
411,11.0859 ,0.00859566 ,0.140192 
412,11.1129 ,0.00854662 ,0.139964 
413,11.1399 ,0.00849748 ,0.139747 
414,11.1668 ,0.00844825 ,0.139502 
415,11.1938 ,0.00839894 ,0.139268 
416,11.2208 ,0.00834954 ,0.139007 
417,11.2478 ,0.00830006 ,0.138755 
418,11.2747 ,0.0082505 ,0.138476 
419,11.3017 ,0.00820087 ,0.138205 
420,11.3287 ,0.00815117 ,0.137907 
421,11.3557 ,0.0081014 ,0.137616 
422,11.3826 ,0.00805157 ,0.137298 
423,11.4096 ,0.00800168 ,0.136987 
424,11.4366 ,0.00795173 ,0.136648 
425,11.4636 ,0.00790172 ,0.136315 
426,11.4905 ,0.00785167 ,0.135954 
427,11.5175 ,0.00780157 ,0.135598 
428,11.5445 ,0.00775143 ,0.135214 
429,11.5714 ,0.00770124 ,0.134834 
430,11.5984 ,0.00765102 ,0.134425 
431,11.6254 ,0.00760077 ,0.134021 
432,11.6524 ,0.00755049 ,0.133586 
433,11.6793 ,0.00750019 ,0.133155 
434,11.7063 ,0.00744986 ,0.132695 
435,11.7333 ,0.00739952 ,0.132236 
436,11.7603 ,0.00734916 ,0.131748 
437,11.7872 ,0.00729879 ,0.131261 
438,11.8142 ,0.00724841 ,0.130743 
439,11.8412 ,0.00719804 ,0.130227 
440,11.8681 ,0.00714766 ,0.129679 
441,11.8951 ,0.00709729 ,0.129131 
442,11.9221 ,0.00704693 ,0.128552 
443,11.9491 ,0.00699658 ,0.127972 
444,11.976 ,0.00694625 ,0.12736 
445,12.003 ,0.00689593 ,0.126747 
446,12.03 ,0.00684565 ,0.126101 
447,12.057 ,0.00679539 ,0.125452 
448,12.0839 ,0.00674516 ,0.124771 
449,12.1109 ,0.00669498 ,0.124087 
450,12.1379 ,0.00664483 ,0.123369 
451,12.1648 ,0.00659473 ,0.122647 
452,12.1918 ,0.00654468 ,0.121891 
453,12.2188 ,0.00649468 ,0.121131 
454,12.2458 ,0.00644473 ,0.120336 
455,12.2727 ,0.00639486 ,0.119535 
456,12.2997 ,0.00634504 ,0.118699 
457,12.3267 ,0.0062953 ,0.117857 
458,12.3537 ,0.00624563 ,0.116979 
459,12.3806 ,0.00619604 ,0.116094 
460,12.4076 ,0.00614653 ,0.115173 
461,12.4346 ,0.00609711 ,0.114243 
462,12.4616 ,0.00604779 ,0.113278 
463,12.4885 ,0.00599855 ,0.112302 
464,12.5155 ,0.00594942 ,0.111291 
465,12.5425 ,0.0059004 ,0.110268 
466,12.5694 ,0.00585148 ,0.109209 
467,12.5964 ,0.00580268 ,0.108138 
468,12.6234 ,0.00575399 ,0.10703 
469,12.6504 ,0.00570543 ,0.105909 
470,12.6773 ,0.00565699 ,0.104751 
471,12.7043 ,0.00560869 ,0.103579 
472,12.7313 ,0.00556052 ,0.102369 
473,12.7583 ,0.00551249 ,0.101144 
474,12.7852 ,0.0054646 ,0.0998807 
475,12.8122 ,0.00541687 ,0.0986016 
476,12.8392 ,0.00536929 ,0.0972838 
477,12.8661 ,0.00532186 ,0.0959492 
478,12.8931 ,0.0052746 ,0.0945754 
479,12.9201 ,0.00522751 ,0.0931838 
480,12.9471 ,0.00518058 ,0.0917526 
481,12.974 ,0.00513384 ,0.0903026 
482,13.001 ,0.00508727 ,0.0888126 
483,13.028 ,0.00504089 ,0.0873028 
484,13.055 ,0.00499469 ,0.0857525 
485,13.0819 ,0.00494869 ,0.0841815 
486,13.1089 ,0.00490289 ,0.0825695 
487,13.1359 ,0.00485729 ,0.080936 
488,13.1629 ,0.0048119 ,0.0792609 
489,13.1898 ,0.00476672 ,0.0775634 
490,13.2168 ,0.00472176 ,0.0758238 
491,13.2438 ,0.00467701 ,0.0740609 
492,13.2707 ,0.00463249 ,0.0722555 
493,13.2977 ,0.0045882 ,0.0704258 
494,13.3247 ,0.00454414 ,0.0685531 
495,13.3517 ,0.00450032 ,0.0666552 
496,13.3786 ,0.00445675 ,0.064714 
497,13.4056 ,0.00441341 ,0.0627466 
498,13.4326 ,0.00437033 ,0.0607354 
499,13.4596 ,0.00432751 ,0.0587152 
500,13.4865 ,0.00428494 ,0.0567194 
501,13.5135 ,0.00424264 ,0.0547672 
502,13.5405 ,0.0042006 ,0.0528413 
503,13.5674 ,0.00415883 ,0.0509576 
504,13.5944 ,0.00411734 ,0.0490993 
505,13.6214 ,0.00407612 ,0.0472818 
506,13.6484 ,0.00403518 ,0.0454887 
507,13.6753 ,0.00399453 ,0.0437351 
508,13.7023 ,0.00395415 ,0.042005 
509,13.7293 ,0.00391407 ,0.0403131 
510,13.7563 ,0.00387427 ,0.0386439 
511,13.7832 ,0.00383477 ,0.0370116 
512,13.8102 ,0.00379556 ,0.0354011 
513,13.8372 ,0.00375664 ,0.0338263 
514,13.8641 ,0.00371801 ,0.0322725 
515,13.8911 ,0.00367969 ,0.0307532 
516,13.9181 ,0.00364166 ,0.0292543 
517,13.9451 ,0.00360393 ,0.0277886 
518,13.972 ,0.0035665 ,0.0263424 
519,13.999 ,0.00352937 ,0.0249285 
520,14.026 ,0.00349254 ,0.0235333 
521,14.053 ,0.00345601 ,0.0221693 
522,14.0799 ,0.00341979 ,0.0208234 
523,14.1069 ,0.00338386 ,0.0195075 
524,14.1339 ,0.00334824 ,0.0182091 
525,14.1609 ,0.00331292 ,0.0169398 
526,14.1878 ,0.00327791 ,0.0156872 
527,14.2148 ,0.00324319 ,0.0144627 
528,14.2418 ,0.00320877 ,0.0132544 
529,14.2687 ,0.00317466 ,0.0120732 
530,14.2957 ,0.00314085 ,0.0109075 
531,14.3227 ,0.00310734 ,0.00976813 
532,14.3497 ,0.00307412 ,0.00864365 
533,14.3766 ,0.00304121 ,0.00754455 
534,14.4036 ,0.00300859 ,0.0064598 
535,14.4306 ,0.00297627 ,0.00539958 
536,14.4576 ,0.00294425 ,0.00435318 
537,14.4845 ,0.00291252 ,0.00333047 
538,14.5115 ,0.00288109 ,0.00232104 
539,14.5385 ,0.00284995 ,0.00133452 
540,14.5654 ,0.0028191 ,0.00036078 
541,14.5924 ,0.00278854 ,-0.000590833 
542,14.6194 ,0.00275827 ,-0.00153015 
543,14.6464 ,0.00272829 ,-0.00244809 
544,14.6733 ,0.00269859 ,-0.0033542 
545,14.7003 ,0.00266918 ,-0.00423965 
546,14.7273 ,0.00264006 ,-0.00511372 
547,14.7543 ,0.00261122 ,-0.00596783 
548,14.7812 ,0.00258266 ,-0.00681101 
549,14.8082 ,0.00255437 ,-0.00763489 
550,14.8352 ,0.00252637 ,-0.00844825 
551,14.8621 ,0.00249864 ,-0.00924297 
552,14.8891 ,0.00247118 ,-0.0100276 
553,14.9161 ,0.002444 ,-0.0107942 
554,14.9431 ,0.00241709 ,-0.011551 
555,14.97 ,0.00239045 ,-0.0122905 
556,14.997 ,0.00236408 ,-0.0130206 
557,15.024 ,0.00233797 ,-0.0137338 
558,15.051 ,0.00231213 ,-0.0144381 
559,15.0779 ,0.00228654 ,-0.0151262 
560,15.1049 ,0.00226122 ,-0.0158055 
561,15.1319 ,0.00223616 ,-0.0164692 
562,15.1589 ,0.00221135 ,-0.0171246 
563,15.1858 ,0.0021868 ,-0.0177647 
564,15.2128 ,0.0021625 ,-0.0183969 
565,15.2398 ,0.00213846 ,-0.0190144 
566,15.2667 ,0.00211466 ,-0.0196242 
567,15.2937 ,0.00209111 ,-0.0202198 
568,15.3207 ,0.0020678 ,-0.0208081 
569,15.3477 ,0.00204474 ,-0.0213826 
570,15.3746 ,0.00202192 ,-0.02195 
571,15.4016 ,0.00199933 ,-0.0225042 
572,15.4286 ,0.00197699 ,-0.0230516 
573,15.4556 ,0.00195488 ,-0.0235861 
574,15.4825 ,0.001933 ,-0.0241141 
575,15.5095 ,0.00191136 ,-0.0246297 
576,15.5365 ,0.00188995 ,-0.025139 
577,15.5634 ,0.00186876 ,-0.0256363 
578,15.5904 ,0.0018478 ,-0.0261276 
579,15.6174 ,0.00182706 ,-0.0266073 
580,15.6444 ,0.00180654 ,-0.0270811 
581,15.6713 ,0.00178625 ,-0.0275438 
582,15.6983 ,0.00176617 ,-0.0280009 
583,15.7253 ,0.00174631 ,-0.0284471 
584,15.7523 ,0.00172666 ,-0.028888 
585,15.7792 ,0.00170722 ,-0.0293184 
586,15.8062 ,0.001688 ,-0.0297436 
587,15.8332 ,0.00166898 ,-0.0301587 
588,15.8602 ,0.00165017 ,-0.0305689 
589,15.8871 ,0.00163156 ,-0.0309692 
590,15.9141 ,0.00161316 ,-0.0313648 
591,15.9411 ,0.00159495 ,-0.0317509 
592,15.968 ,0.00157695 ,-0.0321325 
593,15.995 ,0.00155914 ,-0.0325049 
594,16.022 ,0.00154152 ,-0.0328728 
595,16.049 ,0.0015241 ,-0.033232 
596,16.0759 ,0.00150687 ,-0.0335868 
597,16.1029 ,0.00148983 ,-0.0339332 
598,16.1299 ,0.00147298 ,-0.0342754 
599,16.1569 ,0.00145631 ,-0.0346094 
600,16.1838 ,0.00143983 ,-0.0349394 
601,16.2108 ,0.00142353 ,-0.0352615 
602,16.2378 ,0.0014074 ,-0.0355797 
603,16.2647 ,0.00139146 ,-0.0358903 
604,16.2917 ,0.00137569 ,-0.0361972 
605,16.3187 ,0.0013601 ,-0.0364966 
606,16.3457 ,0.00134468 ,-0.0367926 
607,16.3726 ,0.00132944 ,-0.0370812 
608,16.3996 ,0.00131436 ,-0.0373666 
609,16.4266 ,0.00129945 ,-0.0376449 
610,16.4536 ,0.00128471 ,-0.0379201 
611,16.4805 ,0.00127013 ,-0.0381884 
612,16.5075 ,0.00125571 ,-0.0384536 
613,16.5345 ,0.00124146 ,-0.0387123 
614,16.5614 ,0.00122736 ,-0.038968 
615,16.5884 ,0.00121342 ,-0.0392174 
616,16.6154 ,0.00119964 ,-0.0394639 
617,16.6424 ,0.00118602 ,-0.0397043 
618,16.6693 ,0.00117254 ,-0.0399419 
619,16.6963 ,0.00115922 ,-0.0401735 
620,16.7233 ,0.00114605 ,-0.0404026 
621,16.7503 ,0.00113302 ,-0.0406258 
622,16.7772 ,0.00112014 ,-0.0408466 
623,16.8042 ,0.00110741 ,-0.0410618 
624,16.8312 ,0.00109482 ,-0.0412745 
625,16.8582 ,0.00108237 ,-0.0414818 
626,16.8851 ,0.00107006 ,-0.0416868 
627,16.9121 ,0.0010579 ,-0.0418866 
628,16.9391 ,0.00104587 ,-0.0420841 
629,16.966 ,0.00103397 ,-0.0422766 
630,16.993 ,0.00102221 ,-0.0424669 
631,17.02 ,0.00101058 ,-0.0426523 
632,17.047 ,0.00099909 ,-0.0428356 
633,17.0739 ,0.000987725 ,-0.0430142 
634,17.1009 ,0.000976489 ,-0.0431908 
635,17.1279 ,0.00096538 ,-0.0433628 
636,17.1549 ,0.000954398 ,-0.0435329 
637,17.1818 ,0.00094354 ,-0.0436985 
638,17.2088 ,0.000932806 ,-0.0438623 
639,17.2358 ,0.000922194 ,-0.0440218 
640,17.2627 ,0.000911702 ,-0.0441795 
641,17.2897 ,0.00090133 ,-0.0443331 
642,17.3167 ,0.000891076 ,-0.044485 
643,17.3437 ,0.000880938 ,-0.0446328 
644,17.3706 ,0.000870916 ,-0.0447789 
645,17.3976 ,0.000861008 ,-0.0449212 
646,17.4246 ,0.000851214 ,-0.0450619 
647,17.4516 ,0.000841531 ,-0.0451988 
648,17.4785 ,0.000831958 ,-0.0453342 
649,17.5055 ,0.000822495 ,-0.0454659 
650,17.5325 ,0.000813139 ,-0.0455962 
651,17.5595 ,0.000803891 ,-0.0457229 
652,17.5864 ,0.000794748 ,-0.0458482 
653,17.6134 ,0.00078571 ,-0.0459701 
654,17.6404 ,0.000776775 ,-0.0460906 
655,17.6673 ,0.000767942 ,-0.0462078 
656,17.6943 ,0.00075921 ,-0.0463237 
657,17.7213 ,0.000750579 ,-0.0464364 
658,17.7483 ,0.000742046 ,-0.0465478 
659,17.7752 ,0.00073361 ,-0.0466561 
660,17.8022 ,0.000725271 ,-0.0467632 
661,17.8292 ,0.000717028 ,-0.0468673 
662,17.8562 ,0.000708879 ,-0.0469702 
663,17.8831 ,0.000700824 ,-0.0470702 
664,17.9101 ,0.000692861 ,-0.0471691 
665,17.9371 ,0.000684989 ,-0.0472651 
666,17.964 ,0.000677207 ,-0.0473601 
667,17.991 ,0.000669515 ,-0.0474523 
668,18.018 ,0.000661911 ,-0.0475435 
669,18.045 ,0.000654394 ,-0.047632 
670,18.0719 ,0.000646964 ,-0.0477196 
671,18.0989 ,0.000639619 ,-0.0478045 
672,18.1259 ,0.000632358 ,-0.0478885 
673,18.1529 ,0.00062518 ,-0.04797 
674,18.1798 ,0.000618085 ,-0.0480506 
675,18.2068 ,0.000611072 ,-0.0481287 
676,18.2338 ,0.000604139 ,-0.048206 
677,18.2607 ,0.000597285 ,-0.0482809 
678,18.2877 ,0.000590511 ,-0.0483549 
679,18.3147 ,0.000583814 ,-0.0484267 
680,18.3417 ,0.000577194 ,-0.0484977 
681,18.3686 ,0.00057065 ,-0.0485664 
682,18.3956 ,0.000564182 ,-0.0486344 
683,18.4226 ,0.000557788 ,-0.0487002 
684,18.4496 ,0.000551468 ,-0.0487653 
685,18.4765 ,0.00054522 ,-0.0488283 
686,18.5035 ,0.000539044 ,-0.0488906 
687,18.5305 ,0.000532939 ,-0.0489508 
688,18.5575 ,0.000526904 ,-0.0490104 
689,18.5844 ,0.000520939 ,-0.0490679 
690,18.6114 ,0.000515043 ,-0.0491249 
691,18.6384 ,0.000509214 ,-0.0491799 
692,18.6653 ,0.000503452 ,-0.0492343 
693,18.6923 ,0.000497757 ,-0.0492868 
694,18.7193 ,0.000492127 ,-0.0493388 
695,18.7463 ,0.000486563 ,-0.0493889 
696,18.7732 ,0.000481062 ,-0.0494385 
697,18.8002 ,0.000475624 ,-0.0494862 
698,18.8272 ,0.000470249 ,-0.0495335 
699,18.8542 ,0.000464936 ,-0.049579 
700,18.8811 ,0.000459685 ,-0.0496241 
701,18.9081 ,0.000454493 ,-0.0496674 
702,18.9351 ,0.000449362 ,-0.0497103 
703,18.962 ,0.00044429 ,-0.0497515 
704,18.989 ,0.000439276 ,-0.0497923 
705,19.016 ,0.000434319 ,-0.0498315 
706,19.043 ,0.00042942 ,-0.0498703 
707,19.0699 ,0.000424578 ,-0.0499075 
708,19.0969 ,0.000419791 ,-0.0499443 
709,19.1239 ,0.000415059 ,-0.0499796 
710,19.1509 ,0.000410382 ,-0.0500145 
711,19.1778 ,0.000405759 ,-0.0500479 
712,19.2048 ,0.000401189 ,-0.050081 
713,19.2318 ,0.000396672 ,-0.0501126 
714,19.2587 ,0.000392206 ,-0.0501439 
715,19.2857 ,0.000387793 ,-0.0501738 
716,19.3127 ,0.00038343 ,-0.0502034 
717,19.3397 ,0.000379117 ,-0.0502316 
718,19.3666 ,0.000374854 ,-0.0502595 
719,19.3936 ,0.00037064 ,-0.0502861 
720,19.4206 ,0.000366475 ,-0.0503124 
721,19.4476 ,0.000362358 ,-0.0503373 
722,19.4745 ,0.000358288 ,-0.050362 
723,19.5015 ,0.000354265 ,-0.0503855 
724,19.5285 ,0.000350289 ,-0.0504087 
725,19.5555 ,0.000346359 ,-0.0504307 
726,19.5824 ,0.000342473 ,-0.0504524 
727,19.6094 ,0.000338633 ,-0.0504729 
728,19.6364 ,0.000334837 ,-0.0504932 
729,19.6633 ,0.000331084 ,-0.0505123 
730,19.6903 ,0.000327375 ,-0.0505312 
731,19.7173 ,0.000323709 ,-0.050549 
732,19.7443 ,0.000320085 ,-0.0505666 
733,19.7712 ,0.000316503 ,-0.0505831 
734,19.7982 ,0.000312962 ,-0.0505993 
735,19.8252 ,0.000309461 ,-0.0506145 
736,19.8522 ,0.000306002 ,-0.0506296 
737,19.8791 ,0.000302582 ,-0.0506435 
738,19.9061 ,0.000299201 ,-0.0506573 
739,19.9331 ,0.00029586 ,-0.0506701 
740,19.96 ,0.000292557 ,-0.0506827 
741,19.987 ,0.000289293 ,-0.0506943 
742,20.014 ,0.000286065 ,-0.0507058 
743,20.041 ,0.000282876 ,-0.0507163 
744,20.0679 ,0.000279723 ,-0.0507266 
745,20.0949 ,0.000276606 ,-0.050736 
746,20.1219 ,0.000273525 ,-0.0507453 
747,20.1489 ,0.00027048 ,-0.0507536 
748,20.1758 ,0.00026747 ,-0.0507619 
749,20.2028 ,0.000264495 ,-0.0507692 
750,20.2298 ,0.000261554 ,-0.0507764 
751,20.2568 ,0.000258647 ,-0.0507827 
752,20.2837 ,0.000255773 ,-0.0507889 
753,20.3107 ,0.000252933 ,-0.0507943 
754,20.3377 ,0.000250126 ,-0.0507996 
755,20.3646 ,0.000247351 ,-0.050804 
756,20.3916 ,0.000244608 ,-0.0508083 
757,20.4186 ,0.000241896 ,-0.0508119 
758,20.4456 ,0.000239216 ,-0.0508153 
759,20.4725 ,0.000236567 ,-0.0508179 
760,20.4995 ,0.000233949 ,-0.0508205 
761,20.5265 ,0.000231361 ,-0.0508223 
762,20.5535 ,0.000228802 ,-0.050824 
763,20.5804 ,0.000226273 ,-0.050825 
764,20.6074 ,0.000223774 ,-0.0508259 
765,20.6344 ,0.000221303 ,-0.050826 
766,20.6613 ,0.000218861 ,-0.0508261 
767,20.6883 ,0.000216447 ,-0.0508255 
768,20.7153 ,0.000214061 ,-0.0508248 
769,20.7423 ,0.000211703 ,-0.0508234 
770,20.7692 ,0.000209372 ,-0.050822 
771,20.7962 ,0.000207068 ,-0.0508198 
772,20.8232 ,0.00020479 ,-0.0508177 
773,20.8502 ,0.000202539 ,-0.0508148 
774,20.8771 ,0.000200314 ,-0.050812 
775,20.9041 ,0.000198114 ,-0.0508084 
776,20.9311 ,0.00019594 ,-0.0508048 
777,20.958 ,0.000193792 ,-0.0508006 
778,20.985 ,0.000191668 ,-0.0507964 
779,21.012 ,0.000189568 ,-0.0507915 
780,21.039 ,0.000187493 ,-0.0507866 
781,21.0659 ,0.000185443 ,-0.0507811 
782,21.0929 ,0.000183415 ,-0.0507756 
783,21.1199 ,0.000181412 ,-0.0507695 
784,21.1469 ,0.000179431 ,-0.0507633 
785,21.1738 ,0.000177474 ,-0.0507566 
786,21.2008 ,0.000175539 ,-0.0507498 
787,21.2278 ,0.000173627 ,-0.0507425 
788,21.2548 ,0.000171736 ,-0.0507352 
789,21.2817 ,0.000169868 ,-0.0507273 
790,21.3087 ,0.000168021 ,-0.0507194 
791,21.3357 ,0.000166196 ,-0.050711 
792,21.3626 ,0.000164392 ,-0.0507025 
793,21.3896 ,0.000162609 ,-0.0506935 
794,21.4166 ,0.000160847 ,-0.0506846 
795,21.4436 ,0.000159105 ,-0.0506751 
796,21.4705 ,0.000157384 ,-0.0506656 
797,21.4975 ,0.000155682 ,-0.0506555 
798,21.5245 ,0.000154001 ,-0.0506455 
799,21.5515 ,0.000152338 ,-0.050635 
800,21.5784 ,0.000150696 ,-0.0506245 
801,21.6054 ,0.000149072 ,-0.0506135 
802,21.6324 ,0.000147467 ,-0.0506025 
803,21.6593 ,0.000145881 ,-0.0505911 
804,21.6863 ,0.000144314 ,-0.0505796 
805,21.7133 ,0.000142764 ,-0.0505677 
806,21.7403 ,0.000141233 ,-0.0505558 
807,21.7672 ,0.00013972 ,-0.0505434 
808,21.7942 ,0.000138224 ,-0.050531 
809,21.8212 ,0.000136746 ,-0.0505182 
810,21.8482 ,0.000135285 ,-0.0505054 
811,21.8751 ,0.000133841 ,-0.0504922 
812,21.9021 ,0.000132415 ,-0.050479 
813,21.9291 ,0.000131004 ,-0.0504654 
814,21.956 ,0.000129611 ,-0.0504517 
815,21.983 ,0.000128233 ,-0.0504377 
816,22.01 ,0.000126872 ,-0.0504237 
817,22.037 ,0.000125527 ,-0.0504092 
818,22.0639 ,0.000124197 ,-0.0503948 
819,22.0909 ,0.000122883 ,-0.05038 
820,22.1179 ,0.000121585 ,-0.0503652 
821,22.1449 ,0.000120302 ,-0.05035 
822,22.1718 ,0.000119034 ,-0.0503349 
823,22.1988 ,0.000117781 ,-0.0503193 
824,22.2258 ,0.000116542 ,-0.0503038 
825,22.2528 ,0.000115319 ,-0.0502879 
826,22.2797 ,0.000114109 ,-0.050272 
827,22.3067 ,0.000112914 ,-0.0502557 
828,22.3337 ,0.000111733 ,-0.0502395 
829,22.3606 ,0.000110566 ,-0.0502229 
830,22.3876 ,0.000109413 ,-0.0502064 
831,22.4146 ,0.000108274 ,-0.0501894 
832,22.4416 ,0.000107148 ,-0.0501726 
833,22.4685 ,0.000106035 ,-0.0501553 
834,22.4955 ,0.000104936 ,-0.0501381 
835,22.5225 ,0.000103849 ,-0.0501205 
836,22.5495 ,0.000102776 ,-0.050103 
837,22.5764 ,0.000101715 ,-0.0500851 
838,22.6034 ,0.000100667 ,-0.0500673 
839,22.6304 ,9.96317e-05 ,-0.0500491 
840,22.6573 ,9.86085e-05 ,-0.050031 
841,22.6843 ,9.75976e-05 ,-0.0500125 
842,22.7113 ,9.65987e-05 ,-0.0499941 
843,22.7383 ,9.56119e-05 ,-0.0499754 
844,22.7652 ,9.46368e-05 ,-0.0499567 
845,22.7922 ,9.36734e-05 ,-0.0499376 
846,22.8192 ,9.27217e-05 ,-0.0499187 
847,22.8462 ,9.17813e-05 ,-0.0498993 
848,22.8731 ,9.08523e-05 ,-0.0498801 
849,22.9001 ,8.99345e-05 ,-0.0498605 
850,22.9271 ,8.90278e-05 ,-0.049841 
851,22.9541 ,8.8132e-05 ,-0.0498211 
852,22.981 ,8.72471e-05 ,-0.0498014 
853,23.008 ,8.63729e-05 ,-0.0497813 
854,23.035 ,8.55093e-05 ,-0.0497612 
855,23.0619 ,8.46562e-05 ,-0.0497409 
856,23.0889 ,8.38134e-05 ,-0.0497206 
857,23.1159 ,8.2981e-05 ,-0.0497 
858,23.1429 ,8.21587e-05 ,-0.0496794 
859,23.1698 ,8.13465e-05 ,-0.0496586 
860,23.1968 ,8.05442e-05 ,-0.0496378 
861,23.2238 ,7.97518e-05 ,-0.0496167 
862,23.2508 ,7.89691e-05 ,-0.0495957 
863,23.2777 ,7.8196e-05 ,-0.0495744 
864,23.3047 ,7.74324e-05 ,-0.0495531 
865,23.3317 ,7.66783e-05 ,-0.0495316 
866,23.3586 ,7.59335e-05 ,-0.0495101 
867,23.3856 ,7.5198e-05 ,-0.0494884 
868,23.4126 ,7.44715e-05 ,-0.0494666 
869,23.4396 ,7.37541e-05 ,-0.0494447 
870,23.4665 ,7.30457e-05 ,-0.0494227 
871,23.4935 ,7.23461e-05 ,-0.0494005 
872,23.5205 ,7.16553e-05 ,-0.0493784 
873,23.5475 ,7.09731e-05 ,-0.049356 
874,23.5744 ,7.02995e-05 ,-0.0493337 
875,23.6014 ,6.96344e-05 ,-0.049311 
876,23.6284 ,6.89777e-05 ,-0.0492885 
877,23.6553 ,6.83293e-05 ,-0.0492657 
878,23.6823 ,6.76891e-05 ,-0.0492429 
879,23.7093 ,6.7057e-05 ,-0.0492199 
880,23.7363 ,6.6433e-05 ,-0.0491969 
881,23.7632 ,6.5817e-05 ,-0.0491737 
882,23.7902 ,6.52089e-05 ,-0.0491506 
883,23.8172 ,6.46086e-05 ,-0.0491271 
884,23.8442 ,6.40161e-05 ,-0.0491038 
885,23.8711 ,6.34311e-05 ,-0.0490802 
886,23.8981 ,6.28538e-05 ,-0.0490567 
887,23.9251 ,6.2284e-05 ,-0.0490329 
888,23.9521 ,6.17215e-05 ,-0.0490091 
889,23.979 ,6.11665e-05 ,-0.0489852 
890,24.006 ,6.06187e-05 ,-0.0489613 
891,24.033 ,6.00781e-05 ,-0.0489371 
892,24.0599 ,5.95446e-05 ,-0.048913 
893,24.0869 ,5.90182e-05 ,-0.0488887 
894,24.1139 ,5.84988e-05 ,-0.0488644 
895,24.1409 ,5.79863e-05 ,-0.0488399 
896,24.1678 ,5.74807e-05 ,-0.0488155 
897,24.1948 ,5.69819e-05 ,-0.0487908 
898,24.2218 ,5.64897e-05 ,-0.0487662 
899,24.2488 ,5.60043e-05 ,-0.0487413 
900,24.2757 ,5.55254e-05 ,-0.0487165 
901,24.3027 ,5.5053e-05 ,-0.0486915 
902,24.3297 ,5.45871e-05 ,-0.0486666 
903,24.3566 ,5.41276e-05 ,-0.0486414 
904,24.3836 ,5.36744e-05 ,-0.0486162 
905,24.4106 ,5.32276e-05 ,-0.0485909 
906,24.4376 ,5.27869e-05 ,-0.0485656 
907,24.4645 ,5.23524e-05 ,-0.0485401 
908,24.4915 ,5.1924e-05 ,-0.0485147 
909,24.5185 ,5.15016e-05 ,-0.048489 
910,24.5455 ,5.10852e-05 ,-0.0484634 
911,24.5724 ,5.06748e-05 ,-0.0484375 
912,24.5994 ,5.02702e-05 ,-0.0484118 
913,24.6264 ,4.98714e-05 ,-0.0483858 
914,24.6533 ,4.94785e-05 ,-0.0483599 
915,24.6803 ,4.90912e-05 ,-0.0483337 
916,24.7073 ,4.87096e-05 ,-0.0483077 
917,24.7343 ,4.83335e-05 ,-0.0482814 
918,24.7612 ,4.79631e-05 ,-0.0482552 
919,24.7882 ,4.75982e-05 ,-0.0482287 
920,24.8152 ,4.72387e-05 ,-0.0482024 
921,24.8422 ,4.68846e-05 ,-0.0481758 
922,24.8691 ,4.65359e-05 ,-0.0481492 
923,24.8961 ,4.61925e-05 ,-0.0481225 
924,24.9231 ,4.58544e-05 ,-0.0480958 
925,24.9501 ,4.55215e-05 ,-0.048069 
926,24.977 ,4.51937e-05 ,-0.0480422 
927,25.004 ,4.48711e-05 ,-0.0480151 
928,25.031 ,4.45536e-05 ,-0.0479882 
929,25.0579 ,4.42411e-05 ,-0.047961 
930,25.0849 ,4.39336e-05 ,-0.0479339 
931,25.1119 ,4.36311e-05 ,-0.0479066 
932,25.1389 ,4.33335e-05 ,-0.0478794 
933,25.1658 ,4.30408e-05 ,-0.0478519 
934,25.1928 ,4.27529e-05 ,-0.0478246 
935,25.2198 ,4.24698e-05 ,-0.047797 
936,25.2468 ,4.21915e-05 ,-0.0477695 
937,25.2737 ,4.19178e-05 ,-0.0477418 
938,25.3007 ,4.16489e-05 ,-0.0477141 
939,25.3277 ,4.13846e-05 ,-0.0476863 
940,25.3546 ,4.11248e-05 ,-0.0476585 
941,25.3816 ,4.08697e-05 ,-0.0476305 
942,25.4086 ,4.06191e-05 ,-0.0476026 
943,25.4356 ,4.0373e-05 ,-0.0475745 
944,25.4625 ,4.01313e-05 ,-0.0475464 
945,25.4895 ,3.98941e-05 ,-0.0475182 
946,25.5165 ,3.96612e-05 ,-0.04749 
947,25.5435 ,3.94327e-05 ,-0.0474616 
948,25.5704 ,3.92086e-05 ,-0.0474333 
949,25.5974 ,3.89887e-05 ,-0.0474048 
950,25.6244 ,3.87731e-05 ,-0.0473763 
951,25.6514 ,3.85617e-05 ,-0.0473477 
952,25.6783 ,3.83545e-05 ,-0.0473191 
953,25.7053 ,3.81515e-05 ,-0.0472904 
954,25.7323 ,3.79526e-05 ,-0.0472617 
955,25.7592 ,3.77579e-05 ,-0.0472328 
956,25.7862 ,3.75672e-05 ,-0.0472039 
957,25.8132 ,3.73805e-05 ,-0.0471749 
958,25.8402 ,3.71979e-05 ,-0.047146 
959,25.8671 ,3.70193e-05 ,-0.0471168 
960,25.8941 ,3.68447e-05 ,-0.0470878 
961,25.9211 ,3.6674e-05 ,-0.0470585 
962,25.9481 ,3.65072e-05 ,-0.0470293 
963,25.975 ,3.63444e-05 ,-0.0469999 
964,26.002 ,3.61853e-05 ,-0.0469706 
965,26.029 ,3.60302e-05 ,-0.0469411 
966,26.0559 ,3.58788e-05 ,-0.0469116 
967,26.0829 ,3.57313e-05 ,-0.046882 
968,26.1099 ,3.55875e-05 ,-0.0468524 
969,26.1369 ,3.54474e-05 ,-0.0468227 
970,26.1638 ,3.53111e-05 ,-0.046793 
971,26.1908 ,3.51785e-05 ,-0.0467631 
972,26.2178 ,3.50496e-05 ,-0.0467333 
973,26.2448 ,3.49244e-05 ,-0.0467033 
974,26.2717 ,3.48027e-05 ,-0.0466734 
975,26.2987 ,3.46847e-05 ,-0.0466433 
976,26.3257 ,3.45704e-05 ,-0.0466132 
977,26.3526 ,3.44595e-05 ,-0.046583 
978,26.3796 ,3.43523e-05 ,-0.0465529 
979,26.4066 ,3.42486e-05 ,-0.0465225 
980,26.4336 ,3.41484e-05 ,-0.0464922 
981,26.4605 ,3.40518e-05 ,-0.0464618 
982,26.4875 ,3.39586e-05 ,-0.0464314 
983,26.5145 ,3.38689e-05 ,-0.0464008 
984,26.5415 ,3.37826e-05 ,-0.0463703 
985,26.5684 ,3.36998e-05 ,-0.0463396 
986,26.5954 ,3.36204e-05 ,-0.0463089 
987,26.6224 ,3.35445e-05 ,-0.0462781 
988,26.6494 ,3.34719e-05 ,-0.0462474 
989,26.6763 ,3.34027e-05 ,-0.0462165 
990,26.7033 ,3.33369e-05 ,-0.0461856 
991,26.7303 ,3.32744e-05 ,-0.0461546 
992,26.7572 ,3.32152e-05 ,-0.0461236 
993,26.7842 ,3.31594e-05 ,-0.0460924 
994,26.8112 ,3.31069e-05 ,-0.0460613 
995,26.8382 ,3.30577e-05 ,-0.0460301 
996,26.8651 ,3.30118e-05 ,-0.0459989 
997,26.8921 ,3.29691e-05 ,-0.0459675 
998,26.9191 ,3.29297e-05 ,-0.0459362 
999,26.9461 ,3.28936e-05 ,-0.0459047 
1000,26.973 ,3.28607e-05 ,-0.0458734 