N_e = 8
1,0.027 ,2.47412e-06 ,-8230.1 
2,0.053973 ,2.47536e-06 ,-2059.32 
3,0.080946 ,5.23908e-06 ,-915.366 
4,0.107919 ,9.24535e-06 ,-514.827 
5,0.134892 ,1.44208e-05 ,-329.397 
6,0.161865 ,2.07517e-05 ,-228.656 
7,0.188838 ,2.82335e-05 ,-167.908 
8,0.215811 ,3.68634e-05 ,-128.477 
9,0.242784 ,4.66391e-05 ,-101.443 
10,0.269757 ,5.75586e-05 ,-82.104 
11,0.29673 ,6.96196e-05 ,-67.7953 
12,0.323703 ,8.28194e-05 ,-56.9121 
13,0.350676 ,9.71555e-05 ,-48.4422 
14,0.377649 ,0.000112625 ,-41.7215 
15,0.404622 ,0.000129224 ,-36.2995 
16,0.431595 ,0.000146951 ,-31.8619 
17,0.458568 ,0.000165801 ,-28.1842 
18,0.485541 ,0.00018577 ,-25.1021 
19,0.512514 ,0.000206855 ,-22.4938 
20,0.539487 ,0.00022905 ,-20.2668 
21,0.56646 ,0.000252353 ,-18.3504 
22,0.593433 ,0.000276758 ,-16.6893 
23,0.620406 ,0.00030226 ,-15.2401 
24,0.647379 ,0.000328854 ,-13.9682 
25,0.674352 ,0.000356535 ,-12.8459 
26,0.701325 ,0.000385297 ,-11.8506 
27,0.728298 ,0.000415135 ,-10.9638 
28,0.755271 ,0.000446042 ,-10.1704 
29,0.782244 ,0.000478012 ,-9.45759 
30,0.809217 ,0.00051104 ,-8.8149 
31,0.83619 ,0.000545117 ,-8.23339 
32,0.863163 ,0.000580238 ,-7.70556 
33,0.890136 ,0.000616396 ,-7.22498 
34,0.917109 ,0.000653582 ,-6.7862 
35,0.944082 ,0.000691791 ,-6.38449 
36,0.971055 ,0.000731014 ,-6.0158 
37,0.998028 ,0.000771243 ,-5.67661 
38,1.025 ,0.00081247 ,-5.36385 
39,1.05197 ,0.000854687 ,-5.07485 
40,1.07895 ,0.000897887 ,-4.80726 
41,1.10592 ,0.000942059 ,-4.55902 
42,1.13289 ,0.000987195 ,-4.32831 
43,1.15987 ,0.00103329 ,-4.11352 
44,1.18684 ,0.00108033 ,-3.91322 
45,1.21381 ,0.0011283 ,-3.72612 
46,1.24079 ,0.0011772 ,-3.55111 
47,1.26776 ,0.00122702 ,-3.38716 
48,1.29473 ,0.00127775 ,-3.23336 
49,1.3217 ,0.00132938 ,-3.08888 
50,1.34868 ,0.00138189 ,-2.953 
51,1.37565 ,0.00143528 ,-2.82504 
52,1.40262 ,0.00148953 ,-2.70441 
53,1.4296 ,0.00154465 ,-2.59054 
54,1.45657 ,0.0016006 ,-2.48295 
55,1.48354 ,0.0016574 ,-2.38119 
56,1.51051 ,0.00171501 ,-2.28484 
57,1.53749 ,0.00177343 ,-2.19352 
58,1.56446 ,0.00183266 ,-2.10689 
59,1.59143 ,0.00189267 ,-2.02464 
60,1.61841 ,0.00195346 ,-1.94648 
61,1.64538 ,0.00201502 ,-1.87214 
62,1.67235 ,0.00207732 ,-1.80138 
63,1.69933 ,0.00214037 ,-1.73397 
64,1.7263 ,0.00220414 ,-1.6697 
65,1.75327 ,0.00226863 ,-1.60838 
66,1.78024 ,0.00233382 ,-1.54984 
67,1.80722 ,0.00239971 ,-1.49391 
68,1.83419 ,0.00246627 ,-1.44044 
69,1.86116 ,0.00253349 ,-1.38928 
70,1.88814 ,0.00260136 ,-1.34031 
71,1.91511 ,0.00266988 ,-1.2934 
72,1.94208 ,0.00273901 ,-1.24845 
73,1.96906 ,0.00280876 ,-1.20533 
74,1.99603 ,0.0028791 ,-1.16396 
75,2.023 ,0.00295003 ,-1.12424 
76,2.04998 ,0.00302153 ,-1.08609 
77,2.07695 ,0.00309359 ,-1.04942 
78,2.10392 ,0.00316618 ,-1.01416 
79,2.13089 ,0.00323931 ,-0.980235 
80,2.15787 ,0.00331295 ,-0.94759 
81,2.18484 ,0.00338708 ,-0.916147 
82,2.21181 ,0.00346171 ,-0.885862 
83,2.23879 ,0.0035368 ,-0.856666 
84,2.26576 ,0.00361236 ,-0.828521 
85,2.29273 ,0.00368835 ,-0.801364 
86,2.31971 ,0.00376477 ,-0.775164 
87,2.34668 ,0.0038416 ,-0.749862 
88,2.37365 ,0.00391884 ,-0.725433 
89,2.40062 ,0.00399645 ,-0.701822 
90,2.4276 ,0.00407443 ,-0.679009 
91,2.45457 ,0.00415277 ,-0.656943 
92,2.48154 ,0.00423145 ,-0.635608 
93,2.50852 ,0.00431044 ,-0.614957 
94,2.53549 ,0.00438975 ,-0.594976 
95,2.56246 ,0.00446935 ,-0.575622 
96,2.58944 ,0.00454923 ,-0.556884 
97,2.61641 ,0.00462937 ,-0.538722 
98,2.64338 ,0.00470976 ,-0.521127 
99,2.67035 ,0.00479038 ,-0.504063 
100,2.69733 ,0.00487121 ,-0.487521 
101,2.7243 ,0.00495225 ,-0.471468 
102,2.75127 ,0.00503348 ,-0.455899 
103,2.77825 ,0.00511487 ,-0.44078 
104,2.80522 ,0.00519643 ,-0.426108 
105,2.83219 ,0.00527812 ,-0.411853 
106,2.85917 ,0.00535993 ,-0.398013 
107,2.88614 ,0.00544186 ,-0.384558 
108,2.91311 ,0.00552388 ,-0.371489 
109,2.94008 ,0.00560598 ,-0.358777 
110,2.96706 ,0.00568814 ,-0.346423 
111,2.99403 ,0.00577035 ,-0.334399 
112,3.021 ,0.00585259 ,-0.32271 
113,3.04798 ,0.00593484 ,-0.311328 
114,3.07495 ,0.0060171 ,-0.300258 
115,3.10192 ,0.00609935 ,-0.289473 
116,3.12889 ,0.00618156 ,-0.27898 
117,3.15587 ,0.00626373 ,-0.268752 
118,3.18284 ,0.00634584 ,-0.258796 
119,3.20981 ,0.00642787 ,-0.249087 
120,3.23679 ,0.00650982 ,-0.239634 
121,3.26376 ,0.00659165 ,-0.230411 
122,3.29073 ,0.00667337 ,-0.221428 
123,3.31771 ,0.00675495 ,-0.21266 
124,3.34468 ,0.00683638 ,-0.204116 
125,3.37165 ,0.00691764 ,-0.195773 
126,3.39863 ,0.00699872 ,-0.187642 
127,3.4256 ,0.0070796 ,-0.179698 
128,3.45257 ,0.00716027 ,-0.171953 
129,3.47954 ,0.00724071 ,-0.164383 
130,3.50652 ,0.00732091 ,-0.157001 
131,3.53349 ,0.00740086 ,-0.149783 
132,3.56046 ,0.00748053 ,-0.142742 
133,3.58744 ,0.00755992 ,-0.135855 
134,3.61441 ,0.00763901 ,-0.129134 
135,3.64138 ,0.00771778 ,-0.122558 
136,3.66836 ,0.00779622 ,-0.116139 
137,3.69533 ,0.00787432 ,-0.109856 
138,3.7223 ,0.00795206 ,-0.103722 
139,3.74927 ,0.00802943 ,-0.0977144 
140,3.77625 ,0.00810641 ,-0.0918482 
141,3.80322 ,0.00818299 ,-0.0861014 
142,3.83019 ,0.00825916 ,-0.0804883 
143,3.85717 ,0.00833489 ,-0.0749872 
144,3.88414 ,0.00841019 ,-0.069613 
145,3.91111 ,0.00848502 ,-0.0643441 
146,3.93809 ,0.00855939 ,-0.0591957 
147,3.96506 ,0.00863327 ,-0.0541462 
148,3.99203 ,0.00870665 ,-0.0492113 
149,4.019 ,0.00877953 ,-0.0443694 
150,4.04598 ,0.00885188 ,-0.0396364 
151,4.07295 ,0.00892369 ,-0.0349909 
152,4.09992 ,0.00899495 ,-0.0304492 
153,4.1269 ,0.00906565 ,-0.0259898 
154,4.15387 ,0.00913577 ,-0.0216292 
155,4.18084 ,0.0092053 ,-0.017346 
156,4.20782 ,0.00927423 ,-0.0131572 
157,4.23479 ,0.00934255 ,-0.00904115 
158,4.26176 ,0.00941023 ,-0.00501518 
159,4.28873 ,0.00947728 ,-0.00105763 
160,4.31571 ,0.00954368 ,0.0028138 
161,4.34268 ,0.00960941 ,0.0066209 
162,4.36965 ,0.00967447 ,0.0103456 
163,4.39663 ,0.00973884 ,0.0140099 
164,4.4236 ,0.00980251 ,0.0175953 
165,4.45057 ,0.00986547 ,0.0211239 
166,4.47755 ,0.0099277 ,0.0245769 
167,4.50452 ,0.0099892 ,0.0279765 
168,4.53149 ,0.01005 ,0.0313037 
169,4.55846 ,0.01011 ,0.0345806 
170,4.58544 ,0.0101692 ,0.0377882 
171,4.61241 ,0.0102276 ,0.0409485 
172,4.63938 ,0.0102853 ,0.0440422 
173,4.66636 ,0.0103422 ,0.0470917 
174,4.69333 ,0.0103982 ,0.050077 
175,4.7203 ,0.0104535 ,0.0530209 
176,4.74728 ,0.0105079 ,0.0559031 
177,4.77425 ,0.0105614 ,0.0587464 
178,4.80122 ,0.0106141 ,0.0615304 
179,4.82819 ,0.010666 ,0.064278 
180,4.85517 ,0.010717 ,0.0669685 
181,4.88214 ,0.0107671 ,0.069625 
182,4.90911 ,0.0108163 ,0.0722263 
183,4.93609 ,0.0108646 ,0.0747959 
184,4.96306 ,0.010912 ,0.0773124 
185,4.99003 ,0.0109585 ,0.0797992 
186,5.01701 ,0.0110041 ,0.0822347 
187,5.04398 ,0.0110487 ,0.0846426 
188,5.07095 ,0.0110924 ,0.087001 
189,5.09792 ,0.0111351 ,0.0893337 
190,5.1249 ,0.0111769 ,0.0916185 
191,5.15187 ,0.0112177 ,0.0938794 
192,5.17884 ,0.0112575 ,0.0960941 
193,5.20582 ,0.0112964 ,0.0982867 
194,5.23279 ,0.0113342 ,0.100434 
195,5.25976 ,0.0113711 ,0.102562 
196,5.28674 ,0.011407 ,0.104646 
197,5.31371 ,0.0114418 ,0.106711 
198,5.34068 ,0.0114756 ,0.108734 
199,5.36765 ,0.0115084 ,0.11074 
200,5.39463 ,0.0115402 ,0.112705 
201,5.4216 ,0.0115709 ,0.114654 
202,5.44857 ,0.0116006 ,0.116564 
203,5.47555 ,0.0116292 ,0.118459 
204,5.50252 ,0.0116568 ,0.120316 
205,5.52949 ,0.0116833 ,0.12216 
206,5.55647 ,0.0117088 ,0.123966 
207,5.58344 ,0.0117331 ,0.125761 
208,5.61041 ,0.0117564 ,0.127519 
209,5.63738 ,0.0117786 ,0.129267 
210,5.66436 ,0.0117997 ,0.13098 
211,5.69133 ,0.0118197 ,0.132683 
212,5.7183 ,0.0118386 ,0.134351 
213,5.74528 ,0.0118565 ,0.136012 
214,5.77225 ,0.0118732 ,0.137639 
215,5.79922 ,0.0118887 ,0.139259 
216,5.8262 ,0.0119032 ,0.140846 
217,5.85317 ,0.0119165 ,0.142427 
218,5.88014 ,0.0119288 ,0.143977 
219,5.90711 ,0.0119398 ,0.145521 
220,5.93409 ,0.0119498 ,0.147034 
221,5.96106 ,0.0119586 ,0.148543 
222,5.98803 ,0.0119663 ,0.150021 
223,6.01501 ,0.0119728 ,0.151497 
224,6.04198 ,0.0119782 ,0.152943 
225,6.06895 ,0.0119825 ,0.154386 
226,6.09593 ,0.0119856 ,0.1558 
227,6.1229 ,0.0119875 ,0.157213 
228,6.14987 ,0.0119883 ,0.158598 
229,6.17684 ,0.0119879 ,0.159981 
230,6.20382 ,0.0119864 ,0.161337 
231,6.23079 ,0.0119837 ,0.162693 
232,6.25776 ,0.0119798 ,0.164022 
233,6.28474 ,0.0119748 ,0.165352 
234,6.31171 ,0.0119686 ,0.166655 
235,6.33868 ,0.0119613 ,0.167959 
236,6.36566 ,0.0119528 ,0.169238 
237,6.39263 ,0.0119431 ,0.170518 
238,6.4196 ,0.0119322 ,0.171773 
239,6.44657 ,0.0119202 ,0.173031 
240,6.47355 ,0.011907 ,0.174263 
241,6.50052 ,0.0118927 ,0.175499 
242,6.52749 ,0.0118771 ,0.17671 
243,6.55447 ,0.0118604 ,0.177926 
244,6.58144 ,0.0118426 ,0.179116 
245,6.60841 ,0.0118236 ,0.180312 
246,6.63539 ,0.0118034 ,0.181483 
247,6.66236 ,0.011782 ,0.18266 
248,6.68933 ,0.0117595 ,0.183813 
249,6.7163 ,0.0117358 ,0.184972 
250,6.74328 ,0.011711 ,0.186107 
251,6.77025 ,0.011685 ,0.187249 
252,6.79722 ,0.0116578 ,0.188367 
253,6.8242 ,0.0116295 ,0.189493 
254,6.85117 ,0.0116 ,0.190595 
255,6.87814 ,0.0115694 ,0.191705 
256,6.90512 ,0.0115376 ,0.192792 
257,6.93209 ,0.0115047 ,0.193887 
258,6.95906 ,0.0114706 ,0.19496 
259,6.98603 ,0.0114354 ,0.19604 
260,7.01301 ,0.0113991 ,0.197099 
261,7.03998 ,0.0113616 ,0.198166 
262,7.06695 ,0.011323 ,0.199212 
263,7.09393 ,0.0112833 ,0.200266 
264,7.1209 ,0.0112424 ,0.201298 
265,7.14787 ,0.0112005 ,0.20234 
266,7.17485 ,0.0111574 ,0.20336 
267,7.20182 ,0.0111132 ,0.20439 
268,7.22879 ,0.0110679 ,0.205398 
269,7.25576 ,0.0110215 ,0.206416 
270,7.28274 ,0.010974 ,0.207413 
271,7.30971 ,0.0109254 ,0.208421 
272,7.33668 ,0.0108757 ,0.209407 
273,7.36366 ,0.0108249 ,0.210403 
274,7.39063 ,0.0107731 ,0.211378 
275,7.4176 ,0.0107202 ,0.212365 
276,7.44458 ,0.0106662 ,0.21333 
277,7.47155 ,0.0106112 ,0.214306 
278,7.49852 ,0.0105551 ,0.215261 
279,7.52549 ,0.010498 ,0.216228 
280,7.55247 ,0.0104399 ,0.217173 
281,7.57944 ,0.0103807 ,0.21813 
282,7.60641 ,0.0103204 ,0.219066 
283,7.63339 ,0.0102592 ,0.220014 
284,7.66036 ,0.010197 ,0.22094 
285,7.68733 ,0.0101337 ,0.221879 
286,7.71431 ,0.0100695 ,0.222797 
287,7.74128 ,0.0100042 ,0.223726 
288,7.76825 ,0.00993803 ,0.224635 
289,7.79522 ,0.00987084 ,0.225555 
290,7.8222 ,0.00980269 ,0.226455 
291,7.84917 ,0.00973359 ,0.227367 
292,7.87614 ,0.00966354 ,0.228258 
293,7.90312 ,0.00959255 ,0.229161 
294,7.93009 ,0.00952063 ,0.230044 
295,7.95706 ,0.00944779 ,0.230938 
296,7.98404 ,0.00937405 ,0.231812 
297,8.01101 ,0.0092994 ,0.232697 
298,8.03798 ,0.00922386 ,0.233562 
299,8.06495 ,0.00914743 ,0.234439 
300,8.09193 ,0.00907014 ,0.235294 
301,8.1189 ,0.00899198 ,0.236162 
302,8.14587 ,0.00891297 ,0.237009 
303,8.17285 ,0.00883312 ,0.237868 
304,8.19982 ,0.00875244 ,0.238706 
305,8.22679 ,0.00867094 ,0.239555 
306,8.25376 ,0.00858863 ,0.240384 
307,8.28074 ,0.00850552 ,0.241224 
308,8.30771 ,0.00842162 ,0.242044 
309,8.33468 ,0.00833695 ,0.242874 
310,8.36166 ,0.00825152 ,0.243684 
311,8.38863 ,0.00816533 ,0.244505 
312,8.4156 ,0.0080784 ,0.245305 
313,8.44258 ,0.00799075 ,0.246116 
314,8.46955 ,0.00790237 ,0.246905 
315,8.49652 ,0.0078133 ,0.247706 
316,8.52349 ,0.00772353 ,0.248485 
317,8.55047 ,0.00763308 ,0.249275 
318,8.57744 ,0.00754197 ,0.250043 
319,8.60441 ,0.0074502 ,0.250822 
320,8.63139 ,0.00735779 ,0.25158 
321,8.65836 ,0.00726476 ,0.252347 
322,8.68533 ,0.00717111 ,0.253093 
323,8.71231 ,0.00707686 ,0.253849 
324,8.73928 ,0.00698202 ,0.254583 
325,8.76625 ,0.00688661 ,0.255327 
326,8.79322 ,0.00679064 ,0.256048 
327,8.8202 ,0.00669413 ,0.25678 
328,8.84717 ,0.00659708 ,0.257488 
329,8.87414 ,0.00649952 ,0.258207 
330,8.90112 ,0.00640145 ,0.258902 
331,8.92809 ,0.0063029 ,0.259607 
332,8.95506 ,0.00620387 ,0.260289 
333,8.98204 ,0.00610439 ,0.260979 
334,9.00901 ,0.00600446 ,0.261647 
335,9.03598 ,0.0059041 ,0.262323 
336,9.06295 ,0.00580332 ,0.262975 
337,9.08993 ,0.00570215 ,0.263636 
338,9.1169 ,0.0056006 ,0.264274 
339,9.14387 ,0.00549867 ,0.264919 
340,9.17085 ,0.00539639 ,0.26554 
341,9.19782 ,0.00529378 ,0.266169 
342,9.22479 ,0.00519084 ,0.266774 
343,9.25177 ,0.0050876 ,0.267386 
344,9.27874 ,0.00498407 ,0.267973 
345,9.30571 ,0.00488026 ,0.268568 
346,9.33268 ,0.0047762 ,0.269137 
347,9.35966 ,0.00467189 ,0.269713 
348,9.38663 ,0.00456736 ,0.270265 
349,9.4136 ,0.00446262 ,0.270822 
350,9.44058 ,0.00435768 ,0.271354 
351,9.46755 ,0.00425257 ,0.271892 
352,9.49452 ,0.0041473 ,0.272404 
353,9.5215 ,0.00404188 ,0.272921 
354,9.54847 ,0.00393633 ,0.273413 
355,9.57544 ,0.00383067 ,0.27391 
356,9.60241 ,0.00372492 ,0.27438 
357,9.62939 ,0.00361909 ,0.274855 
358,9.65636 ,0.00351319 ,0.275304 
359,9.68333 ,0.00340726 ,0.275756 
360,9.71031 ,0.00330129 ,0.276182 
361,9.73728 ,0.00319531 ,0.276611 
362,9.76425 ,0.00308934 ,0.277013 
363,9.79123 ,0.00298339 ,0.277418 
364,9.8182 ,0.00287747 ,0.277797 
365,9.84517 ,0.00277161 ,0.278177 
366,9.87214 ,0.00266583 ,0.27853 
367,9.89912 ,0.00256013 ,0.278885 
368,9.92609 ,0.00245453 ,0.279213 
369,9.95306 ,0.00234906 ,0.279541 
370,9.98004 ,0.00224373 ,0.279842 
371,10.007 ,0.00213855 ,0.280144 
372,10.034 ,0.00203354 ,0.280418 
373,10.061 ,0.00192872 ,0.280691 
374,10.0879 ,0.0018241 ,0.280937 
375,10.1149 ,0.00171971 ,0.281182 
376,10.1419 ,0.00161555 ,0.281399 
377,10.1688 ,0.00151165 ,0.281614 
378,10.1958 ,0.00140801 ,0.281802 
379,10.2228 ,0.00130466 ,0.281987 
380,10.2498 ,0.00120161 ,0.282144 
381,10.2767 ,0.00109888 ,0.282299 
382,10.3037 ,0.000996488 ,0.282424 
383,10.3307 ,0.000894442 ,0.282547 
384,10.3577 ,0.00079276 ,0.282641 
385,10.3846 ,0.000691459 ,0.282731 
386,10.4116 ,0.000590554 ,0.282792 
387,10.4386 ,0.00049006 ,0.282849 
388,10.4656 ,0.000389994 ,0.282876 
389,10.4925 ,0.000290369 ,0.282899 
390,10.5195 ,0.0001912 ,0.282892 
391,10.5465 ,9.2504e-05 ,0.28288 
392,10.5734 ,-5.70622e-06 ,0.282838 
393,10.6004 ,-0.000103416 ,0.28279 
394,10.6274 ,-0.00020061 ,0.282713 
395,10.6544 ,-0.000297274 ,0.282629 
396,10.6813 ,-0.000393395 ,0.282515 
397,10.7083 ,-0.000488959 ,0.282394 
398,10.7353 ,-0.000583951 ,0.282242 
399,10.7623 ,-0.000678359 ,0.282083 
400,10.7892 ,-0.000772169 ,0.281894 
401,10.8162 ,-0.000865368 ,0.281696 
402,10.8432 ,-0.000957942 ,0.281469 
403,10.8701 ,-0.00104988 ,0.281232 
404,10.8971 ,-0.00114117 ,0.280965 
405,10.9241 ,-0.00123179 ,0.280688 
406,10.9511 ,-0.00132175 ,0.280381 
407,10.978 ,-0.00141101 ,0.280064 
408,11.005 ,-0.00149958 ,0.279716 
409,11.032 ,-0.00158744 ,0.279357 
410,11.059 ,-0.00167458 ,0.278968 
411,11.0859 ,-0.00176099 ,0.278568 
412,11.1129 ,-0.00184665 ,0.278137 
413,11.1399 ,-0.00193157 ,0.277695 
414,11.1668 ,-0.00201572 ,0.277221 
415,11.1938 ,-0.0020991 ,0.276736 
416,11.2208 ,-0.00218169 ,0.276219 
417,11.2478 ,-0.00226349 ,0.27569 
418,11.2747 ,-0.0023445 ,0.27513 
419,11.3017 ,-0.00242469 ,0.274557 
420,11.3287 ,-0.00250406 ,0.273952 
421,11.3557 ,-0.0025826 ,0.273335 
422,11.3826 ,-0.00266031 ,0.272686 
423,11.4096 ,-0.00273718 ,0.272023 
424,11.4366 ,-0.00281319 ,0.271329 
425,11.4636 ,-0.00288835 ,0.27062 
426,11.4905 ,-0.00296264 ,0.269881 
427,11.5175 ,-0.00303606 ,0.269126 
428,11.5445 ,-0.0031086 ,0.26834 
429,11.5714 ,-0.00318026 ,0.26754 
430,11.5984 ,-0.00325102 ,0.266708 
431,11.6254 ,-0.00332089 ,0.26586 
432,11.6524 ,-0.00338986 ,0.264981 
433,11.6793 ,-0.00345792 ,0.264086 
434,11.7063 ,-0.00352507 ,0.26316 
435,11.7333 ,-0.00359131 ,0.262218 
436,11.7603 ,-0.00365663 ,0.261244 
437,11.7872 ,-0.00372102 ,0.260254 
438,11.8142 ,-0.00378449 ,0.259233 
439,11.8412 ,-0.00384702 ,0.258195 
440,11.8681 ,-0.00390863 ,0.257126 
441,11.8951 ,-0.0039693 ,0.256039 
442,11.9221 ,-0.00402903 ,0.254922 
443,11.9491 ,-0.00408783 ,0.253787 
444,11.976 ,-0.00414568 ,0.252621 
445,12.003 ,-0.0042026 ,0.251437 
446,12.03 ,-0.00425857 ,0.250223 
447,12.057 ,-0.0043136 ,0.24899 
448,12.0839 ,-0.00436768 ,0.247727 
449,12.1109 ,-0.00442082 ,0.246445 
450,12.1379 ,-0.00447302 ,0.245133 
451,12.1648 ,-0.00452427 ,0.243802 
452,12.1918 ,-0.00457459 ,0.242441 
453,12.2188 ,-0.00462396 ,0.241061 
454,12.2458 ,-0.0046724 ,0.239651 
455,12.2727 ,-0.00471989 ,0.238222 
456,12.2997 ,-0.00476646 ,0.236763 
457,12.3267 ,-0.00481209 ,0.235284 
458,12.3537 ,-0.00485679 ,0.233776 
459,12.3806 ,-0.00490056 ,0.232248 
460,12.4076 ,-0.00494341 ,0.230691 
461,12.4346 ,-0.00498534 ,0.229114 
462,12.4616 ,-0.00502635 ,0.227508 
463,12.4885 ,-0.00506645 ,0.225882 
464,12.5155 ,-0.00510565 ,0.224227 
465,12.5425 ,-0.00514394 ,0.222552 
466,12.5694 ,-0.00518133 ,0.220849 
467,12.5964 ,-0.00521783 ,0.219125 
468,12.6234 ,-0.00525345 ,0.217373 
469,12.6504 ,-0.00528818 ,0.2156 
470,12.6773 ,-0.00532204 ,0.213799 
471,12.7043 ,-0.00535503 ,0.211979 
472,12.7313 ,-0.00538715 ,0.21013 
473,12.7583 ,-0.00541843 ,0.208273 
474,12.7852 ,-0.00544885 ,0.206425 
475,12.8122 ,-0.00547843 ,0.204594 
476,12.8392 ,-0.00550718 ,0.202774 
477,12.8661 ,-0.0055351 ,0.200971 
478,12.8931 ,-0.0055622 ,0.199178 
479,12.9201 ,-0.00558849 ,0.197402 
480,12.9471 ,-0.00561398 ,0.195635 
481,12.974 ,-0.00563866 ,0.193886 
482,13.001 ,-0.00566256 ,0.192146 
483,13.028 ,-0.00568568 ,0.190422 
484,13.055 ,-0.00570803 ,0.188708 
485,13.0819 ,-0.0057296 ,0.18701 
486,13.1089 ,-0.00575042 ,0.185322 
487,13.1359 ,-0.00577049 ,0.183649 
488,13.1629 ,-0.00578982 ,0.181986 
489,13.1898 ,-0.00580842 ,0.180338 
490,13.2168 ,-0.00582629 ,0.1787 
491,13.2438 ,-0.00584343 ,0.177077 
492,13.2707 ,-0.00585987 ,0.175464 
493,13.2977 ,-0.00587561 ,0.173865 
494,13.3247 ,-0.00589066 ,0.172275 
495,13.3517 ,-0.00590501 ,0.1707 
496,13.3786 ,-0.00591869 ,0.169135 
497,13.4056 ,-0.00593171 ,0.167584 
498,13.4326 ,-0.00594405 ,0.166041 
499,13.4596 ,-0.00595575 ,0.164513 
500,13.4865 ,-0.0059668 ,0.162995 
501,13.5135 ,-0.00597722 ,0.16149 
502,13.5405 ,-0.005987 ,0.159993 
503,13.5674 ,-0.00599617 ,0.158511 
504,13.5944 ,-0.00600472 ,0.157038 
505,13.6214 ,-0.00601266 ,0.155577 
506,13.6484 ,-0.00602001 ,0.154126 
507,13.6753 ,-0.00602678 ,0.152688 
508,13.7023 ,-0.00603296 ,0.151259 
509,13.7293 ,-0.00603857 ,0.149842 
510,13.7563 ,-0.00604361 ,0.148435 
511,13.7832 ,-0.0060481 ,0.14704 
512,13.8102 ,-0.00605204 ,0.145653 
513,13.8372 ,-0.00605544 ,0.144279 
514,13.8641 ,-0.00605831 ,0.142914 
515,13.8911 ,-0.00606065 ,0.141561 
516,13.9181 ,-0.00606248 ,0.140217 
517,13.9451 ,-0.00606379 ,0.138884 
518,13.972 ,-0.00606461 ,0.13756 
519,13.999 ,-0.00606493 ,0.136248 
520,14.026 ,-0.00606476 ,0.134945 
521,14.053 ,-0.00606412 ,0.133652 
522,14.0799 ,-0.006063 ,0.132369 
523,14.1069 ,-0.00606142 ,0.131096 
524,14.1339 ,-0.00605939 ,0.129832 
525,14.1609 ,-0.00605691 ,0.12858 
526,14.1878 ,-0.00605398 ,0.127335 
527,14.2148 ,-0.00605063 ,0.126101 
528,14.2418 ,-0.00604684 ,0.124876 
529,14.2687 ,-0.00604264 ,0.123662 
530,14.2957 ,-0.00603802 ,0.122455 
531,14.3227 ,-0.006033 ,0.12126 
532,14.3497 ,-0.00602759 ,0.120072 
533,14.3766 ,-0.00602178 ,0.118895 
534,14.4036 ,-0.00601558 ,0.117726 
535,14.4306 ,-0.00600901 ,0.116567 
536,14.4576 ,-0.00600208 ,0.115416 
537,14.4845 ,-0.00599477 ,0.114275 
538,14.5115 ,-0.00598711 ,0.113142 
539,14.5385 ,-0.0059791 ,0.112019 
540,14.5654 ,-0.00597075 ,0.110904 
541,14.5924 ,-0.00596206 ,0.109799 
542,14.6194 ,-0.00595304 ,0.108702 
543,14.6464 ,-0.0059437 ,0.107614 
544,14.6733 ,-0.00593404 ,0.106534 
545,14.7003 ,-0.00592407 ,0.105463 
546,14.7273 ,-0.00591379 ,0.1044 
547,14.7543 ,-0.00590322 ,0.103347 
548,14.7812 ,-0.00589235 ,0.102301 
549,14.8082 ,-0.0058812 ,0.101264 
550,14.8352 ,-0.00586976 ,0.100235 
551,14.8621 ,-0.00585806 ,0.0992145 
552,14.8891 ,-0.00584608 ,0.0982017 
553,14.9161 ,-0.00583384 ,0.0971979 
554,14.9431 ,-0.00582135 ,0.0962014 
555,14.97 ,-0.0058086 ,0.0952137 
556,14.997 ,-0.00579561 ,0.0942334 
557,15.024 ,-0.00578238 ,0.0932617 
558,15.051 ,-0.00576891 ,0.0922973 
559,15.0779 ,-0.00575521 ,0.0913414 
560,15.1049 ,-0.00574129 ,0.0903926 
561,15.1319 ,-0.00572716 ,0.0894523 
562,15.1589 ,-0.00571281 ,0.0885191 
563,15.1858 ,-0.00569825 ,0.0875942 
564,15.2128 ,-0.00568349 ,0.0866763 
565,15.2398 ,-0.00566853 ,0.0857666 
566,15.2667 ,-0.00565338 ,0.0848638 
567,15.2937 ,-0.00563804 ,0.0839691 
568,15.3207 ,-0.00562252 ,0.0830813 
569,15.3477 ,-0.00560682 ,0.0822014 
570,15.3746 ,-0.00559094 ,0.0813283 
571,15.4016 ,-0.0055749 ,0.0804631 
572,15.4286 ,-0.0055587 ,0.0796046 
573,15.4556 ,-0.00554233 ,0.0787538 
574,15.4825 ,-0.00552581 ,0.0779097 
575,15.5095 ,-0.00550915 ,0.0770732 
576,15.5365 ,-0.00549233 ,0.0762433 
577,15.5634 ,-0.00547537 ,0.0754208 
578,15.5904 ,-0.00545828 ,0.0746049 
579,15.6174 ,-0.00544105 ,0.0737964 
580,15.6444 ,-0.0054237 ,0.0729944 
581,15.6713 ,-0.00540621 ,0.0721995 
582,15.6983 ,-0.00538861 ,0.0714112 
583,15.7253 ,-0.00537089 ,0.0706299 
584,15.7523 ,-0.00535306 ,0.069855 
585,15.7792 ,-0.00533512 ,0.0690871 
586,15.8062 ,-0.00531708 ,0.0683255 
587,15.8332 ,-0.00529893 ,0.0675709 
588,15.8602 ,-0.00528069 ,0.0668224 
589,15.8871 ,-0.00526235 ,0.0660808 
590,15.9141 ,-0.00524392 ,0.0653453 
591,15.9411 ,-0.0052254 ,0.0646165 
592,15.968 ,-0.0052068 ,0.0638938 
593,15.995 ,-0.00518812 ,0.0631777 
594,16.022 ,-0.00516937 ,0.0624676 
595,16.049 ,-0.00515054 ,0.061764 
596,16.0759 ,-0.00513164 ,0.0610664 
597,16.1029 ,-0.00511267 ,0.0603751 
598,16.1299 ,-0.00509364 ,0.0596898 
599,16.1569 ,-0.00507455 ,0.0590107 
600,16.1838 ,-0.0050554 ,0.0583375 
601,16.2108 ,-0.0050362 ,0.0576705 
602,16.2378 ,-0.00501695 ,0.0570091 
603,16.2647 ,-0.00499764 ,0.056354 
604,16.2917 ,-0.00497829 ,0.0557044 
605,16.3187 ,-0.0049589 ,0.055061 
606,16.3457 ,-0.00493947 ,0.054423 
607,16.3726 ,-0.00492 ,0.0537911 
608,16.3996 ,-0.0049005 ,0.0531646 
609,16.4266 ,-0.00488096 ,0.052544 
610,16.4536 ,-0.0048614 ,0.0519289 
611,16.4805 ,-0.0048418 ,0.0513195 
612,16.5075 ,-0.00482219 ,0.0507154 
613,16.5345 ,-0.00480255 ,0.0501171 
614,16.5614 ,-0.00478289 ,0.049524 
615,16.5884 ,-0.00476321 ,0.0489366 
616,16.6154 ,-0.00474352 ,0.0483543 
617,16.6424 ,-0.00472382 ,0.0477776 
618,16.6693 ,-0.0047041 ,0.047206 
619,16.6963 ,-0.00468438 ,0.0466398 
620,16.7233 ,-0.00466465 ,0.0460787 
621,16.7503 ,-0.00464492 ,0.045523 
622,16.7772 ,-0.00462518 ,0.0449723 
623,16.8042 ,-0.00460545 ,0.0444268 
624,16.8312 ,-0.00458572 ,0.0438862 
625,16.8582 ,-0.00456599 ,0.0433509 
626,16.8851 ,-0.00454627 ,0.0428204 
627,16.9121 ,-0.00452655 ,0.042295 
628,16.9391 ,-0.00450685 ,0.0417744 
629,16.966 ,-0.00448715 ,0.0412588 
630,16.993 ,-0.00446747 ,0.0407479 
631,17.02 ,-0.00444781 ,0.040242 
632,17.047 ,-0.00442816 ,0.0397407 
633,17.0739 ,-0.00440853 ,0.0392443 
634,17.1009 ,-0.00438892 ,0.0387525 
635,17.1279 ,-0.00436933 ,0.0382654 
636,17.1549 ,-0.00434977 ,0.0377829 
637,17.1818 ,-0.00433023 ,0.0373051 
638,17.2088 ,-0.00431071 ,0.0368317 
639,17.2358 ,-0.00429122 ,0.036363 
640,17.2627 ,-0.00427177 ,0.0358986 
641,17.2897 ,-0.00425234 ,0.0354388 
642,17.3167 ,-0.00423294 ,0.0349834 
643,17.3437 ,-0.00421358 ,0.0345323 
644,17.3706 ,-0.00419425 ,0.0340856 
645,17.3976 ,-0.00417496 ,0.0336433 
646,17.4246 ,-0.0041557 ,0.0332051 
647,17.4516 ,-0.00413649 ,0.0327713 
648,17.4785 ,-0.00411731 ,0.0323416 
649,17.5055 ,-0.00409817 ,0.0319161 
650,17.5325 ,-0.00407908 ,0.0314948 
651,17.5595 ,-0.00406002 ,0.0310776 
652,17.5864 ,-0.00404102 ,0.0306644 
653,17.6134 ,-0.00402205 ,0.0302553 
654,17.6404 ,-0.00400313 ,0.0298501 
655,17.6673 ,-0.00398426 ,0.029449 
656,17.6943 ,-0.00396544 ,0.0290518 
657,17.7213 ,-0.00394667 ,0.0286585 
658,17.7483 ,-0.00392794 ,0.0282691 
659,17.7752 ,-0.00390927 ,0.0278836 
660,17.8022 ,-0.00389065 ,0.0275018 
661,17.8292 ,-0.00387208 ,0.0271238 
662,17.8562 ,-0.00385356 ,0.0267496 
663,17.8831 ,-0.0038351 ,0.0263791 
664,17.9101 ,-0.00381669 ,0.0260122 
665,17.9371 ,-0.00379834 ,0.0256491 
666,17.964 ,-0.00378005 ,0.0252895 
667,17.991 ,-0.00376181 ,0.0249336 
668,18.018 ,-0.00374363 ,0.0245811 
669,18.045 ,-0.00372551 ,0.0242323 
670,18.0719 ,-0.00370745 ,0.0238869 
671,18.0989 ,-0.00368945 ,0.023545 
672,18.1259 ,-0.0036715 ,0.0232065 
673,18.1529 ,-0.00365362 ,0.0228715 
674,18.1798 ,-0.00363581 ,0.0225398 
675,18.2068 ,-0.00361805 ,0.0222115 
676,18.2338 ,-0.00360036 ,0.0218865 
677,18.2607 ,-0.00358273 ,0.0215648 
678,18.2877 ,-0.00356516 ,0.0212464 
679,18.3147 ,-0.00354766 ,0.0209312 
680,18.3417 ,-0.00353022 ,0.0206191 
681,18.3686 ,-0.00351285 ,0.0203103 
682,18.3956 ,-0.00349555 ,0.0200046 
683,18.4226 ,-0.00347831 ,0.0197021 
684,18.4496 ,-0.00346114 ,0.0194026 
685,18.4765 ,-0.00344403 ,0.0191063 
686,18.5035 ,-0.00342699 ,0.0188129 
687,18.5305 ,-0.00341002 ,0.0185226 
688,18.5575 ,-0.00339312 ,0.0182352 
689,18.5844 ,-0.00337629 ,0.0179508 
690,18.6114 ,-0.00335952 ,0.0176693 
691,18.6384 ,-0.00334283 ,0.0173908 
692,18.6653 ,-0.0033262 ,0.0171151 
693,18.6923 ,-0.00330965 ,0.0168423 
694,18.7193 ,-0.00329316 ,0.0165723 
695,18.7463 ,-0.00327675 ,0.0163051 
696,18.7732 ,-0.0032604 ,0.0160407 
697,18.8002 ,-0.00324413 ,0.015779 
698,18.8272 ,-0.00322793 ,0.01552 
699,18.8542 ,-0.00321179 ,0.0152638 
700,18.8811 ,-0.00319573 ,0.0150102 
701,18.9081 ,-0.00317975 ,0.0147593 
702,18.9351 ,-0.00316383 ,0.014511 
703,18.962 ,-0.00314798 ,0.0142653 
704,18.989 ,-0.00313221 ,0.0140222 
705,19.016 ,-0.00311651 ,0.0137816 
706,19.043 ,-0.00310088 ,0.0135436 
707,19.0699 ,-0.00308533 ,0.013308 
708,19.0969 ,-0.00306985 ,0.013075 
709,19.1239 ,-0.00305444 ,0.0128444 
710,19.1509 ,-0.0030391 ,0.0126162 
711,19.1778 ,-0.00302384 ,0.0123905 
712,19.2048 ,-0.00300865 ,0.0121672 
713,19.2318 ,-0.00299353 ,0.0119462 
714,19.2587 ,-0.00297849 ,0.0117276 
715,19.2857 ,-0.00296352 ,0.0115113 
716,19.3127 ,-0.00294862 ,0.0112972 
717,19.3397 ,-0.00293379 ,0.0110855 
718,19.3666 ,-0.00291904 ,0.0108761 
719,19.3936 ,-0.00290437 ,0.0106688 
720,19.4206 ,-0.00288976 ,0.0104638 
721,19.4476 ,-0.00287523 ,0.010261 
722,19.4745 ,-0.00286078 ,0.0100604 
723,19.5015 ,-0.00284639 ,0.0098619 
724,19.5285 ,-0.00283208 ,0.00966554 
725,19.5555 ,-0.00281784 ,0.00947131 
726,19.5824 ,-0.00280368 ,0.00927916 
727,19.6094 ,-0.00278959 ,0.00908909 
728,19.6364 ,-0.00277557 ,0.00890107 
729,19.6633 ,-0.00276163 ,0.00871508 
730,19.6903 ,-0.00274776 ,0.00853111 
731,19.7173 ,-0.00273396 ,0.00834913 
732,19.7443 ,-0.00272024 ,0.00816912 
733,19.7712 ,-0.00270659 ,0.00799107 
734,19.7982 ,-0.00269301 ,0.00781496 
735,19.8252 ,-0.0026795 ,0.00764077 
736,19.8522 ,-0.00266607 ,0.00746847 
737,19.8791 ,-0.00265271 ,0.00729806 
738,19.9061 ,-0.00263942 ,0.0071295 
739,19.9331 ,-0.00262621 ,0.0069628 
740,19.96 ,-0.00261306 ,0.00679792 
741,19.987 ,-0.00259999 ,0.00663485 
742,20.014 ,-0.002587 ,0.00647357 
743,20.041 ,-0.00257407 ,0.00631407 
744,20.0679 ,-0.00256121 ,0.00615632 
745,20.0949 ,-0.00254843 ,0.00600031 
746,20.1219 ,-0.00253572 ,0.00584602 
747,20.1489 ,-0.00252308 ,0.00569345 
748,20.1758 ,-0.00251051 ,0.00554255 
749,20.2028 ,-0.00249801 ,0.00539334 
750,20.2298 ,-0.00248559 ,0.00524577 
751,20.2568 ,-0.00247323 ,0.00509985 
752,20.2837 ,-0.00246094 ,0.00495555 
753,20.3107 ,-0.00244873 ,0.00481286 
754,20.3377 ,-0.00243659 ,0.00467176 
755,20.3646 ,-0.00242451 ,0.00453224 
756,20.3916 ,-0.00241251 ,0.00439427 
757,20.4186 ,-0.00240057 ,0.00425786 
758,20.4456 ,-0.00238871 ,0.00412297 
759,20.4725 ,-0.00237691 ,0.0039896 
760,20.4995 ,-0.00236519 ,0.00385772 
761,20.5265 ,-0.00235353 ,0.00372734 
762,20.5535 ,-0.00234194 ,0.00359842 
763,20.5804 ,-0.00233042 ,0.00347096 
764,20.6074 ,-0.00231897 ,0.00334494 
765,20.6344 ,-0.00230759 ,0.00322035 
766,20.6613 ,-0.00229628 ,0.00309717 
767,20.6883 ,-0.00228503 ,0.00297539 
768,20.7153 ,-0.00227385 ,0.002855 
769,20.7423 ,-0.00226274 ,0.00273598 
770,20.7692 ,-0.0022517 ,0.00261831 
771,20.7962 ,-0.00224072 ,0.002502 
772,20.8232 ,-0.00222981 ,0.00238701 
773,20.8502 ,-0.00221897 ,0.00227334 
774,20.8771 ,-0.00220819 ,0.00216097 
775,20.9041 ,-0.00219748 ,0.0020499 
776,20.9311 ,-0.00218684 ,0.00194011 
777,20.958 ,-0.00217626 ,0.00183158 
778,20.985 ,-0.00216575 ,0.0017243 
779,21.012 ,-0.0021553 ,0.00161827 
780,21.039 ,-0.00214492 ,0.00151347 
781,21.0659 ,-0.0021346 ,0.00140988 
782,21.0929 ,-0.00212435 ,0.0013075 
783,21.1199 ,-0.00211417 ,0.00120631 
784,21.1469 ,-0.00210404 ,0.0011063 
785,21.1738 ,-0.00209398 ,0.00100747 
786,21.2008 ,-0.00208399 ,0.000909784 
787,21.2278 ,-0.00207406 ,0.00081325 
788,21.2548 ,-0.00206419 ,0.000717848 
789,21.2817 ,-0.00205438 ,0.000623572 
790,21.3087 ,-0.00204464 ,0.000530406 
791,21.3357 ,-0.00203496 ,0.000438343 
792,21.3626 ,-0.00202534 ,0.000347368 
793,21.3896 ,-0.00201579 ,0.000257475 
794,21.4166 ,-0.0020063 ,0.000168648 
795,21.4436 ,-0.00199687 ,8.08812e-05 
796,21.4705 ,-0.0019875 ,-5.83971e-06 
797,21.4975 ,-0.00197819 ,-9.1522e-05 
798,21.5245 ,-0.00196894 ,-0.000176179 
799,21.5515 ,-0.00195975 ,-0.000259818 
800,21.5784 ,-0.00195063 ,-0.000342451 
801,21.6054 ,-0.00194156 ,-0.000424087 
802,21.6324 ,-0.00193256 ,-0.000504737 
803,21.6593 ,-0.00192361 ,-0.000584409 
804,21.6863 ,-0.00191473 ,-0.000663115 
805,21.7133 ,-0.0019059 ,-0.000740862 
806,21.7403 ,-0.00189713 ,-0.000817662 
807,21.7672 ,-0.00188842 ,-0.000893522 
808,21.7942 ,-0.00187977 ,-0.000968454 
809,21.8212 ,-0.00187118 ,-0.00104246 
810,21.8482 ,-0.00186265 ,-0.00111556 
811,21.8751 ,-0.00185417 ,-0.00118776 
812,21.9021 ,-0.00184576 ,-0.00125906 
813,21.9291 ,-0.0018374 ,-0.00132948 
814,21.956 ,-0.00182909 ,-0.00139902 
815,21.983 ,-0.00182085 ,-0.0014677 
816,22.01 ,-0.00181266 ,-0.00153551 
817,22.037 ,-0.00180452 ,-0.00160248 
818,22.0639 ,-0.00179645 ,-0.0016686 
819,22.0909 ,-0.00178843 ,-0.00173389 
820,22.1179 ,-0.00178046 ,-0.00179836 
821,22.1449 ,-0.00177255 ,-0.001862 
822,22.1718 ,-0.0017647 ,-0.00192484 
823,22.1988 ,-0.0017569 ,-0.00198687 
824,22.2258 ,-0.00174916 ,-0.00204811 
825,22.2528 ,-0.00174147 ,-0.00210856 
826,22.2797 ,-0.00173383 ,-0.00216824 
827,22.3067 ,-0.00172625 ,-0.00222714 
828,22.3337 ,-0.00171873 ,-0.00228528 
829,22.3606 ,-0.00171125 ,-0.00234267 
830,22.3876 ,-0.00170383 ,-0.0023993 
831,22.4146 ,-0.00169647 ,-0.00245519 
832,22.4416 ,-0.00168915 ,-0.00251035 
833,22.4685 ,-0.00168189 ,-0.00256478 
834,22.4955 ,-0.00167468 ,-0.00261849 
835,22.5225 ,-0.00166753 ,-0.00267149 
836,22.5495 ,-0.00166042 ,-0.00272378 
837,22.5764 ,-0.00165337 ,-0.00277536 
838,22.6034 ,-0.00164637 ,-0.00282626 
839,22.6304 ,-0.00163942 ,-0.00287647 
840,22.6573 ,-0.00163252 ,-0.00292599 
841,22.6843 ,-0.00162568 ,-0.00297485 
842,22.7113 ,-0.00161888 ,-0.00302303 
843,22.7383 ,-0.00161213 ,-0.00307055 
844,22.7652 ,-0.00160544 ,-0.00311742 
845,22.7922 ,-0.00159879 ,-0.00316364 
846,22.8192 ,-0.00159219 ,-0.00320922 
847,22.8462 ,-0.00158565 ,-0.00325416 
848,22.8731 ,-0.00157915 ,-0.00329847 
849,22.9001 ,-0.0015727 ,-0.00334215 
850,22.9271 ,-0.0015663 ,-0.00338521 
851,22.9541 ,-0.00155995 ,-0.00342766 
852,22.981 ,-0.00155365 ,-0.0034695 
853,23.008 ,-0.00154739 ,-0.00351074 
854,23.035 ,-0.00154119 ,-0.00355138 
855,23.0619 ,-0.00153503 ,-0.00359143 
856,23.0889 ,-0.00152892 ,-0.0036309 
857,23.1159 ,-0.00152286 ,-0.00366978 
858,23.1429 ,-0.00151684 ,-0.00370808 
859,23.1698 ,-0.00151087 ,-0.00374582 
860,23.1968 ,-0.00150495 ,-0.00378299 
861,23.2238 ,-0.00149907 ,-0.0038196 
862,23.2508 ,-0.00149324 ,-0.00385566 
863,23.2777 ,-0.00148746 ,-0.00389116 
864,23.3047 ,-0.00148172 ,-0.00392612 
865,23.3317 ,-0.00147603 ,-0.00396054 
866,23.3586 ,-0.00147038 ,-0.00399442 
867,23.3856 ,-0.00146478 ,-0.00402777 
868,23.4126 ,-0.00145922 ,-0.00406059 
869,23.4396 ,-0.00145371 ,-0.00409289 
870,23.4665 ,-0.00144824 ,-0.00412467 
871,23.4935 ,-0.00144282 ,-0.00415594 
872,23.5205 ,-0.00143744 ,-0.0041867 
873,23.5475 ,-0.00143211 ,-0.00421696 
874,23.5744 ,-0.00142682 ,-0.00424671 
875,23.6014 ,-0.00142157 ,-0.00427597 
876,23.6284 ,-0.00141636 ,-0.00430473 
877,23.6553 ,-0.0014112 ,-0.00433301 
878,23.6823 ,-0.00140609 ,-0.00436081 
879,23.7093 ,-0.00140101 ,-0.00438812 
880,23.7363 ,-0.00139598 ,-0.00441496 
881,23.7632 ,-0.00139099 ,-0.00444132 
882,23.7902 ,-0.00138604 ,-0.00446722 
883,23.8172 ,-0.00138114 ,-0.00449265 
884,23.8442 ,-0.00137627 ,-0.00451762 
885,23.8711 ,-0.00137145 ,-0.00454213 
886,23.8981 ,-0.00136667 ,-0.00456619 
887,23.9251 ,-0.00136193 ,-0.0045898 
888,23.9521 ,-0.00135723 ,-0.00461296 
889,23.979 ,-0.00135258 ,-0.00463568 
890,24.006 ,-0.00134796 ,-0.00465796 
891,24.033 ,-0.00134338 ,-0.0046798 
892,24.0599 ,-0.00133885 ,-0.00470121 
893,24.0869 ,-0.00133435 ,-0.00472219 
894,24.1139 ,-0.0013299 ,-0.00474274 
895,24.1409 ,-0.00132548 ,-0.00476287 
896,24.1678 ,-0.0013211 ,-0.00478257 
897,24.1948 ,-0.00131677 ,-0.00480186 
898,24.2218 ,-0.00131247 ,-0.00482074 
899,24.2488 ,-0.00130821 ,-0.0048392 
900,24.2757 ,-0.00130399 ,-0.00485725 
901,24.3027 ,-0.00129981 ,-0.0048749 
902,24.3297 ,-0.00129567 ,-0.00489214 
903,24.3566 ,-0.00129157 ,-0.00490899 
904,24.3836 ,-0.0012875 ,-0.00492543 
905,24.4106 ,-0.00128347 ,-0.00494148 
906,24.4376 ,-0.00127949 ,-0.00495714 
907,24.4645 ,-0.00127553 ,-0.00497241 
908,24.4915 ,-0.00127162 ,-0.00498729 
909,24.5185 ,-0.00126774 ,-0.00500179 
910,24.5455 ,-0.0012639 ,-0.0050159 
911,24.5724 ,-0.0012601 ,-0.00502964 
912,24.5994 ,-0.00125634 ,-0.00504299 
913,24.6264 ,-0.00125261 ,-0.00505597 
914,24.6533 ,-0.00124891 ,-0.00506858 
915,24.6803 ,-0.00124526 ,-0.00508082 
916,24.7073 ,-0.00124164 ,-0.00509268 
917,24.7343 ,-0.00123805 ,-0.00510419 
918,24.7612 ,-0.00123451 ,-0.00511532 
919,24.7882 ,-0.001231 ,-0.0051261 
920,24.8152 ,-0.00122752 ,-0.00513651 
921,24.8422 ,-0.00122408 ,-0.00514657 
922,24.8691 ,-0.00122067 ,-0.00515627 
923,24.8961 ,-0.0012173 ,-0.00516562 
924,24.9231 ,-0.00121397 ,-0.00517461 
925,24.9501 ,-0.00121067 ,-0.00518326 
926,24.977 ,-0.0012074 ,-0.00519155 
927,25.004 ,-0.00120417 ,-0.0051995 
928,25.031 ,-0.00120097 ,-0.00520711 
929,25.0579 ,-0.00119781 ,-0.00521437 
930,25.0849 ,-0.00119468 ,-0.00522128 
931,25.1119 ,-0.00119159 ,-0.00522786 
932,25.1389 ,-0.00118853 ,-0.0052341 
933,25.1658 ,-0.0011855 ,-0.00524 
934,25.1928 ,-0.0011825 ,-0.00524557 
935,25.2198 ,-0.00117954 ,-0.00525081 
936,25.2468 ,-0.00117662 ,-0.00525571 
937,25.2737 ,-0.00117372 ,-0.00526028 
938,25.3007 ,-0.00117086 ,-0.00526452 
939,25.3277 ,-0.00116803 ,-0.00526844 
940,25.3546 ,-0.00116524 ,-0.00527202 
941,25.3816 ,-0.00116248 ,-0.00527529 
942,25.4086 ,-0.00115975 ,-0.00527823 
943,25.4356 ,-0.00115705 ,-0.00528084 
944,25.4625 ,-0.00115438 ,-0.00528314 
945,25.4895 ,-0.00115175 ,-0.00528511 
946,25.5165 ,-0.00114914 ,-0.00528677 
947,25.5435 ,-0.00114657 ,-0.00528811 
948,25.5704 ,-0.00114404 ,-0.00528913 
949,25.5974 ,-0.00114153 ,-0.00528984 
950,25.6244 ,-0.00113905 ,-0.00529023 
951,25.6514 ,-0.00113661 ,-0.00529031 
952,25.6783 ,-0.00113419 ,-0.00529008 
953,25.7053 ,-0.00113181 ,-0.00528953 
954,25.7323 ,-0.00112946 ,-0.00528868 
955,25.7592 ,-0.00112714 ,-0.00528752 
956,25.7862 ,-0.00112485 ,-0.00528605 
957,25.8132 ,-0.00112259 ,-0.00528427 
958,25.8402 ,-0.00112036 ,-0.00528219 
959,25.8671 ,-0.00111816 ,-0.0052798 
960,25.8941 ,-0.00111599 ,-0.00527711 
961,25.9211 ,-0.00111385 ,-0.00527412 
962,25.9481 ,-0.00111174 ,-0.00527082 
963,25.975 ,-0.00110966 ,-0.00526722 
964,26.002 ,-0.00110761 ,-0.00526332 
965,26.029 ,-0.00110559 ,-0.00525912 
966,26.0559 ,-0.0011036 ,-0.00525462 
967,26.0829 ,-0.00110164 ,-0.00524983 
968,26.1099 ,-0.00109971 ,-0.00524473 
969,26.1369 ,-0.0010978 ,-0.00523934 
970,26.1638 ,-0.00109593 ,-0.00523366 
971,26.1908 ,-0.00109408 ,-0.00522768 
972,26.2178 ,-0.00109226 ,-0.0052214 
973,26.2448 ,-0.00109048 ,-0.00521483 
974,26.2717 ,-0.00108872 ,-0.00520797 
975,26.2987 ,-0.00108699 ,-0.00520081 
976,26.3257 ,-0.00108528 ,-0.00519337 
977,26.3526 ,-0.00108361 ,-0.00518563 
978,26.3796 ,-0.00108196 ,-0.0051776 
979,26.4066 ,-0.00108034 ,-0.00516929 
980,26.4336 ,-0.00107875 ,-0.00516068 
981,26.4605 ,-0.00107719 ,-0.00515179 
982,26.4875 ,-0.00107565 ,-0.0051426 
983,26.5145 ,-0.00107415 ,-0.00513313 
984,26.5415 ,-0.00107266 ,-0.00512338 
985,26.5684 ,-0.00107121 ,-0.00511334 
986,26.5954 ,-0.00106979 ,-0.00510301 
987,26.6224 ,-0.00106839 ,-0.0050924 
988,26.6494 ,-0.00106702 ,-0.0050815 
989,26.6763 ,-0.00106567 ,-0.00507033 
990,26.7033 ,-0.00106435 ,-0.00505886 
991,26.7303 ,-0.00106306 ,-0.00504712 
992,26.7572 ,-0.0010618 ,-0.00503509 
993,26.7842 ,-0.00106056 ,-0.00502279 
994,26.8112 ,-0.00105935 ,-0.0050102 
995,26.8382 ,-0.00105817 ,-0.00499733 
996,26.8651 ,-0.00105701 ,-0.00498418 
997,26.8921 ,-0.00105588 ,-0.00497075 
998,26.9191 ,-0.00105477 ,-0.00495705 
999,26.9461 ,-0.00105369 ,-0.00494306 
1000,26.973 ,-0.00105264 ,-0.0049288 