
1,0.027 ,0.0476801 ,0.315072 
2,0.053973 ,0.047704 ,0.3152 
3,0.080946 ,0.0477091 ,0.315276 
4,0.107919 ,0.0477084 ,0.315308 
5,0.134892 ,0.0477046 ,0.315367 
6,0.161865 ,0.0476985 ,0.315401 
7,0.188838 ,0.0476904 ,0.315467 
8,0.215811 ,0.0476806 ,0.315511 
9,0.242784 ,0.0476692 ,0.315588 
10,0.269757 ,0.0476562 ,0.315644 
11,0.29673 ,0.0476416 ,0.315734 
12,0.323703 ,0.0476256 ,0.315803 
13,0.350676 ,0.047608 ,0.315906 
14,0.377649 ,0.0475889 ,0.315988 
15,0.404622 ,0.0475684 ,0.316104 
16,0.431595 ,0.0475464 ,0.316199 
17,0.458568 ,0.047523 ,0.316328 
18,0.485541 ,0.0474981 ,0.316436 
19,0.512514 ,0.0474717 ,0.316577 
20,0.539487 ,0.0474439 ,0.316698 
21,0.56646 ,0.0474146 ,0.316853 
22,0.593433 ,0.0473838 ,0.316986 
23,0.620406 ,0.0473516 ,0.317153 
24,0.647379 ,0.047318 ,0.317298 
25,0.674352 ,0.0472829 ,0.317477 
26,0.701325 ,0.0472463 ,0.317635 
27,0.728298 ,0.0472083 ,0.317825 
28,0.755271 ,0.0471688 ,0.317995 
29,0.782244 ,0.0471279 ,0.318197 
30,0.809217 ,0.0470854 ,0.318377 
31,0.83619 ,0.0470416 ,0.31859 
32,0.863163 ,0.0469963 ,0.318781 
33,0.890136 ,0.0469495 ,0.319005 
34,0.917109 ,0.0469012 ,0.319206 
35,0.944082 ,0.0468515 ,0.31944 
36,0.971055 ,0.0468003 ,0.319651 
37,0.998028 ,0.0467476 ,0.319894 
38,1.025 ,0.0466935 ,0.320115 
39,1.05197 ,0.0466379 ,0.320367 
40,1.07895 ,0.0465808 ,0.320597 
41,1.10592 ,0.0465222 ,0.320858 
42,1.13289 ,0.0464622 ,0.321096 
43,1.15987 ,0.0464007 ,0.321365 
44,1.18684 ,0.0463377 ,0.321611 
45,1.21381 ,0.0462733 ,0.321887 
46,1.24079 ,0.0462073 ,0.32214 
47,1.26776 ,0.0461399 ,0.322423 
48,1.29473 ,0.0460709 ,0.322682 
49,1.3217 ,0.0460005 ,0.322971 
50,1.34868 ,0.0459287 ,0.323237 
51,1.37565 ,0.0458553 ,0.323531 
52,1.40262 ,0.0457804 ,0.323802 
53,1.4296 ,0.0457041 ,0.324101 
54,1.45657 ,0.0456262 ,0.324377 
55,1.48354 ,0.0455469 ,0.32468 
56,1.51051 ,0.045466 ,0.324959 
57,1.53749 ,0.0453837 ,0.325266 
58,1.56446 ,0.0452999 ,0.325549 
59,1.59143 ,0.0452146 ,0.325858 
60,1.61841 ,0.0451278 ,0.326143 
61,1.64538 ,0.0450395 ,0.326453 
62,1.67235 ,0.0449497 ,0.32674 
63,1.69933 ,0.0448584 ,0.327052 
64,1.7263 ,0.0447656 ,0.32734 
65,1.75327 ,0.0446714 ,0.327652 
66,1.78024 ,0.0445756 ,0.32794 
67,1.80722 ,0.0444784 ,0.328251 
68,1.83419 ,0.0443796 ,0.328538 
69,1.86116 ,0.0442794 ,0.328848 
70,1.88814 ,0.0441777 ,0.329134 
71,1.91511 ,0.0440745 ,0.329441 
72,1.94208 ,0.0439698 ,0.329724 
73,1.96906 ,0.0438636 ,0.330029 
74,1.99603 ,0.0437559 ,0.330309 
75,2.023 ,0.0436468 ,0.33061 
76,2.04998 ,0.0435362 ,0.330885 
77,2.07695 ,0.0434241 ,0.331181 
78,2.10392 ,0.0433105 ,0.331451 
79,2.13089 ,0.0431955 ,0.331742 
80,2.15787 ,0.0430789 ,0.332006 
81,2.18484 ,0.042961 ,0.332289 
82,2.21181 ,0.0428415 ,0.332547 
83,2.23879 ,0.0427206 ,0.332823 
84,2.26576 ,0.0425983 ,0.333072 
85,2.29273 ,0.0424745 ,0.33334 
86,2.31971 ,0.0423493 ,0.333581 
87,2.34668 ,0.0422226 ,0.333839 
88,2.37365 ,0.0420945 ,0.33407 
89,2.40062 ,0.0419649 ,0.334318 
90,2.4276 ,0.041834 ,0.334538 
91,2.45457 ,0.0417016 ,0.334774 
92,2.48154 ,0.0415678 ,0.334984 
93,2.50852 ,0.0414326 ,0.335207 
94,2.53549 ,0.041296 ,0.335404 
95,2.56246 ,0.041158 ,0.335615 
96,2.58944 ,0.0410186 ,0.335798 
97,2.61641 ,0.0408778 ,0.335994 
98,2.64338 ,0.0407357 ,0.336163 
99,2.67035 ,0.0405922 ,0.336344 
100,2.69733 ,0.0404473 ,0.336498 
101,2.7243 ,0.0403011 ,0.336663 
102,2.75127 ,0.0401535 ,0.3368 
103,2.77825 ,0.0400047 ,0.336948 
104,2.80522 ,0.0398545 ,0.337068 
105,2.83219 ,0.039703 ,0.337198 
106,2.85917 ,0.0395501 ,0.337299 
107,2.88614 ,0.039396 ,0.33741 
108,2.91311 ,0.0392406 ,0.337493 
109,2.94008 ,0.039084 ,0.337584 
110,2.96706 ,0.0389261 ,0.337646 
111,2.99403 ,0.0387669 ,0.337716 
112,3.021 ,0.0386065 ,0.337757 
113,3.04798 ,0.0384449 ,0.337806 
114,3.07495 ,0.038282 ,0.337825 
115,3.10192 ,0.038118 ,0.337851 
116,3.12889 ,0.0379527 ,0.337847 
117,3.15587 ,0.0377863 ,0.337849 
118,3.18284 ,0.0376188 ,0.337822 
119,3.20981 ,0.0374501 ,0.337799 
120,3.23679 ,0.0372802 ,0.337747 
121,3.26376 ,0.0371092 ,0.337699 
122,3.29073 ,0.0369372 ,0.337622 
123,3.31771 ,0.036764 ,0.337548 
124,3.34468 ,0.0365898 ,0.337443 
125,3.37165 ,0.0364145 ,0.337342 
126,3.39863 ,0.0362381 ,0.337211 
127,3.4256 ,0.0360608 ,0.337081 
128,3.45257 ,0.0358824 ,0.336922 
129,3.47954 ,0.035703 ,0.336763 
130,3.50652 ,0.0355227 ,0.336575 
131,3.53349 ,0.0353414 ,0.336387 
132,3.56046 ,0.0351591 ,0.336169 
133,3.58744 ,0.0349759 ,0.33595 
134,3.61441 ,0.0347919 ,0.335701 
135,3.64138 ,0.0346069 ,0.335452 
136,3.66836 ,0.034421 ,0.335172 
137,3.69533 ,0.0342343 ,0.33489 
138,3.7223 ,0.0340468 ,0.334578 
139,3.74927 ,0.0338585 ,0.334263 
140,3.77625 ,0.0336693 ,0.333918 
141,3.80322 ,0.0334794 ,0.33357 
142,3.83019 ,0.0332888 ,0.333192 
143,3.85717 ,0.0330974 ,0.33281 
144,3.88414 ,0.0329053 ,0.332397 
145,3.91111 ,0.0327125 ,0.33198 
146,3.93809 ,0.032519 ,0.331533 
147,3.96506 ,0.0323248 ,0.33108 
148,3.99203 ,0.0321301 ,0.330598 
149,4.019 ,0.0319347 ,0.330109 
150,4.04598 ,0.0317388 ,0.32959 
151,4.07295 ,0.0315422 ,0.329065 
152,4.09992 ,0.0313452 ,0.328509 
153,4.1269 ,0.0311476 ,0.327947 
154,4.15387 ,0.0309495 ,0.327354 
155,4.18084 ,0.0307509 ,0.326754 
156,4.20782 ,0.0305519 ,0.326123 
157,4.23479 ,0.0303524 ,0.325485 
158,4.26176 ,0.0301526 ,0.324816 
159,4.28873 ,0.0299523 ,0.324139 
160,4.31571 ,0.0297517 ,0.323431 
161,4.34268 ,0.0295508 ,0.322715 
162,4.36965 ,0.0293495 ,0.321968 
163,4.39663 ,0.0291479 ,0.321212 
164,4.4236 ,0.0289461 ,0.320426 
165,4.45057 ,0.028744 ,0.31963 
166,4.47755 ,0.0285417 ,0.318803 
167,4.50452 ,0.0283392 ,0.317967 
168,4.53149 ,0.0281366 ,0.3171 
169,4.55846 ,0.0279337 ,0.316223 
170,4.58544 ,0.0277308 ,0.315316 
171,4.61241 ,0.0275277 ,0.314398 
172,4.63938 ,0.0273246 ,0.31345 
173,4.66636 ,0.0271214 ,0.31249 
174,4.69333 ,0.0269181 ,0.311501 
175,4.7203 ,0.0267149 ,0.3105 
176,4.74728 ,0.0265117 ,0.309469 
177,4.77425 ,0.0263085 ,0.308426 
178,4.80122 ,0.0261054 ,0.307354 
179,4.82819 ,0.0259023 ,0.306269 
180,4.85517 ,0.0256994 ,0.305155 
181,4.88214 ,0.0254966 ,0.304028 
182,4.90911 ,0.025294 ,0.302872 
183,4.93609 ,0.0250916 ,0.301703 
184,4.96306 ,0.0248893 ,0.300505 
185,4.99003 ,0.0246873 ,0.299294 
186,5.01701 ,0.0244855 ,0.298054 
187,5.04398 ,0.024284 ,0.2968 
188,5.07095 ,0.0240828 ,0.295517 
189,5.09792 ,0.023882 ,0.294221 
190,5.1249 ,0.0236814 ,0.292897 
191,5.15187 ,0.0234813 ,0.291558 
192,5.17884 ,0.0232815 ,0.290191 
193,5.20582 ,0.0230821 ,0.28881 
194,5.23279 ,0.0228832 ,0.287402 
195,5.25976 ,0.0226847 ,0.285978 
196,5.28674 ,0.0224868 ,0.284527 
197,5.31371 ,0.0222893 ,0.283062 
198,5.34068 ,0.0220923 ,0.281569 
199,5.36765 ,0.0218959 ,0.280061 
200,5.39463 ,0.0217 ,0.278526 
201,5.4216 ,0.0215047 ,0.276977 
202,5.44857 ,0.0213101 ,0.2754 
203,5.47555 ,0.021116 ,0.273809 
204,5.50252 ,0.0209226 ,0.272191 
205,5.52949 ,0.0207299 ,0.270557 
206,5.55647 ,0.0205379 ,0.268898 
207,5.58344 ,0.0203465 ,0.267223 
208,5.61041 ,0.0201559 ,0.265523 
209,5.63738 ,0.0199661 ,0.263807 
210,5.66436 ,0.019777 ,0.262066 
211,5.69133 ,0.0195887 ,0.260309 
212,5.7183 ,0.0194012 ,0.258527 
213,5.74528 ,0.0192146 ,0.256729 
214,5.77225 ,0.0190287 ,0.254907 
215,5.79922 ,0.0188438 ,0.253069 
216,5.8262 ,0.0186597 ,0.251207 
217,5.85317 ,0.0184765 ,0.249329 
218,5.88014 ,0.0182942 ,0.247427 
219,5.90711 ,0.0181128 ,0.24551 
220,5.93409 ,0.0179324 ,0.243569 
221,5.96106 ,0.0177529 ,0.241612 
222,5.98803 ,0.0175744 ,0.239632 
223,6.01501 ,0.017397 ,0.237636 
224,6.04198 ,0.0172205 ,0.235617 
225,6.06895 ,0.017045 ,0.233583 
226,6.09593 ,0.0168706 ,0.231526 
227,6.1229 ,0.0166972 ,0.229454 
228,6.14987 ,0.0165249 ,0.227378 
229,6.17684 ,0.0163537 ,0.225324 
230,6.20382 ,0.0161835 ,0.223286 
231,6.23079 ,0.0160145 ,0.221269 
232,6.25776 ,0.0158466 ,0.219268 
233,6.28474 ,0.0156798 ,0.217288 
234,6.31171 ,0.0155141 ,0.215323 
235,6.33868 ,0.0153496 ,0.213378 
236,6.36566 ,0.0151862 ,0.211448 
237,6.39263 ,0.015024 ,0.209539 
238,6.4196 ,0.014863 ,0.207643 
239,6.44657 ,0.0147032 ,0.205767 
240,6.47355 ,0.0145445 ,0.203906 
241,6.50052 ,0.014387 ,0.202063 
242,6.52749 ,0.0142307 ,0.200235 
243,6.55447 ,0.0140756 ,0.198425 
244,6.58144 ,0.0139217 ,0.196628 
245,6.60841 ,0.0137691 ,0.19485 
246,6.63539 ,0.0136176 ,0.193086 
247,6.66236 ,0.0134673 ,0.191339 
248,6.68933 ,0.0133183 ,0.189605 
249,6.7163 ,0.0131705 ,0.187889 
250,6.74328 ,0.0130239 ,0.186186 
251,6.77025 ,0.0128785 ,0.1845 
252,6.79722 ,0.0127344 ,0.182826 
253,6.8242 ,0.0125914 ,0.181169 
254,6.85117 ,0.0124497 ,0.179525 
255,6.87814 ,0.0123092 ,0.177897 
256,6.90512 ,0.01217 ,0.176281 
257,6.93209 ,0.0120319 ,0.174682 
258,6.95906 ,0.0118951 ,0.173094 
259,6.98603 ,0.0117595 ,0.171522 
260,7.01301 ,0.0116251 ,0.169962 
261,7.03998 ,0.0114919 ,0.168417 
262,7.06695 ,0.0113599 ,0.166884 
263,7.09393 ,0.0112292 ,0.165366 
264,7.1209 ,0.0110996 ,0.163859 
265,7.14787 ,0.0109712 ,0.162367 
266,7.17485 ,0.0108441 ,0.160886 
267,7.20182 ,0.0107181 ,0.15942 
268,7.22879 ,0.0105934 ,0.157965 
269,7.25576 ,0.0104698 ,0.156523 
270,7.28274 ,0.0103474 ,0.155093 
271,7.30971 ,0.0102262 ,0.153677 
272,7.33668 ,0.0101061 ,0.152272 
273,7.36366 ,0.00998723 ,0.15088 
274,7.39063 ,0.00986951 ,0.149498 
275,7.4176 ,0.00975296 ,0.14813 
276,7.44458 ,0.00963755 ,0.146773 
277,7.47155 ,0.0095233 ,0.145428 
278,7.49852 ,0.00941018 ,0.144094 
279,7.52549 ,0.00929821 ,0.142772 
280,7.55247 ,0.00918736 ,0.141461 
281,7.57944 ,0.00907764 ,0.140162 
282,7.60641 ,0.00896903 ,0.138874 
283,7.63339 ,0.00886154 ,0.137597 
284,7.66036 ,0.00875515 ,0.136331 
285,7.68733 ,0.00864986 ,0.135076 
286,7.71431 ,0.00854566 ,0.133832 
287,7.74128 ,0.00844255 ,0.132599 
288,7.76825 ,0.00834051 ,0.131376 
289,7.79522 ,0.00823955 ,0.130164 
290,7.8222 ,0.00813965 ,0.128962 
291,7.84917 ,0.00804081 ,0.127771 
292,7.87614 ,0.00794302 ,0.12659 
293,7.90312 ,0.00784627 ,0.125419 
294,7.93009 ,0.00775056 ,0.124258 
295,7.95706 ,0.00765587 ,0.123108 
296,7.98404 ,0.00756221 ,0.121967 
297,8.01101 ,0.00746956 ,0.120837 
298,8.03798 ,0.00737791 ,0.119716 
299,8.06495 ,0.00728727 ,0.118605 
300,8.09193 ,0.00719761 ,0.117504 
301,8.1189 ,0.00710894 ,0.116412 
302,8.14587 ,0.00702124 ,0.11533 
303,8.17285 ,0.00693452 ,0.114257 
304,8.19982 ,0.00684875 ,0.113194 
305,8.22679 ,0.00676393 ,0.11214 
306,8.25376 ,0.00668006 ,0.111095 
307,8.28074 ,0.00659713 ,0.110059 
308,8.30771 ,0.00651513 ,0.109032 
309,8.33468 ,0.00643405 ,0.108015 
310,8.36166 ,0.00635388 ,0.107006 
311,8.38863 ,0.00627462 ,0.106006 
312,8.4156 ,0.00619626 ,0.105015 
313,8.44258 ,0.00611878 ,0.104033 
314,8.46955 ,0.00604219 ,0.103059 
315,8.49652 ,0.00596648 ,0.102094 
316,8.52349 ,0.00589163 ,0.101137 
317,8.55047 ,0.00581764 ,0.100189 
318,8.57744 ,0.00574451 ,0.0992495 
319,8.60441 ,0.00567222 ,0.0983183 
320,8.63139 ,0.00560076 ,0.097395 
321,8.65836 ,0.00553013 ,0.0964802 
322,8.68533 ,0.00546033 ,0.0955732 
323,8.71231 ,0.00539133 ,0.0946746 
324,8.73928 ,0.00532314 ,0.0937837 
325,8.76625 ,0.00525576 ,0.092901 
326,8.79322 ,0.00518916 ,0.0920259 
327,8.8202 ,0.00512334 ,0.0911589 
328,8.84717 ,0.0050583 ,0.0902993 
329,8.87414 ,0.00499402 ,0.0894478 
330,8.90112 ,0.00493051 ,0.0886035 
331,8.92809 ,0.00486775 ,0.0877672 
332,8.95506 ,0.00480574 ,0.086938 
333,8.98204 ,0.00474446 ,0.0861166 
334,9.00901 ,0.00468391 ,0.0853023 
335,9.03598 ,0.00462409 ,0.0844956 
336,9.06295 ,0.00456498 ,0.0836959 
337,9.08993 ,0.00450658 ,0.0829037 
338,9.1169 ,0.00444888 ,0.0821184 
339,9.14387 ,0.00439188 ,0.0813405 
340,9.17085 ,0.00433556 ,0.0805693 
341,9.19782 ,0.00427993 ,0.0798054 
342,9.22479 ,0.00422496 ,0.0790482 
343,9.25177 ,0.00417067 ,0.0782981 
344,9.27874 ,0.00411703 ,0.0775546 
345,9.30571 ,0.00406404 ,0.0768181 
346,9.33268 ,0.0040117 ,0.076088 
347,9.35966 ,0.00396 ,0.0753649 
348,9.38663 ,0.00390893 ,0.0746481 
349,9.4136 ,0.00385848 ,0.0739381 
350,9.44058 ,0.00380865 ,0.0732344 
351,9.46755 ,0.00375944 ,0.0725374 
352,9.49452 ,0.00371083 ,0.0718466 
353,9.5215 ,0.00366281 ,0.0711622 
354,9.54847 ,0.00361539 ,0.070484 
355,9.57544 ,0.00356855 ,0.0698122 
356,9.60241 ,0.0035223 ,0.0691465 
357,9.62939 ,0.00347661 ,0.068487 
358,9.65636 ,0.00343149 ,0.0678335 
359,9.68333 ,0.00338693 ,0.0671861 
360,9.71031 ,0.00334293 ,0.0665446 
361,9.73728 ,0.00329947 ,0.0659092 
362,9.76425 ,0.00325655 ,0.0652795 
363,9.79123 ,0.00321417 ,0.0646558 
364,9.8182 ,0.00317232 ,0.0640378 
365,9.84517 ,0.00313099 ,0.0634256 
366,9.87214 ,0.00309018 ,0.0628191 
367,9.89912 ,0.00304988 ,0.0622182 
368,9.92609 ,0.00301009 ,0.0616229 
369,9.95306 ,0.0029708 ,0.0610333 
370,9.98004 ,0.002932 ,0.060449 
371,10.007 ,0.00289369 ,0.0598703 
372,10.034 ,0.00285586 ,0.0592969 
373,10.061 ,0.00281851 ,0.058729 
374,10.0879 ,0.00278163 ,0.0581663 
375,10.1149 ,0.00274522 ,0.057609 
376,10.1419 ,0.00270926 ,0.0570568 
377,10.1688 ,0.00267377 ,0.05651 
378,10.1958 ,0.00263872 ,0.0559681 
379,10.2228 ,0.00260412 ,0.0554315 
380,10.2498 ,0.00256996 ,0.0548998 
381,10.2767 ,0.00253623 ,0.0543733 
382,10.3037 ,0.00250294 ,0.0538516 
383,10.3307 ,0.00247006 ,0.0533349 
384,10.3577 ,0.00243761 ,0.052823 
385,10.3846 ,0.00240557 ,0.0523161 
386,10.4116 ,0.00237394 ,0.0518139 
387,10.4386 ,0.00234272 ,0.0513165 
388,10.4656 ,0.00231189 ,0.0508238 
389,10.4925 ,0.00228146 ,0.0503358 
390,10.5195 ,0.00225142 ,0.0498524 
391,10.5465 ,0.00222177 ,0.0493736 
392,10.5734 ,0.00219249 ,0.0488993 
393,10.6004 ,0.0021636 ,0.0484296 
394,10.6274 ,0.00213507 ,0.0479644 
395,10.6544 ,0.00210691 ,0.0475036 
396,10.6813 ,0.00207912 ,0.0470472 
397,10.7083 ,0.00205168 ,0.0465951 
398,10.7353 ,0.0020246 ,0.0461474 
399,10.7623 ,0.00199787 ,0.0457039 
400,10.7892 ,0.00197148 ,0.0452647 
401,10.8162 ,0.00194543 ,0.0448297 
402,10.8432 ,0.00191972 ,0.0443989 
403,10.8701 ,0.00189434 ,0.0439722 
404,10.8971 ,0.0018693 ,0.0435495 
405,10.9241 ,0.00184457 ,0.043131 
406,10.9511 ,0.00182017 ,0.0427164 
407,10.978 ,0.00179609 ,0.0423059 
408,11.005 ,0.00177231 ,0.0418992 
409,11.032 ,0.00174885 ,0.0414966 
410,11.059 ,0.00172569 ,0.0410977 
411,11.0859 ,0.00170284 ,0.0407027 
412,11.1129 ,0.00168028 ,0.0403115 
413,11.1399 ,0.00165801 ,0.0399242 
414,11.1668 ,0.00163604 ,0.0395405 
415,11.1938 ,0.00161435 ,0.0391605 
416,11.2208 ,0.00159294 ,0.0387842 
417,11.2478 ,0.00157182 ,0.0384115 
418,11.2747 ,0.00155097 ,0.0380424 
419,11.3017 ,0.00153039 ,0.0376769 
420,11.3287 ,0.00151008 ,0.037315 
421,11.3557 ,0.00149004 ,0.0369565 
422,11.3826 ,0.00147026 ,0.0366015 
423,11.4096 ,0.00145074 ,0.03625 
424,11.4366 ,0.00143148 ,0.0359018 
425,11.4636 ,0.00141246 ,0.035557 
426,11.4905 ,0.0013937 ,0.0352156 
427,11.5175 ,0.00137518 ,0.0348775 
428,11.5445 ,0.00135691 ,0.0345426 
429,11.5714 ,0.00133888 ,0.034211 
430,11.5984 ,0.00132108 ,0.0338826 
431,11.6254 ,0.00130352 ,0.0335575 
432,11.6524 ,0.00128619 ,0.0332354 
433,11.6793 ,0.00126909 ,0.0329165 
434,11.7063 ,0.00125221 ,0.0326007 
435,11.7333 ,0.00123555 ,0.032288 
436,11.7603 ,0.00121912 ,0.0319783 
437,11.7872 ,0.0012029 ,0.0316717 
438,11.8142 ,0.00118689 ,0.031368 
439,11.8412 ,0.0011711 ,0.0310672 
440,11.8681 ,0.00115551 ,0.0307694 
441,11.8951 ,0.00114013 ,0.0304745 
442,11.9221 ,0.00112495 ,0.0301825 
443,11.9491 ,0.00110997 ,0.0298933 
444,11.976 ,0.00109519 ,0.029607 
445,12.003 ,0.00108061 ,0.0293234 
446,12.03 ,0.00106622 ,0.0290426 
447,12.057 ,0.00105202 ,0.0287645 
448,12.0839 ,0.00103801 ,0.0284892 
449,12.1109 ,0.00102418 ,0.0282165 
450,12.1379 ,0.00101054 ,0.0279465 
451,12.1648 ,0.000997072 ,0.0276791 
452,12.1918 ,0.000983787 ,0.0274144 
453,12.2188 ,0.000970678 ,0.0271522 
454,12.2458 ,0.000957743 ,0.0268926 
455,12.2727 ,0.000944979 ,0.0266355 
456,12.2997 ,0.000932384 ,0.0263809 
457,12.3267 ,0.000919957 ,0.0261288 
458,12.3537 ,0.000907694 ,0.0258792 
459,12.3806 ,0.000895595 ,0.025632 
460,12.4076 ,0.000883655 ,0.0253872 
461,12.4346 ,0.000871875 ,0.0251449 
462,12.4616 ,0.000860251 ,0.0249049 
463,12.4885 ,0.000848781 ,0.0246672 
464,12.5155 ,0.000837463 ,0.0244319 
465,12.5425 ,0.000826296 ,0.0241988 
466,12.5694 ,0.000815278 ,0.0239681 
467,12.5964 ,0.000804406 ,0.0237395 
468,12.6234 ,0.000793679 ,0.0235133 
469,12.6504 ,0.000783094 ,0.0232892 
470,12.6773 ,0.00077265 ,0.0230673 
471,12.7043 ,0.000762345 ,0.0228476 
472,12.7313 ,0.000752177 ,0.0226301 
473,12.7583 ,0.000742145 ,0.0224147 
474,12.7852 ,0.000732246 ,0.0222013 
475,12.8122 ,0.000722479 ,0.0219901 
476,12.8392 ,0.000712843 ,0.0217809 
477,12.8661 ,0.000703334 ,0.0215738 
478,12.8931 ,0.000693952 ,0.0213687 
479,12.9201 ,0.000684696 ,0.0211656 
480,12.9471 ,0.000675562 ,0.0209645 
481,12.974 ,0.000666551 ,0.0207653 
482,13.001 ,0.000657659 ,0.0205681 
483,13.028 ,0.000648886 ,0.0203728 
484,13.055 ,0.00064023 ,0.0201795 
485,13.0819 ,0.00063169 ,0.019988 
486,13.1089 ,0.000623264 ,0.0197984 
487,13.1359 ,0.00061495 ,0.0196106 
488,13.1629 ,0.000606746 ,0.0194247 
489,13.1898 ,0.000598653 ,0.0192406 
490,13.2168 ,0.000590667 ,0.0190583 
491,13.2438 ,0.000582788 ,0.0188778 
492,13.2707 ,0.000575014 ,0.018699 
493,13.2977 ,0.000567344 ,0.018522 
494,13.3247 ,0.000559777 ,0.0183467 
495,13.3517 ,0.00055231 ,0.0181731 
496,13.3786 ,0.000544943 ,0.0180012 
497,13.4056 ,0.000537675 ,0.017831 
498,13.4326 ,0.000530504 ,0.0176624 
499,13.4596 ,0.000523428 ,0.0174955 
500,13.4865 ,0.000516447 ,0.0173302 
501,13.5135 ,0.00050956 ,0.0171666 
502,13.5405 ,0.000502764 ,0.0170045 
503,13.5674 ,0.000496059 ,0.016844 
504,13.5944 ,0.000489444 ,0.0166851 
505,13.6214 ,0.000482917 ,0.0165277 
506,13.6484 ,0.000476478 ,0.0163719 
507,13.6753 ,0.000470124 ,0.0162175 
508,13.7023 ,0.000463856 ,0.0160647 
509,13.7293 ,0.000457671 ,0.0159134 
510,13.7563 ,0.000451569 ,0.0157635 
511,13.7832 ,0.000445549 ,0.0156151 
512,13.8102 ,0.000439609 ,0.0154681 
513,13.8372 ,0.000433748 ,0.0153226 
514,13.8641 ,0.000427966 ,0.0151785 
515,13.8911 ,0.000422262 ,0.0150358 
516,13.9181 ,0.000416633 ,0.0148944 
517,13.9451 ,0.00041108 ,0.0147545 
518,13.972 ,0.000405601 ,0.0146159 
519,13.999 ,0.000400196 ,0.0144786 
520,14.026 ,0.000394862 ,0.0143427 
521,14.053 ,0.000389601 ,0.0142081 
522,14.0799 ,0.000384409 ,0.0140748 
523,14.1069 ,0.000379287 ,0.0139428 
524,14.1339 ,0.000374233 ,0.0138121 
525,14.1609 ,0.000369248 ,0.0136827 
526,14.1878 ,0.000364328 ,0.0135545 
527,14.2148 ,0.000359475 ,0.0134275 
528,14.2418 ,0.000354687 ,0.0133018 
529,14.2687 ,0.000349962 ,0.0131773 
530,14.2957 ,0.000345301 ,0.013054 
531,14.3227 ,0.000340702 ,0.0129319 
532,14.3497 ,0.000336165 ,0.012811 
533,14.3766 ,0.000331689 ,0.0126913 
534,14.4036 ,0.000327272 ,0.0125727 
535,14.4306 ,0.000322914 ,0.0124552 
536,14.4576 ,0.000318615 ,0.0123389 
537,14.4845 ,0.000314374 ,0.0122237 
538,14.5115 ,0.000310189 ,0.0121097 
539,14.5385 ,0.00030606 ,0.0119967 
540,14.5654 ,0.000301986 ,0.0118848 
541,14.5924 ,0.000297967 ,0.011774 
542,14.6194 ,0.000294001 ,0.0116643 
543,14.6464 ,0.000290089 ,0.0115557 
544,14.6733 ,0.000286229 ,0.011448 
545,14.7003 ,0.000282421 ,0.0113415 
546,14.7273 ,0.000278664 ,0.0112359 
547,14.7543 ,0.000274956 ,0.0111314 
548,14.7812 ,0.000271299 ,0.0110278 
549,14.8082 ,0.00026769 ,0.0109253 
550,14.8352 ,0.00026413 ,0.0108238 
551,14.8621 ,0.000260617 ,0.0107232 
552,14.8891 ,0.000257152 ,0.0106236 
553,14.9161 ,0.000253733 ,0.010525 
554,14.9431 ,0.000250359 ,0.0104273 
555,14.97 ,0.000247031 ,0.0103305 
556,14.997 ,0.000243747 ,0.0102347 
557,15.024 ,0.000240507 ,0.0101398 
558,15.051 ,0.00023731 ,0.0100458 
559,15.0779 ,0.000234156 ,0.00995273 
560,15.1049 ,0.000231045 ,0.00986054 
561,15.1319 ,0.000227975 ,0.00976923 
562,15.1589 ,0.000224946 ,0.0096788 
563,15.1858 ,0.000221957 ,0.00958923 
564,15.2128 ,0.000219009 ,0.00950053 
565,15.2398 ,0.000216099 ,0.00941267 
566,15.2667 ,0.000213229 ,0.00932565 
567,15.2937 ,0.000210397 ,0.00923947 
568,15.3207 ,0.000207603 ,0.00915411 
569,15.3477 ,0.000204847 ,0.00906957 
570,15.3746 ,0.000202127 ,0.00898584 
571,15.4016 ,0.000199444 ,0.00890291 
572,15.4286 ,0.000196796 ,0.00882077 
573,15.4556 ,0.000194184 ,0.00873941 
574,15.4825 ,0.000191607 ,0.00865884 
575,15.5095 ,0.000189064 ,0.00857903 
576,15.5365 ,0.000186555 ,0.00849998 
577,15.5634 ,0.00018408 ,0.00842169 
578,15.5904 ,0.000181638 ,0.00834415 
579,15.6174 ,0.000179228 ,0.00826734 
580,15.6444 ,0.000176851 ,0.00819127 
581,15.6713 ,0.000174505 ,0.00811592 
582,15.6983 ,0.000172191 ,0.00804128 
583,15.7253 ,0.000169908 ,0.00796736 
584,15.7523 ,0.000167655 ,0.00789415 
585,15.7792 ,0.000165432 ,0.00782163 
586,15.8062 ,0.000163239 ,0.00774979 
587,15.8332 ,0.000161076 ,0.00767865 
588,15.8602 ,0.000158941 ,0.00760817 
589,15.8871 ,0.000156834 ,0.00753837 
590,15.9141 ,0.000154756 ,0.00746923 
591,15.9411 ,0.000152706 ,0.00740075 
592,15.968 ,0.000150683 ,0.00733291 
593,15.995 ,0.000148687 ,0.00726572 
594,16.022 ,0.000146717 ,0.00719917 
595,16.049 ,0.000144774 ,0.00713325 
596,16.0759 ,0.000142857 ,0.00706795 
597,16.1029 ,0.000140965 ,0.00700327 
598,16.1299 ,0.000139099 ,0.0069392 
599,16.1569 ,0.000137257 ,0.00687574 
600,16.1838 ,0.000135441 ,0.00681288 
601,16.2108 ,0.000133648 ,0.00675062 
602,16.2378 ,0.000131879 ,0.00668894 
603,16.2647 ,0.000130134 ,0.00662785 
604,16.2917 ,0.000128412 ,0.00656733 
605,16.3187 ,0.000126713 ,0.00650739 
606,16.3457 ,0.000125037 ,0.00644801 
607,16.3726 ,0.000123383 ,0.00638919 
608,16.3996 ,0.000121751 ,0.00633093 
609,16.4266 ,0.000120141 ,0.00627321 
610,16.4536 ,0.000118553 ,0.00621604 
611,16.4805 ,0.000116985 ,0.00615941 
612,16.5075 ,0.000115439 ,0.00610331 
613,16.5345 ,0.000113913 ,0.00604774 
614,16.5614 ,0.000112407 ,0.00599269 
615,16.5884 ,0.000110922 ,0.00593817 
616,16.6154 ,0.000109456 ,0.00588415 
617,16.6424 ,0.00010801 ,0.00583064 
618,16.6693 ,0.000106583 ,0.00577764 
619,16.6963 ,0.000105175 ,0.00572513 
620,16.7233 ,0.000103786 ,0.00567311 
621,16.7503 ,0.000102415 ,0.00562159 
622,16.7772 ,0.000101063 ,0.00557055 
623,16.8042 ,9.97286e-05 ,0.00551998 
624,16.8312 ,9.8412e-05 ,0.00546989 
625,16.8582 ,9.71129e-05 ,0.00542028 
626,16.8851 ,9.58311e-05 ,0.00537112 
627,16.9121 ,9.45664e-05 ,0.00532243 
628,16.9391 ,9.33186e-05 ,0.00527419 
629,16.966 ,9.20873e-05 ,0.0052264 
630,16.993 ,9.08724e-05 ,0.00517906 
631,17.02 ,8.96737e-05 ,0.00513217 
632,17.047 ,8.8491e-05 ,0.00508571 
633,17.0739 ,8.73239e-05 ,0.00503969 
634,17.1009 ,8.61724e-05 ,0.00499409 
635,17.1279 ,8.50363e-05 ,0.00494893 
636,17.1549 ,8.39152e-05 ,0.00490418 
637,17.1818 ,8.2809e-05 ,0.00485985 
638,17.2088 ,8.17176e-05 ,0.00481594 
639,17.2358 ,8.06407e-05 ,0.00477243 
640,17.2627 ,7.95781e-05 ,0.00472933 
641,17.2897 ,7.85296e-05 ,0.00468664 
642,17.3167 ,7.74951e-05 ,0.00464434 
643,17.3437 ,7.64743e-05 ,0.00460243 
644,17.3706 ,7.5467e-05 ,0.00456092 
645,17.3976 ,7.44732e-05 ,0.00451979 
646,17.4246 ,7.34926e-05 ,0.00447904 
647,17.4516 ,7.2525e-05 ,0.00443868 
648,17.4785 ,7.15702e-05 ,0.00439869 
649,17.5055 ,7.06282e-05 ,0.00435907 
650,17.5325 ,6.96987e-05 ,0.00431981 
651,17.5595 ,6.87815e-05 ,0.00428093 
652,17.5864 ,6.78764e-05 ,0.0042424 
653,17.6134 ,6.69835e-05 ,0.00420423 
654,17.6404 ,6.61023e-05 ,0.00416642 
655,17.6673 ,6.52329e-05 ,0.00412896 
656,17.6943 ,6.4375e-05 ,0.00409184 
657,17.7213 ,6.35285e-05 ,0.00405507 
658,17.7483 ,6.26932e-05 ,0.00401864 
659,17.7752 ,6.1869e-05 ,0.00398254 
660,17.8022 ,6.10558e-05 ,0.00394678 
661,17.8292 ,6.02533e-05 ,0.00391136 
662,17.8562 ,5.94615e-05 ,0.00387626 
663,17.8831 ,5.86802e-05 ,0.00384148 
664,17.9101 ,5.79093e-05 ,0.00380703 
665,17.9371 ,5.71486e-05 ,0.00377289 
666,17.964 ,5.6398e-05 ,0.00373907 
667,17.991 ,5.56573e-05 ,0.00370557 
668,18.018 ,5.49264e-05 ,0.00367237 
669,18.045 ,5.42053e-05 ,0.00363948 
670,18.0719 ,5.34937e-05 ,0.00360689 
671,18.0989 ,5.27915e-05 ,0.0035746 
672,18.1259 ,5.20987e-05 ,0.00354261 
673,18.1529 ,5.1415e-05 ,0.00351092 
674,18.1798 ,5.07404e-05 ,0.00347952 
675,18.2068 ,5.00747e-05 ,0.00344841 
676,18.2338 ,4.94179e-05 ,0.00341758 
677,18.2607 ,4.87698e-05 ,0.00338704 
678,18.2877 ,4.81302e-05 ,0.00335678 
679,18.3147 ,4.74991e-05 ,0.0033268 
680,18.3417 ,4.68764e-05 ,0.00329709 
681,18.3686 ,4.62619e-05 ,0.00326766 
682,18.3956 ,4.56556e-05 ,0.0032385 
683,18.4226 ,4.50573e-05 ,0.0032096 
684,18.4496 ,4.44669e-05 ,0.00318097 
685,18.4765 ,4.38843e-05 ,0.00315261 
686,18.5035 ,4.33094e-05 ,0.0031245 
687,18.5305 ,4.27422e-05 ,0.00309666 
688,18.5575 ,4.21824e-05 ,0.00306907 
689,18.5844 ,4.16301e-05 ,0.00304173 
690,18.6114 ,4.10851e-05 ,0.00301464 
691,18.6384 ,4.05472e-05 ,0.0029878 
692,18.6653 ,4.00165e-05 ,0.00296121 
693,18.6923 ,3.94929e-05 ,0.00293486 
694,18.7193 ,3.89761e-05 ,0.00290876 
695,18.7463 ,3.84662e-05 ,0.00288289 
696,18.7732 ,3.7963e-05 ,0.00285726 
697,18.8002 ,3.74665e-05 ,0.00283186 
698,18.8272 ,3.69765e-05 ,0.0028067 
699,18.8542 ,3.64931e-05 ,0.00278177 
700,18.8811 ,3.6016e-05 ,0.00275706 
701,18.9081 ,3.55452e-05 ,0.00273258 
702,18.9351 ,3.50806e-05 ,0.00270833 
703,18.962 ,3.46222e-05 ,0.00268429 
704,18.989 ,3.41699e-05 ,0.00266048 
705,19.016 ,3.37235e-05 ,0.00263689 
706,19.043 ,3.3283e-05 ,0.00261351 
707,19.0699 ,3.28484e-05 ,0.00259034 
708,19.0969 ,3.24194e-05 ,0.00256738 
709,19.1239 ,3.19962e-05 ,0.00254464 
710,19.1509 ,3.15785e-05 ,0.0025221 
711,19.1778 ,3.11664e-05 ,0.00249977 
712,19.2048 ,3.07597e-05 ,0.00247764 
713,19.2318 ,3.03584e-05 ,0.00245571 
714,19.2587 ,2.99623e-05 ,0.00243399 
715,19.2857 ,2.95716e-05 ,0.00241246 
716,19.3127 ,2.91859e-05 ,0.00239113 
717,19.3397 ,2.88054e-05 ,0.00236999 
718,19.3666 ,2.84298e-05 ,0.00234904 
719,19.3936 ,2.80593e-05 ,0.00232829 
720,19.4206 ,2.76936e-05 ,0.00230772 
721,19.4476 ,2.73328e-05 ,0.00228734 
722,19.4745 ,2.69767e-05 ,0.00226715 
723,19.5015 ,2.66253e-05 ,0.00224714 
724,19.5285 ,2.62785e-05 ,0.00222732 
725,19.5555 ,2.59364e-05 ,0.00220767 
726,19.5824 ,2.55987e-05 ,0.0021882 
727,19.6094 ,2.52655e-05 ,0.00216891 
728,19.6364 ,2.49367e-05 ,0.0021498 
729,19.6633 ,2.46122e-05 ,0.00213085 
730,19.6903 ,2.42921e-05 ,0.00211209 
731,19.7173 ,2.39761e-05 ,0.00209349 
732,19.7443 ,2.36643e-05 ,0.00207506 
733,19.7712 ,2.33566e-05 ,0.0020568 
734,19.7982 ,2.3053e-05 ,0.0020387 
735,19.8252 ,2.27534e-05 ,0.00202077 
736,19.8522 ,2.24577e-05 ,0.002003 
737,19.8791 ,2.21659e-05 ,0.00198539 
738,19.9061 ,2.1878e-05 ,0.00196794 
739,19.9331 ,2.15939e-05 ,0.00195065 
740,19.96 ,2.13135e-05 ,0.00193352 
741,19.987 ,2.10368e-05 ,0.00191654 
742,20.014 ,2.07638e-05 ,0.00189972 
743,20.041 ,2.04943e-05 ,0.00188305 
744,20.0679 ,2.02284e-05 ,0.00186653 
745,20.0949 ,1.9966e-05 ,0.00185016 
746,20.1219 ,1.97071e-05 ,0.00183394 
747,20.1489 ,1.94516e-05 ,0.00181787 
748,20.1758 ,1.91995e-05 ,0.00180194 
749,20.2028 ,1.89506e-05 ,0.00178616 
750,20.2298 ,1.87051e-05 ,0.00177052 
751,20.2568 ,1.84628e-05 ,0.00175502 
752,20.2837 ,1.82237e-05 ,0.00173966 
753,20.3107 ,1.79877e-05 ,0.00172444 
754,20.3377 ,1.77549e-05 ,0.00170936 
755,20.3646 ,1.75251e-05 ,0.00169442 
756,20.3916 ,1.72984e-05 ,0.00167961 
757,20.4186 ,1.70746e-05 ,0.00166494 
758,20.4456 ,1.68538e-05 ,0.00165039 
759,20.4725 ,1.66359e-05 ,0.00163598 
760,20.4995 ,1.64208e-05 ,0.00162171 
761,20.5265 ,1.62086e-05 ,0.00160756 
762,20.5535 ,1.59992e-05 ,0.00159353 
763,20.5804 ,1.57926e-05 ,0.00157964 
764,20.6074 ,1.55887e-05 ,0.00156587 
765,20.6344 ,1.53874e-05 ,0.00155223 
766,20.6613 ,1.51889e-05 ,0.00153871 
767,20.6883 ,1.49929e-05 ,0.00152531 
768,20.7153 ,1.47995e-05 ,0.00151204 
769,20.7423 ,1.46087e-05 ,0.00149888 
770,20.7692 ,1.44204e-05 ,0.00148584 
771,20.7962 ,1.42346e-05 ,0.00147292 
772,20.8232 ,1.40512e-05 ,0.00146012 
773,20.8502 ,1.38702e-05 ,0.00144744 
774,20.8771 ,1.36916e-05 ,0.00143487 
775,20.9041 ,1.35154e-05 ,0.00142241 
776,20.9311 ,1.33415e-05 ,0.00141007 
777,20.958 ,1.31699e-05 ,0.00139784 
778,20.985 ,1.30005e-05 ,0.00138572 
779,21.012 ,1.28334e-05 ,0.00137371 
780,21.039 ,1.26685e-05 ,0.00136181 
781,21.0659 ,1.25058e-05 ,0.00135001 
782,21.0929 ,1.23452e-05 ,0.00133833 
783,21.1199 ,1.21867e-05 ,0.00132675 
784,21.1469 ,1.20304e-05 ,0.00131527 
785,21.1738 ,1.1876e-05 ,0.0013039 
786,21.2008 ,1.17238e-05 ,0.00129263 
787,21.2278 ,1.15735e-05 ,0.00128147 
788,21.2548 ,1.14252e-05 ,0.0012704 
789,21.2817 ,1.12789e-05 ,0.00125944 
790,21.3087 ,1.11345e-05 ,0.00124858 
791,21.3357 ,1.0992e-05 ,0.00123781 
792,21.3626 ,1.08514e-05 ,0.00122715 
793,21.3896 ,1.07126e-05 ,0.00121658 
794,21.4166 ,1.05757e-05 ,0.0012061 
795,21.4436 ,1.04406e-05 ,0.00119572 
796,21.4705 ,1.03073e-05 ,0.00118544 
797,21.4975 ,1.01757e-05 ,0.00117525 
798,21.5245 ,1.00459e-05 ,0.00116515 
799,21.5515 ,9.91781e-06 ,0.00115515 
800,21.5784 ,9.7914e-06 ,0.00114524 
801,21.6054 ,9.66666e-06 ,0.00113541 
802,21.6324 ,9.54357e-06 ,0.00112568 
803,21.6593 ,9.42211e-06 ,0.00111603 
804,21.6863 ,9.30226e-06 ,0.00110648 
805,21.7133 ,9.18399e-06 ,0.00109701 
806,21.7403 ,9.06729e-06 ,0.00108763 
807,21.7672 ,8.95214e-06 ,0.00107833 
808,21.7942 ,8.83851e-06 ,0.00106912 
809,21.8212 ,8.72639e-06 ,0.00105999 
810,21.8482 ,8.61575e-06 ,0.00105095 
811,21.8751 ,8.50658e-06 ,0.00104199 
812,21.9021 ,8.39886e-06 ,0.00103311 
813,21.9291 ,8.29256e-06 ,0.00102431 
814,21.956 ,8.18768e-06 ,0.00101559 
815,21.983 ,8.08419e-06 ,0.00100696 
816,22.01 ,7.98207e-06 ,0.000998401 
817,22.037 ,7.88131e-06 ,0.000989923 
818,22.0639 ,7.78189e-06 ,0.000981524 
819,22.0909 ,7.68379e-06 ,0.000973202 
820,22.1179 ,7.587e-06 ,0.000964956 
821,22.1449 ,7.49149e-06 ,0.000956787 
822,22.1718 ,7.39726e-06 ,0.000948693 
823,22.1988 ,7.30428e-06 ,0.000940674 
824,22.2258 ,7.21253e-06 ,0.000932729 
825,22.2528 ,7.12202e-06 ,0.000924858 
826,22.2797 ,7.0327e-06 ,0.00091706 
827,22.3067 ,6.94458e-06 ,0.000909335 
828,22.3337 ,6.85764e-06 ,0.000901681 
829,22.3606 ,6.77185e-06 ,0.000894098 
830,22.3876 ,6.68721e-06 ,0.000886586 
831,22.4146 ,6.60371e-06 ,0.000879144 
832,22.4416 ,6.52132e-06 ,0.000871772 
833,22.4685 ,6.44003e-06 ,0.000864468 
834,22.4955 ,6.35983e-06 ,0.000857233 
835,22.5225 ,6.28071e-06 ,0.000850065 
836,22.5495 ,6.20264e-06 ,0.000842965 
837,22.5764 ,6.12562e-06 ,0.000835931 
838,22.6034 ,6.04964e-06 ,0.000828963 
839,22.6304 ,5.97468e-06 ,0.000822061 
840,22.6573 ,5.90072e-06 ,0.000815224 
841,22.6843 ,5.82776e-06 ,0.000808452 
842,22.7113 ,5.75579e-06 ,0.000801743 
843,22.7383 ,5.68478e-06 ,0.000795098 
844,22.7652 ,5.61473e-06 ,0.000788516 
845,22.7922 ,5.54562e-06 ,0.000781997 
846,22.8192 ,5.47745e-06 ,0.00077554 
847,22.8462 ,5.41019e-06 ,0.000769144 
848,22.8731 ,5.34385e-06 ,0.000762809 
849,22.9001 ,5.27841e-06 ,0.000756534 
850,22.9271 ,5.21385e-06 ,0.00075032 
851,22.9541 ,5.15017e-06 ,0.000744165 
852,22.981 ,5.08735e-06 ,0.00073807 
853,23.008 ,5.02538e-06 ,0.000732033 
854,23.035 ,4.96426e-06 ,0.000726055 
855,23.0619 ,4.90397e-06 ,0.000720134 
856,23.0889 ,4.8445e-06 ,0.00071427 
857,23.1159 ,4.78585e-06 ,0.000708464 
858,23.1429 ,4.72799e-06 ,0.000702714 
859,23.1698 ,4.67093e-06 ,0.00069702 
860,23.1968 ,4.61465e-06 ,0.000691382 
861,23.2238 ,4.55914e-06 ,0.000685799 
862,23.2508 ,4.50439e-06 ,0.00068027 
863,23.2777 ,4.45039e-06 ,0.000674796 
864,23.3047 ,4.39714e-06 ,0.000669377 
865,23.3317 ,4.34462e-06 ,0.00066401 
866,23.3586 ,4.29282e-06 ,0.000658697 
867,23.3856 ,4.24174e-06 ,0.000653437 
868,23.4126 ,4.19137e-06 ,0.000648229 
869,23.4396 ,4.1417e-06 ,0.000643074 
870,23.4665 ,4.09271e-06 ,0.00063797 
871,23.4935 ,4.04441e-06 ,0.000632917 
872,23.5205 ,3.99678e-06 ,0.000627915 
873,23.5475 ,3.94981e-06 ,0.000622964 
874,23.5744 ,3.9035e-06 ,0.000618063 
875,23.6014 ,3.85783e-06 ,0.000613212 
876,23.6284 ,3.81281e-06 ,0.000608411 
877,23.6553 ,3.76842e-06 ,0.000603659 
878,23.6823 ,3.72466e-06 ,0.000598956 
879,23.7093 ,3.68151e-06 ,0.000594301 
880,23.7363 ,3.63897e-06 ,0.000589694 
881,23.7632 ,3.59703e-06 ,0.000585136 
882,23.7902 ,3.55569e-06 ,0.000580625 
883,23.8172 ,3.51493e-06 ,0.000576161 
884,23.8442 ,3.47476e-06 ,0.000571744 
885,23.8711 ,3.43516e-06 ,0.000567374 
886,23.8981 ,3.39613e-06 ,0.00056305 
887,23.9251 ,3.35765e-06 ,0.000558772 
888,23.9521 ,3.31973e-06 ,0.00055454 
889,23.979 ,3.28236e-06 ,0.000550354 
890,24.006 ,3.24553e-06 ,0.000546212 
891,24.033 ,3.20923e-06 ,0.000542116 
892,24.0599 ,3.17345e-06 ,0.000538064 
893,24.0869 ,3.1382e-06 ,0.000534056 
894,24.1139 ,3.10347e-06 ,0.000530093 
895,24.1409 ,3.06924e-06 ,0.000526173 
896,24.1678 ,3.03552e-06 ,0.000522297 
897,24.1948 ,3.00229e-06 ,0.000518464 
898,24.2218 ,2.96955e-06 ,0.000514674 
899,24.2488 ,2.9373e-06 ,0.000510927 
900,24.2757 ,2.90553e-06 ,0.000507222 
901,24.3027 ,2.87424e-06 ,0.00050356 
902,24.3297 ,2.84341e-06 ,0.00049994 
903,24.3566 ,2.81305e-06 ,0.000496361 
904,24.3836 ,2.78314e-06 ,0.000492824 
905,24.4106 ,2.75369e-06 ,0.000489329 
906,24.4376 ,2.72469e-06 ,0.000485874 
907,24.4645 ,2.69612e-06 ,0.000482461 
908,24.4915 ,2.668e-06 ,0.000479088 
909,24.5185 ,2.64031e-06 ,0.000475756 
910,24.5455 ,2.61305e-06 ,0.000472464 
911,24.5724 ,2.58621e-06 ,0.000469212 
912,24.5994 ,2.55978e-06 ,0.000465999 
913,24.6264 ,2.53378e-06 ,0.000462827 
914,24.6533 ,2.50818e-06 ,0.000459694 
915,24.6803 ,2.48298e-06 ,0.0004566 
916,24.7073 ,2.45819e-06 ,0.000453545 
917,24.7343 ,2.43379e-06 ,0.000450529 
918,24.7612 ,2.40979e-06 ,0.000447552 
919,24.7882 ,2.38617e-06 ,0.000444613 
920,24.8152 ,2.36293e-06 ,0.000441712 
921,24.8422 ,2.34008e-06 ,0.00043885 
922,24.8691 ,2.31759e-06 ,0.000436026 
923,24.8961 ,2.29548e-06 ,0.000433239 
924,24.9231 ,2.27374e-06 ,0.00043049 
925,24.9501 ,2.25236e-06 ,0.000427779 
926,24.977 ,2.23134e-06 ,0.000425104 
927,25.004 ,2.21067e-06 ,0.000422467 
928,25.031 ,2.19036e-06 ,0.000419867 
929,25.0579 ,2.17039e-06 ,0.000417304 
930,25.0849 ,2.15077e-06 ,0.000414778 
931,25.1119 ,2.1315e-06 ,0.000412288 
932,25.1389 ,2.11255e-06 ,0.000409834 
933,25.1658 ,2.09395e-06 ,0.000407417 
934,25.1928 ,2.07567e-06 ,0.000405036 
935,25.2198 ,2.05772e-06 ,0.00040269 
936,25.2468 ,2.0401e-06 ,0.000400381 
937,25.2737 ,2.0228e-06 ,0.000398107 
938,25.3007 ,2.00581e-06 ,0.000395869 
939,25.3277 ,1.98915e-06 ,0.000393667 
940,25.3546 ,1.97279e-06 ,0.000391499 
941,25.3816 ,1.95674e-06 ,0.000389367 
942,25.4086 ,1.941e-06 ,0.00038727 
943,25.4356 ,1.92556e-06 ,0.000385208 
944,25.4625 ,1.91043e-06 ,0.000383181 
945,25.4895 ,1.89559e-06 ,0.000381188 
946,25.5165 ,1.88104e-06 ,0.000379231 
947,25.5435 ,1.86679e-06 ,0.000377307 
948,25.5704 ,1.85283e-06 ,0.000375418 
949,25.5974 ,1.83915e-06 ,0.000373564 
950,25.6244 ,1.82576e-06 ,0.000371743 
951,25.6514 ,1.81266e-06 ,0.000369957 
952,25.6783 ,1.79983e-06 ,0.000368204 
953,25.7053 ,1.78728e-06 ,0.000366486 
954,25.7323 ,1.775e-06 ,0.000364801 
955,25.7592 ,1.763e-06 ,0.00036315 
956,25.7862 ,1.75126e-06 ,0.000361533 
957,25.8132 ,1.7398e-06 ,0.000359949 
958,25.8402 ,1.7286e-06 ,0.000358398 
959,25.8671 ,1.71766e-06 ,0.000356881 
960,25.8941 ,1.70699e-06 ,0.000355397 
961,25.9211 ,1.69658e-06 ,0.000353947 
962,25.9481 ,1.68642e-06 ,0.000352529 
963,25.975 ,1.67652e-06 ,0.000351144 
964,26.002 ,1.66687e-06 ,0.000349792 
965,26.029 ,1.65748e-06 ,0.000348473 
966,26.0559 ,1.64833e-06 ,0.000347187 
967,26.0829 ,1.63944e-06 ,0.000345933 
968,26.1099 ,1.63079e-06 ,0.000344712 
969,26.1369 ,1.62238e-06 ,0.000343524 
970,26.1638 ,1.61422e-06 ,0.000342368 
971,26.1908 ,1.6063e-06 ,0.000341244 
972,26.2178 ,1.59862e-06 ,0.000340152 
973,26.2448 ,1.59117e-06 ,0.000339093 
974,26.2717 ,1.58397e-06 ,0.000338066 
975,26.2987 ,1.577e-06 ,0.000337071 
976,26.3257 ,1.57026e-06 ,0.000336108 
977,26.3526 ,1.56376e-06 ,0.000335177 
978,26.3796 ,1.55748e-06 ,0.000334277 
979,26.4066 ,1.55144e-06 ,0.00033341 
980,26.4336 ,1.54562e-06 ,0.000332574 
981,26.4605 ,1.54003e-06 ,0.000331769 
982,26.4875 ,1.53467e-06 ,0.000330997 
983,26.5145 ,1.52953e-06 ,0.000330255 
984,26.5415 ,1.52461e-06 ,0.000329546 
985,26.5684 ,1.51992e-06 ,0.000328867 
986,26.5954 ,1.51545e-06 ,0.00032822 
987,26.6224 ,1.51119e-06 ,0.000327604 
988,26.6494 ,1.50716e-06 ,0.00032702 
989,26.6763 ,1.50334e-06 ,0.000326466 
990,26.7033 ,1.49974e-06 ,0.000325943 
991,26.7303 ,1.49636e-06 ,0.000325452 
992,26.7572 ,1.49319e-06 ,0.000324991 
993,26.7842 ,1.49024e-06 ,0.000324561 
994,26.8112 ,1.4875e-06 ,0.000324162 
995,26.8382 ,1.48497e-06 ,0.000323794 
996,26.8651 ,1.48265e-06 ,0.000323456 
997,26.8921 ,1.48055e-06 ,0.000323149 
998,26.9191 ,1.47865e-06 ,0.000322873 
999,26.9461 ,1.47696e-06 ,0.000322627 
1000,26.973 ,1.47549e-06 ,0.000322411 