N_e = 18
1,0.027 ,0.000369463 ,-2743.19 
2,0.053973 ,0.000369648 ,-686.268 
3,0.080946 ,0.000502057 ,-304.948 
4,0.107919 ,0.0006524 ,-171.435 
5,0.134892 ,0.000807845 ,-109.625 
6,0.161865 ,0.000965247 ,-76.0451 
7,0.188838 ,0.00112352 ,-55.7956 
8,0.215811 ,0.00128221 ,-42.6521 
9,0.242784 ,0.00144109 ,-33.6405 
10,0.269757 ,0.00160003 ,-27.1943 
11,0.29673 ,0.00175895 ,-22.4247 
12,0.323703 ,0.0019178 ,-18.7969 
13,0.350676 ,0.00207655 ,-15.9736 
14,0.377649 ,0.00223516 ,-13.7333 
15,0.404622 ,0.00239362 ,-11.926 
16,0.431595 ,0.00255189 ,-10.4468 
17,0.458568 ,0.00270997 ,-9.22079 
18,0.485541 ,0.00286782 ,-8.19342 
19,0.512514 ,0.00302545 ,-7.32393 
20,0.539487 ,0.00318282 ,-6.58158 
21,0.56646 ,0.00333993 ,-5.94271 
22,0.593433 ,0.00349677 ,-5.38897 
23,0.620406 ,0.00365331 ,-4.90586 
24,0.647379 ,0.00380954 ,-4.48187 
25,0.674352 ,0.00396545 ,-4.10772 
26,0.701325 ,0.00412103 ,-3.77591 
27,0.728298 ,0.00427626 ,-3.48027 
28,0.755271 ,0.00443113 ,-3.21574 
29,0.782244 ,0.00458562 ,-2.97808 
30,0.809217 ,0.00473972 ,-2.7638 
31,0.83619 ,0.00489342 ,-2.5699 
32,0.863163 ,0.0050467 ,-2.39391 
33,0.890136 ,0.00519955 ,-2.23365 
34,0.917109 ,0.00535196 ,-2.08734 
35,0.944082 ,0.00550392 ,-1.95337 
36,0.971055 ,0.00565541 ,-1.83042 
37,0.998028 ,0.00580641 ,-1.71728 
38,1.025 ,0.00595693 ,-1.61297 
39,1.05197 ,0.00610693 ,-1.51656 
40,1.07895 ,0.00625642 ,-1.42731 
41,1.10592 ,0.00640537 ,-1.34448 
42,1.13289 ,0.00655378 ,-1.26752 
43,1.15987 ,0.00670163 ,-1.19584 
44,1.18684 ,0.0068489 ,-1.12901 
45,1.21381 ,0.0069956 ,-1.06656 
46,1.24079 ,0.0071417 ,-1.00816 
47,1.26776 ,0.00728719 ,-0.953423 
48,1.29473 ,0.00743206 ,-0.902088 
49,1.3217 ,0.0075763 ,-0.853843 
50,1.34868 ,0.00771989 ,-0.808479 
51,1.37565 ,0.00786282 ,-0.765737 
52,1.40262 ,0.00800509 ,-0.725452 
53,1.4296 ,0.00814667 ,-0.687407 
54,1.45657 ,0.00828756 ,-0.65147 
55,1.48354 ,0.00842774 ,-0.617456 
56,1.51051 ,0.00856721 ,-0.585263 
57,1.53749 ,0.00870594 ,-0.55473 
58,1.56446 ,0.00884394 ,-0.525778 
59,1.59143 ,0.00898118 ,-0.498267 
60,1.61841 ,0.00911766 ,-0.472135 
61,1.64538 ,0.00925336 ,-0.447258 
62,1.67235 ,0.00938828 ,-0.423591 
63,1.69933 ,0.00952239 ,-0.401023 
64,1.7263 ,0.0096557 ,-0.379519 
65,1.75327 ,0.00978819 ,-0.358982 
66,1.78024 ,0.00991984 ,-0.339387 
67,1.80722 ,0.0100506 ,-0.320644 
68,1.83419 ,0.0101806 ,-0.302737 
69,1.86116 ,0.0103097 ,-0.285585 
70,1.88814 ,0.0104379 ,-0.269178 
71,1.91511 ,0.0105652 ,-0.253442 
72,1.94208 ,0.0106917 ,-0.238371 
73,1.96906 ,0.0108172 ,-0.223899 
74,1.99603 ,0.0109418 ,-0.210024 
75,2.023 ,0.0110655 ,-0.196683 
76,2.04998 ,0.0111882 ,-0.18388 
77,2.07695 ,0.01131 ,-0.171556 
78,2.10392 ,0.0114308 ,-0.159717 
79,2.13089 ,0.0115507 ,-0.148309 
80,2.15787 ,0.0116695 ,-0.137341 
81,2.18484 ,0.0117874 ,-0.126759 
82,2.21181 ,0.0119043 ,-0.116578 
83,2.23879 ,0.0120202 ,-0.106745 
84,2.26576 ,0.012135 ,-0.0972771 
85,2.29273 ,0.0122489 ,-0.0881246 
86,2.31971 ,0.0123617 ,-0.0793048 
87,2.34668 ,0.0124734 ,-0.0707709 
88,2.37365 ,0.0125841 ,-0.0625415 
89,2.40062 ,0.0126938 ,-0.0545717 
90,2.4276 ,0.0128023 ,-0.0468814 
91,2.45457 ,0.0129098 ,-0.039427 
92,2.48154 ,0.0130162 ,-0.0322297 
93,2.50852 ,0.0131215 ,-0.0252473 
94,2.53549 ,0.0132257 ,-0.0185017 
95,2.56246 ,0.0133287 ,-0.0119523 
96,2.58944 ,0.0134307 ,-0.00562162 
97,2.61641 ,0.0135315 ,0.000529907 
98,2.64338 ,0.0136312 ,0.00647897 
99,2.67035 ,0.0137297 ,0.0122642 
100,2.69733 ,0.0138271 ,0.0178616 
101,2.7243 ,0.0139233 ,0.023309 
102,2.75127 ,0.0140183 ,0.0285819 
103,2.77825 ,0.0141122 ,0.0337172 
104,2.80522 ,0.0142049 ,0.0386901 
105,2.83219 ,0.0142964 ,0.0435367 
106,2.85917 ,0.0143867 ,0.0482319 
107,2.88614 ,0.0144757 ,0.052811 
108,2.91311 ,0.0145636 ,0.0572488 
109,2.94008 ,0.0146503 ,0.0615798 
110,2.96706 ,0.0147357 ,0.0657785 
111,2.99403 ,0.0148199 ,0.0698789 
112,3.021 ,0.0149028 ,0.0738554 
113,3.04798 ,0.0149846 ,0.0777415 
114,3.07495 ,0.015065 ,0.0815112 
115,3.10192 ,0.0151442 ,0.0851975 
116,3.12889 ,0.0152222 ,0.0887745 
117,3.15587 ,0.0152989 ,0.0922746 
118,3.18284 ,0.0153743 ,0.0956718 
119,3.20981 ,0.0154484 ,0.0989982 
120,3.23679 ,0.0155213 ,0.102227 
121,3.26376 ,0.0155928 ,0.105391 
122,3.29073 ,0.0156631 ,0.108464 
123,3.31771 ,0.0157321 ,0.111476 
124,3.34468 ,0.0157997 ,0.114401 
125,3.37165 ,0.0158661 ,0.117271 
126,3.39863 ,0.0159311 ,0.120059 
127,3.4256 ,0.0159949 ,0.122795 
128,3.45257 ,0.0160573 ,0.125454 
129,3.47954 ,0.0161184 ,0.128066 
130,3.50652 ,0.0161782 ,0.130604 
131,3.53349 ,0.0162366 ,0.133098 
132,3.56046 ,0.0162937 ,0.135523 
133,3.58744 ,0.0163494 ,0.137907 
134,3.61441 ,0.0164039 ,0.140225 
135,3.64138 ,0.0164569 ,0.142505 
136,3.66836 ,0.0165087 ,0.144723 
137,3.69533 ,0.016559 ,0.146906 
138,3.7223 ,0.0166081 ,0.149029 
139,3.74927 ,0.0166557 ,0.15112 
140,3.77625 ,0.016702 ,0.153155 
141,3.80322 ,0.016747 ,0.15516 
142,3.83019 ,0.0167905 ,0.157111 
143,3.85717 ,0.0168328 ,0.159035 
144,3.88414 ,0.0168736 ,0.160907 
145,3.91111 ,0.0169131 ,0.162754 
146,3.93809 ,0.0169512 ,0.164552 
147,3.96506 ,0.0169879 ,0.166328 
148,3.99203 ,0.0170233 ,0.168055 
149,4.019 ,0.0170572 ,0.169763 
150,4.04598 ,0.0170898 ,0.171425 
151,4.07295 ,0.0171211 ,0.173068 
152,4.09992 ,0.0171509 ,0.174667 
153,4.1269 ,0.0171794 ,0.17625 
154,4.15387 ,0.0172065 ,0.177791 
155,4.18084 ,0.0172322 ,0.179317 
156,4.20782 ,0.0172565 ,0.180802 
157,4.23479 ,0.0172794 ,0.182274 
158,4.26176 ,0.0173009 ,0.183707 
159,4.28873 ,0.0173211 ,0.185129 
160,4.31571 ,0.0173399 ,0.186512 
161,4.34268 ,0.0173573 ,0.187886 
162,4.36965 ,0.0173733 ,0.189223 
163,4.39663 ,0.0173879 ,0.190551 
164,4.4236 ,0.0174012 ,0.191845 
165,4.45057 ,0.017413 ,0.19313 
166,4.47755 ,0.0174235 ,0.194382 
167,4.50452 ,0.0174326 ,0.195627 
168,4.53149 ,0.0174403 ,0.19684 
169,4.55846 ,0.0174467 ,0.198047 
170,4.58544 ,0.0174517 ,0.199223 
171,4.61241 ,0.0174552 ,0.200395 
172,4.63938 ,0.0174575 ,0.201536 
173,4.66636 ,0.0174583 ,0.202674 
174,4.69333 ,0.0174578 ,0.203782 
175,4.7203 ,0.0174559 ,0.204888 
176,4.74728 ,0.0174526 ,0.205966 
177,4.77425 ,0.0174479 ,0.207042 
178,4.80122 ,0.0174419 ,0.208091 
179,4.82819 ,0.0174346 ,0.209139 
180,4.85517 ,0.0174258 ,0.21016 
181,4.88214 ,0.0174157 ,0.211181 
182,4.90911 ,0.0174043 ,0.212177 
183,4.93609 ,0.0173915 ,0.213173 
184,4.96306 ,0.0173773 ,0.214145 
185,4.99003 ,0.0173618 ,0.215118 
186,5.01701 ,0.017345 ,0.216067 
187,5.04398 ,0.0173268 ,0.217017 
188,5.07095 ,0.0173073 ,0.217945 
189,5.09792 ,0.0172864 ,0.218875 
190,5.1249 ,0.0172642 ,0.219782 
191,5.15187 ,0.0172407 ,0.220693 
192,5.17884 ,0.0172158 ,0.221581 
193,5.20582 ,0.0171897 ,0.222473 
194,5.23279 ,0.0171622 ,0.223345 
195,5.25976 ,0.0171334 ,0.224219 
196,5.28674 ,0.0171032 ,0.225074 
197,5.31371 ,0.0170718 ,0.225933 
198,5.34068 ,0.0170391 ,0.226772 
199,5.36765 ,0.017005 ,0.227616 
200,5.39463 ,0.0169697 ,0.22844 
201,5.4216 ,0.0169331 ,0.22927 
202,5.44857 ,0.0168952 ,0.230081 
203,5.47555 ,0.016856 ,0.230898 
204,5.50252 ,0.0168155 ,0.231696 
205,5.52949 ,0.0167738 ,0.2325 
206,5.55647 ,0.0167308 ,0.233287 
207,5.58344 ,0.0166865 ,0.23408 
208,5.61041 ,0.016641 ,0.234855 
209,5.63738 ,0.0165942 ,0.235637 
210,5.66436 ,0.0165462 ,0.236402 
211,5.69133 ,0.0164969 ,0.237174 
212,5.7183 ,0.0164464 ,0.237929 
213,5.74528 ,0.0163947 ,0.238692 
214,5.77225 ,0.0163417 ,0.239438 
215,5.79922 ,0.0162876 ,0.240192 
216,5.8262 ,0.0162322 ,0.24093 
217,5.85317 ,0.0161756 ,0.241676 
218,5.88014 ,0.0161178 ,0.242406 
219,5.90711 ,0.0160588 ,0.243145 
220,5.93409 ,0.0159986 ,0.243867 
221,5.96106 ,0.0159372 ,0.244599 
222,5.98803 ,0.0158747 ,0.245315 
223,6.01501 ,0.015811 ,0.246039 
224,6.04198 ,0.0157461 ,0.246749 
225,6.06895 ,0.01568 ,0.247468 
226,6.09593 ,0.0156128 ,0.248171 
227,6.1229 ,0.0155445 ,0.248884 
228,6.14987 ,0.015475 ,0.249582 
229,6.17684 ,0.0154044 ,0.25029 
230,6.20382 ,0.0153327 ,0.250983 
231,6.23079 ,0.0152599 ,0.251686 
232,6.25776 ,0.015186 ,0.252374 
233,6.28474 ,0.0151109 ,0.253072 
234,6.31171 ,0.0150348 ,0.253756 
235,6.33868 ,0.0149576 ,0.25445 
236,6.36566 ,0.0148793 ,0.255129 
237,6.39263 ,0.0147999 ,0.255819 
238,6.4196 ,0.0147195 ,0.256494 
239,6.44657 ,0.014638 ,0.25718 
240,6.47355 ,0.0145555 ,0.257852 
241,6.50052 ,0.014472 ,0.258535 
242,6.52749 ,0.0143874 ,0.259203 
243,6.55447 ,0.0143018 ,0.259882 
244,6.58144 ,0.0142152 ,0.260547 
245,6.60841 ,0.0141276 ,0.261223 
246,6.63539 ,0.014039 ,0.261885 
247,6.66236 ,0.0139494 ,0.262558 
248,6.68933 ,0.0138589 ,0.263216 
249,6.7163 ,0.0137673 ,0.263887 
250,6.74328 ,0.0136749 ,0.264543 
251,6.77025 ,0.0135815 ,0.26521 
252,6.79722 ,0.0134871 ,0.265863 
253,6.8242 ,0.0133918 ,0.266528 
254,6.85117 ,0.0132956 ,0.267179 
255,6.87814 ,0.0131985 ,0.267841 
256,6.90512 ,0.0131005 ,0.268489 
257,6.93209 ,0.0130016 ,0.269149 
258,6.95906 ,0.0129019 ,0.269795 
259,6.98603 ,0.0128012 ,0.270452 
260,7.01301 ,0.0126997 ,0.271096 
261,7.03998 ,0.0125974 ,0.271751 
262,7.06695 ,0.0124942 ,0.272392 
263,7.09393 ,0.0123902 ,0.273045 
264,7.1209 ,0.0122854 ,0.273683 
265,7.14787 ,0.0121798 ,0.274334 
266,7.17485 ,0.0120734 ,0.27497 
267,7.20182 ,0.0119663 ,0.275619 
268,7.22879 ,0.0118583 ,0.276253 
269,7.25576 ,0.0117496 ,0.276899 
270,7.28274 ,0.0116401 ,0.277531 
271,7.30971 ,0.01153 ,0.278175 
272,7.33668 ,0.0114191 ,0.278804 
273,7.36366 ,0.0113074 ,0.279446 
274,7.39063 ,0.0111951 ,0.280073 
275,7.4176 ,0.0110821 ,0.280712 
276,7.44458 ,0.0109684 ,0.281336 
277,7.47155 ,0.0108541 ,0.281974 
278,7.49852 ,0.0107391 ,0.282596 
279,7.52549 ,0.0106235 ,0.28323 
280,7.55247 ,0.0105072 ,0.28385 
281,7.57944 ,0.0103903 ,0.284482 
282,7.60641 ,0.0102729 ,0.285099 
283,7.63339 ,0.0101548 ,0.285728 
284,7.66036 ,0.0100362 ,0.286342 
285,7.68733 ,0.00991697 ,0.286969 
286,7.71431 ,0.00979723 ,0.287581 
287,7.74128 ,0.00967695 ,0.288205 
288,7.76825 ,0.00955615 ,0.288813 
289,7.79522 ,0.00943484 ,0.289435 
290,7.8222 ,0.00931303 ,0.29004 
291,7.84917 ,0.00919075 ,0.290658 
292,7.87614 ,0.00906799 ,0.291261 
293,7.90312 ,0.00894479 ,0.291876 
294,7.93009 ,0.00882114 ,0.292475 
295,7.95706 ,0.00869706 ,0.293087 
296,7.98404 ,0.00857258 ,0.293682 
297,8.01101 ,0.00844769 ,0.294291 
298,8.03798 ,0.00832242 ,0.294883 
299,8.06495 ,0.00819678 ,0.295487 
300,8.09193 ,0.00807079 ,0.296076 
301,8.1189 ,0.00794445 ,0.296676 
302,8.14587 ,0.00781779 ,0.297261 
303,8.17285 ,0.00769082 ,0.297858 
304,8.19982 ,0.00756355 ,0.298438 
305,8.22679 ,0.00743599 ,0.29903 
306,8.25376 ,0.00730817 ,0.299606 
307,8.28074 ,0.0071801 ,0.300194 
308,8.30771 ,0.00705178 ,0.300765 
309,8.33468 ,0.00692325 ,0.301349 
310,8.36166 ,0.00679451 ,0.301915 
311,8.38863 ,0.00666557 ,0.302494 
312,8.4156 ,0.00653645 ,0.303055 
313,8.44258 ,0.00640718 ,0.303629 
314,8.46955 ,0.00627775 ,0.304185 
315,8.49652 ,0.0061482 ,0.304753 
316,8.52349 ,0.00601853 ,0.305303 
317,8.55047 ,0.00588875 ,0.305865 
318,8.57744 ,0.0057589 ,0.30641 
319,8.60441 ,0.00562897 ,0.306966 
320,8.63139 ,0.00549899 ,0.307504 
321,8.65836 ,0.00536896 ,0.308054 
322,8.68533 ,0.00523892 ,0.308586 
323,8.71231 ,0.00510887 ,0.309129 
324,8.73928 ,0.00497883 ,0.309654 
325,8.76625 ,0.00484881 ,0.31019 
326,8.79322 ,0.00471883 ,0.310708 
327,8.8202 ,0.00458891 ,0.311237 
328,8.84717 ,0.00445905 ,0.311747 
329,8.87414 ,0.00432929 ,0.312268 
330,8.90112 ,0.00419963 ,0.31277 
331,8.92809 ,0.00407009 ,0.313283 
332,8.95506 ,0.00394068 ,0.313777 
333,8.98204 ,0.00381143 ,0.314281 
334,9.00901 ,0.00368234 ,0.314766 
335,9.03598 ,0.00355344 ,0.315262 
336,9.06295 ,0.00342473 ,0.315738 
337,9.08993 ,0.00329624 ,0.316224 
338,9.1169 ,0.00316798 ,0.31669 
339,9.14387 ,0.00303997 ,0.317167 
340,9.17085 ,0.00291222 ,0.317623 
341,9.19782 ,0.00278474 ,0.318089 
342,9.22479 ,0.00265757 ,0.318535 
343,9.25177 ,0.0025307 ,0.31899 
344,9.27874 ,0.00240416 ,0.319425 
345,9.30571 ,0.00227796 ,0.319869 
346,9.33268 ,0.00215211 ,0.320292 
347,9.35966 ,0.00202664 ,0.320724 
348,9.38663 ,0.00190156 ,0.321135 
349,9.4136 ,0.00177689 ,0.321555 
350,9.44058 ,0.00165263 ,0.321954 
351,9.46755 ,0.00152881 ,0.322361 
352,9.49452 ,0.00140544 ,0.322747 
353,9.5215 ,0.00128254 ,0.32314 
354,9.54847 ,0.00116012 ,0.323512 
355,9.57544 ,0.00103819 ,0.323892 
356,9.60241 ,0.000916782 ,0.32425 
357,9.62939 ,0.000795898 ,0.324615 
358,9.65636 ,0.000675557 ,0.324958 
359,9.68333 ,0.000555773 ,0.325308 
360,9.71031 ,0.000436562 ,0.325635 
361,9.73728 ,0.000317938 ,0.325969 
362,9.76425 ,0.000199916 ,0.326281 
363,9.79123 ,8.25108e-05 ,0.326599 
364,9.8182 ,-3.42632e-05 ,0.326894 
365,9.84517 ,-0.000150391 ,0.327194 
366,9.87214 ,-0.00026586 ,0.327472 
367,9.89912 ,-0.000380654 ,0.327755 
368,9.92609 ,-0.00049476 ,0.328015 
369,9.95306 ,-0.000608164 ,0.328279 
370,9.98004 ,-0.000720852 ,0.32852 
371,10.007 ,-0.00083281 ,0.328766 
372,10.034 ,-0.000944024 ,0.328988 
373,10.061 ,-0.00105448 ,0.329214 
374,10.0879 ,-0.00116417 ,0.329416 
375,10.1149 ,-0.00127307 ,0.329621 
376,10.1419 ,-0.00138118 ,0.329802 
377,10.1688 ,-0.00148848 ,0.329987 
378,10.1958 ,-0.00159496 ,0.330146 
379,10.2228 ,-0.0017006 ,0.330309 
380,10.2498 ,-0.0018054 ,0.330447 
381,10.2767 ,-0.00190934 ,0.330587 
382,10.3037 ,-0.0020124 ,0.330702 
383,10.3307 ,-0.00211459 ,0.330818 
384,10.3577 ,-0.00221588 ,0.33091 
385,10.3846 ,-0.00231626 ,0.331002 
386,10.4116 ,-0.00241573 ,0.331069 
387,10.4386 ,-0.00251426 ,0.331137 
388,10.4656 ,-0.00261186 ,0.33118 
389,10.4925 ,-0.00270851 ,0.331222 
390,10.5195 ,-0.0028042 ,0.331238 
391,10.5465 ,-0.00289892 ,0.331255 
392,10.5734 ,-0.00299266 ,0.331245 
393,10.6004 ,-0.0030854 ,0.331234 
394,10.6274 ,-0.00317715 ,0.331196 
395,10.6544 ,-0.00326788 ,0.331158 
396,10.6813 ,-0.0033576 ,0.331093 
397,10.7083 ,-0.00344629 ,0.331026 
398,10.7353 ,-0.00353394 ,0.330932 
399,10.7623 ,-0.00362055 ,0.330835 
400,10.7892 ,-0.00370611 ,0.330712 
401,10.8162 ,-0.0037906 ,0.330585 
402,10.8432 ,-0.00387403 ,0.330432 
403,10.8701 ,-0.00395637 ,0.330275 
404,10.8971 ,-0.00403764 ,0.33009 
405,10.9241 ,-0.00411781 ,0.329901 
406,10.9511 ,-0.00419688 ,0.329685 
407,10.978 ,-0.00427486 ,0.329464 
408,11.005 ,-0.00435172 ,0.329216 
409,11.032 ,-0.00442746 ,0.328962 
410,11.059 ,-0.00450208 ,0.32868 
411,11.0859 ,-0.00457558 ,0.328392 
412,11.1129 ,-0.00464794 ,0.328077 
413,11.1399 ,-0.00471916 ,0.327755 
414,11.1668 ,-0.00478925 ,0.327404 
415,11.1938 ,-0.00485818 ,0.327047 
416,11.2208 ,-0.00492597 ,0.326662 
417,11.2478 ,-0.0049926 ,0.326269 
418,11.2747 ,-0.00505807 ,0.325847 
419,11.3017 ,-0.00512238 ,0.325418 
420,11.3287 ,-0.00518553 ,0.32496 
421,11.3557 ,-0.00524752 ,0.324493 
422,11.3826 ,-0.00530833 ,0.323998 
423,11.4096 ,-0.00536797 ,0.323493 
424,11.4366 ,-0.00542644 ,0.32296 
425,11.4636 ,-0.00548374 ,0.322417 
426,11.4905 ,-0.00553986 ,0.321845 
427,11.5175 ,-0.0055948 ,0.321263 
428,11.5445 ,-0.00564857 ,0.320652 
429,11.5714 ,-0.00570116 ,0.32003 
430,11.5984 ,-0.00575258 ,0.319379 
431,11.6254 ,-0.00580282 ,0.318717 
432,11.6524 ,-0.00585188 ,0.318025 
433,11.6793 ,-0.00589977 ,0.317322 
434,11.7063 ,-0.00594648 ,0.31659 
435,11.7333 ,-0.00599202 ,0.315845 
436,11.7603 ,-0.00603639 ,0.315071 
437,11.7872 ,-0.0060796 ,0.314285 
438,11.8142 ,-0.00612163 ,0.313469 
439,11.8412 ,-0.00616251 ,0.31264 
440,11.8681 ,-0.00620222 ,0.311781 
441,11.8951 ,-0.00624077 ,0.31091 
442,11.9221 ,-0.00627817 ,0.310008 
443,11.9491 ,-0.00631443 ,0.309093 
444,11.976 ,-0.00634953 ,0.308147 
445,12.003 ,-0.0063835 ,0.307188 
446,12.03 ,-0.00641633 ,0.306199 
447,12.057 ,-0.00644802 ,0.305196 
448,12.0839 ,-0.00647859 ,0.304162 
449,12.1109 ,-0.00650804 ,0.303114 
450,12.1379 ,-0.00653637 ,0.302036 
451,12.1648 ,-0.0065636 ,0.300942 
452,12.1918 ,-0.00658972 ,0.299819 
453,12.2188 ,-0.00661475 ,0.29868 
454,12.2458 ,-0.00663868 ,0.297512 
455,12.2727 ,-0.00666153 ,0.296327 
456,12.2997 ,-0.00668331 ,0.295113 
457,12.3267 ,-0.00670402 ,0.293882 
458,12.3537 ,-0.00672367 ,0.292622 
459,12.3806 ,-0.00674227 ,0.291345 
460,12.4076 ,-0.00675983 ,0.290038 
461,12.4346 ,-0.00677635 ,0.288715 
462,12.4616 ,-0.00679185 ,0.287362 
463,12.4885 ,-0.00680633 ,0.285992 
464,12.5155 ,-0.0068198 ,0.284592 
465,12.5425 ,-0.00683228 ,0.283175 
466,12.5694 ,-0.00684376 ,0.281728 
467,12.5964 ,-0.00685427 ,0.280264 
468,12.6234 ,-0.00686381 ,0.278771 
469,12.6504 ,-0.0068724 ,0.27726 
470,12.6773 ,-0.00688003 ,0.275719 
471,12.7043 ,-0.00688673 ,0.274161 
472,12.7313 ,-0.00689251 ,0.272573 
473,12.7583 ,-0.00689737 ,0.270967 
474,12.7852 ,-0.00690132 ,0.269332 
475,12.8122 ,-0.00690439 ,0.267679 
476,12.8392 ,-0.00690657 ,0.265997 
477,12.8661 ,-0.00690789 ,0.264296 
478,12.8931 ,-0.00690835 ,0.262567 
479,12.9201 ,-0.00690797 ,0.260819 
480,12.9471 ,-0.00690676 ,0.259043 
481,12.974 ,-0.00690473 ,0.257247 
482,13.001 ,-0.00690189 ,0.255424 
483,13.028 ,-0.00689826 ,0.253582 
484,13.055 ,-0.00689385 ,0.251711 
485,13.0819 ,-0.00688867 ,0.249822 
486,13.1089 ,-0.00688274 ,0.247904 
487,13.1359 ,-0.00687606 ,0.245968 
488,13.1629 ,-0.00686866 ,0.244004 
489,13.1898 ,-0.00686054 ,0.24202 
490,13.2168 ,-0.00685173 ,0.240026 
491,13.2438 ,-0.00684223 ,0.23805 
492,13.2707 ,-0.00683205 ,0.236084 
493,13.2977 ,-0.00682121 ,0.234137 
494,13.3247 ,-0.00680973 ,0.2322 
495,13.3517 ,-0.00679762 ,0.230282 
496,13.3786 ,-0.00678488 ,0.228374 
497,13.4056 ,-0.00677154 ,0.226483 
498,13.4326 ,-0.0067576 ,0.224603 
499,13.4596 ,-0.00674308 ,0.22274 
500,13.4865 ,-0.00672799 ,0.220887 
501,13.5135 ,-0.00671235 ,0.219052 
502,13.5405 ,-0.00669617 ,0.217227 
503,13.5674 ,-0.00667945 ,0.215418 
504,13.5944 ,-0.00666221 ,0.213619 
505,13.6214 ,-0.00664447 ,0.211837 
506,13.6484 ,-0.00662623 ,0.210065 
507,13.6753 ,-0.00660751 ,0.20831 
508,13.7023 ,-0.00658832 ,0.206564 
509,13.7293 ,-0.00656867 ,0.204833 
510,13.7563 ,-0.00654857 ,0.203113 
511,13.7832 ,-0.00652803 ,0.201408 
512,13.8102 ,-0.00650707 ,0.199714 
513,13.8372 ,-0.00648569 ,0.198034 
514,13.8641 ,-0.00646392 ,0.196364 
515,13.8911 ,-0.00644174 ,0.194709 
516,13.9181 ,-0.00641919 ,0.193064 
517,13.9451 ,-0.00639627 ,0.191433 
518,13.972 ,-0.00637298 ,0.189812 
519,13.999 ,-0.00634935 ,0.188205 
520,14.026 ,-0.00632537 ,0.186608 
521,14.053 ,-0.00630107 ,0.185025 
522,14.0799 ,-0.00627645 ,0.183452 
523,14.1069 ,-0.00625151 ,0.181892 
524,14.1339 ,-0.00622628 ,0.180342 
525,14.1609 ,-0.00620075 ,0.178806 
526,14.1878 ,-0.00617494 ,0.177278 
527,14.2148 ,-0.00614886 ,0.175765 
528,14.2418 ,-0.00612252 ,0.17426 
529,14.2687 ,-0.00609593 ,0.172769 
530,14.2957 ,-0.00606908 ,0.171286 
531,14.3227 ,-0.00604201 ,0.169817 
532,14.3497 ,-0.0060147 ,0.168357 
533,14.3766 ,-0.00598718 ,0.166909 
534,14.4036 ,-0.00595944 ,0.165471 
535,14.4306 ,-0.00593151 ,0.164045 
536,14.4576 ,-0.00590337 ,0.162628 
537,14.4845 ,-0.00587506 ,0.161223 
538,14.5115 ,-0.00584656 ,0.159827 
539,14.5385 ,-0.00581789 ,0.158443 
540,14.5654 ,-0.00578906 ,0.157068 
541,14.5924 ,-0.00576008 ,0.155705 
542,14.6194 ,-0.00573095 ,0.154351 
543,14.6464 ,-0.00570167 ,0.153008 
544,14.6733 ,-0.00567227 ,0.151674 
545,14.7003 ,-0.00564273 ,0.150351 
546,14.7273 ,-0.00561308 ,0.149037 
547,14.7543 ,-0.00558331 ,0.147734 
548,14.7812 ,-0.00555344 ,0.14644 
549,14.8082 ,-0.00552347 ,0.145157 
550,14.8352 ,-0.0054934 ,0.143882 
551,14.8621 ,-0.00546325 ,0.142619 
552,14.8891 ,-0.00543302 ,0.141363 
553,14.9161 ,-0.00540271 ,0.140119 
554,14.9431 ,-0.00537233 ,0.138882 
555,14.97 ,-0.00534189 ,0.137657 
556,14.997 ,-0.0053114 ,0.136439 
557,15.024 ,-0.00528085 ,0.135232 
558,15.051 ,-0.00525026 ,0.134033 
559,15.0779 ,-0.00521963 ,0.132845 
560,15.1049 ,-0.00518896 ,0.131664 
561,15.1319 ,-0.00515826 ,0.130494 
562,15.1589 ,-0.00512754 ,0.129331 
563,15.1858 ,-0.00509679 ,0.128179 
564,15.2128 ,-0.00506604 ,0.127034 
565,15.2398 ,-0.00503527 ,0.125899 
566,15.2667 ,-0.0050045 ,0.124772 
567,15.2937 ,-0.00497372 ,0.123655 
568,15.3207 ,-0.00494296 ,0.122545 
569,15.3477 ,-0.0049122 ,0.121445 
570,15.3746 ,-0.00488145 ,0.120353 
571,15.4016 ,-0.00485072 ,0.11927 
572,15.4286 ,-0.00482001 ,0.118195 
573,15.4556 ,-0.00478932 ,0.117129 
574,15.4825 ,-0.00475867 ,0.11607 
575,15.5095 ,-0.00472804 ,0.115021 
576,15.5365 ,-0.00469746 ,0.113979 
577,15.5634 ,-0.00466691 ,0.112946 
578,15.5904 ,-0.00463641 ,0.11192 
579,15.6174 ,-0.00460596 ,0.110904 
580,15.6444 ,-0.00457555 ,0.109894 
581,15.6713 ,-0.0045452 ,0.108893 
582,15.6983 ,-0.00451491 ,0.1079 
583,15.7253 ,-0.00448468 ,0.106915 
584,15.7523 ,-0.00445452 ,0.105938 
585,15.7792 ,-0.00442442 ,0.104968 
586,15.8062 ,-0.00439439 ,0.104006 
587,15.8332 ,-0.00436443 ,0.103052 
588,15.8602 ,-0.00433455 ,0.102106 
589,15.8871 ,-0.00430475 ,0.101167 
590,15.9141 ,-0.00427502 ,0.100236 
591,15.9411 ,-0.00424539 ,0.099312 
592,15.968 ,-0.00421583 ,0.0983955 
593,15.995 ,-0.00418637 ,0.0974868 
594,16.022 ,-0.004157 ,0.0965851 
595,16.049 ,-0.00412772 ,0.0956911 
596,16.0759 ,-0.00409853 ,0.0948039 
597,16.1029 ,-0.00406944 ,0.0939244 
598,16.1299 ,-0.00404046 ,0.0930517 
599,16.1569 ,-0.00401157 ,0.0921865 
600,16.1838 ,-0.00398279 ,0.091328 
601,16.2108 ,-0.00395411 ,0.090477 
602,16.2378 ,-0.00392555 ,0.0896325 
603,16.2647 ,-0.00389709 ,0.0887954 
604,16.2917 ,-0.00386874 ,0.0879648 
605,16.3187 ,-0.0038405 ,0.0871415 
606,16.3457 ,-0.00381238 ,0.0863246 
607,16.3726 ,-0.00378438 ,0.0855148 
608,16.3996 ,-0.00375649 ,0.0847114 
609,16.4266 ,-0.00372872 ,0.0839151 
610,16.4536 ,-0.00370107 ,0.083125 
611,16.4805 ,-0.00367355 ,0.0823419 
612,16.5075 ,-0.00364615 ,0.081565 
613,16.5345 ,-0.00361887 ,0.0807949 
614,16.5614 ,-0.00359171 ,0.080031 
615,16.5884 ,-0.00356469 ,0.0792738 
616,16.6154 ,-0.00353779 ,0.0785226 
617,16.6424 ,-0.00351102 ,0.0777781 
618,16.6693 ,-0.00348438 ,0.0770397 
619,16.6963 ,-0.00345787 ,0.0763077 
620,16.7233 ,-0.00343149 ,0.0755817 
621,16.7503 ,-0.00340525 ,0.0748621 
622,16.7772 ,-0.00337914 ,0.0741484 
623,16.8042 ,-0.00335316 ,0.073441 
624,16.8312 ,-0.00332732 ,0.0727394 
625,16.8582 ,-0.00330161 ,0.072044 
626,16.8851 ,-0.00327604 ,0.0713544 
627,16.9121 ,-0.00325061 ,0.0706709 
628,16.9391 ,-0.00322532 ,0.0699931 
629,16.966 ,-0.00320016 ,0.0693213 
630,16.993 ,-0.00317515 ,0.0686551 
631,17.02 ,-0.00315027 ,0.0679948 
632,17.047 ,-0.00312553 ,0.0673401 
633,17.0739 ,-0.00310093 ,0.0666912 
634,17.1009 ,-0.00307648 ,0.0660478 
635,17.1279 ,-0.00305216 ,0.0654102 
636,17.1549 ,-0.00302799 ,0.0647779 
637,17.1818 ,-0.00300396 ,0.0641513 
638,17.2088 ,-0.00298007 ,0.06353 
639,17.2358 ,-0.00295632 ,0.0629143 
640,17.2627 ,-0.00293272 ,0.0623038 
641,17.2897 ,-0.00290926 ,0.0616989 
642,17.3167 ,-0.00288594 ,0.0610991 
643,17.3437 ,-0.00286276 ,0.0605047 
644,17.3706 ,-0.00283973 ,0.0599155 
645,17.3976 ,-0.00281684 ,0.0593315 
646,17.4246 ,-0.00279409 ,0.0587526 
647,17.4516 ,-0.00277149 ,0.058179 
648,17.4785 ,-0.00274903 ,0.0576103 
649,17.5055 ,-0.00272672 ,0.0570467 
650,17.5325 ,-0.00270455 ,0.0564881 
651,17.5595 ,-0.00268252 ,0.0559346 
652,17.5864 ,-0.00266063 ,0.0553858 
653,17.6134 ,-0.00263889 ,0.0548421 
654,17.6404 ,-0.00261729 ,0.0543032 
655,17.6673 ,-0.00259583 ,0.0537691 
656,17.6943 ,-0.00257452 ,0.0532398 
657,17.7213 ,-0.00255334 ,0.0527153 
658,17.7483 ,-0.00253232 ,0.0521954 
659,17.7752 ,-0.00251143 ,0.0516803 
660,17.8022 ,-0.00249068 ,0.0511697 
661,17.8292 ,-0.00247008 ,0.0506639 
662,17.8562 ,-0.00244962 ,0.0501625 
663,17.8831 ,-0.0024293 ,0.0496657 
664,17.9101 ,-0.00240911 ,0.0491734 
665,17.9371 ,-0.00238907 ,0.0486856 
666,17.964 ,-0.00236917 ,0.0482021 
667,17.991 ,-0.00234941 ,0.0477232 
668,18.018 ,-0.00232979 ,0.0472485 
669,18.045 ,-0.00231031 ,0.0467782 
670,18.0719 ,-0.00229097 ,0.0463121 
671,18.0989 ,-0.00227176 ,0.0458504 
672,18.1259 ,-0.0022527 ,0.0453928 
673,18.1529 ,-0.00223377 ,0.0449395 
674,18.1798 ,-0.00221497 ,0.0444903 
675,18.2068 ,-0.00219632 ,0.0440452 
676,18.2338 ,-0.0021778 ,0.0436042 
677,18.2607 ,-0.00215941 ,0.0431673 
678,18.2877 ,-0.00214116 ,0.0427344 
679,18.3147 ,-0.00212305 ,0.0423055 
680,18.3417 ,-0.00210507 ,0.0418805 
681,18.3686 ,-0.00208722 ,0.0414595 
682,18.3956 ,-0.00206951 ,0.0410424 
683,18.4226 ,-0.00205193 ,0.0406291 
684,18.4496 ,-0.00203448 ,0.0402197 
685,18.4765 ,-0.00201716 ,0.0398141 
686,18.5035 ,-0.00199998 ,0.0394122 
687,18.5305 ,-0.00198292 ,0.0390141 
688,18.5575 ,-0.00196599 ,0.0386196 
689,18.5844 ,-0.0019492 ,0.0382289 
690,18.6114 ,-0.00193253 ,0.0378418 
691,18.6384 ,-0.00191599 ,0.0374583 
692,18.6653 ,-0.00189958 ,0.0370784 
693,18.6923 ,-0.00188329 ,0.0367021 
694,18.7193 ,-0.00186713 ,0.0363292 
695,18.7463 ,-0.0018511 ,0.0359599 
696,18.7732 ,-0.00183519 ,0.035594 
697,18.8002 ,-0.00181941 ,0.0352316 
698,18.8272 ,-0.00180375 ,0.0348726 
699,18.8542 ,-0.00178821 ,0.034517 
700,18.8811 ,-0.0017728 ,0.0341646 
701,18.9081 ,-0.00175751 ,0.0338157 
702,18.9351 ,-0.00174234 ,0.03347 
703,18.962 ,-0.00172729 ,0.0331276 
704,18.989 ,-0.00171236 ,0.0327884 
705,19.016 ,-0.00169755 ,0.0324524 
706,19.043 ,-0.00168286 ,0.0321196 
707,19.0699 ,-0.00166828 ,0.03179 
708,19.0969 ,-0.00165383 ,0.0314635 
709,19.1239 ,-0.00163949 ,0.0311401 
710,19.1509 ,-0.00162527 ,0.0308197 
711,19.1778 ,-0.00161116 ,0.0305024 
712,19.2048 ,-0.00159717 ,0.0301881 
713,19.2318 ,-0.00158329 ,0.0298769 
714,19.2587 ,-0.00156952 ,0.0295685 
715,19.2857 ,-0.00155587 ,0.0292632 
716,19.3127 ,-0.00154233 ,0.0289607 
717,19.3397 ,-0.0015289 ,0.0286611 
718,19.3666 ,-0.00151559 ,0.0283644 
719,19.3936 ,-0.00150238 ,0.0280705 
720,19.4206 ,-0.00148928 ,0.0277794 
721,19.4476 ,-0.00147629 ,0.0274911 
722,19.4745 ,-0.00146341 ,0.0272056 
723,19.5015 ,-0.00145064 ,0.0269228 
724,19.5285 ,-0.00143797 ,0.0266428 
725,19.5555 ,-0.00142541 ,0.0263654 
726,19.5824 ,-0.00141295 ,0.0260907 
727,19.6094 ,-0.0014006 ,0.0258186 
728,19.6364 ,-0.00138836 ,0.0255492 
729,19.6633 ,-0.00137621 ,0.0252823 
730,19.6903 ,-0.00136417 ,0.025018 
731,19.7173 ,-0.00135224 ,0.0247563 
732,19.7443 ,-0.0013404 ,0.0244971 
733,19.7712 ,-0.00132866 ,0.0242404 
734,19.7982 ,-0.00131703 ,0.0239861 
735,19.8252 ,-0.00130549 ,0.0237344 
736,19.8522 ,-0.00129405 ,0.023485 
737,19.8791 ,-0.00128271 ,0.0232381 
738,19.9061 ,-0.00127147 ,0.0229936 
739,19.9331 ,-0.00126032 ,0.0227514 
740,19.96 ,-0.00124927 ,0.0225116 
741,19.987 ,-0.00123832 ,0.0222741 
742,20.014 ,-0.00122746 ,0.0220389 
743,20.041 ,-0.00121669 ,0.0218061 
744,20.0679 ,-0.00120602 ,0.0215754 
745,20.0949 ,-0.00119544 ,0.021347 
746,20.1219 ,-0.00118495 ,0.0211209 
747,20.1489 ,-0.00117456 ,0.0208969 
748,20.1758 ,-0.00116425 ,0.0206751 
749,20.2028 ,-0.00115404 ,0.0204555 
750,20.2298 ,-0.00114391 ,0.0202381 
751,20.2568 ,-0.00113388 ,0.0200227 
752,20.2837 ,-0.00112393 ,0.0198095 
753,20.3107 ,-0.00111407 ,0.0195983 
754,20.3377 ,-0.00110429 ,0.0193892 
755,20.3646 ,-0.00109461 ,0.0191822 
756,20.3916 ,-0.00108501 ,0.0189771 
757,20.4186 ,-0.00107549 ,0.0187741 
758,20.4456 ,-0.00106606 ,0.0185731 
759,20.4725 ,-0.00105671 ,0.018374 
760,20.4995 ,-0.00104744 ,0.0181769 
761,20.5265 ,-0.00103826 ,0.0179818 
762,20.5535 ,-0.00102916 ,0.0177885 
763,20.5804 ,-0.00102014 ,0.0175972 
764,20.6074 ,-0.00101121 ,0.0174077 
765,20.6344 ,-0.00100235 ,0.0172201 
766,20.6613 ,-0.00099357 ,0.0170343 
767,20.6883 ,-0.000984871 ,0.0168504 
768,20.7153 ,-0.00097625 ,0.0166683 
769,20.7423 ,-0.000967707 ,0.016488 
770,20.7692 ,-0.000959241 ,0.0163094 
771,20.7962 ,-0.000950852 ,0.0161327 
772,20.8232 ,-0.000942539 ,0.0159576 
773,20.8502 ,-0.000934301 ,0.0157844 
774,20.8771 ,-0.000926139 ,0.0156128 
775,20.9041 ,-0.00091805 ,0.0154429 
776,20.9311 ,-0.000910035 ,0.0152747 
777,20.958 ,-0.000902094 ,0.0151082 
778,20.985 ,-0.000894225 ,0.0149433 
779,21.012 ,-0.000886428 ,0.01478 
780,21.039 ,-0.000878703 ,0.0146184 
781,21.0659 ,-0.000871049 ,0.0144584 
782,21.0929 ,-0.000863465 ,0.0142999 
783,21.1199 ,-0.000855951 ,0.0141431 
784,21.1469 ,-0.000848506 ,0.0139878 
785,21.1738 ,-0.00084113 ,0.0138341 
786,21.2008 ,-0.000833822 ,0.0136818 
787,21.2278 ,-0.000826582 ,0.0135312 
788,21.2548 ,-0.000819409 ,0.013382 
789,21.2817 ,-0.000812303 ,0.0132343 
790,21.3087 ,-0.000805262 ,0.013088 
791,21.3357 ,-0.000798288 ,0.0129433 
792,21.3626 ,-0.000791378 ,0.0128 
793,21.3896 ,-0.000784533 ,0.0126581 
794,21.4166 ,-0.000777752 ,0.0125176 
795,21.4436 ,-0.000771035 ,0.0123786 
796,21.4705 ,-0.00076438 ,0.0122409 
797,21.4975 ,-0.000757788 ,0.0121047 
798,21.5245 ,-0.000751258 ,0.0119698 
799,21.5515 ,-0.00074479 ,0.0118362 
800,21.5784 ,-0.000738383 ,0.011704 
801,21.6054 ,-0.000732036 ,0.0115732 
802,21.6324 ,-0.000725749 ,0.0114436 
803,21.6593 ,-0.000719522 ,0.0113154 
804,21.6863 ,-0.000713354 ,0.0111885 
805,21.7133 ,-0.000707245 ,0.0110628 
806,21.7403 ,-0.000701194 ,0.0109384 
807,21.7672 ,-0.0006952 ,0.0108153 
808,21.7942 ,-0.000689264 ,0.0106934 
809,21.8212 ,-0.000683384 ,0.0105728 
810,21.8482 ,-0.000677561 ,0.0104534 
811,21.8751 ,-0.000671794 ,0.0103352 
812,21.9021 ,-0.000666082 ,0.0102182 
813,21.9291 ,-0.000660425 ,0.0101024 
814,21.956 ,-0.000654823 ,0.00998776 
815,21.983 ,-0.000649274 ,0.00987431 
816,22.01 ,-0.00064378 ,0.00976202 
817,22.037 ,-0.000638338 ,0.00965088 
818,22.0639 ,-0.00063295 ,0.00954087 
819,22.0909 ,-0.000627613 ,0.00943199 
820,22.1179 ,-0.000622329 ,0.00932423 
821,22.1449 ,-0.000617096 ,0.00921758 
822,22.1718 ,-0.000611914 ,0.00911203 
823,22.1988 ,-0.000606783 ,0.00900756 
824,22.2258 ,-0.000601702 ,0.00890417 
825,22.2528 ,-0.000596671 ,0.00880185 
826,22.2797 ,-0.00059169 ,0.00870059 
827,22.3067 ,-0.000586757 ,0.00860038 
828,22.3337 ,-0.000581873 ,0.0085012 
829,22.3606 ,-0.000577037 ,0.00840306 
830,22.3876 ,-0.00057225 ,0.00830594 
831,22.4146 ,-0.000567509 ,0.00820982 
832,22.4416 ,-0.000562816 ,0.00811472 
833,22.4685 ,-0.00055817 ,0.0080206 
834,22.4955 ,-0.000553569 ,0.00792747 
835,22.5225 ,-0.000549015 ,0.00783531 
836,22.5495 ,-0.000544506 ,0.00774413 
837,22.5764 ,-0.000540043 ,0.0076539 
838,22.6034 ,-0.000535624 ,0.00756462 
839,22.6304 ,-0.00053125 ,0.00747628 
840,22.6573 ,-0.00052692 ,0.00738888 
841,22.6843 ,-0.000522634 ,0.0073024 
842,22.7113 ,-0.000518391 ,0.00721684 
843,22.7383 ,-0.000514191 ,0.00713219 
844,22.7652 ,-0.000510033 ,0.00704844 
845,22.7922 ,-0.000505919 ,0.00696558 
846,22.8192 ,-0.000501846 ,0.00688361 
847,22.8462 ,-0.000497815 ,0.00680252 
848,22.8731 ,-0.000493825 ,0.0067223 
849,22.9001 ,-0.000489876 ,0.00664294 
850,22.9271 ,-0.000485967 ,0.00656444 
851,22.9541 ,-0.0004821 ,0.00648678 
852,22.981 ,-0.000478272 ,0.00640997 
853,23.008 ,-0.000474483 ,0.00633399 
854,23.035 ,-0.000470735 ,0.00625883 
855,23.0619 ,-0.000467025 ,0.0061845 
856,23.0889 ,-0.000463354 ,0.00611098 
857,23.1159 ,-0.000459721 ,0.00603826 
858,23.1429 ,-0.000456126 ,0.00596635 
859,23.1698 ,-0.000452569 ,0.00589522 
860,23.1968 ,-0.00044905 ,0.00582489 
861,23.2238 ,-0.000445568 ,0.00575533 
862,23.2508 ,-0.000442123 ,0.00568655 
863,23.2777 ,-0.000438714 ,0.00561853 
864,23.3047 ,-0.000435342 ,0.00555127 
865,23.3317 ,-0.000432006 ,0.00548477 
866,23.3586 ,-0.000428705 ,0.00541902 
867,23.3856 ,-0.00042544 ,0.00535401 
868,23.4126 ,-0.00042221 ,0.00528973 
869,23.4396 ,-0.000419015 ,0.00522619 
870,23.4665 ,-0.000415854 ,0.00516336 
871,23.4935 ,-0.000412728 ,0.00510126 
872,23.5205 ,-0.000409636 ,0.00503987 
873,23.5475 ,-0.000406578 ,0.00497919 
874,23.5744 ,-0.000403553 ,0.00491921 
875,23.6014 ,-0.000400562 ,0.00485993 
876,23.6284 ,-0.000397603 ,0.00480134 
877,23.6553 ,-0.000394677 ,0.00474343 
878,23.6823 ,-0.000391784 ,0.00468621 
879,23.7093 ,-0.000388923 ,0.00462966 
880,23.7363 ,-0.000386094 ,0.00457378 
881,23.7632 ,-0.000383296 ,0.00451856 
882,23.7902 ,-0.000380531 ,0.00446401 
883,23.8172 ,-0.000377796 ,0.00441011 
884,23.8442 ,-0.000375092 ,0.00435686 
885,23.8711 ,-0.000372419 ,0.00430425 
886,23.8981 ,-0.000369777 ,0.00425229 
887,23.9251 ,-0.000367165 ,0.00420096 
888,23.9521 ,-0.000364583 ,0.00415027 
889,23.979 ,-0.00036203 ,0.0041002 
890,24.006 ,-0.000359508 ,0.00405075 
891,24.033 ,-0.000357014 ,0.00400193 
892,24.0599 ,-0.00035455 ,0.00395371 
893,24.0869 ,-0.000352115 ,0.00390611 
894,24.1139 ,-0.000349708 ,0.00385911 
895,24.1409 ,-0.00034733 ,0.00381271 
896,24.1678 ,-0.00034498 ,0.00376691 
897,24.1948 ,-0.000342658 ,0.0037217 
898,24.2218 ,-0.000340365 ,0.00367708 
899,24.2488 ,-0.000338098 ,0.00363305 
900,24.2757 ,-0.000335859 ,0.00358959 
901,24.3027 ,-0.000333648 ,0.00354672 
902,24.3297 ,-0.000331463 ,0.00350442 
903,24.3566 ,-0.000329305 ,0.00346268 
904,24.3836 ,-0.000327174 ,0.00342152 
905,24.4106 ,-0.000325069 ,0.00338091 
906,24.4376 ,-0.00032299 ,0.00334087 
907,24.4645 ,-0.000320938 ,0.00330138 
908,24.4915 ,-0.000318911 ,0.00326244 
909,24.5185 ,-0.00031691 ,0.00322405 
910,24.5455 ,-0.000314935 ,0.00318621 
911,24.5724 ,-0.000312984 ,0.00314891 
912,24.5994 ,-0.000311059 ,0.00311215 
913,24.6264 ,-0.000309159 ,0.00307592 
914,24.6533 ,-0.000307284 ,0.00304023 
915,24.6803 ,-0.000305433 ,0.00300506 
916,24.7073 ,-0.000303606 ,0.00297042 
917,24.7343 ,-0.000301804 ,0.00293631 
918,24.7612 ,-0.000300026 ,0.00290271 
919,24.7882 ,-0.000298272 ,0.00286964 
920,24.8152 ,-0.000296541 ,0.00283707 
921,24.8422 ,-0.000294834 ,0.00280502 
922,24.8691 ,-0.000293151 ,0.00277348 
923,24.8961 ,-0.00029149 ,0.00274245 
924,24.9231 ,-0.000289853 ,0.00271191 
925,24.9501 ,-0.000288239 ,0.00268188 
926,24.977 ,-0.000286647 ,0.00265235 
927,25.004 ,-0.000285078 ,0.00262331 
928,25.031 ,-0.000283532 ,0.00259477 
929,25.0579 ,-0.000282008 ,0.00256672 
930,25.0849 ,-0.000280506 ,0.00253916 
931,25.1119 ,-0.000279026 ,0.00251208 
932,25.1389 ,-0.000277568 ,0.00248549 
933,25.1658 ,-0.000276131 ,0.00245937 
934,25.1928 ,-0.000274717 ,0.00243374 
935,25.2198 ,-0.000273323 ,0.00240858 
936,25.2468 ,-0.000271951 ,0.0023839 
937,25.2737 ,-0.000270601 ,0.0023597 
938,25.3007 ,-0.000269271 ,0.00233596 
939,25.3277 ,-0.000267962 ,0.00231269 
940,25.3546 ,-0.000266674 ,0.00228989 
941,25.3816 ,-0.000265407 ,0.00226755 
942,25.4086 ,-0.00026416 ,0.00224567 
943,25.4356 ,-0.000262934 ,0.00222426 
944,25.4625 ,-0.000261727 ,0.0022033 
945,25.4895 ,-0.000260541 ,0.0021828 
946,25.5165 ,-0.000259376 ,0.00216275 
947,25.5435 ,-0.000258229 ,0.00214316 
948,25.5704 ,-0.000257103 ,0.00212402 
949,25.5974 ,-0.000255997 ,0.00210533 
950,25.6244 ,-0.00025491 ,0.00208708 
951,25.6514 ,-0.000253842 ,0.00206929 
952,25.6783 ,-0.000252794 ,0.00205193 
953,25.7053 ,-0.000251765 ,0.00203502 
954,25.7323 ,-0.000250755 ,0.00201855 
955,25.7592 ,-0.000249764 ,0.00200252 
956,25.7862 ,-0.000248792 ,0.00198693 
957,25.8132 ,-0.000247839 ,0.00197178 
958,25.8402 ,-0.000246905 ,0.00195706 
959,25.8671 ,-0.000245989 ,0.00194277 
960,25.8941 ,-0.000245092 ,0.00192892 
961,25.9211 ,-0.000244213 ,0.00191549 
962,25.9481 ,-0.000243352 ,0.0019025 
963,25.975 ,-0.00024251 ,0.00188993 
964,26.002 ,-0.000241686 ,0.00187779 
965,26.029 ,-0.000240879 ,0.00186607 
966,26.0559 ,-0.000240091 ,0.00185478 
967,26.0829 ,-0.000239321 ,0.00184391 
968,26.1099 ,-0.000238568 ,0.00183346 
969,26.1369 ,-0.000237833 ,0.00182343 
970,26.1638 ,-0.000237115 ,0.00181382 
971,26.1908 ,-0.000236415 ,0.00180463 
972,26.2178 ,-0.000235733 ,0.00179586 
973,26.2448 ,-0.000235067 ,0.00178749 
974,26.2717 ,-0.000234419 ,0.00177955 
975,26.2987 ,-0.000233789 ,0.00177201 
976,26.3257 ,-0.000233175 ,0.00176489 
977,26.3526 ,-0.000232578 ,0.00175818 
978,26.3796 ,-0.000231998 ,0.00175187 
979,26.4066 ,-0.000231435 ,0.00174598 
980,26.4336 ,-0.000230889 ,0.00174049 
981,26.4605 ,-0.00023036 ,0.00173541 
982,26.4875 ,-0.000229847 ,0.00173074 
983,26.5145 ,-0.000229351 ,0.00172646 
984,26.5415 ,-0.000228871 ,0.00172259 
985,26.5684 ,-0.000228408 ,0.00171913 
986,26.5954 ,-0.000227961 ,0.00171606 
987,26.6224 ,-0.000227531 ,0.0017134 
988,26.6494 ,-0.000227116 ,0.00171113 
989,26.6763 ,-0.000226718 ,0.00170926 
990,26.7033 ,-0.000226336 ,0.00170779 
991,26.7303 ,-0.000225971 ,0.00170672 
992,26.7572 ,-0.000225621 ,0.00170604 
993,26.7842 ,-0.000225287 ,0.00170576 
994,26.8112 ,-0.000224969 ,0.00170587 
995,26.8382 ,-0.000224667 ,0.00170637 
996,26.8651 ,-0.000224381 ,0.00170726 
997,26.8921 ,-0.00022411 ,0.00170855 
998,26.9191 ,-0.000223855 ,0.00171023 
999,26.9461 ,-0.000223616 ,0.00171229 
1000,26.973 ,-0.000223392 ,0.00171475 