N_e = 8
1,0.027 ,0.000360836 ,-2743.22 
2,0.053973 ,0.000361016 ,-686.294 
3,0.080946 ,0.000490328 ,-304.975 
4,0.107919 ,0.000637149 ,-171.462 
5,0.134892 ,0.000788943 ,-109.652 
6,0.161865 ,0.000942639 ,-76.0722 
7,0.188838 ,0.00109718 ,-55.8227 
8,0.215811 ,0.0012521 ,-42.6793 
9,0.242784 ,0.0014072 ,-33.6677 
10,0.269757 ,0.00156233 ,-27.2216 
11,0.29673 ,0.00171743 ,-22.4521 
12,0.323703 ,0.00187244 ,-18.8245 
13,0.350676 ,0.00202733 ,-16.0013 
14,0.377649 ,0.00218205 ,-13.7611 
15,0.404622 ,0.0023366 ,-11.9539 
16,0.431595 ,0.00249094 ,-10.4748 
17,0.458568 ,0.00264505 ,-9.24899 
18,0.485541 ,0.00279892 ,-8.22178 
19,0.512514 ,0.00295252 ,-7.35245 
20,0.539487 ,0.00310585 ,-6.61027 
21,0.56646 ,0.00325888 ,-5.97158 
22,0.593433 ,0.0034116 ,-5.41803 
23,0.620406 ,0.00356399 ,-4.9351 
24,0.647379 ,0.00371605 ,-4.51132 
25,0.674352 ,0.00386774 ,-4.13738 
26,0.701325 ,0.00401906 ,-3.80579 
27,0.728298 ,0.00417 ,-3.51037 
28,0.755271 ,0.00432054 ,-3.24608 
29,0.782244 ,0.00447066 ,-3.00867 
30,0.809217 ,0.00462035 ,-2.79464 
31,0.83619 ,0.00476959 ,-2.601 
32,0.863163 ,0.00491839 ,-2.42527 
33,0.890136 ,0.0050667 ,-2.26529 
34,0.917109 ,0.00521454 ,-2.11926 
35,0.944082 ,0.00536188 ,-1.98558 
36,0.971055 ,0.0055087 ,-1.86292 
37,0.998028 ,0.005655 ,-1.75009 
38,1.025 ,0.00580077 ,-1.6461 
39,1.05197 ,0.00594598 ,-1.55001 
40,1.07895 ,0.00609063 ,-1.46108 
41,1.10592 ,0.0062347 ,-1.37859 
42,1.13289 ,0.00637818 ,-1.30197 
43,1.15987 ,0.00652106 ,-1.23064 
44,1.18684 ,0.00666333 ,-1.16416 
45,1.21381 ,0.00680497 ,-1.10208 
46,1.24079 ,0.00694598 ,-1.04405 
47,1.26776 ,0.00708633 ,-0.989689 
48,1.29473 ,0.00722603 ,-0.938738 
49,1.3217 ,0.00736505 ,-0.890884 
50,1.34868 ,0.00750339 ,-0.845918 
51,1.37565 ,0.00764103 ,-0.80358 
52,1.40262 ,0.00777796 ,-0.763707 
53,1.4296 ,0.00791418 ,-0.726078 
54,1.45657 ,0.00804967 ,-0.690566 
55,1.48354 ,0.00818442 ,-0.656981 
56,1.51051 ,0.00831842 ,-0.625225 
57,1.53749 ,0.00845166 ,-0.595134 
58,1.56446 ,0.00858413 ,-0.566632 
59,1.59143 ,0.00871582 ,-0.539574 
60,1.61841 ,0.00884672 ,-0.513903 
61,1.64538 ,0.00897682 ,-0.489491 
62,1.67235 ,0.00910611 ,-0.466296 
63,1.69933 ,0.00923459 ,-0.444205 
64,1.7263 ,0.00936223 ,-0.423185 
65,1.75327 ,0.00948905 ,-0.403135 
66,1.78024 ,0.00961501 ,-0.384034 
67,1.80722 ,0.00974012 ,-0.365789 
68,1.83419 ,0.00986437 ,-0.348387 
69,1.86116 ,0.00998775 ,-0.331743 
70,1.88814 ,0.0101103 ,-0.315851 
71,1.91511 ,0.0102319 ,-0.300632 
72,1.94208 ,0.0103526 ,-0.286086 
73,1.96906 ,0.0104724 ,-0.27214 
74,1.99603 ,0.0105913 ,-0.258799 
75,2.023 ,0.0107093 ,-0.245994 
76,2.04998 ,0.0108264 ,-0.233734 
77,2.07695 ,0.0109425 ,-0.221954 
78,2.10392 ,0.0110577 ,-0.210667 
79,2.13089 ,0.011172 ,-0.19981 
80,2.15787 ,0.0112853 ,-0.189401 
81,2.18484 ,0.0113977 ,-0.17938 
82,2.21181 ,0.011509 ,-0.169766 
83,2.23879 ,0.0116195 ,-0.160501 
84,2.26576 ,0.0117289 ,-0.151607 
85,2.29273 ,0.0118374 ,-0.143029 
86,2.31971 ,0.0119449 ,-0.13479 
87,2.34668 ,0.0120514 ,-0.126837 
88,2.37365 ,0.0121569 ,-0.119196 
89,2.40062 ,0.0122614 ,-0.111813 
90,2.4276 ,0.0123649 ,-0.104717 
91,2.45457 ,0.0124674 ,-0.0978553 
92,2.48154 ,0.0125689 ,-0.0912577 
93,2.50852 ,0.0126694 ,-0.0848735 
94,2.53549 ,0.0127688 ,-0.0787331 
95,2.56246 ,0.0128673 ,-0.0727869 
96,2.58944 ,0.0129647 ,-0.0670662 
97,2.61641 ,0.013061 ,-0.0615225 
98,2.64338 ,0.0131564 ,-0.0561881 
99,2.67035 ,0.0132507 ,-0.051015 
100,2.69733 ,0.0133439 ,-0.0460364 
101,2.7243 ,0.0134362 ,-0.041205 
102,2.75127 ,0.0135274 ,-0.0365548 
103,2.77825 ,0.0136175 ,-0.0320389 
104,2.80522 ,0.0137066 ,-0.0276922 
105,2.83219 ,0.0137946 ,-0.0234681 
106,2.85917 ,0.0138816 ,-0.0194022 
107,2.88614 ,0.0139675 ,-0.0154484 
108,2.91311 ,0.0140524 ,-0.0116427 
109,2.94008 ,0.0141362 ,-0.00793944 
110,2.96706 ,0.014219 ,-0.00437524 
111,2.99403 ,0.0143007 ,-0.000904555 
112,3.021 ,0.0143813 ,0.00243536 
113,3.04798 ,0.0144609 ,0.00568987 
114,3.07495 ,0.0145394 ,0.00882122 
115,3.10192 ,0.0146169 ,0.0118746 
116,3.12889 ,0.0146932 ,0.0148118 
117,3.15587 ,0.0147686 ,0.0176779 
118,3.18284 ,0.0148428 ,0.0204342 
119,3.20981 ,0.014916 ,0.0231257 
120,3.23679 ,0.0149882 ,0.0257133 
121,3.26376 ,0.0150593 ,0.0282418 
122,3.29073 ,0.0151293 ,0.0306719 
123,3.31771 ,0.0151982 ,0.0330484 
124,3.34468 ,0.0152661 ,0.0353314 
125,3.37165 ,0.015333 ,0.0375657 
126,3.39863 ,0.0153988 ,0.0397111 
127,3.4256 ,0.0154635 ,0.0418125 
128,3.45257 ,0.0155271 ,0.0438293 
129,3.47954 ,0.0155897 ,0.0458063 
130,3.50652 ,0.0156513 ,0.0477026 
131,3.53349 ,0.0157118 ,0.0495631 
132,3.56046 ,0.0157712 ,0.0513467 
133,3.58744 ,0.0158297 ,0.0530981 
134,3.61441 ,0.015887 ,0.054776 
135,3.64138 ,0.0159433 ,0.0564251 
136,3.66836 ,0.0159986 ,0.0580039 
137,3.69533 ,0.0160528 ,0.0595572 
138,3.7223 ,0.016106 ,0.061043 
139,3.74927 ,0.0161582 ,0.0625064 
140,3.77625 ,0.0162093 ,0.0639051 
141,3.80322 ,0.0162594 ,0.065284 
142,3.83019 ,0.0163084 ,0.0666009 
143,3.85717 ,0.0163564 ,0.0679007 
144,3.88414 ,0.0164035 ,0.0691407 
145,3.91111 ,0.0164494 ,0.0703662 
146,3.93809 ,0.0164944 ,0.0715341 
147,3.96506 ,0.0165384 ,0.0726898 
148,3.99203 ,0.0165813 ,0.0737901 
149,4.019 ,0.0166233 ,0.0748802 
150,4.04598 ,0.0166642 ,0.0759169 
151,4.07295 ,0.0167041 ,0.0769455 
152,4.09992 ,0.016743 ,0.0779225 
153,4.1269 ,0.016781 ,0.0788933 
154,4.15387 ,0.0168179 ,0.0798143 
155,4.18084 ,0.0168539 ,0.0807308 
156,4.20782 ,0.0168889 ,0.0815992 
157,4.23479 ,0.0169228 ,0.0824648 
158,4.26176 ,0.0169559 ,0.0832838 
159,4.28873 ,0.0169879 ,0.0841016 
160,4.31571 ,0.017019 ,0.0848742 
161,4.34268 ,0.0170491 ,0.0856471 
162,4.36965 ,0.0170782 ,0.0863762 
163,4.39663 ,0.0171064 ,0.0871071 
164,4.4236 ,0.0171336 ,0.0877953 
165,4.45057 ,0.0171599 ,0.0884867 
166,4.47755 ,0.0171853 ,0.0891367 
167,4.50452 ,0.0172097 ,0.0897911 
168,4.53149 ,0.0172331 ,0.0904052 
169,4.55846 ,0.0172556 ,0.0910249 
170,4.58544 ,0.0172772 ,0.0916054 
171,4.61241 ,0.0172979 ,0.0921927 
172,4.63938 ,0.0173176 ,0.0927416 
173,4.66636 ,0.0173365 ,0.0932985 
174,4.69333 ,0.0173544 ,0.093818 
175,4.7203 ,0.0173714 ,0.0943464 
176,4.74728 ,0.0173875 ,0.0948384 
177,4.77425 ,0.0174027 ,0.0953402 
178,4.80122 ,0.017417 ,0.0958064 
179,4.82819 ,0.0174304 ,0.0962834 
180,4.85517 ,0.0174429 ,0.0967256 
181,4.88214 ,0.0174546 ,0.0971794 
182,4.90911 ,0.0174653 ,0.0975991 
183,4.93609 ,0.0174752 ,0.0980312 
184,4.96306 ,0.0174843 ,0.09843 
185,4.99003 ,0.0174924 ,0.098842 
186,5.01701 ,0.0174997 ,0.0992213 
187,5.04398 ,0.0175062 ,0.0996145 
188,5.07095 ,0.0175117 ,0.0999756 
189,5.09792 ,0.0175165 ,0.100351 
190,5.1249 ,0.0175204 ,0.100696 
191,5.15187 ,0.0175234 ,0.101055 
192,5.17884 ,0.0175257 ,0.101384 
193,5.20582 ,0.0175271 ,0.101728 
194,5.23279 ,0.0175276 ,0.102042 
195,5.25976 ,0.0175274 ,0.102373 
196,5.28674 ,0.0175263 ,0.102673 
197,5.31371 ,0.0175244 ,0.102991 
198,5.34068 ,0.0175217 ,0.103279 
199,5.36765 ,0.0175182 ,0.103584 
200,5.39463 ,0.0175139 ,0.103861 
201,5.4216 ,0.0175088 ,0.104155 
202,5.44857 ,0.017503 ,0.104421 
203,5.47555 ,0.0174963 ,0.104705 
204,5.50252 ,0.0174888 ,0.104961 
205,5.52949 ,0.0174806 ,0.105236 
206,5.55647 ,0.0174716 ,0.105482 
207,5.58344 ,0.0174618 ,0.105748 
208,5.61041 ,0.0174513 ,0.105987 
209,5.63738 ,0.01744 ,0.106244 
210,5.66436 ,0.0174279 ,0.106475 
211,5.69133 ,0.0174151 ,0.106725 
212,5.7183 ,0.0174016 ,0.106949 
213,5.74528 ,0.0173873 ,0.107192 
214,5.77225 ,0.0173722 ,0.107409 
215,5.79922 ,0.0173564 ,0.107646 
216,5.8262 ,0.0173399 ,0.107857 
217,5.85317 ,0.0173227 ,0.108089 
218,5.88014 ,0.0173047 ,0.108294 
219,5.90711 ,0.017286 ,0.108519 
220,5.93409 ,0.0172666 ,0.108719 
221,5.96106 ,0.0172465 ,0.10894 
222,5.98803 ,0.0172257 ,0.109135 
223,6.01501 ,0.0172042 ,0.109351 
224,6.04198 ,0.0171819 ,0.109542 
225,6.06895 ,0.017159 ,0.109753 
226,6.09593 ,0.0171354 ,0.109939 
227,6.1229 ,0.0171111 ,0.110147 
228,6.14987 ,0.0170861 ,0.110329 
229,6.17684 ,0.0170604 ,0.110532 
230,6.20382 ,0.0170341 ,0.110711 
231,6.23079 ,0.0170071 ,0.11091 
232,6.25776 ,0.0169794 ,0.111085 
233,6.28474 ,0.0169511 ,0.111281 
234,6.31171 ,0.0169221 ,0.111452 
235,6.33868 ,0.0168924 ,0.111644 
236,6.36566 ,0.0168621 ,0.111812 
237,6.39263 ,0.0168311 ,0.112001 
238,6.4196 ,0.0167995 ,0.112165 
239,6.44657 ,0.0167673 ,0.11235 
240,6.47355 ,0.0167344 ,0.112511 
241,6.50052 ,0.0167008 ,0.112692 
242,6.52749 ,0.0166667 ,0.11285 
243,6.55447 ,0.0166319 ,0.113027 
244,6.58144 ,0.0165965 ,0.113181 
245,6.60841 ,0.0165605 ,0.113355 
246,6.63539 ,0.0165239 ,0.113505 
247,6.66236 ,0.0164866 ,0.113676 
248,6.68933 ,0.0164488 ,0.113822 
249,6.7163 ,0.0164103 ,0.113988 
250,6.74328 ,0.0163713 ,0.11413 
251,6.77025 ,0.0163316 ,0.114292 
252,6.79722 ,0.0162914 ,0.11443 
253,6.8242 ,0.0162506 ,0.114588 
254,6.85117 ,0.0162092 ,0.114721 
255,6.87814 ,0.0161672 ,0.114874 
256,6.90512 ,0.0161246 ,0.115003 
257,6.93209 ,0.0160815 ,0.11515 
258,6.95906 ,0.0160378 ,0.115274 
259,6.98603 ,0.0159935 ,0.115416 
260,7.01301 ,0.0159487 ,0.115534 
261,7.03998 ,0.0159033 ,0.11567 
262,7.06695 ,0.0158574 ,0.115782 
263,7.09393 ,0.0158109 ,0.115912 
264,7.1209 ,0.0157639 ,0.116018 
265,7.14787 ,0.0157163 ,0.116142 
266,7.17485 ,0.0156682 ,0.11624 
267,7.20182 ,0.0156196 ,0.116357 
268,7.22879 ,0.0155704 ,0.116448 
269,7.25576 ,0.0155208 ,0.116557 
270,7.28274 ,0.0154706 ,0.116641 
271,7.30971 ,0.0154198 ,0.116741 
272,7.33668 ,0.0153686 ,0.116816 
273,7.36366 ,0.0153169 ,0.116908 
274,7.39063 ,0.0152647 ,0.116974 
275,7.4176 ,0.015212 ,0.117056 
276,7.44458 ,0.0151587 ,0.117113 
277,7.47155 ,0.015105 ,0.117185 
278,7.49852 ,0.0150508 ,0.117232 
279,7.52549 ,0.0149962 ,0.117293 
280,7.55247 ,0.014941 ,0.117329 
281,7.57944 ,0.0148854 ,0.117378 
282,7.60641 ,0.0148294 ,0.117402 
283,7.63339 ,0.0147728 ,0.11744 
284,7.66036 ,0.0147158 ,0.117452 
285,7.68733 ,0.0146584 ,0.117476 
286,7.71431 ,0.0146005 ,0.117475 
287,7.74128 ,0.0145422 ,0.117486 
288,7.76825 ,0.0144834 ,0.11747 
289,7.79522 ,0.0144242 ,0.117466 
290,7.8222 ,0.0143646 ,0.117436 
291,7.84917 ,0.0143046 ,0.117417 
292,7.87614 ,0.0142441 ,0.117371 
293,7.90312 ,0.0141833 ,0.117336 
294,7.93009 ,0.014122 ,0.117273 
295,7.95706 ,0.0140603 ,0.117221 
296,7.98404 ,0.0139983 ,0.117141 
297,8.01101 ,0.0139358 ,0.11707 
298,8.03798 ,0.013873 ,0.116972 
299,8.06495 ,0.0138098 ,0.116882 
300,8.09193 ,0.0137462 ,0.116765 
301,8.1189 ,0.0136823 ,0.116655 
302,8.14587 ,0.013618 ,0.116517 
303,8.17285 ,0.0135533 ,0.116386 
304,8.19982 ,0.0134883 ,0.116227 
305,8.22679 ,0.013423 ,0.116074 
306,8.25376 ,0.0133573 ,0.115892 
307,8.28074 ,0.0132913 ,0.115716 
308,8.30771 ,0.013225 ,0.115512 
309,8.33468 ,0.0131583 ,0.115311 
310,8.36166 ,0.0130914 ,0.115082 
311,8.38863 ,0.0130241 ,0.114857 
312,8.4156 ,0.0129565 ,0.114602 
313,8.44258 ,0.0128887 ,0.11435 
314,8.46955 ,0.0128206 ,0.114068 
315,8.49652 ,0.0127522 ,0.113789 
316,8.52349 ,0.0126835 ,0.11348 
317,8.55047 ,0.0126145 ,0.113172 
318,8.57744 ,0.0125453 ,0.112833 
319,8.60441 ,0.0124759 ,0.112496 
320,8.63139 ,0.0124062 ,0.112127 
321,8.65836 ,0.0123363 ,0.111759 
322,8.68533 ,0.0122661 ,0.111359 
323,8.71231 ,0.0121957 ,0.110958 
324,8.73928 ,0.0121252 ,0.110526 
325,8.76625 ,0.0120544 ,0.110092 
326,8.79322 ,0.0119834 ,0.109626 
327,8.8202 ,0.0119122 ,0.109157 
328,8.84717 ,0.0118408 ,0.108656 
329,8.87414 ,0.0117693 ,0.108152 
330,8.90112 ,0.0116976 ,0.107615 
331,8.92809 ,0.0116257 ,0.107073 
332,8.95506 ,0.0115537 ,0.106499 
333,8.98204 ,0.0114816 ,0.105919 
334,9.00901 ,0.0114093 ,0.105306 
335,9.03598 ,0.0113368 ,0.104686 
336,9.06295 ,0.0112643 ,0.104033 
337,9.08993 ,0.0111916 ,0.103373 
338,9.1169 ,0.0111189 ,0.102679 
339,9.14387 ,0.011046 ,0.101976 
340,9.17085 ,0.0109731 ,0.10124 
341,9.19782 ,0.0109001 ,0.100494 
342,9.22479 ,0.010827 ,0.0997132 
343,9.25177 ,0.0107539 ,0.0989227 
344,9.27874 ,0.0106807 ,0.098097 
345,9.30571 ,0.0106074 ,0.0972606 
346,9.33268 ,0.0105342 ,0.0963885 
347,9.35966 ,0.0104609 ,0.0955048 
348,9.38663 ,0.0103875 ,0.094585 
349,9.4136 ,0.0103142 ,0.0936527 
350,9.44058 ,0.0102409 ,0.0926839 
351,9.46755 ,0.0101676 ,0.0917017 
352,9.49452 ,0.0100943 ,0.0906826 
353,9.5215 ,0.010021 ,0.0896492 
354,9.54847 ,0.00994779 ,0.0885786 
355,9.57544 ,0.0098746 ,0.0874927 
356,9.60241 ,0.00980148 ,0.0863691 
357,9.62939 ,0.00972841 ,0.0852295 
358,9.65636 ,0.00965542 ,0.0840517 
359,9.68333 ,0.00958251 ,0.082857 
360,9.71031 ,0.00950969 ,0.0816237 
361,9.73728 ,0.00943697 ,0.0803726 
362,9.76425 ,0.00936436 ,0.0790826 
363,9.79123 ,0.00929187 ,0.0777738 
364,9.8182 ,0.00921951 ,0.0764257 
365,9.84517 ,0.00914729 ,0.075058 
366,9.87214 ,0.00907522 ,0.0736505 
367,9.89912 ,0.0090033 ,0.0722226 
368,9.92609 ,0.00893154 ,0.0707545 
369,9.95306 ,0.00885997 ,0.0692651 
370,9.98004 ,0.00878857 ,0.0677352 
371,10.007 ,0.00871737 ,0.066183 
372,10.034 ,0.00864638 ,0.06459 
373,10.061 ,0.00857559 ,0.0629738 
374,10.0879 ,0.00850503 ,0.0613164 
375,10.1149 ,0.0084347 ,0.059635 
376,10.1419 ,0.0083646 ,0.0579119 
377,10.1688 ,0.00829476 ,0.0561641 
378,10.1958 ,0.00822518 ,0.0543742 
379,10.2228 ,0.00815586 ,0.0525587 
380,10.2498 ,0.00808682 ,0.0507008 
381,10.2767 ,0.00801807 ,0.0488164 
382,10.3037 ,0.00794962 ,0.0468901 
383,10.3307 ,0.00788147 ,0.0449827 
384,10.3577 ,0.00781363 ,0.0431037 
385,10.3846 ,0.00774611 ,0.0412677 
386,10.4116 ,0.00767893 ,0.0394589 
387,10.4386 ,0.00761208 ,0.0376918 
388,10.4656 ,0.00754557 ,0.0359508 
389,10.4925 ,0.00747942 ,0.03425 
390,10.5195 ,0.00741363 ,0.0325743 
391,10.5465 ,0.0073482 ,0.0309375 
392,10.5734 ,0.00728314 ,0.0293248 
393,10.6004 ,0.00721846 ,0.0277496 
394,10.6274 ,0.00715416 ,0.0261976 
395,10.6544 ,0.00709024 ,0.0246817 
396,10.6813 ,0.00702671 ,0.0231882 
397,10.7083 ,0.00696358 ,0.0217296 
398,10.7353 ,0.00690085 ,0.0202925 
399,10.7623 ,0.00683852 ,0.018889 
400,10.7892 ,0.00677659 ,0.0175062 
401,10.8162 ,0.00671507 ,0.0161558 
402,10.8432 ,0.00665396 ,0.0148253 
403,10.8701 ,0.00659327 ,0.0135262 
404,10.8971 ,0.00653299 ,0.0122461 
405,10.9241 ,0.00647313 ,0.0109963 
406,10.9511 ,0.0064137 ,0.00976483 
407,10.978 ,0.00635468 ,0.00856256 
408,11.005 ,0.00629609 ,0.00737785 
409,11.032 ,0.00623792 ,0.00622135 
410,11.059 ,0.00618018 ,0.00508174 
411,11.0859 ,0.00612287 ,0.00396933 
412,11.1129 ,0.00606599 ,0.00287315 
413,11.1399 ,0.00600953 ,0.00180323 
414,11.1668 ,0.00595351 ,0.000748883 
415,11.1938 ,0.00589791 ,-0.000280123 
416,11.2208 ,0.00584275 ,-0.00129416 
417,11.2478 ,0.00578801 ,-0.00228375 
418,11.2747 ,0.00573371 ,-0.00325897 
419,11.3017 ,0.00567983 ,-0.0042106 
420,11.3287 ,0.00562639 ,-0.00514842 
421,11.3557 ,0.00557337 ,-0.00606348 
422,11.3826 ,0.00552078 ,-0.00696528 
423,11.4096 ,0.00546862 ,-0.00784511 
424,11.4366 ,0.00541689 ,-0.00871222 
425,11.4636 ,0.00536558 ,-0.00955813 
426,11.4905 ,0.0053147 ,-0.0103918 
427,11.5175 ,0.00526424 ,-0.0112051 
428,11.5445 ,0.00521421 ,-0.0120066 
429,11.5714 ,0.0051646 ,-0.0127883 
430,11.5984 ,0.0051154 ,-0.0135588 
431,11.6254 ,0.00506663 ,-0.0143103 
432,11.6524 ,0.00501827 ,-0.0150509 
433,11.6793 ,0.00497033 ,-0.0157732 
434,11.7063 ,0.0049228 ,-0.016485 
435,11.7333 ,0.00487569 ,-0.0171792 
436,11.7603 ,0.00482898 ,-0.0178633 
437,11.7872 ,0.00478269 ,-0.0185304 
438,11.8142 ,0.0047368 ,-0.0191879 
439,11.8412 ,0.00469132 ,-0.0198288 
440,11.8681 ,0.00464624 ,-0.0204606 
441,11.8951 ,0.00460156 ,-0.0210765 
442,11.9221 ,0.00455727 ,-0.0216835 
443,11.9491 ,0.00451339 ,-0.0222751 
444,11.976 ,0.0044699 ,-0.0228583 
445,12.003 ,0.0044268 ,-0.0234266 
446,12.03 ,0.00438409 ,-0.0239868 
447,12.057 ,0.00434177 ,-0.0245327 
448,12.0839 ,0.00429983 ,-0.0250708 
449,12.1109 ,0.00425828 ,-0.025595 
450,12.1379 ,0.00421711 ,-0.0261118 
451,12.1648 ,0.00417631 ,-0.0266152 
452,12.1918 ,0.00413589 ,-0.0271115 
453,12.2188 ,0.00409585 ,-0.0275948 
454,12.2458 ,0.00405617 ,-0.0280713 
455,12.2727 ,0.00401687 ,-0.0285353 
456,12.2997 ,0.00397793 ,-0.0289927 
457,12.3267 ,0.00393935 ,-0.0294381 
458,12.3537 ,0.00390113 ,-0.0298772 
459,12.3806 ,0.00386327 ,-0.0303047 
460,12.4076 ,0.00382577 ,-0.0307261 
461,12.4346 ,0.00378862 ,-0.0311363 
462,12.4616 ,0.00375182 ,-0.0315406 
463,12.4885 ,0.00371537 ,-0.0319342 
464,12.5155 ,0.00367926 ,-0.0323221 
465,12.5425 ,0.00364349 ,-0.0326996 
466,12.5694 ,0.00360807 ,-0.0330718 
467,12.5964 ,0.00357298 ,-0.0334339 
468,12.6234 ,0.00353823 ,-0.0337907 
469,12.6504 ,0.0035038 ,-0.034138 
470,12.6773 ,0.00346971 ,-0.0344802 
471,12.7043 ,0.00343595 ,-0.0348131 
472,12.7313 ,0.00340251 ,-0.0351411 
473,12.7583 ,0.00336939 ,-0.0354602 
474,12.7852 ,0.00333659 ,-0.0357747 
475,12.8122 ,0.0033041 ,-0.0360804 
476,12.8392 ,0.00327193 ,-0.0363818 
477,12.8661 ,0.00324007 ,-0.0366747 
478,12.8931 ,0.00320852 ,-0.0369634 
479,12.9201 ,0.00317727 ,-0.037244 
480,12.9471 ,0.00314633 ,-0.0375205 
481,12.974 ,0.00311569 ,-0.0377892 
482,13.001 ,0.00308534 ,-0.038054 
483,13.028 ,0.0030553 ,-0.0383112 
484,13.055 ,0.00302554 ,-0.0385647 
485,13.0819 ,0.00299607 ,-0.0388108 
486,13.1089 ,0.0029669 ,-0.0390534 
487,13.1359 ,0.002938 ,-0.0392889 
488,13.1629 ,0.0029094 ,-0.039521 
489,13.1898 ,0.00288107 ,-0.0397462 
490,13.2168 ,0.00285301 ,-0.0399682 
491,13.2438 ,0.00282524 ,-0.0401836 
492,13.2707 ,0.00279773 ,-0.0403958 
493,13.2977 ,0.0027705 ,-0.0406016 
494,13.3247 ,0.00274354 ,-0.0408044 
495,13.3517 ,0.00271684 ,-0.0410011 
496,13.3786 ,0.0026904 ,-0.0411948 
497,13.4056 ,0.00266422 ,-0.0413826 
498,13.4326 ,0.00263831 ,-0.0415677 
499,13.4596 ,0.00261264 ,-0.0417469 
500,13.4865 ,0.00258724 ,-0.0419235 
501,13.5135 ,0.00256208 ,-0.0420946 
502,13.5405 ,0.00253717 ,-0.0422631 
503,13.5674 ,0.00251251 ,-0.0424263 
504,13.5944 ,0.00248809 ,-0.042587 
505,13.6214 ,0.00246391 ,-0.0427425 
506,13.6484 ,0.00243998 ,-0.0428956 
507,13.6753 ,0.00241628 ,-0.0430438 
508,13.7023 ,0.00239281 ,-0.0431897 
509,13.7293 ,0.00236958 ,-0.0433308 
510,13.7563 ,0.00234658 ,-0.0434697 
511,13.7832 ,0.00232381 ,-0.0436039 
512,13.8102 ,0.00230126 ,-0.0437361 
513,13.8372 ,0.00227894 ,-0.0438638 
514,13.8641 ,0.00225684 ,-0.0439895 
515,13.8911 ,0.00223496 ,-0.0441108 
516,13.9181 ,0.0022133 ,-0.0442302 
517,13.9451 ,0.00219185 ,-0.0443454 
518,13.972 ,0.00217062 ,-0.0444588 
519,13.999 ,0.00214959 ,-0.0445681 
520,14.026 ,0.00212878 ,-0.0446757 
521,14.053 ,0.00210817 ,-0.0447793 
522,14.0799 ,0.00208777 ,-0.0448813 
523,14.1069 ,0.00206758 ,-0.0449795 
524,14.1339 ,0.00204758 ,-0.045076 
525,14.1609 ,0.00202778 ,-0.0451689 
526,14.1878 ,0.00200819 ,-0.0452603 
527,14.2148 ,0.00198878 ,-0.0453481 
528,14.2418 ,0.00196957 ,-0.0454344 
529,14.2687 ,0.00195055 ,-0.0455173 
530,14.2957 ,0.00193173 ,-0.0455989 
531,14.3227 ,0.00191308 ,-0.045677 
532,14.3497 ,0.00189463 ,-0.0457539 
533,14.3766 ,0.00187636 ,-0.0458275 
534,14.4036 ,0.00185827 ,-0.0458999 
535,14.4306 ,0.00184036 ,-0.0459691 
536,14.4576 ,0.00182263 ,-0.0460372 
537,14.4845 ,0.00180508 ,-0.0461022 
538,14.5115 ,0.0017877 ,-0.0461661 
539,14.5385 ,0.0017705 ,-0.046227 
540,14.5654 ,0.00175347 ,-0.0462869 
541,14.5924 ,0.00173661 ,-0.0463439 
542,14.6194 ,0.00171991 ,-0.0463999 
543,14.6464 ,0.00170339 ,-0.0464531 
544,14.6733 ,0.00168702 ,-0.0465054 
545,14.7003 ,0.00167082 ,-0.046555 
546,14.7273 ,0.00165479 ,-0.0466036 
547,14.7543 ,0.00163891 ,-0.0466497 
548,14.7812 ,0.00162319 ,-0.0466949 
549,14.8082 ,0.00160763 ,-0.0467376 
550,14.8352 ,0.00159222 ,-0.0467795 
551,14.8621 ,0.00157697 ,-0.0468189 
552,14.8891 ,0.00156187 ,-0.0468576 
553,14.9161 ,0.00154692 ,-0.0468939 
554,14.9431 ,0.00153212 ,-0.0469294 
555,14.97 ,0.00151746 ,-0.0469627 
556,14.997 ,0.00150296 ,-0.0469953 
557,15.024 ,0.00148859 ,-0.0470256 
558,15.051 ,0.00147437 ,-0.0470553 
559,15.0779 ,0.00146029 ,-0.0470829 
560,15.1049 ,0.00144636 ,-0.0471098 
561,15.1319 ,0.00143256 ,-0.0471347 
562,15.1589 ,0.00141889 ,-0.0471589 
563,15.1858 ,0.00140537 ,-0.0471812 
564,15.2128 ,0.00139198 ,-0.0472028 
565,15.2398 ,0.00137872 ,-0.0472226 
566,15.2667 ,0.00136559 ,-0.0472418 
567,15.2937 ,0.0013526 ,-0.0472591 
568,15.3207 ,0.00133973 ,-0.0472759 
569,15.3477 ,0.001327 ,-0.047291 
570,15.3746 ,0.00131438 ,-0.0473055 
571,15.4016 ,0.0013019 ,-0.0473183 
572,15.4286 ,0.00128954 ,-0.0473306 
573,15.4556 ,0.0012773 ,-0.0473412 
574,15.4825 ,0.00126518 ,-0.0473514 
575,15.5095 ,0.00125318 ,-0.0473599 
576,15.5365 ,0.0012413 ,-0.047368 
577,15.5634 ,0.00122954 ,-0.0473746 
578,15.5904 ,0.0012179 ,-0.0473808 
579,15.6174 ,0.00120637 ,-0.0473854 
580,15.6444 ,0.00119496 ,-0.0473897 
581,15.6713 ,0.00118366 ,-0.0473925 
582,15.6983 ,0.00117247 ,-0.0473949 
583,15.7253 ,0.00116139 ,-0.0473959 
584,15.7523 ,0.00115043 ,-0.0473966 
585,15.7792 ,0.00113957 ,-0.0473959 
586,15.8062 ,0.00112882 ,-0.0473948 
587,15.8332 ,0.00111817 ,-0.0473925 
588,15.8602 ,0.00110763 ,-0.0473899 
589,15.8871 ,0.0010972 ,-0.0473859 
590,15.9141 ,0.00108686 ,-0.0473817 
591,15.9411 ,0.00107663 ,-0.0473763 
592,15.968 ,0.00106651 ,-0.0473705 
593,15.995 ,0.00105648 ,-0.0473636 
594,16.022 ,0.00104655 ,-0.0473565 
595,16.049 ,0.00103672 ,-0.0473481 
596,16.0759 ,0.00102698 ,-0.0473396 
597,16.1029 ,0.00101734 ,-0.0473299 
598,16.1299 ,0.0010078 ,-0.04732 
599,16.1569 ,0.000998351 ,-0.047309 
600,16.1838 ,0.000988995 ,-0.0472979 
601,16.2108 ,0.000979731 ,-0.0472856 
602,16.2378 ,0.000970559 ,-0.0472732 
603,16.2647 ,0.000961477 ,-0.0472598 
604,16.2917 ,0.000952484 ,-0.0472462 
605,16.3187 ,0.00094358 ,-0.0472316 
606,16.3457 ,0.000934764 ,-0.0472169 
607,16.3726 ,0.000926034 ,-0.0472012 
608,16.3996 ,0.00091739 ,-0.0471853 
609,16.4266 ,0.000908831 ,-0.0471686 
610,16.4536 ,0.000900356 ,-0.0471517 
611,16.4805 ,0.000891965 ,-0.0471339 
612,16.5075 ,0.000883656 ,-0.047116 
613,16.5345 ,0.000875429 ,-0.0470973 
614,16.5614 ,0.000867282 ,-0.0470784 
615,16.5884 ,0.000859215 ,-0.0470587 
616,16.6154 ,0.000851228 ,-0.0470389 
617,16.6424 ,0.000843318 ,-0.0470183 
618,16.6693 ,0.000835486 ,-0.0469977 
619,16.6963 ,0.000827731 ,-0.0469762 
620,16.7233 ,0.000820052 ,-0.0469547 
621,16.7503 ,0.000812448 ,-0.0469324 
622,16.7772 ,0.000804919 ,-0.04691 
623,16.8042 ,0.000797463 ,-0.046887 
624,16.8312 ,0.00079008 ,-0.0468638 
625,16.8582 ,0.00078277 ,-0.04684 
626,16.8851 ,0.00077553 ,-0.0468161 
627,16.9121 ,0.000768362 ,-0.0467915 
628,16.9391 ,0.000761264 ,-0.0467669 
629,16.966 ,0.000754234 ,-0.0467417 
630,16.993 ,0.000747274 ,-0.0467164 
631,17.02 ,0.000740381 ,-0.0466904 
632,17.047 ,0.000733556 ,-0.0466645 
633,17.0739 ,0.000726797 ,-0.0466379 
634,17.1009 ,0.000720104 ,-0.0466113 
635,17.1279 ,0.000713476 ,-0.0465842 
636,17.1549 ,0.000706913 ,-0.046557 
637,17.1818 ,0.000700414 ,-0.0465292 
638,17.2088 ,0.000693978 ,-0.0465015 
639,17.2358 ,0.000687604 ,-0.0464731 
640,17.2627 ,0.000681293 ,-0.0464448 
641,17.2897 ,0.000675043 ,-0.046416 
642,17.3167 ,0.000668853 ,-0.0463872 
643,17.3437 ,0.000662724 ,-0.0463578 
644,17.3706 ,0.000656655 ,-0.0463285 
645,17.3976 ,0.000650644 ,-0.0462986 
646,17.4246 ,0.000644691 ,-0.0462688 
647,17.4516 ,0.000638797 ,-0.0462385 
648,17.4785 ,0.000632959 ,-0.0462083 
649,17.5055 ,0.000627178 ,-0.0461775 
650,17.5325 ,0.000621453 ,-0.0461468 
651,17.5595 ,0.000615784 ,-0.0461157 
652,17.5864 ,0.00061017 ,-0.0460846 
653,17.6134 ,0.000604609 ,-0.046053 
654,17.6404 ,0.000599103 ,-0.0460216 
655,17.6673 ,0.00059365 ,-0.0459896 
656,17.6943 ,0.00058825 ,-0.0459578 
657,17.7213 ,0.000582902 ,-0.0459255 
658,17.7483 ,0.000577605 ,-0.0458933 
659,17.7752 ,0.00057236 ,-0.0458606 
660,17.8022 ,0.000567166 ,-0.0458281 
661,17.8292 ,0.000562021 ,-0.0457952 
662,17.8562 ,0.000556926 ,-0.0457623 
663,17.8831 ,0.000551881 ,-0.045729 
664,17.9101 ,0.000546884 ,-0.0456959 
665,17.9371 ,0.000541935 ,-0.0456624 
666,17.964 ,0.000537034 ,-0.0456289 
667,17.991 ,0.00053218 ,-0.0455951 
668,18.018 ,0.000527373 ,-0.0455614 
669,18.045 ,0.000522612 ,-0.0455273 
670,18.0719 ,0.000517897 ,-0.0454934 
671,18.0989 ,0.000513228 ,-0.0454591 
672,18.1259 ,0.000508603 ,-0.0454249 
673,18.1529 ,0.000504023 ,-0.0453903 
674,18.1798 ,0.000499487 ,-0.0453559 
675,18.2068 ,0.000494994 ,-0.0453212 
676,18.2338 ,0.000490545 ,-0.0452866 
677,18.2607 ,0.000486138 ,-0.0452516 
678,18.2877 ,0.000481774 ,-0.0452168 
679,18.3147 ,0.000477452 ,-0.0451817 
680,18.3417 ,0.000473171 ,-0.0451467 
681,18.3686 ,0.000468931 ,-0.0451114 
682,18.3956 ,0.000464732 ,-0.0450762 
683,18.4226 ,0.000460573 ,-0.0450407 
684,18.4496 ,0.000456454 ,-0.0450054 
685,18.4765 ,0.000452374 ,-0.0449698 
686,18.5035 ,0.000448334 ,-0.0449343 
687,18.5305 ,0.000444332 ,-0.0448986 
688,18.5575 ,0.000440368 ,-0.044863 
689,18.5844 ,0.000436443 ,-0.0448271 
690,18.6114 ,0.000432555 ,-0.0447914 
691,18.6384 ,0.000428704 ,-0.0447554 
692,18.6653 ,0.00042489 ,-0.0447195 
693,18.6923 ,0.000421112 ,-0.0446834 
694,18.7193 ,0.000417371 ,-0.0446475 
695,18.7463 ,0.000413665 ,-0.0446113 
696,18.7732 ,0.000409995 ,-0.0445752 
697,18.8002 ,0.00040636 ,-0.0445389 
698,18.8272 ,0.000402759 ,-0.0445028 
699,18.8542 ,0.000399193 ,-0.0444664 
700,18.8811 ,0.000395661 ,-0.0444302 
701,18.9081 ,0.000392163 ,-0.0443938 
702,18.9351 ,0.000388698 ,-0.0443575 
703,18.962 ,0.000385266 ,-0.044321 
704,18.989 ,0.000381866 ,-0.0442847 
705,19.016 ,0.0003785 ,-0.0442482 
706,19.043 ,0.000375165 ,-0.0442118 
707,19.0699 ,0.000371862 ,-0.0441752 
708,19.0969 ,0.00036859 ,-0.0441387 
709,19.1239 ,0.00036535 ,-0.0441021 
710,19.1509 ,0.000362141 ,-0.0440656 
711,19.1778 ,0.000358962 ,-0.044029 
712,19.2048 ,0.000355813 ,-0.0439925 
713,19.2318 ,0.000352694 ,-0.0439558 
714,19.2587 ,0.000349605 ,-0.0439193 
715,19.2857 ,0.000346546 ,-0.0438826 
716,19.3127 ,0.000343515 ,-0.043846 
717,19.3397 ,0.000340513 ,-0.0438093 
718,19.3666 ,0.00033754 ,-0.0437728 
719,19.3936 ,0.000334595 ,-0.0437361 
720,19.4206 ,0.000331678 ,-0.0436995 
721,19.4476 ,0.000328789 ,-0.0436628 
722,19.4745 ,0.000325927 ,-0.0436263 
723,19.5015 ,0.000323093 ,-0.0435896 
724,19.5285 ,0.000320285 ,-0.043553 
725,19.5555 ,0.000317504 ,-0.0435164 
726,19.5824 ,0.000314749 ,-0.0434798 
727,19.6094 ,0.000312021 ,-0.0434432 
728,19.6364 ,0.000309318 ,-0.0434066 
729,19.6633 ,0.000306642 ,-0.04337 
730,19.6903 ,0.00030399 ,-0.0433335 
731,19.7173 ,0.000301364 ,-0.0432969 
732,19.7443 ,0.000298762 ,-0.0432605 
733,19.7712 ,0.000296186 ,-0.0432239 
734,19.7982 ,0.000293633 ,-0.0431874 
735,19.8252 ,0.000291105 ,-0.0431509 
736,19.8522 ,0.000288601 ,-0.0431145 
737,19.8791 ,0.000286121 ,-0.043078 
738,19.9061 ,0.000283664 ,-0.0430417 
739,19.9331 ,0.000281231 ,-0.0430052 
740,19.96 ,0.00027882 ,-0.0429689 
741,19.987 ,0.000276433 ,-0.0429325 
742,20.014 ,0.000274068 ,-0.0428963 
743,20.041 ,0.000271726 ,-0.0428599 
744,20.0679 ,0.000269405 ,-0.0428237 
745,20.0949 ,0.000267107 ,-0.0427874 
746,20.1219 ,0.000264831 ,-0.0427513 
747,20.1489 ,0.000262576 ,-0.0427151 
748,20.1758 ,0.000260342 ,-0.042679 
749,20.2028 ,0.00025813 ,-0.0426428 
750,20.2298 ,0.000255939 ,-0.0426068 
751,20.2568 ,0.000253768 ,-0.0425707 
752,20.2837 ,0.000251618 ,-0.0425348 
753,20.3107 ,0.000249489 ,-0.0424988 
754,20.3377 ,0.000247379 ,-0.0424629 
755,20.3646 ,0.00024529 ,-0.0424269 
756,20.3916 ,0.00024322 ,-0.0423911 
757,20.4186 ,0.00024117 ,-0.0423553 
758,20.4456 ,0.00023914 ,-0.0423195 
759,20.4725 ,0.000237129 ,-0.0422837 
760,20.4995 ,0.000235136 ,-0.0422481 
761,20.5265 ,0.000233163 ,-0.0422124 
762,20.5535 ,0.000231209 ,-0.0421768 
763,20.5804 ,0.000229273 ,-0.0421412 
764,20.6074 ,0.000227355 ,-0.0421057 
765,20.6344 ,0.000225456 ,-0.0420702 
766,20.6613 ,0.000223575 ,-0.0420348 
767,20.6883 ,0.000221711 ,-0.0419993 
768,20.7153 ,0.000219865 ,-0.041964 
769,20.7423 ,0.000218037 ,-0.0419287 
770,20.7692 ,0.000216226 ,-0.0418934 
771,20.7962 ,0.000214433 ,-0.0418582 
772,20.8232 ,0.000212656 ,-0.041823 
773,20.8502 ,0.000210896 ,-0.0417879 
774,20.8771 ,0.000209153 ,-0.0417528 
775,20.9041 ,0.000207427 ,-0.0417178 
776,20.9311 ,0.000205717 ,-0.0416828 
777,20.958 ,0.000204023 ,-0.0416478 
778,20.985 ,0.000202346 ,-0.041613 
779,21.012 ,0.000200684 ,-0.0415781 
780,21.039 ,0.000199039 ,-0.0415434 
781,21.0659 ,0.000197408 ,-0.0415086 
782,21.0929 ,0.000195794 ,-0.041474 
783,21.1199 ,0.000194195 ,-0.0414393 
784,21.1469 ,0.000192611 ,-0.0414048 
785,21.1738 ,0.000191042 ,-0.0413702 
786,21.2008 ,0.000189488 ,-0.0413358 
787,21.2278 ,0.000187949 ,-0.0413013 
788,21.2548 ,0.000186425 ,-0.041267 
789,21.2817 ,0.000184916 ,-0.0412326 
790,21.3087 ,0.00018342 ,-0.0411984 
791,21.3357 ,0.000181939 ,-0.0411641 
792,21.3626 ,0.000180473 ,-0.04113 
793,21.3896 ,0.00017902 ,-0.0410958 
794,21.4166 ,0.000177581 ,-0.0410618 
795,21.4436 ,0.000176156 ,-0.0410278 
796,21.4705 ,0.000174745 ,-0.0409939 
797,21.4975 ,0.000173347 ,-0.04096 
798,21.5245 ,0.000171963 ,-0.0409262 
799,21.5515 ,0.000170591 ,-0.0408924 
800,21.5784 ,0.000169234 ,-0.0408587 
801,21.6054 ,0.000167889 ,-0.040825 
802,21.6324 ,0.000166557 ,-0.0407914 
803,21.6593 ,0.000165238 ,-0.0407578 
804,21.6863 ,0.000163931 ,-0.0407243 
805,21.7133 ,0.000162638 ,-0.0406909 
806,21.7403 ,0.000161356 ,-0.0406575 
807,21.7672 ,0.000160087 ,-0.0406241 
808,21.7942 ,0.000158831 ,-0.0405909 
809,21.8212 ,0.000157586 ,-0.0405576 
810,21.8482 ,0.000156354 ,-0.0405245 
811,21.8751 ,0.000155133 ,-0.0404914 
812,21.9021 ,0.000153924 ,-0.0404584 
813,21.9291 ,0.000152727 ,-0.0404253 
814,21.956 ,0.000151542 ,-0.0403924 
815,21.983 ,0.000150368 ,-0.0403595 
816,22.01 ,0.000149206 ,-0.0403267 
817,22.037 ,0.000148054 ,-0.0402939 
818,22.0639 ,0.000146914 ,-0.0402613 
819,22.0909 ,0.000145786 ,-0.0402286 
820,22.1179 ,0.000144668 ,-0.040196 
821,22.1449 ,0.000143561 ,-0.0401635 
822,22.1718 ,0.000142465 ,-0.040131 
823,22.1988 ,0.00014138 ,-0.0400986 
824,22.2258 ,0.000140305 ,-0.0400662 
825,22.2528 ,0.000139241 ,-0.0400339 
826,22.2797 ,0.000138187 ,-0.0400017 
827,22.3067 ,0.000137144 ,-0.0399695 
828,22.3337 ,0.00013611 ,-0.0399374 
829,22.3606 ,0.000135088 ,-0.0399052 
830,22.3876 ,0.000134075 ,-0.0398733 
831,22.4146 ,0.000133072 ,-0.0398413 
832,22.4416 ,0.000132079 ,-0.0398094 
833,22.4685 ,0.000131096 ,-0.0397775 
834,22.4955 ,0.000130122 ,-0.0397458 
835,22.5225 ,0.000129159 ,-0.039714 
836,22.5495 ,0.000128205 ,-0.0396824 
837,22.5764 ,0.00012726 ,-0.0396507 
838,22.6034 ,0.000126325 ,-0.0396192 
839,22.6304 ,0.000125399 ,-0.0395876 
840,22.6573 ,0.000124482 ,-0.0395562 
841,22.6843 ,0.000123575 ,-0.0395248 
842,22.7113 ,0.000122677 ,-0.0394935 
843,22.7383 ,0.000121787 ,-0.0394622 
844,22.7652 ,0.000120907 ,-0.039431 
845,22.7922 ,0.000120035 ,-0.0393998 
846,22.8192 ,0.000119173 ,-0.0393687 
847,22.8462 ,0.000118319 ,-0.0393376 
848,22.8731 ,0.000117473 ,-0.0393067 
849,22.9001 ,0.000116636 ,-0.0392757 
850,22.9271 ,0.000115808 ,-0.0392448 
851,22.9541 ,0.000114988 ,-0.039214 
852,22.981 ,0.000114177 ,-0.0391832 
853,23.008 ,0.000113373 ,-0.0391525 
854,23.035 ,0.000112578 ,-0.0391219 
855,23.0619 ,0.000111791 ,-0.0390912 
856,23.0889 ,0.000111013 ,-0.0390607 
857,23.1159 ,0.000110242 ,-0.0390302 
858,23.1429 ,0.000109479 ,-0.0389998 
859,23.1698 ,0.000108724 ,-0.0389693 
860,23.1968 ,0.000107977 ,-0.038939 
861,23.2238 ,0.000107238 ,-0.0389087 
862,23.2508 ,0.000106506 ,-0.0388785 
863,23.2777 ,0.000105782 ,-0.0388483 
864,23.3047 ,0.000105065 ,-0.0388182 
865,23.3317 ,0.000104356 ,-0.0387881 
866,23.3586 ,0.000103655 ,-0.0387582 
867,23.3856 ,0.000102961 ,-0.0387282 
868,23.4126 ,0.000102274 ,-0.0386983 
869,23.4396 ,0.000101594 ,-0.0386684 
870,23.4665 ,0.000100922 ,-0.0386387 
871,23.4935 ,0.000100257 ,-0.0386089 
872,23.5205 ,9.95985e-05 ,-0.0385792 
873,23.5475 ,9.89474e-05 ,-0.0385496 
874,23.5744 ,9.83032e-05 ,-0.03852 
875,23.6014 ,9.7666e-05 ,-0.0384904 
876,23.6284 ,9.70357e-05 ,-0.038461 
877,23.6553 ,9.64121e-05 ,-0.0384315 
878,23.6823 ,9.57954e-05 ,-0.0384022 
879,23.7093 ,9.51853e-05 ,-0.0383728 
880,23.7363 ,9.45819e-05 ,-0.0383436 
881,23.7632 ,9.39851e-05 ,-0.0383143 
882,23.7902 ,9.33948e-05 ,-0.0382852 
883,23.8172 ,9.2811e-05 ,-0.038256 
884,23.8442 ,9.22337e-05 ,-0.0382269 
885,23.8711 ,9.16628e-05 ,-0.0381979 
886,23.8981 ,9.10982e-05 ,-0.0381689 
887,23.9251 ,9.05399e-05 ,-0.03814 
888,23.9521 ,8.99879e-05 ,-0.0381111 
889,23.979 ,8.94421e-05 ,-0.0380823 
890,24.006 ,8.89024e-05 ,-0.0380535 
891,24.033 ,8.83689e-05 ,-0.0380248 
892,24.0599 ,8.78414e-05 ,-0.0379961 
893,24.0869 ,8.73199e-05 ,-0.0379674 
894,24.1139 ,8.68044e-05 ,-0.0379389 
895,24.1409 ,8.62948e-05 ,-0.0379103 
896,24.1678 ,8.57911e-05 ,-0.0378819 
897,24.1948 ,8.52933e-05 ,-0.0378534 
898,24.2218 ,8.48012e-05 ,-0.037825 
899,24.2488 ,8.43149e-05 ,-0.0377966 
900,24.2757 ,8.38343e-05 ,-0.0377683 
901,24.3027 ,8.33594e-05 ,-0.0377401 
902,24.3297 ,8.28901e-05 ,-0.0377119 
903,24.3566 ,8.24264e-05 ,-0.0376837 
904,24.3836 ,8.19682e-05 ,-0.0376556 
905,24.4106 ,8.15155e-05 ,-0.0376275 
906,24.4376 ,8.10683e-05 ,-0.0375995 
907,24.4645 ,8.06266e-05 ,-0.0375715 
908,24.4915 ,8.01902e-05 ,-0.0375435 
909,24.5185 ,7.97591e-05 ,-0.0375156 
910,24.5455 ,7.93334e-05 ,-0.0374878 
911,24.5724 ,7.8913e-05 ,-0.0374599 
912,24.5994 ,7.84977e-05 ,-0.0374322 
913,24.6264 ,7.80877e-05 ,-0.0374045 
914,24.6533 ,7.76829e-05 ,-0.0373768 
915,24.6803 ,7.72831e-05 ,-0.0373491 
916,24.7073 ,7.68885e-05 ,-0.0373216 
917,24.7343 ,7.64989e-05 ,-0.037294 
918,24.7612 ,7.61143e-05 ,-0.0372665 
919,24.7882 ,7.57348e-05 ,-0.037239 
920,24.8152 ,7.53601e-05 ,-0.0372116 
921,24.8422 ,7.49904e-05 ,-0.0371842 
922,24.8691 ,7.46256e-05 ,-0.0371568 
923,24.8961 ,7.42656e-05 ,-0.0371295 
924,24.9231 ,7.39105e-05 ,-0.0371023 
925,24.9501 ,7.35601e-05 ,-0.037075 
926,24.977 ,7.32145e-05 ,-0.0370478 
927,25.004 ,7.28737e-05 ,-0.0370207 
928,25.031 ,7.25375e-05 ,-0.0369936 
929,25.0579 ,7.2206e-05 ,-0.0369665 
930,25.0849 ,7.18791e-05 ,-0.0369395 
931,25.1119 ,7.15568e-05 ,-0.0369124 
932,25.1389 ,7.12391e-05 ,-0.0368855 
933,25.1658 ,7.0926e-05 ,-0.0368586 
934,25.1928 ,7.06173e-05 ,-0.0368317 
935,25.2198 ,7.03132e-05 ,-0.0368048 
936,25.2468 ,7.00135e-05 ,-0.0367781 
937,25.2737 ,6.97182e-05 ,-0.0367513 
938,25.3007 ,6.94274e-05 ,-0.0367245 
939,25.3277 ,6.91409e-05 ,-0.0366978 
940,25.3546 ,6.88588e-05 ,-0.0366712 
941,25.3816 ,6.8581e-05 ,-0.0366445 
942,25.4086 ,6.83075e-05 ,-0.0366179 
943,25.4356 ,6.80383e-05 ,-0.0365914 
944,25.4625 ,6.77733e-05 ,-0.0365649 
945,25.4895 ,6.75125e-05 ,-0.0365383 
946,25.5165 ,6.7256e-05 ,-0.0365119 
947,25.5435 ,6.70036e-05 ,-0.0364854 
948,25.5704 ,6.67553e-05 ,-0.0364591 
949,25.5974 ,6.65112e-05 ,-0.0364327 
950,25.6244 ,6.62712e-05 ,-0.0364064 
951,25.6514 ,6.60352e-05 ,-0.0363801 
952,25.6783 ,6.58033e-05 ,-0.0363538 
953,25.7053 ,6.55755e-05 ,-0.0363276 
954,25.7323 ,6.53516e-05 ,-0.0363014 
955,25.7592 ,6.51318e-05 ,-0.0362752 
956,25.7862 ,6.49159e-05 ,-0.0362491 
957,25.8132 ,6.47039e-05 ,-0.0362229 
958,25.8402 ,6.44959e-05 ,-0.0361969 
959,25.8671 ,6.42918e-05 ,-0.0361708 
960,25.8941 ,6.40915e-05 ,-0.0361448 
961,25.9211 ,6.38951e-05 ,-0.0361188 
962,25.9481 ,6.37025e-05 ,-0.0360929 
963,25.975 ,6.35138e-05 ,-0.0360669 
964,26.002 ,6.33289e-05 ,-0.036041 
965,26.029 ,6.31477e-05 ,-0.0360151 
966,26.0559 ,6.29703e-05 ,-0.0359893 
967,26.0829 ,6.27967e-05 ,-0.0359635 
968,26.1099 ,6.26267e-05 ,-0.0359377 
969,26.1369 ,6.24605e-05 ,-0.0359119 
970,26.1638 ,6.22979e-05 ,-0.0358862 
971,26.1908 ,6.21391e-05 ,-0.0358604 
972,26.2178 ,6.19839e-05 ,-0.0358348 
973,26.2448 ,6.18323e-05 ,-0.0358091 
974,26.2717 ,6.16843e-05 ,-0.0357835 
975,26.2987 ,6.15399e-05 ,-0.0357578 
976,26.3257 ,6.13992e-05 ,-0.0357323 
977,26.3526 ,6.12619e-05 ,-0.0357067 
978,26.3796 ,6.11283e-05 ,-0.0356811 
979,26.4066 ,6.09981e-05 ,-0.0356556 
980,26.4336 ,6.08715e-05 ,-0.0356301 
981,26.4605 ,6.07484e-05 ,-0.0356046 
982,26.4875 ,6.06288e-05 ,-0.0355792 
983,26.5145 ,6.05127e-05 ,-0.0355538 
984,26.5415 ,6.04e-05 ,-0.0355284 
985,26.5684 ,6.02908e-05 ,-0.035503 
986,26.5954 ,6.0185e-05 ,-0.0354776 
987,26.6224 ,6.00826e-05 ,-0.0354523 
988,26.6494 ,5.99836e-05 ,-0.035427 
989,26.6763 ,5.9888e-05 ,-0.0354016 
990,26.7033 ,5.97958e-05 ,-0.0353764 
991,26.7303 ,5.9707e-05 ,-0.0353511 
992,26.7572 ,5.96215e-05 ,-0.0353259 
993,26.7842 ,5.95393e-05 ,-0.0353006 
994,26.8112 ,5.94605e-05 ,-0.0352754 
995,26.8382 ,5.9385e-05 ,-0.0352502 
996,26.8651 ,5.93127e-05 ,-0.0352251 
997,26.8921 ,5.92438e-05 ,-0.0351999 
998,26.9191 ,5.91782e-05 ,-0.0351748 
999,26.9461 ,5.91158e-05 ,-0.0351497 
1000,26.973 ,5.90567e-05 ,-0.0351246 