N_e = 26
1,0.027 ,3.53244e-07 ,-8230.18 
2,0.053973 ,3.5342e-07 ,-2059.4 
3,0.080946 ,7.48074e-07 ,-915.445 
4,0.107919 ,1.32026e-06 ,-514.906 
5,0.134892 ,2.05962e-06 ,-329.475 
6,0.161865 ,2.96434e-06 ,-228.735 
7,0.188838 ,4.0339e-06 ,-167.987 
8,0.215811 ,5.26814e-06 ,-128.556 
9,0.242784 ,6.66696e-06 ,-101.521 
10,0.269757 ,8.23032e-06 ,-82.1827 
11,0.29673 ,9.95816e-06 ,-67.8739 
12,0.323703 ,1.18505e-05 ,-56.9906 
13,0.350676 ,1.39072e-05 ,-48.5207 
14,0.377649 ,1.61283e-05 ,-41.7999 
15,0.404622 ,1.85138e-05 ,-36.3778 
16,0.431595 ,2.10636e-05 ,-31.9402 
17,0.458568 ,2.37776e-05 ,-28.2623 
18,0.485541 ,2.66559e-05 ,-25.1802 
19,0.512514 ,2.96984e-05 ,-22.5718 
20,0.539487 ,3.29051e-05 ,-20.3447 
21,0.56646 ,3.62758e-05 ,-18.4281 
22,0.593433 ,3.98106e-05 ,-16.7669 
23,0.620406 ,4.35094e-05 ,-15.3175 
24,0.647379 ,4.73721e-05 ,-14.0456 
25,0.674352 ,5.13987e-05 ,-12.9231 
26,0.701325 ,5.55891e-05 ,-11.9277 
27,0.728298 ,5.99433e-05 ,-11.0408 
28,0.755271 ,6.44611e-05 ,-10.2472 
29,0.782244 ,6.91426e-05 ,-9.5342 
30,0.809217 ,7.39875e-05 ,-8.89134 
31,0.83619 ,7.89959e-05 ,-8.30967 
32,0.863163 ,8.41677e-05 ,-7.78166 
33,0.890136 ,8.95028e-05 ,-7.30091 
34,0.917109 ,9.50011e-05 ,-6.86194 
35,0.944082 ,0.000100662 ,-6.46005 
36,0.971055 ,0.000106487 ,-6.09117 
37,0.998028 ,0.000112474 ,-5.75178 
38,1.025 ,0.000118624 ,-5.43882 
39,1.05197 ,0.000124937 ,-5.14961 
40,1.07895 ,0.000131413 ,-4.88182 
41,1.10592 ,0.00013805 ,-4.63336 
42,1.13289 ,0.000144851 ,-4.40243 
43,1.15987 ,0.000151813 ,-4.18741 
44,1.18684 ,0.000158938 ,-3.98689 
45,1.21381 ,0.000166225 ,-3.79956 
46,1.24079 ,0.000173673 ,-3.62432 
47,1.26776 ,0.000181284 ,-3.46012 
48,1.29473 ,0.000189056 ,-3.30608 
49,1.3217 ,0.000196989 ,-3.16136 
50,1.34868 ,0.000205084 ,-3.02523 
51,1.37565 ,0.00021334 ,-2.89701 
52,1.40262 ,0.000221757 ,-2.77612 
53,1.4296 ,0.000230335 ,-2.66199 
54,1.45657 ,0.000239073 ,-2.55414 
55,1.48354 ,0.000247972 ,-2.4521 
56,1.51051 ,0.000257031 ,-2.35548 
57,1.53749 ,0.000266251 ,-2.26389 
58,1.56446 ,0.000275631 ,-2.17699 
59,1.59143 ,0.00028517 ,-2.09445 
60,1.61841 ,0.000294869 ,-2.01601 
61,1.64538 ,0.000304728 ,-1.94138 
62,1.67235 ,0.000314745 ,-1.87033 
63,1.69933 ,0.000324922 ,-1.80262 
64,1.7263 ,0.000335258 ,-1.73806 
65,1.75327 ,0.000345752 ,-1.67644 
66,1.78024 ,0.000356405 ,-1.61761 
67,1.80722 ,0.000367216 ,-1.56137 
68,1.83419 ,0.000378185 ,-1.50759 
69,1.86116 ,0.000389311 ,-1.45612 
70,1.88814 ,0.000400595 ,-1.40685 
71,1.91511 ,0.000412036 ,-1.35962 
72,1.94208 ,0.000423635 ,-1.31435 
73,1.96906 ,0.00043539 ,-1.27091 
74,1.99603 ,0.000447301 ,-1.22922 
75,2.023 ,0.000459369 ,-1.18918 
76,2.04998 ,0.000471593 ,-1.1507 
77,2.07695 ,0.000483973 ,-1.1137 
78,2.10392 ,0.000496507 ,-1.07812 
79,2.13089 ,0.000509197 ,-1.04387 
80,2.15787 ,0.000522042 ,-1.01089 
81,2.18484 ,0.000535042 ,-0.979113 
82,2.21181 ,0.000548196 ,-0.948495 
83,2.23879 ,0.000561503 ,-0.91896 
84,2.26576 ,0.000574965 ,-0.890479 
85,2.29273 ,0.000588579 ,-0.86298 
86,2.31971 ,0.000602347 ,-0.836441 
87,2.34668 ,0.000616267 ,-0.810795 
88,2.37365 ,0.00063034 ,-0.786023 
89,2.40062 ,0.000644565 ,-0.762065 
90,2.4276 ,0.000658941 ,-0.738907 
91,2.45457 ,0.000673468 ,-0.716493 
92,2.48154 ,0.000688147 ,-0.69481 
93,2.50852 ,0.000702976 ,-0.673808 
94,2.53549 ,0.000717956 ,-0.653478 
95,2.56246 ,0.000733085 ,-0.63377 
96,2.58944 ,0.000748364 ,-0.614682 
97,2.61641 ,0.000763792 ,-0.596164 
98,2.64338 ,0.000779368 ,-0.578217 
99,2.67035 ,0.000795093 ,-0.560795 
100,2.69733 ,0.000810966 ,-0.5439 
101,2.7243 ,0.000826986 ,-0.527488 
102,2.75127 ,0.000843153 ,-0.511564 
103,2.77825 ,0.000859467 ,-0.496085 
104,2.80522 ,0.000875927 ,-0.481057 
105,2.83219 ,0.000892533 ,-0.466441 
106,2.85917 ,0.000909284 ,-0.452243 
107,2.88614 ,0.00092618 ,-0.438427 
108,2.91311 ,0.000943221 ,-0.424999 
109,2.94008 ,0.000960406 ,-0.411924 
110,2.96706 ,0.000977734 ,-0.399211 
111,2.99403 ,0.000995205 ,-0.386824 
112,3.021 ,0.00101282 ,-0.374776 
113,3.04798 ,0.00103057 ,-0.36303 
114,3.07495 ,0.00104847 ,-0.3516 
115,3.10192 ,0.00106651 ,-0.340451 
116,3.12889 ,0.00108469 ,-0.329598 
117,3.15587 ,0.00110301 ,-0.319005 
118,3.18284 ,0.00112147 ,-0.308689 
119,3.20981 ,0.00114006 ,-0.298617 
120,3.23679 ,0.0011588 ,-0.288803 
121,3.26376 ,0.00117768 ,-0.279217 
122,3.29073 ,0.00119669 ,-0.269873 
123,3.31771 ,0.00121584 ,-0.260741 
124,3.34468 ,0.00123512 ,-0.251838 
125,3.37165 ,0.00125454 ,-0.243132 
126,3.39863 ,0.0012741 ,-0.234641 
127,3.4256 ,0.00129379 ,-0.226335 
128,3.45257 ,0.00131361 ,-0.218231 
129,3.47954 ,0.00133357 ,-0.210299 
130,3.50652 ,0.00135366 ,-0.202559 
131,3.53349 ,0.00137388 ,-0.19498 
132,3.56046 ,0.00139424 ,-0.187582 
133,3.58744 ,0.00141472 ,-0.180334 
134,3.61441 ,0.00143534 ,-0.173258 
135,3.64138 ,0.00145609 ,-0.166322 
136,3.66836 ,0.00147696 ,-0.159549 
137,3.69533 ,0.00149796 ,-0.152908 
138,3.7223 ,0.0015191 ,-0.14642 
139,3.74927 ,0.00154035 ,-0.140056 
140,3.77625 ,0.00156174 ,-0.133838 
141,3.80322 ,0.00158325 ,-0.127736 
142,3.83019 ,0.00160489 ,-0.121772 
143,3.85717 ,0.00162665 ,-0.115917 
144,3.88414 ,0.00164853 ,-0.110194 
145,3.91111 ,0.00167054 ,-0.104573 
146,3.93809 ,0.00169267 ,-0.0990781 
147,3.96506 ,0.00171492 ,-0.0936785 
148,3.99203 ,0.0017373 ,-0.0883986 
149,4.019 ,0.00175979 ,-0.0832086 
150,4.04598 ,0.0017824 ,-0.0781327 
151,4.07295 ,0.00180513 ,-0.0731414 
152,4.09992 ,0.00182798 ,-0.068259 
153,4.1269 ,0.00185095 ,-0.063456 
154,4.15387 ,0.00187403 ,-0.0587571 
155,4.18084 ,0.00189723 ,-0.0541329 
156,4.20782 ,0.00192055 ,-0.0496082 
157,4.23479 ,0.00194398 ,-0.0451537 
158,4.26176 ,0.00196752 ,-0.0407945 
159,4.28873 ,0.00199117 ,-0.0365014 
160,4.31571 ,0.00201494 ,-0.0322996 
161,4.34268 ,0.00203882 ,-0.0281598 
162,4.36965 ,0.00206281 ,-0.0241076 
163,4.39663 ,0.0020869 ,-0.0201138 
164,4.4236 ,0.00211111 ,-0.0162041 
165,4.45057 ,0.00213542 ,-0.0123493 
166,4.47755 ,0.00215984 ,-0.00857522 
167,4.50452 ,0.00218437 ,-0.00485275 
168,4.53149 ,0.002209 ,-0.001208 
169,4.55846 ,0.00223374 ,0.00238826 
170,4.58544 ,0.00225858 ,0.00590972 
171,4.61241 ,0.00228352 ,0.00938562 
172,4.63938 ,0.00230857 ,0.0127894 
173,4.66636 ,0.00233372 ,0.0161505 
174,4.69333 ,0.00235896 ,0.019442 
175,4.7203 ,0.00238431 ,0.0226933 
176,4.74728 ,0.00240975 ,0.0258776 
177,4.77425 ,0.00243529 ,0.0290241 
178,4.80122 ,0.00246093 ,0.0321059 
179,4.82819 ,0.00248666 ,0.0351521 
180,4.85517 ,0.00251249 ,0.0381359 
181,4.88214 ,0.00253841 ,0.0410863 
182,4.90911 ,0.00256442 ,0.0439763 
183,4.93609 ,0.00259052 ,0.046835 
184,4.96306 ,0.00261672 ,0.0496352 
185,4.99003 ,0.002643 ,0.0524061 
186,5.01701 ,0.00266938 ,0.0551204 
187,5.04398 ,0.00269584 ,0.0578071 
188,5.07095 ,0.00272239 ,0.060439 
189,5.09792 ,0.00274902 ,0.0630451 
190,5.1249 ,0.00277574 ,0.0655979 
191,5.15187 ,0.00280255 ,0.0681267 
192,5.17884 ,0.00282943 ,0.0706038 
193,5.20582 ,0.0028564 ,0.0730584 
194,5.23279 ,0.00288345 ,0.0754628 
195,5.25976 ,0.00291058 ,0.0778462 
196,5.28674 ,0.00293779 ,0.0801808 
197,5.31371 ,0.00296507 ,0.0824958 
198,5.34068 ,0.00299243 ,0.0847633 
199,5.36765 ,0.00301987 ,0.0870126 
200,5.39463 ,0.00304738 ,0.0892157 
201,5.4216 ,0.00307497 ,0.0914018 
202,5.44857 ,0.00310262 ,0.093543 
203,5.47555 ,0.00313035 ,0.0956684 
204,5.50252 ,0.00315815 ,0.0977499 
205,5.52949 ,0.00318602 ,0.0998169 
206,5.55647 ,0.00321396 ,0.101841 
207,5.58344 ,0.00324196 ,0.103852 
208,5.61041 ,0.00327003 ,0.105821 
209,5.63738 ,0.00329816 ,0.107777 
210,5.66436 ,0.00332636 ,0.109693 
211,5.69133 ,0.00335462 ,0.111597 
212,5.7183 ,0.00338294 ,0.113462 
213,5.74528 ,0.00341132 ,0.115316 
214,5.77225 ,0.00343976 ,0.117131 
215,5.79922 ,0.00346826 ,0.118937 
216,5.8262 ,0.00349682 ,0.120704 
217,5.85317 ,0.00352543 ,0.122463 
218,5.88014 ,0.0035541 ,0.124185 
219,5.90711 ,0.00358281 ,0.125898 
220,5.93409 ,0.00361159 ,0.127576 
221,5.96106 ,0.00364041 ,0.129246 
222,5.98803 ,0.00366928 ,0.13088 
223,6.01501 ,0.0036982 ,0.132508 
224,6.04198 ,0.00372717 ,0.134102 
225,6.06895 ,0.00375618 ,0.135689 
226,6.09593 ,0.00378524 ,0.137242 
227,6.1229 ,0.00381435 ,0.13879 
228,6.14987 ,0.00384349 ,0.140305 
229,6.17684 ,0.00387268 ,0.141815 
230,6.20382 ,0.00390191 ,0.143293 
231,6.23079 ,0.00393117 ,0.144766 
232,6.25776 ,0.00396048 ,0.146207 
233,6.28474 ,0.00398982 ,0.147645 
234,6.31171 ,0.00401919 ,0.149052 
235,6.33868 ,0.0040486 ,0.150456 
236,6.36566 ,0.00407805 ,0.151828 
237,6.39263 ,0.00410752 ,0.153199 
238,6.4196 ,0.00413702 ,0.154539 
239,6.44657 ,0.00416656 ,0.155877 
240,6.47355 ,0.00419612 ,0.157186 
241,6.50052 ,0.00422571 ,0.158493 
242,6.52749 ,0.00425532 ,0.159771 
243,6.55447 ,0.00428496 ,0.161048 
244,6.58144 ,0.00431462 ,0.162296 
245,6.60841 ,0.0043443 ,0.163544 
246,6.63539 ,0.004374 ,0.164764 
247,6.66236 ,0.00440372 ,0.165984 
248,6.68933 ,0.00443346 ,0.167176 
249,6.7163 ,0.00446321 ,0.168368 
250,6.74328 ,0.00449298 ,0.169533 
251,6.77025 ,0.00452277 ,0.170699 
252,6.79722 ,0.00455256 ,0.171838 
253,6.8242 ,0.00458237 ,0.172978 
254,6.85117 ,0.00461219 ,0.174092 
255,6.87814 ,0.00464201 ,0.175207 
256,6.90512 ,0.00467184 ,0.176296 
257,6.93209 ,0.00470168 ,0.177388 
258,6.95906 ,0.00473153 ,0.178453 
259,6.98603 ,0.00476137 ,0.179521 
260,7.01301 ,0.00479122 ,0.180564 
261,7.03998 ,0.00482107 ,0.18161 
262,7.06695 ,0.00485092 ,0.18263 
263,7.09393 ,0.00488076 ,0.183654 
264,7.1209 ,0.00491061 ,0.184653 
265,7.14787 ,0.00494044 ,0.185656 
266,7.17485 ,0.00497028 ,0.186634 
267,7.20182 ,0.0050001 ,0.187616 
268,7.22879 ,0.00502992 ,0.188574 
269,7.25576 ,0.00505972 ,0.189536 
270,7.28274 ,0.00508952 ,0.190475 
271,7.30971 ,0.0051193 ,0.191418 
272,7.33668 ,0.00514906 ,0.192339 
273,7.36366 ,0.00517882 ,0.193263 
274,7.39063 ,0.00520855 ,0.194165 
275,7.4176 ,0.00523827 ,0.195072 
276,7.44458 ,0.00526797 ,0.195956 
277,7.47155 ,0.00529764 ,0.196846 
278,7.49852 ,0.0053273 ,0.197713 
279,7.52549 ,0.00535693 ,0.198586 
280,7.55247 ,0.00538653 ,0.199437 
281,7.57944 ,0.00541611 ,0.200294 
282,7.60641 ,0.00544566 ,0.201129 
283,7.63339 ,0.00547518 ,0.20197 
284,7.66036 ,0.00550467 ,0.202791 
285,7.68733 ,0.00553413 ,0.203617 
286,7.71431 ,0.00556355 ,0.204423 
287,7.74128 ,0.00559294 ,0.205234 
288,7.76825 ,0.0056223 ,0.206026 
289,7.79522 ,0.00565161 ,0.206824 
290,7.8222 ,0.00568089 ,0.207602 
291,7.84917 ,0.00571013 ,0.208387 
292,7.87614 ,0.00573932 ,0.209152 
293,7.90312 ,0.00576847 ,0.209924 
294,7.93009 ,0.00579758 ,0.210676 
295,7.95706 ,0.00582664 ,0.211436 
296,7.98404 ,0.00585565 ,0.212177 
297,8.01101 ,0.00588461 ,0.212925 
298,8.03798 ,0.00591353 ,0.213654 
299,8.06495 ,0.00594239 ,0.214391 
300,8.09193 ,0.00597119 ,0.215109 
301,8.1189 ,0.00599995 ,0.215835 
302,8.14587 ,0.00602864 ,0.216543 
303,8.17285 ,0.00605728 ,0.217259 
304,8.19982 ,0.00608586 ,0.217957 
305,8.22679 ,0.00611437 ,0.218663 
306,8.25376 ,0.00614283 ,0.219351 
307,8.28074 ,0.00617122 ,0.220048 
308,8.30771 ,0.00619954 ,0.220727 
309,8.33468 ,0.0062278 ,0.221415 
310,8.36166 ,0.00625599 ,0.222086 
311,8.38863 ,0.00628411 ,0.222766 
312,8.4156 ,0.00631216 ,0.223429 
313,8.44258 ,0.00634013 ,0.2241 
314,8.46955 ,0.00636803 ,0.224755 
315,8.49652 ,0.00639586 ,0.22542 
316,8.52349 ,0.0064236 ,0.226068 
317,8.55047 ,0.00645127 ,0.226725 
318,8.57744 ,0.00647886 ,0.227366 
319,8.60441 ,0.00650636 ,0.228017 
320,8.63139 ,0.00653378 ,0.228652 
321,8.65836 ,0.00656111 ,0.229296 
322,8.68533 ,0.00658836 ,0.229925 
323,8.71231 ,0.00661552 ,0.230564 
324,8.73928 ,0.00664258 ,0.231187 
325,8.76625 ,0.00666956 ,0.23182 
326,8.79322 ,0.00669644 ,0.232438 
327,8.8202 ,0.00672322 ,0.233067 
328,8.84717 ,0.00674991 ,0.23368 
329,8.87414 ,0.0067765 ,0.234304 
330,8.90112 ,0.00680299 ,0.234913 
331,8.92809 ,0.00682937 ,0.235532 
332,8.95506 ,0.00685566 ,0.236137 
333,8.98204 ,0.00688183 ,0.236752 
334,9.00901 ,0.0069079 ,0.237353 
335,9.03598 ,0.00693386 ,0.237965 
336,9.06295 ,0.00695971 ,0.238563 
337,9.08993 ,0.00698544 ,0.239172 
338,9.1169 ,0.00701106 ,0.239767 
339,9.14387 ,0.00703657 ,0.240372 
340,9.17085 ,0.00706195 ,0.240964 
341,9.19782 ,0.00708722 ,0.241567 
342,9.22479 ,0.00711237 ,0.242157 
343,9.25177 ,0.00713739 ,0.242757 
344,9.27874 ,0.00716228 ,0.243345 
345,9.30571 ,0.00718705 ,0.243943 
346,9.33268 ,0.00721169 ,0.244529 
347,9.35966 ,0.0072362 ,0.245126 
348,9.38663 ,0.00726057 ,0.245709 
349,9.4136 ,0.00728481 ,0.246305 
350,9.44058 ,0.00730891 ,0.246887 
351,9.46755 ,0.00733288 ,0.247481 
352,9.49452 ,0.0073567 ,0.248062 
353,9.5215 ,0.00738038 ,0.248655 
354,9.54847 ,0.00740392 ,0.249235 
355,9.57544 ,0.00742731 ,0.249827 
356,9.60241 ,0.00745055 ,0.250406 
357,9.62939 ,0.00747364 ,0.250997 
358,9.65636 ,0.00749657 ,0.251576 
359,9.68333 ,0.00751936 ,0.252167 
360,9.71031 ,0.00754198 ,0.252745 
361,9.73728 ,0.00756445 ,0.253336 
362,9.76425 ,0.00758675 ,0.253913 
363,9.79123 ,0.0076089 ,0.254504 
364,9.8182 ,0.00763087 ,0.255081 
365,9.84517 ,0.00765268 ,0.255671 
366,9.87214 ,0.00767432 ,0.256249 
367,9.89912 ,0.00769579 ,0.256839 
368,9.92609 ,0.00771709 ,0.257417 
369,9.95306 ,0.00773821 ,0.258007 
370,9.98004 ,0.00775915 ,0.258585 
371,10.007 ,0.00777991 ,0.259176 
372,10.034 ,0.00780049 ,0.259754 
373,10.061 ,0.00782088 ,0.260345 
374,10.0879 ,0.00784109 ,0.260923 
375,10.1149 ,0.0078611 ,0.261515 
376,10.1419 ,0.00788093 ,0.262093 
377,10.1688 ,0.00790056 ,0.262685 
378,10.1958 ,0.00792 ,0.263264 
379,10.2228 ,0.00793924 ,0.263856 
380,10.2498 ,0.00795827 ,0.264436 
381,10.2767 ,0.00797711 ,0.265029 
382,10.3037 ,0.00799574 ,0.265609 
383,10.3307 ,0.00801416 ,0.266202 
384,10.3577 ,0.00803237 ,0.266782 
385,10.3846 ,0.00805037 ,0.267376 
386,10.4116 ,0.00806816 ,0.267957 
387,10.4386 ,0.00808572 ,0.268551 
388,10.4656 ,0.00810307 ,0.269132 
389,10.4925 ,0.0081202 ,0.269726 
390,10.5195 ,0.0081371 ,0.270308 
391,10.5465 ,0.00815378 ,0.270902 
392,10.5734 ,0.00817023 ,0.271484 
393,10.6004 ,0.00818644 ,0.272079 
394,10.6274 ,0.00820243 ,0.272661 
395,10.6544 ,0.00821818 ,0.273257 
396,10.6813 ,0.00823368 ,0.273839 
397,10.7083 ,0.00824895 ,0.274434 
398,10.7353 ,0.00826398 ,0.275016 
399,10.7623 ,0.00827876 ,0.275612 
400,10.7892 ,0.00829329 ,0.276194 
401,10.8162 ,0.00830757 ,0.276789 
402,10.8432 ,0.0083216 ,0.277371 
403,10.8701 ,0.00833537 ,0.277966 
404,10.8971 ,0.00834888 ,0.278548 
405,10.9241 ,0.00836214 ,0.279143 
406,10.9511 ,0.00837513 ,0.279724 
407,10.978 ,0.00838785 ,0.280319 
408,11.005 ,0.00840031 ,0.280899 
409,11.032 ,0.0084125 ,0.281493 
410,11.059 ,0.00842442 ,0.282073 
411,11.0859 ,0.00843606 ,0.282666 
412,11.1129 ,0.00844742 ,0.283245 
413,11.1399 ,0.00845851 ,0.283837 
414,11.1668 ,0.00846931 ,0.284415 
415,11.1938 ,0.00847983 ,0.285006 
416,11.2208 ,0.00849006 ,0.285583 
417,11.2478 ,0.0085 ,0.286172 
418,11.2747 ,0.00850965 ,0.286747 
419,11.3017 ,0.00851901 ,0.287336 
420,11.3287 ,0.00852807 ,0.287909 
421,11.3557 ,0.00853683 ,0.288495 
422,11.3826 ,0.00854529 ,0.289067 
423,11.4096 ,0.00855345 ,0.289651 
424,11.4366 ,0.0085613 ,0.290221 
425,11.4636 ,0.00856884 ,0.290803 
426,11.4905 ,0.00857608 ,0.29137 
427,11.5175 ,0.008583 ,0.29195 
428,11.5445 ,0.0085896 ,0.292514 
429,11.5714 ,0.00859589 ,0.293091 
430,11.5984 ,0.00860186 ,0.293653 
431,11.6254 ,0.00860751 ,0.294227 
432,11.6524 ,0.00861284 ,0.294785 
433,11.6793 ,0.00861784 ,0.295356 
434,11.7063 ,0.00862251 ,0.295911 
435,11.7333 ,0.00862685 ,0.296479 
436,11.7603 ,0.00863086 ,0.29703 
437,11.7872 ,0.00863453 ,0.297593 
438,11.8142 ,0.00863787 ,0.298141 
439,11.8412 ,0.00864087 ,0.2987 
440,11.8681 ,0.00864353 ,0.299243 
441,11.8951 ,0.00864585 ,0.299798 
442,11.9221 ,0.00864782 ,0.300336 
443,11.9491 ,0.00864945 ,0.300886 
444,11.976 ,0.00865073 ,0.30142 
445,12.003 ,0.00865166 ,0.301965 
446,12.03 ,0.00865223 ,0.302493 
447,12.057 ,0.00865246 ,0.303033 
448,12.0839 ,0.00865233 ,0.303555 
449,12.1109 ,0.00865184 ,0.304089 
450,12.1379 ,0.00865099 ,0.304605 
451,12.1648 ,0.00864978 ,0.305133 
452,12.1918 ,0.00864821 ,0.305643 
453,12.2188 ,0.00864628 ,0.306164 
454,12.2458 ,0.00864398 ,0.306667 
455,12.2727 ,0.00864131 ,0.307181 
456,12.2997 ,0.00863828 ,0.307677 
457,12.3267 ,0.00863488 ,0.308184 
458,12.3537 ,0.0086311 ,0.308672 
459,12.3806 ,0.00862696 ,0.309171 
460,12.4076 ,0.00862243 ,0.309652 
461,12.4346 ,0.00861754 ,0.310142 
462,12.4616 ,0.00861227 ,0.310614 
463,12.4885 ,0.00860662 ,0.311096 
464,12.5155 ,0.00860059 ,0.311559 
465,12.5425 ,0.00859418 ,0.312032 
466,12.5694 ,0.00858739 ,0.312486 
467,12.5964 ,0.00858022 ,0.312949 
468,12.6234 ,0.00857267 ,0.313393 
469,12.6504 ,0.00856474 ,0.313847 
470,12.6773 ,0.00855642 ,0.31428 
471,12.7043 ,0.00854771 ,0.314723 
472,12.7313 ,0.00853862 ,0.315146 
473,12.7583 ,0.00852914 ,0.315577 
474,12.7852 ,0.00851928 ,0.315989 
475,12.8122 ,0.00850903 ,0.316409 
476,12.8392 ,0.00849839 ,0.316809 
477,12.8661 ,0.00848736 ,0.317217 
478,12.8931 ,0.00847594 ,0.317604 
479,12.9201 ,0.00846413 ,0.317999 
480,12.9471 ,0.00845194 ,0.318374 
481,12.974 ,0.00843935 ,0.318756 
482,13.001 ,0.00842638 ,0.319117 
483,13.028 ,0.00841301 ,0.319485 
484,13.055 ,0.00839926 ,0.319832 
485,13.0819 ,0.00838511 ,0.320186 
486,13.1089 ,0.00837058 ,0.320519 
487,13.1359 ,0.00835565 ,0.320858 
488,13.1629 ,0.00834034 ,0.321175 
489,13.1898 ,0.00832464 ,0.321498 
490,13.2168 ,0.00830855 ,0.3218 
491,13.2438 ,0.00829207 ,0.322107 
492,13.2707 ,0.0082752 ,0.322392 
493,13.2977 ,0.00825795 ,0.322683 
494,13.3247 ,0.00824031 ,0.322951 
495,13.3517 ,0.00822229 ,0.323224 
496,13.3786 ,0.00820388 ,0.323474 
497,13.4056 ,0.00818508 ,0.323729 
498,13.4326 ,0.00816591 ,0.323961 
499,13.4596 ,0.00814635 ,0.324197 
500,13.4865 ,0.00812641 ,0.324411 
501,13.5135 ,0.00810609 ,0.324627 
502,13.5405 ,0.0080854 ,0.324821 
503,13.5674 ,0.00806432 ,0.325018 
504,13.5944 ,0.00804288 ,0.325191 
505,13.6214 ,0.00802105 ,0.325367 
506,13.6484 ,0.00799886 ,0.325519 
507,13.6753 ,0.00797629 ,0.325673 
508,13.7023 ,0.00795336 ,0.325804 
509,13.7293 ,0.00793006 ,0.325936 
510,13.7563 ,0.00790639 ,0.326044 
511,13.7832 ,0.00788236 ,0.326154 
512,13.8102 ,0.00785797 ,0.326239 
513,13.8372 ,0.00783322 ,0.326325 
514,13.8641 ,0.00780811 ,0.326386 
515,13.8911 ,0.00778265 ,0.326447 
516,13.9181 ,0.00775683 ,0.326484 
517,13.9451 ,0.00773066 ,0.32652 
518,13.972 ,0.00770415 ,0.326532 
519,13.999 ,0.00767729 ,0.326542 
520,14.026 ,0.00765009 ,0.326528 
521,14.053 ,0.00762255 ,0.326512 
522,14.0799 ,0.00759468 ,0.32647 
523,14.1069 ,0.00756647 ,0.326428 
524,14.1339 ,0.00753793 ,0.326359 
525,14.1609 ,0.00750906 ,0.326288 
526,14.1878 ,0.00747987 ,0.326191 
527,14.2148 ,0.00745035 ,0.326091 
528,14.2418 ,0.00742052 ,0.325965 
529,14.2687 ,0.00739037 ,0.325836 
530,14.2957 ,0.00735991 ,0.32568 
531,14.3227 ,0.00732914 ,0.325521 
532,14.3497 ,0.00729807 ,0.325335 
533,14.3766 ,0.0072667 ,0.325145 
534,14.4036 ,0.00723503 ,0.324927 
535,14.4306 ,0.00720307 ,0.324706 
536,14.4576 ,0.00717082 ,0.324456 
537,14.4845 ,0.00713828 ,0.324202 
538,14.5115 ,0.00710546 ,0.32392 
539,14.5385 ,0.00707237 ,0.323633 
540,14.5654 ,0.007039 ,0.323318 
541,14.5924 ,0.00700537 ,0.322997 
542,14.6194 ,0.00697147 ,0.322648 
543,14.6464 ,0.0069373 ,0.322292 
544,14.6733 ,0.00690289 ,0.321908 
545,14.7003 ,0.00686822 ,0.321517 
546,14.7273 ,0.00683331 ,0.321098 
547,14.7543 ,0.00679815 ,0.320671 
548,14.7812 ,0.00676276 ,0.320216 
549,14.8082 ,0.00672713 ,0.319752 
550,14.8352 ,0.00669128 ,0.31926 
551,14.8621 ,0.0066552 ,0.318759 
552,14.8891 ,0.0066189 ,0.31823 
553,14.9161 ,0.0065824 ,0.317691 
554,14.9431 ,0.00654568 ,0.317123 
555,14.97 ,0.00650876 ,0.316546 
556,14.997 ,0.00647165 ,0.315939 
557,15.024 ,0.00643434 ,0.315323 
558,15.051 ,0.00639684 ,0.314677 
559,15.0779 ,0.00635916 ,0.31402 
560,15.1049 ,0.00632131 ,0.313335 
561,15.1319 ,0.00628328 ,0.312638 
562,15.1589 ,0.00624509 ,0.311911 
563,15.1858 ,0.00620674 ,0.311173 
564,15.2128 ,0.00616823 ,0.310405 
565,15.2398 ,0.00612957 ,0.309626 
566,15.2667 ,0.00609077 ,0.308816 
567,15.2937 ,0.00605183 ,0.307995 
568,15.3207 ,0.00601276 ,0.307143 
569,15.3477 ,0.00597356 ,0.306279 
570,15.3746 ,0.00593424 ,0.305384 
571,15.4016 ,0.0058948 ,0.304476 
572,15.4286 ,0.00585526 ,0.303539 
573,15.4556 ,0.00581561 ,0.302587 
574,15.4825 ,0.00577586 ,0.301606 
575,15.5095 ,0.00573602 ,0.30061 
576,15.5365 ,0.00569609 ,0.299585 
577,15.5634 ,0.00565609 ,0.298545 
578,15.5904 ,0.005616 ,0.297474 
579,15.6174 ,0.00557585 ,0.296389 
580,15.6444 ,0.00553564 ,0.295274 
581,15.6713 ,0.00549536 ,0.294143 
582,15.6983 ,0.00545504 ,0.292982 
583,15.7253 ,0.00541467 ,0.291806 
584,15.7523 ,0.00537426 ,0.2906 
585,15.7792 ,0.00533382 ,0.289377 
586,15.8062 ,0.00529335 ,0.288124 
587,15.8332 ,0.00525286 ,0.286856 
588,15.8602 ,0.00521236 ,0.285556 
589,15.8871 ,0.00517184 ,0.284241 
590,15.9141 ,0.00513132 ,0.282895 
591,15.9411 ,0.0050908 ,0.281532 
592,15.968 ,0.00505029 ,0.28014 
593,15.995 ,0.00500979 ,0.27873 
594,16.022 ,0.00496931 ,0.27729 
595,16.049 ,0.00492886 ,0.275833 
596,16.0759 ,0.00488844 ,0.274346 
597,16.1029 ,0.00484805 ,0.272841 
598,16.1299 ,0.00480771 ,0.271306 
599,16.1569 ,0.00476742 ,0.269753 
600,16.1838 ,0.00472718 ,0.268171 
601,16.2108 ,0.004687 ,0.26657 
602,16.2378 ,0.00464689 ,0.26494 
603,16.2647 ,0.00460685 ,0.263292 
604,16.2917 ,0.00456688 ,0.261614 
605,16.3187 ,0.004527 ,0.259917 
606,16.3457 ,0.0044872 ,0.258191 
607,16.3726 ,0.0044475 ,0.256446 
608,16.3996 ,0.0044079 ,0.254673 
609,16.4266 ,0.0043684 ,0.25288 
610,16.4536 ,0.00432901 ,0.251058 
611,16.4805 ,0.00428973 ,0.249217 
612,16.5075 ,0.00425058 ,0.247348 
613,16.5345 ,0.00421155 ,0.245459 
614,16.5614 ,0.00417265 ,0.243541 
615,16.5884 ,0.00413389 ,0.241605 
616,16.6154 ,0.00409527 ,0.239639 
617,16.6424 ,0.00405679 ,0.237667 
618,16.6693 ,0.00401847 ,0.235703 
619,16.6963 ,0.0039803 ,0.233758 
620,16.7233 ,0.00394229 ,0.231822 
621,16.7503 ,0.00390445 ,0.229904 
622,16.7772 ,0.00386677 ,0.227996 
623,16.8042 ,0.00382927 ,0.226106 
624,16.8312 ,0.00379195 ,0.224225 
625,16.8582 ,0.0037548 ,0.222362 
626,16.8851 ,0.00371785 ,0.220508 
627,16.9121 ,0.00368108 ,0.218671 
628,16.9391 ,0.0036445 ,0.216844 
629,16.966 ,0.00360812 ,0.215033 
630,16.993 ,0.00357193 ,0.213232 
631,17.02 ,0.00353595 ,0.211448 
632,17.047 ,0.00350017 ,0.209672 
633,17.0739 ,0.00346459 ,0.207913 
634,17.1009 ,0.00342923 ,0.206164 
635,17.1279 ,0.00339408 ,0.20443 
636,17.1549 ,0.00335915 ,0.202705 
637,17.1818 ,0.00332443 ,0.200996 
638,17.2088 ,0.00328993 ,0.199297 
639,17.2358 ,0.00325565 ,0.197612 
640,17.2627 ,0.00322159 ,0.195937 
641,17.2897 ,0.00318776 ,0.194277 
642,17.3167 ,0.00315415 ,0.192626 
643,17.3437 ,0.00312078 ,0.19099 
644,17.3706 ,0.00308763 ,0.189362 
645,17.3976 ,0.00305471 ,0.18775 
646,17.4246 ,0.00302203 ,0.186146 
647,17.4516 ,0.00298958 ,0.184557 
648,17.4785 ,0.00295737 ,0.182976 
649,17.5055 ,0.00292539 ,0.18141 
650,17.5325 ,0.00289365 ,0.179853 
651,17.5595 ,0.00286214 ,0.178309 
652,17.5864 ,0.00283088 ,0.176774 
653,17.6134 ,0.00279985 ,0.175253 
654,17.6404 ,0.00276907 ,0.17374 
655,17.6673 ,0.00273852 ,0.172241 
656,17.6943 ,0.00270822 ,0.17075 
657,17.7213 ,0.00267816 ,0.169273 
658,17.7483 ,0.00264834 ,0.167804 
659,17.7752 ,0.00261876 ,0.166348 
660,17.8022 ,0.00258942 ,0.164901 
661,17.8292 ,0.00256033 ,0.163466 
662,17.8562 ,0.00253148 ,0.16204 
663,17.8831 ,0.00250287 ,0.160626 
664,17.9101 ,0.0024745 ,0.159221 
665,17.9371 ,0.00244638 ,0.157828 
666,17.964 ,0.00241849 ,0.156443 
667,17.991 ,0.00239086 ,0.15507 
668,18.018 ,0.00236346 ,0.153706 
669,18.045 ,0.0023363 ,0.152353 
670,18.0719 ,0.00230939 ,0.151009 
671,18.0989 ,0.00228271 ,0.149677 
672,18.1259 ,0.00225628 ,0.148352 
673,18.1529 ,0.00223008 ,0.147039 
674,18.1798 ,0.00220413 ,0.145735 
675,18.2068 ,0.00217841 ,0.144441 
676,18.2338 ,0.00215293 ,0.143156 
677,18.2607 ,0.00212769 ,0.141882 
678,18.2877 ,0.00210268 ,0.140615 
679,18.3147 ,0.00207791 ,0.13936 
680,18.3417 ,0.00205337 ,0.138113 
681,18.3686 ,0.00202907 ,0.136876 
682,18.3956 ,0.002005 ,0.135647 
683,18.4226 ,0.00198116 ,0.134429 
684,18.4496 ,0.00195756 ,0.133219 
685,18.4765 ,0.00193418 ,0.132019 
686,18.5035 ,0.00191104 ,0.130827 
687,18.5305 ,0.00188812 ,0.129645 
688,18.5575 ,0.00186543 ,0.128471 
689,18.5844 ,0.00184296 ,0.127307 
690,18.6114 ,0.00182072 ,0.126151 
691,18.6384 ,0.0017987 ,0.125004 
692,18.6653 ,0.00177691 ,0.123865 
693,18.6923 ,0.00175534 ,0.122736 
694,18.7193 ,0.00173399 ,0.121615 
695,18.7463 ,0.00171285 ,0.120503 
696,18.7732 ,0.00169194 ,0.119398 
697,18.8002 ,0.00167124 ,0.118303 
698,18.8272 ,0.00165075 ,0.117216 
699,18.8542 ,0.00163048 ,0.116138 
700,18.8811 ,0.00161042 ,0.115067 
701,18.9081 ,0.00159057 ,0.114005 
702,18.9351 ,0.00157094 ,0.112951 
703,18.962 ,0.00155151 ,0.111906 
704,18.989 ,0.00153229 ,0.110868 
705,19.016 ,0.00151327 ,0.109839 
706,19.043 ,0.00149446 ,0.108817 
707,19.0699 ,0.00147585 ,0.107803 
708,19.0969 ,0.00145744 ,0.106798 
709,19.1239 ,0.00143923 ,0.1058 
710,19.1509 ,0.00142122 ,0.10481 
711,19.1778 ,0.00140341 ,0.103828 
712,19.2048 ,0.00138579 ,0.102853 
713,19.2318 ,0.00136837 ,0.101887 
714,19.2587 ,0.00135114 ,0.100928 
715,19.2857 ,0.0013341 ,0.0999764 
716,19.3127 ,0.00131725 ,0.0990322 
717,19.3397 ,0.00130059 ,0.098096 
718,19.3666 ,0.00128412 ,0.0971668 
719,19.3936 ,0.00126783 ,0.0962455 
720,19.4206 ,0.00125173 ,0.095331 
721,19.4476 ,0.0012358 ,0.0944244 
722,19.4745 ,0.00122006 ,0.0935245 
723,19.5015 ,0.0012045 ,0.0926323 
724,19.5285 ,0.00118911 ,0.0917469 
725,19.5555 ,0.00117391 ,0.0908691 
726,19.5824 ,0.00115887 ,0.0899979 
727,19.6094 ,0.00114401 ,0.0891342 
728,19.6364 ,0.00112932 ,0.0882771 
729,19.6633 ,0.0011148 ,0.0874273 
730,19.6903 ,0.00110045 ,0.0865841 
731,19.7173 ,0.00108627 ,0.0857482 
732,19.7443 ,0.00107225 ,0.0849187 
733,19.7712 ,0.0010584 ,0.0840964 
734,19.7982 ,0.00104471 ,0.0832804 
735,19.8252 ,0.00103118 ,0.0824716 
736,19.8522 ,0.00101781 ,0.081669 
737,19.8791 ,0.0010046 ,0.0808735 
738,19.9061 ,0.000991546 ,0.0800842 
739,19.9331 ,0.000978647 ,0.0793017 
740,19.96 ,0.000965901 ,0.0785254 
741,19.987 ,0.000953309 ,0.0777559 
742,20.014 ,0.000940867 ,0.0769925 
743,20.041 ,0.000928574 ,0.0762359 
744,20.0679 ,0.00091643 ,0.0754852 
745,20.0949 ,0.000904432 ,0.0747411 
746,20.1219 ,0.000892579 ,0.074003 
747,20.1489 ,0.00088087 ,0.0732714 
748,20.1758 ,0.000869303 ,0.0725457 
749,20.2028 ,0.000857877 ,0.0718264 
750,20.2298 ,0.000846591 ,0.0711129 
751,20.2568 ,0.000835442 ,0.0704058 
752,20.2837 ,0.00082443 ,0.0697044 
753,20.3107 ,0.000813553 ,0.0690092 
754,20.3377 ,0.00080281 ,0.0683198 
755,20.3646 ,0.0007922 ,0.0676364 
756,20.3916 ,0.00078172 ,0.0669587 
757,20.4186 ,0.000771371 ,0.0662871 
758,20.4456 ,0.00076115 ,0.065621 
759,20.4725 ,0.000751055 ,0.0649609 
760,20.4995 ,0.000741087 ,0.0643063 
761,20.5265 ,0.000731242 ,0.0636575 
762,20.5535 ,0.000721521 ,0.0630142 
763,20.5804 ,0.000711922 ,0.0623766 
764,20.6074 ,0.000702443 ,0.0617445 
765,20.6344 ,0.000693083 ,0.061118 
766,20.6613 ,0.000683841 ,0.0604969 
767,20.6883 ,0.000674716 ,0.0598813 
768,20.7153 ,0.000665705 ,0.059271 
769,20.7423 ,0.000656809 ,0.0586662 
770,20.7692 ,0.000648026 ,0.0580666 
771,20.7962 ,0.000639354 ,0.0574725 
772,20.8232 ,0.000630793 ,0.0568834 
773,20.8502 ,0.000622341 ,0.0562998 
774,20.8771 ,0.000613996 ,0.0557211 
775,20.9041 ,0.000605759 ,0.0551478 
776,20.9311 ,0.000597627 ,0.0545795 
777,20.958 ,0.000589599 ,0.0540163 
778,20.985 ,0.000581674 ,0.0534581 
779,21.012 ,0.000573851 ,0.052905 
780,21.039 ,0.000566129 ,0.0523568 
781,21.0659 ,0.000558507 ,0.0518136 
782,21.0929 ,0.000550984 ,0.0512752 
783,21.1199 ,0.000543557 ,0.0507418 
784,21.1469 ,0.000536227 ,0.0502131 
785,21.1738 ,0.000528993 ,0.0496893 
786,21.2008 ,0.000521852 ,0.0491702 
787,21.2278 ,0.000514805 ,0.0486559 
788,21.2548 ,0.000507849 ,0.0481462 
789,21.2817 ,0.000500984 ,0.0476413 
790,21.3087 ,0.000494209 ,0.0471409 
791,21.3357 ,0.000487523 ,0.0466452 
792,21.3626 ,0.000480924 ,0.046154 
793,21.3896 ,0.000474413 ,0.0456674 
794,21.4166 ,0.000467986 ,0.0451852 
795,21.4436 ,0.000461645 ,0.0447076 
796,21.4705 ,0.000455387 ,0.0442343 
797,21.4975 ,0.000449212 ,0.0437655 
798,21.5245 ,0.000443118 ,0.0433009 
799,21.5515 ,0.000437106 ,0.0428408 
800,21.5784 ,0.000431173 ,0.0423849 
801,21.6054 ,0.000425319 ,0.0419334 
802,21.6324 ,0.000419542 ,0.041486 
803,21.6593 ,0.000413843 ,0.041043 
804,21.6863 ,0.000408219 ,0.040604 
805,21.7133 ,0.000402671 ,0.0401692 
806,21.7403 ,0.000397197 ,0.0397385 
807,21.7672 ,0.000391796 ,0.039312 
808,21.7942 ,0.000386468 ,0.0388894 
809,21.8212 ,0.000381211 ,0.0384709 
810,21.8482 ,0.000376024 ,0.0380564 
811,21.8751 ,0.000370908 ,0.0376458 
812,21.9021 ,0.00036586 ,0.0372392 
813,21.9291 ,0.00036088 ,0.0368365 
814,21.956 ,0.000355968 ,0.0364377 
815,21.983 ,0.000351122 ,0.0360427 
816,22.01 ,0.000346342 ,0.0356515 
817,22.037 ,0.000341626 ,0.0352642 
818,22.0639 ,0.000336975 ,0.0348805 
819,22.0909 ,0.000332387 ,0.0345007 
820,22.1179 ,0.000327861 ,0.0341244 
821,22.1449 ,0.000323396 ,0.033752 
822,22.1718 ,0.000318993 ,0.0333831 
823,22.1988 ,0.00031465 ,0.0330179 
824,22.2258 ,0.000310366 ,0.0326562 
825,22.2528 ,0.000306141 ,0.0322981 
826,22.2797 ,0.000301974 ,0.0319436 
827,22.3067 ,0.000297863 ,0.0315926 
828,22.3337 ,0.00029381 ,0.031245 
829,22.3606 ,0.000289812 ,0.0309009 
830,22.3876 ,0.000285869 ,0.0305602 
831,22.4146 ,0.000281981 ,0.030223 
832,22.4416 ,0.000278146 ,0.0298891 
833,22.4685 ,0.000274364 ,0.0295586 
834,22.4955 ,0.000270635 ,0.0292314 
835,22.5225 ,0.000266957 ,0.0289075 
836,22.5495 ,0.00026333 ,0.0285869 
837,22.5764 ,0.000259754 ,0.0282695 
838,22.6034 ,0.000256227 ,0.0279554 
839,22.6304 ,0.00025275 ,0.0276445 
840,22.6573 ,0.000249321 ,0.0273367 
841,22.6843 ,0.00024594 ,0.0270321 
842,22.7113 ,0.000242606 ,0.0267306 
843,22.7383 ,0.000239319 ,0.0264323 
844,22.7652 ,0.000236078 ,0.026137 
845,22.7922 ,0.000232883 ,0.0258447 
846,22.8192 ,0.000229732 ,0.0255555 
847,22.8462 ,0.000226626 ,0.0252693 
848,22.8731 ,0.000223563 ,0.0249861 
849,22.9001 ,0.000220544 ,0.0247059 
850,22.9271 ,0.000217567 ,0.0244286 
851,22.9541 ,0.000214633 ,0.0241543 
852,22.981 ,0.00021174 ,0.0238828 
853,23.008 ,0.000208888 ,0.0236142 
854,23.035 ,0.000206077 ,0.0233484 
855,23.0619 ,0.000203305 ,0.0230855 
856,23.0889 ,0.000200574 ,0.0228254 
857,23.1159 ,0.000197881 ,0.0225681 
858,23.1429 ,0.000195227 ,0.0223136 
859,23.1698 ,0.00019261 ,0.0220618 
860,23.1968 ,0.000190031 ,0.0218127 
861,23.2238 ,0.00018749 ,0.0215664 
862,23.2508 ,0.000184985 ,0.0213227 
863,23.2777 ,0.000182515 ,0.0210817 
864,23.3047 ,0.000180082 ,0.0208434 
865,23.3317 ,0.000177684 ,0.0206076 
866,23.3586 ,0.00017532 ,0.0203745 
867,23.3856 ,0.000172991 ,0.020144 
868,23.4126 ,0.000170695 ,0.019916 
869,23.4396 ,0.000168433 ,0.0196906 
870,23.4665 ,0.000166204 ,0.0194677 
871,23.4935 ,0.000164008 ,0.0192474 
872,23.5205 ,0.000161843 ,0.0190295 
873,23.5475 ,0.000159711 ,0.0188141 
874,23.5744 ,0.000157609 ,0.0186011 
875,23.6014 ,0.000155539 ,0.0183906 
876,23.6284 ,0.000153499 ,0.0181825 
877,23.6553 ,0.000151489 ,0.0179769 
878,23.6823 ,0.000149509 ,0.0177736 
879,23.7093 ,0.000147558 ,0.0175727 
880,23.7363 ,0.000145637 ,0.0173741 
881,23.7632 ,0.000143744 ,0.0171779 
882,23.7902 ,0.000141879 ,0.016984 
883,23.8172 ,0.000140042 ,0.0167924 
884,23.8442 ,0.000138233 ,0.0166031 
885,23.8711 ,0.000136451 ,0.016416 
886,23.8981 ,0.000134695 ,0.0162312 
887,23.9251 ,0.000132967 ,0.0160487 
888,23.9521 ,0.000131264 ,0.0158684 
889,23.979 ,0.000129587 ,0.0156903 
890,24.006 ,0.000127936 ,0.0155143 
891,24.033 ,0.00012631 ,0.0153406 
892,24.0599 ,0.000124709 ,0.015169 
893,24.0869 ,0.000123132 ,0.0149996 
894,24.1139 ,0.00012158 ,0.0148323 
895,24.1409 ,0.000120051 ,0.0146671 
896,24.1678 ,0.000118546 ,0.0145041 
897,24.1948 ,0.000117065 ,0.0143431 
898,24.2218 ,0.000115607 ,0.0141842 
899,24.2488 ,0.000114171 ,0.0140274 
900,24.2757 ,0.000112758 ,0.0138726 
901,24.3027 ,0.000111367 ,0.0137199 
902,24.3297 ,0.000109998 ,0.0135691 
903,24.3566 ,0.000108651 ,0.0134204 
904,24.3836 ,0.000107325 ,0.0132737 
905,24.4106 ,0.00010602 ,0.013129 
906,24.4376 ,0.000104736 ,0.0129863 
907,24.4645 ,0.000103473 ,0.0128455 
908,24.4915 ,0.00010223 ,0.0127067 
909,24.5185 ,0.000101007 ,0.0125698 
910,24.5455 ,9.98044e-05 ,0.0124348 
911,24.5724 ,9.86211e-05 ,0.0123018 
912,24.5994 ,9.74572e-05 ,0.0121706 
913,24.6264 ,9.63124e-05 ,0.0120414 
914,24.6533 ,9.51866e-05 ,0.011914 
915,24.6803 ,9.40794e-05 ,0.0117885 
916,24.7073 ,9.29907e-05 ,0.0116649 
917,24.7343 ,9.19203e-05 ,0.0115431 
918,24.7612 ,9.08679e-05 ,0.0114231 
919,24.7882 ,8.98334e-05 ,0.011305 
920,24.8152 ,8.88164e-05 ,0.0111887 
921,24.8422 ,8.78169e-05 ,0.0110741 
922,24.8691 ,8.68345e-05 ,0.0109614 
923,24.8961 ,8.58692e-05 ,0.0108505 
924,24.9231 ,8.49206e-05 ,0.0107413 
925,24.9501 ,8.39887e-05 ,0.010634 
926,24.977 ,8.30732e-05 ,0.0105283 
927,25.004 ,8.21739e-05 ,0.0104244 
928,25.031 ,8.12906e-05 ,0.0103223 
929,25.0579 ,8.04232e-05 ,0.0102219 
930,25.0849 ,7.95715e-05 ,0.0101232 
931,25.1119 ,7.87353e-05 ,0.0100262 
932,25.1389 ,7.79145e-05 ,0.00993091 
933,25.1658 ,7.71088e-05 ,0.00983733 
934,25.1928 ,7.63181e-05 ,0.00974542 
935,25.2198 ,7.55422e-05 ,0.0096552 
936,25.2468 ,7.4781e-05 ,0.00956664 
937,25.2737 ,7.40343e-05 ,0.00947974 
938,25.3007 ,7.33019e-05 ,0.0093945 
939,25.3277 ,7.25838e-05 ,0.0093109 
940,25.3546 ,7.18797e-05 ,0.00922894 
941,25.3816 ,7.11894e-05 ,0.00914861 
942,25.4086 ,7.0513e-05 ,0.0090699 
943,25.4356 ,6.98501e-05 ,0.00899281 
944,25.4625 ,6.92007e-05 ,0.00891732 
945,25.4895 ,6.85647e-05 ,0.00884343 
946,25.5165 ,6.79418e-05 ,0.00877114 
947,25.5435 ,6.7332e-05 ,0.00870043 
948,25.5704 ,6.67352e-05 ,0.0086313 
949,25.5974 ,6.61511e-05 ,0.00856375 
950,25.6244 ,6.55797e-05 ,0.00849776 
951,25.6514 ,6.50208e-05 ,0.00843333 
952,25.6783 ,6.44744e-05 ,0.00837045 
953,25.7053 ,6.39403e-05 ,0.00830912 
954,25.7323 ,6.34184e-05 ,0.00824933 
955,25.7592 ,6.29086e-05 ,0.00819107 
956,25.7862 ,6.24107e-05 ,0.00813434 
957,25.8132 ,6.19247e-05 ,0.00807914 
958,25.8402 ,6.14504e-05 ,0.00802545 
959,25.8671 ,6.09878e-05 ,0.00797327 
960,25.8941 ,6.05368e-05 ,0.00792259 
961,25.9211 ,6.00971e-05 ,0.00787342 
962,25.9481 ,5.96688e-05 ,0.00782573 
963,25.975 ,5.92518e-05 ,0.00777954 
964,26.002 ,5.88459e-05 ,0.00773483 
965,26.029 ,5.84511e-05 ,0.00769159 
966,26.0559 ,5.80672e-05 ,0.00764983 
967,26.0829 ,5.76942e-05 ,0.00760954 
968,26.1099 ,5.7332e-05 ,0.0075707 
969,26.1369 ,5.69805e-05 ,0.00753333 
970,26.1638 ,5.66397e-05 ,0.00749741 
971,26.1908 ,5.63094e-05 ,0.00746293 
972,26.2178 ,5.59895e-05 ,0.0074299 
973,26.2448 ,5.568e-05 ,0.00739831 
974,26.2717 ,5.53809e-05 ,0.00736814 
975,26.2987 ,5.5092e-05 ,0.00733941 
976,26.3257 ,5.48133e-05 ,0.00731211 
977,26.3526 ,5.45447e-05 ,0.00728622 
978,26.3796 ,5.42861e-05 ,0.00726175 
979,26.4066 ,5.40375e-05 ,0.00723869 
980,26.4336 ,5.37988e-05 ,0.00721704 
981,26.4605 ,5.35699e-05 ,0.0071968 
982,26.4875 ,5.33508e-05 ,0.00717795 
983,26.5145 ,5.31415e-05 ,0.0071605 
984,26.5415 ,5.29418e-05 ,0.00714444 
985,26.5684 ,5.27518e-05 ,0.00712977 
986,26.5954 ,5.25713e-05 ,0.00711648 
987,26.6224 ,5.24003e-05 ,0.00710458 
988,26.6494 ,5.22389e-05 ,0.00709405 
989,26.6763 ,5.20868e-05 ,0.0070849 
990,26.7033 ,5.19441e-05 ,0.00707711 
991,26.7303 ,5.18107e-05 ,0.00707069 
992,26.7572 ,5.16866e-05 ,0.00706564 
993,26.7842 ,5.15718e-05 ,0.00706194 
994,26.8112 ,5.14662e-05 ,0.0070596 
995,26.8382 ,5.13698e-05 ,0.00705862 
996,26.8651 ,5.12825e-05 ,0.00705898 
997,26.8921 ,5.12043e-05 ,0.0070607 
998,26.9191 ,5.11351e-05 ,0.00706375 
999,26.9461 ,5.1075e-05 ,0.00706815 
1000,26.973 ,5.1024e-05 ,0.00707389 