N_e = 8
1,0.027 ,6.29341e-09 ,-16460.6 
2,0.053973 ,6.29655e-09 ,-4119 
3,0.080946 ,2.12351e-08 ,-1831.08 
4,0.107919 ,5.03188e-08 ,-1030 
5,0.134892 ,9.8256e-08 ,-659.142 
6,0.161865 ,1.69752e-07 ,-457.661 
7,0.188838 ,2.6951e-07 ,-336.165 
8,0.215811 ,4.02224e-07 ,-257.303 
9,0.242784 ,5.72586e-07 ,-203.234 
10,0.269757 ,7.85278e-07 ,-164.557 
11,0.29673 ,1.04498e-06 ,-135.939 
12,0.323703 ,1.35635e-06 ,-114.173 
13,0.350676 ,1.72406e-06 ,-97.2331 
14,0.377649 ,2.15275e-06 ,-83.7917 
15,0.404622 ,2.64705e-06 ,-72.9476 
16,0.431595 ,3.2116e-06 ,-64.0725 
17,0.458568 ,3.851e-06 ,-56.7169 
18,0.485541 ,4.56986e-06 ,-50.5528 
19,0.512514 ,5.37275e-06 ,-45.3361 
20,0.539487 ,6.26425e-06 ,-40.8821 
21,0.56646 ,7.24891e-06 ,-37.0491 
22,0.593433 ,8.33127e-06 ,-33.7268 
23,0.620406 ,9.51584e-06 ,-30.8284 
24,0.647379 ,1.08071e-05 ,-28.2846 
25,0.674352 ,1.22096e-05 ,-26.04 
26,0.701325 ,1.37278e-05 ,-24.0493 
27,0.728298 ,1.5366e-05 ,-22.2757 
28,0.755271 ,1.71288e-05 ,-20.6887 
29,0.782244 ,1.90205e-05 ,-19.263 
30,0.809217 ,2.10454e-05 ,-17.9776 
31,0.83619 ,2.32081e-05 ,-16.8145 
32,0.863163 ,2.55126e-05 ,-15.7587 
33,0.890136 ,2.79635e-05 ,-14.7975 
34,0.917109 ,3.05649e-05 ,-13.9198 
35,0.944082 ,3.3321e-05 ,-13.1163 
36,0.971055 ,3.62362e-05 ,-12.3788 
37,0.998028 ,3.93145e-05 ,-11.7003 
38,1.025 ,4.25602e-05 ,-11.0747 
39,1.05197 ,4.59774e-05 ,-10.4966 
40,1.07895 ,4.95702e-05 ,-9.96134 
41,1.10592 ,5.33427e-05 ,-9.46475 
42,1.13289 ,5.72988e-05 ,-9.00323 
43,1.15987 ,6.14427e-05 ,-8.57353 
44,1.18684 ,6.57782e-05 ,-8.1728 
45,1.21381 ,7.03093e-05 ,-7.7985 
46,1.24079 ,7.504e-05 ,-7.44836 
47,1.26776 ,7.9974e-05 ,-7.12033 
48,1.29473 ,8.51153e-05 ,-6.81261 
49,1.3217 ,9.04675e-05 ,-6.52354 
50,1.34868 ,9.60346e-05 ,-6.25165 
51,1.37565 ,0.00010182 ,-5.9956 
52,1.40262 ,0.000107828 ,-5.75419 
53,1.4296 ,0.000114061 ,-5.52633 
54,1.45657 ,0.000120524 ,-5.31102 
55,1.48354 ,0.00012722 ,-5.10735 
56,1.51051 ,0.000134153 ,-4.91451 
57,1.53749 ,0.000141325 ,-4.73173 
58,1.56446 ,0.000148741 ,-4.55834 
59,1.59143 ,0.000156404 ,-4.39369 
60,1.61841 ,0.000164317 ,-4.23722 
61,1.64538 ,0.000172483 ,-4.08839 
62,1.67235 ,0.000180907 ,-3.94672 
63,1.69933 ,0.00018959 ,-3.81174 
64,1.7263 ,0.000198536 ,-3.68305 
65,1.75327 ,0.000207749 ,-3.56026 
66,1.78024 ,0.000217231 ,-3.44302 
67,1.80722 ,0.000226986 ,-3.331 
68,1.83419 ,0.000237016 ,-3.2239 
69,1.86116 ,0.000247324 ,-3.12142 
70,1.88814 ,0.000257914 ,-3.02331 
71,1.91511 ,0.000268787 ,-2.92933 
72,1.94208 ,0.000279948 ,-2.83925 
73,1.96906 ,0.000291399 ,-2.75284 
74,1.99603 ,0.000303141 ,-2.66993 
75,2.023 ,0.000315179 ,-2.59032 
76,2.04998 ,0.000327515 ,-2.51384 
77,2.07695 ,0.00034015 ,-2.44033 
78,2.10392 ,0.000353089 ,-2.36964 
79,2.13089 ,0.000366332 ,-2.30161 
80,2.15787 ,0.000379883 ,-2.23614 
81,2.18484 ,0.000393744 ,-2.17308 
82,2.21181 ,0.000407917 ,-2.11232 
83,2.23879 ,0.000422405 ,-2.05375 
84,2.26576 ,0.000437209 ,-1.99728 
85,2.29273 ,0.000452332 ,-1.94278 
86,2.31971 ,0.000467776 ,-1.89019 
87,2.34668 ,0.000483542 ,-1.8394 
88,2.37365 ,0.000499634 ,-1.79035 
89,2.40062 ,0.000516052 ,-1.74295 
90,2.4276 ,0.000532799 ,-1.69713 
91,2.45457 ,0.000549876 ,-1.65281 
92,2.48154 ,0.000567286 ,-1.60994 
93,2.50852 ,0.00058503 ,-1.56845 
94,2.53549 ,0.000603109 ,-1.52829 
95,2.56246 ,0.000621525 ,-1.48939 
96,2.58944 ,0.00064028 ,-1.45172 
97,2.61641 ,0.000659375 ,-1.4152 
98,2.64338 ,0.000678811 ,-1.37981 
99,2.67035 ,0.000698591 ,-1.34548 
100,2.69733 ,0.000718714 ,-1.3122 
101,2.7243 ,0.000739184 ,-1.2799 
102,2.75127 ,0.00076 ,-1.24855 
103,2.77825 ,0.000781163 ,-1.21812 
104,2.80522 ,0.000802676 ,-1.18857 
105,2.83219 ,0.000824539 ,-1.15986 
106,2.85917 ,0.000846753 ,-1.13197 
107,2.88614 ,0.000869318 ,-1.10486 
108,2.91311 ,0.000892236 ,-1.07852 
109,2.94008 ,0.000915508 ,-1.05289 
110,2.96706 ,0.000939134 ,-1.02798 
111,2.99403 ,0.000963114 ,-1.00373 
112,3.021 ,0.000987451 ,-0.980139 
113,3.04798 ,0.00101214 ,-0.957173 
114,3.07495 ,0.00103719 ,-0.934822 
115,3.10192 ,0.0010626 ,-0.913049 
116,3.12889 ,0.00108836 ,-0.891851 
117,3.15587 ,0.00111448 ,-0.871191 
118,3.18284 ,0.00114096 ,-0.851068 
119,3.20981 ,0.0011678 ,-0.831447 
120,3.23679 ,0.001195 ,-0.812329 
121,3.26376 ,0.00122255 ,-0.793679 
122,3.29073 ,0.00125046 ,-0.7755 
123,3.31771 ,0.00127873 ,-0.757759 
124,3.34468 ,0.00130737 ,-0.740459 
125,3.37165 ,0.00133635 ,-0.723569 
126,3.39863 ,0.0013657 ,-0.707093 
127,3.4256 ,0.00139541 ,-0.691001 
128,3.45257 ,0.00142547 ,-0.675298 
129,3.47954 ,0.00145589 ,-0.659955 
130,3.50652 ,0.00148666 ,-0.644978 
131,3.53349 ,0.0015178 ,-0.630339 
132,3.56046 ,0.00154929 ,-0.616044 
133,3.58744 ,0.00158113 ,-0.602066 
134,3.61441 ,0.00161333 ,-0.588413 
135,3.64138 ,0.00164588 ,-0.575058 
136,3.66836 ,0.00167879 ,-0.562009 
137,3.69533 ,0.00171205 ,-0.549241 
138,3.7223 ,0.00174566 ,-0.536762 
139,3.74927 ,0.00177962 ,-0.524546 
140,3.77625 ,0.00181393 ,-0.512604 
141,3.80322 ,0.00184859 ,-0.500911 
142,3.83019 ,0.0018836 ,-0.489476 
143,3.85717 ,0.00191895 ,-0.478275 
144,3.88414 ,0.00195465 ,-0.467319 
145,3.91111 ,0.00199069 ,-0.456583 
146,3.93809 ,0.00202708 ,-0.44608 
147,3.96506 ,0.0020638 ,-0.435785 
148,3.99203 ,0.00210087 ,-0.42571 
149,4.019 ,0.00213827 ,-0.415831 
150,4.04598 ,0.00217601 ,-0.406162 
151,4.07295 ,0.00221409 ,-0.396678 
152,4.09992 ,0.0022525 ,-0.387393 
153,4.1269 ,0.00229124 ,-0.378283 
154,4.15387 ,0.00233031 ,-0.369362 
155,4.18084 ,0.00236971 ,-0.360606 
156,4.20782 ,0.00240944 ,-0.352031 
157,4.23479 ,0.00244949 ,-0.343612 
158,4.26176 ,0.00248987 ,-0.335364 
159,4.28873 ,0.00253056 ,-0.327264 
160,4.31571 ,0.00257157 ,-0.319328 
161,4.34268 ,0.0026129 ,-0.311532 
162,4.36965 ,0.00265455 ,-0.303891 
163,4.39663 ,0.0026965 ,-0.296383 
164,4.4236 ,0.00273877 ,-0.289024 
165,4.45057 ,0.00278134 ,-0.28179 
166,4.47755 ,0.00282422 ,-0.274699 
167,4.50452 ,0.0028674 ,-0.267726 
168,4.53149 ,0.00291088 ,-0.260889 
169,4.55846 ,0.00295466 ,-0.254164 
170,4.58544 ,0.00299873 ,-0.24757 
171,4.61241 ,0.0030431 ,-0.241082 
172,4.63938 ,0.00308775 ,-0.234718 
173,4.66636 ,0.00313269 ,-0.228455 
174,4.69333 ,0.00317792 ,-0.222312 
175,4.7203 ,0.00322343 ,-0.216264 
176,4.74728 ,0.00326921 ,-0.21033 
177,4.77425 ,0.00331527 ,-0.204487 
178,4.80122 ,0.00336161 ,-0.198754 
179,4.82819 ,0.00340821 ,-0.193106 
180,4.85517 ,0.00345508 ,-0.187564 
181,4.88214 ,0.00350221 ,-0.182103 
182,4.90911 ,0.0035496 ,-0.176743 
183,4.93609 ,0.00359725 ,-0.17146 
184,4.96306 ,0.00364515 ,-0.166274 
185,4.99003 ,0.0036933 ,-0.161161 
186,5.01701 ,0.0037417 ,-0.156141 
187,5.04398 ,0.00379034 ,-0.151191 
188,5.07095 ,0.00383923 ,-0.14633 
189,5.09792 ,0.00388834 ,-0.141535 
190,5.1249 ,0.00393769 ,-0.136826 
191,5.15187 ,0.00398727 ,-0.132179 
192,5.17884 ,0.00403708 ,-0.127616 
193,5.20582 ,0.0040871 ,-0.123111 
194,5.23279 ,0.00413735 ,-0.118687 
195,5.25976 ,0.00418781 ,-0.114318 
196,5.28674 ,0.00423848 ,-0.110027 
197,5.31371 ,0.00428935 ,-0.105788 
198,5.34068 ,0.00434043 ,-0.101623 
199,5.36765 ,0.0043917 ,-0.0975088 
200,5.39463 ,0.00444317 ,-0.0934664 
201,5.4216 ,0.00449483 ,-0.0894708 
202,5.44857 ,0.00454668 ,-0.0855452 
203,5.47555 ,0.0045987 ,-0.0816636 
204,5.50252 ,0.00465091 ,-0.0778496 
205,5.52949 ,0.00470329 ,-0.0740772 
206,5.55647 ,0.00475583 ,-0.0703702 
207,5.58344 ,0.00480855 ,-0.0667024 
208,5.61041 ,0.00486142 ,-0.0630979 
209,5.63738 ,0.00491444 ,-0.0595303 
210,5.66436 ,0.00496762 ,-0.056024 
211,5.69133 ,0.00502095 ,-0.0525525 
212,5.7183 ,0.00507442 ,-0.0491404 
213,5.74528 ,0.00512802 ,-0.045761 
214,5.77225 ,0.00518176 ,-0.0424391 
215,5.79922 ,0.00523562 ,-0.039148 
216,5.8262 ,0.00528961 ,-0.0359127 
217,5.85317 ,0.00534372 ,-0.0327062 
218,5.88014 ,0.00539794 ,-0.0295539 
219,5.90711 ,0.00545226 ,-0.0264285 
220,5.93409 ,0.00550669 ,-0.0233558 
221,5.96106 ,0.00556123 ,-0.0203083 
222,5.98803 ,0.00561585 ,-0.017312 
223,6.01501 ,0.00567056 ,-0.0143392 
224,6.04198 ,0.00572536 ,-0.0114162 
225,6.06895 ,0.00578023 ,-0.00851508 
226,6.09593 ,0.00583518 ,-0.00566238 
227,6.1229 ,0.00589019 ,-0.00283004 
228,6.14987 ,0.00594527 ,-4.48329e-05 
229,6.17684 ,0.0060004 ,0.00272149 
230,6.20382 ,0.00605558 ,0.0054419 
231,6.23079 ,0.00611081 ,0.00814484 
232,6.25776 ,0.00616608 ,0.010803 
233,6.28474 ,0.00622139 ,0.0134451 
234,6.31171 ,0.00627673 ,0.0160436 
235,6.33868 ,0.00633208 ,0.0186272 
236,6.36566 ,0.00638746 ,0.0211683 
237,6.39263 ,0.00644285 ,0.0236958 
238,6.4196 ,0.00649825 ,0.0261818 
239,6.44657 ,0.00655365 ,0.0286553 
240,6.47355 ,0.00660904 ,0.0310883 
241,6.50052 ,0.00666442 ,0.03351 
242,6.52749 ,0.00671979 ,0.0358921 
243,6.55447 ,0.00677513 ,0.0382641 
244,6.58144 ,0.00683045 ,0.0405972 
245,6.60841 ,0.00688573 ,0.0429212 
246,6.63539 ,0.00694097 ,0.0452073 
247,6.66236 ,0.00699616 ,0.0474853 
248,6.68933 ,0.0070513 ,0.0497261 
249,6.7163 ,0.00710638 ,0.0519597 
250,6.74328 ,0.0071614 ,0.054157 
251,6.77025 ,0.00721634 ,0.056348 
252,6.79722 ,0.00727121 ,0.0585033 
253,6.8242 ,0.00732599 ,0.0606533 
254,6.85117 ,0.00738068 ,0.0627683 
255,6.87814 ,0.00743528 ,0.0648787 
256,6.90512 ,0.00748977 ,0.0669548 
257,6.93209 ,0.00754415 ,0.0690272 
258,6.95906 ,0.00759842 ,0.0710658 
259,6.98603 ,0.00765256 ,0.0731014 
260,7.01301 ,0.00770657 ,0.0751039 
261,7.03998 ,0.00776045 ,0.0771042 
262,7.06695 ,0.00781419 ,0.0790717 
263,7.09393 ,0.00786777 ,0.0810378 
264,7.1209 ,0.0079212 ,0.0829718 
265,7.14787 ,0.00797447 ,0.0849049 
266,7.17485 ,0.00802757 ,0.0868063 
267,7.20182 ,0.00808049 ,0.0887075 
268,7.22879 ,0.00813323 ,0.0905775 
269,7.25576 ,0.00818578 ,0.0924479 
270,7.28274 ,0.00823813 ,0.0942875 
271,7.30971 ,0.00829027 ,0.096128 
272,7.33668 ,0.00834221 ,0.0979382 
273,7.36366 ,0.00839393 ,0.0997498 
274,7.39063 ,0.00844542 ,0.101531 
275,7.4176 ,0.00849669 ,0.103315 
276,7.44458 ,0.00854771 ,0.105069 
277,7.47155 ,0.00859849 ,0.106825 
278,7.49852 ,0.00864901 ,0.108552 
279,7.52549 ,0.00869928 ,0.110282 
280,7.55247 ,0.00874928 ,0.111983 
281,7.57944 ,0.008799 ,0.113688 
282,7.60641 ,0.00884844 ,0.115363 
283,7.63339 ,0.0088976 ,0.117042 
284,7.66036 ,0.00894646 ,0.118693 
285,7.68733 ,0.00899501 ,0.120348 
286,7.71431 ,0.00904326 ,0.121974 
287,7.74128 ,0.00909119 ,0.123605 
288,7.76825 ,0.00913879 ,0.125208 
289,7.79522 ,0.00918606 ,0.126815 
290,7.8222 ,0.009233 ,0.128395 
291,7.84917 ,0.00927958 ,0.12998 
292,7.87614 ,0.00932582 ,0.131537 
293,7.90312 ,0.00937169 ,0.133099 
294,7.93009 ,0.00941719 ,0.134633 
295,7.95706 ,0.00946232 ,0.136173 
296,7.98404 ,0.00950707 ,0.137686 
297,8.01101 ,0.00955143 ,0.139205 
298,8.03798 ,0.00959539 ,0.140696 
299,8.06495 ,0.00963894 ,0.142193 
300,8.09193 ,0.00968209 ,0.143662 
301,8.1189 ,0.00972481 ,0.145138 
302,8.14587 ,0.00976711 ,0.146587 
303,8.17285 ,0.00980898 ,0.148041 
304,8.19982 ,0.00985041 ,0.149469 
305,8.22679 ,0.00989139 ,0.150903 
306,8.25376 ,0.00993191 ,0.15231 
307,8.28074 ,0.00997197 ,0.153723 
308,8.30771 ,0.0100116 ,0.15511 
309,8.33468 ,0.0100507 ,0.156502 
310,8.36166 ,0.0100893 ,0.157868 
311,8.38863 ,0.0101275 ,0.15924 
312,8.4156 ,0.0101651 ,0.160586 
313,8.44258 ,0.0102023 ,0.161937 
314,8.46955 ,0.0102389 ,0.163262 
315,8.49652 ,0.010275 ,0.164593 
316,8.52349 ,0.0103106 ,0.165897 
317,8.55047 ,0.0103457 ,0.167207 
318,8.57744 ,0.0103802 ,0.168491 
319,8.60441 ,0.0104142 ,0.169781 
320,8.63139 ,0.0104476 ,0.171044 
321,8.65836 ,0.0104804 ,0.172312 
322,8.68533 ,0.0105127 ,0.173554 
323,8.71231 ,0.0105445 ,0.174802 
324,8.73928 ,0.0105756 ,0.176023 
325,8.76625 ,0.0106062 ,0.17725 
326,8.79322 ,0.0106362 ,0.17845 
327,8.8202 ,0.0106656 ,0.179655 
328,8.84717 ,0.0106943 ,0.180833 
329,8.87414 ,0.0107225 ,0.182017 
330,8.90112 ,0.0107501 ,0.183173 
331,8.92809 ,0.010777 ,0.184335 
332,8.95506 ,0.0108033 ,0.185469 
333,8.98204 ,0.010829 ,0.186609 
334,9.00901 ,0.010854 ,0.187721 
335,9.03598 ,0.0108784 ,0.188837 
336,9.06295 ,0.0109021 ,0.189927 
337,9.08993 ,0.0109252 ,0.191021 
338,9.1169 ,0.0109477 ,0.192087 
339,9.14387 ,0.0109694 ,0.193157 
340,9.17085 ,0.0109905 ,0.1942 
341,9.19782 ,0.0110109 ,0.195247 
342,9.22479 ,0.0110306 ,0.196266 
343,9.25177 ,0.0110497 ,0.197288 
344,9.27874 ,0.011068 ,0.198283 
345,9.30571 ,0.0110857 ,0.19928 
346,9.33268 ,0.0111026 ,0.20025 
347,9.35966 ,0.0111189 ,0.201223 
348,9.38663 ,0.0111344 ,0.202167 
349,9.4136 ,0.0111492 ,0.203114 
350,9.44058 ,0.0111634 ,0.204033 
351,9.46755 ,0.0111767 ,0.204953 
352,9.49452 ,0.0111894 ,0.205846 
353,9.5215 ,0.0112013 ,0.206739 
354,9.54847 ,0.0112125 ,0.207605 
355,9.57544 ,0.011223 ,0.208471 
356,9.60241 ,0.0112327 ,0.209309 
357,9.62939 ,0.0112417 ,0.210147 
358,9.65636 ,0.0112499 ,0.210957 
359,9.68333 ,0.0112574 ,0.211767 
360,9.71031 ,0.0112642 ,0.212548 
361,9.73728 ,0.0112702 ,0.213329 
362,9.76425 ,0.0112754 ,0.214081 
363,9.79123 ,0.0112798 ,0.214832 
364,9.8182 ,0.0112836 ,0.215554 
365,9.84517 ,0.0112865 ,0.216275 
366,9.87214 ,0.0112887 ,0.216966 
367,9.89912 ,0.0112901 ,0.217656 
368,9.92609 ,0.0112907 ,0.218316 
369,9.95306 ,0.0112906 ,0.218974 
370,9.98004 ,0.0112897 ,0.219602 
371,10.007 ,0.0112881 ,0.220228 
372,10.034 ,0.0112856 ,0.220823 
373,10.061 ,0.0112824 ,0.221416 
374,10.0879 ,0.0112784 ,0.221978 
375,10.1149 ,0.0112737 ,0.222537 
376,10.1419 ,0.0112681 ,0.223066 
377,10.1688 ,0.0112618 ,0.22359 
378,10.1958 ,0.0112547 ,0.224085 
379,10.2228 ,0.0112469 ,0.224574 
380,10.2498 ,0.0112383 ,0.225033 
381,10.2767 ,0.0112289 ,0.225487 
382,10.3037 ,0.0112187 ,0.225909 
383,10.3307 ,0.0112078 ,0.226327 
384,10.3577 ,0.0111961 ,0.226713 
385,10.3846 ,0.0111836 ,0.227093 
386,10.4116 ,0.0111704 ,0.227442 
387,10.4386 ,0.0111564 ,0.227785 
388,10.4656 ,0.0111416 ,0.228096 
389,10.4925 ,0.0111261 ,0.2284 
390,10.5195 ,0.0111098 ,0.228672 
391,10.5465 ,0.0110928 ,0.228937 
392,10.5734 ,0.011075 ,0.22917 
393,10.6004 ,0.0110565 ,0.229395 
394,10.6274 ,0.0110372 ,0.229588 
395,10.6544 ,0.0110172 ,0.229773 
396,10.6813 ,0.0109965 ,0.229925 
397,10.7083 ,0.010975 ,0.230068 
398,10.7353 ,0.0109528 ,0.23018 
399,10.7623 ,0.0109298 ,0.230281 
400,10.7892 ,0.0109062 ,0.230351 
401,10.8162 ,0.0108818 ,0.23041 
402,10.8432 ,0.0108567 ,0.230437 
403,10.8701 ,0.0108309 ,0.230453 
404,10.8971 ,0.0108044 ,0.230437 
405,10.9241 ,0.0107772 ,0.23041 
406,10.9511 ,0.0107493 ,0.23035 
407,10.978 ,0.0107207 ,0.230278 
408,11.005 ,0.0106915 ,0.230174 
409,11.032 ,0.0106616 ,0.230058 
410,11.059 ,0.010631 ,0.229909 
411,11.0859 ,0.0105997 ,0.229747 
412,11.1129 ,0.0105678 ,0.229553 
413,11.1399 ,0.0105352 ,0.229345 
414,11.1668 ,0.010502 ,0.229105 
415,11.1938 ,0.0104682 ,0.228851 
416,11.2208 ,0.0104337 ,0.228565 
417,11.2478 ,0.0103986 ,0.228264 
418,11.2747 ,0.010363 ,0.22793 
419,11.3017 ,0.0103267 ,0.227582 
420,11.3287 ,0.0102898 ,0.227201 
421,11.3557 ,0.0102523 ,0.226805 
422,11.3826 ,0.0102142 ,0.226377 
423,11.4096 ,0.0101756 ,0.225932 
424,11.4366 ,0.0101364 ,0.225455 
425,11.4636 ,0.0100966 ,0.224963 
426,11.4905 ,0.0100563 ,0.224437 
427,11.5175 ,0.0100154 ,0.223895 
428,11.5445 ,0.00997406 ,0.223321 
429,11.5714 ,0.00993217 ,0.222729 
430,11.5984 ,0.00988976 ,0.222106 
431,11.6254 ,0.00984686 ,0.221465 
432,11.6524 ,0.00980346 ,0.220791 
433,11.6793 ,0.00975958 ,0.2201 
434,11.7063 ,0.00971522 ,0.219377 
435,11.7333 ,0.00967041 ,0.218635 
436,11.7603 ,0.00962514 ,0.217862 
437,11.7872 ,0.00957943 ,0.21707 
438,11.8142 ,0.00953329 ,0.216246 
439,11.8412 ,0.00948672 ,0.215403 
440,11.8681 ,0.00943975 ,0.214528 
441,11.8951 ,0.00939237 ,0.213635 
442,11.9221 ,0.0093446 ,0.212709 
443,11.9491 ,0.00929645 ,0.211764 
444,11.976 ,0.00924793 ,0.210787 
445,12.003 ,0.00919905 ,0.209791 
446,12.03 ,0.00914983 ,0.208763 
447,12.057 ,0.00910027 ,0.207716 
448,12.0839 ,0.00905038 ,0.206637 
449,12.1109 ,0.00900017 ,0.205538 
450,12.1379 ,0.00894967 ,0.204407 
451,12.1648 ,0.00889887 ,0.203257 
452,12.1918 ,0.00884779 ,0.202075 
453,12.2188 ,0.00879643 ,0.200873 
454,12.2458 ,0.00874482 ,0.19964 
455,12.2727 ,0.00869296 ,0.198386 
456,12.2997 ,0.00864087 ,0.197102 
457,12.3267 ,0.00858855 ,0.195797 
458,12.3537 ,0.00853601 ,0.194461 
459,12.3806 ,0.00848328 ,0.193104 
460,12.4076 ,0.00843035 ,0.191717 
461,12.4346 ,0.00837724 ,0.190309 
462,12.4616 ,0.00832396 ,0.188871 
463,12.4885 ,0.00827053 ,0.187412 
464,12.5155 ,0.00821696 ,0.185922 
465,12.5425 ,0.00816324 ,0.184412 
466,12.5694 ,0.00810941 ,0.182872 
467,12.5964 ,0.00805547 ,0.181311 
468,12.6234 ,0.00800142 ,0.17972 
469,12.6504 ,0.00794729 ,0.178108 
470,12.6773 ,0.00789308 ,0.176466 
471,12.7043 ,0.00783881 ,0.174804 
472,12.7313 ,0.00778448 ,0.173112 
473,12.7583 ,0.00773011 ,0.171411 
474,12.7852 ,0.0076757 ,0.169719 
475,12.8122 ,0.00762128 ,0.168043 
476,12.8392 ,0.00756684 ,0.166376 
477,12.8661 ,0.00751241 ,0.164726 
478,12.8931 ,0.00745799 ,0.163084 
479,12.9201 ,0.00740358 ,0.161458 
480,12.9471 ,0.00734921 ,0.159842 
481,12.974 ,0.00729487 ,0.15824 
482,13.001 ,0.00724059 ,0.156648 
483,13.028 ,0.00718636 ,0.155071 
484,13.055 ,0.0071322 ,0.153503 
485,13.0819 ,0.00707811 ,0.15195 
486,13.1089 ,0.00702411 ,0.150406 
487,13.1359 ,0.0069702 ,0.148877 
488,13.1629 ,0.00691638 ,0.147356 
489,13.1898 ,0.00686268 ,0.14585 
490,13.2168 ,0.00680909 ,0.144352 
491,13.2438 ,0.00675562 ,0.142869 
492,13.2707 ,0.00670228 ,0.141394 
493,13.2977 ,0.00664908 ,0.139934 
494,13.3247 ,0.00659602 ,0.138481 
495,13.3517 ,0.00654311 ,0.137043 
496,13.3786 ,0.00649035 ,0.135613 
497,13.4056 ,0.00643775 ,0.134197 
498,13.4326 ,0.00638533 ,0.132788 
499,13.4596 ,0.00633307 ,0.131394 
500,13.4865 ,0.006281 ,0.130007 
501,13.5135 ,0.00622911 ,0.128633 
502,13.5405 ,0.00617741 ,0.127268 
503,13.5674 ,0.0061259 ,0.125916 
504,13.5944 ,0.0060746 ,0.124571 
505,13.6214 ,0.00602349 ,0.12324 
506,13.6484 ,0.0059726 ,0.121916 
507,13.6753 ,0.00592192 ,0.120605 
508,13.7023 ,0.00587146 ,0.119302 
509,13.7293 ,0.00582122 ,0.118011 
510,13.7563 ,0.00577121 ,0.116728 
511,13.7832 ,0.00572143 ,0.115457 
512,13.8102 ,0.00567188 ,0.114194 
513,13.8372 ,0.00562256 ,0.112943 
514,13.8641 ,0.00557349 ,0.111699 
515,13.8911 ,0.00552466 ,0.110467 
516,13.9181 ,0.00547608 ,0.109243 
517,13.9451 ,0.00542775 ,0.10803 
518,13.972 ,0.00537967 ,0.106825 
519,13.999 ,0.00533185 ,0.105632 
520,14.026 ,0.00528429 ,0.104446 
521,14.053 ,0.00523698 ,0.10327 
522,14.0799 ,0.00518994 ,0.102103 
523,14.1069 ,0.00514317 ,0.100946 
524,14.1339 ,0.00509666 ,0.0997973 
525,14.1609 ,0.00505042 ,0.0986588 
526,14.1878 ,0.00500446 ,0.0975279 
527,14.2148 ,0.00495877 ,0.0964074 
528,14.2418 ,0.00491335 ,0.0952944 
529,14.2687 ,0.00486822 ,0.0941916 
530,14.2957 ,0.00482336 ,0.0930964 
531,14.3227 ,0.00477878 ,0.0920112 
532,14.3497 ,0.00473448 ,0.0909334 
533,14.3766 ,0.00469047 ,0.0898655 
534,14.4036 ,0.00464674 ,0.088805 
535,14.4306 ,0.00460329 ,0.0877541 
536,14.4576 ,0.00456013 ,0.0867107 
537,14.4845 ,0.00451726 ,0.0856768 
538,14.5115 ,0.00447467 ,0.0846501 
539,14.5385 ,0.00443238 ,0.0836329 
540,14.5654 ,0.00439037 ,0.0826229 
541,14.5924 ,0.00434866 ,0.0816221 
542,14.6194 ,0.00430723 ,0.0806285 
543,14.6464 ,0.0042661 ,0.079644 
544,14.6733 ,0.00422525 ,0.0786667 
545,14.7003 ,0.0041847 ,0.0776983 
546,14.7273 ,0.00414444 ,0.0767369 
547,14.7543 ,0.00410447 ,0.0757844 
548,14.7812 ,0.0040648 ,0.0748389 
549,14.8082 ,0.00402541 ,0.0739021 
550,14.8352 ,0.00398632 ,0.0729722 
551,14.8621 ,0.00394752 ,0.0720508 
552,14.8891 ,0.00390901 ,0.0711364 
553,14.9161 ,0.0038708 ,0.0702303 
554,14.9431 ,0.00383288 ,0.0693312 
555,14.97 ,0.00379524 ,0.0684402 
556,14.997 ,0.0037579 ,0.0675561 
557,15.024 ,0.00372085 ,0.0666801 
558,15.051 ,0.00368409 ,0.0658109 
559,15.0779 ,0.00364762 ,0.0649497 
560,15.1049 ,0.00361143 ,0.0640951 
561,15.1319 ,0.00357554 ,0.0632485 
562,15.1589 ,0.00353993 ,0.0624084 
563,15.1858 ,0.00350461 ,0.0615762 
564,15.2128 ,0.00346958 ,0.0607505 
565,15.2398 ,0.00343483 ,0.0599324 
566,15.2667 ,0.00340037 ,0.0591209 
567,15.2937 ,0.00336619 ,0.0583169 
568,15.3207 ,0.00333229 ,0.0575193 
569,15.3477 ,0.00329868 ,0.0567292 
570,15.3746 ,0.00326535 ,0.0559454 
571,15.4016 ,0.00323229 ,0.055169 
572,15.4286 ,0.00319952 ,0.0543989 
573,15.4556 ,0.00316703 ,0.053636 
574,15.4825 ,0.00313481 ,0.0528793 
575,15.5095 ,0.00310286 ,0.0521298 
576,15.5365 ,0.0030712 ,0.0513864 
577,15.5634 ,0.0030398 ,0.05065 
578,15.5904 ,0.00300868 ,0.0499198 
579,15.6174 ,0.00297783 ,0.0491964 
580,15.6444 ,0.00294725 ,0.0484792 
581,15.6713 ,0.00291694 ,0.0477687 
582,15.6983 ,0.0028869 ,0.0470642 
583,15.7253 ,0.00285712 ,0.0463664 
584,15.7523 ,0.00282761 ,0.0456745 
585,15.7792 ,0.00279836 ,0.0449892 
586,15.8062 ,0.00276937 ,0.0443098 
587,15.8332 ,0.00274064 ,0.0436369 
588,15.8602 ,0.00271218 ,0.0429698 
589,15.8871 ,0.00268397 ,0.0423091 
590,15.9141 ,0.00265602 ,0.0416541 
591,15.9411 ,0.00262832 ,0.0410054 
592,15.968 ,0.00260088 ,0.0403624 
593,15.995 ,0.00257368 ,0.0397256 
594,16.022 ,0.00254674 ,0.0390944 
595,16.049 ,0.00252005 ,0.0384693 
596,16.0759 ,0.00249361 ,0.0378498 
597,16.1029 ,0.00246741 ,0.0372363 
598,16.1299 ,0.00244146 ,0.0366282 
599,16.1569 ,0.00241575 ,0.0360261 
600,16.1838 ,0.00239028 ,0.0354294 
601,16.2108 ,0.00236505 ,0.0348385 
602,16.2378 ,0.00234006 ,0.034253 
603,16.2647 ,0.00231531 ,0.0336733 
604,16.2917 ,0.00229079 ,0.0330988 
605,16.3187 ,0.00226651 ,0.0325299 
606,16.3457 ,0.00224246 ,0.0319663 
607,16.3726 ,0.00221864 ,0.0314083 
608,16.3996 ,0.00219504 ,0.0308554 
609,16.4266 ,0.00217168 ,0.030308 
610,16.4536 ,0.00214854 ,0.0297657 
611,16.4805 ,0.00212563 ,0.0292288 
612,16.5075 ,0.00210293 ,0.0286969 
613,16.5345 ,0.00208046 ,0.0281703 
614,16.5614 ,0.00205821 ,0.0276487 
615,16.5884 ,0.00203618 ,0.0271323 
616,16.6154 ,0.00201436 ,0.0266208 
617,16.6424 ,0.00199275 ,0.0261144 
618,16.6693 ,0.00197136 ,0.0256129 
619,16.6963 ,0.00195018 ,0.0251165 
620,16.7233 ,0.00192921 ,0.0246248 
621,16.7503 ,0.00190845 ,0.024138 
622,16.7772 ,0.0018879 ,0.023656 
623,16.8042 ,0.00186755 ,0.0231789 
624,16.8312 ,0.0018474 ,0.0227064 
625,16.8582 ,0.00182745 ,0.0222388 
626,16.8851 ,0.00180771 ,0.0217757 
627,16.9121 ,0.00178816 ,0.0213173 
628,16.9391 ,0.00176881 ,0.0208635 
629,16.966 ,0.00174965 ,0.0204143 
630,16.993 ,0.00173069 ,0.0199696 
631,17.02 ,0.00171192 ,0.0195295 
632,17.047 ,0.00169334 ,0.0190937 
633,17.0739 ,0.00167495 ,0.0186625 
634,17.1009 ,0.00165674 ,0.0182355 
635,17.1279 ,0.00163872 ,0.017813 
636,17.1549 ,0.00162089 ,0.0173948 
637,17.1818 ,0.00160324 ,0.0169809 
638,17.2088 ,0.00158577 ,0.0165712 
639,17.2358 ,0.00156848 ,0.0161658 
640,17.2627 ,0.00155136 ,0.0157646 
641,17.2897 ,0.00153443 ,0.0153675 
642,17.3167 ,0.00151766 ,0.0149745 
643,17.3437 ,0.00150107 ,0.0145857 
644,17.3706 ,0.00148466 ,0.0142009 
645,17.3976 ,0.00146841 ,0.0138201 
646,17.4246 ,0.00145233 ,0.0134433 
647,17.4516 ,0.00143642 ,0.0130705 
648,17.4785 ,0.00142068 ,0.0127016 
649,17.5055 ,0.0014051 ,0.0123366 
650,17.5325 ,0.00138968 ,0.0119754 
651,17.5595 ,0.00137442 ,0.0116182 
652,17.5864 ,0.00135932 ,0.0112646 
653,17.6134 ,0.00134438 ,0.0109149 
654,17.6404 ,0.0013296 ,0.0105688 
655,17.6673 ,0.00131498 ,0.0102266 
656,17.6943 ,0.00130051 ,0.0098879 
657,17.7213 ,0.00128619 ,0.00955294 
658,17.7483 ,0.00127202 ,0.00922152 
659,17.7752 ,0.001258 ,0.00889375 
660,17.8022 ,0.00124413 ,0.00856946 
661,17.8292 ,0.00123041 ,0.00824875 
662,17.8562 ,0.00121683 ,0.00793148 
663,17.8831 ,0.0012034 ,0.00761771 
664,17.9101 ,0.00119011 ,0.00730733 
665,17.9371 ,0.00117696 ,0.00700039 
666,17.964 ,0.00116395 ,0.00669678 
667,17.991 ,0.00115108 ,0.00639655 
668,18.018 ,0.00113835 ,0.00609958 
669,18.045 ,0.00112576 ,0.00580594 
670,18.0719 ,0.0011133 ,0.00551552 
671,18.0989 ,0.00110097 ,0.00522835 
672,18.1259 ,0.00108878 ,0.00494435 
673,18.1529 ,0.00107671 ,0.00466354 
674,18.1798 ,0.00106478 ,0.00438585 
675,18.2068 ,0.00105298 ,0.00411129 
676,18.2338 ,0.0010413 ,0.00383979 
677,18.2607 ,0.00102975 ,0.00357137 
678,18.2877 ,0.00101832 ,0.00330595 
679,18.3147 ,0.00100702 ,0.00304357 
680,18.3417 ,0.000995839 ,0.00278412 
681,18.3686 ,0.00098478 ,0.00252766 
682,18.3956 ,0.000973841 ,0.00227408 
683,18.4226 ,0.00096302 ,0.00202342 
684,18.4496 ,0.000952317 ,0.00177561 
685,18.4765 ,0.000941731 ,0.00153066 
686,18.5035 ,0.000931259 ,0.0012885 
687,18.5305 ,0.000920902 ,0.00104915 
688,18.5575 ,0.000910658 ,0.000812543 
689,18.5844 ,0.000900526 ,0.000578696 
690,18.6114 ,0.000890504 ,0.000347537 
691,18.6384 ,0.000880592 ,0.000119088 
692,18.6653 ,0.000870788 ,-0.000106722 
693,18.6923 ,0.000861091 ,-0.000329873 
694,18.7193 ,0.000851501 ,-0.000550433 
695,18.7463 ,0.000842016 ,-0.000768385 
696,18.7732 ,0.000832635 ,-0.000983794 
697,18.8002 ,0.000823358 ,-0.00119664 
698,18.8272 ,0.000814182 ,-0.001407 
699,18.8542 ,0.000805107 ,-0.00161484 
700,18.8811 ,0.000796132 ,-0.00182024 
701,18.9081 ,0.000787256 ,-0.00202317 
702,18.9351 ,0.000778478 ,-0.0022237 
703,18.962 ,0.000769796 ,-0.00242181 
704,18.989 ,0.000761211 ,-0.00261757 
705,19.016 ,0.00075272 ,-0.00281095 
706,19.043 ,0.000744323 ,-0.00300203 
707,19.0699 ,0.000736019 ,-0.00319078 
708,19.0969 ,0.000727807 ,-0.00337726 
709,19.1239 ,0.000719686 ,-0.00356146 
710,19.1509 ,0.000711656 ,-0.00374344 
711,19.1778 ,0.000703714 ,-0.00392318 
712,19.2048 ,0.00069586 ,-0.00410074 
713,19.2318 ,0.000688093 ,-0.00427611 
714,19.2587 ,0.000680413 ,-0.00444934 
715,19.2857 ,0.000672819 ,-0.00462042 
716,19.3127 ,0.000665308 ,-0.0047894 
717,19.3397 ,0.000657882 ,-0.00495627 
718,19.3666 ,0.000650538 ,-0.00512109 
719,19.3936 ,0.000643276 ,-0.00528384 
720,19.4206 ,0.000636095 ,-0.00544457 
721,19.4476 ,0.000628994 ,-0.00560328 
722,19.4745 ,0.000621972 ,-0.00576001 
723,19.5015 ,0.000615029 ,-0.00591475 
724,19.5285 ,0.000608163 ,-0.00606756 
725,19.5555 ,0.000601375 ,-0.00621842 
726,19.5824 ,0.000594662 ,-0.00636738 
727,19.6094 ,0.000588024 ,-0.00651443 
728,19.6364 ,0.000581461 ,-0.00665962 
729,19.6633 ,0.000574972 ,-0.00680294 
730,19.6903 ,0.000568555 ,-0.00694444 
731,19.7173 ,0.00056221 ,-0.0070841 
732,19.7443 ,0.000555936 ,-0.00722197 
733,19.7712 ,0.000549733 ,-0.00735805 
734,19.7982 ,0.000543599 ,-0.00749237 
735,19.8252 ,0.000537535 ,-0.00762494 
736,19.8522 ,0.000531539 ,-0.00775578 
737,19.8791 ,0.00052561 ,-0.00788491 
738,19.9061 ,0.000519748 ,-0.00801234 
739,19.9331 ,0.000513952 ,-0.00813809 
740,19.96 ,0.000508221 ,-0.00826219 
741,19.987 ,0.000502555 ,-0.00838464 
742,20.014 ,0.000496953 ,-0.00850546 
743,20.041 ,0.000491414 ,-0.00862467 
744,20.0679 ,0.000485938 ,-0.00874229 
745,20.0949 ,0.000480524 ,-0.00885833 
746,20.1219 ,0.00047517 ,-0.00897281 
747,20.1489 ,0.000469878 ,-0.00908574 
748,20.1758 ,0.000464645 ,-0.00919714 
749,20.2028 ,0.000459471 ,-0.00930702 
750,20.2298 ,0.000454356 ,-0.00941541 
751,20.2568 ,0.000449299 ,-0.00952232 
752,20.2837 ,0.0004443 ,-0.00962775 
753,20.3107 ,0.000439357 ,-0.00973174 
754,20.3377 ,0.00043447 ,-0.00983428 
755,20.3646 ,0.000429638 ,-0.0099354 
756,20.3916 ,0.000424862 ,-0.0100351 
757,20.4186 ,0.000420139 ,-0.0101334 
758,20.4456 ,0.000415471 ,-0.0102304 
759,20.4725 ,0.000410855 ,-0.010326 
760,20.4995 ,0.000406292 ,-0.0104202 
761,20.5265 ,0.000401781 ,-0.0105131 
762,20.5535 ,0.000397321 ,-0.0106046 
763,20.5804 ,0.000392912 ,-0.0106949 
764,20.6074 ,0.000388553 ,-0.0107838 
765,20.6344 ,0.000384244 ,-0.0108715 
766,20.6613 ,0.000379984 ,-0.0109579 
767,20.6883 ,0.000375773 ,-0.0110431 
768,20.7153 ,0.00037161 ,-0.011127 
769,20.7423 ,0.000367494 ,-0.0112097 
770,20.7692 ,0.000363425 ,-0.0112911 
771,20.7962 ,0.000359403 ,-0.0113714 
772,20.8232 ,0.000355427 ,-0.0114505 
773,20.8502 ,0.000351496 ,-0.0115284 
774,20.8771 ,0.000347611 ,-0.0116051 
775,20.9041 ,0.000343769 ,-0.0116807 
776,20.9311 ,0.000339972 ,-0.0117551 
777,20.958 ,0.000336219 ,-0.0118284 
778,20.985 ,0.000332508 ,-0.0119006 
779,21.012 ,0.00032884 ,-0.0119716 
780,21.039 ,0.000325214 ,-0.0120416 
781,21.0659 ,0.00032163 ,-0.0121105 
782,21.0929 ,0.000318087 ,-0.0121783 
783,21.1199 ,0.000314584 ,-0.0122451 
784,21.1469 ,0.000311122 ,-0.0123108 
785,21.1738 ,0.0003077 ,-0.0123755 
786,21.2008 ,0.000304317 ,-0.0124391 
787,21.2278 ,0.000300973 ,-0.0125018 
788,21.2548 ,0.000297668 ,-0.0125634 
789,21.2817 ,0.0002944 ,-0.012624 
790,21.3087 ,0.000291171 ,-0.0126837 
791,21.3357 ,0.000287978 ,-0.0127424 
792,21.3626 ,0.000284823 ,-0.0128001 
793,21.3896 ,0.000281704 ,-0.0128568 
794,21.4166 ,0.000278621 ,-0.0129126 
795,21.4436 ,0.000275574 ,-0.0129675 
796,21.4705 ,0.000272561 ,-0.0130215 
797,21.4975 ,0.000269584 ,-0.0130745 
798,21.5245 ,0.000266641 ,-0.0131267 
799,21.5515 ,0.000263733 ,-0.0131779 
800,21.5784 ,0.000260858 ,-0.0132283 
801,21.6054 ,0.000258016 ,-0.0132777 
802,21.6324 ,0.000255208 ,-0.0133264 
803,21.6593 ,0.000252432 ,-0.0133741 
804,21.6863 ,0.000249688 ,-0.013421 
805,21.7133 ,0.000246976 ,-0.0134671 
806,21.7403 ,0.000244296 ,-0.0135123 
807,21.7672 ,0.000241647 ,-0.0135568 
808,21.7942 ,0.000239029 ,-0.0136004 
809,21.8212 ,0.000236441 ,-0.0136432 
810,21.8482 ,0.000233884 ,-0.0136852 
811,21.8751 ,0.000231356 ,-0.0137264 
812,21.9021 ,0.000228858 ,-0.0137668 
813,21.9291 ,0.000226389 ,-0.0138065 
814,21.956 ,0.000223949 ,-0.0138454 
815,21.983 ,0.000221538 ,-0.0138835 
816,22.01 ,0.000219155 ,-0.013921 
817,22.037 ,0.000216799 ,-0.0139576 
818,22.0639 ,0.000214472 ,-0.0139935 
819,22.0909 ,0.000212172 ,-0.0140288 
820,22.1179 ,0.000209898 ,-0.0140633 
821,22.1449 ,0.000207652 ,-0.014097 
822,22.1718 ,0.000205432 ,-0.0141301 
823,22.1988 ,0.000203238 ,-0.0141625 
824,22.2258 ,0.00020107 ,-0.0141942 
825,22.2528 ,0.000198927 ,-0.0142252 
826,22.2797 ,0.00019681 ,-0.0142556 
827,22.3067 ,0.000194718 ,-0.0142853 
828,22.3337 ,0.00019265 ,-0.0143143 
829,22.3606 ,0.000190607 ,-0.0143427 
830,22.3876 ,0.000188588 ,-0.0143704 
831,22.4146 ,0.000186593 ,-0.0143975 
832,22.4416 ,0.000184622 ,-0.014424 
833,22.4685 ,0.000182674 ,-0.0144499 
834,22.4955 ,0.00018075 ,-0.0144751 
835,22.5225 ,0.000178848 ,-0.0144997 
836,22.5495 ,0.000176969 ,-0.0145237 
837,22.5764 ,0.000175113 ,-0.0145471 
838,22.6034 ,0.000173278 ,-0.0145699 
839,22.6304 ,0.000171466 ,-0.0145922 
840,22.6573 ,0.000169675 ,-0.0146138 
841,22.6843 ,0.000167905 ,-0.0146349 
842,22.7113 ,0.000166157 ,-0.0146554 
843,22.7383 ,0.00016443 ,-0.0146753 
844,22.7652 ,0.000162724 ,-0.0146947 
845,22.7922 ,0.000161038 ,-0.0147135 
846,22.8192 ,0.000159372 ,-0.0147318 
847,22.8462 ,0.000157727 ,-0.0147496 
848,22.8731 ,0.000156101 ,-0.0147668 
849,22.9001 ,0.000154496 ,-0.0147835 
850,22.9271 ,0.000152909 ,-0.0147996 
851,22.9541 ,0.000151342 ,-0.0148153 
852,22.981 ,0.000149794 ,-0.0148304 
853,23.008 ,0.000148265 ,-0.014845 
854,23.035 ,0.000146754 ,-0.0148591 
855,23.0619 ,0.000145262 ,-0.0148727 
856,23.0889 ,0.000143788 ,-0.0148859 
857,23.1159 ,0.000142332 ,-0.0148985 
858,23.1429 ,0.000140894 ,-0.0149106 
859,23.1698 ,0.000139473 ,-0.0149223 
860,23.1968 ,0.00013807 ,-0.0149335 
861,23.2238 ,0.000136685 ,-0.0149442 
862,23.2508 ,0.000135316 ,-0.0149545 
863,23.2777 ,0.000133964 ,-0.0149643 
864,23.3047 ,0.00013263 ,-0.0149736 
865,23.3317 ,0.000131311 ,-0.0149825 
866,23.3586 ,0.000130009 ,-0.014991 
867,23.3856 ,0.000128724 ,-0.014999 
868,23.4126 ,0.000127454 ,-0.0150065 
869,23.4396 ,0.0001262 ,-0.0150136 
870,23.4665 ,0.000124962 ,-0.0150203 
871,23.4935 ,0.000123739 ,-0.0150266 
872,23.5205 ,0.000122532 ,-0.0150324 
873,23.5475 ,0.00012134 ,-0.0150379 
874,23.5744 ,0.000120163 ,-0.0150429 
875,23.6014 ,0.000119001 ,-0.0150475 
876,23.6284 ,0.000117854 ,-0.0150516 
877,23.6553 ,0.000116722 ,-0.0150554 
878,23.6823 ,0.000115603 ,-0.0150588 
879,23.7093 ,0.0001145 ,-0.0150618 
880,23.7363 ,0.00011341 ,-0.0150644 
881,23.7632 ,0.000112334 ,-0.0150666 
882,23.7902 ,0.000111272 ,-0.0150684 
883,23.8172 ,0.000110224 ,-0.0150698 
884,23.8442 ,0.00010919 ,-0.0150709 
885,23.8711 ,0.000108168 ,-0.0150716 
886,23.8981 ,0.000107161 ,-0.0150719 
887,23.9251 ,0.000106166 ,-0.0150718 
888,23.9521 ,0.000105184 ,-0.0150714 
889,23.979 ,0.000104216 ,-0.0150706 
890,24.006 ,0.00010326 ,-0.0150694 
891,24.033 ,0.000102316 ,-0.0150679 
892,24.0599 ,0.000101386 ,-0.015066 
893,24.0869 ,0.000100467 ,-0.0150638 
894,24.1139 ,9.95613e-05 ,-0.0150612 
895,24.1409 ,9.86674e-05 ,-0.0150583 
896,24.1678 ,9.77855e-05 ,-0.0150551 
897,24.1948 ,9.69155e-05 ,-0.0150515 
898,24.2218 ,9.60573e-05 ,-0.0150475 
899,24.2488 ,9.52107e-05 ,-0.0150432 
900,24.2757 ,9.43758e-05 ,-0.0150386 
901,24.3027 ,9.35522e-05 ,-0.0150337 
902,24.3297 ,9.27401e-05 ,-0.0150284 
903,24.3566 ,9.19391e-05 ,-0.0150228 
904,24.3836 ,9.11493e-05 ,-0.0150169 
905,24.4106 ,9.03704e-05 ,-0.0150107 
906,24.4376 ,8.96025e-05 ,-0.0150041 
907,24.4645 ,8.88454e-05 ,-0.0149972 
908,24.4915 ,8.8099e-05 ,-0.0149901 
909,24.5185 ,8.73632e-05 ,-0.0149826 
910,24.5455 ,8.66378e-05 ,-0.0149747 
911,24.5724 ,8.59229e-05 ,-0.0149666 
912,24.5994 ,8.52183e-05 ,-0.0149582 
913,24.6264 ,8.45239e-05 ,-0.0149495 
914,24.6533 ,8.38395e-05 ,-0.0149404 
915,24.6803 ,8.31652e-05 ,-0.0149311 
916,24.7073 ,8.25009e-05 ,-0.0149215 
917,24.7343 ,8.18463e-05 ,-0.0149116 
918,24.7612 ,8.12015e-05 ,-0.0149014 
919,24.7882 ,8.05663e-05 ,-0.0148908 
920,24.8152 ,7.99407e-05 ,-0.01488 
921,24.8422 ,7.93246e-05 ,-0.014869 
922,24.8691 ,7.87179e-05 ,-0.0148576 
923,24.8961 ,7.81205e-05 ,-0.0148459 
924,24.9231 ,7.75323e-05 ,-0.014834 
925,24.9501 ,7.69532e-05 ,-0.0148217 
926,24.977 ,7.63832e-05 ,-0.0148092 
927,25.004 ,7.58222e-05 ,-0.0147964 
928,25.031 ,7.52701e-05 ,-0.0147834 
929,25.0579 ,7.47269e-05 ,-0.01477 
930,25.0849 ,7.41924e-05 ,-0.0147564 
931,25.1119 ,7.36665e-05 ,-0.0147425 
932,25.1389 ,7.31493e-05 ,-0.0147283 
933,25.1658 ,7.26406e-05 ,-0.0147139 
934,25.1928 ,7.21403e-05 ,-0.0146992 
935,25.2198 ,7.16485e-05 ,-0.0146842 
936,25.2468 ,7.11649e-05 ,-0.014669 
937,25.2737 ,7.06896e-05 ,-0.0146535 
938,25.3007 ,7.02225e-05 ,-0.0146377 
939,25.3277 ,6.97635e-05 ,-0.0146216 
940,25.3546 ,6.93125e-05 ,-0.0146053 
941,25.3816 ,6.88696e-05 ,-0.0145888 
942,25.4086 ,6.84345e-05 ,-0.014572 
943,25.4356 ,6.80073e-05 ,-0.0145549 
944,25.4625 ,6.75879e-05 ,-0.0145375 
945,25.4895 ,6.71763e-05 ,-0.0145199 
946,25.5165 ,6.67723e-05 ,-0.0145021 
947,25.5435 ,6.63759e-05 ,-0.014484 
948,25.5704 ,6.59871e-05 ,-0.0144656 
949,25.5974 ,6.56058e-05 ,-0.014447 
950,25.6244 ,6.5232e-05 ,-0.0144281 
951,25.6514 ,6.48655e-05 ,-0.014409 
952,25.6783 ,6.45063e-05 ,-0.0143896 
953,25.7053 ,6.41545e-05 ,-0.01437 
954,25.7323 ,6.38099e-05 ,-0.0143501 
955,25.7592 ,6.34724e-05 ,-0.0143299 
956,25.7862 ,6.31421e-05 ,-0.0143096 
957,25.8132 ,6.28189e-05 ,-0.0142889 
958,25.8402 ,6.25026e-05 ,-0.0142681 
959,25.8671 ,6.21934e-05 ,-0.014247 
960,25.8941 ,6.18911e-05 ,-0.0142256 
961,25.9211 ,6.15957e-05 ,-0.014204 
962,25.9481 ,6.13071e-05 ,-0.0141821 
963,25.975 ,6.10253e-05 ,-0.01416 
964,26.002 ,6.07503e-05 ,-0.0141377 
965,26.029 ,6.0482e-05 ,-0.0141151 
966,26.0559 ,6.02203e-05 ,-0.0140923 
967,26.0829 ,5.99653e-05 ,-0.0140692 
968,26.1099 ,5.97168e-05 ,-0.0140459 
969,26.1369 ,5.94749e-05 ,-0.0140224 
970,26.1638 ,5.92395e-05 ,-0.0139986 
971,26.1908 ,5.90106e-05 ,-0.0139746 
972,26.2178 ,5.87881e-05 ,-0.0139503 
973,26.2448 ,5.85719e-05 ,-0.0139258 
974,26.2717 ,5.83621e-05 ,-0.0139011 
975,26.2987 ,5.81587e-05 ,-0.0138761 
976,26.3257 ,5.79615e-05 ,-0.0138509 
977,26.3526 ,5.77706e-05 ,-0.0138254 
978,26.3796 ,5.75859e-05 ,-0.0137997 
979,26.4066 ,5.74073e-05 ,-0.0137738 
980,26.4336 ,5.72349e-05 ,-0.0137476 
981,26.4605 ,5.70687e-05 ,-0.0137213 
982,26.4875 ,5.69085e-05 ,-0.0136946 
983,26.5145 ,5.67543e-05 ,-0.0136678 
984,26.5415 ,5.66062e-05 ,-0.0136407 
985,26.5684 ,5.64641e-05 ,-0.0136133 
986,26.5954 ,5.6328e-05 ,-0.0135858 
987,26.6224 ,5.61978e-05 ,-0.013558 
988,26.6494 ,5.60735e-05 ,-0.01353 
989,26.6763 ,5.59552e-05 ,-0.0135017 
990,26.7033 ,5.58427e-05 ,-0.0134732 
991,26.7303 ,5.5736e-05 ,-0.0134445 
992,26.7572 ,5.56351e-05 ,-0.0134156 
993,26.7842 ,5.55401e-05 ,-0.0133864 
994,26.8112 ,5.54508e-05 ,-0.013357 
995,26.8382 ,5.53673e-05 ,-0.0133273 
996,26.8651 ,5.52895e-05 ,-0.0132975 
997,26.8921 ,5.52174e-05 ,-0.0132674 
998,26.9191 ,5.5151e-05 ,-0.0132371 
999,26.9461 ,5.50902e-05 ,-0.0132065 
1000,26.973 ,5.50351e-05 ,-0.0131757 