
1,0.027 ,0.000587724 ,-2743.17 
2,0.053973 ,0.000588018 ,-686.242 
3,0.080946 ,0.000798634 ,-304.923 
4,0.107919 ,0.00103777 ,-171.41 
5,0.134892 ,0.00128499 ,-109.6 
6,0.161865 ,0.00153531 ,-76.0197 
7,0.188838 ,0.00178699 ,-55.7701 
8,0.215811 ,0.00203929 ,-42.6265 
9,0.242784 ,0.00229185 ,-33.6149 
10,0.269757 ,0.00254447 ,-27.1686 
11,0.29673 ,0.00279701 ,-22.399 
12,0.323703 ,0.0030494 ,-18.7711 
13,0.350676 ,0.00330156 ,-15.9477 
14,0.377649 ,0.00355344 ,-13.7074 
15,0.404622 ,0.003805 ,-11.9 
16,0.431595 ,0.0040562 ,-10.4207 
17,0.458568 ,0.00430701 ,-9.19459 
18,0.485541 ,0.00455739 ,-8.16713 
19,0.512514 ,0.00480731 ,-7.29752 
20,0.539487 ,0.00505675 ,-6.55506 
21,0.56646 ,0.00530567 ,-5.91607 
22,0.593433 ,0.00555404 ,-5.36221 
23,0.620406 ,0.00580185 ,-4.87895 
24,0.647379 ,0.00604905 ,-4.45484 
25,0.674352 ,0.00629562 ,-4.08054 
26,0.701325 ,0.00654154 ,-3.74859 
27,0.728298 ,0.00678678 ,-3.45279 
28,0.755271 ,0.00703131 ,-3.18811 
29,0.782244 ,0.00727511 ,-2.95028 
30,0.809217 ,0.00751814 ,-2.73584 
31,0.83619 ,0.00776038 ,-2.54177 
32,0.863163 ,0.00800181 ,-2.3656 
33,0.890136 ,0.0082424 ,-2.20516 
34,0.917109 ,0.00848212 ,-2.05866 
35,0.944082 ,0.00872095 ,-1.9245 
36,0.971055 ,0.00895886 ,-1.80136 
37,0.998028 ,0.00919583 ,-1.68802 
38,1.025 ,0.00943182 ,-1.58351 
39,1.05197 ,0.00966682 ,-1.48689 
40,1.07895 ,0.00990079 ,-1.39743 
41,1.10592 ,0.0101337 ,-1.31439 
42,1.13289 ,0.0103656 ,-1.23721 
43,1.15987 ,0.0105963 ,-1.1653 
44,1.18684 ,0.0108259 ,-1.09825 
45,1.21381 ,0.0110544 ,-1.03557 
46,1.24079 ,0.0112817 ,-0.976943 
47,1.26776 ,0.0115078 ,-0.92197 
48,1.29473 ,0.0117326 ,-0.870401 
49,1.3217 ,0.0119563 ,-0.821913 
50,1.34868 ,0.0121786 ,-0.776311 
51,1.37565 ,0.0123996 ,-0.733321 
52,1.40262 ,0.0126193 ,-0.692793 
53,1.4296 ,0.0128377 ,-0.654495 
54,1.45657 ,0.0130546 ,-0.618311 
55,1.48354 ,0.0132702 ,-0.584041 
56,1.51051 ,0.0134843 ,-0.551597 
57,1.53749 ,0.013697 ,-0.520805 
58,1.56446 ,0.0139082 ,-0.491599 
59,1.59143 ,0.0141179 ,-0.463825 
60,1.61841 ,0.0143261 ,-0.437437 
61,1.64538 ,0.0145328 ,-0.412297 
62,1.67235 ,0.0147378 ,-0.388372 
63,1.69933 ,0.0149413 ,-0.365538 
64,1.7263 ,0.0151432 ,-0.343777 
65,1.75327 ,0.0153434 ,-0.322974 
66,1.78024 ,0.0155419 ,-0.30312 
67,1.80722 ,0.0157388 ,-0.284112 
68,1.83419 ,0.0159339 ,-0.265947 
69,1.86116 ,0.0161273 ,-0.24853 
70,1.88814 ,0.016319 ,-0.231867 
71,1.91511 ,0.0165088 ,-0.215867 
72,1.94208 ,0.0166969 ,-0.200542 
73,1.96906 ,0.0168832 ,-0.185809 
74,1.99603 ,0.0170676 ,-0.171683 
75,2.023 ,0.0172501 ,-0.158085 
76,2.04998 ,0.0174308 ,-0.145034 
77,2.07695 ,0.0176095 ,-0.132457 
78,2.10392 ,0.0177863 ,-0.120375 
79,2.13089 ,0.0179612 ,-0.108718 
80,2.15787 ,0.0181341 ,-0.0975114 
81,2.18484 ,0.018305 ,-0.0866881 
82,2.21181 ,0.0184739 ,-0.0762741 
83,2.23879 ,0.0186407 ,-0.0662065 
84,2.26576 ,0.0188055 ,-0.0565129 
85,2.29273 ,0.0189683 ,-0.0471327 
86,2.31971 ,0.0191289 ,-0.0380952 
87,2.34668 ,0.0192875 ,-0.0293421 
88,2.37365 ,0.0194439 ,-0.0209038 
89,2.40062 ,0.0195982 ,-0.0127241 
90,2.4276 ,0.0197504 ,-0.00483442 
91,2.45457 ,0.0199003 ,0.00281949 
92,2.48154 ,0.0200481 ,0.0102057 
93,2.50852 ,0.0201936 ,0.0173764 
94,2.53549 ,0.020337 ,0.0242993 
95,2.56246 ,0.0204781 ,0.031025 
96,2.58944 ,0.0206169 ,0.0375207 
97,2.61641 ,0.0207534 ,0.0438354 
98,2.64338 ,0.0208877 ,0.049936 
99,2.67035 ,0.0210197 ,0.0558704 
100,2.69733 ,0.0211494 ,0.0616051 
101,2.7243 ,0.0212767 ,0.0671867 
102,2.75127 ,0.0214017 ,0.0725816 
103,2.77825 ,0.0215243 ,0.0778352 
104,2.80522 ,0.0216446 ,0.0829139 
105,2.83219 ,0.0217625 ,0.0878618 
106,2.85917 ,0.021878 ,0.0926456 
107,2.88614 ,0.0219911 ,0.0973082 
108,2.91311 ,0.0221018 ,0.101816 
109,2.94008 ,0.0222101 ,0.106212 
110,2.96706 ,0.0223159 ,0.110462 
111,2.99403 ,0.0224193 ,0.114607 
112,3.021 ,0.0225203 ,0.118614 
113,3.04798 ,0.0226188 ,0.122524 
114,3.07495 ,0.0227148 ,0.126304 
115,3.10192 ,0.0228084 ,0.129992 
116,3.12889 ,0.0228995 ,0.133557 
117,3.15587 ,0.0229881 ,0.137036 
118,3.18284 ,0.0230742 ,0.140398 
119,3.20981 ,0.0231578 ,0.143679 
120,3.23679 ,0.0232389 ,0.146849 
121,3.26376 ,0.0233175 ,0.149943 
122,3.29073 ,0.0233936 ,0.152931 
123,3.31771 ,0.0234672 ,0.155848 
124,3.34468 ,0.0235383 ,0.158663 
125,3.37165 ,0.0236068 ,0.16141 
126,3.39863 ,0.0236728 ,0.16406 
127,3.4256 ,0.0237364 ,0.166647 
128,3.45257 ,0.0237973 ,0.16914 
129,3.47954 ,0.0238558 ,0.171573 
130,3.50652 ,0.0239117 ,0.173916 
131,3.53349 ,0.0239652 ,0.176202 
132,3.56046 ,0.0240161 ,0.178401 
133,3.58744 ,0.0240644 ,0.180546 
134,3.61441 ,0.0241103 ,0.182608 
135,3.64138 ,0.0241537 ,0.184618 
136,3.66836 ,0.0241945 ,0.186548 
137,3.69533 ,0.0242329 ,0.188428 
138,3.7223 ,0.0242687 ,0.190231 
139,3.74927 ,0.0243021 ,0.191986 
140,3.77625 ,0.0243329 ,0.193666 
141,3.80322 ,0.0243613 ,0.195301 
142,3.83019 ,0.0243872 ,0.196863 
143,3.85717 ,0.0244106 ,0.198381 
144,3.88414 ,0.0244316 ,0.199829 
145,3.91111 ,0.0244501 ,0.201234 
146,3.93809 ,0.0244662 ,0.202571 
147,3.96506 ,0.0244799 ,0.203868 
148,3.99203 ,0.0244911 ,0.205098 
149,4.019 ,0.0244999 ,0.206288 
150,4.04598 ,0.0245063 ,0.207415 
151,4.07295 ,0.0245104 ,0.208503 
152,4.09992 ,0.024512 ,0.209528 
153,4.1269 ,0.0245113 ,0.210516 
154,4.15387 ,0.0245082 ,0.211443 
155,4.18084 ,0.0245028 ,0.212334 
156,4.20782 ,0.0244951 ,0.213165 
157,4.23479 ,0.0244851 ,0.213961 
158,4.26176 ,0.0244728 ,0.2147 
159,4.28873 ,0.0244582 ,0.215403 
160,4.31571 ,0.0244413 ,0.216051 
161,4.34268 ,0.0244223 ,0.216664 
162,4.36965 ,0.0244009 ,0.217222 
163,4.39663 ,0.0243774 ,0.217748 
164,4.4236 ,0.0243517 ,0.218219 
165,4.45057 ,0.0243238 ,0.218658 
166,4.47755 ,0.0242938 ,0.219045 
167,4.50452 ,0.0242617 ,0.2194 
168,4.53149 ,0.0242274 ,0.219703 
169,4.55846 ,0.024191 ,0.219975 
170,4.58544 ,0.0241526 ,0.220197 
171,4.61241 ,0.0241122 ,0.220388 
172,4.63938 ,0.0240697 ,0.22053 
173,4.66636 ,0.0240252 ,0.220641 
174,4.69333 ,0.0239787 ,0.220705 
175,4.7203 ,0.0239303 ,0.220738 
176,4.74728 ,0.0238799 ,0.220725 
177,4.77425 ,0.0238276 ,0.220682 
178,4.80122 ,0.0237735 ,0.220593 
179,4.82819 ,0.0237175 ,0.220474 
180,4.85517 ,0.0236597 ,0.220311 
181,4.88214 ,0.0236 ,0.220119 
182,4.90911 ,0.0235386 ,0.219883 
183,4.93609 ,0.0234754 ,0.219618 
184,4.96306 ,0.0234105 ,0.21931 
185,4.99003 ,0.0233439 ,0.218974 
186,5.01701 ,0.0232756 ,0.218595 
187,5.04398 ,0.0232056 ,0.218189 
188,5.07095 ,0.0231341 ,0.21774 
189,5.09792 ,0.0230609 ,0.217265 
190,5.1249 ,0.0229862 ,0.216748 
191,5.15187 ,0.0229099 ,0.216205 
192,5.17884 ,0.0228322 ,0.215621 
193,5.20582 ,0.0227529 ,0.215011 
194,5.23279 ,0.0226722 ,0.214361 
195,5.25976 ,0.0225901 ,0.213685 
196,5.28674 ,0.0225066 ,0.21297 
197,5.31371 ,0.0224217 ,0.212229 
198,5.34068 ,0.0223355 ,0.21145 
199,5.36765 ,0.022248 ,0.210645 
200,5.39463 ,0.0221593 ,0.209803 
201,5.4216 ,0.0220693 ,0.208935 
202,5.44857 ,0.021978 ,0.20803 
203,5.47555 ,0.0218856 ,0.207101 
204,5.50252 ,0.0217921 ,0.206135 
205,5.52949 ,0.0216974 ,0.205145 
206,5.55647 ,0.0216016 ,0.204119 
207,5.58344 ,0.0215048 ,0.203069 
208,5.61041 ,0.021407 ,0.201984 
209,5.63738 ,0.0213081 ,0.200874 
210,5.66436 ,0.0212083 ,0.199731 
211,5.69133 ,0.0211076 ,0.198564 
212,5.7183 ,0.021006 ,0.197363 
213,5.74528 ,0.0209035 ,0.196138 
214,5.77225 ,0.0208001 ,0.194881 
215,5.79922 ,0.0206959 ,0.1936 
216,5.8262 ,0.020591 ,0.192288 
217,5.85317 ,0.0204853 ,0.190951 
218,5.88014 ,0.0203789 ,0.189584 
219,5.90711 ,0.0202718 ,0.188193 
220,5.93409 ,0.0201641 ,0.186772 
221,5.96106 ,0.0200558 ,0.185328 
222,5.98803 ,0.0199468 ,0.183854 
223,6.01501 ,0.0198373 ,0.182357 
224,6.04198 ,0.0197272 ,0.180831 
225,6.06895 ,0.0196167 ,0.179283 
226,6.09593 ,0.0195057 ,0.177705 
227,6.1229 ,0.0193942 ,0.176106 
228,6.14987 ,0.0192824 ,0.174497 
229,6.17684 ,0.0191701 ,0.172904 
230,6.20382 ,0.0190575 ,0.171321 
231,6.23079 ,0.0189446 ,0.169753 
232,6.25776 ,0.0188314 ,0.168195 
233,6.28474 ,0.0187179 ,0.166652 
234,6.31171 ,0.0186042 ,0.165119 
235,6.33868 ,0.0184903 ,0.163601 
236,6.36566 ,0.0183762 ,0.162092 
237,6.39263 ,0.0182619 ,0.160598 
238,6.4196 ,0.0181474 ,0.159113 
239,6.44657 ,0.0180329 ,0.157642 
240,6.47355 ,0.0179183 ,0.156181 
241,6.50052 ,0.0178036 ,0.154733 
242,6.52749 ,0.0176888 ,0.153295 
243,6.55447 ,0.017574 ,0.151871 
244,6.58144 ,0.0174592 ,0.150455 
245,6.60841 ,0.0173444 ,0.149054 
246,6.63539 ,0.0172297 ,0.14766 
247,6.66236 ,0.017115 ,0.146281 
248,6.68933 ,0.0170003 ,0.14491 
249,6.7163 ,0.0168858 ,0.143552 
250,6.74328 ,0.0167713 ,0.142203 
251,6.77025 ,0.016657 ,0.140866 
252,6.79722 ,0.0165429 ,0.139538 
253,6.8242 ,0.0164288 ,0.138223 
254,6.85117 ,0.016315 ,0.136916 
255,6.87814 ,0.0162014 ,0.135622 
256,6.90512 ,0.0160879 ,0.134336 
257,6.93209 ,0.0159747 ,0.133062 
258,6.95906 ,0.0158617 ,0.131796 
259,6.98603 ,0.0157489 ,0.130542 
260,7.01301 ,0.0156364 ,0.129297 
261,7.03998 ,0.0155242 ,0.128063 
262,7.06695 ,0.0154123 ,0.126837 
263,7.09393 ,0.0153007 ,0.125623 
264,7.1209 ,0.0151893 ,0.124417 
265,7.14787 ,0.0150783 ,0.123222 
266,7.17485 ,0.0149677 ,0.122035 
267,7.20182 ,0.0148573 ,0.120859 
268,7.22879 ,0.0147474 ,0.119691 
269,7.25576 ,0.0146378 ,0.118534 
270,7.28274 ,0.0145285 ,0.117385 
271,7.30971 ,0.0144197 ,0.116246 
272,7.33668 ,0.0143112 ,0.115116 
273,7.36366 ,0.0142032 ,0.113995 
274,7.39063 ,0.0140956 ,0.112883 
275,7.4176 ,0.0139884 ,0.11178 
276,7.44458 ,0.0138816 ,0.110686 
277,7.47155 ,0.0137752 ,0.109601 
278,7.49852 ,0.0136693 ,0.108524 
279,7.52549 ,0.0135639 ,0.107457 
280,7.55247 ,0.0134589 ,0.106398 
281,7.57944 ,0.0133543 ,0.105348 
282,7.60641 ,0.0132502 ,0.104306 
283,7.63339 ,0.0131467 ,0.103274 
284,7.66036 ,0.0130436 ,0.102248 
285,7.68733 ,0.0129409 ,0.101233 
286,7.71431 ,0.0128388 ,0.100224 
287,7.74128 ,0.0127372 ,0.099225 
288,7.76825 ,0.0126361 ,0.0982332 
289,7.79522 ,0.0125354 ,0.0972504 
290,7.8222 ,0.0124353 ,0.0962749 
291,7.84917 ,0.0123358 ,0.0953083 
292,7.87614 ,0.0122367 ,0.0943489 
293,7.90312 ,0.0121382 ,0.0933983 
294,7.93009 ,0.0120402 ,0.0924548 
295,7.95706 ,0.0119427 ,0.09152 
296,7.98404 ,0.0118457 ,0.0905922 
297,8.01101 ,0.0117493 ,0.0896729 
298,8.03798 ,0.0116535 ,0.0887606 
299,8.06495 ,0.0115582 ,0.0878567 
300,8.09193 ,0.0114634 ,0.0869597 
301,8.1189 ,0.0113692 ,0.0860709 
302,8.14587 ,0.0112755 ,0.085189 
303,8.17285 ,0.0111824 ,0.0843151 
304,8.19982 ,0.0110899 ,0.0834481 
305,8.22679 ,0.0109979 ,0.082589 
306,8.25376 ,0.0109064 ,0.0817367 
307,8.28074 ,0.0108156 ,0.0808922 
308,8.30771 ,0.0107253 ,0.0800544 
309,8.33468 ,0.0106355 ,0.0792242 
310,8.36166 ,0.0105463 ,0.0784007 
311,8.38863 ,0.0104577 ,0.0775848 
312,8.4156 ,0.0103697 ,0.0767754 
313,8.44258 ,0.0102822 ,0.0759734 
314,8.46955 ,0.0101953 ,0.075178 
315,8.49652 ,0.0101089 ,0.0743898 
316,8.52349 ,0.0100231 ,0.0736081 
317,8.55047 ,0.00993792 ,0.0728336 
318,8.57744 ,0.00985328 ,0.0720655 
319,8.60441 ,0.0097692 ,0.0713044 
320,8.63139 ,0.0096857 ,0.0705497 
321,8.65836 ,0.00960276 ,0.0698019 
322,8.68533 ,0.00952039 ,0.0690603 
323,8.71231 ,0.00943858 ,0.0683256 
324,8.73928 ,0.00935735 ,0.0675971 
325,8.76625 ,0.00927668 ,0.0668753 
326,8.79322 ,0.00919657 ,0.0661596 
327,8.8202 ,0.00911703 ,0.0654506 
328,8.84717 ,0.00903806 ,0.0647475 
329,8.87414 ,0.00895964 ,0.0640511 
330,8.90112 ,0.00888179 ,0.0633605 
331,8.92809 ,0.0088045 ,0.0626765 
332,8.95506 ,0.00872777 ,0.0619982 
333,8.98204 ,0.0086516 ,0.0613264 
334,9.00901 ,0.00857598 ,0.0606603 
335,9.03598 ,0.00850092 ,0.0600005 
336,9.06295 ,0.00842641 ,0.0593464 
337,9.08993 ,0.00835246 ,0.0586985 
338,9.1169 ,0.00827905 ,0.0580562 
339,9.14387 ,0.0082062 ,0.05742 
340,9.17085 ,0.00813389 ,0.0567894 
341,9.19782 ,0.00806212 ,0.0561647 
342,9.22479 ,0.0079909 ,0.0555456 
343,9.25177 ,0.00792023 ,0.0549323 
344,9.27874 ,0.00785009 ,0.0543244 
345,9.30571 ,0.00778049 ,0.0537224 
346,9.33268 ,0.00771143 ,0.0531257 
347,9.35966 ,0.00764289 ,0.0525347 
348,9.38663 ,0.0075749 ,0.0519489 
349,9.4136 ,0.00750743 ,0.0513688 
350,9.44058 ,0.00744048 ,0.0507939 
351,9.46755 ,0.00737407 ,0.0502246 
352,9.49452 ,0.00730817 ,0.0496603 
353,9.5215 ,0.0072428 ,0.0491015 
354,9.54847 ,0.00717794 ,0.0485478 
355,9.57544 ,0.0071136 ,0.0479994 
356,9.60241 ,0.00704977 ,0.047456 
357,9.62939 ,0.00698645 ,0.0469179 
358,9.65636 ,0.00692364 ,0.0463847 
359,9.68333 ,0.00686133 ,0.0458566 
360,9.71031 ,0.00679953 ,0.0453335 
361,9.73728 ,0.00673823 ,0.0448154 
362,9.76425 ,0.00667743 ,0.0443021 
363,9.79123 ,0.00661712 ,0.0437938 
364,9.8182 ,0.0065573 ,0.0432903 
365,9.84517 ,0.00649798 ,0.0427916 
366,9.87214 ,0.00643914 ,0.0422977 
367,9.89912 ,0.00638079 ,0.0418085 
368,9.92609 ,0.00632291 ,0.041324 
369,9.95306 ,0.00626552 ,0.0408442 
370,9.98004 ,0.0062086 ,0.0403689 
371,10.007 ,0.00615216 ,0.0398983 
372,10.034 ,0.00609618 ,0.0394322 
373,10.061 ,0.00604068 ,0.0389706 
374,10.0879 ,0.00598564 ,0.0385135 
375,10.1149 ,0.00593106 ,0.0380608 
376,10.1419 ,0.00587694 ,0.0376125 
377,10.1688 ,0.00582328 ,0.0371686 
378,10.1958 ,0.00577007 ,0.036729 
379,10.2228 ,0.00571732 ,0.0362937 
380,10.2498 ,0.00566501 ,0.0358627 
381,10.2767 ,0.00561314 ,0.0354359 
382,10.3037 ,0.00556172 ,0.0350132 
383,10.3307 ,0.00551074 ,0.0345948 
384,10.3577 ,0.00546019 ,0.0341804 
385,10.3846 ,0.00541008 ,0.0337702 
386,10.4116 ,0.0053604 ,0.033364 
387,10.4386 ,0.00531115 ,0.0329618 
388,10.4656 ,0.00526232 ,0.0325636 
389,10.4925 ,0.00521391 ,0.0321693 
390,10.5195 ,0.00516593 ,0.031779 
391,10.5465 ,0.00511836 ,0.0313925 
392,10.5734 ,0.0050712 ,0.0310099 
393,10.6004 ,0.00502445 ,0.0306311 
394,10.6274 ,0.00497811 ,0.0302561 
395,10.6544 ,0.00493218 ,0.0298848 
396,10.6813 ,0.00488665 ,0.0295173 
397,10.7083 ,0.00484151 ,0.0291535 
398,10.7353 ,0.00479678 ,0.0287932 
399,10.7623 ,0.00475243 ,0.0284367 
400,10.7892 ,0.00470848 ,0.0280837 
401,10.8162 ,0.00466491 ,0.0277343 
402,10.8432 ,0.00462173 ,0.0273884 
403,10.8701 ,0.00457893 ,0.027046 
404,10.8971 ,0.00453651 ,0.026707 
405,10.9241 ,0.00449447 ,0.0263716 
406,10.9511 ,0.0044528 ,0.0260394 
407,10.978 ,0.0044115 ,0.0257108 
408,11.005 ,0.00437057 ,0.0253854 
409,11.032 ,0.00433 ,0.0250633 
410,11.059 ,0.0042898 ,0.0247446 
411,11.0859 ,0.00424995 ,0.0244291 
412,11.1129 ,0.00421046 ,0.0241168 
413,11.1399 ,0.00417133 ,0.0238077 
414,11.1668 ,0.00413255 ,0.0235018 
415,11.1938 ,0.00409411 ,0.023199 
416,11.2208 ,0.00405602 ,0.0228993 
417,11.2478 ,0.00401828 ,0.0226028 
418,11.2747 ,0.00398087 ,0.0223092 
419,11.3017 ,0.0039438 ,0.0220188 
420,11.3287 ,0.00390707 ,0.0217313 
421,11.3557 ,0.00387067 ,0.0214467 
422,11.3826 ,0.0038346 ,0.0211652 
423,11.4096 ,0.00379885 ,0.0208865 
424,11.4366 ,0.00376343 ,0.0206107 
425,11.4636 ,0.00372834 ,0.0203378 
426,11.4905 ,0.00369356 ,0.0200678 
427,11.5175 ,0.00365909 ,0.0198005 
428,11.5445 ,0.00362495 ,0.019536 
429,11.5714 ,0.00359111 ,0.0192743 
430,11.5984 ,0.00355758 ,0.0190153 
431,11.6254 ,0.00352436 ,0.0187591 
432,11.6524 ,0.00349144 ,0.0185055 
433,11.6793 ,0.00345882 ,0.0182545 
434,11.7063 ,0.0034265 ,0.0180062 
435,11.7333 ,0.00339448 ,0.0177605 
436,11.7603 ,0.00336275 ,0.0175174 
437,11.7872 ,0.00333131 ,0.0172768 
438,11.8142 ,0.00330017 ,0.0170388 
439,11.8412 ,0.0032693 ,0.0168033 
440,11.8681 ,0.00323873 ,0.0165702 
441,11.8951 ,0.00320843 ,0.0163397 
442,11.9221 ,0.00317841 ,0.0161115 
443,11.9491 ,0.00314867 ,0.0158858 
444,11.976 ,0.00311921 ,0.0156624 
445,12.003 ,0.00309001 ,0.0154415 
446,12.03 ,0.00306109 ,0.0152229 
447,12.057 ,0.00303243 ,0.0150066 
448,12.0839 ,0.00300404 ,0.0147925 
449,12.1109 ,0.00297591 ,0.0145808 
450,12.1379 ,0.00294804 ,0.0143713 
451,12.1648 ,0.00292043 ,0.0141641 
452,12.1918 ,0.00289308 ,0.0139591 
453,12.2188 ,0.00286598 ,0.0137563 
454,12.2458 ,0.00283913 ,0.0135556 
455,12.2727 ,0.00281253 ,0.0133571 
456,12.2997 ,0.00278618 ,0.0131607 
457,12.3267 ,0.00276008 ,0.0129664 
458,12.3537 ,0.00273422 ,0.0127742 
459,12.3806 ,0.00270859 ,0.012584 
460,12.4076 ,0.00268321 ,0.0123959 
461,12.4346 ,0.00265806 ,0.0122098 
462,12.4616 ,0.00263315 ,0.0120258 
463,12.4885 ,0.00260847 ,0.0118437 
464,12.5155 ,0.00258402 ,0.0116635 
465,12.5425 ,0.0025598 ,0.0114854 
466,12.5694 ,0.00253581 ,0.0113091 
467,12.5964 ,0.00251204 ,0.0111348 
468,12.6234 ,0.00248849 ,0.0109623 
469,12.6504 ,0.00246517 ,0.0107917 
470,12.6773 ,0.00244206 ,0.0106229 
471,12.7043 ,0.00241917 ,0.010456 
472,12.7313 ,0.00239649 ,0.0102909 
473,12.7583 ,0.00237402 ,0.0101276 
474,12.7852 ,0.00235177 ,0.00996607 
475,12.8122 ,0.00232972 ,0.0098063 
476,12.8392 ,0.00230789 ,0.00964826 
477,12.8661 ,0.00228625 ,0.00949195 
478,12.8931 ,0.00226482 ,0.00933734 
479,12.9201 ,0.00224359 ,0.00918443 
480,12.9471 ,0.00222256 ,0.00903318 
481,12.974 ,0.00220173 ,0.00888359 
482,13.001 ,0.0021811 ,0.00873564 
483,13.028 ,0.00216065 ,0.00858931 
484,13.055 ,0.0021404 ,0.00844458 
485,13.0819 ,0.00212035 ,0.00830144 
486,13.1089 ,0.00210048 ,0.00815988 
487,13.1359 ,0.00208079 ,0.00801987 
488,13.1629 ,0.00206129 ,0.0078814 
489,13.1898 ,0.00204198 ,0.00774446 
490,13.2168 ,0.00202285 ,0.00760902 
491,13.2438 ,0.0020039 ,0.00747508 
492,13.2707 ,0.00198513 ,0.00734262 
493,13.2977 ,0.00196653 ,0.00721162 
494,13.3247 ,0.00194811 ,0.00708207 
495,13.3517 ,0.00192986 ,0.00695396 
496,13.3786 ,0.00191179 ,0.00682726 
497,13.4056 ,0.00189389 ,0.00670197 
498,13.4326 ,0.00187615 ,0.00657807 
499,13.4596 ,0.00185859 ,0.00645554 
500,13.4865 ,0.00184118 ,0.00633438 
501,13.5135 ,0.00182395 ,0.00621456 
502,13.5405 ,0.00180687 ,0.00609608 
503,13.5674 ,0.00178996 ,0.00597892 
504,13.5944 ,0.00177321 ,0.00586306 
505,13.6214 ,0.00175662 ,0.0057485 
506,13.6484 ,0.00174018 ,0.00563521 
507,13.6753 ,0.0017239 ,0.00552319 
508,13.7023 ,0.00170777 ,0.00541243 
509,13.7293 ,0.0016918 ,0.00530291 
510,13.7563 ,0.00167597 ,0.00519461 
511,13.7832 ,0.0016603 ,0.00508753 
512,13.8102 ,0.00164477 ,0.00498165 
513,13.8372 ,0.00162939 ,0.00487696 
514,13.8641 ,0.00161416 ,0.00477344 
515,13.8911 ,0.00159907 ,0.0046711 
516,13.9181 ,0.00158413 ,0.0045699 
517,13.9451 ,0.00156932 ,0.00446985 
518,13.972 ,0.00155466 ,0.00437092 
519,13.999 ,0.00154013 ,0.00427312 
520,14.026 ,0.00152575 ,0.00417641 
521,14.053 ,0.0015115 ,0.00408081 
522,14.0799 ,0.00149738 ,0.00398628 
523,14.1069 ,0.0014834 ,0.00389283 
524,14.1339 ,0.00146955 ,0.00380044 
525,14.1609 ,0.00145583 ,0.00370909 
526,14.1878 ,0.00144224 ,0.00361879 
527,14.2148 ,0.00142878 ,0.00352951 
528,14.2418 ,0.00141545 ,0.00344125 
529,14.2687 ,0.00140224 ,0.00335399 
530,14.2957 ,0.00138916 ,0.00326773 
531,14.3227 ,0.0013762 ,0.00318246 
532,14.3497 ,0.00136337 ,0.00309816 
533,14.3766 ,0.00135066 ,0.00301482 
534,14.4036 ,0.00133807 ,0.00293244 
535,14.4306 ,0.00132559 ,0.00285101 
536,14.4576 ,0.00131324 ,0.0027705 
537,14.4845 ,0.001301 ,0.00269093 
538,14.5115 ,0.00128888 ,0.00261226 
539,14.5385 ,0.00127688 ,0.00253451 
540,14.5654 ,0.00126499 ,0.00245764 
541,14.5924 ,0.00125321 ,0.00238167 
542,14.6194 ,0.00124154 ,0.00230657 
543,14.6464 ,0.00122998 ,0.00223234 
544,14.6733 ,0.00121854 ,0.00215897 
545,14.7003 ,0.0012072 ,0.00208645 
546,14.7273 ,0.00119597 ,0.00201476 
547,14.7543 ,0.00118484 ,0.00194392 
548,14.7812 ,0.00117382 ,0.00187389 
549,14.8082 ,0.00116291 ,0.00180468 
550,14.8352 ,0.0011521 ,0.00173627 
551,14.8621 ,0.00114139 ,0.00166866 
552,14.8891 ,0.00113078 ,0.00160184 
553,14.9161 ,0.00112027 ,0.0015358 
554,14.9431 ,0.00110987 ,0.00147053 
555,14.97 ,0.00109956 ,0.00140603 
556,14.997 ,0.00108935 ,0.00134228 
557,15.024 ,0.00107923 ,0.00127928 
558,15.051 ,0.00106922 ,0.00121702 
559,15.0779 ,0.00105929 ,0.0011555 
560,15.1049 ,0.00104946 ,0.00109469 
561,15.1319 ,0.00103973 ,0.00103461 
562,15.1589 ,0.00103009 ,0.000975231 
563,15.1858 ,0.00102053 ,0.000916557 
564,15.2128 ,0.00101107 ,0.000858576 
565,15.2398 ,0.0010017 ,0.000801283 
566,15.2667 ,0.000992418 ,0.000744669 
567,15.2937 ,0.000983223 ,0.000688728 
568,15.3207 ,0.000974115 ,0.000633452 
569,15.3477 ,0.000965094 ,0.000578834 
570,15.3746 ,0.000956158 ,0.000524867 
571,15.4016 ,0.000947306 ,0.000471545 
572,15.4286 ,0.000938539 ,0.00041886 
573,15.4556 ,0.000929854 ,0.000366807 
574,15.4825 ,0.000921252 ,0.000315377 
575,15.5095 ,0.000912732 ,0.000264564 
576,15.5365 ,0.000904291 ,0.000214362 
577,15.5634 ,0.000895931 ,0.000164765 
578,15.5904 ,0.00088765 ,0.000115766 
579,15.6174 ,0.000879448 ,6.73582e-05 
580,15.6444 ,0.000871323 ,1.95355e-05 
581,15.6713 ,0.000863275 ,-2.77079e-05 
582,15.6983 ,0.000855303 ,-7.43787e-05 
583,15.7253 ,0.000847407 ,-0.000120482 
584,15.7523 ,0.000839585 ,-0.000166026 
585,15.7792 ,0.000831838 ,-0.000211014 
586,15.8062 ,0.000824163 ,-0.000255454 
587,15.8332 ,0.000816562 ,-0.00029935 
588,15.8602 ,0.000809032 ,-0.000342709 
589,15.8871 ,0.000801573 ,-0.000385537 
590,15.9141 ,0.000794185 ,-0.000427839 
591,15.9411 ,0.000786867 ,-0.000469621 
592,15.968 ,0.000779618 ,-0.000510888 
593,15.995 ,0.000772438 ,-0.000551646 
594,16.022 ,0.000765325 ,-0.0005919 
595,16.049 ,0.00075828 ,-0.000631656 
596,16.0759 ,0.000751301 ,-0.000670919 
597,16.1029 ,0.000744389 ,-0.000709693 
598,16.1299 ,0.000737541 ,-0.000747986 
599,16.1569 ,0.000730759 ,-0.000785801 
600,16.1838 ,0.00072404 ,-0.000823144 
601,16.2108 ,0.000717385 ,-0.000860019 
602,16.2378 ,0.000710793 ,-0.000896432 
603,16.2647 ,0.000704263 ,-0.000932388 
604,16.2917 ,0.000697795 ,-0.000967892 
605,16.3187 ,0.000691387 ,-0.00100295 
606,16.3457 ,0.000685041 ,-0.00103756 
607,16.3726 ,0.000678754 ,-0.00107174 
608,16.3996 ,0.000672527 ,-0.00110548 
609,16.4266 ,0.000666358 ,-0.00113879 
610,16.4536 ,0.000660247 ,-0.00117168 
611,16.4805 ,0.000654195 ,-0.00120415 
612,16.5075 ,0.000648199 ,-0.0012362 
613,16.5345 ,0.00064226 ,-0.00126784 
614,16.5614 ,0.000636377 ,-0.00129908 
615,16.5884 ,0.000630549 ,-0.00132992 
616,16.6154 ,0.000624777 ,-0.00136035 
617,16.6424 ,0.000619059 ,-0.0013904 
618,16.6693 ,0.000613394 ,-0.00142005 
619,16.6963 ,0.000607784 ,-0.00144932 
620,16.7233 ,0.000602226 ,-0.00147821 
621,16.7503 ,0.00059672 ,-0.00150673 
622,16.7772 ,0.000591266 ,-0.00153487 
623,16.8042 ,0.000585864 ,-0.00156264 
624,16.8312 ,0.000580513 ,-0.00159004 
625,16.8582 ,0.000575212 ,-0.00161709 
626,16.8851 ,0.000569961 ,-0.00164378 
627,16.9121 ,0.000564759 ,-0.00167011 
628,16.9391 ,0.000559607 ,-0.0016961 
629,16.966 ,0.000554503 ,-0.00172174 
630,16.993 ,0.000549447 ,-0.00174704 
631,17.02 ,0.000544438 ,-0.001772 
632,17.047 ,0.000539477 ,-0.00179663 
633,17.0739 ,0.000534562 ,-0.00182092 
634,17.1009 ,0.000529694 ,-0.00184489 
635,17.1279 ,0.000524872 ,-0.00186853 
636,17.1549 ,0.000520094 ,-0.00189186 
637,17.1818 ,0.000515362 ,-0.00191487 
638,17.2088 ,0.000510675 ,-0.00193756 
639,17.2358 ,0.000506031 ,-0.00195994 
640,17.2627 ,0.000501431 ,-0.00198202 
641,17.2897 ,0.000496874 ,-0.00200379 
642,17.3167 ,0.000492361 ,-0.00202527 
643,17.3437 ,0.000487889 ,-0.00204644 
644,17.3706 ,0.00048346 ,-0.00206732 
645,17.3976 ,0.000479072 ,-0.00208792 
646,17.4246 ,0.000474726 ,-0.00210822 
647,17.4516 ,0.00047042 ,-0.00212824 
648,17.4785 ,0.000466155 ,-0.00214798 
649,17.5055 ,0.00046193 ,-0.00216744 
650,17.5325 ,0.000457744 ,-0.00218663 
651,17.5595 ,0.000453598 ,-0.00220554 
652,17.5864 ,0.000449491 ,-0.00222418 
653,17.6134 ,0.000445422 ,-0.00224256 
654,17.6404 ,0.000441392 ,-0.00226068 
655,17.6673 ,0.000437399 ,-0.00227853 
656,17.6943 ,0.000433444 ,-0.00229612 
657,17.7213 ,0.000429526 ,-0.00231347 
658,17.7483 ,0.000425645 ,-0.00233055 
659,17.7752 ,0.0004218 ,-0.00234739 
660,17.8022 ,0.000417992 ,-0.00236398 
661,17.8292 ,0.000414219 ,-0.00238033 
662,17.8562 ,0.000410481 ,-0.00239644 
663,17.8831 ,0.000406778 ,-0.00241231 
664,17.9101 ,0.000403111 ,-0.00242794 
665,17.9371 ,0.000399477 ,-0.00244334 
666,17.964 ,0.000395878 ,-0.0024585 
667,17.991 ,0.000392312 ,-0.00247344 
668,18.018 ,0.00038878 ,-0.00248815 
669,18.045 ,0.000385281 ,-0.00250264 
670,18.0719 ,0.000381815 ,-0.00251691 
671,18.0989 ,0.000378381 ,-0.00253095 
672,18.1259 ,0.000374979 ,-0.00254478 
673,18.1529 ,0.00037161 ,-0.0025584 
674,18.1798 ,0.000368272 ,-0.00257181 
675,18.2068 ,0.000364965 ,-0.002585 
676,18.2338 ,0.000361689 ,-0.00259799 
677,18.2607 ,0.000358444 ,-0.00261077 
678,18.2877 ,0.000355229 ,-0.00262335 
679,18.3147 ,0.000352044 ,-0.00263573 
680,18.3417 ,0.000348889 ,-0.00264792 
681,18.3686 ,0.000345764 ,-0.0026599 
682,18.3956 ,0.000342668 ,-0.00267169 
683,18.4226 ,0.000339601 ,-0.00268329 
684,18.4496 ,0.000336562 ,-0.0026947 
685,18.4765 ,0.000333553 ,-0.00270593 
686,18.5035 ,0.000330571 ,-0.00271696 
687,18.5305 ,0.000327617 ,-0.00272782 
688,18.5575 ,0.000324691 ,-0.00273849 
689,18.5844 ,0.000321792 ,-0.00274898 
690,18.6114 ,0.00031892 ,-0.00275929 
691,18.6384 ,0.000316076 ,-0.00276943 
692,18.6653 ,0.000313258 ,-0.0027794 
693,18.6923 ,0.000310466 ,-0.00278919 
694,18.7193 ,0.0003077 ,-0.00279881 
695,18.7463 ,0.00030496 ,-0.00280827 
696,18.7732 ,0.000302246 ,-0.00281756 
697,18.8002 ,0.000299558 ,-0.00282668 
698,18.8272 ,0.000296894 ,-0.00283564 
699,18.8542 ,0.000294255 ,-0.00284444 
700,18.8811 ,0.000291641 ,-0.00285308 
701,18.9081 ,0.000289052 ,-0.00286157 
702,18.9351 ,0.000286486 ,-0.0028699 
703,18.962 ,0.000283945 ,-0.00287807 
704,18.989 ,0.000281428 ,-0.00288609 
705,19.016 ,0.000278934 ,-0.00289397 
706,19.043 ,0.000276463 ,-0.00290169 
707,19.0699 ,0.000274015 ,-0.00290927 
708,19.0969 ,0.000271591 ,-0.0029167 
709,19.1239 ,0.000269189 ,-0.00292398 
710,19.1509 ,0.000266809 ,-0.00293113 
711,19.1778 ,0.000264452 ,-0.00293813 
712,19.2048 ,0.000262117 ,-0.00294499 
713,19.2318 ,0.000259804 ,-0.00295172 
714,19.2587 ,0.000257512 ,-0.00295831 
715,19.2857 ,0.000255242 ,-0.00296477 
716,19.3127 ,0.000252993 ,-0.00297109 
717,19.3397 ,0.000250765 ,-0.00297728 
718,19.3666 ,0.000248557 ,-0.00298334 
719,19.3936 ,0.000246371 ,-0.00298927 
720,19.4206 ,0.000244205 ,-0.00299508 
721,19.4476 ,0.000242059 ,-0.00300076 
722,19.4745 ,0.000239933 ,-0.00300631 
723,19.5015 ,0.000237828 ,-0.00301174 
724,19.5285 ,0.000235742 ,-0.00301705 
725,19.5555 ,0.000233675 ,-0.00302224 
726,19.5824 ,0.000231628 ,-0.00302731 
727,19.6094 ,0.0002296 ,-0.00303226 
728,19.6364 ,0.00022759 ,-0.0030371 
729,19.6633 ,0.0002256 ,-0.00304182 
730,19.6903 ,0.000223629 ,-0.00304643 
731,19.7173 ,0.000221675 ,-0.00305092 
732,19.7443 ,0.00021974 ,-0.00305531 
733,19.7712 ,0.000217824 ,-0.00305958 
734,19.7982 ,0.000215925 ,-0.00306374 
735,19.8252 ,0.000214044 ,-0.0030678 
736,19.8522 ,0.00021218 ,-0.00307175 
737,19.8791 ,0.000210334 ,-0.0030756 
738,19.9061 ,0.000208506 ,-0.00307934 
739,19.9331 ,0.000206694 ,-0.00308298 
740,19.96 ,0.000204899 ,-0.00308651 
741,19.987 ,0.000203122 ,-0.00308995 
742,20.014 ,0.000201361 ,-0.00309329 
743,20.041 ,0.000199616 ,-0.00309653 
744,20.0679 ,0.000197888 ,-0.00309967 
745,20.0949 ,0.000196176 ,-0.00310272 
746,20.1219 ,0.00019448 ,-0.00310567 
747,20.1489 ,0.0001928 ,-0.00310852 
748,20.1758 ,0.000191136 ,-0.00311129 
749,20.2028 ,0.000189487 ,-0.00311396 
750,20.2298 ,0.000187854 ,-0.00311654 
751,20.2568 ,0.000186236 ,-0.00311904 
752,20.2837 ,0.000184633 ,-0.00312144 
753,20.3107 ,0.000183046 ,-0.00312376 
754,20.3377 ,0.000181473 ,-0.00312598 
755,20.3646 ,0.000179915 ,-0.00312813 
756,20.3916 ,0.000178372 ,-0.00313019 
757,20.4186 ,0.000176843 ,-0.00313216 
758,20.4456 ,0.000175329 ,-0.00313405 
759,20.4725 ,0.000173828 ,-0.00313587 
760,20.4995 ,0.000172342 ,-0.0031376 
761,20.5265 ,0.00017087 ,-0.00313924 
762,20.5535 ,0.000169412 ,-0.00314082 
763,20.5804 ,0.000167968 ,-0.00314231 
764,20.6074 ,0.000166537 ,-0.00314372 
765,20.6344 ,0.00016512 ,-0.00314506 
766,20.6613 ,0.000163716 ,-0.00314633 
767,20.6883 ,0.000162325 ,-0.00314751 
768,20.7153 ,0.000160947 ,-0.00314863 
769,20.7423 ,0.000159583 ,-0.00314967 
770,20.7692 ,0.000158231 ,-0.00315064 
771,20.7962 ,0.000156892 ,-0.00315154 
772,20.8232 ,0.000155565 ,-0.00315237 
773,20.8502 ,0.000154252 ,-0.00315313 
774,20.8771 ,0.00015295 ,-0.00315382 
775,20.9041 ,0.000151661 ,-0.00315444 
776,20.9311 ,0.000150384 ,-0.003155 
777,20.958 ,0.000149119 ,-0.00315548 
778,20.985 ,0.000147867 ,-0.00315591 
779,21.012 ,0.000146626 ,-0.00315626 
780,21.039 ,0.000145396 ,-0.00315656 
781,21.0659 ,0.000144179 ,-0.00315679 
782,21.0929 ,0.000142973 ,-0.00315695 
783,21.1199 ,0.000141778 ,-0.00315706 
784,21.1469 ,0.000140595 ,-0.0031571 
785,21.1738 ,0.000139423 ,-0.00315709 
786,21.2008 ,0.000138262 ,-0.00315701 
787,21.2278 ,0.000137112 ,-0.00315688 
788,21.2548 ,0.000135974 ,-0.00315668 
789,21.2817 ,0.000134846 ,-0.00315643 
790,21.3087 ,0.000133728 ,-0.00315612 
791,21.3357 ,0.000132622 ,-0.00315576 
792,21.3626 ,0.000131526 ,-0.00315533 
793,21.3896 ,0.00013044 ,-0.00315486 
794,21.4166 ,0.000129365 ,-0.00315433 
795,21.4436 ,0.0001283 ,-0.00315374 
796,21.4705 ,0.000127245 ,-0.00315311 
797,21.4975 ,0.0001262 ,-0.00315241 
798,21.5245 ,0.000125166 ,-0.00315167 
799,21.5515 ,0.000124141 ,-0.00315088 
800,21.5784 ,0.000123126 ,-0.00315003 
801,21.6054 ,0.000122121 ,-0.00314914 
802,21.6324 ,0.000121125 ,-0.00314819 
803,21.6593 ,0.000120139 ,-0.0031472 
804,21.6863 ,0.000119163 ,-0.00314616 
805,21.7133 ,0.000118195 ,-0.00314507 
806,21.7403 ,0.000117238 ,-0.00314393 
807,21.7672 ,0.000116289 ,-0.00314275 
808,21.7942 ,0.00011535 ,-0.00314152 
809,21.8212 ,0.000114419 ,-0.00314024 
810,21.8482 ,0.000113498 ,-0.00313892 
811,21.8751 ,0.000112585 ,-0.00313756 
812,21.9021 ,0.000111682 ,-0.00313615 
813,21.9291 ,0.000110787 ,-0.00313469 
814,21.956 ,0.000109901 ,-0.0031332 
815,21.983 ,0.000109023 ,-0.00313166 
816,22.01 ,0.000108154 ,-0.00313008 
817,22.037 ,0.000107294 ,-0.00312846 
818,22.0639 ,0.000106441 ,-0.00312679 
819,22.0909 ,0.000105597 ,-0.00312509 
820,22.1179 ,0.000104762 ,-0.00312334 
821,22.1449 ,0.000103934 ,-0.00312156 
822,22.1718 ,0.000103115 ,-0.00311974 
823,22.1988 ,0.000102303 ,-0.00311787 
824,22.2258 ,0.0001015 ,-0.00311597 
825,22.2528 ,0.000100704 ,-0.00311404 
826,22.2797 ,9.99166e-05 ,-0.00311206 
827,22.3067 ,9.91366e-05 ,-0.00311005 
828,22.3337 ,9.83643e-05 ,-0.003108 
829,22.3606 ,9.75996e-05 ,-0.00310591 
830,22.3876 ,9.68424e-05 ,-0.00310379 
831,22.4146 ,9.60928e-05 ,-0.00310164 
832,22.4416 ,9.53505e-05 ,-0.00309945 
833,22.4685 ,9.46156e-05 ,-0.00309722 
834,22.4955 ,9.3888e-05 ,-0.00309496 
835,22.5225 ,9.31677e-05 ,-0.00309267 
836,22.5495 ,9.24545e-05 ,-0.00309034 
837,22.5764 ,9.17484e-05 ,-0.00308798 
838,22.6034 ,9.10493e-05 ,-0.00308559 
839,22.6304 ,9.03573e-05 ,-0.00308317 
840,22.6573 ,8.96721e-05 ,-0.00308071 
841,22.6843 ,8.89939e-05 ,-0.00307823 
842,22.7113 ,8.83225e-05 ,-0.00307571 
843,22.7383 ,8.76578e-05 ,-0.00307316 
844,22.7652 ,8.69998e-05 ,-0.00307058 
845,22.7922 ,8.63485e-05 ,-0.00306797 
846,22.8192 ,8.57037e-05 ,-0.00306533 
847,22.8462 ,8.50655e-05 ,-0.00306266 
848,22.8731 ,8.44337e-05 ,-0.00305997 
849,22.9001 ,8.38084e-05 ,-0.00305724 
850,22.9271 ,8.31895e-05 ,-0.00305449 
851,22.9541 ,8.25768e-05 ,-0.0030517 
852,22.981 ,8.19704e-05 ,-0.00304889 
853,23.008 ,8.13703e-05 ,-0.00304606 
854,23.035 ,8.07763e-05 ,-0.00304319 
855,23.0619 ,8.01884e-05 ,-0.0030403 
856,23.0889 ,7.96066e-05 ,-0.00303739 
857,23.1159 ,7.90307e-05 ,-0.00303444 
858,23.1429 ,7.84609e-05 ,-0.00303147 
859,23.1698 ,7.78969e-05 ,-0.00302848 
860,23.1968 ,7.73388e-05 ,-0.00302546 
861,23.2238 ,7.67865e-05 ,-0.00302241 
862,23.2508 ,7.624e-05 ,-0.00301934 
863,23.2777 ,7.56992e-05 ,-0.00301624 
864,23.3047 ,7.51641e-05 ,-0.00301313 
865,23.3317 ,7.46346e-05 ,-0.00300998 
866,23.3586 ,7.41107e-05 ,-0.00300682 
867,23.3856 ,7.35923e-05 ,-0.00300362 
868,23.4126 ,7.30795e-05 ,-0.00300041 
869,23.4396 ,7.2572e-05 ,-0.00299717 
870,23.4665 ,7.207e-05 ,-0.00299391 
871,23.4935 ,7.15733e-05 ,-0.00299063 
872,23.5205 ,7.1082e-05 ,-0.00298733 
873,23.5475 ,7.05959e-05 ,-0.002984 
874,23.5744 ,7.01151e-05 ,-0.00298065 
875,23.6014 ,6.96395e-05 ,-0.00297728 
876,23.6284 ,6.9169e-05 ,-0.00297389 
877,23.6553 ,6.87036e-05 ,-0.00297048 
878,23.6823 ,6.82433e-05 ,-0.00296705 
879,23.7093 ,6.7788e-05 ,-0.00296359 
880,23.7363 ,6.73377e-05 ,-0.00296012 
881,23.7632 ,6.68924e-05 ,-0.00295662 
882,23.7902 ,6.6452e-05 ,-0.00295311 
883,23.8172 ,6.60164e-05 ,-0.00294957 
884,23.8442 ,6.55857e-05 ,-0.00294601 
885,23.8711 ,6.51598e-05 ,-0.00294244 
886,23.8981 ,6.47387e-05 ,-0.00293884 
887,23.9251 ,6.43223e-05 ,-0.00293523 
888,23.9521 ,6.39105e-05 ,-0.0029316 
889,23.979 ,6.35035e-05 ,-0.00292795 
890,24.006 ,6.3101e-05 ,-0.00292428 
891,24.033 ,6.27032e-05 ,-0.00292059 
892,24.0599 ,6.23099e-05 ,-0.00291688 
893,24.0869 ,6.19211e-05 ,-0.00291315 
894,24.1139 ,6.15368e-05 ,-0.00290941 
895,24.1409 ,6.11569e-05 ,-0.00290565 
896,24.1678 ,6.07815e-05 ,-0.00290187 
897,24.1948 ,6.04104e-05 ,-0.00289807 
898,24.2218 ,6.00437e-05 ,-0.00289425 
899,24.2488 ,5.96813e-05 ,-0.00289042 
900,24.2757 ,5.93232e-05 ,-0.00288657 
901,24.3027 ,5.89693e-05 ,-0.00288271 
902,24.3297 ,5.86197e-05 ,-0.00287882 
903,24.3566 ,5.82742e-05 ,-0.00287492 
904,24.3836 ,5.7933e-05 ,-0.002871 
905,24.4106 ,5.75958e-05 ,-0.00286707 
906,24.4376 ,5.72628e-05 ,-0.00286312 
907,24.4645 ,5.69338e-05 ,-0.00285915 
908,24.4915 ,5.66089e-05 ,-0.00285517 
909,24.5185 ,5.6288e-05 ,-0.00285117 
910,24.5455 ,5.59711e-05 ,-0.00284715 
911,24.5724 ,5.56581e-05 ,-0.00284312 
912,24.5994 ,5.53491e-05 ,-0.00283907 
913,24.6264 ,5.50439e-05 ,-0.00283501 
914,24.6533 ,5.47427e-05 ,-0.00283093 
915,24.6803 ,5.44453e-05 ,-0.00282683 
916,24.7073 ,5.41517e-05 ,-0.00282272 
917,24.7343 ,5.38619e-05 ,-0.0028186 
918,24.7612 ,5.35759e-05 ,-0.00281446 
919,24.7882 ,5.32936e-05 ,-0.0028103 
920,24.8152 ,5.3015e-05 ,-0.00280613 
921,24.8422 ,5.27402e-05 ,-0.00280194 
922,24.8691 ,5.2469e-05 ,-0.00279774 
923,24.8961 ,5.22014e-05 ,-0.00279352 
924,24.9231 ,5.19375e-05 ,-0.00278929 
925,24.9501 ,5.16772e-05 ,-0.00278505 
926,24.977 ,5.14204e-05 ,-0.00278079 
927,25.004 ,5.11672e-05 ,-0.00277651 
928,25.031 ,5.09175e-05 ,-0.00277222 
929,25.0579 ,5.06713e-05 ,-0.00276791 
930,25.0849 ,5.04286e-05 ,-0.00276359 
931,25.1119 ,5.01894e-05 ,-0.00275926 
932,25.1389 ,4.99536e-05 ,-0.00275491 
933,25.1658 ,4.97212e-05 ,-0.00275055 
934,25.1928 ,4.94922e-05 ,-0.00274617 
935,25.2198 ,4.92666e-05 ,-0.00274178 
936,25.2468 ,4.90443e-05 ,-0.00273737 
937,25.2737 ,4.88253e-05 ,-0.00273295 
938,25.3007 ,4.86097e-05 ,-0.00272852 
939,25.3277 ,4.83973e-05 ,-0.00272407 
940,25.3546 ,4.81883e-05 ,-0.00271961 
941,25.3816 ,4.79824e-05 ,-0.00271513 
942,25.4086 ,4.77798e-05 ,-0.00271064 
943,25.4356 ,4.75804e-05 ,-0.00270613 
944,25.4625 ,4.73842e-05 ,-0.00270162 
945,25.4895 ,4.71912e-05 ,-0.00269708 
946,25.5165 ,4.70013e-05 ,-0.00269254 
947,25.5435 ,4.68146e-05 ,-0.00268798 
948,25.5704 ,4.6631e-05 ,-0.0026834 
949,25.5974 ,4.64504e-05 ,-0.00267881 
950,25.6244 ,4.6273e-05 ,-0.00267421 
951,25.6514 ,4.60986e-05 ,-0.0026696 
952,25.6783 ,4.59273e-05 ,-0.00266497 
953,25.7053 ,4.5759e-05 ,-0.00266032 
954,25.7323 ,4.55937e-05 ,-0.00265566 
955,25.7592 ,4.54314e-05 ,-0.00265099 
956,25.7862 ,4.52721e-05 ,-0.00264631 
957,25.8132 ,4.51158e-05 ,-0.00264161 
958,25.8402 ,4.49624e-05 ,-0.0026369 
959,25.8671 ,4.48119e-05 ,-0.00263217 
960,25.8941 ,4.46644e-05 ,-0.00262743 
961,25.9211 ,4.45198e-05 ,-0.00262268 
962,25.9481 ,4.4378e-05 ,-0.00261791 
963,25.975 ,4.42391e-05 ,-0.00261313 
964,26.002 ,4.41031e-05 ,-0.00260833 
965,26.029 ,4.397e-05 ,-0.00260352 
966,26.0559 ,4.38396e-05 ,-0.0025987 
967,26.0829 ,4.37121e-05 ,-0.00259387 
968,26.1099 ,4.35874e-05 ,-0.00258902 
969,26.1369 ,4.34655e-05 ,-0.00258415 
970,26.1638 ,4.33463e-05 ,-0.00257928 
971,26.1908 ,4.32299e-05 ,-0.00257438 
972,26.2178 ,4.31163e-05 ,-0.00256948 
973,26.2448 ,4.30054e-05 ,-0.00256456 
974,26.2717 ,4.28972e-05 ,-0.00255963 
975,26.2987 ,4.27918e-05 ,-0.00255468 
976,26.3257 ,4.2689e-05 ,-0.00254972 
977,26.3526 ,4.2589e-05 ,-0.00254475 
978,26.3796 ,4.24916e-05 ,-0.00253976 
979,26.4066 ,4.23969e-05 ,-0.00253476 
980,26.4336 ,4.23048e-05 ,-0.00252975 
981,26.4605 ,4.22154e-05 ,-0.00252472 
982,26.4875 ,4.21286e-05 ,-0.00251968 
983,26.5145 ,4.20445e-05 ,-0.00251462 
984,26.5415 ,4.19629e-05 ,-0.00250955 
985,26.5684 ,4.1884e-05 ,-0.00250447 
986,26.5954 ,4.18076e-05 ,-0.00249937 
987,26.6224 ,4.17338e-05 ,-0.00249426 
988,26.6494 ,4.16626e-05 ,-0.00248914 
989,26.6763 ,4.1594e-05 ,-0.002484 
990,26.7033 ,4.15279e-05 ,-0.00247885 
991,26.7303 ,4.14643e-05 ,-0.00247368 
992,26.7572 ,4.14033e-05 ,-0.0024685 
993,26.7842 ,4.13448e-05 ,-0.00246331 
994,26.8112 ,4.12889e-05 ,-0.0024581 
995,26.8382 ,4.12354e-05 ,-0.00245288 
996,26.8651 ,4.11844e-05 ,-0.00244764 
997,26.8921 ,4.1136e-05 ,-0.00244239 
998,26.9191 ,4.109e-05 ,-0.00243713 
999,26.9461 ,4.10465e-05 ,-0.00243185 
1000,26.973 ,4.10054e-05 ,-0.00242656 