
1,0.01 ,2.49704e-17 
2,0.02999 ,7.33316e-17 
3,0.04998 ,4.40622e-16 
4,0.06997 ,-1.63214e-16 
5,0.08996 ,4.43384e-18 
6,0.10995 ,-7.09656e-16 
7,0.12994 ,-2.28725e-15 
8,0.14993 ,-1.44587e-15 
9,0.16992 ,-5.10275e-17 
10,0.18991 ,2.54547e-15 
11,0.2099 ,2.01591e-15 
12,0.22989 ,2.82063e-15 
13,0.24988 ,-4.1012e-16 
14,0.26987 ,1.28091e-15 
15,0.28986 ,9.97807e-16 
16,0.30985 ,1.57948e-15 
17,0.32984 ,2.60121e-15 
18,0.34983 ,1.70344e-15 
19,0.36982 ,1.76961e-15 
20,0.38981 ,1.95046e-17 
21,0.4098 ,-1.0171e-15 
22,0.42979 ,-1.29894e-15 
23,0.44978 ,-1.7198e-15 
24,0.46977 ,-2.20681e-15 
25,0.48976 ,-3.28172e-15 
26,0.50975 ,-2.54147e-15 
27,0.52974 ,-4.06839e-15 
28,0.54973 ,-3.85518e-15 
29,0.56972 ,-2.42637e-15 
30,0.58971 ,-1.47552e-15 
31,0.6097 ,3.42463e-16 
32,0.62969 ,5.12052e-16 
33,0.64968 ,-1.63023e-16 
34,0.66967 ,6.27214e-16 
35,0.68966 ,-8.79784e-16 
36,0.70965 ,1.64197e-15 
37,0.72964 ,1.50542e-15 
38,0.74963 ,1.49355e-15 
39,0.76962 ,7.23972e-16 
40,0.78961 ,1.26334e-15 
41,0.8096 ,2.32916e-15 
42,0.82959 ,1.82054e-15 
43,0.84958 ,-1.8689e-15 
44,0.86957 ,-8.23959e-16 
45,0.88956 ,-3.38633e-16 
46,0.90955 ,3.33402e-16 
47,0.92954 ,5.33701e-16 
48,0.94953 ,-3.71826e-16 
49,0.96952 ,6.86235e-16 
50,0.98951 ,1.30785e-15 
51,1.0095 ,1.67819e-15 
52,1.02949 ,1.84776e-15 
53,1.04948 ,1.98325e-15 
54,1.06947 ,1.51232e-15 
55,1.08946 ,5.49269e-16 
56,1.10945 ,1.36141e-15 
57,1.12944 ,1.66257e-15 
58,1.14943 ,9.99659e-16 
59,1.16942 ,-6.98043e-16 
60,1.18941 ,-2.95824e-17 
61,1.2094 ,-2.91997e-15 
62,1.22939 ,-2.69973e-15 
63,1.24938 ,-6.09017e-16 
64,1.26937 ,-2.57876e-15 
65,1.28936 ,-3.65311e-15 
66,1.30935 ,-8.95889e-16 
67,1.32934 ,-3.6935e-15 
68,1.34933 ,-1.66736e-15 
69,1.36932 ,-1.23169e-15 
70,1.38931 ,-8.5736e-17 
71,1.4093 ,2.10303e-15 
72,1.42929 ,1.99602e-15 
73,1.44928 ,2.63737e-17 
74,1.46927 ,-1.52328e-16 
75,1.48926 ,-8.06144e-16 
76,1.50925 ,2.26782e-15 
77,1.52924 ,2.40235e-15 
78,1.54923 ,3.1214e-15 
79,1.56922 ,2.49584e-15 
80,1.58921 ,3.21829e-15 
81,1.6092 ,3.26807e-15 
82,1.62919 ,1.01467e-15 
83,1.64918 ,4.91186e-16 
84,1.66917 ,-3.31102e-16 
85,1.68916 ,-1.29918e-15 
86,1.70915 ,2.67986e-16 
87,1.72914 ,-6.6033e-16 
88,1.74913 ,-1.08168e-15 
89,1.76912 ,-3.13871e-15 
90,1.78911 ,-1.09603e-15 
91,1.8091 ,2.518e-19 
92,1.82909 ,-1.55869e-15 
93,1.84908 ,-7.82837e-16 
94,1.86907 ,-1.74783e-16 
95,1.88906 ,-2.40726e-15 
96,1.90905 ,-1.50458e-15 
97,1.92904 ,-2.67177e-15 
98,1.94903 ,-2.91359e-15 
99,1.96902 ,-1.83643e-15 
100,1.98901 ,1.04997e-16 
101,2.009 ,-4.4814e-16 
102,2.02899 ,1.68572e-15 
103,2.04898 ,9.25489e-16 
104,2.06897 ,1.42874e-16 
105,2.08896 ,1.04044e-15 
106,2.10895 ,2.8144e-15 
107,2.12894 ,5.70441e-16 
108,2.14893 ,1.41085e-15 
109,2.16892 ,1.45058e-15 
110,2.18891 ,7.00568e-16 
111,2.2089 ,1.84176e-15 
112,2.22889 ,2.39078e-15 
113,2.24888 ,1.13451e-15 
114,2.26887 ,1.81567e-15 
115,2.28886 ,8.31135e-16 
116,2.30885 ,-4.36094e-16 
117,2.32884 ,2.74218e-16 
118,2.34883 ,-1.41014e-15 
119,2.36882 ,-6.40387e-16 
120,2.38881 ,-2.07521e-15 
121,2.4088 ,-1.44472e-15 
122,2.42879 ,-1.91229e-15 
123,2.44878 ,-1.97065e-15 
124,2.46877 ,5.85119e-16 
125,2.48876 ,1.64263e-15 
126,2.50875 ,9.36264e-16 
127,2.52874 ,-1.19263e-15 
128,2.54873 ,-5.56649e-16 
129,2.56872 ,-7.79725e-16 
130,2.58871 ,1.59095e-18 
131,2.6087 ,1.39742e-15 
132,2.62869 ,-3.54176e-16 
133,2.64868 ,-6.86558e-16 
134,2.66867 ,-1.95379e-15 
135,2.68866 ,-3.91339e-15 
136,2.70865 ,-1.89516e-15 
137,2.72864 ,-4.0737e-16 
138,2.74863 ,-6.10671e-16 
139,2.76862 ,-1.74256e-16 
140,2.78861 ,-1.90516e-15 
141,2.8086 ,-1.60164e-15 
142,2.82859 ,-3.00223e-15 
143,2.84858 ,-1.62944e-15 
144,2.86857 ,-2.12826e-15 
145,2.88856 ,-1.36187e-15 
146,2.90855 ,-2.35971e-16 
147,2.92854 ,-1.74994e-15 
148,2.94853 ,-1.08507e-15 
149,2.96852 ,1.65737e-15 
150,2.98851 ,2.74383e-15 
151,3.0085 ,1.75471e-15 
152,3.02849 ,3.00705e-15 
153,3.04848 ,1.02317e-15 
154,3.06847 ,1.46336e-15 
155,3.08846 ,1.9501e-15 
156,3.10845 ,7.49998e-16 
157,3.12844 ,9.85293e-16 
158,3.14843 ,-2.0547e-15 
159,3.16842 ,-5.75394e-16 
160,3.18841 ,-6.07924e-16 
161,3.2084 ,-1.98755e-15 
162,3.22839 ,-2.91277e-15 
163,3.24838 ,-2.82693e-15 
164,3.26837 ,-4.13837e-15 
165,3.28836 ,-1.9879e-15 
166,3.30835 ,-2.21207e-15 
167,3.32834 ,-1.8871e-15 
168,3.34833 ,-2.12436e-15 
169,3.36832 ,-2.13886e-15 
170,3.38831 ,6.25331e-16 
171,3.4083 ,5.91802e-16 
172,3.42829 ,2.65857e-16 
173,3.44828 ,-1.96095e-15 
174,3.46827 ,-3.74481e-16 
175,3.48826 ,1.27762e-16 
176,3.50825 ,-1.97179e-16 
177,3.52824 ,7.95415e-16 
178,3.54823 ,-1.95576e-16 
179,3.56822 ,7.34206e-16 
180,3.58821 ,1.5366e-15 
181,3.6082 ,2.54072e-15 
182,3.62819 ,3.7081e-16 
183,3.64818 ,3.96458e-16 
184,3.66817 ,-7.87289e-16 
185,3.68816 ,-3.77524e-16 
186,3.70815 ,8.46506e-16 
187,3.72814 ,5.42951e-16 
188,3.74813 ,2.83256e-15 
189,3.76812 ,1.3112e-15 
190,3.78811 ,1.34288e-15 
191,3.8081 ,7.14678e-16 
192,3.82809 ,2.90915e-15 
193,3.84808 ,1.05473e-15 
194,3.86807 ,-1.64228e-15 
195,3.88806 ,-2.78084e-15 
196,3.90805 ,-4.74516e-15 
197,3.92804 ,-3.24994e-15 
198,3.94803 ,-1.5997e-15 
199,3.96802 ,-1.47559e-15 
200,3.98801 ,-2.1561e-16 
201,4.008 ,-2.66611e-16 
202,4.02799 ,-7.54189e-16 
203,4.04798 ,-4.2154e-16 
204,4.06797 ,-7.04352e-16 
205,4.08796 ,1.0419e-15 
206,4.10795 ,2.14628e-15 
207,4.12794 ,1.89784e-15 
208,4.14793 ,6.49038e-16 
209,4.16792 ,-1.33549e-15 
210,4.18791 ,-2.54693e-15 
211,4.2079 ,6.18941e-17 
212,4.22789 ,1.41144e-15 
213,4.24788 ,1.40193e-15 
214,4.26787 ,1.22433e-15 
215,4.28786 ,9.08411e-16 
216,4.30785 ,1.50506e-15 
217,4.32784 ,-2.56408e-15 
218,4.34783 ,-2.37166e-15 
219,4.36782 ,-1.1532e-15 
220,4.38781 ,-1.45602e-15 
221,4.4078 ,-1.46784e-15 
222,4.42779 ,2.27912e-16 
223,4.44778 ,-1.22711e-15 
224,4.46777 ,6.80576e-16 
225,4.48776 ,-1.21415e-18 
226,4.50775 ,-2.69362e-16 
227,4.52774 ,1.07846e-15 
228,4.54773 ,3.91493e-16 
229,4.56772 ,-5.31271e-16 
230,4.58771 ,1.06292e-15 
231,4.6077 ,-4.57934e-17 
232,4.62769 ,3.13736e-16 
233,4.64768 ,1.49234e-15 
234,4.66767 ,2.28426e-15 
235,4.68766 ,1.78789e-15 
236,4.70765 ,-1.54614e-16 
237,4.72764 ,2.5382e-16 
238,4.74763 ,-1.91557e-15 
239,4.76762 ,4.66318e-16 
240,4.78761 ,2.64225e-16 
241,4.8076 ,2.21647e-15 
242,4.82759 ,-1.5829e-16 
243,4.84758 ,-1.85581e-16 
244,4.86757 ,6.09556e-17 
245,4.88756 ,-4.68491e-16 
246,4.90755 ,1.12171e-16 
247,4.92754 ,2.10668e-16 
248,4.94753 ,9.34478e-16 
249,4.96752 ,7.96175e-16 
250,4.98751 ,-3.47055e-16 
251,5.0075 ,1.26089e-15 
252,5.02749 ,-6.4502e-17 
253,5.04748 ,-2.6076e-16 
254,5.06747 ,4.54141e-16 
255,5.08746 ,2.04233e-16 
256,5.10745 ,2.82582e-16 
257,5.12744 ,1.54964e-15 
258,5.14743 ,-1.07377e-15 
259,5.16742 ,7.17105e-16 
260,5.18741 ,2.95892e-15 
261,5.2074 ,2.8371e-15 
262,5.22739 ,9.9984e-16 
263,5.24738 ,1.71528e-15 
264,5.26737 ,6.09308e-17 
265,5.28736 ,-2.28996e-16 
266,5.30735 ,-1.02993e-15 
267,5.32734 ,-9.24356e-16 
268,5.34733 ,2.17122e-15 
269,5.36732 ,1.61509e-15 
270,5.38731 ,2.90079e-15 
271,5.4073 ,2.76405e-15 
272,5.42729 ,9.18183e-16 
273,5.44728 ,-1.04109e-15 
274,5.46727 ,-2.46506e-18 
275,5.48726 ,-1.58767e-15 
276,5.50725 ,5.20543e-16 
277,5.52724 ,-1.99202e-15 
278,5.54723 ,-1.60273e-15 
279,5.56722 ,-7.38513e-16 
280,5.58721 ,-1.13288e-15 
281,5.6072 ,-1.05763e-15 
282,5.62719 ,-4.61092e-16 
283,5.64718 ,1.28197e-15 
284,5.66717 ,-7.7104e-18 
285,5.68716 ,1.66666e-15 
286,5.70715 ,3.84636e-15 
287,5.72714 ,3.23789e-16 
288,5.74713 ,1.17449e-15 
289,5.76712 ,2.18945e-15 
290,5.78711 ,8.74887e-16 
291,5.8071 ,1.10302e-15 
292,5.82709 ,1.39381e-15 
293,5.84708 ,-1.09479e-15 
294,5.86707 ,-5.954e-16 
295,5.88706 ,-2.61137e-17 
296,5.90705 ,-3.14584e-16 
297,5.92704 ,1.22173e-15 
298,5.94703 ,2.45304e-16 
299,5.96702 ,-5.93569e-16 
300,5.98701 ,-1.55304e-16 
301,6.007 ,6.88068e-16 
302,6.02699 ,2.66482e-15 
303,6.04698 ,-9.72122e-17 
304,6.06697 ,1.42721e-16 
305,6.08696 ,-1.88786e-15 
306,6.10695 ,-1.44512e-15 
307,6.12694 ,5.85631e-16 
308,6.14693 ,8.87833e-16 
309,6.16692 ,1.13718e-15 
310,6.18691 ,1.81223e-16 
311,6.2069 ,-1.05624e-15 
312,6.22689 ,3.8828e-16 
313,6.24688 ,2.98725e-16 
314,6.26687 ,1.16428e-15 
315,6.28686 ,3.40492e-16 
316,6.30685 ,-9.06784e-16 
317,6.32684 ,-2.08963e-15 
318,6.34683 ,-2.05276e-16 
319,6.36682 ,2.47022e-16 
320,6.38681 ,3.60574e-15 
321,6.4068 ,2.75591e-15 
322,6.42679 ,2.51712e-16 
323,6.44678 ,8.72173e-16 
324,6.46677 ,3.77453e-16 
325,6.48676 ,8.38432e-16 
326,6.50675 ,1.00737e-15 
327,6.52674 ,2.62064e-15 
328,6.54673 ,7.30097e-16 
329,6.56672 ,8.98994e-16 
330,6.58671 ,6.21237e-17 
331,6.6067 ,-3.87982e-15 
332,6.62669 ,-3.83879e-15 
333,6.64668 ,-1.75282e-15 
334,6.66667 ,-1.78829e-15 
335,6.68666 ,-1.69404e-15 
336,6.70665 ,-7.36364e-17 
337,6.72664 ,2.1148e-16 
338,6.74663 ,-4.42468e-16 
339,6.76662 ,4.44054e-16 
340,6.78661 ,2.18336e-15 
341,6.8066 ,-1.11091e-16 
342,6.82659 ,3.41817e-16 
343,6.84658 ,-4.68855e-16 
344,6.86657 ,3.03551e-16 
345,6.88656 ,1.85196e-15 
346,6.90655 ,2.92035e-15 
347,6.92654 ,3.93811e-16 
348,6.94653 ,-6.55904e-16 
349,6.96652 ,-1.40912e-15 
350,6.98651 ,5.18561e-16 
351,7.0065 ,-3.79695e-16 
352,7.02649 ,-3.47714e-17 
353,7.04648 ,2.71299e-17 
354,7.06647 ,-2.2136e-16 
355,7.08646 ,-3.5258e-16 
356,7.10645 ,1.38051e-15 
357,7.12644 ,-4.80921e-16 
358,7.14643 ,-2.85114e-16 
359,7.16642 ,-2.69715e-16 
360,7.18641 ,-1.45442e-15 
361,7.2064 ,-1.63279e-15 
362,7.22639 ,-5.49575e-16 
363,7.24638 ,-1.29414e-15 
364,7.26637 ,-1.65868e-15 
365,7.28636 ,-2.14342e-15 
366,7.30635 ,-1.40884e-15 
367,7.32634 ,-9.94169e-16 
368,7.34633 ,2.15809e-16 
369,7.36632 ,2.59725e-16 
370,7.38631 ,-8.73661e-16 
371,7.4063 ,-9.44682e-16 
372,7.42629 ,-1.84974e-15 
373,7.44628 ,7.16846e-16 
374,7.46627 ,5.0376e-17 
375,7.48626 ,1.81351e-15 
376,7.50625 ,1.14707e-15 
377,7.52624 ,-1.63039e-15 
378,7.54623 ,-5.97832e-16 
379,7.56622 ,1.25512e-15 
380,7.58621 ,2.75609e-15 
381,7.6062 ,2.31979e-15 
382,7.62619 ,2.65457e-15 
383,7.64618 ,1.95239e-15 
384,7.66617 ,2.57241e-15 
385,7.68616 ,3.47838e-15 
386,7.70615 ,3.72347e-15 
387,7.72614 ,1.99164e-15 
388,7.74613 ,-9.15178e-16 
389,7.76612 ,-7.67336e-16 
390,7.78611 ,2.21225e-15 
391,7.8061 ,4.45376e-16 
392,7.82609 ,-7.45904e-17 
393,7.84608 ,-1.51573e-15 
394,7.86607 ,-2.5921e-15 
395,7.88606 ,-2.39422e-15 
396,7.90605 ,-8.38025e-16 
397,7.92604 ,-7.29297e-16 
398,7.94603 ,-1.49461e-15 
399,7.96602 ,-1.96662e-15 
400,7.98601 ,-1.06731e-15 
401,8.006 ,-7.90209e-16 
402,8.02599 ,2.0923e-15 
403,8.04598 ,1.46906e-15 
404,8.06597 ,2.40761e-15 
405,8.08596 ,2.20145e-15 
406,8.10595 ,6.74538e-16 
407,8.12594 ,-2.09718e-16 
408,8.14593 ,-3.87039e-16 
409,8.16592 ,7.6265e-16 
410,8.18591 ,-9.20696e-16 
411,8.2059 ,-5.54012e-16 
412,8.22589 ,-1.73928e-15 
413,8.24588 ,-1.42696e-15 
414,8.26587 ,-1.89673e-15 
415,8.28586 ,-1.3787e-15 
416,8.30585 ,3.83284e-16 
417,8.32584 ,4.55072e-16 
418,8.34583 ,-1.48009e-15 
419,8.36582 ,1.92571e-15 
420,8.38581 ,2.33147e-15 
421,8.4058 ,3.59299e-15 
422,8.42579 ,3.30755e-15 
423,8.44578 ,5.0317e-15 
424,8.46577 ,3.50126e-15 
425,8.48576 ,3.3275e-15 
426,8.50575 ,2.3987e-15 
427,8.52574 ,-2.21502e-15 
428,8.54573 ,-2.34527e-15 
429,8.56572 ,-2.73629e-15 
430,8.58571 ,-4.81705e-15 
431,8.6057 ,-5.09835e-15 
432,8.62569 ,-4.22186e-15 
433,8.64568 ,-3.90991e-15 
434,8.66567 ,-2.68515e-15 
435,8.68566 ,-1.51317e-15 
436,8.70565 ,5.52024e-16 
437,8.72564 ,3.68264e-15 
438,8.74563 ,2.58747e-15 
439,8.76562 ,8.59622e-16 
440,8.78561 ,1.73076e-15 
441,8.8056 ,-2.73626e-16 
442,8.82559 ,1.43339e-15 
443,8.84558 ,-2.81776e-16 
444,8.86557 ,-1.89563e-15 
445,8.88556 ,-5.70826e-16 
446,8.90555 ,-2.82199e-16 
447,8.92554 ,2.0516e-16 
448,8.94553 ,-2.0397e-15 
449,8.96552 ,-2.09334e-17 
450,8.98551 ,-1.62571e-15 
451,9.0055 ,-3.38549e-16 
452,9.02549 ,-7.05902e-16 
453,9.04548 ,-1.76711e-15 
454,9.06547 ,1.05655e-15 
455,9.08546 ,-1.14175e-16 
456,9.10545 ,2.52093e-15 
457,9.12544 ,3.19676e-15 
458,9.14543 ,9.68042e-16 
459,9.16542 ,2.32136e-15 
460,9.18541 ,9.24325e-16 
461,9.2054 ,-5.98541e-16 
462,9.22539 ,7.73507e-16 
463,9.24538 ,-1.25801e-15 
464,9.26537 ,-3.8691e-16 
465,9.28536 ,-1.42224e-15 
466,9.30535 ,-2.8422e-15 
467,9.32534 ,-2.37855e-15 
468,9.34533 ,-4.40016e-16 
469,9.36532 ,-1.86584e-15 
470,9.38531 ,-2.63547e-15 
471,9.4053 ,-6.49386e-16 
472,9.42529 ,-1.57726e-15 
473,9.44528 ,-3.10225e-17 
474,9.46527 ,-7.37669e-16 
475,9.48526 ,-1.80317e-15 
476,9.50525 ,-2.79224e-15 
477,9.52524 ,-3.25597e-16 
478,9.54523 ,1.39953e-15 
479,9.56522 ,9.63426e-16 
480,9.58521 ,-2.37268e-15 
481,9.6052 ,-2.04725e-15 
482,9.62519 ,-3.67979e-15 
483,9.64518 ,-2.73754e-15 
484,9.66517 ,9.15644e-16 
485,9.68516 ,7.19613e-16 
486,9.70515 ,2.89552e-15 
487,9.72514 ,-1.55027e-16 
488,9.74513 ,3.27324e-16 
489,9.76512 ,-7.03905e-16 
490,9.78511 ,3.50544e-16 
491,9.8051 ,-1.16086e-16 
492,9.82509 ,9.56684e-16 
493,9.84508 ,6.06547e-16 
494,9.86507 ,1.57708e-15 
495,9.88506 ,2.59096e-15 
496,9.90505 ,1.65341e-15 
497,9.92504 ,3.2205e-16 
498,9.94503 ,-1.10925e-15 
499,9.96502 ,-8.8069e-16 
500,9.98501 ,-2.17933e-15 
501,10.005 ,-2.52719e-15 
502,10.025 ,-4.39474e-16 
503,10.045 ,3.95236e-16 
504,10.065 ,-5.20756e-17 
505,10.085 ,1.46874e-15 
506,10.1049 ,-6.21592e-16 
507,10.1249 ,-6.87754e-16 
508,10.1449 ,1.26716e-15 
509,10.1649 ,3.05354e-16 
510,10.1849 ,4.68142e-16 
511,10.2049 ,8.36277e-16 
512,10.2249 ,1.33412e-15 
513,10.2449 ,1.22666e-15 
514,10.2649 ,1.31236e-15 
515,10.2849 ,1.56115e-15 
516,10.3048 ,4.61204e-16 
517,10.3248 ,7.71087e-16 
518,10.3448 ,1.01223e-15 
519,10.3648 ,9.27877e-16 
520,10.3848 ,9.40671e-16 
521,10.4048 ,1.30461e-15 
522,10.4248 ,1.41747e-15 
523,10.4448 ,1.62741e-15 
524,10.4648 ,2.85784e-16 
525,10.4848 ,-3.24787e-16 
526,10.5047 ,-2.33914e-15 
527,10.5247 ,-9.52394e-16 
528,10.5447 ,-7.68295e-16 
529,10.5647 ,-1.62703e-15 
530,10.5847 ,-5.15741e-16 
531,10.6047 ,-2.6118e-15 
532,10.6247 ,-9.6485e-16 
533,10.6447 ,2.21502e-16 
534,10.6647 ,3.14751e-16 
535,10.6847 ,-1.51912e-15 
536,10.7046 ,-8.17013e-16 
537,10.7246 ,1.91064e-15 
538,10.7446 ,-8.92283e-16 
539,10.7646 ,3.12201e-16 
540,10.7846 ,-2.15096e-16 
541,10.8046 ,-1.09133e-15 
542,10.8246 ,-1.19057e-15 
543,10.8446 ,-4.26523e-16 
544,10.8646 ,8.65931e-16 
545,10.8846 ,2.84435e-15 
546,10.9045 ,1.38583e-15 
547,10.9245 ,2.55091e-15 
548,10.9445 ,1.91454e-15 
549,10.9645 ,7.5686e-16 
550,10.9845 ,1.99459e-15 
551,11.0045 ,-1.76291e-16 
552,11.0245 ,8.06935e-16 
553,11.0445 ,5.01059e-16 
554,11.0645 ,4.03458e-17 
555,11.0845 ,-2.21033e-15 
556,11.1044 ,-4.83334e-16 
557,11.1244 ,-2.56841e-15 
558,11.1444 ,-1.05968e-15 
559,11.1644 ,1.15951e-15 
560,11.1844 ,2.77386e-16 
561,11.2044 ,2.40713e-15 
562,11.2244 ,9.66184e-16 
563,11.2444 ,5.05571e-16 
564,11.2644 ,-9.3732e-17 
565,11.2844 ,-7.37066e-16 
566,11.3043 ,9.53502e-16 
567,11.3243 ,7.32223e-16 
568,11.3443 ,2.4538e-15 
569,11.3643 ,2.09061e-15 
570,11.3843 ,1.54508e-15 
571,11.4043 ,-1.05332e-15 
572,11.4243 ,-8.12202e-16 
573,11.4443 ,-6.99559e-16 
574,11.4643 ,-1.64378e-15 
575,11.4843 ,2.95606e-16 
576,11.5042 ,1.05286e-16 
577,11.5242 ,-2.0564e-15 
578,11.5442 ,9.82851e-16 
579,11.5642 ,-1.00705e-15 
580,11.5842 ,5.05731e-16 
581,11.6042 ,9.69276e-16 
582,11.6242 ,1.00509e-15 
583,11.6442 ,1.84342e-16 
584,11.6642 ,-3.51916e-16 
585,11.6842 ,1.30158e-15 
586,11.7041 ,2.05945e-15 
587,11.7241 ,2.97233e-16 
588,11.7441 ,-9.09746e-16 
589,11.7641 ,-1.80781e-15 
590,11.7841 ,-6.49737e-16 
591,11.8041 ,-8.33665e-16 
592,11.8241 ,-1.99217e-16 
593,11.8441 ,6.46717e-16 
594,11.8641 ,1.22686e-16 
595,11.8841 ,-4.14512e-16 
596,11.904 ,-2.58581e-16 
597,11.924 ,-1.41198e-15 
598,11.944 ,-8.39669e-16 
599,11.964 ,1.20657e-15 
600,11.984 ,1.76407e-15 
601,12.004 ,5.2951e-16 
602,12.024 ,4.51041e-16 
603,12.044 ,-9.81668e-16 
604,12.064 ,5.47369e-16 
605,12.084 ,3.84262e-16 
606,12.1039 ,4.06662e-16 
607,12.1239 ,-8.6833e-16 
608,12.1439 ,1.04211e-15 
609,12.1639 ,-4.95651e-16 
610,12.1839 ,1.83022e-15 
611,12.2039 ,2.65643e-15 
612,12.2239 ,9.51251e-16 
613,12.2439 ,1.38477e-15 
614,12.2639 ,3.49746e-16 
615,12.2839 ,-3.04477e-16 
616,12.3038 ,-1.76594e-16 
617,12.3238 ,-2.10947e-15 
618,12.3438 ,-1.10149e-15 
619,12.3638 ,-3.52334e-15 
620,12.3838 ,-2.11191e-15 
621,12.4038 ,-3.03451e-15 
622,12.4238 ,5.02686e-16 
623,12.4438 ,2.0425e-15 
624,12.4638 ,3.37996e-15 
625,12.4838 ,1.16578e-15 
626,12.5037 ,3.1064e-15 
627,12.5237 ,-4.32966e-17 
628,12.5437 ,2.07317e-15 
629,12.5637 ,1.47582e-15 
630,12.5837 ,2.81462e-15 
631,12.6037 ,2.44909e-15 
632,12.6237 ,1.40885e-15 
633,12.6437 ,-1.66953e-16 
634,12.6637 ,-5.28183e-16 
635,12.6837 ,-8.67548e-16 
636,12.7036 ,-8.55706e-16 
637,12.7236 ,1.96221e-15 
638,12.7436 ,-5.94674e-16 
639,12.7636 ,-8.71416e-16 
640,12.7836 ,-5.37257e-16 
641,12.8036 ,-1.67123e-15 
642,12.8236 ,-1.89934e-15 
643,12.8436 ,-2.74274e-15 
644,12.8636 ,-2.21848e-15 
645,12.8836 ,3.20703e-16 
646,12.9035 ,1.24571e-15 
647,12.9235 ,4.58732e-16 
648,12.9435 ,7.27019e-16 
649,12.9635 ,1.21135e-15 
650,12.9835 ,1.00576e-15 
651,13.0035 ,-2.57055e-16 
652,13.0235 ,-4.14928e-17 
653,13.0435 ,-7.63264e-16 
654,13.0635 ,-1.60561e-15 
655,13.0835 ,1.01458e-15 
656,13.1034 ,-9.33374e-16 
657,13.1234 ,-8.82058e-16 
658,13.1434 ,-1.64825e-15 
659,13.1634 ,-6.39117e-16 
660,13.1834 ,-8.66517e-16 
661,13.2034 ,6.02344e-16 
662,13.2234 ,3.91882e-16 
663,13.2434 ,7.52993e-16 
664,13.2634 ,3.65742e-15 
665,13.2834 ,2.15618e-15 
666,13.3033 ,2.20269e-15 
667,13.3233 ,2.76999e-16 
668,13.3433 ,7.84075e-16 
669,13.3633 ,-5.69982e-16 
670,13.3833 ,-5.24471e-16 
671,13.4033 ,-3.12265e-15 
672,13.4233 ,-4.58063e-15 
673,13.4433 ,-2.1544e-15 
674,13.4633 ,-8.78947e-16 
675,13.4833 ,-1.67377e-15 
676,13.5032 ,1.64533e-15 
677,13.5232 ,9.37572e-16 
678,13.5432 ,-4.77398e-16 
679,13.5632 ,7.26826e-16 
680,13.5832 ,2.32084e-15 
681,13.6032 ,2.15579e-15 
682,13.6232 ,8.39908e-16 
683,13.6432 ,-1.76594e-15 
684,13.6632 ,-3.98224e-15 
685,13.6832 ,-4.458e-15 
686,13.7031 ,-3.788e-15 
687,13.7231 ,-5.2506e-15 
688,13.7431 ,-4.56543e-15 
689,13.7631 ,-1.88649e-15 
690,13.7831 ,-1.30443e-15 
691,13.8031 ,2.646e-17 
692,13.8231 ,-6.47231e-16 
693,13.8431 ,-2.19731e-16 
694,13.8631 ,-4.31247e-17 
695,13.8831 ,1.73315e-16 
696,13.903 ,4.36949e-15 
697,13.923 ,5.42479e-15 
698,13.943 ,5.74333e-15 
699,13.963 ,2.96962e-15 
700,13.983 ,1.00171e-15 
701,14.003 ,-1.15537e-16 
702,14.023 ,-3.8124e-16 
703,14.043 ,-1.44297e-15 
704,14.063 ,-6.97536e-16 
705,14.083 ,-1.4753e-15 
706,14.1029 ,-1.91983e-15 
707,14.1229 ,-1.90421e-15 
708,14.1429 ,-1.08142e-15 
709,14.1629 ,-1.1465e-15 
710,14.1829 ,3.74473e-15 
711,14.2029 ,3.0353e-15 
712,14.2229 ,2.17246e-15 
713,14.2429 ,3.15587e-15 
714,14.2629 ,8.58231e-16 
715,14.2829 ,3.21897e-15 
716,14.3028 ,4.09524e-15 
717,14.3228 ,3.64468e-15 
718,14.3428 ,3.66303e-15 
719,14.3628 ,5.64677e-15 
720,14.3828 ,5.59645e-15 
721,14.4028 ,3.31606e-15 
722,14.4228 ,2.93779e-16 
723,14.4428 ,2.62234e-15 
724,14.4628 ,2.13377e-15 
725,14.4828 ,6.15901e-16 
726,14.5027 ,1.12017e-15 
727,14.5227 ,4.46311e-15 
728,14.5427 ,-8.03195e-17 
729,14.5627 ,-1.13502e-15 
730,14.5827 ,4.68491e-16 
731,14.6027 ,2.35489e-15 
732,14.6227 ,4.11646e-16 
733,14.6427 ,1.29904e-15 
734,14.6627 ,1.42044e-15 
735,14.6827 ,-8.60447e-16 
736,14.7026 ,-1.47828e-16 
737,14.7226 ,-2.14371e-15 
738,14.7426 ,1.43107e-15 
739,14.7626 ,8.04892e-16 
740,14.7826 ,5.8459e-15 
741,14.8026 ,3.96843e-15 
742,14.8226 ,2.64452e-15 
743,14.8426 ,-2.36227e-16 
744,14.8626 ,3.12722e-15 
745,14.8826 ,2.02008e-16 
746,14.9025 ,-8.08503e-16 
747,14.9225 ,-1.56497e-15 
748,14.9425 ,9.48205e-16 
749,14.9625 ,1.59986e-15 
750,14.9825 ,3.1554e-15 
751,15.0025 ,-1.49551e-15 
752,15.0225 ,2.3469e-15 
753,15.0425 ,9.52753e-16 
754,15.0625 ,1.03558e-15 
755,15.0825 ,8.77101e-16 
756,15.1024 ,-1.05502e-16 
757,15.1224 ,-1.64465e-15 
758,15.1424 ,1.07988e-15 
759,15.1624 ,2.34492e-15 
760,15.1824 ,2.66275e-15 
761,15.2024 ,-4.16829e-16 
762,15.2224 ,-3.38297e-15 
763,15.2424 ,-1.92419e-15 
764,15.2624 ,-1.43649e-15 
765,15.2824 ,-8.2281e-16 
766,15.3023 ,-7.68533e-16 
767,15.3223 ,-7.04133e-16 
768,15.3423 ,-1.13216e-15 
769,15.3623 ,-2.26511e-15 
770,15.3823 ,1.95034e-15 
771,15.4023 ,4.2121e-16 
772,15.4223 ,-1.77874e-15 
773,15.4423 ,-1.37779e-15 
774,15.4623 ,1.83547e-15 
775,15.4823 ,2.13563e-16 
776,15.5022 ,8.88748e-16 
777,15.5222 ,-4.02634e-16 
778,15.5422 ,2.95625e-16 
779,15.5622 ,-8.82475e-16 
780,15.5822 ,-5.86925e-16 
781,15.6022 ,-8.08431e-16 
782,15.6222 ,-1.72179e-15 
783,15.6422 ,4.87519e-16 
784,15.6622 ,1.9063e-15 
785,15.6822 ,1.59307e-15 
786,15.7021 ,1.56913e-15 
787,15.7221 ,4.79291e-16 
788,15.7421 ,1.49221e-16 
789,15.7621 ,-2.44302e-15 
790,15.7821 ,-1.12133e-15 
791,15.8021 ,-8.18168e-16 
792,15.8221 ,-1.30868e-15 
793,15.8421 ,-1.31883e-16 
794,15.8621 ,7.54703e-16 
795,15.8821 ,5.9246e-16 
796,15.902 ,-5.15233e-16 
797,15.922 ,-6.46665e-16 
798,15.942 ,-1.24574e-15 
799,15.962 ,-3.58796e-15 
800,15.982 ,-1.6891e-15 
801,16.002 ,-6.59744e-16 
802,16.022 ,2.1222e-15 
803,16.042 ,1.54712e-15 
804,16.062 ,-1.69295e-15 
805,16.082 ,-6.3298e-16 
806,16.1019 ,-7.11794e-16 
807,16.1219 ,1.01867e-15 
808,16.1419 ,-1.59073e-15 
809,16.1619 ,-9.38397e-17 
810,16.1819 ,3.88848e-16 
811,16.2019 ,-8.83447e-16 
812,16.2219 ,1.16222e-15 
813,16.2419 ,2.45739e-15 
814,16.2619 ,1.76743e-15 
815,16.2819 ,3.66474e-16 
816,16.3018 ,-8.37159e-16 
817,16.3218 ,-1.59923e-15 
818,16.3418 ,-8.68224e-16 
819,16.3618 ,-7.81214e-16 
820,16.3818 ,1.27425e-15 
821,16.4018 ,3.97785e-15 
822,16.4218 ,3.80718e-15 
823,16.4418 ,1.21551e-15 
824,16.4618 ,-2.92912e-15 
825,16.4818 ,-1.16457e-15 
826,16.5017 ,1.69175e-17 
827,16.5217 ,3.00434e-15 
828,16.5417 ,3.37841e-15 
829,16.5617 ,-7.65138e-17 
830,16.5817 ,-2.51669e-16 
831,16.6017 ,-2.03304e-16 
832,16.6217 ,-4.41929e-16 
833,16.6417 ,1.30288e-15 
834,16.6617 ,-4.98859e-17 
835,16.6817 ,-1.90327e-16 
836,16.7017 ,-4.48789e-16 
837,16.7216 ,1.45152e-15 
838,16.7416 ,1.88547e-15 
839,16.7616 ,-2.20765e-15 
840,16.7816 ,-3.6407e-15 
841,16.8016 ,-1.40363e-15 
842,16.8216 ,-1.11898e-15 
843,16.8416 ,-8.6646e-16 
844,16.8616 ,-1.90951e-16 
845,16.8816 ,-4.21364e-16 
846,16.9016 ,2.12205e-15 
847,16.9215 ,5.42337e-16 
848,16.9415 ,2.99416e-16 
849,16.9615 ,-2.89946e-15 
850,16.9815 ,1.54246e-15 
851,17.0015 ,3.946e-15 
852,17.0215 ,2.74797e-15 
853,17.0415 ,1.36768e-15 
854,17.0615 ,-1.74185e-15 
855,17.0815 ,-1.2169e-15 
856,17.1014 ,2.66675e-15 
857,17.1214 ,3.37833e-15 
858,17.1414 ,4.08502e-15 
859,17.1614 ,-6.01322e-16 
860,17.1814 ,-1.22524e-15 
861,17.2014 ,-1.57469e-15 
862,17.2214 ,-1.98269e-15 
863,17.2414 ,-4.87912e-16 
864,17.2614 ,1.45622e-15 
865,17.2814 ,1.33171e-15 
866,17.3013 ,-1.4745e-15 
867,17.3213 ,-9.22091e-16 
868,17.3413 ,1.75378e-16 
869,17.3613 ,-1.44374e-15 
870,17.3813 ,4.74927e-16 
871,17.4013 ,-6.76576e-16 
872,17.4213 ,-8.11603e-16 
873,17.4413 ,-4.52086e-15 
874,17.4613 ,-7.31248e-15 
875,17.4813 ,-4.1713e-15 
876,17.5012 ,6.12368e-16 
877,17.5212 ,4.66222e-15 
878,17.5412 ,4.59178e-15 
879,17.5612 ,1.92219e-15 
880,17.5812 ,4.21383e-15 
881,17.6012 ,1.15234e-15 
882,17.6212 ,1.60238e-15 
883,17.6412 ,-2.31626e-15 
884,17.6612 ,-6.61624e-16 
885,17.6812 ,-5.45955e-16 
886,17.7011 ,-2.82138e-16 
887,17.7211 ,1.97987e-15 
888,17.7411 ,-1.69966e-15 
889,17.7611 ,-3.01022e-17 
890,17.7811 ,-1.36219e-15 
891,17.8011 ,8.45276e-16 
892,17.8211 ,-7.74438e-16 
893,17.8411 ,-6.01425e-15 
894,17.8611 ,-1.73052e-16 
895,17.8811 ,5.05229e-15 
896,17.901 ,-2.2626e-15 
897,17.921 ,8.81367e-16 
898,17.941 ,-4.41067e-15 
899,17.961 ,-1.96748e-16 
900,17.981 ,9.9471e-16 
901,18.001 ,-5.87414e-16 
902,18.021 ,-6.77639e-16 
903,18.041 ,2.81516e-16 
904,18.061 ,3.70722e-16 
905,18.081 ,-1.99024e-15 
906,18.1009 ,8.04365e-16 
907,18.1209 ,2.3448e-15 
908,18.1409 ,2.3491e-15 
909,18.1609 ,-5.81947e-16 
910,18.1809 ,-2.90114e-15 
911,18.2009 ,-2.89254e-17 
912,18.2209 ,4.37947e-15 
913,18.2409 ,4.71601e-15 
914,18.2609 ,5.69112e-16 
915,18.2809 ,-2.73236e-15 
916,18.3009 ,-2.51015e-15 
917,18.3208 ,-9.65187e-16 
918,18.3408 ,-1.40096e-15 
919,18.3608 ,1.94992e-15 
920,18.3808 ,4.00773e-15 
921,18.4008 ,-1.97154e-15 
922,18.4208 ,2.53152e-16 
923,18.4408 ,-1.0858e-15 
924,18.4608 ,3.22982e-15 
925,18.4808 ,2.74509e-15 
926,18.5008 ,-3.76985e-15 
927,18.5207 ,-5.5818e-16 
928,18.5407 ,-8.96735e-16 
929,18.5607 ,-1.09726e-16 
930,18.5807 ,1.19291e-15 
931,18.6007 ,-1.63911e-15 
932,18.6207 ,-8.82674e-18 
933,18.6407 ,-3.15777e-15 
934,18.6607 ,1.23712e-15 
935,18.6807 ,-4.17786e-16 
936,18.7006 ,-1.72883e-15 
937,18.7206 ,-2.53867e-15 
938,18.7406 ,-6.20328e-16 
939,18.7606 ,-2.31616e-15 
940,18.7806 ,-2.37092e-15 
941,18.8006 ,-1.61172e-15 
942,18.8206 ,7.38415e-16 
943,18.8406 ,1.22643e-15 
944,18.8606 ,2.9328e-15 
945,18.8806 ,1.24399e-15 
946,18.9005 ,-3.44906e-15 
947,18.9205 ,-5.72532e-15 
948,18.9405 ,-4.07083e-15 
949,18.9605 ,-1.57483e-14 
950,18.9805 ,-2.63089e-14 
951,19.0005 ,-5.48621e-14 
952,19.0205 ,-1.09529e-13 
953,19.0405 ,-2.18264e-13 
954,19.0605 ,-4.19139e-13 
955,19.0805 ,-8.33816e-13 
956,19.1004 ,-1.64897e-12 
957,19.1204 ,-3.24805e-12 
958,19.1404 ,-6.4105e-12 
959,19.1604 ,-1.26578e-11 
960,19.1804 ,-2.49774e-11 
961,19.2004 ,-4.92944e-11 
962,19.2204 ,-9.72928e-11 
963,19.2404 ,-1.92019e-10 
964,19.2604 ,-3.7897e-10 
965,19.2804 ,-7.47947e-10 
966,19.3003 ,-1.47619e-09 
967,19.3203 ,-2.91346e-09 
968,19.3403 ,-5.75012e-09 
969,19.3603 ,-1.13487e-08 
970,19.3803 ,-2.23982e-08 
971,19.4003 ,-4.4206e-08 
972,19.4203 ,-8.72466e-08 
973,19.4403 ,-1.72193e-07 
974,19.4603 ,-3.39848e-07 
975,19.4803 ,-6.70737e-07 
976,19.5002 ,-1.32379e-06 
977,19.5202 ,-2.61269e-06 
978,19.5402 ,-5.15652e-06 
979,19.5602 ,-1.01771e-05 
980,19.5802 ,-2.0086e-05 
981,19.6002 ,-3.96424e-05 
982,19.6202 ,-7.82399e-05 
983,19.6402 ,-0.000154417 
984,19.6602 ,-0.000304765 
985,19.6802 ,-0.000601496 
986,19.7002 ,-0.00118714 
987,19.7201 ,-0.00234298 
988,19.7401 ,-0.0046242 
989,19.7601 ,-0.00912651 
990,19.7801 ,-0.0180125 
991,19.8001 ,-0.0355501 
992,19.8201 ,-0.0701631 
993,19.8401 ,-0.138477 
994,19.8601 ,-0.273304 
995,19.8801 ,-0.539403 
996,19.9001 ,-1.06459 
997,19.92 ,-2.10111 
998,19.94 ,-4.14685 
999,19.96 ,-8.18438 
1000,19.98 ,-16.3183 