
1,0.01 ,-6.57894e-10 
2,0.04998 ,-2.86968e-07 
3,0.08996 ,-2.98304e-06 
4,0.12994 ,-1.284e-05 
5,0.16992 ,-3.71115e-05 
6,0.2099 ,-8.53735e-05 
7,0.24988 ,-0.000169335 
8,0.28986 ,-0.000302638 
9,0.32984 ,-0.000500651 
10,0.36982 ,-0.000780255 
11,0.4098 ,-0.00115962 
12,0.44978 ,-0.00165798 
13,0.48976 ,-0.00229541 
14,0.52974 ,-0.00309259 
15,0.56972 ,-0.00407056 
16,0.6097 ,-0.00525054 
17,0.64968 ,-0.00665362 
18,0.68966 ,-0.00830061 
19,0.72964 ,-0.0102118 
20,0.76962 ,-0.0124067 
21,0.8096 ,-0.0149038 
22,0.84958 ,-0.0177207 
23,0.88956 ,-0.0208732 
24,0.92954 ,-0.0243761 
25,0.96952 ,-0.0282421 
26,1.0095 ,-0.0324821 
27,1.04948 ,-0.0371052 
28,1.08946 ,-0.0421181 
29,1.12944 ,-0.0475253 
30,1.16942 ,-0.0533292 
31,1.2094 ,-0.0595293 
32,1.24938 ,-0.0661228 
33,1.28936 ,-0.0731044 
34,1.32934 ,-0.0804659 
35,1.36932 ,-0.0881968 
36,1.4093 ,-0.0962835 
37,1.44928 ,-0.10471 
38,1.48926 ,-0.113458 
39,1.52924 ,-0.122505 
40,1.56922 ,-0.131828 
41,1.6092 ,-0.141401 
42,1.64918 ,-0.151195 
43,1.68916 ,-0.161179 
44,1.72914 ,-0.171319 
45,1.76912 ,-0.18158 
46,1.8091 ,-0.191925 
47,1.84908 ,-0.202316 
48,1.88906 ,-0.212711 
49,1.92904 ,-0.223069 
50,1.96902 ,-0.233347 
51,2.009 ,-0.2435 
52,2.04898 ,-0.253483 
53,2.08896 ,-0.263252 
54,2.12894 ,-0.272758 
55,2.16892 ,-0.281958 
56,2.2089 ,-0.290804 
57,2.24888 ,-0.29925 
58,2.28886 ,-0.307252 
59,2.32884 ,-0.314765 
60,2.36882 ,-0.321744 
61,2.4088 ,-0.328148 
62,2.44878 ,-0.333936 
63,2.48876 ,-0.339068 
64,2.52874 ,-0.343506 
65,2.56872 ,-0.347216 
66,2.6087 ,-0.350164 
67,2.64868 ,-0.352319 
68,2.68866 ,-0.353654 
69,2.72864 ,-0.354142 
70,2.76862 ,-0.353762 
71,2.8086 ,-0.352494 
72,2.84858 ,-0.350323 
73,2.88856 ,-0.347236 
74,2.92854 ,-0.343223 
75,2.96852 ,-0.33828 
76,3.0085 ,-0.332404 
77,3.04848 ,-0.325597 
78,3.08846 ,-0.317866 
79,3.12844 ,-0.309218 
80,3.16842 ,-0.299669 
81,3.2084 ,-0.289233 
82,3.24838 ,-0.277934 
83,3.28836 ,-0.265794 
84,3.32834 ,-0.252842 
85,3.36832 ,-0.23911 
86,3.4083 ,-0.224633 
87,3.44828 ,-0.20945 
88,3.48826 ,-0.193604 
89,3.52824 ,-0.177138 
90,3.56822 ,-0.160102 
91,3.6082 ,-0.142546 
92,3.64818 ,-0.124524 
93,3.68816 ,-0.106093 
94,3.72814 ,-0.0873099 
95,3.76812 ,-0.0682359 
96,3.8081 ,-0.0489332 
97,3.84808 ,-0.0294654 
98,3.88806 ,-0.00989767 
99,3.92804 ,0.00970371 
100,3.96802 ,0.0292718 
101,4.008 ,0.048739 
102,4.04798 ,0.0680375 
103,4.08796 ,0.0870995 
104,4.12794 ,0.105857 
105,4.16792 ,0.124244 
106,4.2079 ,0.142194 
107,4.24788 ,0.159641 
108,4.28786 ,0.176522 
109,4.32784 ,0.192775 
110,4.36782 ,0.208339 
111,4.4078 ,0.223157 
112,4.44778 ,0.237173 
113,4.48776 ,0.250333 
114,4.52774 ,0.262589 
115,4.56772 ,0.273892 
116,4.6077 ,0.284199 
117,4.64768 ,0.293469 
118,4.68766 ,0.301666 
119,4.72764 ,0.308758 
120,4.76762 ,0.314715 
121,4.8076 ,0.319514 
122,4.84758 ,0.323132 
123,4.88756 ,0.325555 
124,4.92754 ,0.326772 
125,4.96752 ,0.326774 
126,5.0075 ,0.32556 
127,5.04748 ,0.323131 
128,5.08746 ,0.319496 
129,5.12744 ,0.314664 
130,5.16742 ,0.308652 
131,5.2074 ,0.30148 
132,5.24738 ,0.293175 
133,5.28736 ,0.283764 
134,5.32734 ,0.273282 
135,5.36732 ,0.261767 
136,5.4073 ,0.249261 
137,5.44728 ,0.23581 
138,5.48726 ,0.221463 
139,5.52724 ,0.206275 
140,5.56722 ,0.190301 
141,5.6072 ,0.173603 
142,5.64718 ,0.156241 
143,5.68716 ,0.138283 
144,5.72714 ,0.119795 
145,5.76712 ,0.100849 
146,5.8071 ,0.0815167 
147,5.84708 ,0.0618711 
148,5.88706 ,0.0419879 
149,5.92704 ,0.0219432 
150,5.96702 ,0.00181399 
151,6.007 ,-0.0183222 
152,6.04698 ,-0.0383876 
153,6.08696 ,-0.0583049 
154,6.12694 ,-0.0779969 
155,6.16692 ,-0.0973872 
156,6.2069 ,-0.116401 
157,6.24688 ,-0.134963 
158,6.28686 ,-0.153003 
159,6.32684 ,-0.170448 
160,6.36682 ,-0.187233 
161,6.4068 ,-0.203289 
162,6.44678 ,-0.218555 
163,6.48676 ,-0.232971 
164,6.52674 ,-0.24648 
165,6.56672 ,-0.259029 
166,6.6067 ,-0.270568 
167,6.64668 ,-0.281052 
168,6.68666 ,-0.290438 
169,6.72664 ,-0.298691 
170,6.76662 ,-0.305776 
171,6.8066 ,-0.311666 
172,6.84658 ,-0.316336 
173,6.88656 ,-0.319769 
174,6.92654 ,-0.321949 
175,6.96652 ,-0.322868 
176,7.0065 ,-0.322522 
177,7.04648 ,-0.32091 
178,7.08646 ,-0.318039 
179,7.12644 ,-0.31392 
180,7.16642 ,-0.308569 
181,7.2064 ,-0.302005 
182,7.24638 ,-0.294253 
183,7.28636 ,-0.285345 
184,7.32634 ,-0.275315 
185,7.36632 ,-0.264201 
186,7.4063 ,-0.252047 
187,7.44628 ,-0.2389 
188,7.48626 ,-0.224812 
189,7.52624 ,-0.209839 
190,7.56622 ,-0.194038 
191,7.6062 ,-0.177472 
192,7.64618 ,-0.160205 
193,7.68616 ,-0.142307 
194,7.72614 ,-0.123847 
195,7.76612 ,-0.104897 
196,7.8061 ,-0.0855338 
197,7.84608 ,-0.0658323 
198,7.88606 ,-0.0458707 
199,7.92604 ,-0.0257277 
200,7.96602 ,-0.00548303 
201,8.006 ,0.0147833 
202,8.04598 ,0.0349912 
203,8.08596 ,0.0550607 
204,8.12594 ,0.0749121 
205,8.16592 ,0.094467 
206,8.2059 ,0.113648 
207,8.24588 ,0.132379 
208,8.28586 ,0.150585 
209,8.32584 ,0.168194 
210,8.36582 ,0.185137 
211,8.4058 ,0.201346 
212,8.44578 ,0.216757 
213,8.48576 ,0.231308 
214,8.52574 ,0.244941 
215,8.56572 ,0.257603 
216,8.6057 ,0.269243 
217,8.64568 ,0.279814 
218,8.68566 ,0.289274 
219,8.72564 ,0.297586 
220,8.76562 ,0.304717 
221,8.8056 ,0.310637 
222,8.84558 ,0.315324 
223,8.88556 ,0.318758 
224,8.92554 ,0.320925 
225,8.96552 ,0.321818 
226,9.0055 ,0.321431 
227,9.04548 ,0.319767 
228,9.08546 ,0.316832 
229,9.12544 ,0.312637 
230,9.16542 ,0.307199 
231,9.2054 ,0.300539 
232,9.24538 ,0.292684 
233,9.28536 ,0.283666 
234,9.32534 ,0.273518 
235,9.36532 ,0.262283 
236,9.4053 ,0.250004 
237,9.44528 ,0.23673 
238,9.48526 ,0.222514 
239,9.52524 ,0.207412 
240,9.56522 ,0.191485 
241,9.6052 ,0.174796 
242,9.64518 ,0.15741 
243,9.68516 ,0.139398 
244,9.72514 ,0.120831 
245,9.76512 ,0.101783 
246,9.8051 ,0.0823297 
247,9.84508 ,0.0625483 
248,9.88506 ,0.0425177 
249,9.92504 ,0.0223179 
250,9.96502 ,0.00202908 
251,10.005 ,-0.0182678 
252,10.045 ,-0.0384919 
253,10.085 ,-0.0585626 
254,10.1249 ,-0.0784 
255,10.1649 ,-0.0979249 
256,10.2049 ,-0.11706 
257,10.2449 ,-0.135728 
258,10.2849 ,-0.153855 
259,10.3248 ,-0.171369 
260,10.3648 ,-0.1882 
261,10.4048 ,-0.204281 
262,10.4448 ,-0.219548 
263,10.4848 ,-0.233939 
264,10.5247 ,-0.247398 
265,10.5647 ,-0.25987 
266,10.6047 ,-0.271307 
267,10.6447 ,-0.281661 
268,10.6847 ,-0.290893 
269,10.7246 ,-0.298965 
270,10.7646 ,-0.305844 
271,10.8046 ,-0.311505 
272,10.8446 ,-0.315922 
273,10.8846 ,-0.31908 
274,10.9245 ,-0.320966 
275,10.9645 ,-0.321572 
276,11.0045 ,-0.320895 
277,11.0445 ,-0.318938 
278,11.0845 ,-0.315709 
279,11.1244 ,-0.311221 
280,11.1644 ,-0.305492 
281,11.2044 ,-0.298544 
282,11.2444 ,-0.290406 
283,11.2844 ,-0.281109 
284,11.3243 ,-0.270691 
285,11.3643 ,-0.259193 
286,11.4043 ,-0.246661 
287,11.4443 ,-0.233145 
288,11.4843 ,-0.2187 
289,11.5242 ,-0.203382 
290,11.5642 ,-0.187252 
291,11.6042 ,-0.170376 
292,11.6442 ,-0.15282 
293,11.6842 ,-0.134654 
294,11.7241 ,-0.115951 
295,11.7641 ,-0.0967856 
296,11.8041 ,-0.0772341 
297,11.8441 ,-0.0573744 
298,11.8841 ,-0.0372859 
299,11.924 ,-0.0170486 
300,11.964 ,0.00325667 
301,12.004 ,0.023549 
302,12.044 ,0.0437473 
303,12.084 ,0.0637711 
304,12.1239 ,0.0835406 
305,12.1639 ,0.102977 
306,12.2039 ,0.122002 
307,12.2439 ,0.140541 
308,12.2839 ,0.158519 
309,12.3238 ,0.175864 
310,12.3638 ,0.192508 
311,12.4038 ,0.208384 
312,12.4438 ,0.223429 
313,12.4838 ,0.237583 
314,12.5237 ,0.250789 
315,12.5637 ,0.262994 
316,12.6037 ,0.27415 
317,12.6437 ,0.284213 
318,12.6837 ,0.293142 
319,12.7236 ,0.300901 
320,12.7636 ,0.307461 
321,12.8036 ,0.312794 
322,12.8436 ,0.316879 
323,12.8836 ,0.3197 
324,12.9235 ,0.321246 
325,12.9635 ,0.321511 
326,13.0035 ,0.320494 
327,13.0435 ,0.318198 
328,13.0835 ,0.314633 
329,13.1234 ,0.309813 
330,13.1634 ,0.303757 
331,13.2034 ,0.29649 
332,13.2434 ,0.288041 
333,13.2834 ,0.278442 
334,13.3233 ,0.267734 
335,13.3633 ,0.255957 
336,13.4033 ,0.24316 
337,13.4433 ,0.229393 
338,13.4833 ,0.214712 
339,13.5232 ,0.199174 
340,13.5632 ,0.182842 
341,13.6032 ,0.165781 
342,13.6432 ,0.148058 
343,13.6832 ,0.129746 
344,13.7231 ,0.110916 
345,13.7631 ,0.0916438 
346,13.8031 ,0.0720063 
347,13.8431 ,0.0520816 
348,13.8831 ,0.0319493 
349,13.923 ,0.0116897 
350,13.963 ,-0.00861663 
351,14.003 ,-0.0288886 
352,14.043 ,-0.0490453 
353,14.083 ,-0.0690066 
354,14.1229 ,-0.0886927 
355,14.1629 ,-0.108025 
356,14.2029 ,-0.126927 
357,14.2429 ,-0.145323 
358,14.2829 ,-0.16314 
359,14.3228 ,-0.180307 
360,14.3628 ,-0.196754 
361,14.4028 ,-0.212418 
362,14.4428 ,-0.227235 
363,14.4828 ,-0.241146 
364,14.5227 ,-0.254097 
365,14.5627 ,-0.266034 
366,14.6027 ,-0.276912 
367,14.6427 ,-0.286686 
368,14.6827 ,-0.295317 
369,14.7226 ,-0.302772 
370,14.7626 ,-0.30902 
371,14.8026 ,-0.314037 
372,14.8426 ,-0.317803 
373,14.8826 ,-0.320302 
374,14.9225 ,-0.321525 
375,14.9625 ,-0.321467 
376,15.0025 ,-0.320128 
377,15.0425 ,-0.317514 
378,15.0825 ,-0.313635 
379,15.1224 ,-0.308507 
380,15.1624 ,-0.302149 
381,15.2024 ,-0.294588 
382,15.2424 ,-0.285854 
383,15.2824 ,-0.27598 
384,15.3223 ,-0.265008 
385,15.3623 ,-0.25298 
386,15.4023 ,-0.239944 
387,15.4423 ,-0.225953 
388,15.4823 ,-0.211062 
389,15.5222 ,-0.19533 
390,15.5622 ,-0.17882 
391,15.6022 ,-0.161599 
392,15.6422 ,-0.143733 
393,15.6822 ,-0.125296 
394,15.7221 ,-0.106359 
395,15.7621 ,-0.086999 
396,15.8021 ,-0.0672925 
397,15.8421 ,-0.0473181 
398,15.8821 ,-0.0271552 
399,15.922 ,-0.00688424 
400,15.962 ,0.0134141 
401,16.002 ,0.0336591 
402,16.042 ,0.0537701 
403,16.082 ,0.073667 
404,16.1219 ,0.0932706 
405,16.1619 ,0.112503 
406,16.2019 ,0.131288 
407,16.2419 ,0.14955 
408,16.2819 ,0.167216 
409,16.3218 ,0.184218 
410,16.3618 ,0.200486 
411,16.4018 ,0.215956 
412,16.4418 ,0.230566 
413,16.4818 ,0.24426 
414,16.5217 ,0.256981 
415,16.5617 ,0.268679 
416,16.6017 ,0.279308 
417,16.6417 ,0.288826 
418,16.6817 ,0.297195 
419,16.7216 ,0.304381 
420,16.7616 ,0.310356 
421,16.8016 ,0.315097 
422,16.8416 ,0.318584 
423,16.8816 ,0.320803 
424,16.9215 ,0.321746 
425,16.9615 ,0.321409 
426,17.0015 ,0.319794 
427,17.0415 ,0.316907 
428,17.0815 ,0.312759 
429,17.1214 ,0.307367 
430,17.1614 ,0.300752 
431,17.2014 ,0.292941 
432,17.2414 ,0.283966 
433,17.2814 ,0.273861 
434,17.3213 ,0.262666 
435,17.3613 ,0.250428 
436,17.4013 ,0.237193 
437,17.4413 ,0.223015 
438,17.4813 ,0.207951 
439,17.5212 ,0.192059 
440,17.5612 ,0.175404 
441,17.6012 ,0.158051 
442,17.6412 ,0.14007 
443,17.6812 ,0.121533 
444,17.7211 ,0.102512 
445,17.7611 ,0.0830832 
446,17.8011 ,0.0633244 
447,17.8411 ,0.0433139 
448,17.8811 ,0.0231312 
449,17.921 ,0.00285657 
450,17.961 ,-0.0174294 
451,18.001 ,-0.0376461 
452,18.041 ,-0.0577132 
453,18.081 ,-0.0775509 
454,18.1209 ,-0.0970804 
455,18.1609 ,-0.116224 
456,18.2009 ,-0.134906 
457,18.2409 ,-0.153052 
458,18.2809 ,-0.170589 
459,18.3208 ,-0.187449 
460,18.3608 ,-0.203564 
461,18.4008 ,-0.21887 
462,18.4408 ,-0.233306 
463,18.4808 ,-0.246816 
464,18.5207 ,-0.259344 
465,18.5607 ,-0.270843 
466,18.6007 ,-0.281266 
467,18.6407 ,-0.290571 
468,18.6807 ,-0.298722 
469,18.7206 ,-0.305686 
470,18.7606 ,-0.311436 
471,18.8006 ,-0.315949 
472,18.8406 ,-0.319207 
473,18.8806 ,-0.321198 
474,18.9205 ,-0.321912 
475,18.9605 ,-0.321348 
476,19.0005 ,-0.319508 
477,19.0405 ,-0.316399 
478,19.0805 ,-0.312034 
479,19.1204 ,-0.30643 
480,19.1604 ,-0.299608 
481,19.2004 ,-0.291597 
482,19.2404 ,-0.282429 
483,19.2804 ,-0.272139 
484,19.3203 ,-0.260768 
485,19.3603 ,-0.248362 
486,19.4003 ,-0.23497 
487,19.4403 ,-0.220645 
488,19.4803 ,-0.205445 
489,19.5202 ,-0.189429 
490,19.5602 ,-0.17266 
491,19.6002 ,-0.155207 
492,19.6402 ,-0.137137 
493,19.6802 ,-0.118523 
494,19.7201 ,-0.099439 
495,19.7601 ,-0.07996 
496,19.8001 ,-0.0601636 
497,19.8401 ,-0.0401285 
498,19.8801 ,-0.0199341 
499,19.92 ,0.000339429 
500,19.96 ,0.0206523 