
1,0.01 ,1.32708e-10 
2,0.04998 ,5.79216e-08 
3,0.08996 ,6.02416e-07 
4,0.12994 ,2.59511e-06 
5,0.16992 ,7.50898e-06 
6,0.2099 ,1.72984e-05 
7,0.24988 ,3.43691e-05 
8,0.28986 ,6.15483e-05 
9,0.32984 ,0.000102054 
10,0.36982 ,0.000159466 
11,0.4098 ,0.000237693 
12,0.44978 ,0.000340945 
13,0.48976 ,0.000473701 
14,0.52974 ,0.000640682 
15,0.56972 ,0.000846817 
16,0.6097 ,0.00109722 
17,0.64968 ,0.00139714 
18,0.68966 ,0.00175198 
19,0.72964 ,0.0021672 
20,0.76962 ,0.00264835 
21,0.8096 ,0.00320102 
22,0.84958 ,0.0038308 
23,0.88956 ,0.00454326 
24,0.92954 ,0.00534394 
25,0.96952 ,0.00623831 
26,1.0095 ,0.00723175 
27,1.04948 ,0.00832952 
28,1.08946 ,0.00953675 
29,1.12944 ,0.0108584 
30,1.16942 ,0.0122992 
31,1.2094 ,0.0138639 
32,1.24938 ,0.0155567 
33,1.28936 ,0.0173817 
34,1.32934 ,0.0193428 
35,1.36932 ,0.0214437 
36,1.4093 ,0.0236875 
37,1.44928 ,0.0260772 
38,1.48926 ,0.0286156 
39,1.52924 ,0.0313049 
40,1.56922 ,0.0341471 
41,1.6092 ,0.0371438 
42,1.64918 ,0.0402963 
43,1.68916 ,0.0436054 
44,1.72914 ,0.0470715 
45,1.76912 ,0.0506949 
46,1.8091 ,0.0544752 
47,1.84908 ,0.0584116 
48,1.88906 ,0.0625031 
49,1.92904 ,0.066748 
50,1.96902 ,0.0711445 
51,2.009 ,0.0756902 
52,2.04898 ,0.0803823 
53,2.08896 ,0.0852176 
54,2.12894 ,0.0901926 
55,2.16892 ,0.0953031 
56,2.2089 ,0.100545 
57,2.24888 ,0.105913 
58,2.28886 ,0.111403 
59,2.32884 ,0.117008 
60,2.36882 ,0.122722 
61,2.4088 ,0.12854 
62,2.44878 ,0.134455 
63,2.48876 ,0.14046 
64,2.52874 ,0.146546 
65,2.56872 ,0.152707 
66,2.6087 ,0.158935 
67,2.64868 ,0.165221 
68,2.68866 ,0.171557 
69,2.72864 ,0.177934 
70,2.76862 ,0.184342 
71,2.8086 ,0.190773 
72,2.84858 ,0.197216 
73,2.88856 ,0.203662 
74,2.92854 ,0.210102 
75,2.96852 ,0.216524 
76,3.0085 ,0.222919 
77,3.04848 ,0.229276 
78,3.08846 ,0.235585 
79,3.12844 ,0.241835 
80,3.16842 ,0.248015 
81,3.2084 ,0.254114 
82,3.24838 ,0.260122 
83,3.28836 ,0.266028 
84,3.32834 ,0.271821 
85,3.36832 ,0.27749 
86,3.4083 ,0.283025 
87,3.44828 ,0.288415 
88,3.48826 ,0.293648 
89,3.52824 ,0.298716 
90,3.56822 ,0.303607 
91,3.6082 ,0.30831 
92,3.64818 ,0.312817 
93,3.68816 ,0.317117 
94,3.72814 ,0.3212 
95,3.76812 ,0.325058 
96,3.8081 ,0.32868 
97,3.84808 ,0.332058 
98,3.88806 ,0.335183 
99,3.92804 ,0.338046 
100,3.96802 ,0.340641 
101,4.008 ,0.342958 
102,4.04798 ,0.34499 
103,4.08796 ,0.346731 
104,4.12794 ,0.348174 
105,4.16792 ,0.349312 
106,4.2079 ,0.350139 
107,4.24788 ,0.35065 
108,4.28786 ,0.350841 
109,4.32784 ,0.350705 
110,4.36782 ,0.350239 
111,4.4078 ,0.34944 
112,4.44778 ,0.348304 
113,4.48776 ,0.346828 
114,4.52774 ,0.345011 
115,4.56772 ,0.342849 
116,4.6077 ,0.340342 
117,4.64768 ,0.337489 
118,4.68766 ,0.33429 
119,4.72764 ,0.330745 
120,4.76762 ,0.326855 
121,4.8076 ,0.32262 
122,4.84758 ,0.318043 
123,4.88756 ,0.313126 
124,4.92754 ,0.307872 
125,4.96752 ,0.302283 
126,5.0075 ,0.296364 
127,5.04748 ,0.29012 
128,5.08746 ,0.283554 
129,5.12744 ,0.276673 
130,5.16742 ,0.269482 
131,5.2074 ,0.261987 
132,5.24738 ,0.254196 
133,5.28736 ,0.246115 
134,5.32734 ,0.237752 
135,5.36732 ,0.229116 
136,5.4073 ,0.220215 
137,5.44728 ,0.211058 
138,5.48726 ,0.201655 
139,5.52724 ,0.192016 
140,5.56722 ,0.182151 
141,5.6072 ,0.17207 
142,5.64718 ,0.161786 
143,5.68716 ,0.151309 
144,5.72714 ,0.140651 
145,5.76712 ,0.129824 
146,5.8071 ,0.118841 
147,5.84708 ,0.107715 
148,5.88706 ,0.0964575 
149,5.92704 ,0.0850832 
150,5.96702 ,0.0736052 
151,6.007 ,0.0620371 
152,6.04698 ,0.0503929 
153,6.08696 ,0.0386868 
154,6.12694 ,0.0269329 
155,6.16692 ,0.0151457 
156,6.2069 ,0.00333974 
157,6.24688 ,-0.00847037 
158,6.28686 ,-0.0202699 
159,6.32684 ,-0.0320441 
160,6.36682 ,-0.0437782 
161,6.4068 ,-0.0554573 
162,6.44678 ,-0.0670667 
163,6.48676 ,-0.0785915 
164,6.52674 ,-0.0900171 
165,6.56672 ,-0.101329 
166,6.6067 ,-0.112512 
167,6.64668 ,-0.123552 
168,6.68666 ,-0.134435 
169,6.72664 ,-0.145146 
170,6.76662 ,-0.155672 
171,6.8066 ,-0.165999 
172,6.84658 ,-0.176113 
173,6.88656 ,-0.186001 
174,6.92654 ,-0.19565 
175,6.96652 ,-0.205046 
176,7.0065 ,-0.214179 
177,7.04648 ,-0.223034 
178,7.08646 ,-0.231601 
179,7.12644 ,-0.239868 
180,7.16642 ,-0.247824 
181,7.2064 ,-0.255459 
182,7.24638 ,-0.262761 
183,7.28636 ,-0.26972 
184,7.32634 ,-0.276329 
185,7.36632 ,-0.282576 
186,7.4063 ,-0.288454 
187,7.44628 ,-0.293955 
188,7.48626 ,-0.299071 
189,7.52624 ,-0.303795 
190,7.56622 ,-0.308121 
191,7.6062 ,-0.312041 
192,7.64618 ,-0.315552 
193,7.68616 ,-0.318647 
194,7.72614 ,-0.321322 
195,7.76612 ,-0.323573 
196,7.8061 ,-0.325398 
197,7.84608 ,-0.326792 
198,7.88606 ,-0.327755 
199,7.92604 ,-0.328284 
200,7.96602 ,-0.328378 
201,8.006 ,-0.328037 
202,8.04598 ,-0.327261 
203,8.08596 ,-0.326051 
204,8.12594 ,-0.324408 
205,8.16592 ,-0.322333 
206,8.2059 ,-0.31983 
207,8.24588 ,-0.316901 
208,8.28586 ,-0.31355 
209,8.32584 ,-0.309782 
210,8.36582 ,-0.3056 
211,8.4058 ,-0.301011 
212,8.44578 ,-0.296019 
213,8.48576 ,-0.290633 
214,8.52574 ,-0.284858 
215,8.56572 ,-0.278701 
216,8.6057 ,-0.272173 
217,8.64568 ,-0.265279 
218,8.68566 ,-0.258031 
219,8.72564 ,-0.250436 
220,8.76562 ,-0.242506 
221,8.8056 ,-0.234251 
222,8.84558 ,-0.225682 
223,8.88556 ,-0.216809 
224,8.92554 ,-0.207645 
225,8.96552 ,-0.198203 
226,9.0055 ,-0.188494 
227,9.04548 ,-0.178531 
228,9.08546 ,-0.168328 
229,9.12544 ,-0.157899 
230,9.16542 ,-0.147257 
231,9.2054 ,-0.136417 
232,9.24538 ,-0.125394 
233,9.28536 ,-0.114201 
234,9.32534 ,-0.102854 
235,9.36532 ,-0.0913688 
236,9.4053 ,-0.0797602 
237,9.44528 ,-0.068044 
238,9.48526 ,-0.0562359 
239,9.52524 ,-0.0443519 
240,9.56522 ,-0.0324081 
241,9.6052 ,-0.0204204 
242,9.64518 ,-0.00840522 
243,9.68516 ,0.00362137 
244,9.72514 ,0.0156431 
245,9.76512 ,0.0276436 
246,9.8051 ,0.0396067 
247,9.84508 ,0.0515163 
248,9.88506 ,0.0633562 
249,9.92504 ,0.0751103 
250,9.96502 ,0.0867628 
251,10.005 ,0.0982978 
252,10.045 ,0.1097 
253,10.085 ,0.120953 
254,10.1249 ,0.132043 
255,10.1649 ,0.142953 
256,10.2049 ,0.15367 
257,10.2449 ,0.164179 
258,10.2849 ,0.174465 
259,10.3248 ,0.184515 
260,10.3648 ,0.194314 
261,10.4048 ,0.20385 
262,10.4448 ,0.21311 
263,10.4848 ,0.22208 
264,10.5247 ,0.230749 
265,10.5647 ,0.239105 
266,10.6047 ,0.247137 
267,10.6447 ,0.254833 
268,10.6847 ,0.262184 
269,10.7246 ,0.269178 
270,10.7646 ,0.275808 
271,10.8046 ,0.282062 
272,10.8446 ,0.287934 
273,10.8846 ,0.293415 
274,10.9245 ,0.298497 
275,10.9645 ,0.303174 
276,11.0045 ,0.30744 
277,11.0445 ,0.311287 
278,11.0845 ,0.314712 
279,11.1244 ,0.31771 
280,11.1644 ,0.320275 
281,11.2044 ,0.322406 
282,11.2444 ,0.324099 
283,11.2844 ,0.325351 
284,11.3243 ,0.326161 
285,11.3643 ,0.326528 
286,11.4043 ,0.326451 
287,11.4443 ,0.325931 
288,11.4843 ,0.324967 
289,11.5242 ,0.323562 
290,11.5642 ,0.321718 
291,11.6042 ,0.319435 
292,11.6442 ,0.316719 
293,11.6842 ,0.313573 
294,11.7241 ,0.31 
295,11.7641 ,0.306005 
296,11.8041 ,0.301595 
297,11.8441 ,0.296775 
298,11.8841 ,0.291551 
299,11.924 ,0.285931 
300,11.964 ,0.279923 
301,12.004 ,0.273534 
302,12.044 ,0.266773 
303,12.084 ,0.259649 
304,12.1239 ,0.252173 
305,12.1639 ,0.244353 
306,12.2039 ,0.236202 
307,12.2439 ,0.22773 
308,12.2839 ,0.218947 
309,12.3238 ,0.209868 
310,12.3638 ,0.200503 
311,12.4038 ,0.190865 
312,12.4438 ,0.180969 
313,12.4838 ,0.170826 
314,12.5237 ,0.160451 
315,12.5637 ,0.149858 
316,12.6037 ,0.139061 
317,12.6437 ,0.128075 
318,12.6837 ,0.116915 
319,12.7236 ,0.105597 
320,12.7636 ,0.0941345 
321,12.8036 ,0.0825444 
322,12.8436 ,0.0708422 
323,12.8836 ,0.0590437 
324,12.9235 ,0.047165 
325,12.9635 ,0.0352222 
326,13.0035 ,0.0232315 
327,13.0435 ,0.0112093 
328,13.0835 ,-0.000828147 
329,13.1234 ,-0.0128645 
330,13.1634 ,-0.0248833 
331,13.2034 ,-0.0368684 
332,13.2434 ,-0.0488033 
333,13.2834 ,-0.060672 
334,13.3233 ,-0.0724583 
335,13.3633 ,-0.0841462 
336,13.4033 ,-0.0957198 
337,13.4433 ,-0.107163 
338,13.4833 ,-0.118462 
339,13.5232 ,-0.129599 
340,13.5632 ,-0.14056 
341,13.6032 ,-0.151331 
342,13.6432 ,-0.161896 
343,13.6832 ,-0.172241 
344,13.7231 ,-0.182353 
345,13.7631 ,-0.192217 
346,13.8031 ,-0.20182 
347,13.8431 ,-0.211149 
348,13.8831 ,-0.220192 
349,13.923 ,-0.228936 
350,13.963 ,-0.23737 
351,14.003 ,-0.245481 
352,14.043 ,-0.253259 
353,14.083 ,-0.260694 
354,14.1229 ,-0.267775 
355,14.1629 ,-0.274493 
356,14.2029 ,-0.280839 
357,14.2429 ,-0.286804 
358,14.2829 ,-0.29238 
359,14.3228 ,-0.297559 
360,14.3628 ,-0.302335 
361,14.4028 ,-0.306702 
362,14.4428 ,-0.310652 
363,14.4828 ,-0.314181 
364,14.5227 ,-0.317285 
365,14.5627 ,-0.319958 
366,14.6027 ,-0.322198 
367,14.6427 ,-0.324001 
368,14.6827 ,-0.325365 
369,14.7226 ,-0.326289 
370,14.7626 ,-0.32677 
371,14.8026 ,-0.326809 
372,14.8426 ,-0.326405 
373,14.8826 ,-0.325559 
374,14.9225 ,-0.324272 
375,14.9625 ,-0.322545 
376,15.0025 ,-0.320382 
377,15.0425 ,-0.317786 
378,15.0825 ,-0.314759 
379,15.1224 ,-0.311306 
380,15.1624 ,-0.307431 
381,15.2024 ,-0.303141 
382,15.2424 ,-0.29844 
383,15.2824 ,-0.293335 
384,15.3223 ,-0.287833 
385,15.3623 ,-0.281942 
386,15.4023 ,-0.275669 
387,15.4423 ,-0.269024 
388,15.4823 ,-0.262014 
389,15.5222 ,-0.25465 
390,15.5622 ,-0.246942 
391,15.6022 ,-0.2389 
392,15.6422 ,-0.230535 
393,15.6822 ,-0.221858 
394,15.7221 ,-0.212881 
395,15.7621 ,-0.203616 
396,15.8021 ,-0.194076 
397,15.8421 ,-0.184274 
398,15.8821 ,-0.174222 
399,15.922 ,-0.163935 
400,15.962 ,-0.153427 
401,16.002 ,-0.142712 
402,16.042 ,-0.131803 
403,16.082 ,-0.120717 
404,16.1219 ,-0.109467 
405,16.1619 ,-0.0980699 
406,16.2019 ,-0.08654 
407,16.2419 ,-0.0748934 
408,16.2819 ,-0.0631456 
409,16.3218 ,-0.0513125 
410,16.3618 ,-0.0394102 
411,16.4018 ,-0.0274547 
412,16.4418 ,-0.0154621 
413,16.4818 ,-0.0034487 
414,16.5217 ,0.0085694 
415,16.5617 ,0.0205759 
416,16.6017 ,0.0325547 
417,16.6417 ,0.0444896 
418,16.6817 ,0.0563644 
419,16.7216 ,0.0681632 
420,16.7616 ,0.0798701 
421,16.8016 ,0.0914692 
422,16.8416 ,0.102945 
423,16.8816 ,0.114282 
424,16.9215 ,0.125465 
425,16.9615 ,0.136479 
426,17.0015 ,0.147309 
427,17.0415 ,0.15794 
428,17.0815 ,0.168358 
429,17.1214 ,0.17855 
430,17.1614 ,0.188501 
431,17.2014 ,0.198198 
432,17.2414 ,0.207628 
433,17.2814 ,0.216778 
434,17.3213 ,0.225637 
435,17.3613 ,0.234191 
436,17.4013 ,0.24243 
437,17.4413 ,0.250343 
438,17.4813 ,0.257919 
439,17.5212 ,0.265147 
440,17.5612 ,0.272019 
441,17.6012 ,0.278524 
442,17.6412 ,0.284655 
443,17.6812 ,0.290402 
444,17.7211 ,0.295759 
445,17.7611 ,0.300717 
446,17.8011 ,0.305272 
447,17.8411 ,0.309415 
448,17.8811 ,0.313143 
449,17.921 ,0.316449 
450,17.961 ,0.319329 
451,18.001 ,0.321781 
452,18.041 ,0.323799 
453,18.081 ,0.325383 
454,18.1209 ,0.326529 
455,18.1609 ,0.327236 
456,18.2009 ,0.327503 
457,18.2409 ,0.32733 
458,18.2809 ,0.326717 
459,18.3208 ,0.325665 
460,18.3608 ,0.324176 
461,18.4008 ,0.322251 
462,18.4408 ,0.319894 
463,18.4808 ,0.317106 
464,18.5207 ,0.313893 
465,18.5607 ,0.310259 
466,18.6007 ,0.306207 
467,18.6407 ,0.301745 
468,18.6807 ,0.296878 
469,18.7206 ,0.291612 
470,18.7606 ,0.285955 
471,18.8006 ,0.279913 
472,18.8406 ,0.273497 
473,18.8806 ,0.266713 
474,18.9205 ,0.259572 
475,18.9605 ,0.252082 
476,19.0005 ,0.244254 
477,19.0405 ,0.236099 
478,19.0805 ,0.227627 
479,19.1204 ,0.218849 
480,19.1604 ,0.209779 
481,19.2004 ,0.200427 
482,19.2404 ,0.190806 
483,19.2804 ,0.180929 
484,19.3203 ,0.17081 
485,19.3603 ,0.160462 
486,19.4003 ,0.1499 
487,19.4403 ,0.139136 
488,19.4803 ,0.128186 
489,19.5202 ,0.117064 
490,19.5602 ,0.105785 
491,19.6002 ,0.0943643 
492,19.6402 ,0.0828175 
493,19.6802 ,0.0711597 
494,19.7201 ,0.0594067 
495,19.7601 ,0.0475741 
496,19.8001 ,0.0356778 
497,19.8401 ,0.0237338 
498,19.8801 ,0.0117579 
499,19.92 ,-0.000233597 
500,19.96 ,-0.0122496 