
1,0.01 ,9.04795e-17 
2,0.02999 ,-3.19202e-16 
3,0.04998 ,8.46798e-16 
4,0.06997 ,-9.30067e-16 
5,0.08996 ,-6.81269e-16 
6,0.10995 ,-2.55854e-15 
7,0.12994 ,-2.00592e-15 
8,0.14993 ,-2.15153e-15 
9,0.16992 ,-2.77338e-15 
10,0.18991 ,-1.17427e-15 
11,0.2099 ,-2.93792e-16 
12,0.22989 ,4.20987e-16 
13,0.24988 ,2.07072e-16 
14,0.26987 ,-6.61991e-17 
15,0.28986 ,1.63159e-15 
16,0.30985 ,3.74359e-15 
17,0.32984 ,2.34792e-15 
18,0.34983 ,3.60162e-16 
19,0.36982 ,3.0769e-15 
20,0.38981 ,3.74079e-16 
21,0.4098 ,1.29753e-15 
22,0.42979 ,-2.02941e-16 
23,0.44978 ,-9.50001e-16 
24,0.46977 ,-1.66862e-16 
25,0.48976 ,-1.26847e-15 
26,0.50975 ,-1.73386e-15 
27,0.52974 ,-1.00296e-15 
28,0.54973 ,-1.8452e-17 
29,0.56972 ,3.75365e-16 
30,0.58971 ,-4.73126e-16 
31,0.6097 ,6.59904e-16 
32,0.62969 ,-8.51806e-16 
33,0.64968 ,-2.55605e-15 
34,0.66967 ,-7.40364e-16 
35,0.68966 ,-7.25871e-16 
36,0.70965 ,2.32369e-15 
37,0.72964 ,1.1121e-15 
38,0.74963 ,1.19606e-15 
39,0.76962 ,1.64795e-15 
40,0.78961 ,2.43481e-15 
41,0.8096 ,2.1582e-15 
42,0.82959 ,1.11199e-15 
43,0.84958 ,3.57845e-15 
44,0.86957 ,2.44764e-15 
45,0.88956 ,1.35488e-15 
46,0.90955 ,-2.97255e-15 
47,0.92954 ,7.94318e-16 
48,0.94953 ,-5.53106e-16 
49,0.96952 ,-2.22672e-15 
50,0.98951 ,-1.7009e-15 
51,1.0095 ,-2.62808e-15 
52,1.02949 ,-2.48334e-15 
53,1.04948 ,-9.80522e-16 
54,1.06947 ,3.29625e-16 
55,1.08946 ,9.71711e-16 
56,1.10945 ,1.48085e-15 
57,1.12944 ,1.32441e-15 
58,1.14943 ,2.86044e-15 
59,1.16942 ,1.27589e-15 
60,1.18941 ,6.59138e-16 
61,1.2094 ,-1.20094e-16 
62,1.22939 ,-1.1725e-16 
63,1.24938 ,-3.77587e-16 
64,1.26937 ,-5.4063e-16 
65,1.28936 ,5.355e-16 
66,1.30935 ,-1.95345e-16 
67,1.32934 ,-1.77932e-15 
68,1.34933 ,-3.19081e-16 
69,1.36932 ,-2.92688e-16 
70,1.38931 ,1.324e-15 
71,1.4093 ,-5.01108e-16 
72,1.42929 ,3.2657e-15 
73,1.44928 ,1.9593e-15 
74,1.46927 ,3.07363e-15 
75,1.48926 ,7.43577e-16 
76,1.50925 ,1.21331e-15 
77,1.52924 ,1.11135e-15 
78,1.54923 ,8.53618e-17 
79,1.56922 ,-7.0648e-16 
80,1.58921 ,-3.72723e-17 
81,1.6092 ,-1.27337e-15 
82,1.62919 ,-1.78659e-15 
83,1.64918 ,-3.47779e-15 
84,1.66917 ,-1.15312e-15 
85,1.68916 ,-3.27629e-15 
86,1.70915 ,-3.21396e-15 
87,1.72914 ,-1.2416e-15 
88,1.74913 ,-1.83411e-16 
89,1.76912 ,1.32696e-17 
90,1.78911 ,4.41207e-16 
91,1.8091 ,-4.90098e-16 
92,1.82909 ,1.22449e-17 
93,1.84908 ,6.25518e-16 
94,1.86907 ,2.03561e-16 
95,1.88906 ,-1.13553e-15 
96,1.90905 ,-1.30335e-15 
97,1.92904 ,7.68892e-16 
98,1.94903 ,1.79568e-15 
99,1.96902 ,1.85481e-15 
100,1.98901 ,1.86418e-15 
101,2.009 ,-3.7123e-18 
102,2.02899 ,-1.46661e-15 
103,2.04898 ,-2.71949e-16 
104,2.06897 ,-3.09418e-16 
105,2.08896 ,-1.33738e-15 
106,2.10895 ,-8.48514e-16 
107,2.12894 ,-5.22665e-16 
108,2.14893 ,-1.25436e-15 
109,2.16892 ,1.45104e-15 
110,2.18891 ,1.03099e-15 
111,2.2089 ,6.73742e-16 
112,2.22889 ,4.26318e-16 
113,2.24888 ,1.7463e-16 
114,2.26887 ,-9.87146e-18 
115,2.28886 ,-3.64668e-16 
116,2.30885 ,-1.21588e-15 
117,2.32884 ,5.83901e-16 
118,2.34883 ,-7.47512e-16 
119,2.36882 ,-5.90736e-16 
120,2.38881 ,-6.91805e-17 
121,2.4088 ,-3.81754e-16 
122,2.42879 ,-1.61269e-15 
123,2.44878 ,1.58874e-16 
124,2.46877 ,-1.0598e-16 
125,2.48876 ,-4.67199e-16 
126,2.50875 ,3.36241e-15 
127,2.52874 ,2.96932e-15 
128,2.54873 ,1.68251e-15 
129,2.56872 ,2.02788e-16 
130,2.58871 ,3.35067e-16 
131,2.6087 ,1.47075e-15 
132,2.62869 ,1.3757e-15 
133,2.64868 ,1.95233e-15 
134,2.66867 ,2.86463e-16 
135,2.68866 ,1.10947e-15 
136,2.70865 ,2.4569e-16 
137,2.72864 ,1.1062e-15 
138,2.74863 ,-1.59539e-16 
139,2.76862 ,-6.43982e-16 
140,2.78861 ,-2.31293e-15 
141,2.8086 ,-2.19116e-16 
142,2.82859 ,-6.04931e-16 
143,2.84858 ,-1.19088e-15 
144,2.86857 ,-7.11724e-16 
145,2.88856 ,1.15151e-15 
146,2.90855 ,6.42915e-16 
147,2.92854 ,2.1724e-15 
148,2.94853 ,5.68389e-16 
149,2.96852 ,1.41637e-15 
150,2.98851 ,2.07769e-15 
151,3.0085 ,1.61232e-15 
152,3.02849 ,2.67813e-15 
153,3.04848 ,1.09191e-15 
154,3.06847 ,4.38315e-16 
155,3.08846 ,-1.26984e-15 
156,3.10845 ,-1.51948e-16 
157,3.12844 ,1.28496e-16 
158,3.14843 ,1.486e-17 
159,3.16842 ,3.98733e-16 
160,3.18841 ,2.32764e-16 
161,3.2084 ,8.76671e-16 
162,3.22839 ,-1.00518e-15 
163,3.24838 ,3.21772e-16 
164,3.26837 ,-8.34267e-16 
165,3.28836 ,-1.35324e-15 
166,3.30835 ,2.31651e-15 
167,3.32834 ,2.94002e-17 
168,3.34833 ,-8.40786e-16 
169,3.36832 ,-2.2681e-15 
170,3.38831 ,-2.67925e-15 
171,3.4083 ,-2.25736e-15 
172,3.42829 ,-1.1436e-15 
173,3.44828 ,-1.45616e-15 
174,3.46827 ,-2.86395e-15 
175,3.48826 ,-9.63491e-16 
176,3.50825 ,8.56372e-16 
177,3.52824 ,-3.06994e-16 
178,3.54823 ,-8.28276e-16 
179,3.56822 ,4.94026e-16 
180,3.58821 ,-8.63069e-16 
181,3.6082 ,2.2604e-16 
182,3.62819 ,-7.64913e-17 
183,3.64818 ,-4.34055e-16 
184,3.66817 ,-1.80373e-15 
185,3.68816 ,-1.34032e-15 
186,3.70815 ,-2.99926e-16 
187,3.72814 ,1.87174e-15 
188,3.74813 ,1.87228e-15 
189,3.76812 ,-3.57528e-16 
190,3.78811 ,-9.95691e-16 
191,3.8081 ,-3.01081e-15 
192,3.82809 ,-1.85527e-15 
193,3.84808 ,-1.24145e-15 
194,3.86807 ,-1.01389e-15 
195,3.88806 ,4.92478e-16 
196,3.90805 ,-2.31668e-15 
197,3.92804 ,6.63963e-16 
198,3.94803 ,-1.72935e-15 
199,3.96802 ,9.01216e-17 
200,3.98801 ,3.09966e-16 
201,4.008 ,8.42063e-16 
202,4.02799 ,-5.9523e-17 
203,4.04798 ,5.14104e-16 
204,4.06797 ,-3.38507e-16 
205,4.08796 ,-3.15959e-16 
206,4.10795 ,-2.28121e-17 
207,4.12794 ,-1.38218e-16 
208,4.14793 ,3.06108e-16 
209,4.16792 ,1.56347e-15 
210,4.18791 ,1.68218e-15 
211,4.2079 ,2.30932e-15 
212,4.22789 ,8.98493e-16 
213,4.24788 ,-9.6989e-16 
214,4.26787 ,7.36297e-16 
215,4.28786 ,-1.52633e-15 
216,4.30785 ,-1.36159e-15 
217,4.32784 ,-1.28048e-15 
218,4.34783 ,-6.70193e-16 
219,4.36782 ,-1.11503e-15 
220,4.38781 ,2.74862e-18 
221,4.4078 ,-5.01058e-16 
222,4.42779 ,-4.47547e-16 
223,4.44778 ,-6.58178e-17 
224,4.46777 ,-2.20084e-15 
225,4.48776 ,7.76815e-17 
226,4.50775 ,-1.8471e-15 
227,4.52774 ,-4.82527e-16 
228,4.54773 ,-6.0955e-16 
229,4.56772 ,1.58111e-15 
230,4.58771 ,6.22681e-16 
231,4.6077 ,9.66896e-17 
232,4.62769 ,-1.85032e-15 
233,4.64768 ,-9.56168e-16 
234,4.66767 ,9.92267e-16 
235,4.68766 ,3.18041e-15 
236,4.70765 ,1.31523e-15 
237,4.72764 ,-8.77506e-16 
238,4.74763 ,-8.27234e-16 
239,4.76762 ,-2.03278e-15 
240,4.78761 ,3.98085e-16 
241,4.8076 ,-4.19953e-16 
242,4.82759 ,-9.39524e-16 
243,4.84758 ,-6.18387e-16 
244,4.86757 ,7.84146e-16 
245,4.88756 ,8.91525e-19 
246,4.90755 ,-8.20289e-17 
247,4.92754 ,1.29295e-15 
248,4.94753 ,-7.44574e-16 
249,4.96752 ,-4.94051e-18 
250,4.98751 ,5.58296e-16 
251,5.0075 ,3.71054e-17 
252,5.02749 ,6.67338e-16 
253,5.04748 ,-1.8367e-15 
254,5.06747 ,-3.62966e-16 
255,5.08746 ,2.16112e-15 
256,5.10745 ,4.45796e-16 
257,5.12744 ,1.68709e-15 
258,5.14743 ,2.36201e-16 
259,5.16742 ,-2.9567e-15 
260,5.18741 ,-2.42007e-15 
261,5.2074 ,-2.13066e-15 
262,5.22739 ,-4.3495e-16 
263,5.24738 ,-8.28764e-16 
264,5.26737 ,-8.05478e-16 
265,5.28736 ,-1.89499e-15 
266,5.30735 ,-2.96094e-15 
267,5.32734 ,-2.66612e-15 
268,5.34733 ,-1.79115e-15 
269,5.36732 ,-1.87081e-15 
270,5.38731 ,-1.8491e-16 
271,5.4073 ,-9.34526e-16 
272,5.42729 ,7.36105e-16 
273,5.44728 ,1.6836e-15 
274,5.46727 ,4.42697e-15 
275,5.48726 ,1.72104e-15 
276,5.50725 ,2.9284e-17 
277,5.52724 ,1.16063e-15 
278,5.54723 ,2.0556e-15 
279,5.56722 ,2.47727e-15 
280,5.58721 ,2.09848e-15 
281,5.6072 ,2.18077e-15 
282,5.62719 ,1.26812e-15 
283,5.64718 ,6.41176e-16 
284,5.66717 ,-3.78123e-16 
285,5.68716 ,1.8941e-15 
286,5.70715 ,8.3912e-16 
287,5.72714 ,8.91427e-16 
288,5.74713 ,-3.45612e-15 
289,5.76712 ,-9.74683e-16 
290,5.78711 ,-1.39809e-15 
291,5.8071 ,-1.62453e-15 
292,5.82709 ,-1.42615e-15 
293,5.84708 ,-1.6863e-15 
294,5.86707 ,-2.15179e-15 
295,5.88706 ,-1.16069e-15 
296,5.90705 ,1.28085e-15 
297,5.92704 ,2.99783e-15 
298,5.94703 ,2.69699e-16 
299,5.96702 ,-7.85895e-17 
300,5.98701 ,2.56207e-15 
301,6.007 ,8.5932e-16 
302,6.02699 ,-5.18571e-16 
303,6.04698 ,-3.71506e-16 
304,6.06697 ,9.90516e-16 
305,6.08696 ,1.82572e-16 
306,6.10695 ,5.23611e-16 
307,6.12694 ,2.24562e-15 
308,6.14693 ,4.6753e-16 
309,6.16692 ,7.52393e-16 
310,6.18691 ,1.44868e-16 
311,6.2069 ,-5.56164e-16 
312,6.22689 ,-5.39951e-16 
313,6.24688 ,-4.2201e-16 
314,6.26687 ,-1.70404e-15 
315,6.28686 ,-1.66323e-15 
316,6.30685 ,-2.14001e-15 
317,6.32684 ,-2.87347e-15 
318,6.34683 ,-2.85819e-15 
319,6.36682 ,-1.04391e-15 
320,6.38681 ,-4.26606e-16 
321,6.4068 ,1.28909e-15 
322,6.42679 ,1.91776e-15 
323,6.44678 ,1.18637e-15 
324,6.46677 ,3.14347e-16 
325,6.48676 ,-8.73628e-16 
326,6.50675 ,1.94901e-15 
327,6.52674 ,2.93536e-15 
328,6.54673 ,1.09104e-15 
329,6.56672 ,2.46693e-15 
330,6.58671 ,-5.01587e-17 
331,6.6067 ,1.38025e-16 
332,6.62669 ,2.03526e-15 
333,6.64668 ,-3.83028e-16 
334,6.66667 ,1.18108e-15 
335,6.68666 ,-1.57585e-16 
336,6.70665 ,-2.40189e-16 
337,6.72664 ,4.0011e-16 
338,6.74663 ,2.33983e-16 
339,6.76662 ,-2.65012e-16 
340,6.78661 ,1.95941e-15 
341,6.8066 ,1.10816e-15 
342,6.82659 ,2.567e-15 
343,6.84658 ,3.01147e-15 
344,6.86657 ,2.20505e-15 
345,6.88656 ,1.35242e-15 
346,6.90655 ,1.49931e-15 
347,6.92654 ,1.50749e-16 
348,6.94653 ,-2.60261e-16 
349,6.96652 ,-2.08916e-15 
350,6.98651 ,-1.62861e-16 
351,7.0065 ,-6.17625e-16 
352,7.02649 ,1.71115e-15 
353,7.04648 ,9.16549e-16 
354,7.06647 ,1.14094e-15 
355,7.08646 ,-9.17375e-16 
356,7.10645 ,-2.0691e-15 
357,7.12644 ,-9.79111e-16 
358,7.14643 ,-2.12652e-15 
359,7.16642 ,-2.26052e-15 
360,7.18641 ,-1.87818e-15 
361,7.2064 ,3.78993e-16 
362,7.22639 ,-3.16118e-16 
363,7.24638 ,-2.65253e-16 
364,7.26637 ,-1.68885e-16 
365,7.28636 ,-1.54023e-15 
366,7.30635 ,6.62104e-16 
367,7.32634 ,2.15243e-16 
368,7.34633 ,2.3494e-16 
369,7.36632 ,3.8057e-17 
370,7.38631 ,-8.62406e-17 
371,7.4063 ,1.46899e-15 
372,7.42629 ,1.23705e-15 
373,7.44628 ,1.37755e-15 
374,7.46627 ,2.34652e-16 
375,7.48626 ,-1.02492e-15 
376,7.50625 ,-3.16448e-16 
377,7.52624 ,-2.93581e-15 
378,7.54623 ,-4.52081e-15 
379,7.56622 ,-9.62314e-16 
380,7.58621 ,-6.79245e-16 
381,7.6062 ,-7.78464e-16 
382,7.62619 ,4.53943e-18 
383,7.64618 ,-1.76383e-17 
384,7.66617 ,9.24789e-17 
385,7.68616 ,8.08896e-16 
386,7.70615 ,3.53231e-16 
387,7.72614 ,1.91151e-15 
388,7.74613 ,7.0905e-16 
389,7.76612 ,1.19788e-16 
390,7.78611 ,5.91259e-16 
391,7.8061 ,-1.28e-15 
392,7.82609 ,-1.22088e-15 
393,7.84608 ,-4.77464e-16 
394,7.86607 ,-9.6426e-16 
395,7.88606 ,-1.24949e-16 
396,7.90605 ,1.87178e-15 
397,7.92604 ,2.2047e-15 
398,7.94603 ,2.11631e-17 
399,7.96602 ,-9.97597e-16 
400,7.98601 ,-3.97067e-15 
401,8.006 ,-2.86093e-15 
402,8.02599 ,-1.7439e-15 
403,8.04598 ,-7.18467e-16 
404,8.06597 ,-4.18894e-16 
405,8.08596 ,8.09005e-16 
406,8.10595 ,1.66658e-16 
407,8.12594 ,1.96724e-15 
408,8.14593 ,6.88225e-16 
409,8.16592 ,-2.36938e-16 
410,8.18591 ,7.43407e-16 
411,8.2059 ,5.81571e-16 
412,8.22589 ,-7.10194e-17 
413,8.24588 ,-5.64866e-16 
414,8.26587 ,4.58418e-16 
415,8.28586 ,7.40998e-16 
416,8.30585 ,-6.07821e-16 
417,8.32584 ,-6.51645e-16 
418,8.34583 ,9.80892e-16 
419,8.36582 ,9.59345e-16 
420,8.38581 ,1.00813e-15 
421,8.4058 ,2.56861e-15 
422,8.42579 ,9.65555e-16 
423,8.44578 ,1.96783e-16 
424,8.46577 ,-1.06002e-15 
425,8.48576 ,1.26361e-16 
426,8.50575 ,4.42752e-16 
427,8.52574 ,1.44538e-15 
428,8.54573 ,-1.37324e-15 
429,8.56572 ,-1.48732e-15 
430,8.58571 ,-9.65558e-16 
431,8.6057 ,3.9159e-16 
432,8.62569 ,1.76188e-15 
433,8.64568 ,-1.0789e-15 
434,8.66567 ,-1.95497e-15 
435,8.68566 ,-1.14197e-15 
436,8.70565 ,1.45944e-16 
437,8.72564 ,1.20611e-15 
438,8.74563 ,6.12737e-16 
439,8.76562 ,7.04916e-16 
440,8.78561 ,-5.71863e-16 
441,8.8056 ,1.57753e-15 
442,8.82559 ,8.25715e-16 
443,8.84558 ,1.67384e-15 
444,8.86557 ,5.35586e-15 
445,8.88556 ,8.16116e-16 
446,8.90555 ,9.06511e-16 
447,8.92554 ,-1.56844e-15 
448,8.94553 ,-2.59674e-15 
449,8.96552 ,-2.22522e-16 
450,8.98551 ,1.46584e-16 
451,9.0055 ,-7.53496e-16 
452,9.02549 ,-3.78698e-15 
453,9.04548 ,-2.4446e-15 
454,9.06547 ,-3.47433e-15 
455,9.08546 ,-7.05077e-16 
456,9.10545 ,5.08387e-16 
457,9.12544 ,1.54129e-15 
458,9.14543 ,-8.08238e-16 
459,9.16542 ,3.13635e-16 
460,9.18541 ,1.75395e-15 
461,9.2054 ,2.03379e-15 
462,9.22539 ,1.86811e-15 
463,9.24538 ,1.97573e-15 
464,9.26537 ,1.95269e-15 
465,9.28536 ,7.52939e-16 
466,9.30535 ,3.58914e-16 
467,9.32534 ,-5.91605e-16 
468,9.34533 ,-1.16027e-15 
469,9.36532 ,-3.70174e-15 
470,9.38531 ,-7.00898e-16 
471,9.4053 ,-8.68029e-18 
472,9.42529 ,-5.33773e-16 
473,9.44528 ,4.16991e-16 
474,9.46527 ,1.27663e-15 
475,9.48526 ,-9.9922e-16 
476,9.50525 ,2.53719e-15 
477,9.52524 ,2.2225e-16 
478,9.54523 ,1.17927e-15 
479,9.56522 ,4.41694e-16 
480,9.58521 ,-4.82748e-17 
481,9.6052 ,1.13404e-15 
482,9.62519 ,2.00495e-15 
483,9.64518 ,2.46024e-15 
484,9.66517 ,9.4059e-16 
485,9.68516 ,6.97305e-16 
486,9.70515 ,-2.19191e-15 
487,9.72514 ,-1.64878e-15 
488,9.74513 ,-1.16771e-15 
489,9.76512 ,-3.17267e-16 
490,9.78511 ,-9.80528e-16 
491,9.8051 ,1.18203e-15 
492,9.82509 ,9.72824e-16 
493,9.84508 ,-1.9487e-15 
494,9.86507 ,-1.33438e-15 
495,9.88506 ,-1.80908e-15 
496,9.90505 ,-1.39434e-15 
497,9.92504 ,2.29015e-16 
498,9.94503 ,1.01441e-15 
499,9.96502 ,2.74322e-16 
500,9.98501 ,1.29516e-16 
501,10.005 ,1.38315e-15 
502,10.025 ,-4.87449e-16 
503,10.045 ,-3.35633e-16 
504,10.065 ,7.30658e-16 
505,10.085 ,-1.64371e-15 
506,10.1049 ,-1.43589e-15 
507,10.1249 ,-2.966e-15 
508,10.1449 ,-1.19915e-15 
509,10.1649 ,-2.01526e-15 
510,10.1849 ,-1.17679e-15 
511,10.2049 ,-2.2829e-15 
512,10.2249 ,-3.5891e-16 
513,10.2449 ,4.91938e-16 
514,10.2649 ,-2.32568e-15 
515,10.2849 ,3.60962e-16 
516,10.3048 ,-3.26699e-15 
517,10.3248 ,-7.96544e-16 
518,10.3448 ,-9.03703e-16 
519,10.3648 ,2.39514e-17 
520,10.3848 ,-1.32632e-15 
521,10.4048 ,1.4776e-15 
522,10.4248 ,2.75139e-15 
523,10.4448 ,6.50856e-16 
524,10.4648 ,1.09654e-15 
525,10.4848 ,4.20448e-16 
526,10.5047 ,-1.94656e-15 
527,10.5247 ,-1.90173e-15 
528,10.5447 ,-1.2983e-15 
529,10.5647 ,7.91242e-16 
530,10.5847 ,8.79622e-16 
531,10.6047 ,-3.34885e-16 
532,10.6247 ,-2.71627e-15 
533,10.6447 ,-1.33046e-15 
534,10.6647 ,-2.11305e-15 
535,10.6847 ,-1.38004e-15 
536,10.7046 ,-4.40924e-16 
537,10.7246 ,6.48573e-16 
538,10.7446 ,3.61295e-16 
539,10.7646 ,7.84339e-16 
540,10.7846 ,5.43528e-16 
541,10.8046 ,3.02507e-16 
542,10.8246 ,9.44239e-17 
543,10.8446 ,-2.61616e-16 
544,10.8646 ,2.06977e-15 
545,10.8846 ,1.64614e-15 
546,10.9045 ,1.89617e-15 
547,10.9245 ,7.32012e-16 
548,10.9445 ,-6.03842e-16 
549,10.9645 ,-3.52101e-15 
550,10.9845 ,-2.17803e-15 
551,11.0045 ,-2.00718e-15 
552,11.0245 ,-7.32475e-16 
553,11.0445 ,-8.0279e-16 
554,11.0645 ,-3.58851e-16 
555,11.0845 ,1.38649e-15 
556,11.1044 ,4.92945e-16 
557,11.1244 ,-7.68019e-16 
558,11.1444 ,-1.69862e-15 
559,11.1644 ,-1.75174e-15 
560,11.1844 ,7.3942e-17 
561,11.2044 ,-2.61049e-16 
562,11.2244 ,1.48475e-15 
563,11.2444 ,-7.7383e-16 
564,11.2644 ,1.78647e-15 
565,11.2844 ,1.37989e-15 
566,11.3043 ,1.73586e-15 
567,11.3243 ,1.86163e-16 
568,11.3443 ,4.44795e-16 
569,11.3643 ,-9.60411e-16 
570,11.3843 ,3.35664e-16 
571,11.4043 ,2.66319e-16 
572,11.4243 ,-1.72018e-16 
573,11.4443 ,4.46474e-16 
574,11.4643 ,-2.0565e-16 
575,11.4843 ,2.17096e-15 
576,11.5042 ,2.53444e-15 
577,11.5242 ,2.3963e-15 
578,11.5442 ,-1.24903e-15 
579,11.5642 ,-1.21779e-15 
580,11.5842 ,-1.26572e-15 
581,11.6042 ,-4.38474e-16 
582,11.6242 ,-1.86317e-15 
583,11.6442 ,1.65244e-16 
584,11.6642 ,-1.59367e-15 
585,11.6842 ,-6.75466e-17 
586,11.7041 ,3.52981e-16 
587,11.7241 ,-2.86826e-16 
588,11.7441 ,-1.98502e-15 
589,11.7641 ,-1.01876e-15 
590,11.7841 ,-4.59522e-16 
591,11.8041 ,-1.04924e-15 
592,11.8241 ,-2.52845e-15 
593,11.8441 ,-1.52347e-15 
594,11.8641 ,-1.71114e-16 
595,11.8841 ,-3.97164e-17 
596,11.904 ,-2.37288e-15 
597,11.924 ,-8.66394e-16 
598,11.944 ,-5.1461e-16 
599,11.964 ,-1.93405e-15 
600,11.984 ,-2.23715e-16 
601,12.004 ,4.8762e-16 
602,12.024 ,2.2403e-16 
603,12.044 ,1.7063e-15 
604,12.064 ,3.07811e-15 
605,12.084 ,3.05645e-16 
606,12.1039 ,1.0068e-15 
607,12.1239 ,2.50881e-15 
608,12.1439 ,-4.90177e-16 
609,12.1639 ,-3.89402e-16 
610,12.1839 ,3.91568e-16 
611,12.2039 ,1.46012e-15 
612,12.2239 ,5.0271e-16 
613,12.2439 ,-1.27851e-15 
614,12.2639 ,-2.61732e-15 
615,12.2839 ,-1.63122e-15 
616,12.3038 ,2.94841e-16 
617,12.3238 ,-7.80365e-16 
618,12.3438 ,5.4078e-16 
619,12.3638 ,1.05563e-15 
620,12.3838 ,-2.39803e-16 
621,12.4038 ,-2.53044e-17 
622,12.4238 ,-2.66047e-15 
623,12.4438 ,3.77454e-16 
624,12.4638 ,7.97109e-17 
625,12.4838 ,5.42645e-16 
626,12.5037 ,-8.47016e-17 
627,12.5237 ,-1.26377e-15 
628,12.5437 ,-2.161e-15 
629,12.5637 ,1.93407e-15 
630,12.5837 ,3.94797e-15 
631,12.6037 ,2.84684e-15 
632,12.6237 ,1.63608e-16 
633,12.6437 ,7.08564e-16 
634,12.6637 ,-3.37788e-17 
635,12.6837 ,3.22921e-16 
636,12.7036 ,-4.62431e-16 
637,12.7236 ,1.34233e-15 
638,12.7436 ,8.23872e-16 
639,12.7636 ,1.09747e-15 
640,12.7836 ,-2.84409e-16 
641,12.8036 ,-1.2597e-16 
642,12.8236 ,4.40237e-16 
643,12.8436 ,2.1157e-15 
644,12.8636 ,1.88256e-15 
645,12.8836 ,1.58309e-15 
646,12.9035 ,-7.06053e-16 
647,12.9235 ,-3.56993e-15 
648,12.9435 ,-4.40771e-15 
649,12.9635 ,-4.84264e-15 
650,12.9835 ,-3.7666e-15 
651,13.0035 ,-2.49651e-15 
652,13.0235 ,-3.41124e-15 
653,13.0435 ,-2.25491e-15 
654,13.0635 ,-3.00874e-15 
655,13.0835 ,-5.24798e-16 
656,13.1034 ,2.80115e-15 
657,13.1234 ,2.51308e-15 
658,13.1434 ,4.33401e-15 
659,13.1634 ,5.02958e-15 
660,13.1834 ,3.11812e-15 
661,13.2034 ,1.52341e-15 
662,13.2234 ,1.04757e-15 
663,13.2434 ,-2.14068e-15 
664,13.2634 ,-9.82654e-16 
665,13.2834 ,-8.73578e-16 
666,13.3033 ,-6.90075e-16 
667,13.3233 ,4.06645e-16 
668,13.3433 ,2.21717e-15 
669,13.3633 ,1.71296e-15 
670,13.3833 ,-2.22645e-16 
671,13.4033 ,-2.11509e-15 
672,13.4233 ,-3.03385e-15 
673,13.4433 ,3.45987e-16 
674,13.4633 ,1.86154e-15 
675,13.4833 ,2.26009e-15 
676,13.5032 ,9.20094e-16 
677,13.5232 ,-8.63012e-16 
678,13.5432 ,-8.81713e-16 
679,13.5632 ,-6.10992e-16 
680,13.5832 ,4.66634e-16 
681,13.6032 ,3.46151e-16 
682,13.6232 ,2.0492e-15 
683,13.6432 ,3.6149e-15 
684,13.6632 ,2.52023e-15 
685,13.6832 ,2.29281e-15 
686,13.7031 ,3.1154e-17 
687,13.7231 ,-3.11525e-15 
688,13.7431 ,-1.05201e-15 
689,13.7631 ,-4.50927e-16 
690,13.7831 ,9.91883e-16 
691,13.8031 ,4.71186e-15 
692,13.8231 ,3.85541e-15 
693,13.8431 ,1.92215e-15 
694,13.8631 ,1.34735e-15 
695,13.8831 ,1.12909e-15 
696,13.903 ,-1.16189e-15 
697,13.923 ,-1.68078e-15 
698,13.943 ,-7.15581e-16 
699,13.963 ,-2.65015e-15 
700,13.983 ,-6.36493e-16 
701,14.003 ,-1.22416e-15 
702,14.023 ,1.00423e-15 
703,14.043 ,-1.23679e-15 
704,14.063 ,-3.70513e-15 
705,14.083 ,-3.83363e-15 
706,14.1029 ,-4.01277e-15 
707,14.1229 ,-2.03197e-15 
708,14.1429 ,-3.02704e-15 
709,14.1629 ,-1.87434e-15 
710,14.1829 ,-2.81765e-15 
711,14.2029 ,-1.67194e-15 
712,14.2229 ,-7.49109e-16 
713,14.2429 ,4.56479e-15 
714,14.2629 ,5.81337e-15 
715,14.2829 ,6.64142e-15 
716,14.3028 ,3.45539e-15 
717,14.3228 ,4.63531e-15 
718,14.3428 ,5.91107e-15 
719,14.3628 ,4.39791e-15 
720,14.3828 ,4.83919e-15 
721,14.4028 ,4.06771e-15 
722,14.4228 ,5.31514e-15 
723,14.4428 ,2.36665e-15 
724,14.4628 ,3.59557e-15 
725,14.4828 ,2.89304e-15 
726,14.5027 ,1.26676e-15 
727,14.5227 ,2.70908e-15 
728,14.5427 ,2.16275e-16 
729,14.5627 ,-2.08919e-15 
730,14.5827 ,-3.69548e-15 
731,14.6027 ,-5.79121e-15 
732,14.6227 ,-5.37711e-15 
733,14.6427 ,-2.52411e-15 
734,14.6627 ,-2.84059e-15 
735,14.6827 ,-1.92983e-15 
736,14.7026 ,1.71914e-15 
737,14.7226 ,4.41167e-15 
738,14.7426 ,5.63762e-15 
739,14.7626 ,3.11889e-15 
740,14.7826 ,1.59389e-15 
741,14.8026 ,-2.22422e-15 
742,14.8226 ,-1.71355e-15 
743,14.8426 ,-4.37448e-16 
744,14.8626 ,1.11274e-15 
745,14.8826 ,2.2862e-15 
746,14.9025 ,5.56546e-15 
747,14.9225 ,7.81113e-15 
748,14.9425 ,7.24639e-15 
749,14.9625 ,6.35162e-15 
750,14.9825 ,-1.02647e-15 
751,15.0025 ,-2.59871e-15 
752,15.0225 ,-5.24214e-15 
753,15.0425 ,-1.82377e-15 
754,15.0625 ,-3.46399e-15 
755,15.0825 ,-1.23753e-15 
756,15.1024 ,-1.13446e-15 
757,15.1224 ,6.78541e-16 
758,15.1424 ,-1.49014e-15 
759,15.1624 ,-3.15813e-15 
760,15.1824 ,-8.9787e-15 
761,15.2024 ,-5.73828e-15 
762,15.2224 ,-2.02225e-15 
763,15.2424 ,4.84626e-15 
764,15.2624 ,2.91135e-15 
765,15.2824 ,3.36747e-16 
766,15.3023 ,-2.67986e-15 
767,15.3223 ,-2.6427e-15 
768,15.3423 ,-5.49138e-15 
769,15.3623 ,-2.21471e-15 
770,15.3823 ,2.85571e-16 
771,15.4023 ,-8.41445e-16 
772,15.4223 ,1.54935e-15 
773,15.4423 ,-2.86562e-15 
774,15.4623 ,-4.86654e-15 
775,15.4823 ,-4.13431e-15 
776,15.5022 ,-1.58892e-15 
777,15.5222 ,2.59705e-15 
778,15.5422 ,5.13824e-15 
779,15.5622 ,4.52488e-15 
780,15.5822 ,1.79362e-16 
781,15.6022 ,1.14072e-16 
782,15.6222 ,-2.09116e-15 
783,15.6422 ,1.41813e-15 
784,15.6622 ,7.83718e-16 
785,15.6822 ,4.39951e-16 
786,15.7021 ,-1.97922e-15 
787,15.7221 ,-2.94717e-15 
788,15.7421 ,-2.98301e-15 
789,15.7621 ,-3.46152e-15 
790,15.7821 ,-1.09061e-15 
791,15.8021 ,-6.73612e-16 
792,15.8221 ,-2.51161e-15 
793,15.8421 ,-8.40463e-16 
794,15.8621 ,9.10614e-17 
795,15.8821 ,9.45183e-16 
796,15.902 ,-4.185e-15 
797,15.922 ,-2.15502e-15 
798,15.942 ,-6.02942e-16 
799,15.962 ,6.18271e-16 
800,15.982 ,1.40997e-15 
801,16.002 ,2.86333e-15 
802,16.022 ,2.98092e-15 
803,16.042 ,9.86202e-16 
804,16.062 ,3.66e-15 
805,16.082 ,1.99638e-15 
806,16.1019 ,-3.32753e-19 
807,16.1219 ,1.10693e-15 
808,16.1419 ,1.40108e-15 
809,16.1619 ,4.06533e-15 
810,16.1819 ,2.48335e-15 
811,16.2019 ,1.31411e-15 
812,16.2219 ,-3.2689e-15 
813,16.2419 ,-2.52469e-15 
814,16.2619 ,1.57215e-15 
815,16.2819 ,1.75169e-15 
816,16.3018 ,2.43636e-15 
817,16.3218 ,-1.19733e-15 
818,16.3418 ,-3.26629e-15 
819,16.3618 ,-3.39688e-15 
820,16.3818 ,7.67827e-17 
821,16.4018 ,-1.73153e-15 
822,16.4218 ,-2.77013e-15 
823,16.4418 ,-5.21074e-16 
824,16.4618 ,-4.82487e-16 
825,16.4818 ,5.0426e-16 
826,16.5017 ,1.20884e-15 
827,16.5217 ,-1.91529e-15 
828,16.5417 ,-2.58307e-16 
829,16.5617 ,1.79083e-15 
830,16.5817 ,-1.2367e-15 
831,16.6017 ,1.96652e-15 
832,16.6217 ,-2.69557e-15 
833,16.6417 ,1.49703e-16 
834,16.6617 ,2.49381e-15 
835,16.6817 ,4.75027e-15 
836,16.7017 ,1.79366e-15 
837,16.7216 ,-1.06774e-15 
838,16.7416 ,-4.97041e-15 
839,16.7616 ,1.08054e-15 
840,16.7816 ,1.32998e-15 
841,16.8016 ,-8.8553e-16 
842,16.8216 ,1.09999e-15 
843,16.8416 ,2.73134e-15 
844,16.8616 ,1.38489e-15 
845,16.8816 ,-3.13437e-15 
846,16.9016 ,-4.9986e-15 
847,16.9215 ,-5.51185e-15 
848,16.9415 ,-1.9657e-15 
849,16.9615 ,-1.13424e-15 
850,16.9815 ,-3.25912e-16 
851,17.0015 ,-7.1004e-16 
852,17.0215 ,1.46108e-15 
853,17.0415 ,1.02991e-15 
854,17.0615 ,-3.50851e-15 
855,17.0815 ,-1.42747e-15 
856,17.1014 ,1.73143e-15 
857,17.1214 ,1.82351e-15 
858,17.1414 ,6.41666e-15 
859,17.1614 ,5.72341e-15 
860,17.1814 ,6.56586e-15 
861,17.2014 ,4.71863e-15 
862,17.2214 ,-1.84474e-15 
863,17.2414 ,-3.53029e-15 
864,17.2614 ,9.62284e-16 
865,17.2814 ,-4.60597e-16 
866,17.3013 ,-2.06743e-15 
867,17.3213 ,-1.41529e-15 
868,17.3413 ,1.38273e-15 
869,17.3613 ,-9.67889e-16 
870,17.3813 ,3.14272e-15 
871,17.4013 ,4.52956e-16 
872,17.4213 ,4.80228e-15 
873,17.4413 ,8.40535e-16 
874,17.4613 ,-1.04523e-15 
875,17.4813 ,-2.84768e-16 
876,17.5012 ,2.91377e-16 
877,17.5212 ,7.28891e-16 
878,17.5412 ,-2.99783e-15 
879,17.5612 ,-3.41014e-15 
880,17.5812 ,3.67482e-15 
881,17.6012 ,4.71986e-15 
882,17.6212 ,-1.70041e-15 
883,17.6412 ,-9.72092e-16 
884,17.6612 ,5.69327e-15 
885,17.6812 ,1.35655e-15 
886,17.7011 ,1.55176e-15 
887,17.7211 ,-3.01484e-15 
888,17.7411 ,-2.92267e-15 
889,17.7611 ,3.44507e-16 
890,17.7811 ,5.29071e-16 
891,17.8011 ,3.23005e-16 
892,17.8211 ,2.00086e-15 
893,17.8411 ,6.76362e-16 
894,17.8611 ,4.23238e-16 
895,17.8811 ,1.57441e-15 
896,17.901 ,1.16272e-15 
897,17.921 ,-5.90646e-17 
898,17.941 ,-1.89494e-15 
899,17.961 ,1.17948e-16 
900,17.981 ,4.16635e-17 
901,18.001 ,-1.49079e-15 
902,18.021 ,4.30234e-17 
903,18.041 ,-6.39115e-16 
904,18.061 ,3.81123e-16 
905,18.081 ,-3.49633e-15 
906,18.1009 ,-5.35021e-16 
907,18.1209 ,1.1115e-15 
908,18.1409 ,-3.40396e-16 
909,18.1609 ,-9.93353e-16 
910,18.1809 ,1.66509e-15 
911,18.2009 ,1.83728e-15 
912,18.2209 ,1.27708e-15 
913,18.2409 ,1.17733e-16 
914,18.2609 ,2.51823e-15 
915,18.2809 ,-4.16156e-16 
916,18.3009 ,2.73384e-15 
917,18.3208 ,5.18901e-16 
918,18.3408 ,-7.14073e-16 
919,18.3608 ,-1.66724e-15 
920,18.3808 ,1.75581e-15 
921,18.4008 ,2.16441e-15 
922,18.4208 ,4.35719e-16 
923,18.4408 ,4.80903e-16 
924,18.4608 ,-1.94475e-15 
925,18.4808 ,-2.17404e-15 
926,18.5008 ,-2.23273e-15 
927,18.5207 ,-2.30351e-15 
928,18.5407 ,1.44904e-15 
929,18.5607 ,1.65121e-15 
930,18.5807 ,-3.11572e-15 
931,18.6007 ,-3.8276e-15 
932,18.6207 ,1.00516e-15 
933,18.6407 ,-1.16832e-15 
934,18.6607 ,1.1147e-15 
935,18.6807 ,4.63841e-15 
936,18.7006 ,2.32446e-15 
937,18.7206 ,1.43029e-15 
938,18.7406 ,1.89236e-15 
939,18.7606 ,-2.30545e-15 
940,18.7806 ,-8.3843e-16 
941,18.8006 ,9.4588e-16 
942,18.8206 ,1.12697e-15 
943,18.8406 ,2.84696e-15 
944,18.8606 ,5.844e-16 
945,18.8806 ,4.18463e-15 
946,18.9005 ,1.59943e-15 
947,18.9205 ,1.22031e-15 
948,18.9405 ,8.0013e-15 
949,18.9605 ,1.24474e-14 
950,18.9805 ,2.88033e-14 
951,19.0005 ,5.62085e-14 
952,19.0205 ,1.08799e-13 
953,19.0405 ,2.11733e-13 
954,19.0605 ,4.21819e-13 
955,19.0805 ,8.33612e-13 
956,19.1004 ,1.64462e-12 
957,19.1204 ,3.24601e-12 
958,19.1404 ,6.41307e-12 
959,19.1604 ,1.26527e-11 
960,19.1804 ,2.49764e-11 
961,19.2004 ,4.92948e-11 
962,19.2204 ,9.72868e-11 
963,19.2404 ,1.92014e-10 
964,19.2604 ,3.7897e-10 
965,19.2804 ,7.47954e-10 
966,19.3003 ,1.4762e-09 
967,19.3203 ,2.91347e-09 
968,19.3403 ,5.75014e-09 
969,19.3603 ,1.13487e-08 
970,19.3803 ,2.23983e-08 
971,19.4003 ,4.42061e-08 
972,19.4203 ,8.72469e-08 
973,19.4403 ,1.72194e-07 
974,19.4603 ,3.39849e-07 
975,19.4803 ,6.70739e-07 
976,19.5002 ,1.3238e-06 
977,19.5202 ,2.6127e-06 
978,19.5402 ,5.15652e-06 
979,19.5602 ,1.01771e-05 
980,19.5802 ,2.0086e-05 
981,19.6002 ,3.96425e-05 
982,19.6202 ,7.824e-05 
983,19.6402 ,0.000154418 
984,19.6602 ,0.000304765 
985,19.6802 ,0.000601496 
986,19.7002 ,0.00118714 
987,19.7201 ,0.00234298 
988,19.7401 ,0.0046242 
989,19.7601 ,0.00912651 
990,19.7801 ,0.0180125 
991,19.8001 ,0.0355501 
992,19.8201 ,0.0701632 
993,19.8401 ,0.138477 
994,19.8601 ,0.273304 
995,19.8801 ,0.539403 
996,19.9001 ,1.06459 
997,19.92 ,2.10111 
998,19.94 ,4.14685 
999,19.96 ,8.18438 
1000,19.98 ,16.3183 