
1,0.01 ,2.60225e-05 
2,0.02999 ,0.000184286 
3,0.04998 ,0.000499491 
4,0.06997 ,0.000966731 
5,0.08996 ,0.00158087 
6,0.10995 ,0.00233725 
7,0.12994 ,0.0032314 
8,0.14993 ,0.00425895 
9,0.16992 ,0.00541566 
10,0.18991 ,0.00669736 
11,0.2099 ,0.00809995 
12,0.22989 ,0.00961945 
13,0.24988 ,0.0112519 
14,0.26987 ,0.0129936 
15,0.28986 ,0.0148407 
16,0.30985 ,0.0167895 
17,0.32984 ,0.0188364 
18,0.34983 ,0.020978 
19,0.36982 ,0.0232107 
20,0.38981 ,0.0255312 
21,0.4098 ,0.0279363 
22,0.42979 ,0.0304225 
23,0.44978 ,0.0329869 
24,0.46977 ,0.0356263 
25,0.48976 ,0.0383377 
26,0.50975 ,0.0411181 
27,0.52974 ,0.0439645 
28,0.54973 ,0.0468743 
29,0.56972 ,0.0498446 
30,0.58971 ,0.0528726 
31,0.6097 ,0.0559558 
32,0.62969 ,0.0590916 
33,0.64968 ,0.0622774 
34,0.66967 ,0.0655107 
35,0.68966 ,0.0687891 
36,0.70965 ,0.0721102 
37,0.72964 ,0.0754718 
38,0.74963 ,0.0788716 
39,0.76962 ,0.0823073 
40,0.78961 ,0.0857769 
41,0.8096 ,0.0892781 
42,0.82959 ,0.092809 
43,0.84958 ,0.0963676 
44,0.86957 ,0.0999518 
45,0.88956 ,0.10356 
46,0.90955 ,0.10719 
47,0.92954 ,0.11084 
48,0.94953 ,0.114508 
49,0.96952 ,0.118193 
50,0.98951 ,0.121892 
51,1.0095 ,0.125605 
52,1.02949 ,0.12933 
53,1.04948 ,0.133065 
54,1.06947 ,0.136808 
55,1.08946 ,0.140558 
56,1.10945 ,0.144314 
57,1.12944 ,0.148073 
58,1.14943 ,0.151836 
59,1.16942 ,0.1556 
60,1.18941 ,0.159364 
61,1.2094 ,0.163128 
62,1.22939 ,0.166888 
63,1.24938 ,0.170646 
64,1.26937 ,0.174398 
65,1.28936 ,0.178145 
66,1.30935 ,0.181884 
67,1.32934 ,0.185616 
68,1.34933 ,0.189338 
69,1.36932 ,0.19305 
70,1.38931 ,0.196752 
71,1.4093 ,0.200441 
72,1.42929 ,0.204117 
73,1.44928 ,0.207779 
74,1.46927 ,0.211427 
75,1.48926 ,0.215059 
76,1.50925 ,0.218674 
77,1.52924 ,0.222272 
78,1.54923 ,0.225853 
79,1.56922 ,0.229414 
80,1.58921 ,0.232956 
81,1.6092 ,0.236478 
82,1.62919 ,0.239979 
83,1.64918 ,0.243459 
84,1.66917 ,0.246916 
85,1.68916 ,0.250351 
86,1.70915 ,0.253762 
87,1.72914 ,0.25715 
88,1.74913 ,0.260513 
89,1.76912 ,0.263851 
90,1.78911 ,0.267164 
91,1.8091 ,0.270451 
92,1.82909 ,0.273711 
93,1.84908 ,0.276944 
94,1.86907 ,0.280151 
95,1.88906 ,0.283329 
96,1.90905 ,0.286479 
97,1.92904 ,0.289601 
98,1.94903 ,0.292694 
99,1.96902 ,0.295758 
100,1.98901 ,0.298792 
101,2.009 ,0.301797 
102,2.02899 ,0.304771 
103,2.04898 ,0.307715 
104,2.06897 ,0.310628 
105,2.08896 ,0.31351 
106,2.10895 ,0.316361 
107,2.12894 ,0.31918 
108,2.14893 ,0.321968 
109,2.16892 ,0.324724 
110,2.18891 ,0.327448 
111,2.2089 ,0.33014 
112,2.22889 ,0.332799 
113,2.24888 ,0.335426 
114,2.26887 ,0.33802 
115,2.28886 ,0.340582 
116,2.30885 ,0.34311 
117,2.32884 ,0.345605 
118,2.34883 ,0.348067 
119,2.36882 ,0.350496 
120,2.38881 ,0.352892 
121,2.4088 ,0.355254 
122,2.42879 ,0.357583 
123,2.44878 ,0.359878 
124,2.46877 ,0.36214 
125,2.48876 ,0.364368 
126,2.50875 ,0.366563 
127,2.52874 ,0.368724 
128,2.54873 ,0.370851 
129,2.56872 ,0.372945 
130,2.58871 ,0.375005 
131,2.6087 ,0.377031 
132,2.62869 ,0.379024 
133,2.64868 ,0.380984 
134,2.66867 ,0.38291 
135,2.68866 ,0.384802 
136,2.70865 ,0.386661 
137,2.72864 ,0.388487 
138,2.74863 ,0.390279 
139,2.76862 ,0.392039 
140,2.78861 ,0.393765 
141,2.8086 ,0.395458 
142,2.82859 ,0.397118 
143,2.84858 ,0.398745 
144,2.86857 ,0.40034 
145,2.88856 ,0.401902 
146,2.90855 ,0.403431 
147,2.92854 ,0.404928 
148,2.94853 ,0.406392 
149,2.96852 ,0.407825 
150,2.98851 ,0.409225 
151,3.0085 ,0.410593 
152,3.02849 ,0.41193 
153,3.04848 ,0.413234 
154,3.06847 ,0.414508 
155,3.08846 ,0.41575 
156,3.10845 ,0.416961 
157,3.12844 ,0.41814 
158,3.14843 ,0.419289 
159,3.16842 ,0.420407 
160,3.18841 ,0.421495 
161,3.2084 ,0.422552 
162,3.22839 ,0.423578 
163,3.24838 ,0.424575 
164,3.26837 ,0.425542 
165,3.28836 ,0.426479 
166,3.30835 ,0.427387 
167,3.32834 ,0.428265 
168,3.34833 ,0.429114 
169,3.36832 ,0.429934 
170,3.38831 ,0.430726 
171,3.4083 ,0.431489 
172,3.42829 ,0.432223 
173,3.44828 ,0.432929 
174,3.46827 ,0.433607 
175,3.48826 ,0.434258 
176,3.50825 ,0.434881 
177,3.52824 ,0.435476 
178,3.54823 ,0.436045 
179,3.56822 ,0.436586 
180,3.58821 ,0.4371 
181,3.6082 ,0.437588 
182,3.62819 ,0.43805 
183,3.64818 ,0.438485 
184,3.66817 ,0.438895 
185,3.68816 ,0.439279 
186,3.70815 ,0.439637 
187,3.72814 ,0.43997 
188,3.74813 ,0.440278 
189,3.76812 ,0.440561 
190,3.78811 ,0.44082 
191,3.8081 ,0.441054 
192,3.82809 ,0.441264 
193,3.84808 ,0.44145 
194,3.86807 ,0.441612 
195,3.88806 ,0.441751 
196,3.90805 ,0.441866 
197,3.92804 ,0.441958 
198,3.94803 ,0.442028 
199,3.96802 ,0.442074 
200,3.98801 ,0.442099 
201,4.008 ,0.442101 
202,4.02799 ,0.442081 
203,4.04798 ,0.442039 
204,4.06797 ,0.441976 
205,4.08796 ,0.441891 
206,4.10795 ,0.441785 
207,4.12794 ,0.441659 
208,4.14793 ,0.441511 
209,4.16792 ,0.441343 
210,4.18791 ,0.441155 
211,4.2079 ,0.440947 
212,4.22789 ,0.44072 
213,4.24788 ,0.440472 
214,4.26787 ,0.440205 
215,4.28786 ,0.43992 
216,4.30785 ,0.439615 
217,4.32784 ,0.439291 
218,4.34783 ,0.438949 
219,4.36782 ,0.438589 
220,4.38781 ,0.43821 
221,4.4078 ,0.437814 
222,4.42779 ,0.4374 
223,4.44778 ,0.436969 
224,4.46777 ,0.436521 
225,4.48776 ,0.436055 
226,4.50775 ,0.435573 
227,4.52774 ,0.435074 
228,4.54773 ,0.434559 
229,4.56772 ,0.434027 
230,4.58771 ,0.43348 
231,4.6077 ,0.432917 
232,4.62769 ,0.432338 
233,4.64768 ,0.431744 
234,4.66767 ,0.431135 
235,4.68766 ,0.430511 
236,4.70765 ,0.429872 
237,4.72764 ,0.429219 
238,4.74763 ,0.428551 
239,4.76762 ,0.427869 
240,4.78761 ,0.427173 
241,4.8076 ,0.426464 
242,4.82759 ,0.425741 
243,4.84758 ,0.425004 
244,4.86757 ,0.424255 
245,4.88756 ,0.423492 
246,4.90755 ,0.422717 
247,4.92754 ,0.421929 
248,4.94753 ,0.421129 
249,4.96752 ,0.420316 
250,4.98751 ,0.419492 
251,5.0075 ,0.418655 
252,5.02749 ,0.417807 
253,5.04748 ,0.416948 
254,5.06747 ,0.416077 
255,5.08746 ,0.415195 
256,5.10745 ,0.414303 
257,5.12744 ,0.413399 
258,5.14743 ,0.412485 
259,5.16742 ,0.41156 
260,5.18741 ,0.410626 
261,5.2074 ,0.409681 
262,5.22739 ,0.408726 
263,5.24738 ,0.407762 
264,5.26737 ,0.406788 
265,5.28736 ,0.405805 
266,5.30735 ,0.404812 
267,5.32734 ,0.403811 
268,5.34733 ,0.4028 
269,5.36732 ,0.401781 
270,5.38731 ,0.400754 
271,5.4073 ,0.399718 
272,5.42729 ,0.398674 
273,5.44728 ,0.397621 
274,5.46727 ,0.396561 
275,5.48726 ,0.395493 
276,5.50725 ,0.394418 
277,5.52724 ,0.393335 
278,5.54723 ,0.392244 
279,5.56722 ,0.391147 
280,5.58721 ,0.390043 
281,5.6072 ,0.388931 
282,5.62719 ,0.387813 
283,5.64718 ,0.386689 
284,5.66717 ,0.385558 
285,5.68716 ,0.384421 
286,5.70715 ,0.383277 
287,5.72714 ,0.382128 
288,5.74713 ,0.380973 
289,5.76712 ,0.379812 
290,5.78711 ,0.378646 
291,5.8071 ,0.377474 
292,5.82709 ,0.376297 
293,5.84708 ,0.375115 
294,5.86707 ,0.373927 
295,5.88706 ,0.372735 
296,5.90705 ,0.371538 
297,5.92704 ,0.370337 
298,5.94703 ,0.369131 
299,5.96702 ,0.36792 
300,5.98701 ,0.366705 
301,6.007 ,0.365486 
302,6.02699 ,0.364263 
303,6.04698 ,0.363037 
304,6.06697 ,0.361806 
305,6.08696 ,0.360572 
306,6.10695 ,0.359334 
307,6.12694 ,0.358093 
308,6.14693 ,0.356848 
309,6.16692 ,0.3556 
310,6.18691 ,0.354349 
311,6.2069 ,0.353096 
312,6.22689 ,0.351839 
313,6.24688 ,0.350579 
314,6.26687 ,0.349317 
315,6.28686 ,0.348053 
316,6.30685 ,0.346785 
317,6.32684 ,0.345516 
318,6.34683 ,0.344244 
319,6.36682 ,0.342971 
320,6.38681 ,0.341695 
321,6.4068 ,0.340417 
322,6.42679 ,0.339137 
323,6.44678 ,0.337856 
324,6.46677 ,0.336573 
325,6.48676 ,0.335289 
326,6.50675 ,0.334003 
327,6.52674 ,0.332715 
328,6.54673 ,0.331427 
329,6.56672 ,0.330137 
330,6.58671 ,0.328846 
331,6.6067 ,0.327555 
332,6.62669 ,0.326262 
333,6.64668 ,0.324968 
334,6.66667 ,0.323674 
335,6.68666 ,0.322379 
336,6.70665 ,0.321084 
337,6.72664 ,0.319788 
338,6.74663 ,0.318491 
339,6.76662 ,0.317195 
340,6.78661 ,0.315898 
341,6.8066 ,0.314601 
342,6.82659 ,0.313304 
343,6.84658 ,0.312006 
344,6.86657 ,0.310709 
345,6.88656 ,0.309412 
346,6.90655 ,0.308116 
347,6.92654 ,0.306819 
348,6.94653 ,0.305523 
349,6.96652 ,0.304227 
350,6.98651 ,0.302932 
351,7.0065 ,0.301638 
352,7.02649 ,0.300344 
353,7.04648 ,0.29905 
354,7.06647 ,0.297758 
355,7.08646 ,0.296466 
356,7.10645 ,0.295175 
357,7.12644 ,0.293886 
358,7.14643 ,0.292597 
359,7.16642 ,0.291309 
360,7.18641 ,0.290023 
361,7.2064 ,0.288737 
362,7.22639 ,0.287453 
363,7.24638 ,0.28617 
364,7.26637 ,0.284889 
365,7.28636 ,0.283609 
366,7.30635 ,0.282331 
367,7.32634 ,0.281054 
368,7.34633 ,0.279779 
369,7.36632 ,0.278505 
370,7.38631 ,0.277233 
371,7.4063 ,0.275963 
372,7.42629 ,0.274694 
373,7.44628 ,0.273428 
374,7.46627 ,0.272163 
375,7.48626 ,0.270901 
376,7.50625 ,0.26964 
377,7.52624 ,0.268382 
378,7.54623 ,0.267125 
379,7.56622 ,0.265871 
380,7.58621 ,0.264619 
381,7.6062 ,0.263369 
382,7.62619 ,0.262121 
383,7.64618 ,0.260876 
384,7.66617 ,0.259633 
385,7.68616 ,0.258392 
386,7.70615 ,0.257154 
387,7.72614 ,0.255918 
388,7.74613 ,0.254685 
389,7.76612 ,0.253455 
390,7.78611 ,0.252227 
391,7.8061 ,0.251001 
392,7.82609 ,0.249779 
393,7.84608 ,0.248559 
394,7.86607 ,0.247342 
395,7.88606 ,0.246127 
396,7.90605 ,0.244915 
397,7.92604 ,0.243707 
398,7.94603 ,0.242501 
399,7.96602 ,0.241298 
400,7.98601 ,0.240098 
401,8.006 ,0.2389 
402,8.02599 ,0.237706 
403,8.04598 ,0.236515 
404,8.06597 ,0.235327 
405,8.08596 ,0.234142 
406,8.10595 ,0.23296 
407,8.12594 ,0.231782 
408,8.14593 ,0.230606 
409,8.16592 ,0.229434 
410,8.18591 ,0.228264 
411,8.2059 ,0.227099 
412,8.22589 ,0.225936 
413,8.24588 ,0.224777 
414,8.26587 ,0.22362 
415,8.28586 ,0.222468 
416,8.30585 ,0.221318 
417,8.32584 ,0.220172 
418,8.34583 ,0.21903 
419,8.36582 ,0.217891 
420,8.38581 ,0.216755 
421,8.4058 ,0.215623 
422,8.42579 ,0.214494 
423,8.44578 ,0.213368 
424,8.46577 ,0.212247 
425,8.48576 ,0.211128 
426,8.50575 ,0.210014 
427,8.52574 ,0.208903 
428,8.54573 ,0.207795 
429,8.56572 ,0.206691 
430,8.58571 ,0.205591 
431,8.6057 ,0.204494 
432,8.62569 ,0.203401 
433,8.64568 ,0.202311 
434,8.66567 ,0.201226 
435,8.68566 ,0.200144 
436,8.70565 ,0.199065 
437,8.72564 ,0.197991 
438,8.74563 ,0.19692 
439,8.76562 ,0.195853 
440,8.78561 ,0.194789 
441,8.8056 ,0.193729 
442,8.82559 ,0.192673 
443,8.84558 ,0.191621 
444,8.86557 ,0.190573 
445,8.88556 ,0.189528 
446,8.90555 ,0.188488 
447,8.92554 ,0.187451 
448,8.94553 ,0.186417 
449,8.96552 ,0.185388 
450,8.98551 ,0.184363 
451,9.0055 ,0.183341 
452,9.02549 ,0.182323 
453,9.04548 ,0.181309 
454,9.06547 ,0.180299 
455,9.08546 ,0.179293 
456,9.10545 ,0.178291 
457,9.12544 ,0.177292 
458,9.14543 ,0.176298 
459,9.16542 ,0.175307 
460,9.18541 ,0.174321 
461,9.2054 ,0.173338 
462,9.22539 ,0.172359 
463,9.24538 ,0.171384 
464,9.26537 ,0.170412 
465,9.28536 ,0.169445 
466,9.30535 ,0.168482 
467,9.32534 ,0.167523 
468,9.34533 ,0.166567 
469,9.36532 ,0.165615 
470,9.38531 ,0.164668 
471,9.4053 ,0.163724 
472,9.42529 ,0.162784 
473,9.44528 ,0.161848 
474,9.46527 ,0.160916 
475,9.48526 ,0.159988 
476,9.50525 ,0.159064 
477,9.52524 ,0.158144 
478,9.54523 ,0.157228 
479,9.56522 ,0.156316 
480,9.58521 ,0.155407 
481,9.6052 ,0.154503 
482,9.62519 ,0.153602 
483,9.64518 ,0.152705 
484,9.66517 ,0.151813 
485,9.68516 ,0.150924 
486,9.70515 ,0.150039 
487,9.72514 ,0.149158 
488,9.74513 ,0.148281 
489,9.76512 ,0.147407 
490,9.78511 ,0.146538 
491,9.8051 ,0.145673 
492,9.82509 ,0.144811 
493,9.84508 ,0.143953 
494,9.86507 ,0.1431 
495,9.88506 ,0.14225 
496,9.90505 ,0.141404 
497,9.92504 ,0.140561 
498,9.94503 ,0.139723 
499,9.96502 ,0.138889 
500,9.98501 ,0.138058 
501,10.005 ,0.137231 
502,10.025 ,0.136408 
503,10.045 ,0.135589 
504,10.065 ,0.134774 
505,10.085 ,0.133963 
506,10.1049 ,0.133155 
507,10.1249 ,0.132351 
508,10.1449 ,0.131551 
509,10.1649 ,0.130755 
510,10.1849 ,0.129963 
511,10.2049 ,0.129174 
512,10.2249 ,0.128389 
513,10.2449 ,0.127608 
514,10.2649 ,0.126831 
515,10.2849 ,0.126058 
516,10.3048 ,0.125288 
517,10.3248 ,0.124522 
518,10.3448 ,0.123759 
519,10.3648 ,0.123001 
520,10.3848 ,0.122246 
521,10.4048 ,0.121495 
522,10.4248 ,0.120747 
523,10.4448 ,0.120004 
524,10.4648 ,0.119264 
525,10.4848 ,0.118527 
526,10.5047 ,0.117795 
527,10.5247 ,0.117065 
528,10.5447 ,0.11634 
529,10.5647 ,0.115618 
530,10.5847 ,0.1149 
531,10.6047 ,0.114186 
532,10.6247 ,0.113475 
533,10.6447 ,0.112767 
534,10.6647 ,0.112064 
535,10.6847 ,0.111364 
536,10.7046 ,0.110667 
537,10.7246 ,0.109974 
538,10.7446 ,0.109285 
539,10.7646 ,0.108599 
540,10.7846 ,0.107916 
541,10.8046 ,0.107238 
542,10.8246 ,0.106562 
543,10.8446 ,0.10589 
544,10.8646 ,0.105222 
545,10.8846 ,0.104557 
546,10.9045 ,0.103896 
547,10.9245 ,0.103238 
548,10.9445 ,0.102584 
549,10.9645 ,0.101933 
550,10.9845 ,0.101285 
551,11.0045 ,0.100641 
552,11.0245 ,0.1 
553,11.0445 ,0.0993627 
554,11.0645 ,0.0987288 
555,11.0845 ,0.0980982 
556,11.1044 ,0.097471 
557,11.1244 ,0.0968471 
558,11.1444 ,0.0962266 
559,11.1644 ,0.0956094 
560,11.1844 ,0.0949955 
561,11.2044 ,0.094385 
562,11.2244 ,0.0937777 
563,11.2444 ,0.0931737 
564,11.2644 ,0.092573 
565,11.2844 ,0.0919756 
566,11.3043 ,0.0913814 
567,11.3243 ,0.0907904 
568,11.3443 ,0.0902027 
569,11.3643 ,0.0896182 
570,11.3843 ,0.0890369 
571,11.4043 ,0.0884588 
572,11.4243 ,0.0878838 
573,11.4443 ,0.0873121 
574,11.4643 ,0.0867435 
575,11.4843 ,0.086178 
576,11.5042 ,0.0856157 
577,11.5242 ,0.0850565 
578,11.5442 ,0.0845004 
579,11.5642 ,0.0839474 
580,11.5842 ,0.0833975 
581,11.6042 ,0.0828507 
582,11.6242 ,0.0823069 
583,11.6442 ,0.0817662 
584,11.6642 ,0.0812285 
585,11.6842 ,0.0806938 
586,11.7041 ,0.0801622 
587,11.7241 ,0.0796336 
588,11.7441 ,0.0791079 
589,11.7641 ,0.0785852 
590,11.7841 ,0.0780655 
591,11.8041 ,0.0775488 
592,11.8241 ,0.0770349 
593,11.8441 ,0.0765241 
594,11.8641 ,0.0760161 
595,11.8841 ,0.075511 
596,11.904 ,0.0750089 
597,11.924 ,0.0745096 
598,11.944 ,0.0740131 
599,11.964 ,0.0735196 
600,11.984 ,0.0730288 
601,12.004 ,0.072541 
602,12.024 ,0.0720559 
603,12.044 ,0.0715736 
604,12.064 ,0.0710941 
605,12.084 ,0.0706175 
606,12.1039 ,0.0701435 
607,12.1239 ,0.0696724 
608,12.1439 ,0.069204 
609,12.1639 ,0.0687383 
610,12.1839 ,0.0682753 
611,12.2039 ,0.0678151 
612,12.2239 ,0.0673575 
613,12.2439 ,0.0669026 
614,12.2639 ,0.0664505 
615,12.2839 ,0.0660009 
616,12.3038 ,0.065554 
617,12.3238 ,0.0651098 
618,12.3438 ,0.0646682 
619,12.3638 ,0.0642292 
620,12.3838 ,0.0637927 
621,12.4038 ,0.0633589 
622,12.4238 ,0.0629277 
623,12.4438 ,0.062499 
624,12.4638 ,0.0620729 
625,12.4838 ,0.0616493 
626,12.5037 ,0.0612282 
627,12.5237 ,0.0608097 
628,12.5437 ,0.0603936 
629,12.5637 ,0.0599801 
630,12.5837 ,0.059569 
631,12.6037 ,0.0591604 
632,12.6237 ,0.0587542 
633,12.6437 ,0.0583505 
634,12.6637 ,0.0579493 
635,12.6837 ,0.0575504 
636,12.7036 ,0.057154 
637,12.7236 ,0.0567599 
638,12.7436 ,0.0563683 
639,12.7636 ,0.055979 
640,12.7836 ,0.0555921 
641,12.8036 ,0.0552075 
642,12.8236 ,0.0548253 
643,12.8436 ,0.0544453 
644,12.8636 ,0.0540677 
645,12.8836 ,0.0536925 
646,12.9035 ,0.0533195 
647,12.9235 ,0.0529487 
648,12.9435 ,0.0525803 
649,12.9635 ,0.0522141 
650,12.9835 ,0.0518501 
651,13.0035 ,0.0514884 
652,13.0235 ,0.0511289 
653,13.0435 ,0.0507716 
654,13.0635 ,0.0504166 
655,13.0835 ,0.0500637 
656,13.1034 ,0.0497129 
657,13.1234 ,0.0493644 
658,13.1434 ,0.049018 
659,13.1634 ,0.0486737 
660,13.1834 ,0.0483316 
661,13.2034 ,0.0479916 
662,13.2234 ,0.0476537 
663,13.2434 ,0.0473179 
664,13.2634 ,0.0469842 
665,13.2834 ,0.0466526 
666,13.3033 ,0.046323 
667,13.3233 ,0.0459955 
668,13.3433 ,0.04567 
669,13.3633 ,0.0453466 
670,13.3833 ,0.0450251 
671,13.4033 ,0.0447057 
672,13.4233 ,0.0443883 
673,13.4433 ,0.0440729 
674,13.4633 ,0.0437594 
675,13.4833 ,0.043448 
676,13.5032 ,0.0431384 
677,13.5232 ,0.0428309 
678,13.5432 ,0.0425252 
679,13.5632 ,0.0422215 
680,13.5832 ,0.0419197 
681,13.6032 ,0.0416198 
682,13.6232 ,0.0413218 
683,13.6432 ,0.0410257 
684,13.6632 ,0.0407314 
685,13.6832 ,0.040439 
686,13.7031 ,0.0401485 
687,13.7231 ,0.0398597 
688,13.7431 ,0.0395729 
689,13.7631 ,0.0392878 
690,13.7831 ,0.0390046 
691,13.8031 ,0.0387231 
692,13.8231 ,0.0384435 
693,13.8431 ,0.0381656 
694,13.8631 ,0.0378895 
695,13.8831 ,0.0376151 
696,13.903 ,0.0373425 
697,13.923 ,0.0370716 
698,13.943 ,0.0368025 
699,13.963 ,0.0365351 
700,13.983 ,0.0362693 
701,14.003 ,0.0360053 
702,14.023 ,0.035743 
703,14.043 ,0.0354823 
704,14.063 ,0.0352234 
705,14.083 ,0.034966 
706,14.1029 ,0.0347104 
707,14.1229 ,0.0344563 
708,14.1429 ,0.0342039 
709,14.1629 ,0.0339532 
710,14.1829 ,0.033704 
711,14.2029 ,0.0334564 
712,14.2229 ,0.0332104 
713,14.2429 ,0.032966 
714,14.2629 ,0.0327232 
715,14.2829 ,0.032482 
716,14.3028 ,0.0322423 
717,14.3228 ,0.0320041 
718,14.3428 ,0.0317675 
719,14.3628 ,0.0315324 
720,14.3828 ,0.0312988 
721,14.4028 ,0.0310667 
722,14.4228 ,0.0308362 
723,14.4428 ,0.0306071 
724,14.4628 ,0.0303795 
725,14.4828 ,0.0301534 
726,14.5027 ,0.0299287 
727,14.5227 ,0.0297055 
728,14.5427 ,0.0294837 
729,14.5627 ,0.0292634 
730,14.5827 ,0.0290445 
731,14.6027 ,0.028827 
732,14.6227 ,0.028611 
733,14.6427 ,0.0283963 
734,14.6627 ,0.028183 
735,14.6827 ,0.0279711 
736,14.7026 ,0.0277606 
737,14.7226 ,0.0275515 
738,14.7426 ,0.0273437 
739,14.7626 ,0.0271372 
740,14.7826 ,0.0269321 
741,14.8026 ,0.0267284 
742,14.8226 ,0.0265259 
743,14.8426 ,0.0263248 
744,14.8626 ,0.026125 
745,14.8826 ,0.0259265 
746,14.9025 ,0.0257292 
747,14.9225 ,0.0255333 
748,14.9425 ,0.0253386 
749,14.9625 ,0.0251452 
750,14.9825 ,0.0249531 
751,15.0025 ,0.0247622 
752,15.0225 ,0.0245725 
753,15.0425 ,0.0243841 
754,15.0625 ,0.0241969 
755,15.0825 ,0.0240109 
756,15.1024 ,0.0238262 
757,15.1224 ,0.0236426 
758,15.1424 ,0.0234602 
759,15.1624 ,0.0232791 
760,15.1824 ,0.0230991 
761,15.2024 ,0.0229202 
762,15.2224 ,0.0227426 
763,15.2424 ,0.0225661 
764,15.2624 ,0.0223907 
765,15.2824 ,0.0222165 
766,15.3023 ,0.0220434 
767,15.3223 ,0.0218715 
768,15.3423 ,0.0217006 
769,15.3623 ,0.0215309 
770,15.3823 ,0.0213623 
771,15.4023 ,0.0211947 
772,15.4223 ,0.0210283 
773,15.4423 ,0.0208629 
774,15.4623 ,0.0206987 
775,15.4823 ,0.0205354 
776,15.5022 ,0.0203733 
777,15.5222 ,0.0202122 
778,15.5422 ,0.0200521 
779,15.5622 ,0.0198931 
780,15.5822 ,0.0197351 
781,15.6022 ,0.0195782 
782,15.6222 ,0.0194222 
783,15.6422 ,0.0192673 
784,15.6622 ,0.0191133 
785,15.6822 ,0.0189604 
786,15.7021 ,0.0188085 
787,15.7221 ,0.0186575 
788,15.7421 ,0.0185075 
789,15.7621 ,0.0183585 
790,15.7821 ,0.0182104 
791,15.8021 ,0.0180633 
792,15.8221 ,0.0179172 
793,15.8421 ,0.0177719 
794,15.8621 ,0.0176277 
795,15.8821 ,0.0174843 
796,15.902 ,0.0173419 
797,15.922 ,0.0172004 
798,15.942 ,0.0170598 
799,15.962 ,0.0169201 
800,15.982 ,0.0167813 
801,16.002 ,0.0166434 
802,16.022 ,0.0165063 
803,16.042 ,0.0163702 
804,16.062 ,0.0162349 
805,16.082 ,0.0161005 
806,16.1019 ,0.0159669 
807,16.1219 ,0.0158342 
808,16.1419 ,0.0157024 
809,16.1619 ,0.0155713 
810,16.1819 ,0.0154411 
811,16.2019 ,0.0153118 
812,16.2219 ,0.0151832 
813,16.2419 ,0.0150555 
814,16.2619 ,0.0149286 
815,16.2819 ,0.0148025 
816,16.3018 ,0.0146772 
817,16.3218 ,0.0145526 
818,16.3418 ,0.0144289 
819,16.3618 ,0.0143059 
820,16.3818 ,0.0141837 
821,16.4018 ,0.0140623 
822,16.4218 ,0.0139417 
823,16.4418 ,0.0138217 
824,16.4618 ,0.0137026 
825,16.4818 ,0.0135842 
826,16.5017 ,0.0134665 
827,16.5217 ,0.0133496 
828,16.5417 ,0.0132333 
829,16.5617 ,0.0131178 
830,16.5817 ,0.0130031 
831,16.6017 ,0.012889 
832,16.6217 ,0.0127756 
833,16.6417 ,0.012663 
834,16.6617 ,0.012551 
835,16.6817 ,0.0124397 
836,16.7017 ,0.0123291 
837,16.7216 ,0.0122192 
838,16.7416 ,0.0121099 
839,16.7616 ,0.0120013 
840,16.7816 ,0.0118934 
841,16.8016 ,0.0117861 
842,16.8216 ,0.0116795 
843,16.8416 ,0.0115736 
844,16.8616 ,0.0114682 
845,16.8816 ,0.0113635 
846,16.9016 ,0.0112594 
847,16.9215 ,0.011156 
848,16.9415 ,0.0110532 
849,16.9615 ,0.0109509 
850,16.9815 ,0.0108493 
851,17.0015 ,0.0107483 
852,17.0215 ,0.0106479 
853,17.0415 ,0.0105481 
854,17.0615 ,0.0104489 
855,17.0815 ,0.0103502 
856,17.1014 ,0.0102522 
857,17.1214 ,0.0101547 
858,17.1414 ,0.0100578 
859,17.1614 ,0.0099614 
860,17.1814 ,0.0098656 
861,17.2014 ,0.00977035 
862,17.2214 ,0.00967565 
863,17.2414 ,0.00958149 
864,17.2614 ,0.00948787 
865,17.2814 ,0.00939479 
866,17.3013 ,0.00930223 
867,17.3213 ,0.0092102 
868,17.3413 ,0.00911869 
869,17.3613 ,0.0090277 
870,17.3813 ,0.00893721 
871,17.4013 ,0.00884723 
872,17.4213 ,0.00875775 
873,17.4413 ,0.00866877 
874,17.4613 ,0.00858028 
875,17.4813 ,0.00849227 
876,17.5012 ,0.00840475 
877,17.5212 ,0.0083177 
878,17.5412 ,0.00823113 
879,17.5612 ,0.00814503 
880,17.5812 ,0.00805939 
881,17.6012 ,0.00797421 
882,17.6212 ,0.00788949 
883,17.6412 ,0.00780521 
884,17.6612 ,0.00772138 
885,17.6812 ,0.007638 
886,17.7011 ,0.00755505 
887,17.7211 ,0.00747253 
888,17.7411 ,0.00739045 
889,17.7611 ,0.00730878 
890,17.7811 ,0.00722754 
891,17.8011 ,0.00714671 
892,17.8211 ,0.0070663 
893,17.8411 ,0.00698629 
894,17.8611 ,0.00690668 
895,17.8811 ,0.00682747 
896,17.901 ,0.00674865 
897,17.921 ,0.00667023 
898,17.941 ,0.00659219 
899,17.961 ,0.00651453 
900,17.981 ,0.00643725 
901,18.001 ,0.00636034 
902,18.021 ,0.0062838 
903,18.041 ,0.00620762 
904,18.061 ,0.00613181 
905,18.081 ,0.00605635 
906,18.1009 ,0.00598124 
907,18.1209 ,0.00590648 
908,18.1409 ,0.00583206 
909,18.1609 ,0.00575799 
910,18.1809 ,0.00568425 
911,18.2009 ,0.00561084 
912,18.2209 ,0.00553776 
913,18.2409 ,0.005465 
914,18.2609 ,0.00539257 
915,18.2809 ,0.00532045 
916,18.3009 ,0.00524864 
917,18.3208 ,0.00517713 
918,18.3408 ,0.00510593 
919,18.3608 ,0.00503504 
920,18.3808 ,0.00496443 
921,18.4008 ,0.00489412 
922,18.4208 ,0.0048241 
923,18.4408 ,0.00475436 
924,18.4608 ,0.0046849 
925,18.4808 ,0.00461572 
926,18.5008 ,0.0045468 
927,18.5207 ,0.00447816 
928,18.5407 ,0.00440978 
929,18.5607 ,0.00434167 
930,18.5807 ,0.00427381 
931,18.6007 ,0.0042062 
932,18.6207 ,0.00413884 
933,18.6407 ,0.00407173 
934,18.6607 ,0.00400486 
935,18.6807 ,0.00393822 
936,18.7006 ,0.00387182 
937,18.7206 ,0.00380565 
938,18.7406 ,0.00373971 
939,18.7606 ,0.00367399 
940,18.7806 ,0.00360849 
941,18.8006 ,0.0035432 
942,18.8206 ,0.00347813 
943,18.8406 ,0.00341326 
944,18.8606 ,0.00334859 
945,18.8806 ,0.00328413 
946,18.9005 ,0.00321986 
947,18.9205 ,0.00315579 
948,18.9405 ,0.0030919 
949,18.9605 ,0.0030282 
950,18.9805 ,0.00296469 
951,19.0005 ,0.00290134 
952,19.0205 ,0.00283818 
953,19.0405 ,0.00277518 
954,19.0605 ,0.00271235 
955,19.0805 ,0.00264969 
956,19.1004 ,0.00258718 
957,19.1204 ,0.00252483 
958,19.1404 ,0.00246263 
959,19.1604 ,0.00240058 
960,19.1804 ,0.00233868 
961,19.2004 ,0.00227691 
962,19.2204 ,0.00221529 
963,19.2404 ,0.00215379 
964,19.2604 ,0.00209243 
965,19.2804 ,0.0020312 
966,19.3003 ,0.00197009 
967,19.3203 ,0.00190909 
968,19.3403 ,0.00184822 
969,19.3603 ,0.00178745 
970,19.3803 ,0.0017268 
971,19.4003 ,0.00166625 
972,19.4203 ,0.0016058 
973,19.4403 ,0.00154544 
974,19.4603 ,0.00148519 
975,19.4803 ,0.00142502 
976,19.5002 ,0.00136494 
977,19.5202 ,0.00130494 
978,19.5402 ,0.00124503 
979,19.5602 ,0.00118518 
980,19.5802 ,0.00112542 
981,19.6002 ,0.00106572 
982,19.6202 ,0.00100608 
983,19.6402 ,0.000946507 
984,19.6602 ,0.000886992 
985,19.6802 ,0.000827531 
986,19.7002 ,0.000768121 
987,19.7201 ,0.000708758 
988,19.7401 ,0.000649439 
989,19.7601 ,0.00059016 
990,19.7801 ,0.000530916 
991,19.8001 ,0.000471706 
992,19.8201 ,0.000412525 
993,19.8401 ,0.000353369 
994,19.8601 ,0.000294234 
995,19.8801 ,0.000235118 
996,19.9001 ,0.000176017 
997,19.92 ,0.000116926 
998,19.94 ,5.78425e-05 
999,19.96 ,-1.23736e-06 
1000,19.98 ,-6.04408e-05 