
1,0.01 ,-6.10698e-08 
2,0.02999 ,-1.55731e-06 
3,0.04998 ,-7.14967e-06 
4,0.06997 ,-1.94826e-05 
5,0.08996 ,-4.11233e-05 
6,0.10995 ,-7.4566e-05 
7,0.12994 ,-0.000122231 
8,0.14993 ,-0.000186467 
9,0.16992 ,-0.000269546 
10,0.18991 ,-0.000373671 
11,0.2099 ,-0.000500969 
12,0.22989 ,-0.000653496 
13,0.24988 ,-0.000833236 
14,0.26987 ,-0.0010421 
15,0.28986 ,-0.00128193 
16,0.30985 ,-0.0015545 
17,0.32984 ,-0.00186151 
18,0.34983 ,-0.00220457 
19,0.36982 ,-0.00258526 
20,0.38981 ,-0.00300506 
21,0.4098 ,-0.0034654 
22,0.42979 ,-0.00396761 
23,0.44978 ,-0.004513 
24,0.46977 ,-0.00510278 
25,0.48976 ,-0.00573808 
26,0.50975 ,-0.00642001 
27,0.52974 ,-0.00714958 
28,0.54973 ,-0.00792773 
29,0.56972 ,-0.00875536 
30,0.58971 ,-0.00963328 
31,0.6097 ,-0.0105623 
32,0.62969 ,-0.011543 
33,0.64968 ,-0.0125761 
34,0.66967 ,-0.0136622 
35,0.68966 ,-0.0148018 
36,0.70965 ,-0.0159953 
37,0.72964 ,-0.0172431 
38,0.74963 ,-0.0185456 
39,0.76962 ,-0.019903 
40,0.78961 ,-0.0213155 
41,0.8096 ,-0.0227834 
42,0.82959 ,-0.0243067 
43,0.84958 ,-0.0258854 
44,0.86957 ,-0.0275196 
45,0.88956 ,-0.0292092 
46,0.90955 ,-0.0309541 
47,0.92954 ,-0.0327541 
48,0.94953 ,-0.034609 
49,0.96952 ,-0.0365186 
50,0.98951 ,-0.0384825 
51,1.0095 ,-0.0405004 
52,1.02949 ,-0.0425718 
53,1.04948 ,-0.0446963 
54,1.06947 ,-0.0468735 
55,1.08946 ,-0.0491027 
56,1.10945 ,-0.0513833 
57,1.12944 ,-0.0537148 
58,1.14943 ,-0.0560964 
59,1.16942 ,-0.0585275 
60,1.18941 ,-0.0610072 
61,1.2094 ,-0.0635347 
62,1.22939 ,-0.0661093 
63,1.24938 ,-0.0687299 
64,1.26937 ,-0.0713958 
65,1.28936 ,-0.074106 
66,1.30935 ,-0.0768594 
67,1.32934 ,-0.0796551 
68,1.34933 ,-0.082492 
69,1.36932 ,-0.085369 
70,1.38931 ,-0.0882849 
71,1.4093 ,-0.0912387 
72,1.42929 ,-0.0942291 
73,1.44928 ,-0.097255 
74,1.46927 ,-0.100315 
75,1.48926 ,-0.103408 
76,1.50925 ,-0.106533 
77,1.52924 ,-0.109688 
78,1.54923 ,-0.112872 
79,1.56922 ,-0.116083 
80,1.58921 ,-0.119321 
81,1.6092 ,-0.122583 
82,1.62919 ,-0.125869 
83,1.64918 ,-0.129177 
84,1.66917 ,-0.132506 
85,1.68916 ,-0.135853 
86,1.70915 ,-0.139218 
87,1.72914 ,-0.142599 
88,1.74913 ,-0.145994 
89,1.76912 ,-0.149402 
90,1.78911 ,-0.152822 
91,1.8091 ,-0.156251 
92,1.82909 ,-0.159689 
93,1.84908 ,-0.163133 
94,1.86907 ,-0.166582 
95,1.88906 ,-0.170034 
96,1.90905 ,-0.173489 
97,1.92904 ,-0.176943 
98,1.94903 ,-0.180396 
99,1.96902 ,-0.183846 
100,1.98901 ,-0.187291 
101,2.009 ,-0.190729 
102,2.02899 ,-0.19416 
103,2.04898 ,-0.197581 
104,2.06897 ,-0.20099 
105,2.08896 ,-0.204387 
106,2.10895 ,-0.207769 
107,2.12894 ,-0.211134 
108,2.14893 ,-0.214482 
109,2.16892 ,-0.21781 
110,2.18891 ,-0.221117 
111,2.2089 ,-0.224402 
112,2.22889 ,-0.227662 
113,2.24888 ,-0.230895 
114,2.26887 ,-0.234101 
115,2.28886 ,-0.237278 
116,2.30885 ,-0.240424 
117,2.32884 ,-0.243538 
118,2.34883 ,-0.246618 
119,2.36882 ,-0.249662 
120,2.38881 ,-0.252669 
121,2.4088 ,-0.255638 
122,2.42879 ,-0.258566 
123,2.44878 ,-0.261453 
124,2.46877 ,-0.264296 
125,2.48876 ,-0.267095 
126,2.50875 ,-0.269848 
127,2.52874 ,-0.272554 
128,2.54873 ,-0.27521 
129,2.56872 ,-0.277816 
130,2.58871 ,-0.280371 
131,2.6087 ,-0.282872 
132,2.62869 ,-0.285319 
133,2.64868 ,-0.28771 
134,2.66867 ,-0.290044 
135,2.68866 ,-0.29232 
136,2.70865 ,-0.294536 
137,2.72864 ,-0.296691 
138,2.74863 ,-0.298785 
139,2.76862 ,-0.300814 
140,2.78861 ,-0.30278 
141,2.8086 ,-0.30468 
142,2.82859 ,-0.306513 
143,2.84858 ,-0.308278 
144,2.86857 ,-0.309974 
145,2.88856 ,-0.311601 
146,2.90855 ,-0.313156 
147,2.92854 ,-0.31464 
148,2.94853 ,-0.31605 
149,2.96852 ,-0.317387 
150,2.98851 ,-0.318649 
151,3.0085 ,-0.319835 
152,3.02849 ,-0.320945 
153,3.04848 ,-0.321978 
154,3.06847 ,-0.322932 
155,3.08846 ,-0.323808 
156,3.10845 ,-0.324604 
157,3.12844 ,-0.325319 
158,3.14843 ,-0.325954 
159,3.16842 ,-0.326507 
160,3.18841 ,-0.326978 
161,3.2084 ,-0.327366 
162,3.22839 ,-0.327671 
163,3.24838 ,-0.327892 
164,3.26837 ,-0.328028 
165,3.28836 ,-0.32808 
166,3.30835 ,-0.328047 
167,3.32834 ,-0.327928 
168,3.34833 ,-0.327723 
169,3.36832 ,-0.327431 
170,3.38831 ,-0.327053 
171,3.4083 ,-0.326589 
172,3.42829 ,-0.326037 
173,3.44828 ,-0.325398 
174,3.46827 ,-0.324672 
175,3.48826 ,-0.323858 
176,3.50825 ,-0.322957 
177,3.52824 ,-0.321968 
178,3.54823 ,-0.320891 
179,3.56822 ,-0.319727 
180,3.58821 ,-0.318475 
181,3.6082 ,-0.317136 
182,3.62819 ,-0.315709 
183,3.64818 ,-0.314194 
184,3.66817 ,-0.312593 
185,3.68816 ,-0.310905 
186,3.70815 ,-0.30913 
187,3.72814 ,-0.307268 
188,3.74813 ,-0.305321 
189,3.76812 ,-0.303287 
190,3.78811 ,-0.301168 
191,3.8081 ,-0.298965 
192,3.82809 ,-0.296676 
193,3.84808 ,-0.294304 
194,3.86807 ,-0.291848 
195,3.88806 ,-0.289308 
196,3.90805 ,-0.286687 
197,3.92804 ,-0.283983 
198,3.94803 ,-0.281198 
199,3.96802 ,-0.278332 
200,3.98801 ,-0.275386 
201,4.008 ,-0.272361 
202,4.02799 ,-0.269257 
203,4.04798 ,-0.266076 
204,4.06797 ,-0.262817 
205,4.08796 ,-0.259482 
206,4.10795 ,-0.256072 
207,4.12794 ,-0.252587 
208,4.14793 ,-0.249029 
209,4.16792 ,-0.245398 
210,4.18791 ,-0.241696 
211,4.2079 ,-0.237922 
212,4.22789 ,-0.234079 
213,4.24788 ,-0.230168 
214,4.26787 ,-0.226188 
215,4.28786 ,-0.222143 
216,4.30785 ,-0.218032 
217,4.32784 ,-0.213856 
218,4.34783 ,-0.209618 
219,4.36782 ,-0.205317 
220,4.38781 ,-0.200956 
221,4.4078 ,-0.196536 
222,4.42779 ,-0.192057 
223,4.44778 ,-0.187521 
224,4.46777 ,-0.18293 
225,4.48776 ,-0.178284 
226,4.50775 ,-0.173585 
227,4.52774 ,-0.168834 
228,4.54773 ,-0.164033 
229,4.56772 ,-0.159184 
230,4.58771 ,-0.154286 
231,4.6077 ,-0.149343 
232,4.62769 ,-0.144355 
233,4.64768 ,-0.139324 
234,4.66767 ,-0.134251 
235,4.68766 ,-0.129138 
236,4.70765 ,-0.123986 
237,4.72764 ,-0.118797 
238,4.74763 ,-0.113572 
239,4.76762 ,-0.108314 
240,4.78761 ,-0.103022 
241,4.8076 ,-0.0977 
242,4.82759 ,-0.0923483 
243,4.84758 ,-0.0869688 
244,4.86757 ,-0.081563 
245,4.88756 ,-0.0761327 
246,4.90755 ,-0.0706795 
247,4.92754 ,-0.0652049 
248,4.94753 ,-0.0597106 
249,4.96752 ,-0.0541984 
250,4.98751 ,-0.0486697 
251,5.0075 ,-0.0431263 
252,5.02749 ,-0.0375699 
253,5.04748 ,-0.0320021 
254,5.06747 ,-0.0264246 
255,5.08746 ,-0.0208392 
256,5.10745 ,-0.0152474 
257,5.12744 ,-0.00965099 
258,5.14743 ,-0.00405166 
259,5.16742 ,0.00154889 
260,5.18741 ,0.00714897 
261,5.2074 ,0.0127469 
262,5.22739 ,0.0183409 
263,5.24738 ,0.0239294 
264,5.26737 ,0.0295106 
265,5.28736 ,0.0350829 
266,5.30735 ,0.0406445 
267,5.32734 ,0.0461937 
268,5.34733 ,0.0517289 
269,5.36732 ,0.0572484 
270,5.38731 ,0.0627504 
271,5.4073 ,0.0682334 
272,5.42729 ,0.0736957 
273,5.44728 ,0.0791355 
274,5.46727 ,0.0845512 
275,5.48726 ,0.0899412 
276,5.50725 ,0.0953038 
277,5.52724 ,0.100637 
278,5.54723 ,0.10594 
279,5.56722 ,0.111211 
280,5.58721 ,0.116448 
281,5.6072 ,0.121649 
282,5.62719 ,0.126813 
283,5.64718 ,0.131939 
284,5.66717 ,0.137024 
285,5.68716 ,0.142068 
286,5.70715 ,0.147068 
287,5.72714 ,0.152024 
288,5.74713 ,0.156933 
289,5.76712 ,0.161794 
290,5.78711 ,0.166606 
291,5.8071 ,0.171368 
292,5.82709 ,0.176077 
293,5.84708 ,0.180732 
294,5.86707 ,0.185332 
295,5.88706 ,0.189876 
296,5.90705 ,0.194361 
297,5.92704 ,0.198788 
298,5.94703 ,0.203154 
299,5.96702 ,0.207457 
300,5.98701 ,0.211698 
301,6.007 ,0.215874 
302,6.02699 ,0.219984 
303,6.04698 ,0.224027 
304,6.06697 ,0.228002 
305,6.08696 ,0.231907 
306,6.10695 ,0.235742 
307,6.12694 ,0.239504 
308,6.14693 ,0.243194 
309,6.16692 ,0.246809 
310,6.18691 ,0.250349 
311,6.2069 ,0.253813 
312,6.22689 ,0.257199 
313,6.24688 ,0.260507 
314,6.26687 ,0.263736 
315,6.28686 ,0.266884 
316,6.30685 ,0.269951 
317,6.32684 ,0.272935 
318,6.34683 ,0.275836 
319,6.36682 ,0.278654 
320,6.38681 ,0.281386 
321,6.4068 ,0.284032 
322,6.42679 ,0.286592 
323,6.44678 ,0.289065 
324,6.46677 ,0.29145 
325,6.48676 ,0.293745 
326,6.50675 ,0.295952 
327,6.52674 ,0.298068 
328,6.54673 ,0.300093 
329,6.56672 ,0.302027 
330,6.58671 ,0.303869 
331,6.6067 ,0.305618 
332,6.62669 ,0.307275 
333,6.64668 ,0.308838 
334,6.66667 ,0.310307 
335,6.68666 ,0.311681 
336,6.70665 ,0.312961 
337,6.72664 ,0.314145 
338,6.74663 ,0.315234 
339,6.76662 ,0.316227 
340,6.78661 ,0.317124 
341,6.8066 ,0.317924 
342,6.82659 ,0.318628 
343,6.84658 ,0.319234 
344,6.86657 ,0.319744 
345,6.88656 ,0.320157 
346,6.90655 ,0.320472 
347,6.92654 ,0.32069 
348,6.94653 ,0.32081 
349,6.96652 ,0.320833 
350,6.98651 ,0.320759 
351,7.0065 ,0.320587 
352,7.02649 ,0.320318 
353,7.04648 ,0.319951 
354,7.06647 ,0.319488 
355,7.08646 ,0.318927 
356,7.10645 ,0.31827 
357,7.12644 ,0.317516 
358,7.14643 ,0.316666 
359,7.16642 ,0.31572 
360,7.18641 ,0.314678 
361,7.2064 ,0.313541 
362,7.22639 ,0.312308 
363,7.24638 ,0.310981 
364,7.26637 ,0.30956 
365,7.28636 ,0.308045 
366,7.30635 ,0.306436 
367,7.32634 ,0.304735 
368,7.34633 ,0.302942 
369,7.36632 ,0.301057 
370,7.38631 ,0.29908 
371,7.4063 ,0.297013 
372,7.42629 ,0.294857 
373,7.44628 ,0.292611 
374,7.46627 ,0.290276 
375,7.48626 ,0.287854 
376,7.50625 ,0.285345 
377,7.52624 ,0.282749 
378,7.54623 ,0.280068 
379,7.56622 ,0.277303 
380,7.58621 ,0.274453 
381,7.6062 ,0.271521 
382,7.62619 ,0.268507 
383,7.64618 ,0.265411 
384,7.66617 ,0.262236 
385,7.68616 ,0.258981 
386,7.70615 ,0.255648 
387,7.72614 ,0.252238 
388,7.74613 ,0.248752 
389,7.76612 ,0.245191 
390,7.78611 ,0.241556 
391,7.8061 ,0.237848 
392,7.82609 ,0.234068 
393,7.84608 ,0.230218 
394,7.86607 ,0.226299 
395,7.88606 ,0.222311 
396,7.90605 ,0.218256 
397,7.92604 ,0.214136 
398,7.94603 ,0.209951 
399,7.96602 ,0.205703 
400,7.98601 ,0.201393 
401,8.006 ,0.197023 
402,8.02599 ,0.192593 
403,8.04598 ,0.188105 
404,8.06597 ,0.183561 
405,8.08596 ,0.178961 
406,8.10595 ,0.174308 
407,8.12594 ,0.169603 
408,8.14593 ,0.164846 
409,8.16592 ,0.16004 
410,8.18591 ,0.155186 
411,8.2059 ,0.150285 
412,8.22589 ,0.145339 
413,8.24588 ,0.14035 
414,8.26587 ,0.135318 
415,8.28586 ,0.130246 
416,8.30585 ,0.125135 
417,8.32584 ,0.119986 
418,8.34583 ,0.114801 
419,8.36582 ,0.109582 
420,8.38581 ,0.10433 
421,8.4058 ,0.0990466 
422,8.42579 ,0.0937336 
423,8.44578 ,0.0883926 
424,8.46577 ,0.0830252 
425,8.48576 ,0.0776328 
426,8.50575 ,0.0722173 
427,8.52574 ,0.0667801 
428,8.54573 ,0.0613229 
429,8.56572 ,0.0558475 
430,8.58571 ,0.0503553 
431,8.6057 ,0.044848 
432,8.62569 ,0.0393274 
433,8.64568 ,0.033795 
434,8.66567 ,0.0282525 
435,8.68566 ,0.0227015 
436,8.70565 ,0.0171438 
437,8.72564 ,0.011581 
438,8.74563 ,0.00601468 
439,8.76562 ,0.000446586 
440,8.78561 ,-0.00512164 
441,8.8056 ,-0.0106883 
442,8.82559 ,-0.0162518 
443,8.84558 ,-0.0218105 
444,8.86557 ,-0.0273627 
445,8.88556 ,-0.0329067 
446,8.90555 ,-0.0384409 
447,8.92554 ,-0.0439636 
448,8.94553 ,-0.0494733 
449,8.96552 ,-0.0549682 
450,8.98551 ,-0.0604467 
451,9.0055 ,-0.0659073 
452,9.02549 ,-0.0713482 
453,9.04548 ,-0.076768 
454,9.06547 ,-0.0821649 
455,9.08546 ,-0.0875373 
456,9.10545 ,-0.0928837 
457,9.12544 ,-0.0982026 
458,9.14543 ,-0.103492 
459,9.16542 ,-0.108751 
460,9.18541 ,-0.113978 
461,9.2054 ,-0.11917 
462,9.22539 ,-0.124328 
463,9.24538 ,-0.129448 
464,9.26537 ,-0.13453 
465,9.28536 ,-0.139572 
466,9.30535 ,-0.144573 
467,9.32534 ,-0.149531 
468,9.34533 ,-0.154444 
469,9.36532 ,-0.159312 
470,9.38531 ,-0.164132 
471,9.4053 ,-0.168904 
472,9.42529 ,-0.173626 
473,9.44528 ,-0.178296 
474,9.46527 ,-0.182914 
475,9.48526 ,-0.187477 
476,9.50525 ,-0.191985 
477,9.52524 ,-0.196436 
478,9.54523 ,-0.200829 
479,9.56522 ,-0.205163 
480,9.58521 ,-0.209436 
481,9.6052 ,-0.213647 
482,9.62519 ,-0.217794 
483,9.64518 ,-0.221878 
484,9.66517 ,-0.225896 
485,9.68516 ,-0.229847 
486,9.70515 ,-0.23373 
487,9.72514 ,-0.237544 
488,9.74513 ,-0.241288 
489,9.76512 ,-0.244961 
490,9.78511 ,-0.248562 
491,9.8051 ,-0.252089 
492,9.82509 ,-0.255542 
493,9.84508 ,-0.25892 
494,9.86507 ,-0.262221 
495,9.88506 ,-0.265445 
496,9.90505 ,-0.26859 
497,9.92504 ,-0.271657 
498,9.94503 ,-0.274643 
499,9.96502 ,-0.277549 
500,9.98501 ,-0.280373 
501,10.005 ,-0.283114 
502,10.025 ,-0.285772 
503,10.045 ,-0.288346 
504,10.065 ,-0.290835 
505,10.085 ,-0.293239 
506,10.1049 ,-0.295556 
507,10.1249 ,-0.297786 
508,10.1449 ,-0.299929 
509,10.1649 ,-0.301984 
510,10.1849 ,-0.30395 
511,10.2049 ,-0.305827 
512,10.2249 ,-0.307614 
513,10.2449 ,-0.30931 
514,10.2649 ,-0.310916 
515,10.2849 ,-0.31243 
516,10.3048 ,-0.313853 
517,10.3248 ,-0.315184 
518,10.3448 ,-0.316422 
519,10.3648 ,-0.317568 
520,10.3848 ,-0.31862 
521,10.4048 ,-0.319579 
522,10.4248 ,-0.320445 
523,10.4448 ,-0.321216 
524,10.4648 ,-0.321894 
525,10.4848 ,-0.322477 
526,10.5047 ,-0.322965 
527,10.5247 ,-0.323359 
528,10.5447 ,-0.323659 
529,10.5647 ,-0.323864 
530,10.5847 ,-0.323974 
531,10.6047 ,-0.323989 
532,10.6247 ,-0.323909 
533,10.6447 ,-0.323735 
534,10.6647 ,-0.323466 
535,10.6847 ,-0.323103 
536,10.7046 ,-0.322645 
537,10.7246 ,-0.322093 
538,10.7446 ,-0.321447 
539,10.7646 ,-0.320707 
540,10.7846 ,-0.319873 
541,10.8046 ,-0.318946 
542,10.8246 ,-0.317926 
543,10.8446 ,-0.316813 
544,10.8646 ,-0.315608 
545,10.8846 ,-0.314311 
546,10.9045 ,-0.312922 
547,10.9245 ,-0.311442 
548,10.9445 ,-0.309871 
549,10.9645 ,-0.30821 
550,10.9845 ,-0.306459 
551,11.0045 ,-0.304618 
552,11.0245 ,-0.302689 
553,11.0445 ,-0.300672 
554,11.0645 ,-0.298567 
555,11.0845 ,-0.296376 
556,11.1044 ,-0.294098 
557,11.1244 ,-0.291735 
558,11.1444 ,-0.289286 
559,11.1644 ,-0.286754 
560,11.1844 ,-0.284138 
561,11.2044 ,-0.28144 
562,11.2244 ,-0.27866 
563,11.2444 ,-0.275799 
564,11.2644 ,-0.272857 
565,11.2844 ,-0.269837 
566,11.3043 ,-0.266738 
567,11.3243 ,-0.263562 
568,11.3443 ,-0.260309 
569,11.3643 ,-0.256981 
570,11.3843 ,-0.253578 
571,11.4043 ,-0.250101 
572,11.4243 ,-0.246552 
573,11.4443 ,-0.242932 
574,11.4643 ,-0.239241 
575,11.4843 ,-0.235481 
576,11.5042 ,-0.231652 
577,11.5242 ,-0.227756 
578,11.5442 ,-0.223795 
579,11.5642 ,-0.219768 
580,11.5842 ,-0.215678 
581,11.6042 ,-0.211526 
582,11.6242 ,-0.207312 
583,11.6442 ,-0.203038 
584,11.6642 ,-0.198706 
585,11.6842 ,-0.194316 
586,11.7041 ,-0.189869 
587,11.7241 ,-0.185368 
588,11.7441 ,-0.180814 
589,11.7641 ,-0.176207 
590,11.7841 ,-0.171549 
591,11.8041 ,-0.166841 
592,11.8241 ,-0.162085 
593,11.8441 ,-0.157283 
594,11.8641 ,-0.152435 
595,11.8841 ,-0.147543 
596,11.904 ,-0.142609 
597,11.924 ,-0.137633 
598,11.944 ,-0.132618 
599,11.964 ,-0.127564 
600,11.984 ,-0.122473 
601,12.004 ,-0.117348 
602,12.024 ,-0.112188 
603,12.044 ,-0.106996 
604,12.064 ,-0.101773 
605,12.084 ,-0.0965212 
606,12.1039 ,-0.0912413 
607,12.1239 ,-0.0859351 
608,12.1439 ,-0.0806041 
609,12.1639 ,-0.0752499 
610,12.1839 ,-0.0698741 
611,12.2039 ,-0.0644781 
612,12.2239 ,-0.0590636 
613,12.2439 ,-0.0536321 
614,12.2639 ,-0.0481852 
615,12.2839 ,-0.0427244 
616,12.3038 ,-0.0372513 
617,12.3238 ,-0.0317676 
618,12.3438 ,-0.0262746 
619,12.3638 ,-0.0207742 
620,12.3838 ,-0.0152677 
621,12.4038 ,-0.0097569 
622,12.4238 ,-0.00424327 
623,12.4438 ,0.00127157 
624,12.4638 ,0.00678606 
625,12.4838 ,0.0122986 
626,12.5037 ,0.0178076 
627,12.5237 ,0.0233115 
628,12.5437 ,0.0288087 
629,12.5637 ,0.0342976 
630,12.5837 ,0.0397767 
631,12.6037 ,0.0452444 
632,12.6237 ,0.0506992 
633,12.6437 ,0.0561393 
634,12.6637 ,0.0615634 
635,12.6837 ,0.0669699 
636,12.7036 ,0.0723572 
637,12.7236 ,0.0777237 
638,12.7436 ,0.083068 
639,12.7636 ,0.0883885 
640,12.7836 ,0.0936837 
641,12.8036 ,0.0989521 
642,12.8236 ,0.104192 
643,12.8436 ,0.109402 
644,12.8636 ,0.114581 
645,12.8836 ,0.119727 
646,12.9035 ,0.124839 
647,12.9235 ,0.129916 
648,12.9435 ,0.134955 
649,12.9635 ,0.139955 
650,12.9835 ,0.144916 
651,13.0035 ,0.149835 
652,13.0235 ,0.154711 
653,13.0435 ,0.159543 
654,13.0635 ,0.16433 
655,13.0835 ,0.169069 
656,13.1034 ,0.173761 
657,13.1234 ,0.178403 
658,13.1434 ,0.182993 
659,13.1634 ,0.187532 
660,13.1834 ,0.192017 
661,13.2034 ,0.196448 
662,13.2234 ,0.200822 
663,13.2434 ,0.205139 
664,13.2634 ,0.209398 
665,13.2834 ,0.213597 
666,13.3033 ,0.217735 
667,13.3233 ,0.221811 
668,13.3433 ,0.225824 
669,13.3633 ,0.229772 
670,13.3833 ,0.233655 
671,13.4033 ,0.237472 
672,13.4233 ,0.241221 
673,13.4433 ,0.244901 
674,13.4633 ,0.248511 
675,13.4833 ,0.252051 
676,13.5032 ,0.255519 
677,13.5232 ,0.258915 
678,13.5432 ,0.262237 
679,13.5632 ,0.265484 
680,13.5832 ,0.268656 
681,13.6032 ,0.271751 
682,13.6232 ,0.27477 
683,13.6432 ,0.27771 
684,13.6632 ,0.280571 
685,13.6832 ,0.283353 
686,13.7031 ,0.286054 
687,13.7231 ,0.288674 
688,13.7431 ,0.291211 
689,13.7631 ,0.293667 
690,13.7831 ,0.296039 
691,13.8031 ,0.298326 
692,13.8231 ,0.30053 
693,13.8431 ,0.302648 
694,13.8631 ,0.30468 
695,13.8831 ,0.306626 
696,13.903 ,0.308484 
697,13.923 ,0.310256 
698,13.943 ,0.311939 
699,13.963 ,0.313534 
700,13.983 ,0.31504 
701,14.003 ,0.316457 
702,14.023 ,0.317785 
703,14.043 ,0.319022 
704,14.063 ,0.320169 
705,14.083 ,0.321225 
706,14.1029 ,0.322191 
707,14.1229 ,0.323065 
708,14.1429 ,0.323848 
709,14.1629 ,0.324539 
710,14.1829 ,0.325138 
711,14.2029 ,0.325646 
712,14.2229 ,0.326061 
713,14.2429 ,0.326384 
714,14.2629 ,0.326615 
715,14.2829 ,0.326754 
716,14.3028 ,0.3268 
717,14.3228 ,0.326754 
718,14.3428 ,0.326615 
719,14.3628 ,0.326385 
720,14.3828 ,0.326062 
721,14.4028 ,0.325647 
722,14.4228 ,0.32514 
723,14.4428 ,0.324541 
724,14.4628 ,0.323851 
725,14.4828 ,0.323069 
726,14.5027 ,0.322196 
727,14.5227 ,0.321233 
728,14.5427 ,0.320178 
729,14.5627 ,0.319034 
730,14.5827 ,0.317799 
731,14.6027 ,0.316475 
732,14.6227 ,0.315062 
733,14.6427 ,0.313559 
734,14.6627 ,0.311969 
735,14.6827 ,0.31029 
736,14.7026 ,0.308525 
737,14.7226 ,0.306672 
738,14.7426 ,0.304733 
739,14.7626 ,0.302708 
740,14.7826 ,0.300598 
741,14.8026 ,0.298403 
742,14.8226 ,0.296124 
743,14.8426 ,0.293762 
744,14.8626 ,0.291317 
745,14.8826 ,0.288791 
746,14.9025 ,0.286183 
747,14.9225 ,0.283494 
748,14.9425 ,0.280726 
749,14.9625 ,0.277879 
750,14.9825 ,0.274954 
751,15.0025 ,0.271951 
752,15.0225 ,0.268873 
753,15.0425 ,0.265718 
754,15.0625 ,0.262489 
755,15.0825 ,0.259186 
756,15.1024 ,0.255811 
757,15.1224 ,0.252363 
758,15.1424 ,0.248845 
759,15.1624 ,0.245257 
760,15.1824 ,0.2416 
761,15.2024 ,0.237875 
762,15.2224 ,0.234084 
763,15.2424 ,0.230226 
764,15.2624 ,0.226305 
765,15.2824 ,0.222319 
766,15.3023 ,0.218272 
767,15.3223 ,0.214163 
768,15.3423 ,0.209994 
769,15.3623 ,0.205766 
770,15.3823 ,0.201481 
771,15.4023 ,0.197139 
772,15.4223 ,0.192742 
773,15.4423 ,0.188291 
774,15.4623 ,0.183787 
775,15.4823 ,0.179232 
776,15.5022 ,0.174627 
777,15.5222 ,0.169972 
778,15.5422 ,0.16527 
779,15.5622 ,0.160522 
780,15.5822 ,0.155729 
781,15.6022 ,0.150892 
782,15.6222 ,0.146013 
783,15.6422 ,0.141094 
784,15.6622 ,0.136134 
785,15.6822 ,0.131137 
786,15.7021 ,0.126103 
787,15.7221 ,0.121034 
788,15.7421 ,0.115931 
789,15.7621 ,0.110795 
790,15.7821 ,0.105629 
791,15.8021 ,0.100433 
792,15.8221 ,0.0952091 
793,15.8421 ,0.0899585 
794,15.8621 ,0.0846828 
795,15.8821 ,0.0793835 
796,15.902 ,0.074062 
797,15.922 ,0.0687198 
798,15.942 ,0.0633584 
799,15.962 ,0.0579793 
800,15.982 ,0.0525841 
801,16.002 ,0.0471742 
802,16.022 ,0.0417511 
803,16.042 ,0.0363164 
804,16.062 ,0.0308715 
805,16.082 ,0.0254181 
806,16.1019 ,0.0199575 
807,16.1219 ,0.0144914 
808,16.1419 ,0.00902128 
809,16.1619 ,0.00354862 
810,16.1819 ,-0.00192503 
811,16.2019 ,-0.00739815 
812,16.2219 ,-0.0128692 
813,16.2419 ,-0.0183367 
814,16.2619 ,-0.023799 
815,16.2819 ,-0.0292548 
816,16.3018 ,-0.0347024 
817,16.3218 ,-0.0401403 
818,16.3418 ,-0.045567 
819,16.3618 ,-0.0509811 
820,16.3818 ,-0.056381 
821,16.4018 ,-0.0617652 
822,16.4218 ,-0.0671322 
823,16.4418 ,-0.0724805 
824,16.4618 ,-0.0778087 
825,16.4818 ,-0.0831152 
826,16.5017 ,-0.0883987 
827,16.5217 ,-0.0936575 
828,16.5417 ,-0.0988903 
829,16.5617 ,-0.104096 
830,16.5817 ,-0.109272 
831,16.6017 ,-0.114418 
832,16.6217 ,-0.119532 
833,16.6417 ,-0.124613 
834,16.6617 ,-0.12966 
835,16.6817 ,-0.13467 
836,16.7017 ,-0.139643 
837,16.7216 ,-0.144577 
838,16.7416 ,-0.149472 
839,16.7616 ,-0.154324 
840,16.7816 ,-0.159134 
841,16.8016 ,-0.1639 
842,16.8216 ,-0.16862 
843,16.8416 ,-0.173293 
844,16.8616 ,-0.177918 
845,16.8816 ,-0.182494 
846,16.9016 ,-0.18702 
847,16.9215 ,-0.191493 
848,16.9415 ,-0.195913 
849,16.9615 ,-0.20028 
850,16.9815 ,-0.20459 
851,17.0015 ,-0.208844 
852,17.0215 ,-0.21304 
853,17.0415 ,-0.217177 
854,17.0615 ,-0.221254 
855,17.0815 ,-0.225269 
856,17.1014 ,-0.229222 
857,17.1214 ,-0.233112 
858,17.1414 ,-0.236937 
859,17.1614 ,-0.240696 
860,17.1814 ,-0.244389 
861,17.2014 ,-0.248014 
862,17.2214 ,-0.251571 
863,17.2414 ,-0.255058 
864,17.2614 ,-0.258474 
865,17.2814 ,-0.261819 
866,17.3013 ,-0.265091 
867,17.3213 ,-0.268291 
868,17.3413 ,-0.271415 
869,17.3613 ,-0.274465 
870,17.3813 ,-0.277439 
871,17.4013 ,-0.280337 
872,17.4213 ,-0.283156 
873,17.4413 ,-0.285898 
874,17.4613 ,-0.28856 
875,17.4813 ,-0.291143 
876,17.5012 ,-0.293646 
877,17.5212 ,-0.296067 
878,17.5412 ,-0.298406 
879,17.5612 ,-0.300663 
880,17.5812 ,-0.302837 
881,17.6012 ,-0.304928 
882,17.6212 ,-0.306934 
883,17.6412 ,-0.308856 
884,17.6612 ,-0.310692 
885,17.6812 ,-0.312442 
886,17.7011 ,-0.314107 
887,17.7211 ,-0.315684 
888,17.7411 ,-0.317175 
889,17.7611 ,-0.318578 
890,17.7811 ,-0.319893 
891,17.8011 ,-0.32112 
892,17.8211 ,-0.322259 
893,17.8411 ,-0.323308 
894,17.8611 ,-0.324269 
895,17.8811 ,-0.32514 
896,17.901 ,-0.325921 
897,17.921 ,-0.326613 
898,17.941 ,-0.327215 
899,17.961 ,-0.327726 
900,17.981 ,-0.328147 
901,18.001 ,-0.328478 
902,18.021 ,-0.328719 
903,18.041 ,-0.328869 
904,18.061 ,-0.328928 
905,18.081 ,-0.328897 
906,18.1009 ,-0.328775 
907,18.1209 ,-0.328563 
908,18.1409 ,-0.32826 
909,18.1609 ,-0.327867 
910,18.1809 ,-0.327384 
911,18.2009 ,-0.326811 
912,18.2209 ,-0.326148 
913,18.2409 ,-0.325395 
914,18.2609 ,-0.324552 
915,18.2809 ,-0.323621 
916,18.3009 ,-0.3226 
917,18.3208 ,-0.321491 
918,18.3408 ,-0.320293 
919,18.3608 ,-0.319008 
920,18.3808 ,-0.317634 
921,18.4008 ,-0.316174 
922,18.4208 ,-0.314626 
923,18.4408 ,-0.312992 
924,18.4608 ,-0.311273 
925,18.4808 ,-0.309467 
926,18.5008 ,-0.307577 
927,18.5207 ,-0.305602 
928,18.5407 ,-0.303543 
929,18.5607 ,-0.301401 
930,18.5807 ,-0.299176 
931,18.6007 ,-0.29687 
932,18.6207 ,-0.294481 
933,18.6407 ,-0.292012 
934,18.6607 ,-0.289463 
935,18.6807 ,-0.286834 
936,18.7006 ,-0.284126 
937,18.7206 ,-0.281341 
938,18.7406 ,-0.278479 
939,18.7606 ,-0.27554 
940,18.7806 ,-0.272525 
941,18.8006 ,-0.269436 
942,18.8206 ,-0.266273 
943,18.8406 ,-0.263037 
944,18.8606 ,-0.259729 
945,18.8806 ,-0.25635 
946,18.9005 ,-0.2529 
947,18.9205 ,-0.249382 
948,18.9405 ,-0.245795 
949,18.9605 ,-0.24214 
950,18.9805 ,-0.238419 
951,19.0005 ,-0.234633 
952,19.0205 ,-0.230783 
953,19.0405 ,-0.22687 
954,19.0605 ,-0.222894 
955,19.0805 ,-0.218858 
956,19.1004 ,-0.214761 
957,19.1204 ,-0.210606 
958,19.1404 ,-0.206393 
959,19.1604 ,-0.202124 
960,19.1804 ,-0.197799 
961,19.2004 ,-0.19342 
962,19.2204 ,-0.188988 
963,19.2404 ,-0.184505 
964,19.2604 ,-0.179971 
965,19.2804 ,-0.175388 
966,19.3003 ,-0.170757 
967,19.3203 ,-0.16608 
968,19.3403 ,-0.161357 
969,19.3603 ,-0.156589 
970,19.3803 ,-0.151779 
971,19.4003 ,-0.146928 
972,19.4203 ,-0.142037 
973,19.4403 ,-0.137106 
974,19.4603 ,-0.132138 
975,19.4803 ,-0.127134 
976,19.5002 ,-0.122096 
977,19.5202 ,-0.117024 
978,19.5402 ,-0.11192 
979,19.5602 ,-0.106785 
980,19.5802 ,-0.101622 
981,19.6002 ,-0.0964303 
982,19.6202 ,-0.0912126 
983,19.6402 ,-0.08597 
984,19.6602 ,-0.080704 
985,19.6802 ,-0.0754159 
986,19.7002 ,-0.0701073 
987,19.7201 ,-0.0647795 
988,19.7401 ,-0.0594341 
989,19.7601 ,-0.0540724 
990,19.7801 ,-0.048696 
991,19.8001 ,-0.0433063 
992,19.8201 ,-0.0379048 
993,19.8401 ,-0.032493 
994,19.8601 ,-0.0270724 
995,19.8801 ,-0.0216443 
996,19.9001 ,-0.0162103 
997,19.92 ,-0.010772 
998,19.94 ,-0.00533067 
999,19.96 ,0.000112088 
1000,19.98 ,0.00556615 