
1,0.01 ,1.88981e-11 
2,0.04998 ,8.25035e-09 
3,0.08996 ,8.58272e-08 
4,0.12994 ,3.69856e-07 
5,0.16992 ,1.07068e-06 
6,0.2099 ,2.46795e-06 
7,0.24988 ,4.90692e-06 
8,0.28986 ,8.7947e-06 
9,0.32984 ,1.45967e-05 
10,0.36982 ,2.28332e-05 
11,0.4098 ,3.40756e-05 
12,0.44978 ,4.89436e-05 
13,0.48976 ,6.81016e-05 
14,0.52974 ,9.22554e-05 
15,0.56972 ,0.00012215 
16,0.6097 ,0.000158564 
17,0.64968 ,0.000202312 
18,0.68966 ,0.000254234 
19,0.72964 ,0.000315201 
20,0.76962 ,0.000386105 
21,0.8096 ,0.000467862 
22,0.84958 ,0.000561406 
23,0.88956 ,0.000667687 
24,0.92954 ,0.00078767 
25,0.96952 ,0.000922332 
26,1.0095 ,0.00107266 
27,1.04948 ,0.00123964 
28,1.08946 ,0.00142428 
29,1.12944 ,0.00162759 
30,1.16942 ,0.00185055 
31,1.2094 ,0.00209418 
32,1.24938 ,0.00235947 
33,1.28936 ,0.00264742 
34,1.32934 ,0.00295902 
35,1.36932 ,0.00329525 
36,1.4093 ,0.00365709 
37,1.44928 ,0.00404548 
38,1.48926 ,0.00446139 
39,1.52924 ,0.00490575 
40,1.56922 ,0.00537947 
41,1.6092 ,0.00588346 
42,1.64918 ,0.0064186 
43,1.68916 ,0.00698576 
44,1.72914 ,0.00758578 
45,1.76912 ,0.00821949 
46,1.8091 ,0.00888769 
47,1.84908 ,0.00959116 
48,1.88906 ,0.0103307 
49,1.92904 ,0.0111069 
50,1.96902 ,0.0119206 
51,2.009 ,0.0127724 
52,2.04898 ,0.013663 
53,2.08896 ,0.014593 
54,2.12894 ,0.0155629 
55,2.16892 ,0.0165734 
56,2.2089 ,0.017625 
57,2.24888 ,0.0187181 
58,2.28886 ,0.0198533 
59,2.32884 ,0.0210309 
60,2.36882 ,0.0222515 
61,2.4088 ,0.0235152 
62,2.44878 ,0.0248226 
63,2.48876 ,0.0261738 
64,2.52874 ,0.0275692 
65,2.56872 ,0.0290089 
66,2.6087 ,0.0304933 
67,2.64868 ,0.0320224 
68,2.68866 ,0.0335964 
69,2.72864 ,0.0352153 
70,2.76862 ,0.0368794 
71,2.8086 ,0.0385885 
72,2.84858 ,0.0403427 
73,2.88856 ,0.0421419 
74,2.92854 ,0.0439861 
75,2.96852 ,0.0458751 
76,3.0085 ,0.0478088 
77,3.04848 ,0.0497871 
78,3.08846 ,0.0518096 
79,3.12844 ,0.0538763 
80,3.16842 ,0.0559867 
81,3.2084 ,0.0581406 
82,3.24838 ,0.0603376 
83,3.28836 ,0.0625773 
84,3.32834 ,0.0648594 
85,3.36832 ,0.0671833 
86,3.4083 ,0.0695487 
87,3.44828 ,0.0719549 
88,3.48826 ,0.0744015 
89,3.52824 ,0.0768879 
90,3.56822 ,0.0794134 
91,3.6082 ,0.0819775 
92,3.64818 ,0.0845795 
93,3.68816 ,0.0872186 
94,3.72814 ,0.0898942 
95,3.76812 ,0.0926056 
96,3.8081 ,0.0953518 
97,3.84808 ,0.0981322 
98,3.88806 ,0.100946 
99,3.92804 ,0.103792 
100,3.96802 ,0.10667 
101,4.008 ,0.109578 
102,4.04798 ,0.112516 
103,4.08796 ,0.115483 
104,4.12794 ,0.118477 
105,4.16792 ,0.121499 
106,4.2079 ,0.124546 
107,4.24788 ,0.127618 
108,4.28786 ,0.130713 
109,4.32784 ,0.133831 
110,4.36782 ,0.136971 
111,4.4078 ,0.14013 
112,4.44778 ,0.143309 
113,4.48776 ,0.146506 
114,4.52774 ,0.14972 
115,4.56772 ,0.152949 
116,4.6077 ,0.156193 
117,4.64768 ,0.15945 
118,4.68766 ,0.162719 
119,4.72764 ,0.165998 
120,4.76762 ,0.169287 
121,4.8076 ,0.172584 
122,4.84758 ,0.175888 
123,4.88756 ,0.179198 
124,4.92754 ,0.182511 
125,4.96752 ,0.185828 
126,5.0075 ,0.189146 
127,5.04748 ,0.192465 
128,5.08746 ,0.195782 
129,5.12744 ,0.199097 
130,5.16742 ,0.202408 
131,5.2074 ,0.205714 
132,5.24738 ,0.209014 
133,5.28736 ,0.212305 
134,5.32734 ,0.215587 
135,5.36732 ,0.218859 
136,5.4073 ,0.222118 
137,5.44728 ,0.225365 
138,5.48726 ,0.228596 
139,5.52724 ,0.231811 
140,5.56722 ,0.235009 
141,5.6072 ,0.238187 
142,5.64718 ,0.241345 
143,5.68716 ,0.244482 
144,5.72714 ,0.247596 
145,5.76712 ,0.250685 
146,5.8071 ,0.253748 
147,5.84708 ,0.256784 
148,5.88706 ,0.259792 
149,5.92704 ,0.26277 
150,5.96702 ,0.265717 
151,6.007 ,0.268631 
152,6.04698 ,0.271512 
153,6.08696 ,0.274357 
154,6.12694 ,0.277166 
155,6.16692 ,0.279937 
156,6.2069 ,0.282669 
157,6.24688 ,0.285361 
158,6.28686 ,0.288012 
159,6.32684 ,0.29062 
160,6.36682 ,0.293183 
161,6.4068 ,0.295702 
162,6.44678 ,0.298174 
163,6.48676 ,0.300599 
164,6.52674 ,0.302975 
165,6.56672 ,0.305301 
166,6.6067 ,0.307575 
167,6.64668 ,0.309798 
168,6.68666 ,0.311967 
169,6.72664 ,0.314083 
170,6.76662 ,0.316142 
171,6.8066 ,0.318145 
172,6.84658 ,0.320091 
173,6.88656 ,0.321978 
174,6.92654 ,0.323805 
175,6.96652 ,0.325572 
176,7.0065 ,0.327277 
177,7.04648 ,0.32892 
178,7.08646 ,0.3305 
179,7.12644 ,0.332015 
180,7.16642 ,0.333465 
181,7.2064 ,0.33485 
182,7.24638 ,0.336167 
183,7.28636 ,0.337417 
184,7.32634 ,0.338598 
185,7.36632 ,0.339711 
186,7.4063 ,0.340753 
187,7.44628 ,0.341725 
188,7.48626 ,0.342625 
189,7.52624 ,0.343454 
190,7.56622 ,0.34421 
191,7.6062 ,0.344893 
192,7.64618 ,0.345502 
193,7.68616 ,0.346037 
194,7.72614 ,0.346496 
195,7.76612 ,0.346881 
196,7.8061 ,0.347189 
197,7.84608 ,0.347421 
198,7.88606 ,0.347576 
199,7.92604 ,0.347654 
200,7.96602 ,0.347655 
201,8.006 ,0.347577 
202,8.04598 ,0.347421 
203,8.08596 ,0.347187 
204,8.12594 ,0.346874 
205,8.16592 ,0.346481 
206,8.2059 ,0.346009 
207,8.24588 ,0.345458 
208,8.28586 ,0.344827 
209,8.32584 ,0.344116 
210,8.36582 ,0.343325 
211,8.4058 ,0.342454 
212,8.44578 ,0.341502 
213,8.48576 ,0.340471 
214,8.52574 ,0.339359 
215,8.56572 ,0.338167 
216,8.6057 ,0.336895 
217,8.64568 ,0.335543 
218,8.68566 ,0.334111 
219,8.72564 ,0.332599 
220,8.76562 ,0.331008 
221,8.8056 ,0.329336 
222,8.84558 ,0.327586 
223,8.88556 ,0.325756 
224,8.92554 ,0.323848 
225,8.96552 ,0.321861 
226,9.0055 ,0.319795 
227,9.04548 ,0.317652 
228,9.08546 ,0.315431 
229,9.12544 ,0.313133 
230,9.16542 ,0.310759 
231,9.2054 ,0.308308 
232,9.24538 ,0.305781 
233,9.28536 ,0.303178 
234,9.32534 ,0.300501 
235,9.36532 ,0.297749 
236,9.4053 ,0.294924 
237,9.44528 ,0.292025 
238,9.48526 ,0.289054 
239,9.52524 ,0.28601 
240,9.56522 ,0.282896 
241,9.6052 ,0.27971 
242,9.64518 ,0.276455 
243,9.68516 ,0.273131 
244,9.72514 ,0.269738 
245,9.76512 ,0.266277 
246,9.8051 ,0.262749 
247,9.84508 ,0.259155 
248,9.88506 ,0.255496 
249,9.92504 ,0.251773 
250,9.96502 ,0.247985 
251,10.005 ,0.244135 
252,10.045 ,0.240224 
253,10.085 ,0.236251 
254,10.1249 ,0.232218 
255,10.1649 ,0.228127 
256,10.2049 ,0.223978 
257,10.2449 ,0.219771 
258,10.2849 ,0.215509 
259,10.3248 ,0.211192 
260,10.3648 ,0.206821 
261,10.4048 ,0.202397 
262,10.4448 ,0.197921 
263,10.4848 ,0.193395 
264,10.5247 ,0.18882 
265,10.5647 ,0.184196 
266,10.6047 ,0.179525 
267,10.6447 ,0.174808 
268,10.6847 ,0.170046 
269,10.7246 ,0.165241 
270,10.7646 ,0.160393 
271,10.8046 ,0.155505 
272,10.8446 ,0.150576 
273,10.8846 ,0.145608 
274,10.9245 ,0.140603 
275,10.9645 ,0.135562 
276,11.0045 ,0.130486 
277,11.0445 ,0.125377 
278,11.0845 ,0.120235 
279,11.1244 ,0.115062 
280,11.1644 ,0.10986 
281,11.2044 ,0.104629 
282,11.2444 ,0.0993716 
283,11.2844 ,0.0940884 
284,11.3243 ,0.0887808 
285,11.3643 ,0.0834504 
286,11.4043 ,0.0780984 
287,11.4443 ,0.0727263 
288,11.4843 ,0.0673354 
289,11.5242 ,0.0619271 
290,11.5642 ,0.0565029 
291,11.6042 ,0.051064 
292,11.6442 ,0.0456119 
293,11.6842 ,0.0401481 
294,11.7241 ,0.0346739 
295,11.7641 ,0.0291908 
296,11.8041 ,0.0237001 
297,11.8441 ,0.0182032 
298,11.8841 ,0.0127017 
299,11.924 ,0.00719692 
300,11.964 ,0.00169025 
301,12.004 ,-0.00381685 
302,12.044 ,-0.00932297 
303,12.084 ,-0.0148267 
304,12.1239 ,-0.0203266 
305,12.1639 ,-0.0258212 
306,12.2039 ,-0.0313091 
307,12.2439 ,-0.036789 
308,12.2839 ,-0.0422594 
309,12.3238 ,-0.0477188 
310,12.3638 ,-0.0531659 
311,12.4038 ,-0.0585993 
312,12.4438 ,-0.0640175 
313,12.4838 ,-0.0694192 
314,12.5237 ,-0.074803 
315,12.5637 ,-0.0801675 
316,12.6037 ,-0.0855113 
317,12.6437 ,-0.090833 
318,12.6837 ,-0.0961313 
319,12.7236 ,-0.101405 
320,12.7636 ,-0.106652 
321,12.8036 ,-0.111872 
322,12.8436 ,-0.117063 
323,12.8836 ,-0.122223 
324,12.9235 ,-0.127353 
325,12.9635 ,-0.132449 
326,13.0035 ,-0.137511 
327,13.0435 ,-0.142538 
328,13.0835 ,-0.147528 
329,13.1234 ,-0.152481 
330,13.1634 ,-0.157394 
331,13.2034 ,-0.162266 
332,13.2434 ,-0.167097 
333,13.2834 ,-0.171884 
334,13.3233 ,-0.176628 
335,13.3633 ,-0.181326 
336,13.4033 ,-0.185977 
337,13.4433 ,-0.190581 
338,13.4833 ,-0.195136 
339,13.5232 ,-0.19964 
340,13.5632 ,-0.204093 
341,13.6032 ,-0.208494 
342,13.6432 ,-0.212842 
343,13.6832 ,-0.217135 
344,13.7231 ,-0.221372 
345,13.7631 ,-0.225552 
346,13.8031 ,-0.229675 
347,13.8431 ,-0.233739 
348,13.8831 ,-0.237743 
349,13.923 ,-0.241686 
350,13.963 ,-0.245567 
351,14.003 ,-0.249386 
352,14.043 ,-0.25314 
353,14.083 ,-0.25683 
354,14.1229 ,-0.260455 
355,14.1629 ,-0.264013 
356,14.2029 ,-0.267503 
357,14.2429 ,-0.270925 
358,14.2829 ,-0.274278 
359,14.3228 ,-0.277561 
360,14.3628 ,-0.280774 
361,14.4028 ,-0.283914 
362,14.4428 ,-0.286983 
363,14.4828 ,-0.289978 
364,14.5227 ,-0.2929 
365,14.5627 ,-0.295747 
366,14.6027 ,-0.298519 
367,14.6427 ,-0.301215 
368,14.6827 ,-0.303835 
369,14.7226 ,-0.306377 
370,14.7626 ,-0.308841 
371,14.8026 ,-0.311228 
372,14.8426 ,-0.313535 
373,14.8826 ,-0.315763 
374,14.9225 ,-0.31791 
375,14.9625 ,-0.319978 
376,15.0025 ,-0.321964 
377,15.0425 ,-0.323868 
378,15.0825 ,-0.325691 
379,15.1224 ,-0.327432 
380,15.1624 ,-0.329089 
381,15.2024 ,-0.330664 
382,15.2424 ,-0.332155 
383,15.2824 ,-0.333562 
384,15.3223 ,-0.334885 
385,15.3623 ,-0.336124 
386,15.4023 ,-0.337277 
387,15.4423 ,-0.338346 
388,15.4823 ,-0.33933 
389,15.5222 ,-0.340228 
390,15.5622 ,-0.341041 
391,15.6022 ,-0.341768 
392,15.6422 ,-0.342409 
393,15.6822 ,-0.342964 
394,15.7221 ,-0.343433 
395,15.7621 ,-0.343816 
396,15.8021 ,-0.344113 
397,15.8421 ,-0.344323 
398,15.8821 ,-0.344447 
399,15.922 ,-0.344484 
400,15.962 ,-0.344436 
401,16.002 ,-0.344301 
402,16.042 ,-0.34408 
403,16.082 ,-0.343774 
404,16.1219 ,-0.343381 
405,16.1619 ,-0.342902 
406,16.2019 ,-0.342338 
407,16.2419 ,-0.341689 
408,16.2819 ,-0.340954 
409,16.3218 ,-0.340135 
410,16.3618 ,-0.33923 
411,16.4018 ,-0.338242 
412,16.4418 ,-0.337169 
413,16.4818 ,-0.336012 
414,16.5217 ,-0.334772 
415,16.5617 ,-0.333448 
416,16.6017 ,-0.332042 
417,16.6417 ,-0.330553 
418,16.6817 ,-0.328982 
419,16.7216 ,-0.32733 
420,16.7616 ,-0.325597 
421,16.8016 ,-0.323783 
422,16.8416 ,-0.321889 
423,16.8816 ,-0.319915 
424,16.9215 ,-0.317862 
425,16.9615 ,-0.31573 
426,17.0015 ,-0.313521 
427,17.0415 ,-0.311234 
428,17.0815 ,-0.30887 
429,17.1214 ,-0.306431 
430,17.1614 ,-0.303915 
431,17.2014 ,-0.301325 
432,17.2414 ,-0.29866 
433,17.2814 ,-0.295922 
434,17.3213 ,-0.293112 
435,17.3613 ,-0.290229 
436,17.4013 ,-0.287275 
437,17.4413 ,-0.28425 
438,17.4813 ,-0.281156 
439,17.5212 ,-0.277992 
440,17.5612 ,-0.274761 
441,17.6012 ,-0.271462 
442,17.6412 ,-0.268096 
443,17.6812 ,-0.264665 
444,17.7211 ,-0.261169 
445,17.7611 ,-0.25761 
446,17.8011 ,-0.253987 
447,17.8411 ,-0.250303 
448,17.8811 ,-0.246557 
449,17.921 ,-0.242751 
450,17.961 ,-0.238886 
451,18.001 ,-0.234962 
452,18.041 ,-0.230982 
453,18.081 ,-0.226945 
454,18.1209 ,-0.222853 
455,18.1609 ,-0.218707 
456,18.2009 ,-0.214507 
457,18.2409 ,-0.210256 
458,18.2809 ,-0.205953 
459,18.3208 ,-0.2016 
460,18.3608 ,-0.197199 
461,18.4008 ,-0.19275 
462,18.4408 ,-0.188254 
463,18.4808 ,-0.183712 
464,18.5207 ,-0.179126 
465,18.5607 ,-0.174496 
466,18.6007 ,-0.169825 
467,18.6407 ,-0.165112 
468,18.6807 ,-0.16036 
469,18.7206 ,-0.155569 
470,18.7606 ,-0.15074 
471,18.8006 ,-0.145875 
472,18.8406 ,-0.140974 
473,18.8806 ,-0.13604 
474,18.9205 ,-0.131073 
475,18.9605 ,-0.126075 
476,19.0005 ,-0.121046 
477,19.0405 ,-0.115988 
478,19.0805 ,-0.110902 
479,19.1204 ,-0.10579 
480,19.1604 ,-0.100652 
481,19.2004 ,-0.0954903 
482,19.2404 ,-0.0903055 
483,19.2804 ,-0.0850991 
484,19.3203 ,-0.0798723 
485,19.3603 ,-0.0746264 
486,19.4003 ,-0.0693626 
487,19.4403 ,-0.0640823 
488,19.4803 ,-0.0587866 
489,19.5202 ,-0.0534769 
490,19.5602 ,-0.0481545 
491,19.6002 ,-0.0428205 
492,19.6402 ,-0.0374764 
493,19.6802 ,-0.0321233 
494,19.7201 ,-0.0267626 
495,19.7601 ,-0.0213955 
496,19.8001 ,-0.0160233 
497,19.8401 ,-0.0106473 
498,19.8801 ,-0.00526879 
499,19.92 ,0.000110989 
500,19.96 ,0.00550195 