
1,0.01 ,0.00628206 
2,0.02999 ,-0.000545197 
3,0.04998 ,-0.0086599 
4,0.06997 ,-0.0166425 
5,0.08996 ,-0.0244377 
6,0.10995 ,-0.0320176 
7,0.12994 ,-0.0393665 
8,0.14993 ,-0.0464751 
9,0.16992 ,-0.053338 
10,0.18991 ,-0.0599521 
11,0.2099 ,-0.0663162 
12,0.22989 ,-0.0724305 
13,0.24988 ,-0.0782957 
14,0.26987 ,-0.0839135 
15,0.28986 ,-0.089286 
16,0.30985 ,-0.0944157 
17,0.32984 ,-0.0993055 
18,0.34983 ,-0.103958 
19,0.36982 ,-0.108378 
20,0.38981 ,-0.112567 
21,0.4098 ,-0.11653 
22,0.42979 ,-0.120269 
23,0.44978 ,-0.12379 
24,0.46977 ,-0.127096 
25,0.48976 ,-0.13019 
26,0.50975 ,-0.133076 
27,0.52974 ,-0.135759 
28,0.54973 ,-0.138242 
29,0.56972 ,-0.140529 
30,0.58971 ,-0.142625 
31,0.6097 ,-0.144533 
32,0.62969 ,-0.146256 
33,0.64968 ,-0.1478 
34,0.66967 ,-0.149167 
35,0.68966 ,-0.150362 
36,0.70965 ,-0.151388 
37,0.72964 ,-0.152249 
38,0.74963 ,-0.15295 
39,0.76962 ,-0.153493 
40,0.78961 ,-0.153883 
41,0.8096 ,-0.154122 
42,0.82959 ,-0.154215 
43,0.84958 ,-0.154166 
44,0.86957 ,-0.153977 
45,0.88956 ,-0.153653 
46,0.90955 ,-0.153196 
47,0.92954 ,-0.15261 
48,0.94953 ,-0.151899 
49,0.96952 ,-0.151066 
50,0.98951 ,-0.150114 
51,1.0095 ,-0.149047 
52,1.02949 ,-0.147867 
53,1.04948 ,-0.146577 
54,1.06947 ,-0.145182 
55,1.08946 ,-0.143684 
56,1.10945 ,-0.142086 
57,1.12944 ,-0.14039 
58,1.14943 ,-0.138601 
59,1.16942 ,-0.13672 
60,1.18941 ,-0.134752 
61,1.2094 ,-0.132697 
62,1.22939 ,-0.13056 
63,1.24938 ,-0.128343 
64,1.26937 ,-0.126049 
65,1.28936 ,-0.12368 
66,1.30935 ,-0.12124 
67,1.32934 ,-0.118729 
68,1.34933 ,-0.116152 
69,1.36932 ,-0.113511 
70,1.38931 ,-0.110807 
71,1.4093 ,-0.108044 
72,1.42929 ,-0.105224 
73,1.44928 ,-0.102348 
74,1.46927 ,-0.0994207 
75,1.48926 ,-0.0964426 
76,1.50925 ,-0.0934163 
77,1.52924 ,-0.0903442 
78,1.54923 ,-0.0872282 
79,1.56922 ,-0.0840704 
80,1.58921 ,-0.0808731 
81,1.6092 ,-0.0776381 
82,1.62919 ,-0.0743674 
83,1.64918 ,-0.0710631 
84,1.66917 ,-0.067727 
85,1.68916 ,-0.0643611 
86,1.70915 ,-0.0609671 
87,1.72914 ,-0.0575469 
88,1.74913 ,-0.0541023 
89,1.76912 ,-0.050635 
90,1.78911 ,-0.0471467 
91,1.8091 ,-0.0436391 
92,1.82909 ,-0.0401139 
93,1.84908 ,-0.0365727 
94,1.86907 ,-0.033017 
95,1.88906 ,-0.0294485 
96,1.90905 ,-0.0258686 
97,1.92904 ,-0.0222789 
98,1.94903 ,-0.0186807 
99,1.96902 ,-0.0150756 
100,1.98901 ,-0.011465 
101,2.009 ,-0.00785017 
102,2.02899 ,-0.00423252 
103,2.04898 ,-0.000613356 
104,2.06897 ,0.00300602 
105,2.08896 ,0.00662436 
106,2.10895 ,0.0102404 
107,2.12894 ,0.013853 
108,2.14893 ,0.0174609 
109,2.16892 ,0.0210629 
110,2.18891 ,0.024658 
111,2.2089 ,0.028245 
112,2.22889 ,0.0318229 
113,2.24888 ,0.0353905 
114,2.26887 ,0.0389469 
115,2.28886 ,0.0424911 
116,2.30885 ,0.046022 
117,2.32884 ,0.0495387 
118,2.34883 ,0.0530403 
119,2.36882 ,0.0565259 
120,2.38881 ,0.0599945 
121,2.4088 ,0.0634453 
122,2.42879 ,0.0668775 
123,2.44878 ,0.0702901 
124,2.46877 ,0.0736825 
125,2.48876 ,0.0770538 
126,2.50875 ,0.0804033 
127,2.52874 ,0.0837301 
128,2.54873 ,0.0870337 
129,2.56872 ,0.0903133 
130,2.58871 ,0.0935682 
131,2.6087 ,0.0967977 
132,2.62869 ,0.100001 
133,2.64868 ,0.103178 
134,2.66867 ,0.106328 
135,2.68866 ,0.109449 
136,2.70865 ,0.112543 
137,2.72864 ,0.115607 
138,2.74863 ,0.118642 
139,2.76862 ,0.121647 
140,2.78861 ,0.124621 
141,2.8086 ,0.127565 
142,2.82859 ,0.130477 
143,2.84858 ,0.133357 
144,2.86857 ,0.136204 
145,2.88856 ,0.139019 
146,2.90855 ,0.1418 
147,2.92854 ,0.144548 
148,2.94853 ,0.147262 
149,2.96852 ,0.149942 
150,2.98851 ,0.152586 
151,3.0085 ,0.155196 
152,3.02849 ,0.15777 
153,3.04848 ,0.160309 
154,3.06847 ,0.162812 
155,3.08846 ,0.165278 
156,3.10845 ,0.167708 
157,3.12844 ,0.170101 
158,3.14843 ,0.172457 
159,3.16842 ,0.174776 
160,3.18841 ,0.177057 
161,3.2084 ,0.179301 
162,3.22839 ,0.181506 
163,3.24838 ,0.183674 
164,3.26837 ,0.185803 
165,3.28836 ,0.187894 
166,3.30835 ,0.189946 
167,3.32834 ,0.19196 
168,3.34833 ,0.193935 
169,3.36832 ,0.19587 
170,3.38831 ,0.197767 
171,3.4083 ,0.199624 
172,3.42829 ,0.201442 
173,3.44828 ,0.203221 
174,3.46827 ,0.204961 
175,3.48826 ,0.20666 
176,3.50825 ,0.208321 
177,3.52824 ,0.209941 
178,3.54823 ,0.211522 
179,3.56822 ,0.213064 
180,3.58821 ,0.214565 
181,3.6082 ,0.216027 
182,3.62819 ,0.217449 
183,3.64818 ,0.218832 
184,3.66817 ,0.220175 
185,3.68816 ,0.221478 
186,3.70815 ,0.222742 
187,3.72814 ,0.223965 
188,3.74813 ,0.22515 
189,3.76812 ,0.226295 
190,3.78811 ,0.2274 
191,3.8081 ,0.228466 
192,3.82809 ,0.229492 
193,3.84808 ,0.23048 
194,3.86807 ,0.231428 
195,3.88806 ,0.232337 
196,3.90805 ,0.233207 
197,3.92804 ,0.234038 
198,3.94803 ,0.234831 
199,3.96802 ,0.235584 
200,3.98801 ,0.236299 
201,4.008 ,0.236976 
202,4.02799 ,0.237614 
203,4.04798 ,0.238215 
204,4.06797 ,0.238777 
205,4.08796 ,0.239301 
206,4.10795 ,0.239787 
207,4.12794 ,0.240236 
208,4.14793 ,0.240647 
209,4.16792 ,0.241021 
210,4.18791 ,0.241358 
211,4.2079 ,0.241658 
212,4.22789 ,0.241921 
213,4.24788 ,0.242148 
214,4.26787 ,0.242338 
215,4.28786 ,0.242492 
216,4.30785 ,0.24261 
217,4.32784 ,0.242692 
218,4.34783 ,0.242738 
219,4.36782 ,0.242749 
220,4.38781 ,0.242724 
221,4.4078 ,0.242665 
222,4.42779 ,0.24257 
223,4.44778 ,0.242441 
224,4.46777 ,0.242278 
225,4.48776 ,0.24208 
226,4.50775 ,0.241848 
227,4.52774 ,0.241583 
228,4.54773 ,0.241284 
229,4.56772 ,0.240952 
230,4.58771 ,0.240586 
231,4.6077 ,0.240188 
232,4.62769 ,0.239757 
233,4.64768 ,0.239294 
234,4.66767 ,0.238799 
235,4.68766 ,0.238272 
236,4.70765 ,0.237713 
237,4.72764 ,0.237123 
238,4.74763 ,0.236501 
239,4.76762 ,0.235849 
240,4.78761 ,0.235166 
241,4.8076 ,0.234453 
242,4.82759 ,0.233709 
243,4.84758 ,0.232936 
244,4.86757 ,0.232133 
245,4.88756 ,0.231301 
246,4.90755 ,0.230439 
247,4.92754 ,0.229549 
248,4.94753 ,0.22863 
249,4.96752 ,0.227683 
250,4.98751 ,0.226708 
251,5.0075 ,0.225705 
252,5.02749 ,0.224674 
253,5.04748 ,0.223616 
254,5.06747 ,0.222532 
255,5.08746 ,0.22142 
256,5.10745 ,0.220282 
257,5.12744 ,0.219118 
258,5.14743 ,0.217928 
259,5.16742 ,0.216713 
260,5.18741 ,0.215472 
261,5.2074 ,0.214206 
262,5.22739 ,0.212915 
263,5.24738 ,0.211599 
264,5.26737 ,0.21026 
265,5.28736 ,0.208896 
266,5.30735 ,0.207509 
267,5.32734 ,0.206098 
268,5.34733 ,0.204664 
269,5.36732 ,0.203208 
270,5.38731 ,0.201728 
271,5.4073 ,0.200227 
272,5.42729 ,0.198703 
273,5.44728 ,0.197157 
274,5.46727 ,0.19559 
275,5.48726 ,0.194002 
276,5.50725 ,0.192393 
277,5.52724 ,0.190763 
278,5.54723 ,0.189113 
279,5.56722 ,0.187443 
280,5.58721 ,0.185752 
281,5.6072 ,0.184043 
282,5.62719 ,0.182314 
283,5.64718 ,0.180565 
284,5.66717 ,0.178799 
285,5.68716 ,0.177013 
286,5.70715 ,0.17521 
287,5.72714 ,0.173388 
288,5.74713 ,0.171549 
289,5.76712 ,0.169693 
290,5.78711 ,0.167819 
291,5.8071 ,0.165929 
292,5.82709 ,0.164022 
293,5.84708 ,0.162098 
294,5.86707 ,0.160159 
295,5.88706 ,0.158204 
296,5.90705 ,0.156233 
297,5.92704 ,0.154247 
298,5.94703 ,0.152246 
299,5.96702 ,0.15023 
300,5.98701 ,0.1482 
301,6.007 ,0.146156 
302,6.02699 ,0.144098 
303,6.04698 ,0.142026 
304,6.06697 ,0.13994 
305,6.08696 ,0.137842 
306,6.10695 ,0.135731 
307,6.12694 ,0.133606 
308,6.14693 ,0.13147 
309,6.16692 ,0.129321 
310,6.18691 ,0.127161 
311,6.2069 ,0.124989 
312,6.22689 ,0.122805 
313,6.24688 ,0.120611 
314,6.26687 ,0.118405 
315,6.28686 ,0.116189 
316,6.30685 ,0.113962 
317,6.32684 ,0.111726 
318,6.34683 ,0.109479 
319,6.36682 ,0.107223 
320,6.38681 ,0.104957 
321,6.4068 ,0.102682 
322,6.42679 ,0.100398 
323,6.44678 ,0.0981059 
324,6.46677 ,0.095805 
325,6.48676 ,0.0934958 
326,6.50675 ,0.0911786 
327,6.52674 ,0.0888536 
328,6.54673 ,0.0865211 
329,6.56672 ,0.0841813 
330,6.58671 ,0.0818345 
331,6.6067 ,0.0794807 
332,6.62669 ,0.0771204 
333,6.64668 ,0.0747537 
334,6.66667 ,0.0723808 
335,6.68666 ,0.0700019 
336,6.70665 ,0.0676174 
337,6.72664 ,0.0652273 
338,6.74663 ,0.0628319 
339,6.76662 ,0.0604314 
340,6.78661 ,0.0580261 
341,6.8066 ,0.0556162 
342,6.82659 ,0.0532018 
343,6.84658 ,0.0507832 
344,6.86657 ,0.0483605 
345,6.88656 ,0.0459341 
346,6.90655 ,0.0435041 
347,6.92654 ,0.0410706 
348,6.94653 ,0.038634 
349,6.96652 ,0.0361944 
350,6.98651 ,0.033752 
351,7.0065 ,0.031307 
352,7.02649 ,0.0288596 
353,7.04648 ,0.02641 
354,7.06647 ,0.0239585 
355,7.08646 ,0.0215051 
356,7.10645 ,0.0190501 
357,7.12644 ,0.0165936 
358,7.14643 ,0.014136 
359,7.16642 ,0.0116773 
360,7.18641 ,0.0092177 
361,7.2064 ,0.00675745 
362,7.22639 ,0.00429671 
363,7.24638 ,0.00183565 
364,7.26637 ,-0.000625539 
365,7.28636 ,-0.00308668 
366,7.30635 ,-0.00554761 
367,7.32634 ,-0.00800813 
368,7.34633 ,-0.0104681 
369,7.36632 ,-0.0129273 
370,7.38631 ,-0.0153856 
371,7.4063 ,-0.0178428 
372,7.42629 ,-0.0202988 
373,7.44628 ,-0.0227533 
374,7.46627 ,-0.0252062 
375,7.48626 ,-0.0276575 
376,7.50625 ,-0.0301067 
377,7.52624 ,-0.032554 
378,7.54623 ,-0.034999 
379,7.56622 ,-0.0374416 
380,7.58621 ,-0.0398816 
381,7.6062 ,-0.042319 
382,7.62619 ,-0.0447535 
383,7.64618 ,-0.047185 
384,7.66617 ,-0.0496134 
385,7.68616 ,-0.0520384 
386,7.70615 ,-0.05446 
387,7.72614 ,-0.056878 
388,7.74613 ,-0.0592923 
389,7.76612 ,-0.0617027 
390,7.78611 ,-0.064109 
391,7.8061 ,-0.0665112 
392,7.82609 ,-0.0689091 
393,7.84608 ,-0.0713026 
394,7.86607 ,-0.0736915 
395,7.88606 ,-0.0760756 
396,7.90605 ,-0.078455 
397,7.92604 ,-0.0808293 
398,7.94603 ,-0.0831986 
399,7.96602 ,-0.0855626 
400,7.98601 ,-0.0879212 
401,8.006 ,-0.0902744 
402,8.02599 ,-0.0926219 
403,8.04598 ,-0.0949638 
404,8.06597 ,-0.0972997 
405,8.08596 ,-0.0996297 
406,8.10595 ,-0.101954 
407,8.12594 ,-0.104271 
408,8.14593 ,-0.106583 
409,8.16592 ,-0.108888 
410,8.18591 ,-0.111186 
411,8.2059 ,-0.113478 
412,8.22589 ,-0.115763 
413,8.24588 ,-0.118041 
414,8.26587 ,-0.120312 
415,8.28586 ,-0.122576 
416,8.30585 ,-0.124832 
417,8.32584 ,-0.127082 
418,8.34583 ,-0.129324 
419,8.36582 ,-0.131558 
420,8.38581 ,-0.133785 
421,8.4058 ,-0.136005 
422,8.42579 ,-0.138216 
423,8.44578 ,-0.14042 
424,8.46577 ,-0.142615 
425,8.48576 ,-0.144802 
426,8.50575 ,-0.146982 
427,8.52574 ,-0.149153 
428,8.54573 ,-0.151315 
429,8.56572 ,-0.153469 
430,8.58571 ,-0.155615 
431,8.6057 ,-0.157752 
432,8.62569 ,-0.15988 
433,8.64568 ,-0.162 
434,8.66567 ,-0.16411 
435,8.68566 ,-0.166212 
436,8.70565 ,-0.168305 
437,8.72564 ,-0.170388 
438,8.74563 ,-0.172463 
439,8.76562 ,-0.174528 
440,8.78561 ,-0.176584 
441,8.8056 ,-0.17863 
442,8.82559 ,-0.180667 
443,8.84558 ,-0.182694 
444,8.86557 ,-0.184712 
445,8.88556 ,-0.18672 
446,8.90555 ,-0.188718 
447,8.92554 ,-0.190707 
448,8.94553 ,-0.192685 
449,8.96552 ,-0.194654 
450,8.98551 ,-0.196612 
451,9.0055 ,-0.198561 
452,9.02549 ,-0.200499 
453,9.04548 ,-0.202427 
454,9.06547 ,-0.204345 
455,9.08546 ,-0.206253 
456,9.10545 ,-0.20815 
457,9.12544 ,-0.210037 
458,9.14543 ,-0.211913 
459,9.16542 ,-0.213779 
460,9.18541 ,-0.215634 
461,9.2054 ,-0.217479 
462,9.22539 ,-0.219312 
463,9.24538 ,-0.221136 
464,9.26537 ,-0.222948 
465,9.28536 ,-0.224749 
466,9.30535 ,-0.22654 
467,9.32534 ,-0.22832 
468,9.34533 ,-0.230089 
469,9.36532 ,-0.231846 
470,9.38531 ,-0.233593 
471,9.4053 ,-0.235329 
472,9.42529 ,-0.237053 
473,9.44528 ,-0.238766 
474,9.46527 ,-0.240469 
475,9.48526 ,-0.242159 
476,9.50525 ,-0.243839 
477,9.52524 ,-0.245507 
478,9.54523 ,-0.247164 
479,9.56522 ,-0.24881 
480,9.58521 ,-0.250444 
481,9.6052 ,-0.252067 
482,9.62519 ,-0.253678 
483,9.64518 ,-0.255278 
484,9.66517 ,-0.256866 
485,9.68516 ,-0.258442 
486,9.70515 ,-0.260008 
487,9.72514 ,-0.261561 
488,9.74513 ,-0.263103 
489,9.76512 ,-0.264633 
490,9.78511 ,-0.266151 
491,9.8051 ,-0.267658 
492,9.82509 ,-0.269153 
493,9.84508 ,-0.270636 
494,9.86507 ,-0.272108 
495,9.88506 ,-0.273568 
496,9.90505 ,-0.275015 
497,9.92504 ,-0.276451 
498,9.94503 ,-0.277876 
499,9.96502 ,-0.279288 
500,9.98501 ,-0.280689 
501,10.005 ,-0.282077 
502,10.025 ,-0.283454 
503,10.045 ,-0.284819 
504,10.065 ,-0.286171 
505,10.085 ,-0.287512 
506,10.1049 ,-0.288841 
507,10.1249 ,-0.290158 
508,10.1449 ,-0.291463 
509,10.1649 ,-0.292756 
510,10.1849 ,-0.294037 
511,10.2049 ,-0.295307 
512,10.2249 ,-0.296564 
513,10.2449 ,-0.297809 
514,10.2649 ,-0.299042 
515,10.2849 ,-0.300263 
516,10.3048 ,-0.301472 
517,10.3248 ,-0.302669 
518,10.3448 ,-0.303854 
519,10.3648 ,-0.305027 
520,10.3848 ,-0.306188 
521,10.4048 ,-0.307337 
522,10.4248 ,-0.308474 
523,10.4448 ,-0.309598 
524,10.4648 ,-0.310711 
525,10.4848 ,-0.311812 
526,10.5047 ,-0.312901 
527,10.5247 ,-0.313978 
528,10.5447 ,-0.315043 
529,10.5647 ,-0.316095 
530,10.5847 ,-0.317136 
531,10.6047 ,-0.318165 
532,10.6247 ,-0.319182 
533,10.6447 ,-0.320187 
534,10.6647 ,-0.321179 
535,10.6847 ,-0.32216 
536,10.7046 ,-0.323129 
537,10.7246 ,-0.324086 
538,10.7446 ,-0.325031 
539,10.7646 ,-0.325964 
540,10.7846 ,-0.326885 
541,10.8046 ,-0.327795 
542,10.8246 ,-0.328692 
543,10.8446 ,-0.329578 
544,10.8646 ,-0.330451 
545,10.8846 ,-0.331313 
546,10.9045 ,-0.332163 
547,10.9245 ,-0.333001 
548,10.9445 ,-0.333827 
549,10.9645 ,-0.334642 
550,10.9845 ,-0.335445 
551,11.0045 ,-0.336236 
552,11.0245 ,-0.337015 
553,11.0445 ,-0.337782 
554,11.0645 ,-0.338538 
555,11.0845 ,-0.339282 
556,11.1044 ,-0.340015 
557,11.1244 ,-0.340735 
558,11.1444 ,-0.341444 
559,11.1644 ,-0.342142 
560,11.1844 ,-0.342828 
561,11.2044 ,-0.343502 
562,11.2244 ,-0.344165 
563,11.2444 ,-0.344816 
564,11.2644 ,-0.345456 
565,11.2844 ,-0.346084 
566,11.3043 ,-0.346701 
567,11.3243 ,-0.347306 
568,11.3443 ,-0.3479 
569,11.3643 ,-0.348482 
570,11.3843 ,-0.349053 
571,11.4043 ,-0.349613 
572,11.4243 ,-0.350162 
573,11.4443 ,-0.350699 
574,11.4643 ,-0.351224 
575,11.4843 ,-0.351739 
576,11.5042 ,-0.352242 
577,11.5242 ,-0.352735 
578,11.5442 ,-0.353216 
579,11.5642 ,-0.353685 
580,11.5842 ,-0.354144 
581,11.6042 ,-0.354592 
582,11.6242 ,-0.355028 
583,11.6442 ,-0.355454 
584,11.6642 ,-0.355869 
585,11.6842 ,-0.356272 
586,11.7041 ,-0.356665 
587,11.7241 ,-0.357047 
588,11.7441 ,-0.357417 
589,11.7641 ,-0.357777 
590,11.7841 ,-0.358127 
591,11.8041 ,-0.358465 
592,11.8241 ,-0.358793 
593,11.8441 ,-0.35911 
594,11.8641 ,-0.359416 
595,11.8841 ,-0.359711 
596,11.904 ,-0.359996 
597,11.924 ,-0.36027 
598,11.944 ,-0.360534 
599,11.964 ,-0.360787 
600,11.984 ,-0.36103 
601,12.004 ,-0.361262 
602,12.024 ,-0.361484 
603,12.044 ,-0.361695 
604,12.064 ,-0.361896 
605,12.084 ,-0.362087 
606,12.1039 ,-0.362267 
607,12.1239 ,-0.362437 
608,12.1439 ,-0.362597 
609,12.1639 ,-0.362747 
610,12.1839 ,-0.362886 
611,12.2039 ,-0.363016 
612,12.2239 ,-0.363135 
613,12.2439 ,-0.363244 
614,12.2639 ,-0.363343 
615,12.2839 ,-0.363433 
616,12.3038 ,-0.363512 
617,12.3238 ,-0.363581 
618,12.3438 ,-0.363641 
619,12.3638 ,-0.36369 
620,12.3838 ,-0.36373 
621,12.4038 ,-0.36376 
622,12.4238 ,-0.36378 
623,12.4438 ,-0.363791 
624,12.4638 ,-0.363792 
625,12.4838 ,-0.363783 
626,12.5037 ,-0.363765 
627,12.5237 ,-0.363737 
628,12.5437 ,-0.3637 
629,12.5637 ,-0.363653 
630,12.5837 ,-0.363597 
631,12.6037 ,-0.363532 
632,12.6237 ,-0.363457 
633,12.6437 ,-0.363373 
634,12.6637 ,-0.363279 
635,12.6837 ,-0.363176 
636,12.7036 ,-0.363064 
637,12.7236 ,-0.362943 
638,12.7436 ,-0.362813 
639,12.7636 ,-0.362674 
640,12.7836 ,-0.362525 
641,12.8036 ,-0.362368 
642,12.8236 ,-0.362202 
643,12.8436 ,-0.362027 
644,12.8636 ,-0.361842 
645,12.8836 ,-0.361649 
646,12.9035 ,-0.361448 
647,12.9235 ,-0.361237 
648,12.9435 ,-0.361018 
649,12.9635 ,-0.36079 
650,12.9835 ,-0.360553 
651,13.0035 ,-0.360308 
652,13.0235 ,-0.360054 
653,13.0435 ,-0.359792 
654,13.0635 ,-0.359521 
655,13.0835 ,-0.359242 
656,13.1034 ,-0.358954 
657,13.1234 ,-0.358658 
658,13.1434 ,-0.358354 
659,13.1634 ,-0.358042 
660,13.1834 ,-0.357721 
661,13.2034 ,-0.357392 
662,13.2234 ,-0.357054 
663,13.2434 ,-0.356709 
664,13.2634 ,-0.356356 
665,13.2834 ,-0.355994 
666,13.3033 ,-0.355625 
667,13.3233 ,-0.355247 
668,13.3433 ,-0.354862 
669,13.3633 ,-0.354469 
670,13.3833 ,-0.354068 
671,13.4033 ,-0.353659 
672,13.4233 ,-0.353242 
673,13.4433 ,-0.352818 
674,13.4633 ,-0.352386 
675,13.4833 ,-0.351946 
676,13.5032 ,-0.351499 
677,13.5232 ,-0.351044 
678,13.5432 ,-0.350581 
679,13.5632 ,-0.350112 
680,13.5832 ,-0.349634 
681,13.6032 ,-0.34915 
682,13.6232 ,-0.348658 
683,13.6432 ,-0.348158 
684,13.6632 ,-0.347652 
685,13.6832 ,-0.347138 
686,13.7031 ,-0.346617 
687,13.7231 ,-0.346089 
688,13.7431 ,-0.345553 
689,13.7631 ,-0.345011 
690,13.7831 ,-0.344461 
691,13.8031 ,-0.343905 
692,13.8231 ,-0.343342 
693,13.8431 ,-0.342771 
694,13.8631 ,-0.342194 
695,13.8831 ,-0.34161 
696,13.903 ,-0.341019 
697,13.923 ,-0.340422 
698,13.943 ,-0.339818 
699,13.963 ,-0.339207 
700,13.983 ,-0.338589 
701,14.003 ,-0.337965 
702,14.023 ,-0.337334 
703,14.043 ,-0.336697 
704,14.063 ,-0.336054 
705,14.083 ,-0.335403 
706,14.1029 ,-0.334747 
707,14.1229 ,-0.334084 
708,14.1429 ,-0.333415 
709,14.1629 ,-0.332739 
710,14.1829 ,-0.332058 
711,14.2029 ,-0.33137 
712,14.2229 ,-0.330676 
713,14.2429 ,-0.329976 
714,14.2629 ,-0.329269 
715,14.2829 ,-0.328557 
716,14.3028 ,-0.327839 
717,14.3228 ,-0.327115 
718,14.3428 ,-0.326384 
719,14.3628 ,-0.325648 
720,14.3828 ,-0.324906 
721,14.4028 ,-0.324159 
722,14.4228 ,-0.323405 
723,14.4428 ,-0.322646 
724,14.4628 ,-0.321881 
725,14.4828 ,-0.321111 
726,14.5027 ,-0.320334 
727,14.5227 ,-0.319553 
728,14.5427 ,-0.318765 
729,14.5627 ,-0.317972 
730,14.5827 ,-0.317174 
731,14.6027 ,-0.31637 
732,14.6227 ,-0.315561 
733,14.6427 ,-0.314747 
734,14.6627 ,-0.313927 
735,14.6827 ,-0.313102 
736,14.7026 ,-0.312272 
737,14.7226 ,-0.311436 
738,14.7426 ,-0.310595 
739,14.7626 ,-0.309749 
740,14.7826 ,-0.308899 
741,14.8026 ,-0.308043 
742,14.8226 ,-0.307182 
743,14.8426 ,-0.306316 
744,14.8626 ,-0.305445 
745,14.8826 ,-0.304569 
746,14.9025 ,-0.303688 
747,14.9225 ,-0.302802 
748,14.9425 ,-0.301912 
749,14.9625 ,-0.301017 
750,14.9825 ,-0.300117 
751,15.0025 ,-0.299212 
752,15.0225 ,-0.298303 
753,15.0425 ,-0.297389 
754,15.0625 ,-0.296471 
755,15.0825 ,-0.295548 
756,15.1024 ,-0.29462 
757,15.1224 ,-0.293688 
758,15.1424 ,-0.292752 
759,15.1624 ,-0.291811 
760,15.1824 ,-0.290865 
761,15.2024 ,-0.289916 
762,15.2224 ,-0.288962 
763,15.2424 ,-0.288004 
764,15.2624 ,-0.287041 
765,15.2824 ,-0.286074 
766,15.3023 ,-0.285103 
767,15.3223 ,-0.284128 
768,15.3423 ,-0.283149 
769,15.3623 ,-0.282166 
770,15.3823 ,-0.281179 
771,15.4023 ,-0.280187 
772,15.4223 ,-0.279192 
773,15.4423 ,-0.278193 
774,15.4623 ,-0.27719 
775,15.4823 ,-0.276183 
776,15.5022 ,-0.275172 
777,15.5222 ,-0.274157 
778,15.5422 ,-0.273139 
779,15.5622 ,-0.272117 
780,15.5822 ,-0.271091 
781,15.6022 ,-0.270061 
782,15.6222 ,-0.269028 
783,15.6422 ,-0.267991 
784,15.6622 ,-0.26695 
785,15.6822 ,-0.265906 
786,15.7021 ,-0.264859 
787,15.7221 ,-0.263808 
788,15.7421 ,-0.262753 
789,15.7621 ,-0.261695 
790,15.7821 ,-0.260634 
791,15.8021 ,-0.259569 
792,15.8221 ,-0.258501 
793,15.8421 ,-0.257429 
794,15.8621 ,-0.256355 
795,15.8821 ,-0.255277 
796,15.902 ,-0.254195 
797,15.922 ,-0.253111 
798,15.942 ,-0.252023 
799,15.962 ,-0.250933 
800,15.982 ,-0.249839 
801,16.002 ,-0.248742 
802,16.022 ,-0.247642 
803,16.042 ,-0.246539 
804,16.062 ,-0.245433 
805,16.082 ,-0.244324 
806,16.1019 ,-0.243212 
807,16.1219 ,-0.242097 
808,16.1419 ,-0.24098 
809,16.1619 ,-0.239859 
810,16.1819 ,-0.238736 
811,16.2019 ,-0.23761 
812,16.2219 ,-0.236481 
813,16.2419 ,-0.235349 
814,16.2619 ,-0.234215 
815,16.2819 ,-0.233078 
816,16.3018 ,-0.231938 
817,16.3218 ,-0.230796 
818,16.3418 ,-0.229651 
819,16.3618 ,-0.228504 
820,16.3818 ,-0.227354 
821,16.4018 ,-0.226201 
822,16.4218 ,-0.225046 
823,16.4418 ,-0.223889 
824,16.4618 ,-0.222729 
825,16.4818 ,-0.221566 
826,16.5017 ,-0.220401 
827,16.5217 ,-0.219234 
828,16.5417 ,-0.218065 
829,16.5617 ,-0.216893 
830,16.5817 ,-0.215719 
831,16.6017 ,-0.214542 
832,16.6217 ,-0.213364 
833,16.6417 ,-0.212183 
834,16.6617 ,-0.211 
835,16.6817 ,-0.209815 
836,16.7017 ,-0.208627 
837,16.7216 ,-0.207438 
838,16.7416 ,-0.206246 
839,16.7616 ,-0.205053 
840,16.7816 ,-0.203857 
841,16.8016 ,-0.202659 
842,16.8216 ,-0.20146 
843,16.8416 ,-0.200258 
844,16.8616 ,-0.199054 
845,16.8816 ,-0.197849 
846,16.9016 ,-0.196641 
847,16.9215 ,-0.195432 
848,16.9415 ,-0.194221 
849,16.9615 ,-0.193007 
850,16.9815 ,-0.191793 
851,17.0015 ,-0.190576 
852,17.0215 ,-0.189357 
853,17.0415 ,-0.188137 
854,17.0615 ,-0.186915 
855,17.0815 ,-0.185691 
856,17.1014 ,-0.184466 
857,17.1214 ,-0.183239 
858,17.1414 ,-0.18201 
859,17.1614 ,-0.18078 
860,17.1814 ,-0.179548 
861,17.2014 ,-0.178315 
862,17.2214 ,-0.177079 
863,17.2414 ,-0.175843 
864,17.2614 ,-0.174605 
865,17.2814 ,-0.173365 
866,17.3013 ,-0.172124 
867,17.3213 ,-0.170881 
868,17.3413 ,-0.169637 
869,17.3613 ,-0.168392 
870,17.3813 ,-0.167145 
871,17.4013 ,-0.165897 
872,17.4213 ,-0.164647 
873,17.4413 ,-0.163396 
874,17.4613 ,-0.162144 
875,17.4813 ,-0.16089 
876,17.5012 ,-0.159635 
877,17.5212 ,-0.158379 
878,17.5412 ,-0.157121 
879,17.5612 ,-0.155863 
880,17.5812 ,-0.154603 
881,17.6012 ,-0.153342 
882,17.6212 ,-0.152079 
883,17.6412 ,-0.150816 
884,17.6612 ,-0.149551 
885,17.6812 ,-0.148286 
886,17.7011 ,-0.147019 
887,17.7211 ,-0.145751 
888,17.7411 ,-0.144482 
889,17.7611 ,-0.143212 
890,17.7811 ,-0.141941 
891,17.8011 ,-0.140668 
892,17.8211 ,-0.139395 
893,17.8411 ,-0.138121 
894,17.8611 ,-0.136846 
895,17.8811 ,-0.13557 
896,17.901 ,-0.134293 
897,17.921 ,-0.133015 
898,17.941 ,-0.131736 
899,17.961 ,-0.130456 
900,17.981 ,-0.129175 
901,18.001 ,-0.127893 
902,18.021 ,-0.126611 
903,18.041 ,-0.125328 
904,18.061 ,-0.124044 
905,18.081 ,-0.122759 
906,18.1009 ,-0.121473 
907,18.1209 ,-0.120186 
908,18.1409 ,-0.118899 
909,18.1609 ,-0.117611 
910,18.1809 ,-0.116322 
911,18.2009 ,-0.115033 
912,18.2209 ,-0.113742 
913,18.2409 ,-0.112451 
914,18.2609 ,-0.11116 
915,18.2809 ,-0.109867 
916,18.3009 ,-0.108574 
917,18.3208 ,-0.107281 
918,18.3408 ,-0.105986 
919,18.3608 ,-0.104692 
920,18.3808 ,-0.103396 
921,18.4008 ,-0.1021 
922,18.4208 ,-0.100803 
923,18.4408 ,-0.099506 
924,18.4608 ,-0.0982081 
925,18.4808 ,-0.0969097 
926,18.5008 ,-0.0956108 
927,18.5207 ,-0.0943114 
928,18.5407 ,-0.0930114 
929,18.5607 ,-0.0917109 
930,18.5807 ,-0.09041 
931,18.6007 ,-0.0891085 
932,18.6207 ,-0.0878066 
933,18.6407 ,-0.0865042 
934,18.6607 ,-0.0852014 
935,18.6807 ,-0.0838981 
936,18.7006 ,-0.0825944 
937,18.7206 ,-0.0812903 
938,18.7406 ,-0.0799858 
939,18.7606 ,-0.0786809 
940,18.7806 ,-0.0773756 
941,18.8006 ,-0.0760699 
942,18.8206 ,-0.0747639 
943,18.8406 ,-0.0734575 
944,18.8606 ,-0.0721507 
945,18.8806 ,-0.0708436 
946,18.9005 ,-0.0695362 
947,18.9205 ,-0.0682285 
948,18.9405 ,-0.0669204 
949,18.9605 ,-0.0656121 
950,18.9805 ,-0.0643034 
951,19.0005 ,-0.0629945 
952,19.0205 ,-0.0616853 
953,19.0405 ,-0.0603758 
954,19.0605 ,-0.0590661 
955,19.0805 ,-0.0577561 
956,19.1004 ,-0.0564459 
957,19.1204 ,-0.0551354 
958,19.1404 ,-0.0538247 
959,19.1604 ,-0.0525138 
960,19.1804 ,-0.0512027 
961,19.2004 ,-0.0498914 
962,19.2204 ,-0.0485799 
963,19.2404 ,-0.0472682 
964,19.2604 ,-0.0459563 
965,19.2804 ,-0.0446442 
966,19.3003 ,-0.043332 
967,19.3203 ,-0.0420196 
968,19.3403 ,-0.040707 
969,19.3603 ,-0.0393943 
970,19.3803 ,-0.0380815 
971,19.4003 ,-0.0367685 
972,19.4203 ,-0.0354554 
973,19.4403 ,-0.0341422 
974,19.4603 ,-0.0328289 
975,19.4803 ,-0.0315154 
976,19.5002 ,-0.0302019 
977,19.5202 ,-0.0288882 
978,19.5402 ,-0.0275744 
979,19.5602 ,-0.0262606 
980,19.5802 ,-0.0249467 
981,19.6002 ,-0.0236327 
982,19.6202 ,-0.0223186 
983,19.6402 ,-0.0210045 
984,19.6602 ,-0.0196903 
985,19.6802 ,-0.018376 
986,19.7002 ,-0.0170617 
987,19.7201 ,-0.0157473 
988,19.7401 ,-0.0144329 
989,19.7601 ,-0.0131184 
990,19.7801 ,-0.0118039 
991,19.8001 ,-0.0104894 
992,19.8201 ,-0.00917488 
993,19.8401 ,-0.0078603 
994,19.8601 ,-0.00654571 
995,19.8801 ,-0.0052311 
996,19.9001 ,-0.00391647 
997,19.92 ,-0.00260184 
998,19.94 ,-0.0012872 
999,19.96 ,2.74453e-05 
1000,19.98 ,0.00134483 