
1,0.01 ,0.01087 
2,0.02999 ,-0.000946556 
3,0.04998 ,-0.0149903 
4,0.06997 ,-0.0288 
5,0.08996 ,-0.0422751 
6,0.10995 ,-0.0553628 
7,0.12994 ,-0.0680314 
8,0.14993 ,-0.0802605 
9,0.16992 ,-0.0920366 
10,0.18991 ,-0.103351 
11,0.2099 ,-0.114197 
12,0.22989 ,-0.124572 
13,0.24988 ,-0.134475 
14,0.26987 ,-0.143905 
15,0.28986 ,-0.152863 
16,0.30985 ,-0.161351 
17,0.32984 ,-0.169371 
18,0.34983 ,-0.176927 
19,0.36982 ,-0.184023 
20,0.38981 ,-0.190662 
21,0.4098 ,-0.19685 
22,0.42979 ,-0.202591 
23,0.44978 ,-0.207891 
24,0.46977 ,-0.212755 
25,0.48976 ,-0.21719 
26,0.50975 ,-0.221201 
27,0.52974 ,-0.224794 
28,0.54973 ,-0.227977 
29,0.56972 ,-0.230756 
30,0.58971 ,-0.233138 
31,0.6097 ,-0.235129 
32,0.62969 ,-0.236738 
33,0.64968 ,-0.23797 
34,0.66967 ,-0.238834 
35,0.68966 ,-0.239337 
36,0.70965 ,-0.239487 
37,0.72964 ,-0.23929 
38,0.74963 ,-0.238755 
39,0.76962 ,-0.237889 
40,0.78961 ,-0.236701 
41,0.8096 ,-0.235197 
42,0.82959 ,-0.233387 
43,0.84958 ,-0.231277 
44,0.86957 ,-0.228876 
45,0.88956 ,-0.226192 
46,0.90955 ,-0.223233 
47,0.92954 ,-0.220006 
48,0.94953 ,-0.21652 
49,0.96952 ,-0.212783 
50,0.98951 ,-0.208802 
51,1.0095 ,-0.204587 
52,1.02949 ,-0.200144 
53,1.04948 ,-0.195482 
54,1.06947 ,-0.190609 
55,1.08946 ,-0.185533 
56,1.10945 ,-0.180262 
57,1.12944 ,-0.174804 
58,1.14943 ,-0.169166 
59,1.16942 ,-0.163356 
60,1.18941 ,-0.157383 
61,1.2094 ,-0.151254 
62,1.22939 ,-0.144977 
63,1.24938 ,-0.138559 
64,1.26937 ,-0.132009 
65,1.28936 ,-0.125333 
66,1.30935 ,-0.11854 
67,1.32934 ,-0.111637 
68,1.34933 ,-0.104631 
69,1.36932 ,-0.0975293 
70,1.38931 ,-0.09034 
71,1.4093 ,-0.08307 
72,1.42929 ,-0.0757263 
73,1.44928 ,-0.0683162 
74,1.46927 ,-0.0608467 
75,1.48926 ,-0.0533247 
76,1.50925 ,-0.045757 
77,1.52924 ,-0.0381506 
78,1.54923 ,-0.030512 
79,1.56922 ,-0.022848 
80,1.58921 ,-0.0151651 
81,1.6092 ,-0.00746969 
82,1.62919 ,0.000231815 
83,1.64918 ,0.00793314 
84,1.66917 ,0.0156281 
85,1.68916 ,0.0233106 
86,1.70915 ,0.0309747 
87,1.72914 ,0.0386144 
88,1.74913 ,0.0462239 
89,1.76912 ,0.0537977 
90,1.78911 ,0.06133 
91,1.8091 ,0.0688154 
92,1.82909 ,0.0762484 
93,1.84908 ,0.0836239 
94,1.86907 ,0.0909366 
95,1.88906 ,0.0981814 
96,1.90905 ,0.105353 
97,1.92904 ,0.112448 
98,1.94903 ,0.11946 
99,1.96902 ,0.126385 
100,1.98901 ,0.133218 
101,2.009 ,0.139956 
102,2.02899 ,0.146593 
103,2.04898 ,0.153126 
104,2.06897 ,0.15955 
105,2.08896 ,0.165862 
106,2.10895 ,0.172057 
107,2.12894 ,0.178133 
108,2.14893 ,0.184085 
109,2.16892 ,0.18991 
110,2.18891 ,0.195604 
111,2.2089 ,0.201165 
112,2.22889 ,0.206588 
113,2.24888 ,0.211872 
114,2.26887 ,0.217014 
115,2.28886 ,0.222009 
116,2.30885 ,0.226856 
117,2.32884 ,0.231553 
118,2.34883 ,0.236096 
119,2.36882 ,0.240484 
120,2.38881 ,0.244714 
121,2.4088 ,0.248785 
122,2.42879 ,0.252693 
123,2.44878 ,0.256438 
124,2.46877 ,0.260017 
125,2.48876 ,0.26343 
126,2.50875 ,0.266674 
127,2.52874 ,0.269748 
128,2.54873 ,0.272651 
129,2.56872 ,0.275381 
130,2.58871 ,0.277938 
131,2.6087 ,0.280321 
132,2.62869 ,0.282529 
133,2.64868 ,0.284561 
134,2.66867 ,0.286416 
135,2.68866 ,0.288094 
136,2.70865 ,0.289595 
137,2.72864 ,0.290918 
138,2.74863 ,0.292064 
139,2.76862 ,0.293031 
140,2.78861 ,0.29382 
141,2.8086 ,0.294432 
142,2.82859 ,0.294866 
143,2.84858 ,0.295123 
144,2.86857 ,0.295203 
145,2.88856 ,0.295106 
146,2.90855 ,0.294835 
147,2.92854 ,0.294388 
148,2.94853 ,0.293767 
149,2.96852 ,0.292973 
150,2.98851 ,0.292006 
151,3.0085 ,0.290869 
152,3.02849 ,0.289561 
153,3.04848 ,0.288085 
154,3.06847 ,0.286442 
155,3.08846 ,0.284633 
156,3.10845 ,0.282659 
157,3.12844 ,0.280523 
158,3.14843 ,0.278226 
159,3.16842 ,0.275769 
160,3.18841 ,0.273155 
161,3.2084 ,0.270386 
162,3.22839 ,0.267463 
163,3.24838 ,0.264389 
164,3.26837 ,0.261166 
165,3.28836 ,0.257795 
166,3.30835 ,0.25428 
167,3.32834 ,0.250622 
168,3.34833 ,0.246824 
169,3.36832 ,0.242889 
170,3.38831 ,0.238819 
171,3.4083 ,0.234616 
172,3.42829 ,0.230283 
173,3.44828 ,0.225824 
174,3.46827 ,0.22124 
175,3.48826 ,0.216535 
176,3.50825 ,0.211711 
177,3.52824 ,0.206772 
178,3.54823 ,0.201719 
179,3.56822 ,0.196557 
180,3.58821 ,0.191289 
181,3.6082 ,0.185917 
182,3.62819 ,0.180444 
183,3.64818 ,0.174875 
184,3.66817 ,0.169211 
185,3.68816 ,0.163457 
186,3.70815 ,0.157615 
187,3.72814 ,0.151689 
188,3.74813 ,0.145682 
189,3.76812 ,0.139597 
190,3.78811 ,0.133439 
191,3.8081 ,0.12721 
192,3.82809 ,0.120913 
193,3.84808 ,0.114553 
194,3.86807 ,0.108133 
195,3.88806 ,0.101655 
196,3.90805 ,0.0951248 
197,3.92804 ,0.0885446 
198,3.94803 ,0.0819181 
199,3.96802 ,0.075249 
200,3.98801 ,0.0685407 
201,4.008 ,0.0617969 
202,4.02799 ,0.055021 
203,4.04798 ,0.0482167 
204,4.06797 ,0.0413875 
205,4.08796 ,0.0345371 
206,4.10795 ,0.0276688 
207,4.12794 ,0.0207864 
208,4.14793 ,0.0138933 
209,4.16792 ,0.00699308 
210,4.18791 ,8.93209e-05 
211,4.2079 ,-0.00681449 
212,4.22789 ,-0.0137148 
213,4.24788 ,-0.0206082 
214,4.26787 ,-0.0274912 
215,4.28786 ,-0.0343602 
216,4.30785 ,-0.0412119 
217,4.32784 ,-0.0480428 
218,4.34783 ,-0.0548496 
219,4.36782 ,-0.0616288 
220,4.38781 ,-0.068377 
221,4.4078 ,-0.0750911 
222,4.42779 ,-0.0817676 
223,4.44778 ,-0.0884033 
224,4.46777 ,-0.094995 
225,4.48776 ,-0.101539 
226,4.50775 ,-0.108033 
227,4.52774 ,-0.114474 
228,4.54773 ,-0.120858 
229,4.56772 ,-0.127182 
230,4.58771 ,-0.133443 
231,4.6077 ,-0.139638 
232,4.62769 ,-0.145765 
233,4.64768 ,-0.15182 
234,4.66767 ,-0.157801 
235,4.68766 ,-0.163705 
236,4.70765 ,-0.169528 
237,4.72764 ,-0.175269 
238,4.74763 ,-0.180924 
239,4.76762 ,-0.186491 
240,4.78761 ,-0.191967 
241,4.8076 ,-0.19735 
242,4.82759 ,-0.202638 
243,4.84758 ,-0.207827 
244,4.86757 ,-0.212916 
245,4.88756 ,-0.217903 
246,4.90755 ,-0.222784 
247,4.92754 ,-0.227558 
248,4.94753 ,-0.232222 
249,4.96752 ,-0.236775 
250,4.98751 ,-0.241215 
251,5.0075 ,-0.245539 
252,5.02749 ,-0.249745 
253,5.04748 ,-0.253833 
254,5.06747 ,-0.257799 
255,5.08746 ,-0.261643 
256,5.10745 ,-0.265362 
257,5.12744 ,-0.268955 
258,5.14743 ,-0.27242 
259,5.16742 ,-0.275757 
260,5.18741 ,-0.278962 
261,5.2074 ,-0.282036 
262,5.22739 ,-0.284977 
263,5.24738 ,-0.287784 
264,5.26737 ,-0.290455 
265,5.28736 ,-0.29299 
266,5.30735 ,-0.295386 
267,5.32734 ,-0.297645 
268,5.34733 ,-0.299764 
269,5.36732 ,-0.301742 
270,5.38731 ,-0.30358 
271,5.4073 ,-0.305275 
272,5.42729 ,-0.306829 
273,5.44728 ,-0.308239 
274,5.46727 ,-0.309506 
275,5.48726 ,-0.31063 
276,5.50725 ,-0.311609 
277,5.52724 ,-0.312443 
278,5.54723 ,-0.313133 
279,5.56722 ,-0.313678 
280,5.58721 ,-0.314078 
281,5.6072 ,-0.314333 
282,5.62719 ,-0.314443 
283,5.64718 ,-0.314409 
284,5.66717 ,-0.314229 
285,5.68716 ,-0.313906 
286,5.70715 ,-0.313438 
287,5.72714 ,-0.312826 
288,5.74713 ,-0.312071 
289,5.76712 ,-0.311174 
290,5.78711 ,-0.310134 
291,5.8071 ,-0.308952 
292,5.82709 ,-0.30763 
293,5.84708 ,-0.306167 
294,5.86707 ,-0.304565 
295,5.88706 ,-0.302824 
296,5.90705 ,-0.300946 
297,5.92704 ,-0.298932 
298,5.94703 ,-0.296781 
299,5.96702 ,-0.294497 
300,5.98701 ,-0.292079 
301,6.007 ,-0.289529 
302,6.02699 ,-0.286848 
303,6.04698 ,-0.284038 
304,6.06697 ,-0.2811 
305,6.08696 ,-0.278035 
306,6.10695 ,-0.274846 
307,6.12694 ,-0.271532 
308,6.14693 ,-0.268097 
309,6.16692 ,-0.264542 
310,6.18691 ,-0.260868 
311,6.2069 ,-0.257077 
312,6.22689 ,-0.253171 
313,6.24688 ,-0.249152 
314,6.26687 ,-0.245022 
315,6.28686 ,-0.240783 
316,6.30685 ,-0.236436 
317,6.32684 ,-0.231984 
318,6.34683 ,-0.227428 
319,6.36682 ,-0.222772 
320,6.38681 ,-0.218017 
321,6.4068 ,-0.213165 
322,6.42679 ,-0.208218 
323,6.44678 ,-0.20318 
324,6.46677 ,-0.198051 
325,6.48676 ,-0.192835 
326,6.50675 ,-0.187534 
327,6.52674 ,-0.182149 
328,6.54673 ,-0.176685 
329,6.56672 ,-0.171143 
330,6.58671 ,-0.165525 
331,6.6067 ,-0.159834 
332,6.62669 ,-0.154074 
333,6.64668 ,-0.148245 
334,6.66667 ,-0.142352 
335,6.68666 ,-0.136396 
336,6.70665 ,-0.130381 
337,6.72664 ,-0.124308 
338,6.74663 ,-0.118181 
339,6.76662 ,-0.112002 
340,6.78661 ,-0.105775 
341,6.8066 ,-0.0995009 
342,6.82659 ,-0.0931838 
343,6.84658 ,-0.0868261 
344,6.86657 ,-0.0804306 
345,6.88656 ,-0.0740001 
346,6.90655 ,-0.0675375 
347,6.92654 ,-0.0610455 
348,6.94653 ,-0.054527 
349,6.96652 ,-0.0479849 
350,6.98651 ,-0.041422 
351,7.0065 ,-0.0348412 
352,7.02649 ,-0.0282453 
353,7.04648 ,-0.0216372 
354,7.06647 ,-0.0150198 
355,7.08646 ,-0.00839583 
356,7.10645 ,-0.00176827 
357,7.12644 ,0.00486005 
358,7.14643 ,0.0114863 
359,7.16642 ,0.0181076 
360,7.18641 ,0.0247211 
361,7.2064 ,0.0313239 
362,7.22639 ,0.0379134 
363,7.24638 ,0.0444865 
364,7.26637 ,0.0510406 
365,7.28636 ,0.0575728 
366,7.30635 ,0.0640803 
367,7.32634 ,0.0705605 
368,7.34633 ,0.0770104 
369,7.36632 ,0.0834275 
370,7.38631 ,0.0898089 
371,7.4063 ,0.096152 
372,7.42629 ,0.102454 
373,7.44628 ,0.108713 
374,7.46627 ,0.114925 
375,7.48626 ,0.121088 
376,7.50625 ,0.1272 
377,7.52624 ,0.133257 
378,7.54623 ,0.139258 
379,7.56622 ,0.1452 
380,7.58621 ,0.151081 
381,7.6062 ,0.156897 
382,7.62619 ,0.162647 
383,7.64618 ,0.168328 
384,7.66617 ,0.173938 
385,7.68616 ,0.179474 
386,7.70615 ,0.184934 
387,7.72614 ,0.190317 
388,7.74613 ,0.195619 
389,7.76612 ,0.200838 
390,7.78611 ,0.205973 
391,7.8061 ,0.211021 
392,7.82609 ,0.21598 
393,7.84608 ,0.220849 
394,7.86607 ,0.225624 
395,7.88606 ,0.230305 
396,7.90605 ,0.234889 
397,7.92604 ,0.239375 
398,7.94603 ,0.24376 
399,7.96602 ,0.248043 
400,7.98601 ,0.252222 
401,8.006 ,0.256296 
402,8.02599 ,0.260262 
403,8.04598 ,0.264119 
404,8.06597 ,0.267866 
405,8.08596 ,0.271502 
406,8.10595 ,0.275024 
407,8.12594 ,0.278431 
408,8.14593 ,0.281722 
409,8.16592 ,0.284896 
410,8.18591 ,0.287951 
411,8.2059 ,0.290886 
412,8.22589 ,0.2937 
413,8.24588 ,0.296392 
414,8.26587 ,0.298961 
415,8.28586 ,0.301406 
416,8.30585 ,0.303726 
417,8.32584 ,0.30592 
418,8.34583 ,0.307987 
419,8.36582 ,0.309926 
420,8.38581 ,0.311737 
421,8.4058 ,0.313419 
422,8.42579 ,0.314972 
423,8.44578 ,0.316394 
424,8.46577 ,0.317685 
425,8.48576 ,0.318846 
426,8.50575 ,0.319874 
427,8.52574 ,0.320771 
428,8.54573 ,0.321536 
429,8.56572 ,0.322168 
430,8.58571 ,0.322667 
431,8.6057 ,0.323034 
432,8.62569 ,0.323267 
433,8.64568 ,0.323368 
434,8.66567 ,0.323336 
435,8.68566 ,0.323171 
436,8.70565 ,0.322873 
437,8.72564 ,0.322443 
438,8.74563 ,0.32188 
439,8.76562 ,0.321186 
440,8.78561 ,0.32036 
441,8.8056 ,0.319403 
442,8.82559 ,0.318315 
443,8.84558 ,0.317096 
444,8.86557 ,0.315749 
445,8.88556 ,0.314272 
446,8.90555 ,0.312667 
447,8.92554 ,0.310934 
448,8.94553 ,0.309074 
449,8.96552 ,0.307088 
450,8.98551 ,0.304977 
451,9.0055 ,0.302742 
452,9.02549 ,0.300383 
453,9.04548 ,0.297902 
454,9.06547 ,0.2953 
455,9.08546 ,0.292578 
456,9.10545 ,0.289737 
457,9.12544 ,0.286778 
458,9.14543 ,0.283702 
459,9.16542 ,0.280512 
460,9.18541 ,0.277208 
461,9.2054 ,0.273791 
462,9.22539 ,0.270263 
463,9.24538 ,0.266626 
464,9.26537 ,0.262881 
465,9.28536 ,0.259029 
466,9.30535 ,0.255073 
467,9.32534 ,0.251013 
468,9.34533 ,0.246852 
469,9.36532 ,0.242591 
470,9.38531 ,0.238232 
471,9.4053 ,0.233777 
472,9.42529 ,0.229228 
473,9.44528 ,0.224586 
474,9.46527 ,0.219854 
475,9.48526 ,0.215033 
476,9.50525 ,0.210126 
477,9.52524 ,0.205133 
478,9.54523 ,0.200059 
479,9.56522 ,0.194904 
480,9.58521 ,0.18967 
481,9.6052 ,0.18436 
482,9.62519 ,0.178976 
483,9.64518 ,0.173521 
484,9.66517 ,0.167995 
485,9.68516 ,0.162403 
486,9.70515 ,0.156745 
487,9.72514 ,0.151024 
488,9.74513 ,0.145243 
489,9.76512 ,0.139403 
490,9.78511 ,0.133508 
491,9.8051 ,0.127559 
492,9.82509 ,0.12156 
493,9.84508 ,0.115511 
494,9.86507 ,0.109417 
495,9.88506 ,0.103279 
496,9.90505 ,0.0970992 
497,9.92504 ,0.0908809 
498,9.94503 ,0.0846264 
499,9.96502 ,0.0783382 
500,9.98501 ,0.0720187 
501,10.005 ,0.0656705 
502,10.025 ,0.0592961 
503,10.045 ,0.0528981 
504,10.065 ,0.0464791 
505,10.085 ,0.0400416 
506,10.1049 ,0.0335881 
507,10.1249 ,0.0271213 
508,10.1449 ,0.0206437 
509,10.1649 ,0.0141579 
510,10.1849 ,0.00766645 
511,10.2049 ,0.00117198 
512,10.2249 ,-0.00532296 
513,10.2449 ,-0.0118158 
514,10.2649 ,-0.0183039 
515,10.2849 ,-0.0247848 
516,10.3048 ,-0.0312559 
517,10.3248 ,-0.0377145 
518,10.3448 ,-0.0441583 
519,10.3648 ,-0.0505846 
520,10.3848 ,-0.0569908 
521,10.4048 ,-0.0633745 
522,10.4248 ,-0.0697332 
523,10.4448 ,-0.0760643 
524,10.4648 ,-0.0823653 
525,10.4848 ,-0.0886339 
526,10.5047 ,-0.0948674 
527,10.5247 ,-0.101064 
528,10.5447 ,-0.10722 
529,10.5647 ,-0.113334 
530,10.5847 ,-0.119403 
531,10.6047 ,-0.125425 
532,10.6247 ,-0.131398 
533,10.6447 ,-0.137319 
534,10.6647 ,-0.143186 
535,10.6847 ,-0.148997 
536,10.7046 ,-0.154749 
537,10.7246 ,-0.16044 
538,10.7446 ,-0.166068 
539,10.7646 ,-0.171631 
540,10.7846 ,-0.177127 
541,10.8046 ,-0.182553 
542,10.8246 ,-0.187907 
543,10.8446 ,-0.193187 
544,10.8646 ,-0.198392 
545,10.8846 ,-0.203519 
546,10.9045 ,-0.208566 
547,10.9245 ,-0.213532 
548,10.9445 ,-0.218414 
549,10.9645 ,-0.22321 
550,10.9845 ,-0.227919 
551,11.0045 ,-0.232539 
552,11.0245 ,-0.237068 
553,11.0445 ,-0.241504 
554,11.0645 ,-0.245845 
555,11.0845 ,-0.250091 
556,11.1044 ,-0.254239 
557,11.1244 ,-0.258288 
558,11.1444 ,-0.262236 
559,11.1644 ,-0.266081 
560,11.1844 ,-0.269823 
561,11.2044 ,-0.273459 
562,11.2244 ,-0.276989 
563,11.2444 ,-0.280411 
564,11.2644 ,-0.283723 
565,11.2844 ,-0.286925 
566,11.3043 ,-0.290016 
567,11.3243 ,-0.292993 
568,11.3443 ,-0.295857 
569,11.3643 ,-0.298605 
570,11.3843 ,-0.301238 
571,11.4043 ,-0.303753 
572,11.4243 ,-0.30615 
573,11.4443 ,-0.308428 
574,11.4643 ,-0.310586 
575,11.4843 ,-0.312624 
576,11.5042 ,-0.314541 
577,11.5242 ,-0.316335 
578,11.5442 ,-0.318007 
579,11.5642 ,-0.319555 
580,11.5842 ,-0.32098 
581,11.6042 ,-0.32228 
582,11.6242 ,-0.323455 
583,11.6442 ,-0.324505 
584,11.6642 ,-0.32543 
585,11.6842 ,-0.326228 
586,11.7041 ,-0.3269 
587,11.7241 ,-0.327446 
588,11.7441 ,-0.327865 
589,11.7641 ,-0.328157 
590,11.7841 ,-0.328323 
591,11.8041 ,-0.328361 
592,11.8241 ,-0.328273 
593,11.8441 ,-0.328058 
594,11.8641 ,-0.327717 
595,11.8841 ,-0.327249 
596,11.904 ,-0.326654 
597,11.924 ,-0.325934 
598,11.944 ,-0.325088 
599,11.964 ,-0.324117 
600,11.984 ,-0.323021 
601,12.004 ,-0.3218 
602,12.024 ,-0.320455 
603,12.044 ,-0.318987 
604,12.064 ,-0.317397 
605,12.084 ,-0.315684 
606,12.1039 ,-0.31385 
607,12.1239 ,-0.311895 
608,12.1439 ,-0.30982 
609,12.1639 ,-0.307626 
610,12.1839 ,-0.305314 
611,12.2039 ,-0.302884 
612,12.2239 ,-0.300338 
613,12.2439 ,-0.297677 
614,12.2639 ,-0.294902 
615,12.2839 ,-0.292014 
616,12.3038 ,-0.289013 
617,12.3238 ,-0.285902 
618,12.3438 ,-0.282681 
619,12.3638 ,-0.279351 
620,12.3838 ,-0.275915 
621,12.4038 ,-0.272373 
622,12.4238 ,-0.268727 
623,12.4438 ,-0.264977 
624,12.4638 ,-0.261127 
625,12.4838 ,-0.257176 
626,12.5037 ,-0.253127 
627,12.5237 ,-0.248981 
628,12.5437 ,-0.24474 
629,12.5637 ,-0.240406 
630,12.5837 ,-0.235979 
631,12.6037 ,-0.231463 
632,12.6237 ,-0.226858 
633,12.6437 ,-0.222166 
634,12.6637 ,-0.21739 
635,12.6837 ,-0.21253 
636,12.7036 ,-0.20759 
637,12.7236 ,-0.20257 
638,12.7436 ,-0.197473 
639,12.7636 ,-0.192301 
640,12.7836 ,-0.187055 
641,12.8036 ,-0.181738 
642,12.8236 ,-0.176352 
643,12.8436 ,-0.170899 
644,12.8636 ,-0.165381 
645,12.8836 ,-0.1598 
646,12.9035 ,-0.154158 
647,12.9235 ,-0.148457 
648,12.9435 ,-0.1427 
649,12.9635 ,-0.136888 
650,12.9835 ,-0.131025 
651,13.0035 ,-0.125111 
652,13.0235 ,-0.119151 
653,13.0435 ,-0.113144 
654,13.0635 ,-0.107095 
655,13.0835 ,-0.101006 
656,13.1034 ,-0.0948774 
657,13.1234 ,-0.0887133 
658,13.1434 ,-0.0825155 
659,13.1634 ,-0.0762865 
660,13.1834 ,-0.0700285 
661,13.2034 ,-0.0637439 
662,13.2234 ,-0.0574352 
663,13.2434 ,-0.0511047 
664,13.2634 ,-0.0447548 
665,13.2834 ,-0.038388 
666,13.3033 ,-0.0320066 
667,13.3233 ,-0.0256132 
668,13.3433 ,-0.01921 
669,13.3633 ,-0.0127996 
670,13.3833 ,-0.00638429 
671,13.4033 ,3.34008e-05 
672,13.4233 ,0.00645108 
673,13.4433 ,0.0128663 
674,13.4633 ,0.0192767 
675,13.4833 ,0.0256798 
676,13.5032 ,0.0320732 
677,13.5232 ,0.0384545 
678,13.5432 ,0.0448212 
679,13.5632 ,0.051171 
680,13.5832 ,0.0575016 
681,13.6032 ,0.0638104 
682,13.6232 ,0.0700951 
683,13.6432 ,0.0763534 
684,13.6632 ,0.0825829 
685,13.6832 ,0.0887813 
686,13.7031 ,0.0949462 
687,13.7231 ,0.101075 
688,13.7431 ,0.107166 
689,13.7631 ,0.113217 
690,13.7831 ,0.119225 
691,13.8031 ,0.125188 
692,13.8231 ,0.131104 
693,13.8431 ,0.136971 
694,13.8631 ,0.142786 
695,13.8831 ,0.148547 
696,13.903 ,0.154253 
697,13.923 ,0.1599 
698,13.943 ,0.165488 
699,13.963 ,0.171013 
700,13.983 ,0.176474 
701,14.003 ,0.181869 
702,14.023 ,0.187195 
703,14.043 ,0.192451 
704,14.063 ,0.197635 
705,14.083 ,0.202744 
706,14.1029 ,0.207778 
707,14.1229 ,0.212734 
708,14.1429 ,0.217609 
709,14.1629 ,0.222403 
710,14.1829 ,0.227114 
711,14.2029 ,0.23174 
712,14.2229 ,0.236278 
713,14.2429 ,0.240729 
714,14.2629 ,0.245089 
715,14.2829 ,0.249357 
716,14.3028 ,0.253532 
717,14.3228 ,0.257611 
718,14.3428 ,0.261595 
719,14.3628 ,0.26548 
720,14.3828 ,0.269267 
721,14.4028 ,0.272952 
722,14.4228 ,0.276535 
723,14.4428 ,0.280015 
724,14.4628 ,0.283391 
725,14.4828 ,0.28666 
726,14.5027 ,0.289822 
727,14.5227 ,0.292876 
728,14.5427 ,0.29582 
729,14.5627 ,0.298654 
730,14.5827 ,0.301377 
731,14.6027 ,0.303987 
732,14.6227 ,0.306483 
733,14.6427 ,0.308865 
734,14.6627 ,0.311132 
735,14.6827 ,0.313283 
736,14.7026 ,0.315317 
737,14.7226 ,0.317233 
738,14.7426 ,0.319031 
739,14.7626 ,0.32071 
740,14.7826 ,0.32227 
741,14.8026 ,0.32371 
742,14.8226 ,0.325029 
743,14.8426 ,0.326226 
744,14.8626 ,0.327303 
745,14.8826 ,0.328257 
746,14.9025 ,0.32909 
747,14.9225 ,0.3298 
748,14.9425 ,0.330387 
749,14.9625 ,0.330851 
750,14.9825 ,0.331192 
751,15.0025 ,0.33141 
752,15.0225 ,0.331505 
753,15.0425 ,0.331476 
754,15.0625 ,0.331325 
755,15.0825 ,0.33105 
756,15.1024 ,0.330652 
757,15.1224 ,0.330132 
758,15.1424 ,0.329488 
759,15.1624 ,0.328723 
760,15.1824 ,0.327835 
761,15.2024 ,0.326826 
762,15.2224 ,0.325695 
763,15.2424 ,0.324444 
764,15.2624 ,0.323072 
765,15.2824 ,0.32158 
766,15.3023 ,0.319969 
767,15.3223 ,0.31824 
768,15.3423 ,0.316392 
769,15.3623 ,0.314428 
770,15.3823 ,0.312346 
771,15.4023 ,0.310149 
772,15.4223 ,0.307837 
773,15.4423 ,0.305412 
774,15.4623 ,0.302873 
775,15.4823 ,0.300221 
776,15.5022 ,0.297459 
777,15.5222 ,0.294587 
778,15.5422 ,0.291605 
779,15.5622 ,0.288516 
780,15.5822 ,0.28532 
781,15.6022 ,0.282019 
782,15.6222 ,0.278613 
783,15.6422 ,0.275104 
784,15.6622 ,0.271494 
785,15.6822 ,0.267783 
786,15.7021 ,0.263973 
787,15.7221 ,0.260066 
788,15.7421 ,0.256062 
789,15.7621 ,0.251964 
790,15.7821 ,0.247773 
791,15.8021 ,0.243491 
792,15.8221 ,0.239119 
793,15.8421 ,0.234658 
794,15.8621 ,0.230111 
795,15.8821 ,0.225479 
796,15.902 ,0.220764 
797,15.922 ,0.215967 
798,15.942 ,0.211091 
799,15.962 ,0.206137 
800,15.982 ,0.201106 
801,16.002 ,0.196002 
802,16.022 ,0.190826 
803,16.042 ,0.185579 
804,16.062 ,0.180264 
805,16.082 ,0.174882 
806,16.1019 ,0.169437 
807,16.1219 ,0.163928 
808,16.1419 ,0.15836 
809,16.1619 ,0.152733 
810,16.1819 ,0.14705 
811,16.2019 ,0.141312 
812,16.2219 ,0.135523 
813,16.2419 ,0.129684 
814,16.2619 ,0.123797 
815,16.2819 ,0.117865 
816,16.3018 ,0.11189 
817,16.3218 ,0.105873 
818,16.3418 ,0.0998172 
819,16.3618 ,0.0937249 
820,16.3818 ,0.0875982 
821,16.4018 ,0.0814392 
822,16.4218 ,0.0752504 
823,16.4418 ,0.0690339 
824,16.4618 ,0.0627921 
825,16.4818 ,0.0565273 
826,16.5017 ,0.0502416 
827,16.5217 ,0.0439376 
828,16.5417 ,0.0376174 
829,16.5617 ,0.0312834 
830,16.5817 ,0.024938 
831,16.6017 ,0.0185834 
832,16.6217 ,0.012222 
833,16.6417 ,0.00585611 
834,16.6617 ,-0.000511927 
835,16.6817 ,-0.00687978 
836,16.7017 ,-0.0132451 
837,16.7216 ,-0.0196056 
838,16.7416 ,-0.0259589 
839,16.7616 ,-0.0323027 
840,16.7816 ,-0.0386346 
841,16.8016 ,-0.0449524 
842,16.8216 ,-0.0512538 
843,16.8416 ,-0.0575364 
844,16.8616 ,-0.0637979 
845,16.8816 ,-0.0700361 
846,16.9016 ,-0.0762486 
847,16.9215 ,-0.0824333 
848,16.9415 ,-0.0885878 
849,16.9615 ,-0.0947099 
850,16.9815 ,-0.100797 
851,17.0015 ,-0.106848 
852,17.0215 ,-0.11286 
853,17.0415 ,-0.11883 
854,17.0615 ,-0.124757 
855,17.0815 ,-0.130638 
856,17.1014 ,-0.136472 
857,17.1214 ,-0.142255 
858,17.1414 ,-0.147987 
859,17.1614 ,-0.153665 
860,17.1814 ,-0.159287 
861,17.2014 ,-0.16485 
862,17.2214 ,-0.170353 
863,17.2414 ,-0.175794 
864,17.2614 ,-0.181171 
865,17.2814 ,-0.186482 
866,17.3013 ,-0.191725 
867,17.3213 ,-0.196898 
868,17.3413 ,-0.201999 
869,17.3613 ,-0.207027 
870,17.3813 ,-0.211979 
871,17.4013 ,-0.216853 
872,17.4213 ,-0.221649 
873,17.4413 ,-0.226364 
874,17.4613 ,-0.230996 
875,17.4813 ,-0.235545 
876,17.5012 ,-0.240007 
877,17.5212 ,-0.244382 
878,17.5412 ,-0.248668 
879,17.5612 ,-0.252864 
880,17.5812 ,-0.256967 
881,17.6012 ,-0.260977 
882,17.6212 ,-0.264892 
883,17.6412 ,-0.268711 
884,17.6612 ,-0.272431 
885,17.6812 ,-0.276053 
886,17.7011 ,-0.279574 
887,17.7211 ,-0.282994 
888,17.7411 ,-0.286311 
889,17.7611 ,-0.289523 
890,17.7811 ,-0.29263 
891,17.8011 ,-0.295631 
892,17.8211 ,-0.298525 
893,17.8411 ,-0.30131 
894,17.8611 ,-0.303985 
895,17.8811 ,-0.30655 
896,17.901 ,-0.309004 
897,17.921 ,-0.311346 
898,17.941 ,-0.313574 
899,17.961 ,-0.315689 
900,17.981 ,-0.317689 
901,18.001 ,-0.319573 
902,18.021 ,-0.321342 
903,18.041 ,-0.322994 
904,18.061 ,-0.324529 
905,18.081 ,-0.325946 
906,18.1009 ,-0.327245 
907,18.1209 ,-0.328425 
908,18.1409 ,-0.329486 
909,18.1609 ,-0.330428 
910,18.1809 ,-0.33125 
911,18.2009 ,-0.331951 
912,18.2209 ,-0.332533 
913,18.2409 ,-0.332994 
914,18.2609 ,-0.333334 
915,18.2809 ,-0.333553 
916,18.3009 ,-0.333652 
917,18.3208 ,-0.33363 
918,18.3408 ,-0.333487 
919,18.3608 ,-0.333223 
920,18.3808 ,-0.332838 
921,18.4008 ,-0.332333 
922,18.4208 ,-0.331708 
923,18.4408 ,-0.330963 
924,18.4608 ,-0.330098 
925,18.4808 ,-0.329113 
926,18.5008 ,-0.328009 
927,18.5207 ,-0.326787 
928,18.5407 ,-0.325447 
929,18.5607 ,-0.323989 
930,18.5807 ,-0.322413 
931,18.6007 ,-0.320721 
932,18.6207 ,-0.318913 
933,18.6407 ,-0.31699 
934,18.6607 ,-0.314953 
935,18.6807 ,-0.312801 
936,18.7006 ,-0.310537 
937,18.7206 ,-0.30816 
938,18.7406 ,-0.305672 
939,18.7606 ,-0.303073 
940,18.7806 ,-0.300366 
941,18.8006 ,-0.297549 
942,18.8206 ,-0.294625 
943,18.8406 ,-0.291595 
944,18.8606 ,-0.28846 
945,18.8806 ,-0.28522 
946,18.9005 ,-0.281878 
947,18.9205 ,-0.278434 
948,18.9405 ,-0.274889 
949,18.9605 ,-0.271245 
950,18.9805 ,-0.267504 
951,19.0005 ,-0.263665 
952,19.0205 ,-0.259732 
953,19.0405 ,-0.255705 
954,19.0605 ,-0.251586 
955,19.0805 ,-0.247377 
956,19.1004 ,-0.243078 
957,19.1204 ,-0.238691 
958,19.1404 ,-0.234219 
959,19.1604 ,-0.229662 
960,19.1804 ,-0.225022 
961,19.2004 ,-0.220302 
962,19.2204 ,-0.215502 
963,19.2404 ,-0.210624 
964,19.2604 ,-0.20567 
965,19.2804 ,-0.200643 
966,19.3003 ,-0.195543 
967,19.3203 ,-0.190373 
968,19.3403 ,-0.185134 
969,19.3603 ,-0.179829 
970,19.3803 ,-0.174459 
971,19.4003 ,-0.169026 
972,19.4203 ,-0.163533 
973,19.4403 ,-0.15798 
974,19.4603 ,-0.152371 
975,19.4803 ,-0.146707 
976,19.5002 ,-0.14099 
977,19.5202 ,-0.135223 
978,19.5402 ,-0.129407 
979,19.5602 ,-0.123544 
980,19.5802 ,-0.117637 
981,19.6002 ,-0.111688 
982,19.6202 ,-0.105699 
983,19.6402 ,-0.0996713 
984,19.6602 ,-0.0936081 
985,19.6802 ,-0.0875113 
986,19.7002 ,-0.0813831 
987,19.7201 ,-0.0752256 
988,19.7401 ,-0.0690412 
989,19.7601 ,-0.0628319 
990,19.7801 ,-0.0566001 
991,19.8001 ,-0.050348 
992,19.8201 ,-0.0440778 
993,19.8401 ,-0.0377917 
994,19.8601 ,-0.0314922 
995,19.8801 ,-0.0251813 
996,19.9001 ,-0.0188614 
997,19.92 ,-0.0125347 
998,19.94 ,-0.00620354 
999,19.96 ,0.000129859 
1000,19.98 ,0.00647639 