
1,0 ,1.23089 
2,0.01 ,1.23089 
3,0.02 ,1.23089 
4,0.03 ,1.48884 
5,0.04 ,1.75673 
6,0.05 ,2.02922 
7,0.06 ,2.30405 
8,0.07 ,2.58007 
9,0.08 ,2.85661 
10,0.09 ,3.13325 
11,0.1 ,3.40969 
12,0.11 ,3.6857 
13,0.12 ,3.96112 
14,0.13 ,4.23579 
15,0.14 ,4.50958 
16,0.15 ,4.78239 
17,0.16 ,5.05411 
18,0.17 ,5.32464 
19,0.18 ,5.5939 
20,0.19 ,5.86179 
21,0.2 ,6.12824 
22,0.21 ,6.39315 
23,0.22 ,6.65646 
24,0.23 ,6.91809 
25,0.24 ,7.17796 
26,0.25 ,7.43601 
27,0.26 ,7.69215 
28,0.27 ,7.94631 
29,0.28 ,8.19844 
30,0.29 ,8.44846 
31,0.3 ,8.6963 
32,0.31 ,8.94189 
33,0.32 ,9.18518 
34,0.33 ,9.4261 
35,0.34 ,9.66459 
36,0.35 ,9.90058 
37,0.36 ,10.134 
38,0.37 ,10.3648 
39,0.38 ,10.593 
40,0.39 ,10.8184 
41,0.4 ,11.041 
42,0.41 ,11.2608 
43,0.42 ,11.4776 
44,0.43 ,11.6915 
45,0.44 ,11.9024 
46,0.45 ,12.1103 
47,0.46 ,12.315 
48,0.47 ,12.5166 
49,0.48 ,12.715 
50,0.49 ,12.9101 
51,0.5 ,13.102 
52,0.51 ,13.2904 
53,0.52 ,13.4755 
54,0.53 ,13.6572 
55,0.54 ,13.8354 
56,0.55 ,14.0101 
57,0.56 ,14.1813 
58,0.57 ,14.3488 
59,0.58 ,14.5128 
60,0.59 ,14.673 
61,0.6 ,14.8296 
62,0.61 ,14.9825 
63,0.62 ,15.1316 
64,0.63 ,15.277 
65,0.64 ,15.4185 
66,0.65 ,15.5562 
67,0.66 ,15.69 
68,0.67 ,15.8199 
69,0.68 ,15.9459 
70,0.69 ,16.068 
71,0.7 ,16.1861 
72,0.71 ,16.3003 
73,0.72 ,16.4104 
74,0.73 ,16.5166 
75,0.74 ,16.6187 
76,0.75 ,16.7167 
77,0.76 ,16.8108 
78,0.77 ,16.9007 
79,0.78 ,16.9866 
80,0.79 ,17.0684 
81,0.8 ,17.1461 
82,0.81 ,17.2197 
83,0.82 ,17.2892 
84,0.83 ,17.3546 
85,0.84 ,17.4158 
86,0.85 ,17.473 
87,0.86 ,17.5261 
88,0.87 ,17.575 
89,0.88 ,17.6198 
90,0.89 ,17.6606 
91,0.9 ,17.6972 
92,0.91 ,17.7298 
93,0.92 ,17.7582 
94,0.93 ,17.7826 
95,0.94 ,17.8029 
96,0.95 ,17.8192 
97,0.96 ,17.8314 
98,0.97 ,17.8396 
99,0.98 ,17.8438 
100,0.99 ,17.844 
101,1 ,17.8402 
102,1.01 ,17.8324 
103,1.02 ,17.8208 
104,1.03 ,17.8052 
105,1.04 ,17.7857 
106,1.05 ,17.7623 
107,1.06 ,17.735 
108,1.07 ,17.704 
109,1.08 ,17.6691 
110,1.09 ,17.6305 
111,1.1 ,17.5881 
112,1.11 ,17.5421 
113,1.12 ,17.4923 
114,1.13 ,17.4389 
115,1.14 ,17.3818 
116,1.15 ,17.3212 
117,1.16 ,17.2571 
118,1.17 ,17.1894 
119,1.18 ,17.1182 
120,1.19 ,17.0436 
121,1.2 ,16.9656 
122,1.21 ,16.8842 
123,1.22 ,16.7994 
124,1.23 ,16.7114 
125,1.24 ,16.6202 
126,1.25 ,16.5257 
127,1.26 ,16.4281 
128,1.27 ,16.3274 
129,1.28 ,16.2236 
130,1.29 ,16.1167 
131,1.3 ,16.0069 
132,1.31 ,15.8941 
133,1.32 ,15.7785 
134,1.33 ,15.66 
135,1.34 ,15.5387 
136,1.35 ,15.4146 
137,1.36 ,15.2879 
138,1.37 ,15.1585 
139,1.38 ,15.0265 
140,1.39 ,14.892 
141,1.4 ,14.7549 
142,1.41 ,14.6154 
143,1.42 ,14.4736 
144,1.43 ,14.3293 
145,1.44 ,14.1828 
146,1.45 ,14.0341 
147,1.46 ,13.8831 
148,1.47 ,13.7301 
149,1.48 ,13.5749 
150,1.49 ,13.4178 
151,1.5 ,13.2586 
152,1.51 ,13.0976 
153,1.52 ,12.9347 
154,1.53 ,12.77 
155,1.54 ,12.6035 
156,1.55 ,12.4354 
157,1.56 ,12.2656 
158,1.57 ,12.0942 
159,1.58 ,11.9213 
160,1.59 ,11.747 
161,1.6 ,11.5712 
162,1.61 ,11.3941 
163,1.62 ,11.2156 
164,1.63 ,11.0359 
165,1.64 ,10.8551 
166,1.65 ,10.6731 
167,1.66 ,10.49 
168,1.67 ,10.3059 
169,1.68 ,10.1208 
170,1.69 ,9.93477 
171,1.7 ,9.74792 
172,1.71 ,9.56025 
173,1.72 ,9.37184 
174,1.73 ,9.18274 
175,1.74 ,8.99299 
176,1.75 ,8.80266 
177,1.76 ,8.61179 
178,1.77 ,8.42045 
179,1.78 ,8.22867 
180,1.79 ,8.03653 
181,1.8 ,7.84406 
182,1.81 ,7.65133 
183,1.82 ,7.45838 
184,1.83 ,7.26526 
185,1.84 ,7.07203 
186,1.85 ,6.87874 
187,1.86 ,6.68544 
188,1.87 ,6.49217 
189,1.88 ,6.29898 
190,1.89 ,6.10594 
191,1.9 ,5.91307 
192,1.91 ,5.72044 
193,1.92 ,5.52809 
194,1.93 ,5.33606 
195,1.94 ,5.1444 
196,1.95 ,4.95317 
197,1.96 ,4.76239 
198,1.97 ,4.57213 
199,1.98 ,4.38242 
200,1.99 ,4.1933 
201,2 ,4.00482 
202,2.01 ,3.81703 
203,2.02 ,3.62996 
204,2.03 ,3.44365 
205,2.04 ,3.25815 
206,2.05 ,3.0735 
207,2.06 ,2.88973 
208,2.07 ,2.70689 
209,2.08 ,2.525 
210,2.09 ,2.34412 
211,2.1 ,2.16427 
212,2.11 ,1.98549 
213,2.12 ,1.80783 
214,2.13 ,1.6313 
215,2.14 ,1.45595 
216,2.15 ,1.28181 
217,2.16 ,1.10891 
218,2.17 ,0.937279 
219,2.18 ,0.766957 
220,2.19 ,0.597971 
221,2.2 ,0.430349 
222,2.21 ,0.264122 
223,2.22 ,0.0993168 
224,2.23 ,-0.0640385 
225,2.24 ,-0.225917 
226,2.25 ,-0.386293 
227,2.26 ,-0.545141 
228,2.27 ,-0.702436 
229,2.28 ,-0.858154 
230,2.29 ,-1.01227 
231,2.3 ,-1.16477 
232,2.31 ,-1.31562 
233,2.32 ,-1.46481 
234,2.33 ,-1.61231 
235,2.34 ,-1.75811 
236,2.35 ,-1.90218 
237,2.36 ,-2.04451 
238,2.37 ,-2.18509 
239,2.38 ,-2.32389 
240,2.39 ,-2.46089 
241,2.4 ,-2.59609 
242,2.41 ,-2.72947 
243,2.42 ,-2.86102 
244,2.43 ,-2.99071 
245,2.44 ,-3.11855 
246,2.45 ,-3.24452 
247,2.46 ,-3.3686 
248,2.47 ,-3.49079 
249,2.48 ,-3.61108 
250,2.49 ,-3.72945 
251,2.5 ,-3.84591 
252,2.51 ,-3.96044 
253,2.52 ,-4.07304 
254,2.53 ,-4.1837 
255,2.54 ,-4.29241 
256,2.55 ,-4.39917 
257,2.56 ,-4.50398 
258,2.57 ,-4.60683 
259,2.58 ,-4.70772 
260,2.59 ,-4.80665 
261,2.6 ,-4.90361 
262,2.61 ,-4.9986 
263,2.62 ,-5.09163 
264,2.63 ,-5.1827 
265,2.64 ,-5.2718 
266,2.65 ,-5.35893 
267,2.66 ,-5.4441 
268,2.67 ,-5.52731 
269,2.68 ,-5.60857 
270,2.69 ,-5.68787 
271,2.7 ,-5.76522 
272,2.71 ,-5.84063 
273,2.72 ,-5.9141 
274,2.73 ,-5.98563 
275,2.74 ,-6.05524 
276,2.75 ,-6.12293 
277,2.76 ,-6.1887 
278,2.77 ,-6.25257 
279,2.78 ,-6.31454 
280,2.79 ,-6.37461 
281,2.8 ,-6.43281 
282,2.81 ,-6.48914 
283,2.82 ,-6.54361 
284,2.83 ,-6.59622 
285,2.84 ,-6.647 
286,2.85 ,-6.69595 
287,2.86 ,-6.74307 
288,2.87 ,-6.7884 
289,2.88 ,-6.83193 
290,2.89 ,-6.87368 
291,2.9 ,-6.91367 
292,2.91 ,-6.9519 
293,2.92 ,-6.98839 
294,2.93 ,-7.02315 
295,2.94 ,-7.0562 
296,2.95 ,-7.08756 
297,2.96 ,-7.11723 
298,2.97 ,-7.14524 
299,2.98 ,-7.17159 
300,2.99 ,-7.19631 
301,3 ,-7.21941 
302,3.01 ,-7.24091 
303,3.02 ,-7.26082 
304,3.03 ,-7.27916 
305,3.04 ,-7.29595 
306,3.05 ,-7.31121 
307,3.06 ,-7.32495 
308,3.07 ,-7.33719 
309,3.08 ,-7.34794 
310,3.09 ,-7.35723 
311,3.1 ,-7.36508 
312,3.11 ,-7.3715 
313,3.12 ,-7.37651 
314,3.13 ,-7.38014 
315,3.14 ,-7.38239 
316,3.15 ,-7.38328 
317,3.16 ,-7.38285 
318,3.17 ,-7.3811 
319,3.18 ,-7.37806 
320,3.19 ,-7.37374 
321,3.2 ,-7.36817 
322,3.21 ,-7.36136 
323,3.22 ,-7.35334 
324,3.23 ,-7.34412 
325,3.24 ,-7.33372 
326,3.25 ,-7.32216 
327,3.26 ,-7.30947 
328,3.27 ,-7.29566 
329,3.28 ,-7.28076 
330,3.29 ,-7.26477 
331,3.3 ,-7.24773 
332,3.31 ,-7.22965 
333,3.32 ,-7.21055 
334,3.33 ,-7.19046 
335,3.34 ,-7.16939 
336,3.35 ,-7.14736 
337,3.36 ,-7.12439 
338,3.37 ,-7.1005 
339,3.38 ,-7.07572 
340,3.39 ,-7.05005 
341,3.4 ,-7.02353 
342,3.41 ,-6.99617 
343,3.42 ,-6.96799 
344,3.43 ,-6.939 
345,3.44 ,-6.90924 
346,3.45 ,-6.87871 
347,3.46 ,-6.84744 
348,3.47 ,-6.81545 
349,3.48 ,-6.78275 
350,3.49 ,-6.74937 
351,3.5 ,-6.71532 
352,3.51 ,-6.68063 
353,3.52 ,-6.6453 
354,3.53 ,-6.60936 
355,3.54 ,-6.57283 
356,3.55 ,-6.53572 
357,3.56 ,-6.49806 
358,3.57 ,-6.45986 
359,3.58 ,-6.42114 
360,3.59 ,-6.38192 
361,3.6 ,-6.34221 
362,3.61 ,-6.30203 
363,3.62 ,-6.2614 
364,3.63 ,-6.22033 
365,3.64 ,-6.17885 
366,3.65 ,-6.13697 
367,3.66 ,-6.0947 
368,3.67 ,-6.05207 
369,3.68 ,-6.00908 
370,3.69 ,-5.96576 
371,3.7 ,-5.92212 
372,3.71 ,-5.87817 
373,3.72 ,-5.83393 
374,3.73 ,-5.78942 
375,3.74 ,-5.74466 
376,3.75 ,-5.69965 
377,3.76 ,-5.6544 
378,3.77 ,-5.60895 
379,3.78 ,-5.56329 
380,3.79 ,-5.51745 
381,3.8 ,-5.47144 
382,3.81 ,-5.42527 
383,3.82 ,-5.37895 
384,3.83 ,-5.3325 
385,3.84 ,-5.28593 
386,3.85 ,-5.23926 
387,3.86 ,-5.19249 
388,3.87 ,-5.14564 
389,3.88 ,-5.09873 
390,3.89 ,-5.05176 
391,3.9 ,-5.00474 
392,3.91 ,-4.95769 
393,3.92 ,-4.91062 
394,3.93 ,-4.86354 
395,3.94 ,-4.81646 
396,3.95 ,-4.76939 
397,3.96 ,-4.72235 
398,3.97 ,-4.67534 
399,3.98 ,-4.62837 
400,3.99 ,-4.58146 
401,4 ,-4.53461 
402,4.01 ,-4.48783 
403,4.02 ,-4.44113 
404,4.03 ,-4.39453 
405,4.04 ,-4.34802 
406,4.05 ,-4.30163 
407,4.06 ,-4.25535 
408,4.07 ,-4.2092 
409,4.08 ,-4.16318 
410,4.09 ,-4.11731 
411,4.1 ,-4.07159 
412,4.11 ,-4.02602 
413,4.12 ,-3.98062 
414,4.13 ,-3.9354 
415,4.14 ,-3.89035 
416,4.15 ,-3.84549 
417,4.16 ,-3.80082 
418,4.17 ,-3.75636 
419,4.18 ,-3.71209 
420,4.19 ,-3.66805 
421,4.2 ,-3.62422 
422,4.21 ,-3.58061 
423,4.22 ,-3.53723 
424,4.23 ,-3.49409 
425,4.24 ,-3.45119 
426,4.25 ,-3.40854 
427,4.26 ,-3.36613 
428,4.27 ,-3.32398 
429,4.28 ,-3.28209 
430,4.29 ,-3.24046 
431,4.3 ,-3.19911 
432,4.31 ,-3.15802 
433,4.32 ,-3.11721 
434,4.33 ,-3.07668 
435,4.34 ,-3.03643 
436,4.35 ,-2.99647 
437,4.36 ,-2.9568 
438,4.37 ,-2.91743 
439,4.38 ,-2.87835 
440,4.39 ,-2.83957 
441,4.4 ,-2.80109 
442,4.41 ,-2.76291 
443,4.42 ,-2.72504 
444,4.43 ,-2.68749 
445,4.44 ,-2.65024 
446,4.45 ,-2.6133 
447,4.46 ,-2.57669 
448,4.47 ,-2.54038 
449,4.48 ,-2.5044 
450,4.49 ,-2.46874 
451,4.5 ,-2.43339 
452,4.51 ,-2.39837 
453,4.52 ,-2.36368 
454,4.53 ,-2.32931 
455,4.54 ,-2.29526 
456,4.55 ,-2.26154 
457,4.56 ,-2.22815 
458,4.57 ,-2.19509 
459,4.58 ,-2.16235 
460,4.59 ,-2.12995 
461,4.6 ,-2.09787 
462,4.61 ,-2.06612 
463,4.62 ,-2.0347 
464,4.63 ,-2.00361 
465,4.64 ,-1.97285 
466,4.65 ,-1.94241 
467,4.66 ,-1.91231 
468,4.67 ,-1.88253 
469,4.68 ,-1.85308 
470,4.69 ,-1.82396 
471,4.7 ,-1.79517 
472,4.71 ,-1.7667 
473,4.72 ,-1.73855 
474,4.73 ,-1.71073 
475,4.74 ,-1.68324 
476,4.75 ,-1.65606 
477,4.76 ,-1.62921 
478,4.77 ,-1.60267 
479,4.78 ,-1.57646 
480,4.79 ,-1.55056 
481,4.8 ,-1.52498 
482,4.81 ,-1.49972 
483,4.82 ,-1.47476 
484,4.83 ,-1.45012 
485,4.84 ,-1.42579 
486,4.85 ,-1.40177 
487,4.86 ,-1.37806 
488,4.87 ,-1.35465 
489,4.88 ,-1.33155 
490,4.89 ,-1.30874 
491,4.9 ,-1.28624 
492,4.91 ,-1.26404 
493,4.92 ,-1.24213 
494,4.93 ,-1.22052 
495,4.94 ,-1.1992 
496,4.95 ,-1.17817 
497,4.96 ,-1.15743 
498,4.97 ,-1.13697 
499,4.98 ,-1.1168 
500,4.99 ,-1.09691 
501,5 ,-1.0773 
502,5.01 ,-1.05797 
503,5.02 ,-1.03891 
504,5.03 ,-1.02013 
505,5.04 ,-1.00162 
506,5.05 ,-0.983375 
507,5.06 ,-0.965398 
508,5.07 ,-0.947685 
509,5.08 ,-0.930234 
510,5.09 ,-0.913042 
511,5.1 ,-0.896107 
512,5.11 ,-0.879427 
513,5.12 ,-0.862998 
514,5.13 ,-0.846819 
515,5.14 ,-0.830888 
516,5.15 ,-0.815201 
517,5.16 ,-0.799757 
518,5.17 ,-0.784552 
519,5.18 ,-0.769585 
520,5.19 ,-0.754853 
521,5.2 ,-0.740353 
522,5.21 ,-0.726084 
523,5.22 ,-0.712042 
524,5.23 ,-0.698225 
525,5.24 ,-0.684631 
526,5.25 ,-0.671256 
527,5.26 ,-0.6581 
528,5.27 ,-0.645158 
529,5.28 ,-0.632429 
530,5.29 ,-0.619911 
531,5.3 ,-0.6076 
532,5.31 ,-0.595494 
533,5.32 ,-0.583591 
534,5.33 ,-0.571889 
535,5.34 ,-0.560384 
536,5.35 ,-0.549075 
537,5.36 ,-0.537959 
538,5.37 ,-0.527033 
539,5.38 ,-0.516296 
540,5.39 ,-0.505744 
541,5.4 ,-0.495376 
542,5.41 ,-0.485189 
543,5.42 ,-0.47518 
544,5.43 ,-0.465348 
545,5.44 ,-0.45569 
546,5.45 ,-0.446203 
547,5.46 ,-0.436885 
548,5.47 ,-0.427735 
549,5.48 ,-0.418749 
550,5.49 ,-0.409925 
551,5.5 ,-0.401262 
552,5.51 ,-0.392756 
553,5.52 ,-0.384406 
554,5.53 ,-0.376209 
555,5.54 ,-0.368164 
556,5.55 ,-0.360267 
557,5.56 ,-0.352518 
558,5.57 ,-0.344913 
559,5.58 ,-0.337451 
560,5.59 ,-0.330129 
561,5.6 ,-0.322945 
562,5.61 ,-0.315897 
563,5.62 ,-0.308984 
564,5.63 ,-0.302203 
565,5.64 ,-0.295552 
566,5.65 ,-0.289029 
567,5.66 ,-0.282632 
568,5.67 ,-0.276359 
569,5.68 ,-0.270209 
570,5.69 ,-0.264179 
571,5.7 ,-0.258266 
572,5.71 ,-0.252471 
573,5.72 ,-0.24679 
574,5.73 ,-0.241221 
575,5.74 ,-0.235764 
576,5.75 ,-0.230415 
577,5.76 ,-0.225174 
578,5.77 ,-0.220038 
579,5.78 ,-0.215006 
580,5.79 ,-0.210076 
581,5.8 ,-0.205246 
582,5.81 ,-0.200515 
583,5.82 ,-0.19588 
584,5.83 ,-0.191341 
585,5.84 ,-0.186895 
586,5.85 ,-0.182541 
587,5.86 ,-0.178278 
588,5.87 ,-0.174103 
589,5.88 ,-0.170016 
590,5.89 ,-0.166014 
591,5.9 ,-0.162097 
592,5.91 ,-0.158262 
593,5.92 ,-0.154508 
594,5.93 ,-0.150834 
595,5.94 ,-0.147239 
596,5.95 ,-0.14372 
597,5.96 ,-0.140276 
598,5.97 ,-0.136907 
599,5.98 ,-0.133611 
600,5.99 ,-0.130386 
601,6 ,-0.12723 
602,6.01 ,-0.124144 
603,6.02 ,-0.121125 
604,6.03 ,-0.118172 
605,6.04 ,-0.115285 
606,6.05 ,-0.112461 
607,6.06 ,-0.109699 
608,6.07 ,-0.106999 
609,6.08 ,-0.104359 
610,6.09 ,-0.101777 
611,6.1 ,-0.0992539 
612,6.11 ,-0.0967871 
613,6.12 ,-0.094376 
614,6.13 ,-0.0920193 
615,6.14 ,-0.089716 
616,6.15 ,-0.0874651 
617,6.16 ,-0.0852655 
618,6.17 ,-0.0831162 
619,6.18 ,-0.0810161 
620,6.19 ,-0.0789644 
621,6.2 ,-0.07696 
622,6.21 ,-0.0750019 
623,6.22 ,-0.0730892 
624,6.23 ,-0.071221 
625,6.24 ,-0.0693964 
626,6.25 ,-0.0676145 
627,6.26 ,-0.0658744 
628,6.27 ,-0.0641752 
629,6.28 ,-0.0625161 
630,6.29 ,-0.0608962 
631,6.3 ,-0.0593147 
632,6.31 ,-0.0577709 
633,6.32 ,-0.0562638 
634,6.33 ,-0.0547928 
635,6.34 ,-0.0533571 
636,6.35 ,-0.0519559 
637,6.36 ,-0.0505884 
638,6.37 ,-0.049254 
639,6.38 ,-0.047952 
640,6.39 ,-0.0466816 
641,6.4 ,-0.0454421 
642,6.41 ,-0.0442329 
643,6.42 ,-0.0430534 
644,6.43 ,-0.0419028 
645,6.44 ,-0.0407805 
646,6.45 ,-0.0396859 
647,6.46 ,-0.0386185 
648,6.47 ,-0.0375775 
649,6.48 ,-0.0365624 
650,6.49 ,-0.0355726 
651,6.5 ,-0.0346075 
652,6.51 ,-0.0336667 
653,6.52 ,-0.0327495 
654,6.53 ,-0.0318554 
655,6.54 ,-0.0309838 
656,6.55 ,-0.0301344 
657,6.56 ,-0.0293065 
658,6.57 ,-0.0284997 
659,6.58 ,-0.0277134 
660,6.59 ,-0.0269473 
661,6.6 ,-0.0262008 
662,6.61 ,-0.0254735 
663,6.62 ,-0.0247649 
664,6.63 ,-0.0240746 
665,6.64 ,-0.0234022 
666,6.65 ,-0.0227472 
667,6.66 ,-0.0221092 
668,6.67 ,-0.0214879 
669,6.68 ,-0.0208829 
670,6.69 ,-0.0202936 
671,6.7 ,-0.0197199 
672,6.71 ,-0.0191612 
673,6.72 ,-0.0186173 
674,6.73 ,-0.0180878 
675,6.74 ,-0.0175723 
676,6.75 ,-0.0170705 
677,6.76 ,-0.0165821 
678,6.77 ,-0.0161067 
679,6.78 ,-0.015644 
680,6.79 ,-0.0151937 
681,6.8 ,-0.0147556 
682,6.81 ,-0.0143292 
683,6.82 ,-0.0139144 
684,6.83 ,-0.0135107 
685,6.84 ,-0.013118 
686,6.85 ,-0.012736 
687,6.86 ,-0.0123644 
688,6.87 ,-0.012003 
689,6.88 ,-0.0116514 
690,6.89 ,-0.0113095 
691,6.9 ,-0.010977 
692,6.91 ,-0.0106536 
693,6.92 ,-0.0103392 
694,6.93 ,-0.0100334 
695,6.94 ,-0.00973617 
696,6.95 ,-0.00944718 
697,6.96 ,-0.00916623 
698,6.97 ,-0.00889312 
699,6.98 ,-0.00862766 
700,6.99 ,-0.00836964 
701,7 ,-0.00811886 
702,7.01 ,-0.00787515 
703,7.02 ,-0.00763831 
704,7.03 ,-0.00740817 
705,7.04 ,-0.00718455 
706,7.05 ,-0.00696728 
707,7.06 ,-0.00675619 
708,7.07 ,-0.00655112 
709,7.08 ,-0.00635191 
710,7.09 ,-0.0061584 
711,7.1 ,-0.00597045 
712,7.11 ,-0.0057879 
713,7.12 ,-0.00561061 
714,7.13 ,-0.00543845 
715,7.14 ,-0.00527126 
716,7.15 ,-0.00510892 
717,7.16 ,-0.00495129 
718,7.17 ,-0.00479826 
719,7.18 ,-0.00464969 
720,7.19 ,-0.00450546 
721,7.2 ,-0.00436545 
722,7.21 ,-0.00422956 
723,7.22 ,-0.00409766 
724,7.23 ,-0.00396965 
725,7.24 ,-0.00384542 
726,7.25 ,-0.00372486 
727,7.26 ,-0.00360788 
728,7.27 ,-0.00349437 
729,7.28 ,-0.00338425 
730,7.29 ,-0.0032774 
731,7.3 ,-0.00317375 
732,7.31 ,-0.0030732 
733,7.32 ,-0.00297567 
734,7.33 ,-0.00288107 
735,7.34 ,-0.00278932 
736,7.35 ,-0.00270034 
737,7.36 ,-0.00261404 
738,7.37 ,-0.00253037 
739,7.38 ,-0.00244923 
740,7.39 ,-0.00237056 
741,7.4 ,-0.00229428 
742,7.41 ,-0.00222034 
743,7.42 ,-0.00214865 
744,7.43 ,-0.00207917 
745,7.44 ,-0.00201181 
746,7.45 ,-0.00194653 
747,7.46 ,-0.00188326 
748,7.47 ,-0.00182194 
749,7.48 ,-0.00176253 
750,7.49 ,-0.00170495 
751,7.5 ,-0.00164916 
752,7.51 ,-0.0015951 
753,7.52 ,-0.00154273 
754,7.53 ,-0.001492 
755,7.54 ,-0.00144285 
756,7.55 ,-0.00139524 
757,7.56 ,-0.00134913 
758,7.57 ,-0.00130447 
759,7.58 ,-0.00126122 
760,7.59 ,-0.00121933 
761,7.6 ,-0.00117876 
762,7.61 ,-0.00113949 
763,7.62 ,-0.00110145 
764,7.63 ,-0.00106463 
765,7.64 ,-0.00102898 
766,7.65 ,-0.000994474 
767,7.66 ,-0.000961066 
768,7.67 ,-0.000928729 
769,7.68 ,-0.00089743 
770,7.69 ,-0.000867137 
771,7.7 ,-0.000837819 
772,7.71 ,-0.000809447 
773,7.72 ,-0.000781993 
774,7.73 ,-0.000755427 
775,7.74 ,-0.000729723 
776,7.75 ,-0.000704854 
777,7.76 ,-0.000680794 
778,7.77 ,-0.000657519 
779,7.78 ,-0.000635004 
780,7.79 ,-0.000613226 
781,7.8 ,-0.000592162 
782,7.81 ,-0.000571789 
783,7.82 ,-0.000552087 
784,7.83 ,-0.000533033 
785,7.84 ,-0.000514609 
786,7.85 ,-0.000496793 
787,7.86 ,-0.000479568 
788,7.87 ,-0.000462914 
789,7.88 ,-0.000446813 
790,7.89 ,-0.000431249 
791,7.9 ,-0.000416203 
792,7.91 ,-0.00040166 
793,7.92 ,-0.000387604 
794,7.93 ,-0.000374018 
795,7.94 ,-0.000360889 
796,7.95 ,-0.000348202 
797,7.96 ,-0.000335941 
798,7.97 ,-0.000324095 
799,7.98 ,-0.000312648 
800,7.99 ,-0.00030159 
801,8 ,-0.000290906 
802,8.01 ,-0.000280585 
803,8.02 ,-0.000270615 
804,8.03 ,-0.000260986 
805,8.04 ,-0.000251684 
806,8.05 ,-0.000242701 
807,8.06 ,-0.000234026 
808,8.07 ,-0.000225648 
809,8.08 ,-0.000217558 
810,8.09 ,-0.000209746 
811,8.1 ,-0.000202204 
812,8.11 ,-0.000194922 
813,8.12 ,-0.000187892 
814,8.13 ,-0.000181105 
815,8.14 ,-0.000174554 
816,8.15 ,-0.000168231 
817,8.16 ,-0.000162128 
818,8.17 ,-0.000156237 
819,8.18 ,-0.000150553 
820,8.19 ,-0.000145067 
821,8.2 ,-0.000139773 
822,8.21 ,-0.000134665 
823,8.22 ,-0.000129736 
824,8.23 ,-0.000124981 
825,8.24 ,-0.000120394 
826,8.25 ,-0.000115969 
827,8.26 ,-0.0001117 
828,8.27 ,-0.000107582 
829,8.28 ,-0.000103611 
830,8.29 ,-9.97801e-05 
831,8.3 ,-9.6086e-05 
832,8.31 ,-9.25235e-05 
833,8.32 ,-8.90883e-05 
834,8.33 ,-8.57758e-05 
835,8.34 ,-8.2582e-05 
836,8.35 ,-7.95028e-05 
837,8.36 ,-7.65341e-05 
838,8.37 ,-7.36723e-05 
839,8.38 ,-7.09135e-05 
840,8.39 ,-6.82544e-05 
841,8.4 ,-6.56913e-05 
842,8.41 ,-6.32211e-05 
843,8.42 ,-6.08404e-05 
844,8.43 ,-5.85461e-05 
845,8.44 ,-5.63353e-05 
846,8.45 ,-5.42049e-05 
847,8.46 ,-5.21523e-05 
848,8.47 ,-5.01747e-05 
849,8.48 ,-4.82694e-05 
850,8.49 ,-4.6434e-05 
851,8.5 ,-4.46658e-05 
852,8.51 ,-4.29627e-05 
853,8.52 ,-4.13223e-05 
854,8.53 ,-3.97423e-05 
855,8.54 ,-3.82207e-05 
856,8.55 ,-3.67553e-05 
857,8.56 ,-3.53442e-05 
858,8.57 ,-3.39854e-05 
859,8.58 ,-3.2677e-05 
860,8.59 ,-3.14173e-05 
861,8.6 ,-3.02046e-05 
862,8.61 ,-2.90371e-05 
863,8.62 ,-2.79132e-05 
864,8.63 ,-2.68313e-05 
865,8.64 ,-2.579e-05 
866,8.65 ,-2.47878e-05 
867,8.66 ,-2.38232e-05 
868,8.67 ,-2.28949e-05 
869,8.68 ,-2.20017e-05 
870,8.69 ,-2.11421e-05 
871,8.7 ,-2.0315e-05 
872,8.71 ,-1.95192e-05 
873,8.72 ,-1.87536e-05 
874,8.73 ,-1.80171e-05 
875,8.74 ,-1.73086e-05 
876,8.75 ,-1.6627e-05 
877,8.76 ,-1.59715e-05 
878,8.77 ,-1.53409e-05 
879,8.78 ,-1.47345e-05 
880,8.79 ,-1.41513e-05 
881,8.8 ,-1.35905e-05 
882,8.81 ,-1.30513e-05 
883,8.82 ,-1.25327e-05 
884,8.83 ,-1.20342e-05 
885,8.84 ,-1.15549e-05 
886,8.85 ,-1.10941e-05 
887,8.86 ,-1.06511e-05 
888,8.87 ,-1.02253e-05 
889,8.88 ,-9.81603e-06 
890,8.89 ,-9.42267e-06 
891,8.9 ,-9.04462e-06 
892,8.91 ,-8.6813e-06 
893,8.92 ,-8.33217e-06 
894,8.93 ,-7.9967e-06 
895,8.94 ,-7.67436e-06 
896,8.95 ,-7.36466e-06 
897,8.96 ,-7.06712e-06 
898,8.97 ,-6.7813e-06 
899,8.98 ,-6.50673e-06 
900,8.99 ,-6.243e-06 
901,9 ,-5.9897e-06 
902,9.01 ,-5.74642e-06 
903,9.02 ,-5.51279e-06 
904,9.03 ,-5.28844e-06 
905,9.04 ,-5.07301e-06 
906,9.05 ,-4.86617e-06 
907,9.06 ,-4.66759e-06 
908,9.07 ,-4.47695e-06 
909,9.08 ,-4.29394e-06 
910,9.09 ,-4.11828e-06 
911,9.1 ,-3.94968e-06 
912,9.11 ,-3.78787e-06 
913,9.12 ,-3.63259e-06 
914,9.13 ,-3.48359e-06 
915,9.14 ,-3.34063e-06 
916,9.15 ,-3.20347e-06 
917,9.16 ,-3.07189e-06 
918,9.17 ,-2.94567e-06 
919,9.18 ,-2.82462e-06 
920,9.19 ,-2.70852e-06 
921,9.2 ,-2.59719e-06 
922,9.21 ,-2.49044e-06 
923,9.22 ,-2.38809e-06 
924,9.23 ,-2.28998e-06 
925,9.24 ,-2.19594e-06 
926,9.25 ,-2.10582e-06 
927,9.26 ,-2.01946e-06 
928,9.27 ,-1.93672e-06 
929,9.28 ,-1.85745e-06 
930,9.29 ,-1.78153e-06 
931,9.3 ,-1.70882e-06 
932,9.31 ,-1.6392e-06 
933,9.32 ,-1.57256e-06 
934,9.33 ,-1.50878e-06 
935,9.34 ,-1.44774e-06 
936,9.35 ,-1.38935e-06 
937,9.36 ,-1.3335e-06 
938,9.37 ,-1.2801e-06 
939,9.38 ,-1.22905e-06 
940,9.39 ,-1.18027e-06 
941,9.4 ,-1.13367e-06 
942,9.41 ,-1.08917e-06 
943,9.42 ,-1.04669e-06 
944,9.43 ,-1.00615e-06 
945,9.44 ,-9.67494e-07 
946,9.45 ,-9.30642e-07 
947,9.46 ,-8.95533e-07 
948,9.47 ,-8.62102e-07 
949,9.48 ,-8.30292e-07 
950,9.49 ,-8.00045e-07 
951,9.5 ,-7.71307e-07 
952,9.51 ,-7.44027e-07 
953,9.52 ,-7.18156e-07 
954,9.53 ,-6.93646e-07 
955,9.54 ,-6.70455e-07 
956,9.55 ,-6.48539e-07 
957,9.56 ,-6.2786e-07 
958,9.57 ,-6.08379e-07 
959,9.58 ,-5.90061e-07 
960,9.59 ,-5.72873e-07 
961,9.6 ,-5.56783e-07 
962,9.61 ,-5.41762e-07 
963,9.62 ,-5.27782e-07 
964,9.63 ,-5.14817e-07 
965,9.64 ,-5.02844e-07 
966,9.65 ,-4.9184e-07 
967,9.66 ,-4.81785e-07 
968,9.67 ,-4.72661e-07 
969,9.68 ,-4.64451e-07 
970,9.69 ,-4.57139e-07 
971,9.7 ,-4.50711e-07 
972,9.71 ,-4.45157e-07 
973,9.72 ,-4.40466e-07 
974,9.73 ,-4.36628e-07 
975,9.74 ,-4.33638e-07 
976,9.75 ,-4.3149e-07 
977,9.76 ,-4.30179e-07 
978,9.77 ,-4.29704e-07 
979,9.78 ,-4.30065e-07 
980,9.79 ,-4.31262e-07 
981,9.8 ,-4.33298e-07 
982,9.81 ,-4.36178e-07 
983,9.82 ,-4.39907e-07 
984,9.83 ,-4.44494e-07 
985,9.84 ,-4.49947e-07 
986,9.85 ,-4.56278e-07 
987,9.86 ,-4.63501e-07 
988,9.87 ,-4.71629e-07 
989,9.88 ,-4.80679e-07 
990,9.89 ,-4.90671e-07 
991,9.9 ,-5.01624e-07 
992,9.91 ,-5.13561e-07 
993,9.92 ,-5.26506e-07 
994,9.93 ,-5.40487e-07 
995,9.94 ,-5.55531e-07 
996,9.95 ,-5.7167e-07 
997,9.96 ,-5.88938e-07 
998,9.97 ,-6.0737e-07 
999,9.98 ,-6.27004e-07 
1000,9.99 ,-6.47881e-07 