
1,0 ,0.000221204 
2,0.01 ,0.000221204 
3,0.02 ,0.000221204 
4,0.03 ,0.000468369 
5,0.04 ,0.000826633 
6,0.05 ,0.00128941 
7,0.06 ,0.00185544 
8,0.07 ,0.00252425 
9,0.08 ,0.00329552 
10,0.09 ,0.004169 
11,0.1 ,0.00514439 
12,0.11 ,0.00622139 
13,0.12 ,0.00739967 
14,0.13 ,0.00867888 
15,0.14 ,0.0100586 
16,0.15 ,0.0115385 
17,0.16 ,0.0131181 
18,0.17 ,0.0147969 
19,0.18 ,0.0165744 
20,0.19 ,0.01845 
21,0.2 ,0.0204233 
22,0.21 ,0.0224937 
23,0.22 ,0.0246604 
24,0.23 ,0.0269229 
25,0.24 ,0.0292805 
26,0.25 ,0.0317325 
27,0.26 ,0.0342781 
28,0.27 ,0.0369166 
29,0.28 ,0.0396473 
30,0.29 ,0.0424692 
31,0.3 ,0.0453817 
32,0.31 ,0.0483837 
33,0.32 ,0.0514744 
34,0.33 ,0.054653 
35,0.34 ,0.0579183 
36,0.35 ,0.0612696 
37,0.36 ,0.0647058 
38,0.37 ,0.0682259 
39,0.38 ,0.0718288 
40,0.39 ,0.0755135 
41,0.4 ,0.0792789 
42,0.41 ,0.0831239 
43,0.42 ,0.0870474 
44,0.43 ,0.0910481 
45,0.44 ,0.0951251 
46,0.45 ,0.0992769 
47,0.46 ,0.103503 
48,0.47 ,0.107801 
49,0.48 ,0.11217 
50,0.49 ,0.116609 
51,0.5 ,0.121117 
52,0.51 ,0.125693 
53,0.52 ,0.130334 
54,0.53 ,0.13504 
55,0.54 ,0.13981 
56,0.55 ,0.144641 
57,0.56 ,0.149533 
58,0.57 ,0.154484 
59,0.58 ,0.159493 
60,0.59 ,0.164558 
61,0.6 ,0.169678 
62,0.61 ,0.174851 
63,0.62 ,0.180077 
64,0.63 ,0.185352 
65,0.64 ,0.190677 
66,0.65 ,0.196049 
67,0.66 ,0.201466 
68,0.67 ,0.206929 
69,0.68 ,0.212433 
70,0.69 ,0.21798 
71,0.7 ,0.223565 
72,0.71 ,0.229189 
73,0.72 ,0.23485 
74,0.73 ,0.240545 
75,0.74 ,0.246274 
76,0.75 ,0.252034 
77,0.76 ,0.257825 
78,0.77 ,0.263644 
79,0.78 ,0.26949 
80,0.79 ,0.275361 
81,0.8 ,0.281256 
82,0.81 ,0.287173 
83,0.82 ,0.293111 
84,0.83 ,0.299068 
85,0.84 ,0.305041 
86,0.85 ,0.31103 
87,0.86 ,0.317034 
88,0.87 ,0.323049 
89,0.88 ,0.329075 
90,0.89 ,0.335111 
91,0.9 ,0.341153 
92,0.91 ,0.347202 
93,0.92 ,0.353255 
94,0.93 ,0.359311 
95,0.94 ,0.365367 
96,0.95 ,0.371423 
97,0.96 ,0.377477 
98,0.97 ,0.383527 
99,0.98 ,0.389572 
100,0.99 ,0.39561 
101,1 ,0.401639 
102,1.01 ,0.407658 
103,1.02 ,0.413666 
104,1.03 ,0.419661 
105,1.04 ,0.42564 
106,1.05 ,0.431604 
107,1.06 ,0.43755 
108,1.07 ,0.443477 
109,1.08 ,0.449383 
110,1.09 ,0.455267 
111,1.1 ,0.461127 
112,1.11 ,0.466962 
113,1.12 ,0.472771 
114,1.13 ,0.478551 
115,1.14 ,0.484303 
116,1.15 ,0.490023 
117,1.16 ,0.495711 
118,1.17 ,0.501366 
119,1.18 ,0.506985 
120,1.19 ,0.512569 
121,1.2 ,0.518115 
122,1.21 ,0.523622 
123,1.22 ,0.529088 
124,1.23 ,0.534513 
125,1.24 ,0.539896 
126,1.25 ,0.545234 
127,1.26 ,0.550527 
128,1.27 ,0.555774 
129,1.28 ,0.560973 
130,1.29 ,0.566124 
131,1.3 ,0.571224 
132,1.31 ,0.576274 
133,1.32 ,0.581271 
134,1.33 ,0.586215 
135,1.34 ,0.591104 
136,1.35 ,0.595939 
137,1.36 ,0.600716 
138,1.37 ,0.605437 
139,1.38 ,0.610099 
140,1.39 ,0.614701 
141,1.4 ,0.619243 
142,1.41 ,0.623724 
143,1.42 ,0.628143 
144,1.43 ,0.632498 
145,1.44 ,0.63679 
146,1.45 ,0.641017 
147,1.46 ,0.645178 
148,1.47 ,0.649273 
149,1.48 ,0.653301 
150,1.49 ,0.657261 
151,1.5 ,0.661152 
152,1.51 ,0.664974 
153,1.52 ,0.668726 
154,1.53 ,0.672407 
155,1.54 ,0.676017 
156,1.55 ,0.679555 
157,1.56 ,0.683021 
158,1.57 ,0.686413 
159,1.58 ,0.689732 
160,1.59 ,0.692977 
161,1.6 ,0.696147 
162,1.61 ,0.699242 
163,1.62 ,0.702261 
164,1.63 ,0.705205 
165,1.64 ,0.708072 
166,1.65 ,0.710863 
167,1.66 ,0.713576 
168,1.67 ,0.716212 
169,1.68 ,0.71877 
170,1.69 ,0.72125 
171,1.7 ,0.723652 
172,1.71 ,0.725975 
173,1.72 ,0.728219 
174,1.73 ,0.730385 
175,1.74 ,0.732471 
176,1.75 ,0.734478 
177,1.76 ,0.736406 
178,1.77 ,0.738254 
179,1.78 ,0.740022 
180,1.79 ,0.741711 
181,1.8 ,0.74332 
182,1.81 ,0.744849 
183,1.82 ,0.746299 
184,1.83 ,0.747669 
185,1.84 ,0.748959 
186,1.85 ,0.75017 
187,1.86 ,0.751301 
188,1.87 ,0.752353 
189,1.88 ,0.753325 
190,1.89 ,0.754219 
191,1.9 ,0.755033 
192,1.91 ,0.755768 
193,1.92 ,0.756425 
194,1.93 ,0.757004 
195,1.94 ,0.757504 
196,1.95 ,0.757927 
197,1.96 ,0.758272 
198,1.97 ,0.75854 
199,1.98 ,0.758731 
200,1.99 ,0.758845 
201,2 ,0.758883 
202,2.01 ,0.758845 
203,2.02 ,0.758732 
204,2.03 ,0.758543 
205,2.04 ,0.75828 
206,2.05 ,0.757943 
207,2.06 ,0.757532 
208,2.07 ,0.757047 
209,2.08 ,0.75649 
210,2.09 ,0.75586 
211,2.1 ,0.755159 
212,2.11 ,0.754386 
213,2.12 ,0.753543 
214,2.13 ,0.752629 
215,2.14 ,0.751646 
216,2.15 ,0.750593 
217,2.16 ,0.749473 
218,2.17 ,0.748284 
219,2.18 ,0.747028 
220,2.19 ,0.745706 
221,2.2 ,0.744318 
222,2.21 ,0.742864 
223,2.22 ,0.741346 
224,2.23 ,0.739764 
225,2.24 ,0.738119 
226,2.25 ,0.736411 
227,2.26 ,0.734642 
228,2.27 ,0.732811 
229,2.28 ,0.73092 
230,2.29 ,0.72897 
231,2.3 ,0.72696 
232,2.31 ,0.724893 
233,2.32 ,0.722768 
234,2.33 ,0.720586 
235,2.34 ,0.718349 
236,2.35 ,0.716057 
237,2.36 ,0.71371 
238,2.37 ,0.71131 
239,2.38 ,0.708857 
240,2.39 ,0.706353 
241,2.4 ,0.703798 
242,2.41 ,0.701192 
243,2.42 ,0.698537 
244,2.43 ,0.695834 
245,2.44 ,0.693083 
246,2.45 ,0.690285 
247,2.46 ,0.687441 
248,2.47 ,0.684552 
249,2.48 ,0.681619 
250,2.49 ,0.678642 
251,2.5 ,0.675623 
252,2.51 ,0.672562 
253,2.52 ,0.66946 
254,2.53 ,0.666318 
255,2.54 ,0.663137 
256,2.55 ,0.659918 
257,2.56 ,0.656661 
258,2.57 ,0.653368 
259,2.58 ,0.650039 
260,2.59 ,0.646675 
261,2.6 ,0.643278 
262,2.61 ,0.639847 
263,2.62 ,0.636384 
264,2.63 ,0.63289 
265,2.64 ,0.629365 
266,2.65 ,0.625811 
267,2.66 ,0.622227 
268,2.67 ,0.618616 
269,2.68 ,0.614978 
270,2.69 ,0.611314 
271,2.7 ,0.607624 
272,2.71 ,0.60391 
273,2.72 ,0.600173 
274,2.73 ,0.596412 
275,2.74 ,0.592629 
276,2.75 ,0.588826 
277,2.76 ,0.585002 
278,2.77 ,0.581158 
279,2.78 ,0.577296 
280,2.79 ,0.573416 
281,2.8 ,0.569519 
282,2.81 ,0.565606 
283,2.82 ,0.561677 
284,2.83 ,0.557734 
285,2.84 ,0.553777 
286,2.85 ,0.549807 
287,2.86 ,0.545824 
288,2.87 ,0.54183 
289,2.88 ,0.537825 
290,2.89 ,0.533811 
291,2.9 ,0.529787 
292,2.91 ,0.525755 
293,2.92 ,0.521715 
294,2.93 ,0.517668 
295,2.94 ,0.513614 
296,2.95 ,0.509556 
297,2.96 ,0.505492 
298,2.97 ,0.501424 
299,2.98 ,0.497353 
300,2.99 ,0.493279 
301,3 ,0.489203 
302,3.01 ,0.485126 
303,3.02 ,0.481048 
304,3.03 ,0.47697 
305,3.04 ,0.472893 
306,3.05 ,0.468817 
307,3.06 ,0.464742 
308,3.07 ,0.460671 
309,3.08 ,0.456602 
310,3.09 ,0.452538 
311,3.1 ,0.448477 
312,3.11 ,0.444422 
313,3.12 ,0.440372 
314,3.13 ,0.436328 
315,3.14 ,0.432291 
316,3.15 ,0.428261 
317,3.16 ,0.424239 
318,3.17 ,0.420226 
319,3.18 ,0.416221 
320,3.19 ,0.412225 
321,3.2 ,0.40824 
322,3.21 ,0.404265 
323,3.22 ,0.400301 
324,3.23 ,0.396348 
325,3.24 ,0.392407 
326,3.25 ,0.388479 
327,3.26 ,0.384563 
328,3.27 ,0.380661 
329,3.28 ,0.376772 
330,3.29 ,0.372898 
331,3.3 ,0.369038 
332,3.31 ,0.365193 
333,3.32 ,0.361363 
334,3.33 ,0.357549 
335,3.34 ,0.353752 
336,3.35 ,0.349971 
337,3.36 ,0.346206 
338,3.37 ,0.34246 
339,3.38 ,0.338731 
340,3.39 ,0.335019 
341,3.4 ,0.331327 
342,3.41 ,0.327652 
343,3.42 ,0.323997 
344,3.43 ,0.320361 
345,3.44 ,0.316745 
346,3.45 ,0.313148 
347,3.46 ,0.309572 
348,3.47 ,0.306016 
349,3.48 ,0.302481 
350,3.49 ,0.298967 
351,3.5 ,0.295474 
352,3.51 ,0.292002 
353,3.52 ,0.288552 
354,3.53 ,0.285124 
355,3.54 ,0.281718 
356,3.55 ,0.278335 
357,3.56 ,0.274973 
358,3.57 ,0.271635 
359,3.58 ,0.26832 
360,3.59 ,0.265027 
361,3.6 ,0.261758 
362,3.61 ,0.258512 
363,3.62 ,0.25529 
364,3.63 ,0.252092 
365,3.64 ,0.248917 
366,3.65 ,0.245767 
367,3.66 ,0.24264 
368,3.67 ,0.239538 
369,3.68 ,0.23646 
370,3.69 ,0.233406 
371,3.7 ,0.230377 
372,3.71 ,0.227373 
373,3.72 ,0.224393 
374,3.73 ,0.221439 
375,3.74 ,0.218508 
376,3.75 ,0.215603 
377,3.76 ,0.212723 
378,3.77 ,0.209868 
379,3.78 ,0.207038 
380,3.79 ,0.204233 
381,3.8 ,0.201453 
382,3.81 ,0.198698 
383,3.82 ,0.195969 
384,3.83 ,0.193264 
385,3.84 ,0.190585 
386,3.85 ,0.187931 
387,3.86 ,0.185302 
388,3.87 ,0.182699 
389,3.88 ,0.18012 
390,3.89 ,0.177567 
391,3.9 ,0.175039 
392,3.91 ,0.172536 
393,3.92 ,0.170058 
394,3.93 ,0.167605 
395,3.94 ,0.165177 
396,3.95 ,0.162773 
397,3.96 ,0.160395 
398,3.97 ,0.158042 
399,3.98 ,0.155713 
400,3.99 ,0.15341 
401,4 ,0.15113 
402,4.01 ,0.148876 
403,4.02 ,0.146645 
404,4.03 ,0.14444 
405,4.04 ,0.142258 
406,4.05 ,0.140101 
407,4.06 ,0.137968 
408,4.07 ,0.135859 
409,4.08 ,0.133773 
410,4.09 ,0.131712 
411,4.1 ,0.129674 
412,4.11 ,0.127661 
413,4.12 ,0.12567 
414,4.13 ,0.123703 
415,4.14 ,0.121759 
416,4.15 ,0.119839 
417,4.16 ,0.117941 
418,4.17 ,0.116066 
419,4.18 ,0.114214 
420,4.19 ,0.112385 
421,4.2 ,0.110578 
422,4.21 ,0.108794 
423,4.22 ,0.107032 
424,4.23 ,0.105291 
425,4.24 ,0.103573 
426,4.25 ,0.101877 
427,4.26 ,0.100202 
428,4.27 ,0.0985492 
429,4.28 ,0.0969174 
430,4.29 ,0.0953069 
431,4.3 ,0.0937174 
432,4.31 ,0.0921488 
433,4.32 ,0.0906009 
434,4.33 ,0.0890736 
435,4.34 ,0.0875668 
436,4.35 ,0.0860803 
437,4.36 ,0.0846138 
438,4.37 ,0.0831673 
439,4.38 ,0.0817406 
440,4.39 ,0.0803335 
441,4.4 ,0.0789459 
442,4.41 ,0.0775775 
443,4.42 ,0.0762283 
444,4.43 ,0.074898 
445,4.44 ,0.0735865 
446,4.45 ,0.0722937 
447,4.46 ,0.0710193 
448,4.47 ,0.0697631 
449,4.48 ,0.0685251 
450,4.49 ,0.067305 
451,4.5 ,0.0661026 
452,4.51 ,0.0649179 
453,4.52 ,0.0637505 
454,4.53 ,0.0626004 
455,4.54 ,0.0614674 
456,4.55 ,0.0603513 
457,4.56 ,0.059252 
458,4.57 ,0.0581691 
459,4.58 ,0.0571027 
460,4.59 ,0.0560525 
461,4.6 ,0.0550183 
462,4.61 ,0.054 
463,4.62 ,0.0529974 
464,4.63 ,0.0520103 
465,4.64 ,0.0510386 
466,4.65 ,0.0500821 
467,4.66 ,0.0491405 
468,4.67 ,0.0482139 
469,4.68 ,0.0473019 
470,4.69 ,0.0464044 
471,4.7 ,0.0455212 
472,4.71 ,0.0446522 
473,4.72 ,0.0437973 
474,4.73 ,0.0429561 
475,4.74 ,0.0421286 
476,4.75 ,0.0413147 
477,4.76 ,0.040514 
478,4.77 ,0.0397266 
479,4.78 ,0.0389522 
480,4.79 ,0.0381906 
481,4.8 ,0.0374417 
482,4.81 ,0.0367054 
483,4.82 ,0.0359814 
484,4.83 ,0.0352696 
485,4.84 ,0.0345699 
486,4.85 ,0.0338821 
487,4.86 ,0.033206 
488,4.87 ,0.0325415 
489,4.88 ,0.0318885 
490,4.89 ,0.0312467 
491,4.9 ,0.030616 
492,4.91 ,0.0299964 
493,4.92 ,0.0293875 
494,4.93 ,0.0287894 
495,4.94 ,0.0282018 
496,4.95 ,0.0276245 
497,4.96 ,0.0270575 
498,4.97 ,0.0265006 
499,4.98 ,0.0259537 
500,4.99 ,0.0254165 
501,5 ,0.0248891 
502,5.01 ,0.0243712 
503,5.02 ,0.0238626 
504,5.03 ,0.0233633 
505,5.04 ,0.0228732 
506,5.05 ,0.022392 
507,5.06 ,0.0219197 
508,5.07 ,0.0214561 
509,5.08 ,0.0210011 
510,5.09 ,0.0205546 
511,5.1 ,0.0201164 
512,5.11 ,0.0196864 
513,5.12 ,0.0192645 
514,5.13 ,0.0188505 
515,5.14 ,0.0184444 
516,5.15 ,0.018046 
517,5.16 ,0.0176551 
518,5.17 ,0.0172718 
519,5.18 ,0.0168958 
520,5.19 ,0.016527 
521,5.2 ,0.0161654 
522,5.21 ,0.0158107 
523,5.22 ,0.015463 
524,5.23 ,0.015122 
525,5.24 ,0.0147877 
526,5.25 ,0.01446 
527,5.26 ,0.0141387 
528,5.27 ,0.0138238 
529,5.28 ,0.0135151 
530,5.29 ,0.0132125 
531,5.3 ,0.012916 
532,5.31 ,0.0126254 
533,5.32 ,0.0123407 
534,5.33 ,0.0120616 
535,5.34 ,0.0117883 
536,5.35 ,0.0115204 
537,5.36 ,0.011258 
538,5.37 ,0.011001 
539,5.38 ,0.0107492 
540,5.39 ,0.0105026 
541,5.4 ,0.010261 
542,5.41 ,0.0100244 
543,5.42 ,0.00979278 
544,5.43 ,0.00956592 
545,5.44 ,0.00934379 
546,5.45 ,0.00912629 
547,5.46 ,0.00891336 
548,5.47 ,0.0087049 
549,5.48 ,0.00850083 
550,5.49 ,0.00830107 
551,5.5 ,0.00810556 
552,5.51 ,0.00791419 
553,5.52 ,0.00772691 
554,5.53 ,0.00754363 
555,5.54 ,0.00736429 
556,5.55 ,0.0071888 
557,5.56 ,0.0070171 
558,5.57 ,0.00684911 
559,5.58 ,0.00668476 
560,5.59 ,0.006524 
561,5.6 ,0.00636673 
562,5.61 ,0.00621291 
563,5.62 ,0.00606247 
564,5.63 ,0.00591533 
565,5.64 ,0.00577144 
566,5.65 ,0.00563073 
567,5.66 ,0.00549315 
568,5.67 ,0.00535862 
569,5.68 ,0.0052271 
570,5.69 ,0.00509851 
571,5.7 ,0.00497281 
572,5.71 ,0.00484994 
573,5.72 ,0.00472984 
574,5.73 ,0.00461245 
575,5.74 ,0.00449773 
576,5.75 ,0.00438561 
577,5.76 ,0.00427604 
578,5.77 ,0.00416899 
579,5.78 ,0.00406438 
580,5.79 ,0.00396217 
581,5.8 ,0.00386232 
582,5.81 ,0.00376478 
583,5.82 ,0.00366949 
584,5.83 ,0.00357642 
585,5.84 ,0.00348551 
586,5.85 ,0.00339673 
587,5.86 ,0.00331001 
588,5.87 ,0.00322534 
589,5.88 ,0.00314265 
590,5.89 ,0.00306191 
591,5.9 ,0.00298309 
592,5.91 ,0.00290612 
593,5.92 ,0.00283099 
594,5.93 ,0.00275764 
595,5.94 ,0.00268605 
596,5.95 ,0.00261617 
597,5.96 ,0.00254796 
598,5.97 ,0.0024814 
599,5.98 ,0.00241644 
600,5.99 ,0.00235305 
601,6 ,0.00229119 
602,6.01 ,0.00223084 
603,6.02 ,0.00217196 
604,6.03 ,0.00211451 
605,6.04 ,0.00205847 
606,6.05 ,0.0020038 
607,6.06 ,0.00195048 
608,6.07 ,0.00189847 
609,6.08 ,0.00184774 
610,6.09 ,0.00179827 
611,6.1 ,0.00175003 
612,6.11 ,0.00170298 
613,6.12 ,0.00165711 
614,6.13 ,0.00161239 
615,6.14 ,0.00156879 
616,6.15 ,0.00152628 
617,6.16 ,0.00148484 
618,6.17 ,0.00144445 
619,6.18 ,0.00140507 
620,6.19 ,0.0013667 
621,6.2 ,0.0013293 
622,6.21 ,0.00129285 
623,6.22 ,0.00125733 
624,6.23 ,0.00122272 
625,6.24 ,0.001189 
626,6.25 ,0.00115615 
627,6.26 ,0.00112413 
628,6.27 ,0.00109295 
629,6.28 ,0.00106257 
630,6.29 ,0.00103298 
631,6.3 ,0.00100416 
632,6.31 ,0.00097609 
633,6.32 ,0.000948752 
634,6.33 ,0.000922128 
635,6.34 ,0.000896202 
636,6.35 ,0.000870958 
637,6.36 ,0.000846378 
638,6.37 ,0.000822446 
639,6.38 ,0.000799147 
640,6.39 ,0.000776466 
641,6.4 ,0.000754386 
642,6.41 ,0.000732895 
643,6.42 ,0.000711977 
644,6.43 ,0.000691617 
645,6.44 ,0.000671803 
646,6.45 ,0.000652521 
647,6.46 ,0.000633758 
648,6.47 ,0.000615501 
649,6.48 ,0.000597736 
650,6.49 ,0.000580453 
651,6.5 ,0.000563638 
652,6.51 ,0.000547281 
653,6.52 ,0.000531369 
654,6.53 ,0.000515892 
655,6.54 ,0.000500838 
656,6.55 ,0.000486197 
657,6.56 ,0.000471958 
658,6.57 ,0.000458111 
659,6.58 ,0.000444646 
660,6.59 ,0.000431553 
661,6.6 ,0.000418823 
662,6.61 ,0.000406446 
663,6.62 ,0.000394413 
664,6.63 ,0.000382716 
665,6.64 ,0.000371345 
666,6.65 ,0.000360293 
667,6.66 ,0.00034955 
668,6.67 ,0.00033911 
669,6.68 ,0.000328963 
670,6.69 ,0.000319102 
671,6.7 ,0.00030952 
672,6.71 ,0.00030021 
673,6.72 ,0.000291164 
674,6.73 ,0.000282374 
675,6.74 ,0.000273836 
676,6.75 ,0.000265541 
677,6.76 ,0.000257483 
678,6.77 ,0.000249656 
679,6.78 ,0.000242055 
680,6.79 ,0.000234671 
681,6.8 ,0.000227501 
682,6.81 ,0.000220538 
683,6.82 ,0.000213776 
684,6.83 ,0.00020721 
685,6.84 ,0.000200835 
686,6.85 ,0.000194646 
687,6.86 ,0.000188637 
688,6.87 ,0.000182804 
689,6.88 ,0.000177141 
690,6.89 ,0.000171645 
691,6.9 ,0.00016631 
692,6.91 ,0.000161132 
693,6.92 ,0.000156107 
694,6.93 ,0.00015123 
695,6.94 ,0.000146498 
696,6.95 ,0.000141906 
697,6.96 ,0.000137451 
698,6.97 ,0.000133128 
699,6.98 ,0.000128935 
700,6.99 ,0.000124866 
701,7 ,0.00012092 
702,7.01 ,0.000117092 
703,7.02 ,0.000113379 
704,7.03 ,0.000109778 
705,7.04 ,0.000106285 
706,7.05 ,0.000102898 
707,7.06 ,9.96136e-05 
708,7.07 ,9.64288e-05 
709,7.08 ,9.33407e-05 
710,7.09 ,9.03467e-05 
711,7.1 ,8.7444e-05 
712,7.11 ,8.46299e-05 
713,7.12 ,8.19021e-05 
714,7.13 ,7.92578e-05 
715,7.14 ,7.66948e-05 
716,7.15 ,7.42107e-05 
717,7.16 ,7.18032e-05 
718,7.17 ,6.947e-05 
719,7.18 ,6.7209e-05 
720,7.19 ,6.50181e-05 
721,7.2 ,6.28953e-05 
722,7.21 ,6.08384e-05 
723,7.22 ,5.88457e-05 
724,7.23 ,5.69152e-05 
725,7.24 ,5.5045e-05 
726,7.25 ,5.32334e-05 
727,7.26 ,5.14787e-05 
728,7.27 ,4.97791e-05 
729,7.28 ,4.81331e-05 
730,7.29 ,4.6539e-05 
731,7.3 ,4.49953e-05 
732,7.31 ,4.35004e-05 
733,7.32 ,4.20529e-05 
734,7.33 ,4.06515e-05 
735,7.34 ,3.92946e-05 
736,7.35 ,3.79809e-05 
737,7.36 ,3.67092e-05 
738,7.37 ,3.54782e-05 
739,7.38 ,3.42866e-05 
740,7.39 ,3.31333e-05 
741,7.4 ,3.2017e-05 
742,7.41 ,3.09367e-05 
743,7.42 ,2.98913e-05 
744,7.43 ,2.88796e-05 
745,7.44 ,2.79006e-05 
746,7.45 ,2.69534e-05 
747,7.46 ,2.6037e-05 
748,7.47 ,2.51504e-05 
749,7.48 ,2.42926e-05 
750,7.49 ,2.34629e-05 
751,7.5 ,2.26603e-05 
752,7.51 ,2.1884e-05 
753,7.52 ,2.11331e-05 
754,7.53 ,2.04069e-05 
755,7.54 ,1.97046e-05 
756,7.55 ,1.90255e-05 
757,7.56 ,1.83687e-05 
758,7.57 ,1.77337e-05 
759,7.58 ,1.71198e-05 
760,7.59 ,1.65262e-05 
761,7.6 ,1.59523e-05 
762,7.61 ,1.53976e-05 
763,7.62 ,1.48613e-05 
764,7.63 ,1.43429e-05 
765,7.64 ,1.38419e-05 
766,7.65 ,1.33577e-05 
767,7.66 ,1.28897e-05 
768,7.67 ,1.24375e-05 
769,7.68 ,1.20005e-05 
770,7.69 ,1.15782e-05 
771,7.7 ,1.11702e-05 
772,7.71 ,1.0776e-05 
773,7.72 ,1.03951e-05 
774,7.73 ,1.00272e-05 
775,7.74 ,9.67174e-06 
776,7.75 ,9.32842e-06 
777,7.76 ,8.9968e-06 
778,7.77 ,8.67651e-06 
779,7.78 ,8.36718e-06 
780,7.79 ,8.06844e-06 
781,7.8 ,7.77996e-06 
782,7.81 ,7.50139e-06 
783,7.82 ,7.23241e-06 
784,7.83 ,6.9727e-06 
785,7.84 ,6.72196e-06 
786,7.85 ,6.47989e-06 
787,7.86 ,6.24621e-06 
788,7.87 ,6.02063e-06 
789,7.88 ,5.80289e-06 
790,7.89 ,5.59272e-06 
791,7.9 ,5.38988e-06 
792,7.91 ,5.19412e-06 
793,7.92 ,5.00521e-06 
794,7.93 ,4.82291e-06 
795,7.94 ,4.647e-06 
796,7.95 ,4.47727e-06 
797,7.96 ,4.31351e-06 
798,7.97 ,4.15551e-06 
799,7.98 ,4.00309e-06 
800,7.99 ,3.85606e-06 
801,8 ,3.71423e-06 
802,8.01 ,3.57742e-06 
803,8.02 ,3.44547e-06 
804,8.03 ,3.31821e-06 
805,8.04 ,3.19549e-06 
806,8.05 ,3.07713e-06 
807,8.06 ,2.963e-06 
808,8.07 ,2.85296e-06 
809,8.08 ,2.74685e-06 
810,8.09 ,2.64455e-06 
811,8.1 ,2.54592e-06 
812,8.11 ,2.45085e-06 
813,8.12 ,2.35919e-06 
814,8.13 ,2.27085e-06 
815,8.14 ,2.18569e-06 
816,8.15 ,2.10362e-06 
817,8.16 ,2.02452e-06 
818,8.17 ,1.94829e-06 
819,8.18 ,1.87483e-06 
820,8.19 ,1.80404e-06 
821,8.2 ,1.73583e-06 
822,8.21 ,1.67012e-06 
823,8.22 ,1.6068e-06 
824,8.23 ,1.54581e-06 
825,8.24 ,1.48704e-06 
826,8.25 ,1.43044e-06 
827,8.26 ,1.37592e-06 
828,8.27 ,1.3234e-06 
829,8.28 ,1.27282e-06 
830,8.29 ,1.22411e-06 
831,8.3 ,1.1772e-06 
832,8.31 ,1.13202e-06 
833,8.32 ,1.08852e-06 
834,8.33 ,1.04663e-06 
835,8.34 ,1.00631e-06 
836,8.35 ,9.67479e-07 
837,8.36 ,9.30099e-07 
838,8.37 ,8.94115e-07 
839,8.38 ,8.59476e-07 
840,8.39 ,8.26134e-07 
841,8.4 ,7.94042e-07 
842,8.41 ,7.63154e-07 
843,8.42 ,7.33427e-07 
844,8.43 ,7.04819e-07 
845,8.44 ,6.7729e-07 
846,8.45 ,6.50799e-07 
847,8.46 ,6.25309e-07 
848,8.47 ,6.00784e-07 
849,8.48 ,5.77187e-07 
850,8.49 ,5.54486e-07 
851,8.5 ,5.32647e-07 
852,8.51 ,5.11639e-07 
853,8.52 ,4.91431e-07 
854,8.53 ,4.71993e-07 
855,8.54 ,4.53298e-07 
856,8.55 ,4.35316e-07 
857,8.56 ,4.18023e-07 
858,8.57 ,4.01393e-07 
859,8.58 ,3.854e-07 
860,8.59 ,3.70022e-07 
861,8.6 ,3.55235e-07 
862,8.61 ,3.41017e-07 
863,8.62 ,3.27347e-07 
864,8.63 ,3.14204e-07 
865,8.64 ,3.01569e-07 
866,8.65 ,2.89422e-07 
867,8.66 ,2.77745e-07 
868,8.67 ,2.66521e-07 
869,8.68 ,2.55731e-07 
870,8.69 ,2.45361e-07 
871,8.7 ,2.35392e-07 
872,8.71 ,2.25812e-07 
873,8.72 ,2.16604e-07 
874,8.73 ,2.07754e-07 
875,8.74 ,1.99249e-07 
876,8.75 ,1.91076e-07 
877,8.76 ,1.83221e-07 
878,8.77 ,1.75672e-07 
879,8.78 ,1.68419e-07 
880,8.79 ,1.61448e-07 
881,8.8 ,1.5475e-07 
882,8.81 ,1.48313e-07 
883,8.82 ,1.42127e-07 
884,8.83 ,1.36183e-07 
885,8.84 ,1.30471e-07 
886,8.85 ,1.24982e-07 
887,8.86 ,1.19708e-07 
888,8.87 ,1.14638e-07 
889,8.88 ,1.09767e-07 
890,8.89 ,1.05085e-07 
891,8.9 ,1.00584e-07 
892,8.91 ,9.62589e-08 
893,8.92 ,9.2101e-08 
894,8.93 ,8.8104e-08 
895,8.94 ,8.42612e-08 
896,8.95 ,8.05664e-08 
897,8.96 ,7.70134e-08 
898,8.97 ,7.35965e-08 
899,8.98 ,7.03098e-08 
900,8.99 ,6.7148e-08 
901,9 ,6.41058e-08 
902,9.01 ,6.11781e-08 
903,9.02 ,5.836e-08 
904,9.03 ,5.56467e-08 
905,9.04 ,5.30337e-08 
906,9.05 ,5.05166e-08 
907,9.06 ,4.8091e-08 
908,9.07 ,4.5753e-08 
909,9.08 ,4.34984e-08 
910,9.09 ,4.13235e-08 
911,9.1 ,3.92245e-08 
912,9.11 ,3.71977e-08 
913,9.12 ,3.52398e-08 
914,9.13 ,3.33473e-08 
915,9.14 ,3.1517e-08 
916,9.15 ,2.97456e-08 
917,9.16 ,2.80301e-08 
918,9.17 ,2.63675e-08 
919,9.18 ,2.47549e-08 
920,9.19 ,2.31894e-08 
921,9.2 ,2.16682e-08 
922,9.21 ,2.01888e-08 
923,9.22 ,1.87484e-08 
924,9.23 ,1.73445e-08 
925,9.24 ,1.59746e-08 
926,9.25 ,1.46363e-08 
927,9.26 ,1.33271e-08 
928,9.27 ,1.20447e-08 
929,9.28 ,1.07868e-08 
930,9.29 ,9.55116e-09 
931,9.3 ,8.33545e-09 
932,9.31 ,7.1375e-09 
933,9.32 ,5.95513e-09 
934,9.33 ,4.78617e-09 
935,9.34 ,3.62848e-09 
936,9.35 ,2.47992e-09 
937,9.36 ,1.33838e-09 
938,9.37 ,2.01754e-10 
939,9.38 ,-9.32081e-10 
940,9.39 ,-2.06523e-09 
941,9.4 ,-3.19981e-09 
942,9.41 ,-4.33795e-09 
943,9.42 ,-5.48177e-09 
944,9.43 ,-6.63344e-09 
945,9.44 ,-7.79513e-09 
946,9.45 ,-8.96904e-09 
947,9.46 ,-1.01574e-08 
948,9.47 ,-1.13625e-08 
949,9.48 ,-1.25866e-08 
950,9.49 ,-1.3832e-08 
951,9.5 ,-1.51012e-08 
952,9.51 ,-1.63966e-08 
953,9.52 ,-1.77206e-08 
954,9.53 ,-1.9076e-08 
955,9.54 ,-2.04652e-08 
956,9.55 ,-2.1891e-08 
957,9.56 ,-2.33562e-08 
958,9.57 ,-2.48637e-08 
959,9.58 ,-2.64163e-08 
960,9.59 ,-2.80172e-08 
961,9.6 ,-2.96695e-08 
962,9.61 ,-3.13765e-08 
963,9.62 ,-3.31415e-08 
964,9.63 ,-3.49681e-08 
965,9.64 ,-3.686e-08 
966,9.65 ,-3.88208e-08 
967,9.66 ,-4.08545e-08 
968,9.67 ,-4.29652e-08 
969,9.68 ,-4.51572e-08 
970,9.69 ,-4.74348e-08 
971,9.7 ,-4.98028e-08 
972,9.71 ,-5.22657e-08 
973,9.72 ,-5.48288e-08 
974,9.73 ,-5.74972e-08 
975,9.74 ,-6.02763e-08 
976,9.75 ,-6.31718e-08 
977,9.76 ,-6.61898e-08 
978,9.77 ,-6.93363e-08 
979,9.78 ,-7.26179e-08 
980,9.79 ,-7.60413e-08 
981,9.8 ,-7.96137e-08 
982,9.81 ,-8.33425e-08 
983,9.82 ,-8.72354e-08 
984,9.83 ,-9.13005e-08 
985,9.84 ,-9.55464e-08 
986,9.85 ,-9.9982e-08 
987,9.86 ,-1.04616e-07 
988,9.87 ,-1.0946e-07 
989,9.88 ,-1.14522e-07 
990,9.89 ,-1.19814e-07 
991,9.9 ,-1.25346e-07 
992,9.91 ,-1.31132e-07 
993,9.92 ,-1.37182e-07 
994,9.93 ,-1.4351e-07 
995,9.94 ,-1.5013e-07 
996,9.95 ,-1.57055e-07 
997,9.96 ,-1.64301e-07 
998,9.97 ,-1.71883e-07 
999,9.98 ,-1.79818e-07 
1000,9.99 ,-1.88122e-07 