
1,0 ,0.0115426 
2,0.01 ,0.0115426 
3,0.02 ,0.0115426 
4,0.03 ,0.0156785 
5,0.04 ,0.0203737 
6,0.05 ,0.0252269 
7,0.06 ,0.0301396 
8,0.07 ,0.0350776 
9,0.08 ,0.0400263 
10,0.09 ,0.0449783 
11,0.1 ,0.0499293 
12,0.11 ,0.0548765 
13,0.12 ,0.0598181 
14,0.13 ,0.0647526 
15,0.14 ,0.0696786 
16,0.15 ,0.0745953 
17,0.16 ,0.0795015 
18,0.17 ,0.0843964 
19,0.18 ,0.0892792 
20,0.19 ,0.094149 
21,0.2 ,0.099005 
22,0.21 ,0.103847 
23,0.22 ,0.108673 
24,0.23 ,0.113483 
25,0.24 ,0.118277 
26,0.25 ,0.123053 
27,0.26 ,0.127811 
28,0.27 ,0.13255 
29,0.28 ,0.137269 
30,0.29 ,0.141968 
31,0.3 ,0.146646 
32,0.31 ,0.151303 
33,0.32 ,0.155937 
34,0.33 ,0.160549 
35,0.34 ,0.165137 
36,0.35 ,0.1697 
37,0.36 ,0.174239 
38,0.37 ,0.178752 
39,0.38 ,0.183239 
40,0.39 ,0.187699 
41,0.4 ,0.192131 
42,0.41 ,0.196536 
43,0.42 ,0.200912 
44,0.43 ,0.205258 
45,0.44 ,0.209575 
46,0.45 ,0.213862 
47,0.46 ,0.218117 
48,0.47 ,0.222341 
49,0.48 ,0.226533 
50,0.49 ,0.230692 
51,0.5 ,0.234818 
52,0.51 ,0.23891 
53,0.52 ,0.242968 
54,0.53 ,0.246991 
55,0.54 ,0.250979 
56,0.55 ,0.254931 
57,0.56 ,0.258847 
58,0.57 ,0.262726 
59,0.58 ,0.266568 
60,0.59 ,0.270371 
61,0.6 ,0.274137 
62,0.61 ,0.277864 
63,0.62 ,0.281552 
64,0.63 ,0.285201 
65,0.64 ,0.288809 
66,0.65 ,0.292377 
67,0.66 ,0.295905 
68,0.67 ,0.299391 
69,0.68 ,0.302835 
70,0.69 ,0.306238 
71,0.7 ,0.309599 
72,0.71 ,0.312916 
73,0.72 ,0.316191 
74,0.73 ,0.319423 
75,0.74 ,0.322611 
76,0.75 ,0.325754 
77,0.76 ,0.328854 
78,0.77 ,0.331909 
79,0.78 ,0.334919 
80,0.79 ,0.337884 
81,0.8 ,0.340804 
82,0.81 ,0.343678 
83,0.82 ,0.346506 
84,0.83 ,0.349287 
85,0.84 ,0.352023 
86,0.85 ,0.354712 
87,0.86 ,0.357354 
88,0.87 ,0.359949 
89,0.88 ,0.362497 
90,0.89 ,0.364997 
91,0.9 ,0.36745 
92,0.91 ,0.369856 
93,0.92 ,0.372213 
94,0.93 ,0.374523 
95,0.94 ,0.376784 
96,0.95 ,0.378998 
97,0.96 ,0.381163 
98,0.97 ,0.383279 
99,0.98 ,0.385348 
100,0.99 ,0.387367 
101,1 ,0.389338 
102,1.01 ,0.391261 
103,1.02 ,0.393134 
104,1.03 ,0.394959 
105,1.04 ,0.396735 
106,1.05 ,0.398462 
107,1.06 ,0.400141 
108,1.07 ,0.401771 
109,1.08 ,0.403352 
110,1.09 ,0.404884 
111,1.1 ,0.406368 
112,1.11 ,0.407802 
113,1.12 ,0.409189 
114,1.13 ,0.410526 
115,1.14 ,0.411816 
116,1.15 ,0.413057 
117,1.16 ,0.414249 
118,1.17 ,0.415394 
119,1.18 ,0.41649 
120,1.19 ,0.417538 
121,1.2 ,0.418539 
122,1.21 ,0.419491 
123,1.22 ,0.420396 
124,1.23 ,0.421254 
125,1.24 ,0.422065 
126,1.25 ,0.422828 
127,1.26 ,0.423545 
128,1.27 ,0.424214 
129,1.28 ,0.424838 
130,1.29 ,0.425415 
131,1.3 ,0.425946 
132,1.31 ,0.42643 
133,1.32 ,0.42687 
134,1.33 ,0.427264 
135,1.34 ,0.427612 
136,1.35 ,0.427916 
137,1.36 ,0.428175 
138,1.37 ,0.428389 
139,1.38 ,0.42856 
140,1.39 ,0.428686 
141,1.4 ,0.428769 
142,1.41 ,0.428809 
143,1.42 ,0.428806 
144,1.43 ,0.42876 
145,1.44 ,0.428671 
146,1.45 ,0.428541 
147,1.46 ,0.428368 
148,1.47 ,0.428155 
149,1.48 ,0.4279 
150,1.49 ,0.427604 
151,1.5 ,0.427268 
152,1.51 ,0.426892 
153,1.52 ,0.426476 
154,1.53 ,0.426021 
155,1.54 ,0.425527 
156,1.55 ,0.424995 
157,1.56 ,0.424424 
158,1.57 ,0.423815 
159,1.58 ,0.423169 
160,1.59 ,0.422486 
161,1.6 ,0.421766 
162,1.61 ,0.42101 
163,1.62 ,0.420218 
164,1.63 ,0.41939 
165,1.64 ,0.418528 
166,1.65 ,0.41763 
167,1.66 ,0.416699 
168,1.67 ,0.415734 
169,1.68 ,0.414735 
170,1.69 ,0.413704 
171,1.7 ,0.41264 
172,1.71 ,0.411544 
173,1.72 ,0.410416 
174,1.73 ,0.409257 
175,1.74 ,0.408067 
176,1.75 ,0.406847 
177,1.76 ,0.405597 
178,1.77 ,0.404318 
179,1.78 ,0.403009 
180,1.79 ,0.401672 
181,1.8 ,0.400307 
182,1.81 ,0.398915 
183,1.82 ,0.397495 
184,1.83 ,0.396049 
185,1.84 ,0.394576 
186,1.85 ,0.393078 
187,1.86 ,0.391554 
188,1.87 ,0.390005 
189,1.88 ,0.388432 
190,1.89 ,0.386835 
191,1.9 ,0.385214 
192,1.91 ,0.383571 
193,1.92 ,0.381905 
194,1.93 ,0.380217 
195,1.94 ,0.378507 
196,1.95 ,0.376776 
197,1.96 ,0.375024 
198,1.97 ,0.373252 
199,1.98 ,0.371461 
200,1.99 ,0.36965 
201,2 ,0.36782 
202,2.01 ,0.365972 
203,2.02 ,0.364105 
204,2.03 ,0.362222 
205,2.04 ,0.360321 
206,2.05 ,0.358404 
207,2.06 ,0.356471 
208,2.07 ,0.354522 
209,2.08 ,0.352558 
210,2.09 ,0.350579 
211,2.1 ,0.348585 
212,2.11 ,0.346578 
213,2.12 ,0.344558 
214,2.13 ,0.342524 
215,2.14 ,0.340478 
216,2.15 ,0.33842 
217,2.16 ,0.336351 
218,2.17 ,0.33427 
219,2.18 ,0.332178 
220,2.19 ,0.330076 
221,2.2 ,0.327964 
222,2.21 ,0.325842 
223,2.22 ,0.323712 
224,2.23 ,0.321572 
225,2.24 ,0.319425 
226,2.25 ,0.317269 
227,2.26 ,0.315106 
228,2.27 ,0.312937 
229,2.28 ,0.31076 
230,2.29 ,0.308577 
231,2.3 ,0.306389 
232,2.31 ,0.304195 
233,2.32 ,0.301996 
234,2.33 ,0.299792 
235,2.34 ,0.297584 
236,2.35 ,0.295372 
237,2.36 ,0.293157 
238,2.37 ,0.290938 
239,2.38 ,0.288717 
240,2.39 ,0.286493 
241,2.4 ,0.284267 
242,2.41 ,0.28204 
243,2.42 ,0.279811 
244,2.43 ,0.277581 
245,2.44 ,0.27535 
246,2.45 ,0.273119 
247,2.46 ,0.270888 
248,2.47 ,0.268658 
249,2.48 ,0.266428 
250,2.49 ,0.264199 
251,2.5 ,0.261972 
252,2.51 ,0.259746 
253,2.52 ,0.257522 
254,2.53 ,0.2553 
255,2.54 ,0.253081 
256,2.55 ,0.250865 
257,2.56 ,0.248652 
258,2.57 ,0.246442 
259,2.58 ,0.244236 
260,2.59 ,0.242034 
261,2.6 ,0.239836 
262,2.61 ,0.237643 
263,2.62 ,0.235455 
264,2.63 ,0.233272 
265,2.64 ,0.231094 
266,2.65 ,0.228922 
267,2.66 ,0.226755 
268,2.67 ,0.224595 
269,2.68 ,0.222441 
270,2.69 ,0.220294 
271,2.7 ,0.218153 
272,2.71 ,0.21602 
273,2.72 ,0.213893 
274,2.73 ,0.211775 
275,2.74 ,0.209663 
276,2.75 ,0.20756 
277,2.76 ,0.205465 
278,2.77 ,0.203378 
279,2.78 ,0.2013 
280,2.79 ,0.19923 
281,2.8 ,0.19717 
282,2.81 ,0.195118 
283,2.82 ,0.193076 
284,2.83 ,0.191043 
285,2.84 ,0.189019 
286,2.85 ,0.187006 
287,2.86 ,0.185002 
288,2.87 ,0.183008 
289,2.88 ,0.181025 
290,2.89 ,0.179052 
291,2.9 ,0.17709 
292,2.91 ,0.175138 
293,2.92 ,0.173197 
294,2.93 ,0.171267 
295,2.94 ,0.169348 
296,2.95 ,0.16744 
297,2.96 ,0.165544 
298,2.97 ,0.163659 
299,2.98 ,0.161785 
300,2.99 ,0.159923 
301,3 ,0.158073 
302,3.01 ,0.156235 
303,3.02 ,0.154409 
304,3.03 ,0.152594 
305,3.04 ,0.150792 
306,3.05 ,0.149002 
307,3.06 ,0.147225 
308,3.07 ,0.14546 
309,3.08 ,0.143707 
310,3.09 ,0.141967 
311,3.1 ,0.140239 
312,3.11 ,0.138524 
313,3.12 ,0.136822 
314,3.13 ,0.135132 
315,3.14 ,0.133456 
316,3.15 ,0.131792 
317,3.16 ,0.130141 
318,3.17 ,0.128503 
319,3.18 ,0.126878 
320,3.19 ,0.125266 
321,3.2 ,0.123667 
322,3.21 ,0.122082 
323,3.22 ,0.120509 
324,3.23 ,0.11895 
325,3.24 ,0.117404 
326,3.25 ,0.115871 
327,3.26 ,0.114351 
328,3.27 ,0.112844 
329,3.28 ,0.111351 
330,3.29 ,0.109871 
331,3.3 ,0.108404 
332,3.31 ,0.106951 
333,3.32 ,0.10551 
334,3.33 ,0.104083 
335,3.34 ,0.10267 
336,3.35 ,0.101269 
337,3.36 ,0.0998817 
338,3.37 ,0.0985075 
339,3.38 ,0.0971466 
340,3.39 ,0.0957988 
341,3.4 ,0.0944642 
342,3.41 ,0.0931427 
343,3.42 ,0.0918343 
344,3.43 ,0.090539 
345,3.44 ,0.0892567 
346,3.45 ,0.0879875 
347,3.46 ,0.0867312 
348,3.47 ,0.0854879 
349,3.48 ,0.0842575 
350,3.49 ,0.08304 
351,3.5 ,0.0818353 
352,3.51 ,0.0806433 
353,3.52 ,0.0794642 
354,3.53 ,0.0782977 
355,3.54 ,0.0771439 
356,3.55 ,0.0760026 
357,3.56 ,0.0748739 
358,3.57 ,0.0737577 
359,3.58 ,0.072654 
360,3.59 ,0.0715626 
361,3.6 ,0.0704835 
362,3.61 ,0.0694167 
363,3.62 ,0.0683621 
364,3.63 ,0.0673197 
365,3.64 ,0.0662893 
366,3.65 ,0.065271 
367,3.66 ,0.0642646 
368,3.67 ,0.06327 
369,3.68 ,0.0622873 
370,3.69 ,0.0613164 
371,3.7 ,0.0603571 
372,3.71 ,0.0594094 
373,3.72 ,0.0584732 
374,3.73 ,0.0575485 
375,3.74 ,0.0566352 
376,3.75 ,0.0557332 
377,3.76 ,0.0548424 
378,3.77 ,0.0539628 
379,3.78 ,0.0530943 
380,3.79 ,0.0522367 
381,3.8 ,0.0513901 
382,3.81 ,0.0505544 
383,3.82 ,0.0497294 
384,3.83 ,0.048915 
385,3.84 ,0.0481113 
386,3.85 ,0.0473181 
387,3.86 ,0.0465354 
388,3.87 ,0.0457629 
389,3.88 ,0.0450008 
390,3.89 ,0.0442488 
391,3.9 ,0.043507 
392,3.91 ,0.0427752 
393,3.92 ,0.0420533 
394,3.93 ,0.0413412 
395,3.94 ,0.0406389 
396,3.95 ,0.0399463 
397,3.96 ,0.0392633 
398,3.97 ,0.0385897 
399,3.98 ,0.0379256 
400,3.99 ,0.0372708 
401,4 ,0.0366253 
402,4.01 ,0.0359889 
403,4.02 ,0.0353616 
404,4.03 ,0.0347433 
405,4.04 ,0.0341339 
406,4.05 ,0.0335332 
407,4.06 ,0.0329413 
408,4.07 ,0.0323581 
409,4.08 ,0.0317833 
410,4.09 ,0.0312171 
411,4.1 ,0.0306592 
412,4.11 ,0.0301096 
413,4.12 ,0.0295682 
414,4.13 ,0.0290349 
415,4.14 ,0.0285096 
416,4.15 ,0.0279923 
417,4.16 ,0.0274828 
418,4.17 ,0.0269811 
419,4.18 ,0.0264871 
420,4.19 ,0.0260006 
421,4.2 ,0.0255217 
422,4.21 ,0.0250502 
423,4.22 ,0.0245861 
424,4.23 ,0.0241292 
425,4.24 ,0.0236795 
426,4.25 ,0.0232368 
427,4.26 ,0.0228012 
428,4.27 ,0.0223725 
429,4.28 ,0.0219507 
430,4.29 ,0.0215356 
431,4.3 ,0.0211272 
432,4.31 ,0.0207254 
433,4.32 ,0.0203301 
434,4.33 ,0.0199412 
435,4.34 ,0.0195587 
436,4.35 ,0.0191825 
437,4.36 ,0.0188124 
438,4.37 ,0.0184485 
439,4.38 ,0.0180906 
440,4.39 ,0.0177387 
441,4.4 ,0.0173927 
442,4.41 ,0.0170525 
443,4.42 ,0.016718 
444,4.43 ,0.0163892 
445,4.44 ,0.0160659 
446,4.45 ,0.0157482 
447,4.46 ,0.0154359 
448,4.47 ,0.0151289 
449,4.48 ,0.0148273 
450,4.49 ,0.0145308 
451,4.5 ,0.0142395 
452,4.51 ,0.0139533 
453,4.52 ,0.0136721 
454,4.53 ,0.0133958 
455,4.54 ,0.0131244 
456,4.55 ,0.0128578 
457,4.56 ,0.0125959 
458,4.57 ,0.0123386 
459,4.58 ,0.012086 
460,4.59 ,0.0118378 
461,4.6 ,0.0115942 
462,4.61 ,0.0113549 
463,4.62 ,0.0111199 
464,4.63 ,0.0108893 
465,4.64 ,0.0106628 
466,4.65 ,0.0104404 
467,4.66 ,0.0102222 
468,4.67 ,0.0100079 
469,4.68 ,0.00979765 
470,4.69 ,0.00959126 
471,4.7 ,0.00938871 
472,4.71 ,0.00918993 
473,4.72 ,0.00899486 
474,4.73 ,0.00880346 
475,4.74 ,0.00861566 
476,4.75 ,0.00843141 
477,4.76 ,0.00825065 
478,4.77 ,0.00807333 
479,4.78 ,0.00789939 
480,4.79 ,0.00772877 
481,4.8 ,0.00756143 
482,4.81 ,0.00739731 
483,4.82 ,0.00723636 
484,4.83 ,0.00707853 
485,4.84 ,0.00692376 
486,4.85 ,0.00677201 
487,4.86 ,0.00662323 
488,4.87 ,0.00647737 
489,4.88 ,0.00633437 
490,4.89 ,0.00619419 
491,4.9 ,0.00605679 
492,4.91 ,0.00592212 
493,4.92 ,0.00579012 
494,4.93 ,0.00566076 
495,4.94 ,0.005534 
496,4.95 ,0.00540977 
497,4.96 ,0.00528806 
498,4.97 ,0.0051688 
499,4.98 ,0.00505195 
500,4.99 ,0.00493748 
501,5 ,0.00482535 
502,5.01 ,0.0047155 
503,5.02 ,0.00460791 
504,5.03 ,0.00450253 
505,5.04 ,0.00439932 
506,5.05 ,0.00429825 
507,5.06 ,0.00419927 
508,5.07 ,0.00410235 
509,5.08 ,0.00400745 
510,5.09 ,0.00391454 
511,5.1 ,0.00382357 
512,5.11 ,0.00373452 
513,5.12 ,0.00364734 
514,5.13 ,0.00356201 
515,5.14 ,0.00347849 
516,5.15 ,0.00339674 
517,5.16 ,0.00331674 
518,5.17 ,0.00323844 
519,5.18 ,0.00316183 
520,5.19 ,0.00308686 
521,5.2 ,0.0030135 
522,5.21 ,0.00294174 
523,5.22 ,0.00287152 
524,5.23 ,0.00280283 
525,5.24 ,0.00273564 
526,5.25 ,0.00266992 
527,5.26 ,0.00260563 
528,5.27 ,0.00254276 
529,5.28 ,0.00248127 
530,5.29 ,0.00242114 
531,5.3 ,0.00236234 
532,5.31 ,0.00230484 
533,5.32 ,0.00224862 
534,5.33 ,0.00219366 
535,5.34 ,0.00213992 
536,5.35 ,0.00208739 
537,5.36 ,0.00203604 
538,5.37 ,0.00198585 
539,5.38 ,0.00193679 
540,5.39 ,0.00188884 
541,5.4 ,0.00184198 
542,5.41 ,0.00179619 
543,5.42 ,0.00175144 
544,5.43 ,0.00170772 
545,5.44 ,0.001665 
546,5.45 ,0.00162326 
547,5.46 ,0.00158248 
548,5.47 ,0.00154264 
549,5.48 ,0.00150373 
550,5.49 ,0.00146572 
551,5.5 ,0.0014286 
552,5.51 ,0.00139234 
553,5.52 ,0.00135693 
554,5.53 ,0.00132235 
555,5.54 ,0.00128858 
556,5.55 ,0.00125561 
557,5.56 ,0.00122341 
558,5.57 ,0.00119198 
559,5.58 ,0.00116129 
560,5.59 ,0.00113134 
561,5.6 ,0.00110209 
562,5.61 ,0.00107355 
563,5.62 ,0.00104569 
564,5.63 ,0.0010185 
565,5.64 ,0.000991961 
566,5.65 ,0.000966064 
567,5.66 ,0.000940794 
568,5.67 ,0.000916135 
569,5.68 ,0.000892076 
570,5.69 ,0.000868602 
571,5.7 ,0.000845701 
572,5.71 ,0.00082336 
573,5.72 ,0.000801567 
574,5.73 ,0.000780309 
575,5.74 ,0.000759575 
576,5.75 ,0.000739353 
577,5.76 ,0.00071963 
578,5.77 ,0.000700397 
579,5.78 ,0.000681641 
580,5.79 ,0.000663353 
581,5.8 ,0.000645521 
582,5.81 ,0.000628135 
583,5.82 ,0.000611185 
584,5.83 ,0.000594661 
585,5.84 ,0.000578553 
586,5.85 ,0.000562852 
587,5.86 ,0.000547548 
588,5.87 ,0.000532631 
589,5.88 ,0.000518094 
590,5.89 ,0.000503927 
591,5.9 ,0.000490121 
592,5.91 ,0.000476668 
593,5.92 ,0.00046356 
594,5.93 ,0.000450789 
595,5.94 ,0.000438346 
596,5.95 ,0.000426224 
597,5.96 ,0.000414416 
598,5.97 ,0.000402913 
599,5.98 ,0.000391709 
600,5.99 ,0.000380797 
601,6 ,0.000370169 
602,6.01 ,0.000359818 
603,6.02 ,0.000349739 
604,6.03 ,0.000339924 
605,6.04 ,0.000330367 
606,6.05 ,0.000321062 
607,6.06 ,0.000312002 
608,6.07 ,0.000303182 
609,6.08 ,0.000294596 
610,6.09 ,0.000286238 
611,6.1 ,0.000278102 
612,6.11 ,0.000270184 
613,6.12 ,0.000262477 
614,6.13 ,0.000254976 
615,6.14 ,0.000247677 
616,6.15 ,0.000240574 
617,6.16 ,0.000233662 
618,6.17 ,0.000226937 
619,6.18 ,0.000220394 
620,6.19 ,0.000214029 
621,6.2 ,0.000207836 
622,6.21 ,0.000201812 
623,6.22 ,0.000195952 
624,6.23 ,0.000190252 
625,6.24 ,0.000184709 
626,6.25 ,0.000179317 
627,6.26 ,0.000174074 
628,6.27 ,0.000168975 
629,6.28 ,0.000164017 
630,6.29 ,0.000159196 
631,6.3 ,0.000154509 
632,6.31 ,0.000149951 
633,6.32 ,0.000145521 
634,6.33 ,0.000141214 
635,6.34 ,0.000137027 
636,6.35 ,0.000132958 
637,6.36 ,0.000129002 
638,6.37 ,0.000125158 
639,6.38 ,0.000121421 
640,6.39 ,0.000117791 
641,6.4 ,0.000114262 
642,6.41 ,0.000110834 
643,6.42 ,0.000107503 
644,6.43 ,0.000104266 
645,6.44 ,0.000101122 
646,6.45 ,9.80674e-05 
647,6.46 ,9.51e-05 
648,6.47 ,9.22176e-05 
649,6.48 ,8.94179e-05 
650,6.49 ,8.66986e-05 
651,6.5 ,8.40576e-05 
652,6.51 ,8.14928e-05 
653,6.52 ,7.90021e-05 
654,6.53 ,7.65835e-05 
655,6.54 ,7.42351e-05 
656,6.55 ,7.19549e-05 
657,6.56 ,6.97411e-05 
658,6.57 ,6.75919e-05 
659,6.58 ,6.55055e-05 
660,6.59 ,6.34802e-05 
661,6.6 ,6.15143e-05 
662,6.61 ,5.96061e-05 
663,6.62 ,5.77542e-05 
664,6.63 ,5.59568e-05 
665,6.64 ,5.42125e-05 
666,6.65 ,5.25199e-05 
667,6.66 ,5.08774e-05 
668,6.67 ,4.92838e-05 
669,6.68 ,4.77375e-05 
670,6.69 ,4.62374e-05 
671,6.7 ,4.47821e-05 
672,6.71 ,4.33703e-05 
673,6.72 ,4.20008e-05 
674,6.73 ,4.06724e-05 
675,6.74 ,3.9384e-05 
676,6.75 ,3.81344e-05 
677,6.76 ,3.69226e-05 
678,6.77 ,3.57473e-05 
679,6.78 ,3.46077e-05 
680,6.79 ,3.35027e-05 
681,6.8 ,3.24313e-05 
682,6.81 ,3.13924e-05 
683,6.82 ,3.03853e-05 
684,6.83 ,2.9409e-05 
685,6.84 ,2.84625e-05 
686,6.85 ,2.75451e-05 
687,6.86 ,2.66558e-05 
688,6.87 ,2.57939e-05 
689,6.88 ,2.49586e-05 
690,6.89 ,2.41491e-05 
691,6.9 ,2.33646e-05 
692,6.91 ,2.26044e-05 
693,6.92 ,2.18678e-05 
694,6.93 ,2.11541e-05 
695,6.94 ,2.04627e-05 
696,6.95 ,1.97928e-05 
697,6.96 ,1.91438e-05 
698,6.97 ,1.85152e-05 
699,6.98 ,1.79062e-05 
700,6.99 ,1.73164e-05 
701,7 ,1.67452e-05 
702,7.01 ,1.61919e-05 
703,7.02 ,1.56561e-05 
704,7.03 ,1.51373e-05 
705,7.04 ,1.46349e-05 
706,7.05 ,1.41484e-05 
707,7.06 ,1.36774e-05 
708,7.07 ,1.32214e-05 
709,7.08 ,1.27799e-05 
710,7.09 ,1.23525e-05 
711,7.1 ,1.19388e-05 
712,7.11 ,1.15384e-05 
713,7.12 ,1.11508e-05 
714,7.13 ,1.07756e-05 
715,7.14 ,1.04126e-05 
716,7.15 ,1.00612e-05 
717,7.16 ,9.72122e-06 
718,7.17 ,9.39222e-06 
719,7.18 ,9.07389e-06 
720,7.19 ,8.76589e-06 
721,7.2 ,8.4679e-06 
722,7.21 ,8.17962e-06 
723,7.22 ,7.90074e-06 
724,7.23 ,7.63098e-06 
725,7.24 ,7.37004e-06 
726,7.25 ,7.11766e-06 
727,7.26 ,6.87356e-06 
728,7.27 ,6.63749e-06 
729,7.28 ,6.4092e-06 
730,7.29 ,6.18843e-06 
731,7.3 ,5.97496e-06 
732,7.31 ,5.76856e-06 
733,7.32 ,5.56899e-06 
734,7.33 ,5.37605e-06 
735,7.34 ,5.18953e-06 
736,7.35 ,5.00922e-06 
737,7.36 ,4.83492e-06 
738,7.37 ,4.66645e-06 
739,7.38 ,4.50361e-06 
740,7.39 ,4.34623e-06 
741,7.4 ,4.19413e-06 
742,7.41 ,4.04715e-06 
743,7.42 ,3.90511e-06 
744,7.43 ,3.76787e-06 
745,7.44 ,3.63526e-06 
746,7.45 ,3.50713e-06 
747,7.46 ,3.38335e-06 
748,7.47 ,3.26376e-06 
749,7.48 ,3.14824e-06 
750,7.49 ,3.03665e-06 
751,7.5 ,2.92887e-06 
752,7.51 ,2.82476e-06 
753,7.52 ,2.72422e-06 
754,7.53 ,2.62712e-06 
755,7.54 ,2.53334e-06 
756,7.55 ,2.44279e-06 
757,7.56 ,2.35536e-06 
758,7.57 ,2.27093e-06 
759,7.58 ,2.18942e-06 
760,7.59 ,2.11073e-06 
761,7.6 ,2.03476e-06 
762,7.61 ,1.96142e-06 
763,7.62 ,1.89063e-06 
764,7.63 ,1.8223e-06 
765,7.64 ,1.75634e-06 
766,7.65 ,1.69269e-06 
767,7.66 ,1.63126e-06 
768,7.67 ,1.57198e-06 
769,7.68 ,1.51478e-06 
770,7.69 ,1.45958e-06 
771,7.7 ,1.40632e-06 
772,7.71 ,1.35493e-06 
773,7.72 ,1.30536e-06 
774,7.73 ,1.25753e-06 
775,7.74 ,1.2114e-06 
776,7.75 ,1.1669e-06 
777,7.76 ,1.12397e-06 
778,7.77 ,1.08257e-06 
779,7.78 ,1.04264e-06 
780,7.79 ,1.00413e-06 
781,7.8 ,9.66994e-07 
782,7.81 ,9.31184e-07 
783,7.82 ,8.96654e-07 
784,7.83 ,8.63361e-07 
785,7.84 ,8.31262e-07 
786,7.85 ,8.00315e-07 
787,7.86 ,7.70482e-07 
788,7.87 ,7.41722e-07 
789,7.88 ,7.14001e-07 
790,7.89 ,6.8728e-07 
791,7.9 ,6.61527e-07 
792,7.91 ,6.36706e-07 
793,7.92 ,6.12785e-07 
794,7.93 ,5.89734e-07 
795,7.94 ,5.67522e-07 
796,7.95 ,5.46119e-07 
797,7.96 ,5.25497e-07 
798,7.97 ,5.05628e-07 
799,7.98 ,4.86487e-07 
800,7.99 ,4.68047e-07 
801,8 ,4.50284e-07 
802,8.01 ,4.33174e-07 
803,8.02 ,4.16694e-07 
804,8.03 ,4.00821e-07 
805,8.04 ,3.85535e-07 
806,8.05 ,3.70814e-07 
807,8.06 ,3.56637e-07 
808,8.07 ,3.42987e-07 
809,8.08 ,3.29843e-07 
810,8.09 ,3.17189e-07 
811,8.1 ,3.05006e-07 
812,8.11 ,2.93277e-07 
813,8.12 ,2.81986e-07 
814,8.13 ,2.71118e-07 
815,8.14 ,2.60658e-07 
816,8.15 ,2.5059e-07 
817,8.16 ,2.409e-07 
818,8.17 ,2.31576e-07 
819,8.18 ,2.22603e-07 
820,8.19 ,2.13969e-07 
821,8.2 ,2.05661e-07 
822,8.21 ,1.97669e-07 
823,8.22 ,1.8998e-07 
824,8.23 ,1.82583e-07 
825,8.24 ,1.75468e-07 
826,8.25 ,1.68624e-07 
827,8.26 ,1.62042e-07 
828,8.27 ,1.55712e-07 
829,8.28 ,1.49625e-07 
830,8.29 ,1.43772e-07 
831,8.3 ,1.38144e-07 
832,8.31 ,1.32733e-07 
833,8.32 ,1.27531e-07 
834,8.33 ,1.22531e-07 
835,8.34 ,1.17725e-07 
836,8.35 ,1.13106e-07 
837,8.36 ,1.08667e-07 
838,8.37 ,1.04401e-07 
839,8.38 ,1.00303e-07 
840,8.39 ,9.63648e-08 
841,8.4 ,9.25821e-08 
842,8.41 ,8.89486e-08 
843,8.42 ,8.5459e-08 
844,8.43 ,8.21078e-08 
845,8.44 ,7.889e-08 
846,8.45 ,7.58006e-08 
847,8.46 ,7.2835e-08 
848,8.47 ,6.99887e-08 
849,8.48 ,6.72571e-08 
850,8.49 ,6.46361e-08 
851,8.5 ,6.21217e-08 
852,8.51 ,5.971e-08 
853,8.52 ,5.73972e-08 
854,8.53 ,5.51796e-08 
855,8.54 ,5.30539e-08 
856,8.55 ,5.10167e-08 
857,8.56 ,4.90648e-08 
858,8.57 ,4.71951e-08 
859,8.58 ,4.54047e-08 
860,8.59 ,4.36907e-08 
861,8.6 ,4.20504e-08 
862,8.61 ,4.04812e-08 
863,8.62 ,3.89805e-08 
864,8.63 ,3.75461e-08 
865,8.64 ,3.61755e-08 
866,8.65 ,3.48667e-08 
867,8.66 ,3.36173e-08 
868,8.67 ,3.24256e-08 
869,8.68 ,3.12894e-08 
870,8.69 ,3.0207e-08 
871,8.7 ,2.91766e-08 
872,8.71 ,2.81964e-08 
873,8.72 ,2.7265e-08 
874,8.73 ,2.63808e-08 
875,8.74 ,2.55423e-08 
876,8.75 ,2.47481e-08 
877,8.76 ,2.39969e-08 
878,8.77 ,2.32875e-08 
879,8.78 ,2.26187e-08 
880,8.79 ,2.19894e-08 
881,8.8 ,2.13985e-08 
882,8.81 ,2.0845e-08 
883,8.82 ,2.03281e-08 
884,8.83 ,1.98468e-08 
885,8.84 ,1.94003e-08 
886,8.85 ,1.89879e-08 
887,8.86 ,1.86089e-08 
888,8.87 ,1.82626e-08 
889,8.88 ,1.79484e-08 
890,8.89 ,1.76659e-08 
891,8.9 ,1.74145e-08 
892,8.91 ,1.71939e-08 
893,8.92 ,1.70035e-08 
894,8.93 ,1.68432e-08 
895,8.94 ,1.67126e-08 
896,8.95 ,1.66116e-08 
897,8.96 ,1.65398e-08 
898,8.97 ,1.64974e-08 
899,8.98 ,1.64841e-08 
900,8.99 ,1.64999e-08 
901,9 ,1.65449e-08 
902,9.01 ,1.66193e-08 
903,9.02 ,1.6723e-08 
904,9.03 ,1.68563e-08 
905,9.04 ,1.70196e-08 
906,9.05 ,1.7213e-08 
907,9.06 ,1.74369e-08 
908,9.07 ,1.76917e-08 
909,9.08 ,1.7978e-08 
910,9.09 ,1.82962e-08 
911,9.1 ,1.8647e-08 
912,9.11 ,1.90309e-08 
913,9.12 ,1.94487e-08 
914,9.13 ,1.99012e-08 
915,9.14 ,2.03893e-08 
916,9.15 ,2.09137e-08 
917,9.16 ,2.14756e-08 
918,9.17 ,2.20759e-08 
919,9.18 ,2.27159e-08 
920,9.19 ,2.33966e-08 
921,9.2 ,2.41195e-08 
922,9.21 ,2.48857e-08 
923,9.22 ,2.56969e-08 
924,9.23 ,2.65546e-08 
925,9.24 ,2.74603e-08 
926,9.25 ,2.84158e-08 
927,9.26 ,2.94229e-08 
928,9.27 ,3.04837e-08 
929,9.28 ,3.16e-08 
930,9.29 ,3.2774e-08 
931,9.3 ,3.40081e-08 
932,9.31 ,3.53046e-08 
933,9.32 ,3.6666e-08 
934,9.33 ,3.80949e-08 
935,9.34 ,3.95942e-08 
936,9.35 ,4.11668e-08 
937,9.36 ,4.28157e-08 
938,9.37 ,4.45442e-08 
939,9.38 ,4.63556e-08 
940,9.39 ,4.82536e-08 
941,9.4 ,5.02419e-08 
942,9.41 ,5.23244e-08 
943,9.42 ,5.45053e-08 
944,9.43 ,5.67889e-08 
945,9.44 ,5.91797e-08 
946,9.45 ,6.16825e-08 
947,9.46 ,6.43023e-08 
948,9.47 ,6.70445e-08 
949,9.48 ,6.99144e-08 
950,9.49 ,7.29179e-08 
951,9.5 ,7.60611e-08 
952,9.51 ,7.93503e-08 
953,9.52 ,8.27923e-08 
954,9.53 ,8.63939e-08 
955,9.54 ,9.01625e-08 
956,9.55 ,9.41059e-08 
957,9.56 ,9.82322e-08 
958,9.57 ,1.0255e-07 
959,9.58 ,1.07067e-07 
960,9.59 ,1.11795e-07 
961,9.6 ,1.16741e-07 
962,9.61 ,1.21917e-07 
963,9.62 ,1.27334e-07 
964,9.63 ,1.33002e-07 
965,9.64 ,1.38933e-07 
966,9.65 ,1.4514e-07 
967,9.66 ,1.51636e-07 
968,9.67 ,1.58435e-07 
969,9.68 ,1.6555e-07 
970,9.69 ,1.72997e-07 
971,9.7 ,1.80791e-07 
972,9.71 ,1.8895e-07 
973,9.72 ,1.9749e-07 
974,9.73 ,2.0643e-07 
975,9.74 ,2.15788e-07 
976,9.75 ,2.25585e-07 
977,9.76 ,2.35842e-07 
978,9.77 ,2.46581e-07 
979,9.78 ,2.57824e-07 
980,9.79 ,2.69597e-07 
981,9.8 ,2.81924e-07 
982,9.81 ,2.94833e-07 
983,9.82 ,3.08351e-07 
984,9.83 ,3.22508e-07 
985,9.84 ,3.37335e-07 
986,9.85 ,3.52864e-07 
987,9.86 ,3.69129e-07 
988,9.87 ,3.86166e-07 
989,9.88 ,4.04013e-07 
990,9.89 ,4.22709e-07 
991,9.9 ,4.42295e-07 
992,9.91 ,4.62815e-07 
993,9.92 ,4.84314e-07 
994,9.93 ,5.0684e-07 
995,9.94 ,5.30444e-07 
996,9.95 ,5.55178e-07 
997,9.96 ,5.81098e-07 
998,9.97 ,6.08262e-07 
999,9.98 ,6.36732e-07 
1000,9.99 ,6.6657e-07 