
1,0 ,0 
2,0.04 ,0 
3,0.08 ,0 
4,0.12 ,2.29616e-12 
5,0.16 ,6.51757e-12 
6,0.2 ,1.51466e-11 
7,0.24 ,3.05673e-11 
8,0.28 ,5.56636e-11 
9,0.32 ,9.38019e-11 
10,0.36 ,1.48809e-10 
11,0.4 ,2.24951e-10 
12,0.44 ,3.26903e-10 
13,0.48 ,4.59723e-10 
14,0.52 ,6.2882e-10 
15,0.56 ,8.3992e-10 
16,0.6 ,1.09903e-09 
17,0.64 ,1.4124e-09 
18,0.68 ,1.78649e-09 
19,0.72 ,2.22792e-09 
20,0.76 ,2.74342e-09 
21,0.8 ,3.33982e-09 
22,0.84 ,4.02398e-09 
23,0.88 ,4.80275e-09 
24,0.92 ,5.68292e-09 
25,0.96 ,6.6712e-09 
26,1 ,7.77415e-09 
27,1.04 ,8.99814e-09 
28,1.08 ,1.03493e-08 
29,1.12 ,1.18336e-08 
30,1.16 ,1.34565e-08 
31,1.2 ,1.52234e-08 
32,1.24 ,1.71389e-08 
33,1.28 ,1.92077e-08 
34,1.32 ,2.14336e-08 
35,1.36 ,2.38201e-08 
36,1.4 ,2.63702e-08 
37,1.44 ,2.90864e-08 
38,1.48 ,3.19705e-08 
39,1.52 ,3.50238e-08 
40,1.56 ,3.8247e-08 
41,1.6 ,4.16402e-08 
42,1.64 ,4.52028e-08 
43,1.68 ,4.89336e-08 
44,1.72 ,5.28308e-08 
45,1.76 ,5.68919e-08 
46,1.8 ,6.11137e-08 
47,1.84 ,6.54925e-08 
48,1.88 ,7.00239e-08 
49,1.92 ,7.47028e-08 
50,1.96 ,7.95235e-08 
51,2 ,8.44798e-08 
52,2.04 ,8.95649e-08 
53,2.08 ,9.47714e-08 
54,2.12 ,1.00091e-07 
55,2.16 ,1.05516e-07 
56,2.2 ,1.11037e-07 
57,2.24 ,1.16645e-07 
58,2.28 ,1.22329e-07 
59,2.32 ,1.2808e-07 
60,2.36 ,1.33888e-07 
61,2.4 ,1.3974e-07 
62,2.44 ,1.45627e-07 
63,2.48 ,1.51536e-07 
64,2.52 ,1.57457e-07 
65,2.56 ,1.63377e-07 
66,2.6 ,1.69285e-07 
67,2.64 ,1.75169e-07 
68,2.68 ,1.81017e-07 
69,2.72 ,1.86816e-07 
70,2.76 ,1.92556e-07 
71,2.8 ,1.98224e-07 
72,2.84 ,2.03809e-07 
73,2.88 ,2.09299e-07 
74,2.92 ,2.14684e-07 
75,2.96 ,2.19951e-07 
76,3 ,2.2509e-07 
77,3.04 ,2.30092e-07 
78,3.08 ,2.34945e-07 
79,3.12 ,2.39641e-07 
80,3.16 ,2.4417e-07 
81,3.2 ,2.48523e-07 
82,3.24 ,2.52692e-07 
83,3.28 ,2.56669e-07 
84,3.32 ,2.60446e-07 
85,3.36 ,2.64018e-07 
86,3.4 ,2.67377e-07 
87,3.44 ,2.70518e-07 
88,3.48 ,2.73435e-07 
89,3.52 ,2.76125e-07 
90,3.56 ,2.78583e-07 
91,3.6 ,2.80806e-07 
92,3.64 ,2.82791e-07 
93,3.68 ,2.84535e-07 
94,3.72 ,2.86038e-07 
95,3.76 ,2.87298e-07 
96,3.8 ,2.88315e-07 
97,3.84 ,2.89088e-07 
98,3.88 ,2.89619e-07 
99,3.92 ,2.89909e-07 
100,3.96 ,2.89959e-07 
101,4 ,2.89772e-07 
102,4.04 ,2.89351e-07 
103,4.08 ,2.88698e-07 
104,4.12 ,2.87819e-07 
105,4.16 ,2.86716e-07 
106,4.2 ,2.85395e-07 
107,4.24 ,2.8386e-07 
108,4.28 ,2.82118e-07 
109,4.32 ,2.80174e-07 
110,4.36 ,2.78033e-07 
111,4.4 ,2.75703e-07 
112,4.44 ,2.73191e-07 
113,4.48 ,2.70502e-07 
114,4.52 ,2.67645e-07 
115,4.56 ,2.64627e-07 
116,4.6 ,2.61455e-07 
117,4.64 ,2.58137e-07 
118,4.68 ,2.54681e-07 
119,4.72 ,2.51096e-07 
120,4.76 ,2.47388e-07 
121,4.8 ,2.43566e-07 
122,4.84 ,2.39639e-07 
123,4.88 ,2.35615e-07 
124,4.92 ,2.315e-07 
125,4.96 ,2.27305e-07 
126,5 ,2.23036e-07 
127,5.04 ,2.18702e-07 
128,5.08 ,2.14311e-07 
129,5.12 ,2.09869e-07 
130,5.16 ,2.05386e-07 
131,5.2 ,2.00868e-07 
132,5.24 ,1.96322e-07 
133,5.28 ,1.91757e-07 
134,5.32 ,1.87178e-07 
135,5.36 ,1.82592e-07 
136,5.4 ,1.78007e-07 
137,5.44 ,1.73427e-07 
138,5.48 ,1.6886e-07 
139,5.52 ,1.64312e-07 
140,5.56 ,1.59787e-07 
141,5.6 ,1.55291e-07 
142,5.64 ,1.50829e-07 
143,5.68 ,1.46407e-07 
144,5.72 ,1.42028e-07 
145,5.76 ,1.37697e-07 
146,5.8 ,1.33418e-07 
147,5.84 ,1.29194e-07 
148,5.88 ,1.25031e-07 
149,5.92 ,1.20929e-07 
150,5.96 ,1.16894e-07 
151,6 ,1.12927e-07 
152,6.04 ,1.09031e-07 
153,6.08 ,1.05208e-07 
154,6.12 ,1.01461e-07 
155,6.16 ,9.77904e-08 
156,6.2 ,9.41989e-08 
157,6.24 ,9.06876e-08 
158,6.28 ,8.72575e-08 
159,6.32 ,8.39096e-08 
160,6.36 ,8.06448e-08 
161,6.4 ,7.74636e-08 
162,6.44 ,7.43662e-08 
163,6.48 ,7.13531e-08 
164,6.52 ,6.84241e-08 
165,6.56 ,6.55792e-08 
166,6.6 ,6.2818e-08 
167,6.64 ,6.01403e-08 
168,6.68 ,5.75453e-08 
169,6.72 ,5.50326e-08 
170,6.76 ,5.26011e-08 
171,6.8 ,5.02501e-08 
172,6.84 ,4.79785e-08 
173,6.88 ,4.57853e-08 
174,6.92 ,4.36691e-08 
175,6.96 ,4.16289e-08 
176,7 ,3.96631e-08 
177,7.04 ,3.77705e-08 
178,7.08 ,3.59495e-08 
179,7.12 ,3.41987e-08 
180,7.16 ,3.25164e-08 
181,7.2 ,3.09011e-08 
182,7.24 ,2.93511e-08 
183,7.28 ,2.78649e-08 
184,7.32 ,2.64406e-08 
185,7.36 ,2.50766e-08 
186,7.4 ,2.37712e-08 
187,7.44 ,2.25227e-08 
188,7.48 ,2.13294e-08 
189,7.52 ,2.01895e-08 
190,7.56 ,1.91014e-08 
191,7.6 ,1.80633e-08 
192,7.64 ,1.70736e-08 
193,7.68 ,1.61305e-08 
194,7.72 ,1.52326e-08 
195,7.76 ,1.4378e-08 
196,7.8 ,1.35652e-08 
197,7.84 ,1.27927e-08 
198,7.88 ,1.20589e-08 
199,7.92 ,1.13622e-08 
200,7.96 ,1.07012e-08 
201,8 ,1.00744e-08 
202,8.04 ,9.48031e-09 
203,8.08 ,8.91763e-09 
204,8.12 ,8.38496e-09 
205,8.16 ,7.88095e-09 
206,8.2 ,7.40431e-09 
207,8.24 ,6.9538e-09 
208,8.28 ,6.52819e-09 
209,8.32 ,6.12632e-09 
210,8.36 ,5.74703e-09 
211,8.4 ,5.38923e-09 
212,8.44 ,5.05188e-09 
213,8.48 ,4.73393e-09 
214,8.52 ,4.43442e-09 
215,8.56 ,4.15241e-09 
216,8.6 ,3.88698e-09 
217,8.64 ,3.63728e-09 
218,8.68 ,3.40247e-09 
219,8.72 ,3.18175e-09 
220,8.76 ,2.97437e-09 
221,8.8 ,2.7796e-09 
222,8.84 ,2.59675e-09 
223,8.88 ,2.42516e-09 
224,8.92 ,2.2642e-09 
225,8.96 ,2.11326e-09 
226,9 ,1.97178e-09 
227,9.04 ,1.83921e-09 
228,9.08 ,1.71504e-09 
229,9.12 ,1.59878e-09 
230,9.16 ,1.48997e-09 
231,9.2 ,1.38815e-09 
232,9.24 ,1.29293e-09 
233,9.28 ,1.20389e-09 
234,9.32 ,1.12067e-09 
235,9.36 ,1.04292e-09 
236,9.4 ,9.70294e-10 
237,9.44 ,9.02481e-10 
238,9.48 ,8.39182e-10 
239,9.52 ,7.80115e-10 
240,9.56 ,7.25016e-10 
241,9.6 ,6.73633e-10 
242,9.64 ,6.25731e-10 
243,9.68 ,5.81087e-10 
244,9.72 ,5.39493e-10 
245,9.76 ,5.00751e-10 
246,9.8 ,4.64677e-10 
247,9.84 ,4.31096e-10 
248,9.88 ,3.99845e-10 
249,9.92 ,3.70771e-10 
250,9.96 ,3.4373e-10 
251,10 ,3.18586e-10 
252,10.04 ,2.95213e-10 
253,10.08 ,2.73492e-10 
254,10.12 ,2.53312e-10 
255,10.16 ,2.34567e-10 
256,10.2 ,2.17162e-10 
257,10.24 ,2.01003e-10 
258,10.28 ,1.86006e-10 
259,10.32 ,1.72091e-10 
260,10.36 ,1.59182e-10 
261,10.4 ,1.47211e-10 
262,10.44 ,1.36111e-10 
263,10.48 ,1.25821e-10 
264,10.52 ,1.16286e-10 
265,10.56 ,1.07451e-10 
266,10.6 ,9.92675e-11 
267,10.64 ,9.16887e-11 
268,10.68 ,8.46716e-11 
269,10.72 ,7.81761e-11 
270,10.76 ,7.21648e-11 
271,10.8 ,6.66028e-11 
272,10.84 ,6.14576e-11 
273,10.88 ,5.66992e-11 
274,10.92 ,5.22993e-11 
275,10.96 ,4.82318e-11 
276,11 ,4.44724e-11 
277,11.04 ,4.09986e-11 
278,11.08 ,3.77891e-11 
279,11.12 ,3.48247e-11 
280,11.16 ,3.2087e-11 
281,11.2 ,2.95593e-11 
282,11.24 ,2.72259e-11 
283,11.28 ,2.50724e-11 
284,11.32 ,2.30852e-11 
285,11.36 ,2.12518e-11 
286,11.4 ,1.95608e-11 
287,11.44 ,1.80012e-11 
288,11.48 ,1.65633e-11 
289,11.52 ,1.52376e-11 
290,11.56 ,1.40158e-11 
291,11.6 ,1.28898e-11 
292,11.64 ,1.18524e-11 
293,11.68 ,1.08967e-11 
294,11.72 ,1.00165e-11 
295,11.76 ,9.20589e-12 
296,11.8 ,8.45958e-12 
297,11.84 ,7.77257e-12 
298,11.88 ,7.14025e-12 
299,11.92 ,6.55837e-12 
300,11.96 ,6.023e-12 
301,12 ,5.53049e-12 
302,12.04 ,5.0775e-12 
303,12.08 ,4.66092e-12 
304,12.12 ,4.2779e-12 
305,12.16 ,3.92577e-12 
306,12.2 ,3.60211e-12 
307,12.24 ,3.30466e-12 
308,12.28 ,3.03133e-12 
309,12.32 ,2.78022e-12 
310,12.36 ,2.54956e-12 
311,12.4 ,2.3377e-12 
312,12.44 ,2.14316e-12 
313,12.48 ,1.96453e-12 
314,12.52 ,1.80055e-12 
315,12.56 ,1.65003e-12 
316,12.6 ,1.51189e-12 
317,12.64 ,1.38513e-12 
318,12.68 ,1.26883e-12 
319,12.72 ,1.16214e-12 
320,12.76 ,1.06429e-12 
321,12.8 ,9.74548e-13 
322,12.84 ,8.92259e-13 
323,12.88 ,8.16814e-13 
324,12.92 ,7.47653e-13 
325,12.96 ,6.84263e-13 
326,13 ,6.26169e-13 
327,13.04 ,5.72936e-13 
328,13.08 ,5.24164e-13 
329,13.12 ,4.79485e-13 
330,13.16 ,4.38562e-13 
331,13.2 ,4.01083e-13 
332,13.24 ,3.66763e-13 
333,13.28 ,3.35339e-13 
334,13.32 ,3.06572e-13 
335,13.36 ,2.8024e-13 
336,13.4 ,2.5614e-13 
337,13.44 ,2.34085e-13 
338,13.48 ,2.13905e-13 
339,13.52 ,1.95442e-13 
340,13.56 ,1.78552e-13 
341,13.6 ,1.63104e-13 
342,13.64 ,1.48976e-13 
343,13.68 ,1.36056e-13 
344,13.72 ,1.24243e-13 
345,13.76 ,1.13444e-13 
346,13.8 ,1.03571e-13 
347,13.84 ,9.4548e-14 
348,13.88 ,8.63016e-14 
349,13.92 ,7.8766e-14 
350,13.96 ,7.18808e-14 
351,14 ,6.55905e-14 
352,14.04 ,5.98444e-14 
353,14.08 ,5.45961e-14 
354,14.12 ,4.98029e-14 
355,14.16 ,4.54258e-14 
356,14.2 ,4.14292e-14 
357,14.24 ,3.77804e-14 
358,14.28 ,3.44495e-14 
359,14.32 ,3.14091e-14 
360,14.36 ,2.86343e-14 
361,14.4 ,2.61019e-14 
362,14.44 ,2.37912e-14 
363,14.48 ,2.1683e-14 
364,14.52 ,1.97596e-14 
365,14.56 ,1.80052e-14 
366,14.6 ,1.64049e-14 
367,14.64 ,1.49455e-14 
368,14.68 ,1.36145e-14 
369,14.72 ,1.2401e-14 
370,14.76 ,1.12946e-14 
371,14.8 ,1.02859e-14 
372,14.84 ,9.36644e-15 
373,14.88 ,8.5284e-15 
374,14.92 ,7.76463e-15 
375,14.96 ,7.06862e-15 
376,15 ,6.43442e-15 
377,15.04 ,5.8566e-15 
378,15.08 ,5.33019e-15 
379,15.12 ,4.85067e-15 
380,15.16 ,4.4139e-15 
381,15.2 ,4.0161e-15 
382,15.24 ,3.65384e-15 
383,15.28 ,3.32397e-15 
384,15.32 ,3.02363e-15 
385,15.36 ,2.75018e-15 
386,15.4 ,2.50125e-15 
387,15.44 ,2.27466e-15 
388,15.48 ,2.06843e-15 
389,15.52 ,1.88074e-15 
390,15.56 ,1.70993e-15 
391,15.6 ,1.55451e-15 
392,15.64 ,1.4131e-15 
393,15.68 ,1.28445e-15 
394,15.72 ,1.16742e-15 
395,15.76 ,1.06097e-15 
396,15.8 ,9.64142e-16 
397,15.84 ,8.76084e-16 
398,15.88 ,7.96006e-16 
399,15.92 ,7.2319e-16 
400,15.96 ,6.56984e-16 
401,16 ,5.96792e-16 
402,16.04 ,5.42073e-16 
403,16.08 ,4.92333e-16 
404,16.12 ,4.47123e-16 
405,16.16 ,4.06033e-16 
406,16.2 ,3.68692e-16 
407,16.24 ,3.34759e-16 
408,16.28 ,3.03927e-16 
409,16.32 ,2.75914e-16 
410,16.36 ,2.50464e-16 
411,16.4 ,2.27345e-16 
412,16.44 ,2.06345e-16 
413,16.48 ,1.87271e-16 
414,16.52 ,1.69947e-16 
415,16.56 ,1.54216e-16 
416,16.6 ,1.3993e-16 
417,16.64 ,1.26958e-16 
418,16.68 ,1.15181e-16 
419,16.72 ,1.04489e-16 
420,16.76 ,9.47829e-17 
421,16.8 ,8.59723e-17 
422,16.84 ,7.79752e-17 
423,16.88 ,7.07171e-17 
424,16.92 ,6.41302e-17 
425,16.96 ,5.81528e-17 
426,17 ,5.27289e-17 
427,17.04 ,4.78077e-17 
428,17.08 ,4.33428e-17 
429,17.12 ,3.92922e-17 
430,17.16 ,3.56178e-17 
431,17.2 ,3.22849e-17 
432,17.24 ,2.92618e-17 
433,17.28 ,2.65201e-17 
434,17.32 ,2.40337e-17 
435,17.36 ,2.17789e-17 
436,17.4 ,1.97344e-17 
437,17.44 ,1.78807e-17 
438,17.48 ,1.62e-17 
439,17.52 ,1.46763e-17 
440,17.56 ,1.32951e-17 
441,17.6 ,1.20431e-17 
442,17.64 ,1.09083e-17 
443,17.68 ,9.87977e-18 
444,17.72 ,8.94765e-18 
445,17.76 ,8.10295e-18 
446,17.8 ,7.33751e-18 
447,17.84 ,6.64396e-18 
448,17.88 ,6.01557e-18 
449,17.92 ,5.44627e-18 
450,17.96 ,4.93052e-18 
451,18 ,4.46333e-18 
452,18.04 ,4.04014e-18 
453,18.08 ,3.65683e-18 
454,18.12 ,3.30967e-18 
455,18.16 ,2.99528e-18 
456,18.2 ,2.71056e-18 
457,18.24 ,2.45275e-18 
458,18.28 ,2.21931e-18 
459,18.32 ,2.00794e-18 
460,18.36 ,1.81658e-18 
461,18.4 ,1.64334e-18 
462,18.44 ,1.48652e-18 
463,18.48 ,1.34456e-18 
464,18.52 ,1.21607e-18 
465,18.56 ,1.09977e-18 
466,18.6 ,9.94523e-19 
467,18.64 ,8.99272e-19 
468,18.68 ,8.13076e-19 
469,18.72 ,7.3508e-19 
470,18.76 ,6.64507e-19 
471,18.8 ,6.00655e-19 
472,18.84 ,5.42886e-19 
473,18.88 ,4.90625e-19 
474,18.92 ,4.43349e-19 
475,18.96 ,4.00584e-19 
476,19 ,3.61903e-19 
477,19.04 ,3.26918e-19 
478,19.08 ,2.95277e-19 
479,19.12 ,2.66662e-19 
480,19.16 ,2.40785e-19 
481,19.2 ,2.17385e-19 
482,19.24 ,1.96228e-19 
483,19.28 ,1.77098e-19 
484,19.32 ,1.59802e-19 
485,19.36 ,1.44166e-19 
486,19.4 ,1.30031e-19 
487,19.44 ,1.17253e-19 
488,19.48 ,1.05704e-19 
489,19.52 ,9.52648e-20 
490,19.56 ,8.58302e-20 
491,19.6 ,7.73037e-20 
492,19.64 ,6.95985e-20 
493,19.68 ,6.26359e-20 
494,19.72 ,5.63447e-20 
495,19.76 ,5.06606e-20 
496,19.8 ,4.55254e-20 
497,19.84 ,4.08864e-20 
498,19.88 ,3.66961e-20 
499,19.92 ,3.29113e-20 
500,19.96 ,2.94931e-20 
501,20 ,2.64064e-20 
502,20.04 ,2.36194e-20 
503,20.08 ,2.11032e-20 
504,20.12 ,1.8832e-20 
505,20.16 ,1.67822e-20 
506,20.2 ,1.49326e-20 
507,20.24 ,1.32641e-20 
508,20.28 ,1.17594e-20 
509,20.32 ,1.04027e-20 
510,20.36 ,9.18015e-21 
511,20.4 ,8.07889e-21 
512,20.44 ,7.0875e-21 
513,20.48 ,6.19562e-21 
514,20.52 ,5.39396e-21 
515,20.56 ,4.67415e-21 
516,20.6 ,4.02866e-21 
517,20.64 ,3.45073e-21 
518,20.68 ,2.9343e-21 
519,20.72 ,2.47397e-21 
520,20.76 ,2.06489e-21 
521,20.8 ,1.70278e-21 
522,20.84 ,1.38381e-21 
523,20.88 ,1.10463e-21 
524,20.92 ,8.62298e-22 
525,20.96 ,6.54258e-22 
526,21 ,4.7831e-22 
527,21.04 ,3.32594e-22 
528,21.08 ,2.1557e-22 
529,21.12 ,1.25999e-22 
530,21.16 ,6.29302e-23 
531,21.2 ,2.56973e-23 
532,21.24 ,1.3906e-23 
533,21.28 ,2.74335e-23 
534,21.32 ,6.64267e-23 
535,21.36 ,1.31305e-22 
536,21.4 ,2.22764e-22 
537,21.44 ,3.41787e-22 
538,21.48 ,4.89651e-22 
539,21.52 ,6.67945e-22 
540,21.56 ,8.78586e-22 
541,21.6 ,1.12384e-21 
542,21.64 ,1.40636e-21 
543,21.68 ,1.72917e-21 
544,21.72 ,2.09578e-21 
545,21.76 ,2.51013e-21 
546,21.8 ,2.9767e-21 
547,21.84 ,3.50055e-21 
548,21.88 ,4.08736e-21 
549,21.92 ,4.74346e-21 
550,21.96 ,5.476e-21 
551,22 ,6.29292e-21 
552,22.04 ,7.2031e-21 
553,22.08 ,8.21645e-21 
554,22.12 ,9.34398e-21 
555,22.16 ,1.0598e-20 
556,22.2 ,1.19922e-20 
557,22.24 ,1.35417e-20 
558,22.28 ,1.52635e-20 
559,22.32 ,1.71765e-20 
560,22.36 ,1.93015e-20 
561,22.4 ,2.16617e-20 
562,22.44 ,2.42832e-20 
563,22.48 ,2.71946e-20 
564,22.52 ,3.04278e-20 
565,22.56 ,3.40184e-20 
566,22.6 ,3.80059e-20 
567,22.64 ,4.2434e-20 
568,22.68 ,4.73516e-20 
569,22.72 ,5.28128e-20 
570,22.76 ,5.88777e-20 
571,22.8 ,6.56134e-20 
572,22.84 ,7.30941e-20 
573,22.88 ,8.14026e-20 
574,22.92 ,9.06306e-20 
575,22.96 ,1.0088e-19 
576,23 ,1.12265e-19 
577,23.04 ,1.24911e-19 
578,23.08 ,1.38959e-19 
579,23.12 ,1.54564e-19 
580,23.16 ,1.71899e-19 
581,23.2 ,1.91158e-19 
582,23.24 ,2.12553e-19 
583,23.28 ,2.36325e-19 
584,23.32 ,2.62736e-19 
585,23.36 ,2.92081e-19 
586,23.4 ,3.24688e-19 
587,23.44 ,3.6092e-19 
588,23.48 ,4.01182e-19 
589,23.52 ,4.45923e-19 
590,23.56 ,4.95643e-19 
591,23.6 ,5.509e-19 
592,23.64 ,6.1231e-19 
593,23.68 ,6.80562e-19 
594,23.72 ,7.56422e-19 
595,23.76 ,8.40739e-19 
596,23.8 ,9.34461e-19 
597,23.84 ,1.03864e-18 
598,23.88 ,1.15444e-18 
599,23.92 ,1.28318e-18 
600,23.96 ,1.42629e-18 
601,24 ,1.5854e-18 
602,24.04 ,1.76228e-18 
603,24.08 ,1.95894e-18 
604,24.12 ,2.1776e-18 
605,24.16 ,2.42071e-18 
606,24.2 ,2.69104e-18 
607,24.24 ,2.99163e-18 
608,24.28 ,3.32589e-18 
609,24.32 ,3.69759e-18 
610,24.36 ,4.11095e-18 
611,24.4 ,4.57064e-18 
612,24.44 ,5.08189e-18 
613,24.48 ,5.65048e-18 
614,24.52 ,6.28288e-18 
615,24.56 ,6.98627e-18 
616,24.6 ,7.76864e-18 
617,24.64 ,8.63889e-18 
618,24.68 ,9.60692e-18 
619,24.72 ,1.06837e-17 
620,24.76 ,1.18817e-17 
621,24.8 ,1.32143e-17 
622,24.84 ,1.46968e-17 
623,24.88 ,1.63462e-17 
624,24.92 ,1.81813e-17 
625,24.96 ,2.02231e-17 
626,25 ,2.24948e-17 
627,25.04 ,2.50225e-17 
628,25.08 ,2.78352e-17 
629,25.12 ,3.0965e-17 
630,25.16 ,3.44477e-17 
631,25.2 ,3.83235e-17 
632,25.24 ,4.26366e-17 
633,25.28 ,4.74366e-17 
634,25.32 ,5.27787e-17 
635,25.36 ,5.87243e-17 
636,25.4 ,6.53416e-17 
637,25.44 ,7.2707e-17 
638,25.48 ,8.09051e-17 
639,25.52 ,9.00304e-17 
640,25.56 ,1.00188e-16 
641,25.6 ,1.11495e-16 
642,25.64 ,1.24082e-16 
643,25.68 ,1.38095e-16 
644,25.72 ,1.53694e-16 
645,25.76 ,1.71062e-16 
646,25.8 ,1.90397e-16 
647,25.84 ,2.11924e-16 
648,25.88 ,2.35893e-16 
649,25.92 ,2.6258e-16 
650,25.96 ,2.92296e-16 
651,26 ,3.25385e-16 
652,26.04 ,3.6223e-16 
653,26.08 ,4.03259e-16 
654,26.12 ,4.4895e-16 
655,26.16 ,4.99832e-16 
656,26.2 ,5.56498e-16 
657,26.24 ,6.19606e-16 
658,26.28 ,6.89892e-16 
659,26.32 ,7.68174e-16 
660,26.36 ,8.55363e-16 
661,26.4 ,9.52477e-16 
662,26.44 ,1.06065e-15 
663,26.48 ,1.18114e-15 
664,26.52 ,1.31536e-15 
665,26.56 ,1.46487e-15 
666,26.6 ,1.63142e-15 
667,26.64 ,1.81697e-15 
668,26.68 ,2.02367e-15 
669,26.72 ,2.25396e-15 
670,26.76 ,2.51052e-15 
671,26.8 ,2.79637e-15 
672,26.84 ,3.11485e-15 
673,26.88 ,3.46971e-15 
674,26.92 ,3.8651e-15 
675,26.96 ,4.30567e-15 
676,27 ,4.7966e-15 
677,27.04 ,5.34366e-15 
678,27.08 ,5.95328e-15 
679,27.12 ,6.63263e-15 
680,27.16 ,7.38971e-15 
681,27.2 ,8.23344e-15 
682,27.24 ,9.17376e-15 
683,27.28 ,1.02218e-14 
684,27.32 ,1.13898e-14 
685,27.36 ,1.26916e-14 
686,27.4 ,1.41427e-14 
687,27.44 ,1.57601e-14 
688,27.48 ,1.75629e-14 
689,27.52 ,1.95725e-14 
690,27.56 ,2.18127e-14 
691,27.6 ,2.43099e-14 
692,27.64 ,2.70938e-14 
693,27.68 ,3.01972e-14 
694,27.72 ,3.36571e-14 
695,27.76 ,3.75144e-14 
696,27.8 ,4.18148e-14 
697,27.84 ,4.66096e-14 
698,27.88 ,5.19555e-14 
699,27.92 ,5.79161e-14 
700,27.96 ,6.45623e-14 
701,28 ,7.19731e-14 
702,28.04 ,8.02366e-14 
703,28.08 ,8.94514e-14 
704,28.12 ,9.9727e-14 
705,28.16 ,1.11186e-13 
706,28.2 ,1.23965e-13 
707,28.24 ,1.38216e-13 
708,28.28 ,1.5411e-13 
709,28.32 ,1.71835e-13 
710,28.36 ,1.91605e-13 
711,28.4 ,2.13655e-13 
712,28.44 ,2.38248e-13 
713,28.48 ,2.65679e-13 
714,28.52 ,2.96276e-13 
715,28.56 ,3.30405e-13 
716,28.6 ,3.68475e-13 
717,28.64 ,4.10943e-13 
718,28.68 ,4.58316e-13 
719,28.72 ,5.11164e-13 
720,28.76 ,5.7012e-13 
721,28.8 ,6.35892e-13 
722,28.84 ,7.0927e-13 
723,28.88 ,7.91135e-13 
724,28.92 ,8.82472e-13 
725,28.96 ,9.84379e-13 
726,29 ,1.09808e-12 
727,29.04 ,1.22495e-12 
728,29.08 ,1.3665e-12 
729,29.12 ,1.52446e-12 
730,29.16 ,1.70072e-12 
731,29.2 ,1.8974e-12 
732,29.24 ,2.11688e-12 
733,29.28 ,2.3618e-12 
734,29.32 ,2.63513e-12 
735,29.36 ,2.94016e-12 
736,29.4 ,3.28059e-12 
737,29.44 ,3.66052e-12 
738,29.48 ,4.08455e-12 
739,29.52 ,4.55781e-12 
740,29.56 ,5.08604e-12 
741,29.6 ,5.67562e-12 
742,29.64 ,6.33369e-12 
743,29.68 ,7.06825e-12 
744,29.72 ,7.88818e-12 
745,29.76 ,8.80344e-12 
746,29.8 ,9.82514e-12 
747,29.84 ,1.09657e-11 
748,29.88 ,1.22389e-11 
749,29.92 ,1.36603e-11 
750,29.96 ,1.52471e-11 
751,30 ,1.70187e-11 
752,30.04 ,1.89966e-11 
753,30.08 ,2.12048e-11 
754,30.12 ,2.36703e-11 
755,30.16 ,2.64231e-11 
756,30.2 ,2.94967e-11 
757,30.24 ,3.29287e-11 
758,30.28 ,3.67608e-11 
759,30.32 ,4.10399e-11 
760,30.36 ,4.58181e-11 
761,30.4 ,5.11539e-11 
762,30.44 ,5.71124e-11 
763,30.48 ,6.37664e-11 
764,30.52 ,7.11974e-11 
765,30.56 ,7.94962e-11 
766,30.6 ,8.87643e-11 
767,30.64 ,9.91153e-11 
768,30.68 ,1.10676e-10 
769,30.72 ,1.23588e-10 
770,30.76 ,1.38009e-10 
771,30.8 ,1.54117e-10 
772,30.84 ,1.72109e-10 
773,30.88 ,1.92206e-10 
774,30.92 ,2.14654e-10 
775,30.96 ,2.3973e-10 
776,31 ,2.67741e-10 
777,31.04 ,2.99031e-10 
778,31.08 ,3.33987e-10 
779,31.12 ,3.73037e-10 
780,31.16 ,4.16662e-10 
781,31.2 ,4.654e-10 
782,31.24 ,5.1985e-10 
783,31.28 ,5.80684e-10 
784,31.32 ,6.48652e-10 
785,31.36 ,7.24591e-10 
786,31.4 ,8.0944e-10 
787,31.44 ,9.04244e-10 
788,31.48 ,1.01018e-09 
789,31.52 ,1.12854e-09 
790,31.56 ,1.2608e-09 
791,31.6 ,1.4086e-09 
792,31.64 ,1.57376e-09 
793,31.68 ,1.75832e-09 
794,31.72 ,1.96457e-09 
795,31.76 ,2.19506e-09 
796,31.8 ,2.45265e-09 
797,31.84 ,2.74052e-09 
798,31.88 ,3.06226e-09 
799,31.92 ,3.42183e-09 
800,31.96 ,3.82372e-09 
801,32 ,4.27291e-09 
802,32.04 ,4.77496e-09 
803,32.08 ,5.33612e-09 
804,32.12 ,5.96337e-09 
805,32.16 ,6.66449e-09 
806,32.2 ,7.4482e-09 
807,32.24 ,8.32427e-09 
808,32.28 ,9.30357e-09 
809,32.32 ,1.03983e-08 
810,32.36 ,1.16221e-08 
811,32.4 ,1.29903e-08 
812,32.44 ,1.45198e-08 
813,32.48 ,1.62297e-08 
814,32.52 ,1.81415e-08 
815,32.56 ,2.02788e-08 
816,32.6 ,2.26685e-08 
817,32.64 ,2.53403e-08 
818,32.68 ,2.83276e-08 
819,32.72 ,3.16678e-08 
820,32.76 ,3.54026e-08 
821,32.8 ,3.95787e-08 
822,32.84 ,4.42484e-08 
823,32.88 ,4.94702e-08 
824,32.92 ,5.53093e-08 
825,32.96 ,6.1839e-08 
826,33 ,6.9141e-08 
827,33.04 ,7.7307e-08 
828,33.08 ,8.64392e-08 
829,33.12 ,9.66524e-08 
830,33.16 ,1.08074e-07 
831,33.2 ,1.20849e-07 
832,33.24 ,1.35136e-07 
833,33.28 ,1.51116e-07 
834,33.32 ,1.68989e-07 
835,33.36 ,1.8898e-07 
836,33.4 ,2.11341e-07 
837,33.44 ,2.36352e-07 
838,33.48 ,2.64328e-07 
839,33.52 ,2.95622e-07 
840,33.56 ,3.30629e-07 
841,33.6 ,3.69788e-07 
842,33.64 ,4.13595e-07 
843,33.68 ,4.62601e-07 
844,33.72 ,5.17424e-07 
845,33.76 ,5.78756e-07 
846,33.8 ,6.47372e-07 
847,33.84 ,7.24139e-07 
848,33.88 ,8.10025e-07 
849,33.92 ,9.06118e-07 
850,33.96 ,1.01363e-06 
851,34 ,1.13392e-06 
852,34.04 ,1.26852e-06 
853,34.08 ,1.41912e-06 
854,34.12 ,1.58764e-06 
855,34.16 ,1.7762e-06 
856,34.2 ,1.9872e-06 
857,34.24 ,2.22332e-06 
858,34.28 ,2.48754e-06 
859,34.32 ,2.78321e-06 
860,34.36 ,3.1141e-06 
861,34.4 ,3.4844e-06 
862,34.44 ,3.89882e-06 
863,34.48 ,4.36261e-06 
864,34.52 ,4.88168e-06 
865,34.56 ,5.46261e-06 
866,34.6 ,6.11281e-06 
867,34.64 ,6.84055e-06 
868,34.68 ,7.65508e-06 
869,34.72 ,8.56678e-06 
870,34.76 ,9.58726e-06 
871,34.8 ,1.07295e-05 
872,34.84 ,1.20081e-05 
873,34.88 ,1.34394e-05 
874,34.92 ,1.50415e-05 
875,34.96 ,1.6835e-05 
876,35 ,1.88428e-05 
877,35.04 ,2.10904e-05 
878,35.08 ,2.36066e-05 
879,35.12 ,2.64236e-05 
880,35.16 ,2.95773e-05 
881,35.2 ,3.31082e-05 
882,35.24 ,3.70612e-05 
883,35.28 ,4.14872e-05 
884,35.32 ,4.64426e-05 
885,35.36 ,5.19911e-05 
886,35.4 ,5.82036e-05 
887,35.44 ,6.51598e-05 
888,35.48 ,7.29488e-05 
889,35.52 ,8.16707e-05 
890,35.56 ,9.14372e-05 
891,35.6 ,0.000102374 
892,35.64 ,0.000114621 
893,35.68 ,0.000128336 
894,35.72 ,0.000143694 
895,35.76 ,0.000160894 
896,35.8 ,0.000180157 
897,35.84 ,0.00020173 
898,35.88 ,0.000225891 
899,35.92 ,0.000252951 
900,35.96 ,0.000283258 
901,36 ,0.000317203 
902,36.04 ,0.000355224 
903,36.08 ,0.000397809 
904,36.12 ,0.000445509 
905,36.16 ,0.000498939 
906,36.2 ,0.000558789 
907,36.24 ,0.00062583 
908,36.28 ,0.000700929 
909,36.32 ,0.000785056 
910,36.36 ,0.000879298 
911,36.4 ,0.000984874 
912,36.44 ,0.00110315 
913,36.48 ,0.00123565 
914,36.52 ,0.0013841 
915,36.56 ,0.00155041 
916,36.6 ,0.00173675 
917,36.64 ,0.00194551 
918,36.68 ,0.00217942 
919,36.72 ,0.0024415 
920,36.76 ,0.00273515 
921,36.8 ,0.00306419 
922,36.84 ,0.00343287 
923,36.88 ,0.003846 
924,36.92 ,0.00430893 
925,36.96 ,0.00482769 
926,37 ,0.005409 
927,37.04 ,0.00606044 
928,37.08 ,0.00679047 
929,37.12 ,0.0076086 
930,37.16 ,0.00852548 
931,37.2 ,0.00955304 
932,37.24 ,0.0107047 
933,37.28 ,0.0119954 
934,37.32 ,0.013442 
935,37.36 ,0.0150633 
936,37.4 ,0.0168806 
937,37.44 ,0.0189176 
938,37.48 ,0.0212007 
939,37.52 ,0.0237599 
940,37.56 ,0.0266285 
941,37.6 ,0.0298441 
942,37.64 ,0.0334487 
943,37.68 ,0.0374895 
944,37.72 ,0.0420192 
945,37.76 ,0.0470972 
946,37.8 ,0.05279 
947,37.84 ,0.0591721 
948,37.88 ,0.0663272 
949,37.92 ,0.0743489 
950,37.96 ,0.0833426 
951,38 ,0.0934261 
952,38.04 ,0.104732 
953,38.08 ,0.117408 
954,38.12 ,0.131621 
955,38.16 ,0.147558 
956,38.2 ,0.165427 
957,38.24 ,0.185465 
958,38.28 ,0.207934 
959,38.32 ,0.23313 
960,38.36 ,0.261384 
961,38.4 ,0.293069 
962,38.44 ,0.328601 
963,38.48 ,0.368449 
964,38.52 ,0.413138 
965,38.56 ,0.463256 
966,38.6 ,0.519465 
967,38.64 ,0.582506 
968,38.68 ,0.65321 
969,38.72 ,0.732513 
970,38.76 ,0.821459 
971,38.8 ,0.921225 
972,38.84 ,1.03313 
973,38.88 ,1.15865 
974,38.92 ,1.29945 
975,38.96 ,1.45739 
976,39 ,1.63456 
977,39.04 ,1.8333 
978,39.08 ,2.05625 
979,39.12 ,2.30636 
980,39.16 ,2.58695 
981,39.2 ,2.90174 
982,39.24 ,3.25489 
983,39.28 ,3.6511 
984,39.32 ,4.09563 
985,39.36 ,4.59437 
986,39.4 ,5.15395 
987,39.44 ,5.78181 
988,39.48 ,6.48629 
989,39.52 ,7.27675 
990,39.56 ,8.16372 
991,39.6 ,9.15899 
992,39.64 ,10.2758 
993,39.68 ,11.529 
994,39.72 ,12.9354 
995,39.76 ,14.5136 
996,39.8 ,16.2847 
997,39.84 ,18.2723 
998,39.88 ,20.5029 
999,39.92 ,23.0063 
1000,39.96 ,25.8159 