
1,0 ,0 
2,0.025 ,0 
3,0.05 ,0 
4,0.075 ,0.00292056 
5,0.1 ,0.00519512 
6,0.125 ,0.00812331 
7,0.15 ,0.0117079 
8,0.175 ,0.0159522 
9,0.2 ,0.02086 
10,0.225 ,0.026436 
11,0.25 ,0.032685 
12,0.275 ,0.0396124 
13,0.3 ,0.0472241 
14,0.325 ,0.0555266 
15,0.35 ,0.0645264 
16,0.375 ,0.0742307 
17,0.4 ,0.0846468 
18,0.425 ,0.0957824 
19,0.45 ,0.107645 
20,0.475 ,0.120243 
21,0.5 ,0.133585 
22,0.525 ,0.147679 
23,0.55 ,0.162532 
24,0.575 ,0.178154 
25,0.6 ,0.194551 
26,0.625 ,0.211734 
27,0.65 ,0.229708 
28,0.675 ,0.248483 
29,0.7 ,0.268064 
30,0.725 ,0.28846 
31,0.75 ,0.309676 
32,0.775 ,0.331719 
33,0.8 ,0.354594 
34,0.825 ,0.378307 
35,0.85 ,0.402862 
36,0.875 ,0.428263 
37,0.9 ,0.454512 
38,0.925 ,0.481614 
39,0.95 ,0.509569 
40,0.975 ,0.538377 
41,1 ,0.568041 
42,1.025 ,0.598557 
43,1.05 ,0.629926 
44,1.075 ,0.662144 
45,1.1 ,0.695208 
46,1.125 ,0.729114 
47,1.15 ,0.763856 
48,1.175 ,0.799427 
49,1.2 ,0.835821 
50,1.225 ,0.873029 
51,1.25 ,0.911042 
52,1.275 ,0.94985 
53,1.3 ,0.989441 
54,1.325 ,1.0298 
55,1.35 ,1.07092 
56,1.375 ,1.11279 
57,1.4 ,1.15538 
58,1.425 ,1.19869 
59,1.45 ,1.24269 
60,1.475 ,1.28737 
61,1.5 ,1.33272 
62,1.525 ,1.3787 
63,1.55 ,1.42531 
64,1.575 ,1.47252 
65,1.6 ,1.5203 
66,1.625 ,1.56865 
67,1.65 ,1.61754 
68,1.675 ,1.66694 
69,1.7 ,1.71683 
70,1.725 ,1.76719 
71,1.75 ,1.81799 
72,1.775 ,1.86922 
73,1.8 ,1.92084 
74,1.825 ,1.97284 
75,1.85 ,2.02518 
76,1.875 ,2.07785 
77,1.9 ,2.13082 
78,1.925 ,2.18408 
79,1.95 ,2.23758 
80,1.975 ,2.29132 
81,2 ,2.34526 
82,2.025 ,2.39939 
83,2.05 ,2.45369 
84,2.075 ,2.50813 
85,2.1 ,2.56269 
86,2.125 ,2.61735 
87,2.15 ,2.6721 
88,2.175 ,2.72691 
89,2.2 ,2.78177 
90,2.225 ,2.83666 
91,2.25 ,2.89156 
92,2.275 ,2.94646 
93,2.3 ,3.00135 
94,2.325 ,3.0562 
95,2.35 ,3.11102 
96,2.375 ,3.16578 
97,2.4 ,3.22049 
98,2.425 ,3.27512 
99,2.45 ,3.32967 
100,2.475 ,3.38414 
101,2.5 ,3.43853 
102,2.525 ,3.49281 
103,2.55 ,3.547 
104,2.575 ,3.60109 
105,2.6 ,3.65509 
106,2.625 ,3.70898 
107,2.65 ,3.76277 
108,2.675 ,3.81647 
109,2.7 ,3.87007 
110,2.725 ,3.92359 
111,2.75 ,3.97703 
112,2.775 ,4.03039 
113,2.8 ,4.08368 
114,2.825 ,4.1369 
115,2.85 ,4.19008 
116,2.875 ,4.24322 
117,2.9 ,4.29632 
118,2.925 ,4.34941 
119,2.95 ,4.40248 
120,2.975 ,4.45556 
121,3 ,4.50865 
122,3.025 ,4.56178 
123,3.05 ,4.61494 
124,3.075 ,4.66816 
125,3.1 ,4.72145 
126,3.125 ,4.77482 
127,3.15 ,4.82828 
128,3.175 ,4.88186 
129,3.2 ,4.93556 
130,3.225 ,4.9894 
131,3.25 ,5.04338 
132,3.275 ,5.09753 
133,3.3 ,5.15185 
134,3.325 ,5.20636 
135,3.35 ,5.26107 
136,3.375 ,5.31598 
137,3.4 ,5.37111 
138,3.425 ,5.42647 
139,3.45 ,5.48206 
140,3.475 ,5.53789 
141,3.5 ,5.59396 
142,3.525 ,5.65029 
143,3.55 ,5.70687 
144,3.575 ,5.76371 
145,3.6 ,5.8208 
146,3.625 ,5.87816 
147,3.65 ,5.93577 
148,3.675 ,5.99363 
149,3.7 ,6.05174 
150,3.725 ,6.1101 
151,3.75 ,6.16869 
152,3.775 ,6.22751 
153,3.8 ,6.28654 
154,3.825 ,6.34578 
155,3.85 ,6.4052 
156,3.875 ,6.46481 
157,3.9 ,6.52457 
158,3.925 ,6.58447 
159,3.95 ,6.64448 
160,3.975 ,6.7046 
161,4 ,6.76479 
162,4.025 ,6.82502 
163,4.05 ,6.88528 
164,4.075 ,6.94553 
165,4.1 ,7.00575 
166,4.125 ,7.0659 
167,4.15 ,7.12595 
168,4.175 ,7.18586 
169,4.2 ,7.2456 
170,4.225 ,7.30514 
171,4.25 ,7.36443 
172,4.275 ,7.42343 
173,4.3 ,7.48211 
174,4.325 ,7.54043 
175,4.35 ,7.59833 
176,4.375 ,7.65578 
177,4.4 ,7.71274 
178,4.425 ,7.76914 
179,4.45 ,7.82496 
180,4.475 ,7.88015 
181,4.5 ,7.93465 
182,4.525 ,7.98841 
183,4.55 ,8.0414 
184,4.575 ,8.09356 
185,4.6 ,8.14484 
186,4.625 ,8.19519 
187,4.65 ,8.24456 
188,4.675 ,8.29291 
189,4.7 ,8.34018 
190,4.725 ,8.38633 
191,4.75 ,8.4313 
192,4.775 ,8.47506 
193,4.8 ,8.51754 
194,4.825 ,8.5587 
195,4.85 ,8.5985 
196,4.875 ,8.63689 
197,4.9 ,8.67383 
198,4.925 ,8.70926 
199,4.95 ,8.74315 
200,4.975 ,8.77545 
201,5 ,8.80613 
202,5.025 ,8.83514 
203,5.05 ,8.86243 
204,5.075 ,8.88799 
205,5.1 ,8.91176 
206,5.125 ,8.93372 
207,5.15 ,8.95382 
208,5.175 ,8.97205 
209,5.2 ,8.98836 
210,5.225 ,9.00273 
211,5.25 ,9.01514 
212,5.275 ,9.02555 
213,5.3 ,9.03395 
214,5.325 ,9.04031 
215,5.35 ,9.04462 
216,5.375 ,9.04685 
217,5.4 ,9.047 
218,5.425 ,9.04504 
219,5.45 ,9.04097 
220,5.475 ,9.03478 
221,5.5 ,9.02645 
222,5.525 ,9.01599 
223,5.55 ,9.00339 
224,5.575 ,8.98865 
225,5.6 ,8.97178 
226,5.625 ,8.95276 
227,5.65 ,8.93161 
228,5.675 ,8.90834 
229,5.7 ,8.88295 
230,5.725 ,8.85546 
231,5.75 ,8.82587 
232,5.775 ,8.79421 
233,5.8 ,8.76049 
234,5.825 ,8.72472 
235,5.85 ,8.68694 
236,5.875 ,8.64715 
237,5.9 ,8.60539 
238,5.925 ,8.56169 
239,5.95 ,8.51606 
240,5.975 ,8.46854 
241,6 ,8.41916 
242,6.025 ,8.36795 
243,6.05 ,8.31495 
244,6.075 ,8.26019 
245,6.1 ,8.20371 
246,6.125 ,8.14555 
247,6.15 ,8.08574 
248,6.175 ,8.02433 
249,6.2 ,7.96136 
250,6.225 ,7.89687 
251,6.25 ,7.8309 
252,6.275 ,7.76351 
253,6.3 ,7.69473 
254,6.325 ,7.62461 
255,6.35 ,7.55321 
256,6.375 ,7.48056 
257,6.4 ,7.40672 
258,6.425 ,7.33174 
259,6.45 ,7.25567 
260,6.475 ,7.17855 
261,6.5 ,7.10044 
262,6.525 ,7.02139 
263,6.55 ,6.94145 
264,6.575 ,6.86067 
265,6.6 ,6.77911 
266,6.625 ,6.6968 
267,6.65 ,6.61382 
268,6.675 ,6.5302 
269,6.7 ,6.446 
270,6.725 ,6.36127 
271,6.75 ,6.27606 
272,6.775 ,6.19043 
273,6.8 ,6.10441 
274,6.825 ,6.01807 
275,6.85 ,5.93145 
276,6.875 ,5.8446 
277,6.9 ,5.75757 
278,6.925 ,5.6704 
279,6.95 ,5.58315 
280,6.975 ,5.49586 
281,7 ,5.40857 
282,7.025 ,5.32133 
283,7.05 ,5.23419 
284,7.075 ,5.14719 
285,7.1 ,5.06037 
286,7.125 ,4.97377 
287,7.15 ,4.88743 
288,7.175 ,4.80139 
289,7.2 ,4.7157 
290,7.225 ,4.63038 
291,7.25 ,4.54548 
292,7.275 ,4.46103 
293,7.3 ,4.37706 
294,7.325 ,4.29362 
295,7.35 ,4.21072 
296,7.375 ,4.12841 
297,7.4 ,4.04671 
298,7.425 ,3.96566 
299,7.45 ,3.88527 
300,7.475 ,3.80558 
301,7.5 ,3.72661 
302,7.525 ,3.64839 
303,7.55 ,3.57094 
304,7.575 ,3.49429 
305,7.6 ,3.41844 
306,7.625 ,3.34343 
307,7.65 ,3.26928 
308,7.675 ,3.19599 
309,7.7 ,3.12359 
310,7.725 ,3.0521 
311,7.75 ,2.98152 
312,7.775 ,2.91188 
313,7.8 ,2.84317 
314,7.825 ,2.77543 
315,7.85 ,2.70864 
316,7.875 ,2.64284 
317,7.9 ,2.57801 
318,7.925 ,2.51418 
319,7.95 ,2.45134 
320,7.975 ,2.3895 
321,8 ,2.32868 
322,8.025 ,2.26886 
323,8.05 ,2.21006 
324,8.075 ,2.15227 
325,8.1 ,2.0955 
326,8.125 ,2.03974 
327,8.15 ,1.985 
328,8.175 ,1.93128 
329,8.2 ,1.87857 
330,8.225 ,1.82687 
331,8.25 ,1.77618 
332,8.275 ,1.72649 
333,8.3 ,1.67781 
334,8.325 ,1.63011 
335,8.35 ,1.58341 
336,8.375 ,1.53768 
337,8.4 ,1.49293 
338,8.425 ,1.44915 
339,8.45 ,1.40632 
340,8.475 ,1.36445 
341,8.5 ,1.32352 
342,8.525 ,1.28352 
343,8.55 ,1.24445 
344,8.575 ,1.20628 
345,8.6 ,1.16903 
346,8.625 ,1.13266 
347,8.65 ,1.09717 
348,8.675 ,1.06256 
349,8.7 ,1.0288 
350,8.725 ,0.995886 
351,8.75 ,0.963808 
352,8.775 ,0.932553 
353,8.8 ,0.902107 
354,8.825 ,0.872458 
355,8.85 ,0.843593 
356,8.875 ,0.815499 
357,8.9 ,0.788164 
358,8.925 ,0.761574 
359,8.95 ,0.735717 
360,8.975 ,0.710578 
361,9 ,0.686144 
362,9.025 ,0.662403 
363,9.05 ,0.639341 
364,9.075 ,0.616945 
365,9.1 ,0.5952 
366,9.125 ,0.574095 
367,9.15 ,0.553615 
368,9.175 ,0.533748 
369,9.2 ,0.51448 
370,9.225 ,0.495798 
371,9.25 ,0.477689 
372,9.275 ,0.46014 
373,9.3 ,0.443138 
374,9.325 ,0.426671 
375,9.35 ,0.410726 
376,9.375 ,0.39529 
377,9.4 ,0.380351 
378,9.425 ,0.365896 
379,9.45 ,0.351915 
380,9.475 ,0.338393 
381,9.5 ,0.325321 
382,9.525 ,0.312685 
383,9.55 ,0.300475 
384,9.575 ,0.28868 
385,9.6 ,0.277287 
386,9.625 ,0.266286 
387,9.65 ,0.255667 
388,9.675 ,0.245418 
389,9.7 ,0.235529 
390,9.725 ,0.22599 
391,9.75 ,0.216791 
392,9.775 ,0.207922 
393,9.8 ,0.199373 
394,9.825 ,0.191134 
395,9.85 ,0.183197 
396,9.875 ,0.175552 
397,9.9 ,0.16819 
398,9.925 ,0.161102 
399,9.95 ,0.15428 
400,9.975 ,0.147716 
401,10 ,0.141401 
402,10.025 ,0.135327 
403,10.05 ,0.129487 
404,10.075 ,0.123873 
405,10.1 ,0.118477 
406,10.125 ,0.113292 
407,10.15 ,0.108311 
408,10.175 ,0.103528 
409,10.2 ,0.0989346 
410,10.225 ,0.0945254 
411,10.25 ,0.0902937 
412,10.275 ,0.0862335 
413,10.3 ,0.0823385 
414,10.325 ,0.0786031 
415,10.35 ,0.0750215 
416,10.375 ,0.0715881 
417,10.4 ,0.0682976 
418,10.425 ,0.0651448 
419,10.45 ,0.0621247 
420,10.475 ,0.0592322 
421,10.5 ,0.0564627 
422,10.525 ,0.0538115 
423,10.55 ,0.0512742 
424,10.575 ,0.0488465 
425,10.6 ,0.0465241 
426,10.625 ,0.0443029 
427,10.65 ,0.0421791 
428,10.675 ,0.0401489 
429,10.7 ,0.0382085 
430,10.725 ,0.0363544 
431,10.75 ,0.0345832 
432,10.775 ,0.0328915 
433,10.8 ,0.0312762 
434,10.825 ,0.0297342 
435,10.85 ,0.0282623 
436,10.875 ,0.0268579 
437,10.9 ,0.025518 
438,10.925 ,0.0242401 
439,10.95 ,0.0230214 
440,10.975 ,0.0218596 
441,11 ,0.0207522 
442,11.025 ,0.0196969 
443,11.05 ,0.0186915 
444,11.075 ,0.0177338 
445,11.1 ,0.0168218 
446,11.125 ,0.0159534 
447,11.15 ,0.0151269 
448,11.175 ,0.0143402 
449,11.2 ,0.0135918 
450,11.225 ,0.0128798 
451,11.25 ,0.0122026 
452,11.275 ,0.0115588 
453,11.3 ,0.0109467 
454,11.325 ,0.0103649 
455,11.35 ,0.00981213 
456,11.375 ,0.00928696 
457,11.4 ,0.00878814 
458,11.425 ,0.00831446 
459,11.45 ,0.00786474 
460,11.475 ,0.00743787 
461,11.5 ,0.00703277 
462,11.525 ,0.00664842 
463,11.55 ,0.00628382 
464,11.575 ,0.00593805 
465,11.6 ,0.00561019 
466,11.625 ,0.00529939 
467,11.65 ,0.00500482 
468,11.675 ,0.00472569 
469,11.7 ,0.00446125 
470,11.725 ,0.00421079 
471,11.75 ,0.0039736 
472,11.775 ,0.00374905 
473,11.8 ,0.00353649 
474,11.825 ,0.00333533 
475,11.85 ,0.003145 
476,11.875 ,0.00296496 
477,11.9 ,0.00279468 
478,11.925 ,0.00263367 
479,11.95 ,0.00248145 
480,11.975 ,0.00233759 
481,12 ,0.00220164 
482,12.025 ,0.00207319 
483,12.05 ,0.00195187 
484,12.075 ,0.00183729 
485,12.1 ,0.00172911 
486,12.125 ,0.00162699 
487,12.15 ,0.00153061 
488,12.175 ,0.00143967 
489,12.2 ,0.00135387 
490,12.225 ,0.00127295 
491,12.25 ,0.00119664 
492,12.275 ,0.0011247 
493,12.3 ,0.00105688 
494,12.325 ,0.000992968 
495,12.35 ,0.000932749 
496,12.375 ,0.00087602 
497,12.4 ,0.000822591 
498,12.425 ,0.00077228 
499,12.45 ,0.000724914 
500,12.475 ,0.000680331 
501,12.5 ,0.000638375 
502,12.525 ,0.0005989 
503,12.55 ,0.000561766 
504,12.575 ,0.000526843 
505,12.6 ,0.000494003 
506,12.625 ,0.000463131 
507,12.65 ,0.000434112 
508,12.675 ,0.000406842 
509,12.7 ,0.00038122 
510,12.725 ,0.000357151 
511,12.75 ,0.000334545 
512,12.775 ,0.000313317 
513,12.8 ,0.000293387 
514,12.825 ,0.000274679 
515,12.85 ,0.000257122 
516,12.875 ,0.000240648 
517,12.9 ,0.000225193 
518,12.925 ,0.000210696 
519,12.95 ,0.0001971 
520,12.975 ,0.000184352 
521,13 ,0.000172402 
522,13.025 ,0.0001612 
523,13.05 ,0.000150703 
524,13.075 ,0.000140867 
525,13.1 ,0.000131652 
526,13.125 ,0.000123021 
527,13.15 ,0.000114939 
528,13.175 ,0.000107371 
529,13.2 ,0.000100286 
530,13.225 ,9.36539e-05 
531,13.25 ,8.74475e-05 
532,13.275 ,8.16403e-05 
533,13.3 ,7.62073e-05 
534,13.325 ,7.11253e-05 
535,13.35 ,6.63725e-05 
536,13.375 ,6.19282e-05 
537,13.4 ,5.7773e-05 
538,13.425 ,5.38889e-05 
539,13.45 ,5.02586e-05 
540,13.475 ,4.68662e-05 
541,13.5 ,4.36965e-05 
542,13.525 ,4.07354e-05 
543,13.55 ,3.79696e-05 
544,13.575 ,3.53866e-05 
545,13.6 ,3.29747e-05 
546,13.625 ,3.0723e-05 
547,13.65 ,2.8621e-05 
548,13.675 ,2.66592e-05 
549,13.7 ,2.48285e-05 
550,13.725 ,2.31203e-05 
551,13.75 ,2.15268e-05 
552,13.775 ,2.00403e-05 
553,13.8 ,1.86541e-05 
554,13.825 ,1.73614e-05 
555,13.85 ,1.61561e-05 
556,13.875 ,1.50325e-05 
557,13.9 ,1.39852e-05 
558,13.925 ,1.30092e-05 
559,13.95 ,1.20998e-05 
560,13.975 ,1.12524e-05 
561,14 ,1.04631e-05 
562,14.025 ,9.72783e-06 
563,14.05 ,9.04311e-06 
564,14.075 ,8.40552e-06 
565,14.1 ,7.8119e-06 
566,14.125 ,7.2593e-06 
567,14.15 ,6.74494e-06 
568,14.175 ,6.26624e-06 
569,14.2 ,5.8208e-06 
570,14.225 ,5.40636e-06 
571,14.25 ,5.02081e-06 
572,14.275 ,4.66219e-06 
573,14.3 ,4.32865e-06 
574,14.325 ,4.01849e-06 
575,14.35 ,3.73011e-06 
576,14.375 ,3.46201e-06 
577,14.4 ,3.2128e-06 
578,14.425 ,2.98117e-06 
579,14.45 ,2.76592e-06 
580,14.475 ,2.5659e-06 
581,14.5 ,2.38007e-06 
582,14.525 ,2.20745e-06 
583,14.55 ,2.0471e-06 
584,14.575 ,1.89819e-06 
585,14.6 ,1.75991e-06 
586,14.625 ,1.63151e-06 
587,14.65 ,1.51231e-06 
588,14.675 ,1.40166e-06 
589,14.7 ,1.29896e-06 
590,14.725 ,1.20365e-06 
591,14.75 ,1.11521e-06 
592,14.775 ,1.03315e-06 
593,14.8 ,9.57023e-07 
594,14.825 ,8.86409e-07 
595,14.85 ,8.20915e-07 
596,14.875 ,7.60178e-07 
597,14.9 ,7.03858e-07 
598,14.925 ,6.5164e-07 
599,14.95 ,6.03231e-07 
600,14.975 ,5.58359e-07 
601,15 ,5.16769e-07 
602,15.025 ,4.78226e-07 
603,15.05 ,4.42512e-07 
604,15.075 ,4.09421e-07 
605,15.1 ,3.78766e-07 
606,15.125 ,3.50369e-07 
607,15.15 ,3.24067e-07 
608,15.175 ,2.99709e-07 
609,15.2 ,2.77153e-07 
610,15.225 ,2.56269e-07 
611,15.25 ,2.36934e-07 
612,15.275 ,2.19035e-07 
613,15.3 ,2.02468e-07 
614,15.325 ,1.87136e-07 
615,15.35 ,1.72947e-07 
616,15.375 ,1.59818e-07 
617,15.4 ,1.47671e-07 
618,15.425 ,1.36433e-07 
619,15.45 ,1.26039e-07 
620,15.475 ,1.16425e-07 
621,15.5 ,1.07534e-07 
622,15.525 ,9.93116e-08 
623,15.55 ,9.17095e-08 
624,15.575 ,8.46811e-08 
625,15.6 ,7.81838e-08 
626,15.625 ,7.21782e-08 
627,15.65 ,6.66275e-08 
628,15.675 ,6.14978e-08 
629,15.7 ,5.67577e-08 
630,15.725 ,5.2378e-08 
631,15.75 ,4.83318e-08 
632,15.775 ,4.4594e-08 
633,15.8 ,4.11414e-08 
634,15.825 ,3.79526e-08 
635,15.85 ,3.50077e-08 
636,15.875 ,3.22884e-08 
637,15.9 ,2.97776e-08 
638,15.925 ,2.74595e-08 
639,15.95 ,2.53196e-08 
640,15.975 ,2.33443e-08 
641,16 ,2.15212e-08 
642,16.025 ,1.98387e-08 
643,16.05 ,1.82861e-08 
644,16.075 ,1.68535e-08 
645,16.1 ,1.55318e-08 
646,16.125 ,1.43124e-08 
647,16.15 ,1.31877e-08 
648,16.175 ,1.21502e-08 
649,16.2 ,1.11934e-08 
650,16.225 ,1.03111e-08 
651,16.25 ,9.49743e-09 
652,16.275 ,8.74725e-09 
653,16.3 ,8.05564e-09 
654,16.325 ,7.41808e-09 
655,16.35 ,6.8304e-09 
656,16.375 ,6.28874e-09 
657,16.4 ,5.78954e-09 
658,16.425 ,5.32952e-09 
659,16.45 ,4.90565e-09 
660,16.475 ,4.5151e-09 
661,16.5 ,4.15531e-09 
662,16.525 ,3.82386e-09 
663,16.55 ,3.51857e-09 
664,16.575 ,3.23738e-09 
665,16.6 ,2.97842e-09 
666,16.625 ,2.73995e-09 
667,16.65 ,2.52037e-09 
668,16.675 ,2.31819e-09 
669,16.7 ,2.13207e-09 
670,16.725 ,1.96073e-09 
671,16.75 ,1.80301e-09 
672,16.775 ,1.65785e-09 
673,16.8 ,1.52425e-09 
674,16.825 ,1.40131e-09 
675,16.85 ,1.28818e-09 
676,16.875 ,1.18409e-09 
677,16.9 ,1.08833e-09 
678,16.925 ,1.00023e-09 
679,16.95 ,9.19197e-10 
680,16.975 ,8.4466e-10 
681,17 ,7.76106e-10 
682,17.025 ,7.13062e-10 
683,17.05 ,6.55088e-10 
684,17.075 ,6.01781e-10 
685,17.1 ,5.5277e-10 
686,17.125 ,5.07712e-10 
687,17.15 ,4.66291e-10 
688,17.175 ,4.28217e-10 
689,17.2 ,3.93222e-10 
690,17.225 ,3.61059e-10 
691,17.25 ,3.31503e-10 
692,17.275 ,3.04343e-10 
693,17.3 ,2.79387e-10 
694,17.325 ,2.56458e-10 
695,17.35 ,2.35394e-10 
696,17.375 ,2.16044e-10 
697,17.4 ,1.98269e-10 
698,17.425 ,1.81943e-10 
699,17.45 ,1.6695e-10 
700,17.475 ,1.5318e-10 
701,17.5 ,1.40536e-10 
702,17.525 ,1.28926e-10 
703,17.55 ,1.18266e-10 
704,17.575 ,1.0848e-10 
705,17.6 ,9.94963e-11 
706,17.625 ,9.12496e-11 
707,17.65 ,8.36804e-11 
708,17.675 ,7.67332e-11 
709,17.7 ,7.03577e-11 
710,17.725 ,6.4507e-11 
711,17.75 ,5.91385e-11 
712,17.775 ,5.42126e-11 
713,17.8 ,4.96934e-11 
714,17.825 ,4.55474e-11 
715,17.85 ,4.17441e-11 
716,17.875 ,3.82555e-11 
717,17.9 ,3.50558e-11 
718,17.925 ,3.21212e-11 
719,17.95 ,2.94299e-11 
720,17.975 ,2.6962e-11 
721,18 ,2.46991e-11 
722,18.025 ,2.26243e-11 
723,18.05 ,2.07221e-11 
724,18.075 ,1.89782e-11 
725,18.1 ,1.73796e-11 
726,18.125 ,1.59143e-11 
727,18.15 ,1.45713e-11 
728,18.175 ,1.33404e-11 
729,18.2 ,1.22124e-11 
730,18.225 ,1.11787e-11 
731,18.25 ,1.02316e-11 
732,18.275 ,9.36374e-12 
733,18.3 ,8.56865e-12 
734,18.325 ,7.84026e-12 
735,18.35 ,7.17303e-12 
736,18.375 ,6.56184e-12 
737,18.4 ,6.00205e-12 
738,18.425 ,5.48936e-12 
739,18.45 ,5.01984e-12 
740,18.475 ,4.58989e-12 
741,18.5 ,4.1962e-12 
742,18.525 ,3.83575e-12 
743,18.55 ,3.50575e-12 
744,18.575 ,3.20365e-12 
745,18.6 ,2.92712e-12 
746,18.625 ,2.67401e-12 
747,18.65 ,2.44237e-12 
748,18.675 ,2.23038e-12 
749,18.7 ,2.0364e-12 
750,18.725 ,1.85893e-12 
751,18.75 ,1.69657e-12 
752,18.775 ,1.54805e-12 
753,18.8 ,1.41222e-12 
754,18.825 ,1.28801e-12 
755,18.85 ,1.17444e-12 
756,18.875 ,1.07063e-12 
757,18.9 ,9.75748e-13 
758,18.925 ,8.89055e-13 
759,18.95 ,8.09866e-13 
760,18.975 ,7.37556e-13 
761,19 ,6.71552e-13 
762,19.025 ,6.11332e-13 
763,19.05 ,5.56419e-13 
764,19.075 ,5.06377e-13 
765,19.1 ,4.60809e-13 
766,19.125 ,4.19354e-13 
767,19.15 ,3.81681e-13 
768,19.175 ,3.47492e-13 
769,19.2 ,3.16514e-13 
770,19.225 ,2.88502e-13 
771,19.25 ,2.63232e-13 
772,19.275 ,2.40505e-13 
773,19.3 ,2.2014e-13 
774,19.325 ,2.01977e-13 
775,19.35 ,1.85872e-13 
776,19.375 ,1.71699e-13 
777,19.4 ,1.59349e-13 
778,19.425 ,1.48726e-13 
779,19.45 ,1.3975e-13 
780,19.475 ,1.32353e-13 
781,19.5 ,1.26482e-13 
782,19.525 ,1.22097e-13 
783,19.55 ,1.19171e-13 
784,19.575 ,1.17688e-13 
785,19.6 ,1.17647e-13 
786,19.625 ,1.19058e-13 
787,19.65 ,1.21946e-13 
788,19.675 ,1.26348e-13 
789,19.7 ,1.32315e-13 
790,19.725 ,1.39913e-13 
791,19.75 ,1.49223e-13 
792,19.775 ,1.60343e-13 
793,19.8 ,1.73386e-13 
794,19.825 ,1.88487e-13 
795,19.85 ,2.05797e-13 
796,19.875 ,2.25491e-13 
797,19.9 ,2.47766e-13 
798,19.925 ,2.72844e-13 
799,19.95 ,3.00975e-13 
800,19.975 ,3.3244e-13 
801,20 ,3.67551e-13 
802,20.025 ,4.06656e-13 
803,20.05 ,4.50146e-13 
804,20.075 ,4.98451e-13 
805,20.1 ,5.52052e-13 
806,20.125 ,6.11482e-13 
807,20.15 ,6.77331e-13 
808,20.175 ,7.50256e-13 
809,20.2 ,8.30983e-13 
810,20.225 ,9.20316e-13 
811,20.25 ,1.01915e-12 
812,20.275 ,1.12846e-12 
813,20.3 ,1.24935e-12 
814,20.325 ,1.38303e-12 
815,20.35 ,1.53084e-12 
816,20.375 ,1.69425e-12 
817,20.4 ,1.8749e-12 
818,20.425 ,2.07462e-12 
819,20.45 ,2.2954e-12 
820,20.475 ,2.53947e-12 
821,20.5 ,2.8093e-12 
822,20.525 ,3.10759e-12 
823,20.55 ,3.43736e-12 
824,20.575 ,3.80194e-12 
825,20.6 ,4.20502e-12 
826,20.625 ,4.65068e-12 
827,20.65 ,5.14344e-12 
828,20.675 ,5.6883e-12 
829,20.7 ,6.29078e-12 
830,20.725 ,6.95702e-12 
831,20.75 ,7.69379e-12 
832,20.775 ,8.5086e-12 
833,20.8 ,9.40976e-12 
834,20.825 ,1.04065e-11 
835,20.85 ,1.15089e-11 
836,20.875 ,1.27283e-11 
837,20.9 ,1.40772e-11 
838,20.925 ,1.55695e-11 
839,20.95 ,1.72203e-11 
840,20.975 ,1.90467e-11 
841,21 ,2.10674e-11 
842,21.025 ,2.33033e-11 
843,21.05 ,2.57773e-11 
844,21.075 ,2.85149e-11 
845,21.1 ,3.15444e-11 
846,21.125 ,3.48971e-11 
847,21.15 ,3.86076e-11 
848,21.175 ,4.27143e-11 
849,21.2 ,4.72597e-11 
850,21.225 ,5.22911e-11 
851,21.25 ,5.78604e-11 
852,21.275 ,6.40257e-11 
853,21.3 ,7.0851e-11 
854,21.325 ,7.84073e-11 
855,21.35 ,8.67733e-11 
856,21.375 ,9.60362e-11 
857,21.4 ,1.06293e-10 
858,21.425 ,1.1765e-10 
859,21.45 ,1.30226e-10 
860,21.475 ,1.44154e-10 
861,21.5 ,1.59578e-10 
862,21.525 ,1.76661e-10 
863,21.55 ,1.95581e-10 
864,21.575 ,2.16538e-10 
865,21.6 ,2.39752e-10 
866,21.625 ,2.65466e-10 
867,21.65 ,2.93952e-10 
868,21.675 ,3.2551e-10 
869,21.7 ,3.60472e-10 
870,21.725 ,3.99208e-10 
871,21.75 ,4.42127e-10 
872,21.775 ,4.89682e-10 
873,21.8 ,5.42378e-10 
874,21.825 ,6.00772e-10 
875,21.85 ,6.65484e-10 
876,21.875 ,7.37201e-10 
877,21.9 ,8.16683e-10 
878,21.925 ,9.04776e-10 
879,21.95 ,1.00242e-09 
880,21.975 ,1.11065e-09 
881,22 ,1.23062e-09 
882,22.025 ,1.36361e-09 
883,22.05 ,1.51105e-09 
884,22.075 ,1.67449e-09 
885,22.1 ,1.85571e-09 
886,22.125 ,2.05663e-09 
887,22.15 ,2.2794e-09 
888,22.175 ,2.52642e-09 
889,22.2 ,2.80033e-09 
890,22.225 ,3.10408e-09 
891,22.25 ,3.44093e-09 
892,22.275 ,3.81451e-09 
893,22.3 ,4.22883e-09 
894,22.325 ,4.68836e-09 
895,22.35 ,5.19805e-09 
896,22.375 ,5.76341e-09 
897,22.4 ,6.39055e-09 
898,22.425 ,7.08623e-09 
899,22.45 ,7.85798e-09 
900,22.475 ,8.71417e-09 
901,22.5 ,9.66407e-09 
902,22.525 ,1.0718e-08 
903,22.55 ,1.18873e-08 
904,22.575 ,1.31848e-08 
905,22.6 ,1.46246e-08 
906,22.625 ,1.62222e-08 
907,22.65 ,1.79952e-08 
908,22.675 ,1.99628e-08 
909,22.7 ,2.21464e-08 
910,22.725 ,2.457e-08 
911,22.75 ,2.72599e-08 
912,22.775 ,3.02456e-08 
913,22.8 ,3.35598e-08 
914,22.825 ,3.72386e-08 
915,22.85 ,4.13225e-08 
916,22.875 ,4.58561e-08 
917,22.9 ,5.08893e-08 
918,22.925 ,5.64772e-08 
919,22.95 ,6.26813e-08 
920,22.975 ,6.95698e-08 
921,23 ,7.72185e-08 
922,23.025 ,8.57116e-08 
923,23.05 ,9.51428e-08 
924,23.075 ,1.05616e-07 
925,23.1 ,1.17247e-07 
926,23.125 ,1.30164e-07 
927,23.15 ,1.4451e-07 
928,23.175 ,1.60444e-07 
929,23.2 ,1.78141e-07 
930,23.225 ,1.97799e-07 
931,23.25 ,2.19635e-07 
932,23.275 ,2.43891e-07 
933,23.3 ,2.70836e-07 
934,23.325 ,3.00771e-07 
935,23.35 ,3.34027e-07 
936,23.375 ,3.70975e-07 
937,23.4 ,4.12026e-07 
938,23.425 ,4.57638e-07 
939,23.45 ,5.0832e-07 
940,23.475 ,5.64636e-07 
941,23.5 ,6.27215e-07 
942,23.525 ,6.96758e-07 
943,23.55 ,7.74041e-07 
944,23.575 ,8.5993e-07 
945,23.6 ,9.55386e-07 
946,23.625 ,1.06148e-06 
947,23.65 ,1.1794e-06 
948,23.675 ,1.31047e-06 
949,23.7 ,1.45616e-06 
950,23.725 ,1.61811e-06 
951,23.75 ,1.79814e-06 
952,23.775 ,1.99828e-06 
953,23.8 ,2.22077e-06 
954,23.825 ,2.46814e-06 
955,23.85 ,2.74316e-06 
956,23.875 ,3.04893e-06 
957,23.9 ,3.38892e-06 
958,23.925 ,3.76697e-06 
959,23.95 ,4.18734e-06 
960,23.975 ,4.65479e-06 
961,24 ,5.17463e-06 
962,24.025 ,5.75272e-06 
963,24.05 ,6.39564e-06 
964,24.075 ,7.11067e-06 
965,24.1 ,7.90593e-06 
966,24.125 ,8.79046e-06 
967,24.15 ,9.7743e-06 
968,24.175 ,1.08687e-05 
969,24.2 ,1.2086e-05 
970,24.225 ,1.34401e-05 
971,24.25 ,1.49465e-05 
972,24.275 ,1.66224e-05 
973,24.3 ,1.84868e-05 
974,24.325 ,2.05611e-05 
975,24.35 ,2.2869e-05 
976,24.375 ,2.54367e-05 
977,24.4 ,2.82939e-05 
978,24.425 ,3.1473e-05 
979,24.45 ,3.50106e-05 
980,24.475 ,3.89473e-05 
981,24.5 ,4.3328e-05 
982,24.525 ,4.82033e-05 
983,24.55 ,5.3629e-05 
984,24.575 ,5.96674e-05 
985,24.6 ,6.63881e-05 
986,24.625 ,7.38684e-05 
987,24.65 ,8.21944e-05 
988,24.675 ,9.1462e-05 
989,24.7 ,0.000101778 
990,24.725 ,0.000113262 
991,24.75 ,0.000126045 
992,24.775 ,0.000140276 
993,24.8 ,0.00015612 
994,24.825 ,0.000173758 
995,24.85 ,0.000193396 
996,24.875 ,0.000215261 
997,24.9 ,0.000239606 
998,24.925 ,0.000266714 
999,24.95 ,0.000296898 
1000,24.975 ,0.000330509 