
1,0 ,0 
2,0.025 ,0 
3,0.05 ,0 
4,0.075 ,0.00110693 
5,0.1 ,0.00196686 
6,0.125 ,0.0030711 
7,0.15 ,0.00441861 
8,0.175 ,0.00600811 
9,0.2 ,0.0078381 
10,0.225 ,0.00990683 
11,0.25 ,0.0122124 
12,0.275 ,0.0147525 
13,0.3 ,0.0175249 
14,0.325 ,0.0205268 
15,0.35 ,0.0237556 
16,0.375 ,0.027208 
17,0.4 ,0.030881 
18,0.425 ,0.0347709 
19,0.45 ,0.0388743 
20,0.475 ,0.0431872 
21,0.5 ,0.0477056 
22,0.525 ,0.0524253 
23,0.55 ,0.0573418 
24,0.575 ,0.0624507 
25,0.6 ,0.0677472 
26,0.625 ,0.0732262 
27,0.65 ,0.0788829 
28,0.675 ,0.0847119 
29,0.7 ,0.090708 
30,0.725 ,0.0968655 
31,0.75 ,0.103179 
32,0.775 ,0.109642 
33,0.8 ,0.11625 
34,0.825 ,0.122996 
35,0.85 ,0.129873 
36,0.875 ,0.136877 
37,0.9 ,0.144 
38,0.925 ,0.151236 
39,0.95 ,0.158579 
40,0.975 ,0.166022 
41,1 ,0.173559 
42,1.025 ,0.181182 
43,1.05 ,0.188885 
44,1.075 ,0.196662 
45,1.1 ,0.204505 
46,1.125 ,0.212408 
47,1.15 ,0.220363 
48,1.175 ,0.228365 
49,1.2 ,0.236405 
50,1.225 ,0.244478 
51,1.25 ,0.252576 
52,1.275 ,0.260692 
53,1.3 ,0.268821 
54,1.325 ,0.276954 
55,1.35 ,0.285084 
56,1.375 ,0.293207 
57,1.4 ,0.301314 
58,1.425 ,0.309399 
59,1.45 ,0.317455 
60,1.475 ,0.325476 
61,1.5 ,0.333456 
62,1.525 ,0.341388 
63,1.55 ,0.349266 
64,1.575 ,0.357084 
65,1.6 ,0.364835 
66,1.625 ,0.372515 
67,1.65 ,0.380116 
68,1.675 ,0.387633 
69,1.7 ,0.395061 
70,1.725 ,0.402394 
71,1.75 ,0.409626 
72,1.775 ,0.416753 
73,1.8 ,0.42377 
74,1.825 ,0.430671 
75,1.85 ,0.437451 
76,1.875 ,0.444106 
77,1.9 ,0.450632 
78,1.925 ,0.457023 
79,1.95 ,0.463277 
80,1.975 ,0.469388 
81,2 ,0.475353 
82,2.025 ,0.481168 
83,2.05 ,0.48683 
84,2.075 ,0.492335 
85,2.1 ,0.49768 
86,2.125 ,0.502862 
87,2.15 ,0.507878 
88,2.175 ,0.512725 
89,2.2 ,0.517402 
90,2.225 ,0.521904 
91,2.25 ,0.526231 
92,2.275 ,0.530381 
93,2.3 ,0.53435 
94,2.325 ,0.538139 
95,2.35 ,0.541745 
96,2.375 ,0.545166 
97,2.4 ,0.548403 
98,2.425 ,0.551454 
99,2.45 ,0.554317 
100,2.475 ,0.556994 
101,2.5 ,0.559482 
102,2.525 ,0.561782 
103,2.55 ,0.563893 
104,2.575 ,0.565816 
105,2.6 ,0.567551 
106,2.625 ,0.569098 
107,2.65 ,0.570458 
108,2.675 ,0.571631 
109,2.7 ,0.572618 
110,2.725 ,0.57342 
111,2.75 ,0.574038 
112,2.775 ,0.574473 
113,2.8 ,0.574727 
114,2.825 ,0.574801 
115,2.85 ,0.574697 
116,2.875 ,0.574417 
117,2.9 ,0.573962 
118,2.925 ,0.573334 
119,2.95 ,0.572536 
120,2.975 ,0.571569 
121,3 ,0.570437 
122,3.025 ,0.569141 
123,3.05 ,0.567683 
124,3.075 ,0.566068 
125,3.1 ,0.564296 
126,3.125 ,0.562371 
127,3.15 ,0.560297 
128,3.175 ,0.558075 
129,3.2 ,0.555709 
130,3.225 ,0.553202 
131,3.25 ,0.550556 
132,3.275 ,0.547776 
133,3.3 ,0.544865 
134,3.325 ,0.541825 
135,3.35 ,0.538661 
136,3.375 ,0.535375 
137,3.4 ,0.531972 
138,3.425 ,0.528453 
139,3.45 ,0.524824 
140,3.475 ,0.521088 
141,3.5 ,0.517247 
142,3.525 ,0.513306 
143,3.55 ,0.509269 
144,3.575 ,0.505139 
145,3.6 ,0.500919 
146,3.625 ,0.496613 
147,3.65 ,0.492225 
148,3.675 ,0.487759 
149,3.7 ,0.483217 
150,3.725 ,0.478604 
151,3.75 ,0.473924 
152,3.775 ,0.469179 
153,3.8 ,0.464374 
154,3.825 ,0.459512 
155,3.85 ,0.454596 
156,3.875 ,0.44963 
157,3.9 ,0.444618 
158,3.925 ,0.439562 
159,3.95 ,0.434466 
160,3.975 ,0.429335 
161,4 ,0.42417 
162,4.025 ,0.418975 
163,4.05 ,0.413753 
164,4.075 ,0.408509 
165,4.1 ,0.403243 
166,4.125 ,0.397961 
167,4.15 ,0.392664 
168,4.175 ,0.387356 
169,4.2 ,0.38204 
170,4.225 ,0.376719 
171,4.25 ,0.371395 
172,4.275 ,0.36607 
173,4.3 ,0.360749 
174,4.325 ,0.355433 
175,4.35 ,0.350125 
176,4.375 ,0.344828 
177,4.4 ,0.339544 
178,4.425 ,0.334274 
179,4.45 ,0.329023 
180,4.475 ,0.323791 
181,4.5 ,0.318581 
182,4.525 ,0.313396 
183,4.55 ,0.308236 
184,4.575 ,0.303105 
185,4.6 ,0.298003 
186,4.625 ,0.292934 
187,4.65 ,0.287898 
188,4.675 ,0.282898 
189,4.7 ,0.277934 
190,4.725 ,0.273009 
191,4.75 ,0.268124 
192,4.775 ,0.263281 
193,4.8 ,0.25848 
194,4.825 ,0.253724 
195,4.85 ,0.249013 
196,4.875 ,0.244349 
197,4.9 ,0.239732 
198,4.925 ,0.235164 
199,4.95 ,0.230646 
200,4.975 ,0.226179 
201,5 ,0.221763 
202,5.025 ,0.2174 
203,5.05 ,0.21309 
204,5.075 ,0.208833 
205,5.1 ,0.204631 
206,5.125 ,0.200483 
207,5.15 ,0.196391 
208,5.175 ,0.192355 
209,5.2 ,0.188374 
210,5.225 ,0.18445 
211,5.25 ,0.180583 
212,5.275 ,0.176772 
213,5.3 ,0.173018 
214,5.325 ,0.16932 
215,5.35 ,0.16568 
216,5.375 ,0.162097 
217,5.4 ,0.15857 
218,5.425 ,0.1551 
219,5.45 ,0.151687 
220,5.475 ,0.14833 
221,5.5 ,0.145029 
222,5.525 ,0.141784 
223,5.55 ,0.138595 
224,5.575 ,0.135461 
225,5.6 ,0.132382 
226,5.625 ,0.129358 
227,5.65 ,0.126388 
228,5.675 ,0.123473 
229,5.7 ,0.12061 
230,5.725 ,0.117801 
231,5.75 ,0.115044 
232,5.775 ,0.112339 
233,5.8 ,0.109686 
234,5.825 ,0.107083 
235,5.85 ,0.104532 
236,5.875 ,0.10203 
237,5.9 ,0.0995773 
238,5.925 ,0.0971736 
239,5.95 ,0.0948181 
240,5.975 ,0.0925102 
241,6 ,0.0902494 
242,6.025 ,0.088035 
243,6.05 ,0.0858664 
244,6.075 ,0.0837429 
245,6.1 ,0.081664 
246,6.125 ,0.0796291 
247,6.15 ,0.0776374 
248,6.175 ,0.0756883 
249,6.2 ,0.0737813 
250,6.225 ,0.0719156 
251,6.25 ,0.0700906 
252,6.275 ,0.0683057 
253,6.3 ,0.0665603 
254,6.325 ,0.0648536 
255,6.35 ,0.0631851 
256,6.375 ,0.0615541 
257,6.4 ,0.05996 
258,6.425 ,0.0584021 
259,6.45 ,0.0568798 
260,6.475 ,0.0553925 
261,6.5 ,0.0539396 
262,6.525 ,0.0525204 
263,6.55 ,0.0511343 
264,6.575 ,0.0497807 
265,6.6 ,0.048459 
266,6.625 ,0.0471686 
267,6.65 ,0.045909 
268,6.675 ,0.0446794 
269,6.7 ,0.0434793 
270,6.725 ,0.0423082 
271,6.75 ,0.0411655 
272,6.775 ,0.0400506 
273,6.8 ,0.0389629 
274,6.825 ,0.0379019 
275,6.85 ,0.036867 
276,6.875 ,0.0358578 
277,6.9 ,0.0348736 
278,6.925 ,0.033914 
279,6.95 ,0.0329784 
280,6.975 ,0.0320663 
281,7 ,0.0311773 
282,7.025 ,0.0303108 
283,7.05 ,0.0294662 
284,7.075 ,0.0286433 
285,7.1 ,0.0278414 
286,7.125 ,0.0270601 
287,7.15 ,0.026299 
288,7.175 ,0.0255576 
289,7.2 ,0.0248354 
290,7.225 ,0.024132 
291,7.25 ,0.023447 
292,7.275 ,0.02278 
293,7.3 ,0.0221306 
294,7.325 ,0.0214982 
295,7.35 ,0.0208827 
296,7.375 ,0.0202834 
297,7.4 ,0.0197002 
298,7.425 ,0.0191325 
299,7.45 ,0.01858 
300,7.475 ,0.0180424 
301,7.5 ,0.0175193 
302,7.525 ,0.0170103 
303,7.55 ,0.0165152 
304,7.575 ,0.0160334 
305,7.6 ,0.0155649 
306,7.625 ,0.0151091 
307,7.65 ,0.0146659 
308,7.675 ,0.0142348 
309,7.7 ,0.0138156 
310,7.725 ,0.013408 
311,7.75 ,0.0130117 
312,7.775 ,0.0126263 
313,7.8 ,0.0122518 
314,7.825 ,0.0118877 
315,7.85 ,0.0115337 
316,7.875 ,0.0111897 
317,7.9 ,0.0108554 
318,7.925 ,0.0105305 
319,7.95 ,0.0102148 
320,7.975 ,0.00990801 
321,8 ,0.00960995 
322,8.025 ,0.00932037 
323,8.05 ,0.00903905 
324,8.075 ,0.00876576 
325,8.1 ,0.00850031 
326,8.125 ,0.00824248 
327,8.15 ,0.00799207 
328,8.175 ,0.00774888 
329,8.2 ,0.00751272 
330,8.225 ,0.00728339 
331,8.25 ,0.00706072 
332,8.275 ,0.00684453 
333,8.3 ,0.00663463 
334,8.325 ,0.00643087 
335,8.35 ,0.00623306 
336,8.375 ,0.00604105 
337,8.4 ,0.00585469 
338,8.425 ,0.0056738 
339,8.45 ,0.00549825 
340,8.475 ,0.00532789 
341,8.5 ,0.00516257 
342,8.525 ,0.00500215 
343,8.55 ,0.0048465 
344,8.575 ,0.00469548 
345,8.6 ,0.00454896 
346,8.625 ,0.00440682 
347,8.65 ,0.00426894 
348,8.675 ,0.00413519 
349,8.7 ,0.00400545 
350,8.725 ,0.00387962 
351,8.75 ,0.00375757 
352,8.775 ,0.00363922 
353,8.8 ,0.00352444 
354,8.825 ,0.00341313 
355,8.85 ,0.00330521 
356,8.875 ,0.00320056 
357,8.9 ,0.0030991 
358,8.925 ,0.00300073 
359,8.95 ,0.00290537 
360,8.975 ,0.00281292 
361,9 ,0.0027233 
362,9.025 ,0.00263644 
363,9.05 ,0.00255224 
364,9.075 ,0.00247063 
365,9.1 ,0.00239154 
366,9.125 ,0.00231489 
367,9.15 ,0.00224061 
368,9.175 ,0.00216863 
369,9.2 ,0.00209888 
370,9.225 ,0.0020313 
371,9.25 ,0.00196582 
372,9.275 ,0.00190237 
373,9.3 ,0.00184091 
374,9.325 ,0.00178136 
375,9.35 ,0.00172368 
376,9.375 ,0.0016678 
377,9.4 ,0.00161368 
378,9.425 ,0.00156126 
379,9.45 ,0.00151048 
380,9.475 ,0.0014613 
381,9.5 ,0.00141367 
382,9.525 ,0.00136755 
383,9.55 ,0.00132289 
384,9.575 ,0.00127963 
385,9.6 ,0.00123775 
386,9.625 ,0.0011972 
387,9.65 ,0.00115794 
388,9.675 ,0.00111992 
389,9.7 ,0.00108312 
390,9.725 ,0.00104749 
391,9.75 ,0.001013 
392,9.775 ,0.000979611 
393,9.8 ,0.000947291 
394,9.825 ,0.000916007 
395,9.85 ,0.000885727 
396,9.875 ,0.000856419 
397,9.9 ,0.000828054 
398,9.925 ,0.000800603 
399,9.95 ,0.000774036 
400,9.975 ,0.000748327 
401,10 ,0.000723449 
402,10.025 ,0.000699375 
403,10.05 ,0.000676081 
404,10.075 ,0.000653543 
405,10.1 ,0.000631736 
406,10.125 ,0.000610637 
407,10.15 ,0.000590225 
408,10.175 ,0.000570478 
409,10.2 ,0.000551375 
410,10.225 ,0.000532894 
411,10.25 ,0.000515018 
412,10.275 ,0.000497727 
413,10.3 ,0.000481001 
414,10.325 ,0.000464824 
415,10.35 ,0.000449177 
416,10.375 ,0.000434044 
417,10.4 ,0.000419409 
418,10.425 ,0.000405255 
419,10.45 ,0.000391568 
420,10.475 ,0.000378332 
421,10.5 ,0.000365533 
422,10.525 ,0.000353156 
423,10.55 ,0.000341189 
424,10.575 ,0.000329619 
425,10.6 ,0.000318431 
426,10.625 ,0.000307615 
427,10.65 ,0.000297158 
428,10.675 ,0.000287048 
429,10.7 ,0.000277274 
430,10.725 ,0.000267826 
431,10.75 ,0.000258693 
432,10.775 ,0.000249865 
433,10.8 ,0.000241331 
434,10.825 ,0.000233082 
435,10.85 ,0.00022511 
436,10.875 ,0.000217404 
437,10.9 ,0.000209956 
438,10.925 ,0.000202759 
439,10.95 ,0.000195802 
440,10.975 ,0.00018908 
441,11 ,0.000182583 
442,11.025 ,0.000176306 
443,11.05 ,0.000170239 
444,11.075 ,0.000164377 
445,11.1 ,0.000158713 
446,11.125 ,0.000153241 
447,11.15 ,0.000147953 
448,11.175 ,0.000142844 
449,11.2 ,0.000137908 
450,11.225 ,0.000133139 
451,11.25 ,0.000128532 
452,11.275 ,0.000124081 
453,11.3 ,0.000119782 
454,11.325 ,0.000115629 
455,11.35 ,0.000111617 
456,11.375 ,0.000107741 
457,11.4 ,0.000103998 
458,11.425 ,0.000100382 
459,11.45 ,9.68897e-05 
460,11.475 ,9.35166e-05 
461,11.5 ,9.02588e-05 
462,11.525 ,8.71125e-05 
463,11.55 ,8.40738e-05 
464,11.575 ,8.11393e-05 
465,11.6 ,7.83054e-05 
466,11.625 ,7.55687e-05 
467,11.65 ,7.2926e-05 
468,11.675 ,7.03741e-05 
469,11.7 ,6.79099e-05 
470,11.725 ,6.55305e-05 
471,11.75 ,6.32331e-05 
472,11.775 ,6.10148e-05 
473,11.8 ,5.88731e-05 
474,11.825 ,5.68052e-05 
475,11.85 ,5.48088e-05 
476,11.875 ,5.28814e-05 
477,11.9 ,5.10206e-05 
478,11.925 ,4.92242e-05 
479,11.95 ,4.749e-05 
480,11.975 ,4.5816e-05 
481,12 ,4.42e-05 
482,12.025 ,4.264e-05 
483,12.05 ,4.11343e-05 
484,12.075 ,3.96809e-05 
485,12.1 ,3.8278e-05 
486,12.125 ,3.69239e-05 
487,12.15 ,3.5617e-05 
488,12.175 ,3.43556e-05 
489,12.2 ,3.31383e-05 
490,12.225 ,3.19633e-05 
491,12.25 ,3.08294e-05 
492,12.275 ,2.97351e-05 
493,12.3 ,2.86791e-05 
494,12.325 ,2.766e-05 
495,12.35 ,2.66766e-05 
496,12.375 ,2.57276e-05 
497,12.4 ,2.48119e-05 
498,12.425 ,2.39283e-05 
499,12.45 ,2.30757e-05 
500,12.475 ,2.2253e-05 
501,12.5 ,2.14593e-05 
502,12.525 ,2.06934e-05 
503,12.55 ,1.99545e-05 
504,12.575 ,1.92416e-05 
505,12.6 ,1.85538e-05 
506,12.625 ,1.78903e-05 
507,12.65 ,1.72501e-05 
508,12.675 ,1.66325e-05 
509,12.7 ,1.60368e-05 
510,12.725 ,1.5462e-05 
511,12.75 ,1.49076e-05 
512,12.775 ,1.43728e-05 
513,12.8 ,1.3857e-05 
514,12.825 ,1.33594e-05 
515,12.85 ,1.28794e-05 
516,12.875 ,1.24164e-05 
517,12.9 ,1.19699e-05 
518,12.925 ,1.15392e-05 
519,12.95 ,1.11238e-05 
520,12.975 ,1.07231e-05 
521,13 ,1.03367e-05 
522,13.025 ,9.96403e-06 
523,13.05 ,9.60463e-06 
524,13.075 ,9.25803e-06 
525,13.1 ,8.92377e-06 
526,13.125 ,8.60143e-06 
527,13.15 ,8.29059e-06 
528,13.175 ,7.99084e-06 
529,13.2 ,7.70179e-06 
530,13.225 ,7.42306e-06 
531,13.25 ,7.1543e-06 
532,13.275 ,6.89514e-06 
533,13.3 ,6.64526e-06 
534,13.325 ,6.40433e-06 
535,13.35 ,6.17202e-06 
536,13.375 ,5.94804e-06 
537,13.4 ,5.73209e-06 
538,13.425 ,5.52389e-06 
539,13.45 ,5.32316e-06 
540,13.475 ,5.12963e-06 
541,13.5 ,4.94306e-06 
542,13.525 ,4.76319e-06 
543,13.55 ,4.5898e-06 
544,13.575 ,4.42264e-06 
545,13.6 ,4.2615e-06 
546,13.625 ,4.10616e-06 
547,13.65 ,3.95642e-06 
548,13.675 ,3.81208e-06 
549,13.7 ,3.67294e-06 
550,13.725 ,3.53883e-06 
551,13.75 ,3.40955e-06 
552,13.775 ,3.28495e-06 
553,13.8 ,3.16485e-06 
554,13.825 ,3.04909e-06 
555,13.85 ,2.93752e-06 
556,13.875 ,2.82999e-06 
557,13.9 ,2.72635e-06 
558,13.925 ,2.62646e-06 
559,13.95 ,2.5302e-06 
560,13.975 ,2.43742e-06 
561,14 ,2.34801e-06 
562,14.025 ,2.26185e-06 
563,14.05 ,2.17881e-06 
564,14.075 ,2.09879e-06 
565,14.1 ,2.02168e-06 
566,14.125 ,1.94737e-06 
567,14.15 ,1.87576e-06 
568,14.175 ,1.80676e-06 
569,14.2 ,1.74027e-06 
570,14.225 ,1.6762e-06 
571,14.25 ,1.61447e-06 
572,14.275 ,1.55499e-06 
573,14.3 ,1.49767e-06 
574,14.325 ,1.44245e-06 
575,14.35 ,1.38924e-06 
576,14.375 ,1.33798e-06 
577,14.4 ,1.28859e-06 
578,14.425 ,1.241e-06 
579,14.45 ,1.19516e-06 
580,14.475 ,1.15099e-06 
581,14.5 ,1.10844e-06 
582,14.525 ,1.06744e-06 
583,14.55 ,1.02795e-06 
584,14.575 ,9.89902e-07 
585,14.6 ,9.5325e-07 
586,14.625 ,9.17942e-07 
587,14.65 ,8.8393e-07 
588,14.675 ,8.51166e-07 
589,14.7 ,8.19604e-07 
590,14.725 ,7.89202e-07 
591,14.75 ,7.59918e-07 
592,14.775 ,7.31709e-07 
593,14.8 ,7.04538e-07 
594,14.825 ,6.78367e-07 
595,14.85 ,6.53159e-07 
596,14.875 ,6.28879e-07 
597,14.9 ,6.05493e-07 
598,14.925 ,5.82969e-07 
599,14.95 ,5.61276e-07 
600,14.975 ,5.40382e-07 
601,15 ,5.20259e-07 
602,15.025 ,5.00879e-07 
603,15.05 ,4.82214e-07 
604,15.075 ,4.64238e-07 
605,15.1 ,4.46927e-07 
606,15.125 ,4.30256e-07 
607,15.15 ,4.14201e-07 
608,15.175 ,3.98739e-07 
609,15.2 ,3.8385e-07 
610,15.225 ,3.69512e-07 
611,15.25 ,3.55705e-07 
612,15.275 ,3.4241e-07 
613,15.3 ,3.29607e-07 
614,15.325 ,3.17279e-07 
615,15.35 ,3.05408e-07 
616,15.375 ,2.93977e-07 
617,15.4 ,2.82971e-07 
618,15.425 ,2.72373e-07 
619,15.45 ,2.62169e-07 
620,15.475 ,2.52344e-07 
621,15.5 ,2.42884e-07 
622,15.525 ,2.33776e-07 
623,15.55 ,2.25007e-07 
624,15.575 ,2.16564e-07 
625,15.6 ,2.08435e-07 
626,15.625 ,2.00608e-07 
627,15.65 ,1.93074e-07 
628,15.675 ,1.8582e-07 
629,15.7 ,1.78836e-07 
630,15.725 ,1.72113e-07 
631,15.75 ,1.6564e-07 
632,15.775 ,1.59409e-07 
633,15.8 ,1.5341e-07 
634,15.825 ,1.47636e-07 
635,15.85 ,1.42077e-07 
636,15.875 ,1.36726e-07 
637,15.9 ,1.31574e-07 
638,15.925 ,1.26616e-07 
639,15.95 ,1.21842e-07 
640,15.975 ,1.17248e-07 
641,16 ,1.12825e-07 
642,16.025 ,1.08568e-07 
643,16.05 ,1.0447e-07 
644,16.075 ,1.00526e-07 
645,16.1 ,9.67294e-08 
646,16.125 ,9.30753e-08 
647,16.15 ,8.95581e-08 
648,16.175 ,8.61729e-08 
649,16.2 ,8.29147e-08 
650,16.225 ,7.97788e-08 
651,16.25 ,7.67606e-08 
652,16.275 ,7.38557e-08 
653,16.3 ,7.106e-08 
654,16.325 ,6.83693e-08 
655,16.35 ,6.57798e-08 
656,16.375 ,6.32876e-08 
657,16.4 ,6.08892e-08 
658,16.425 ,5.85811e-08 
659,16.45 ,5.63598e-08 
660,16.475 ,5.42221e-08 
661,16.5 ,5.21649e-08 
662,16.525 ,5.01853e-08 
663,16.55 ,4.82802e-08 
664,16.575 ,4.6447e-08 
665,16.6 ,4.46828e-08 
666,16.625 ,4.29852e-08 
667,16.65 ,4.13517e-08 
668,16.675 ,3.97798e-08 
669,16.7 ,3.82673e-08 
670,16.725 ,3.68118e-08 
671,16.75 ,3.54114e-08 
672,16.775 ,3.40639e-08 
673,16.8 ,3.27673e-08 
674,16.825 ,3.15197e-08 
675,16.85 ,3.03193e-08 
676,16.875 ,2.91643e-08 
677,16.9 ,2.8053e-08 
678,16.925 ,2.69838e-08 
679,16.95 ,2.5955e-08 
680,16.975 ,2.49652e-08 
681,17 ,2.4013e-08 
682,17.025 ,2.30968e-08 
683,17.05 ,2.22153e-08 
684,17.075 ,2.13673e-08 
685,17.1 ,2.05514e-08 
686,17.125 ,1.97665e-08 
687,17.15 ,1.90113e-08 
688,17.175 ,1.82848e-08 
689,17.2 ,1.75859e-08 
690,17.225 ,1.69136e-08 
691,17.25 ,1.62668e-08 
692,17.275 ,1.56445e-08 
693,17.3 ,1.5046e-08 
694,17.325 ,1.44701e-08 
695,17.35 ,1.39162e-08 
696,17.375 ,1.33834e-08 
697,17.4 ,1.28708e-08 
698,17.425 ,1.23777e-08 
699,17.45 ,1.19035e-08 
700,17.475 ,1.14472e-08 
701,17.5 ,1.10084e-08 
702,17.525 ,1.05863e-08 
703,17.55 ,1.01802e-08 
704,17.575 ,9.78966e-09 
705,17.6 ,9.41399e-09 
706,17.625 ,9.05266e-09 
707,17.65 ,8.7051e-09 
708,17.675 ,8.37082e-09 
709,17.7 ,8.04929e-09 
710,17.725 ,7.74004e-09 
711,17.75 ,7.44261e-09 
712,17.775 ,7.15653e-09 
713,17.8 ,6.88139e-09 
714,17.825 ,6.61676e-09 
715,17.85 ,6.36225e-09 
716,17.875 ,6.11747e-09 
717,17.9 ,5.88206e-09 
718,17.925 ,5.65565e-09 
719,17.95 ,5.43791e-09 
720,17.975 ,5.2285e-09 
721,18 ,5.02711e-09 
722,18.025 ,4.83344e-09 
723,18.05 ,4.64718e-09 
724,18.075 ,4.46806e-09 
725,18.1 ,4.29581e-09 
726,18.125 ,4.13016e-09 
727,18.15 ,3.97086e-09 
728,18.175 ,3.81767e-09 
729,18.2 ,3.67036e-09 
730,18.225 ,3.5287e-09 
731,18.25 ,3.39248e-09 
732,18.275 ,3.26149e-09 
733,18.3 ,3.13553e-09 
734,18.325 ,3.0144e-09 
735,18.35 ,2.89793e-09 
736,18.375 ,2.78594e-09 
737,18.4 ,2.67825e-09 
738,18.425 ,2.5747e-09 
739,18.45 ,2.47514e-09 
740,18.475 ,2.3794e-09 
741,18.5 ,2.28735e-09 
742,18.525 ,2.19884e-09 
743,18.55 ,2.11373e-09 
744,18.575 ,2.03191e-09 
745,18.6 ,1.95323e-09 
746,18.625 ,1.87759e-09 
747,18.65 ,1.80485e-09 
748,18.675 ,1.73493e-09 
749,18.7 ,1.66769e-09 
750,18.725 ,1.60305e-09 
751,18.75 ,1.54091e-09 
752,18.775 ,1.48115e-09 
753,18.8 ,1.42371e-09 
754,18.825 ,1.36848e-09 
755,18.85 ,1.31538e-09 
756,18.875 ,1.26434e-09 
757,18.9 ,1.21526e-09 
758,18.925 ,1.16808e-09 
759,18.95 ,1.12272e-09 
760,18.975 ,1.07912e-09 
761,19 ,1.0372e-09 
762,19.025 ,9.96897e-10 
763,19.05 ,9.58156e-10 
764,19.075 ,9.20913e-10 
765,19.1 ,8.85111e-10 
766,19.125 ,8.50693e-10 
767,19.15 ,8.17608e-10 
768,19.175 ,7.85804e-10 
769,19.2 ,7.5523e-10 
770,19.225 ,7.25841e-10 
771,19.25 ,6.9759e-10 
772,19.275 ,6.70433e-10 
773,19.3 ,6.44329e-10 
774,19.325 ,6.19237e-10 
775,19.35 ,5.95117e-10 
776,19.375 ,5.71932e-10 
777,19.4 ,5.49646e-10 
778,19.425 ,5.28225e-10 
779,19.45 ,5.07635e-10 
780,19.475 ,4.87844e-10 
781,19.5 ,4.68821e-10 
782,19.525 ,4.50537e-10 
783,19.55 ,4.32963e-10 
784,19.575 ,4.16071e-10 
785,19.6 ,3.99835e-10 
786,19.625 ,3.8423e-10 
787,19.65 ,3.69232e-10 
788,19.675 ,3.54816e-10 
789,19.7 ,3.40961e-10 
790,19.725 ,3.27645e-10 
791,19.75 ,3.14846e-10 
792,19.775 ,3.02546e-10 
793,19.8 ,2.90724e-10 
794,19.825 ,2.79362e-10 
795,19.85 ,2.68442e-10 
796,19.875 ,2.57947e-10 
797,19.9 ,2.47861e-10 
798,19.925 ,2.38168e-10 
799,19.95 ,2.28853e-10 
800,19.975 ,2.199e-10 
801,20 ,2.11296e-10 
802,20.025 ,2.03028e-10 
803,20.05 ,1.95082e-10 
804,20.075 ,1.87446e-10 
805,20.1 ,1.80107e-10 
806,20.125 ,1.73055e-10 
807,20.15 ,1.66278e-10 
808,20.175 ,1.59765e-10 
809,20.2 ,1.53507e-10 
810,20.225 ,1.47493e-10 
811,20.25 ,1.41714e-10 
812,20.275 ,1.3616e-10 
813,20.3 ,1.30823e-10 
814,20.325 ,1.25695e-10 
815,20.35 ,1.20767e-10 
816,20.375 ,1.16032e-10 
817,20.4 ,1.11482e-10 
818,20.425 ,1.07109e-10 
819,20.45 ,1.02908e-10 
820,20.475 ,9.8871e-11 
821,20.5 ,9.49919e-11 
822,20.525 ,9.12645e-11 
823,20.55 ,8.7683e-11 
824,20.575 ,8.42417e-11 
825,20.6 ,8.09351e-11 
826,20.625 ,7.7758e-11 
827,20.65 ,7.47052e-11 
828,20.675 ,7.1772e-11 
829,20.7 ,6.89538e-11 
830,20.725 ,6.62459e-11 
831,20.75 ,6.36442e-11 
832,20.775 ,6.11444e-11 
833,20.8 ,5.87426e-11 
834,20.825 ,5.6435e-11 
835,20.85 ,5.42179e-11 
836,20.875 ,5.20878e-11 
837,20.9 ,5.00412e-11 
838,20.925 ,4.80749e-11 
839,20.95 ,4.61857e-11 
840,20.975 ,4.43707e-11 
841,21 ,4.2627e-11 
842,21.025 ,4.09517e-11 
843,21.05 ,3.93423e-11 
844,21.075 ,3.7796e-11 
845,21.1 ,3.63105e-11 
846,21.125 ,3.48833e-11 
847,21.15 ,3.35122e-11 
848,21.175 ,3.2195e-11 
849,21.2 ,3.09296e-11 
850,21.225 ,2.97139e-11 
851,21.25 ,2.85461e-11 
852,21.275 ,2.74242e-11 
853,21.3 ,2.63464e-11 
854,21.325 ,2.5311e-11 
855,21.35 ,2.43163e-11 
856,21.375 ,2.33608e-11 
857,21.4 ,2.24429e-11 
858,21.425 ,2.15612e-11 
859,21.45 ,2.07141e-11 
860,21.475 ,1.99005e-11 
861,21.5 ,1.91188e-11 
862,21.525 ,1.8368e-11 
863,21.55 ,1.76468e-11 
864,21.575 ,1.69539e-11 
865,21.6 ,1.62884e-11 
866,21.625 ,1.56491e-11 
867,21.65 ,1.50351e-11 
868,21.675 ,1.44452e-11 
869,21.7 ,1.38786e-11 
870,21.725 ,1.33344e-11 
871,21.75 ,1.28116e-11 
872,21.775 ,1.23094e-11 
873,21.8 ,1.18271e-11 
874,21.825 ,1.13638e-11 
875,21.85 ,1.09188e-11 
876,21.875 ,1.04914e-11 
877,21.9 ,1.00808e-11 
878,21.925 ,9.68651e-12 
879,21.95 ,9.30776e-12 
880,21.975 ,8.94397e-12 
881,22 ,8.59456e-12 
882,22.025 ,8.25896e-12 
883,22.05 ,7.93662e-12 
884,22.075 ,7.62703e-12 
885,22.1 ,7.32968e-12 
886,22.125 ,7.0441e-12 
887,22.15 ,6.7698e-12 
888,22.175 ,6.50637e-12 
889,22.2 ,6.25335e-12 
890,22.225 ,6.01035e-12 
891,22.25 ,5.77697e-12 
892,22.275 ,5.55282e-12 
893,22.3 ,5.33755e-12 
894,22.325 ,5.13081e-12 
895,22.35 ,4.93226e-12 
896,22.375 ,4.74157e-12 
897,22.4 ,4.55844e-12 
898,22.425 ,4.38256e-12 
899,22.45 ,4.21366e-12 
900,22.475 ,4.05146e-12 
901,22.5 ,3.89568e-12 
902,22.525 ,3.74609e-12 
903,22.55 ,3.60243e-12 
904,22.575 ,3.46446e-12 
905,22.6 ,3.33198e-12 
906,22.625 ,3.20475e-12 
907,22.65 ,3.08257e-12 
908,22.675 ,2.96525e-12 
909,22.7 ,2.85258e-12 
910,22.725 ,2.74439e-12 
911,22.75 ,2.6405e-12 
912,22.775 ,2.54074e-12 
913,22.8 ,2.44495e-12 
914,22.825 ,2.35297e-12 
915,22.85 ,2.26464e-12 
916,22.875 ,2.17983e-12 
917,22.9 ,2.09839e-12 
918,22.925 ,2.0202e-12 
919,22.95 ,1.94512e-12 
920,22.975 ,1.87303e-12 
921,23 ,1.80382e-12 
922,23.025 ,1.73736e-12 
923,23.05 ,1.67356e-12 
924,23.075 ,1.6123e-12 
925,23.1 ,1.55348e-12 
926,23.125 ,1.49702e-12 
927,23.15 ,1.44281e-12 
928,23.175 ,1.39077e-12 
929,23.2 ,1.34081e-12 
930,23.225 ,1.29285e-12 
931,23.25 ,1.24681e-12 
932,23.275 ,1.20261e-12 
933,23.3 ,1.16019e-12 
934,23.325 ,1.11947e-12 
935,23.35 ,1.08039e-12 
936,23.375 ,1.04287e-12 
937,23.4 ,1.00687e-12 
938,23.425 ,9.72314e-13 
939,23.45 ,9.39154e-13 
940,23.475 ,9.07332e-13 
941,23.5 ,8.76797e-13 
942,23.525 ,8.47497e-13 
943,23.55 ,8.19385e-13 
944,23.575 ,7.92414e-13 
945,23.6 ,7.6654e-13 
946,23.625 ,7.4172e-13 
947,23.65 ,7.17912e-13 
948,23.675 ,6.95079e-13 
949,23.7 ,6.73181e-13 
950,23.725 ,6.52184e-13 
951,23.75 ,6.32051e-13 
952,23.775 ,6.12751e-13 
953,23.8 ,5.9425e-13 
954,23.825 ,5.76519e-13 
955,23.85 ,5.59528e-13 
956,23.875 ,5.43249e-13 
957,23.9 ,5.27655e-13 
958,23.925 ,5.12721e-13 
959,23.95 ,4.98421e-13 
960,23.975 ,4.84732e-13 
961,24 ,4.71631e-13 
962,24.025 ,4.59096e-13 
963,24.05 ,4.47107e-13 
964,24.075 ,4.35645e-13 
965,24.1 ,4.24689e-13 
966,24.125 ,4.14222e-13 
967,24.15 ,4.04226e-13 
968,24.175 ,3.94685e-13 
969,24.2 ,3.85583e-13 
970,24.225 ,3.76905e-13 
971,24.25 ,3.68637e-13 
972,24.275 ,3.60764e-13 
973,24.3 ,3.53275e-13 
974,24.325 ,3.46155e-13 
975,24.35 ,3.39394e-13 
976,24.375 ,3.32981e-13 
977,24.4 ,3.26904e-13 
978,24.425 ,3.21153e-13 
979,24.45 ,3.1572e-13 
980,24.475 ,3.10595e-13 
981,24.5 ,3.05769e-13 
982,24.525 ,3.01235e-13 
983,24.55 ,2.96984e-13 
984,24.575 ,2.93011e-13 
985,24.6 ,2.89308e-13 
986,24.625 ,2.85869e-13 
987,24.65 ,2.82689e-13 
988,24.675 ,2.79762e-13 
989,24.7 ,2.77083e-13 
990,24.725 ,2.74649e-13 
991,24.75 ,2.72454e-13 
992,24.775 ,2.70496e-13 
993,24.8 ,2.68771e-13 
994,24.825 ,2.67276e-13 
995,24.85 ,2.66008e-13 
996,24.875 ,2.64967e-13 
997,24.9 ,2.6415e-13 
998,24.925 ,2.63555e-13 
999,24.95 ,2.63182e-13 
1000,24.975 ,2.6303e-13 