
1,0 ,0 ,0 
2,0.04 ,0 ,0 
3,0.08 ,0 ,0 
4,0.12 ,1.92701e-07 ,0 
5,0.16 ,6.08613e-07 ,0 
6,0.2 ,1.48456e-06 ,0 
7,0.24 ,3.07508e-06 ,0 
8,0.28 ,5.68972e-06 ,0 
9,0.32 ,9.69218e-06 ,0 
10,0.36 ,1.54992e-05 ,0 
11,0.4 ,2.35794e-05 ,0 
12,0.44 ,3.44517e-05 ,0 
13,0.48 ,4.86842e-05 ,0 
14,0.52 ,6.68921e-05 ,0 
15,0.56 ,8.9736e-05 ,0 
16,0.6 ,0.00011792 ,0 
17,0.64 ,0.00015219 ,0 
18,0.68 ,0.000193331 ,0 
19,0.72 ,0.000242164 ,0 
20,0.76 ,0.000299545 ,0 
21,0.8 ,0.000366363 ,0 
22,0.84 ,0.000443536 ,0 
23,0.88 ,0.000532007 ,0 
24,0.92 ,0.000632743 ,0 
25,0.96 ,0.000746735 ,0 
26,1 ,0.000874988 ,0 
27,1.04 ,0.00101852 ,0 
28,1.08 ,0.00117838 ,0 
29,1.12 ,0.00135559 ,0 
30,1.16 ,0.00155121 ,0 
31,1.2 ,0.00176628 ,0 
32,1.24 ,0.00200186 ,0 
33,1.28 ,0.002259 ,0 
34,1.32 ,0.00253873 ,0 
35,1.36 ,0.00284207 ,0 
36,1.4 ,0.00317006 ,0 
37,1.44 ,0.00352367 ,0 
38,1.48 ,0.0039039 ,0 
39,1.52 ,0.0043117 ,0 
40,1.56 ,0.00474799 ,0 
41,1.6 ,0.00521369 ,0 
42,1.64 ,0.00570966 ,0 
43,1.68 ,0.00623674 ,0 
44,1.72 ,0.00679572 ,0 
45,1.76 ,0.00738736 ,0 
46,1.8 ,0.00801239 ,0 
47,1.84 ,0.00867146 ,0 
48,1.88 ,0.00936522 ,0 
49,1.92 ,0.0100942 ,0 
50,1.96 ,0.010859 ,0 
51,2 ,0.01166 ,0 
52,2.04 ,0.0124977 ,0 
53,2.08 ,0.0133724 ,0 
54,2.12 ,0.0142845 ,0 
55,2.16 ,0.015234 ,0 
56,2.2 ,0.0162214 ,0 
57,2.24 ,0.0172465 ,0 
58,2.28 ,0.0183096 ,0 
59,2.32 ,0.0194106 ,0 
60,2.36 ,0.0205493 ,0 
61,2.4 ,0.0217258 ,0 
62,2.44 ,0.0229397 ,0 
63,2.48 ,0.0241907 ,0 
64,2.52 ,0.0254786 ,0 
65,2.56 ,0.026803 ,0 
66,2.6 ,0.0281633 ,0 
67,2.64 ,0.029559 ,0 
68,2.68 ,0.0309895 ,0 
69,2.72 ,0.0324541 ,0 
70,2.76 ,0.0339522 ,0 
71,2.8 ,0.0354828 ,0 
72,2.84 ,0.0370452 ,0 
73,2.88 ,0.0386384 ,0 
74,2.92 ,0.0402615 ,0 
75,2.96 ,0.0419133 ,0 
76,3 ,0.0435929 ,0 
77,3.04 ,0.0452991 ,0 
78,3.08 ,0.0470306 ,0 
79,3.12 ,0.0487863 ,0 
80,3.16 ,0.0505648 ,0 
81,3.2 ,0.0523648 ,0 
82,3.24 ,0.0541849 ,0 
83,3.28 ,0.0560237 ,0 
84,3.32 ,0.0578797 ,0 
85,3.36 ,0.0597514 ,0 
86,3.4 ,0.0616373 ,0 
87,3.44 ,0.0635358 ,0 
88,3.48 ,0.0654454 ,0 
89,3.52 ,0.0673643 ,0 
90,3.56 ,0.0692911 ,0 
91,3.6 ,0.0712239 ,0 
92,3.64 ,0.0731612 ,0 
93,3.68 ,0.0751012 ,0 
94,3.72 ,0.0770422 ,0 
95,3.76 ,0.0789826 ,0 
96,3.8 ,0.0809206 ,0 
97,3.84 ,0.0828545 ,0 
98,3.88 ,0.0847826 ,0 
99,3.92 ,0.0867032 ,0 
100,3.96 ,0.0886145 ,0 
101,4 ,0.090515 ,0 
102,4.04 ,0.0924029 ,0 
103,4.08 ,0.0942765 ,0 
104,4.12 ,0.0961342 ,0 
105,4.16 ,0.0979744 ,0 
106,4.2 ,0.0997954 ,0 
107,4.24 ,0.101596 ,0 
108,4.28 ,0.103374 ,0 
109,4.32 ,0.105128 ,0 
110,4.36 ,0.106857 ,0 
111,4.4 ,0.10856 ,0 
112,4.44 ,0.110234 ,0 
113,4.48 ,0.111879 ,0 
114,4.52 ,0.113493 ,0 
115,4.56 ,0.115075 ,0 
116,4.6 ,0.116624 ,0 
117,4.64 ,0.118138 ,0 
118,4.68 ,0.119617 ,0 
119,4.72 ,0.121059 ,0 
120,4.76 ,0.122463 ,0 
121,4.8 ,0.123828 ,0 
122,4.84 ,0.125154 ,0 
123,4.88 ,0.126439 ,0 
124,4.92 ,0.127683 ,0 
125,4.96 ,0.128885 ,0 
126,5 ,0.130044 ,0 
127,5.04 ,0.13116 ,0 
128,5.08 ,0.132232 ,0 
129,5.12 ,0.133259 ,0 
130,5.16 ,0.13424 ,0 
131,5.2 ,0.135176 ,0 
132,5.24 ,0.136066 ,0 
133,5.28 ,0.136908 ,0 
134,5.32 ,0.137704 ,0 
135,5.36 ,0.138451 ,0 
136,5.4 ,0.139151 ,0 
137,5.44 ,0.139802 ,0 
138,5.48 ,0.140404 ,0 
139,5.52 ,0.140957 ,0 
140,5.56 ,0.14146 ,0 
141,5.6 ,0.141914 ,0 
142,5.64 ,0.142317 ,0 
143,5.68 ,0.142671 ,0 
144,5.72 ,0.142973 ,0 
145,5.76 ,0.143225 ,0 
146,5.8 ,0.143427 ,0 
147,5.84 ,0.143577 ,0 
148,5.88 ,0.143677 ,0 
149,5.92 ,0.143725 ,0 
150,5.96 ,0.143723 ,0 
151,6 ,0.143669 ,0 
152,6.04 ,0.143565 ,0 
153,6.08 ,0.143409 ,0 
154,6.12 ,0.143202 ,0 
155,6.16 ,0.142945 ,0 
156,6.2 ,0.142636 ,0 
157,6.24 ,0.142278 ,0 
158,6.28 ,0.141868 ,0 
159,6.32 ,0.141409 ,0 
160,6.36 ,0.140899 ,0 
161,6.4 ,0.14034 ,0 
162,6.44 ,0.139731 ,0 
163,6.48 ,0.139072 ,0 
164,6.52 ,0.138365 ,0 
165,6.56 ,0.137609 ,0 
166,6.6 ,0.136804 ,0 
167,6.64 ,0.135952 ,0 
168,6.68 ,0.135052 ,0 
169,6.72 ,0.134104 ,0 
170,6.76 ,0.13311 ,0 
171,6.8 ,0.13207 ,0 
172,6.84 ,0.130983 ,0 
173,6.88 ,0.129851 ,0 
174,6.92 ,0.128674 ,0 
175,6.96 ,0.127452 ,0 
176,7 ,0.126187 ,0 
177,7.04 ,0.124878 ,0 
178,7.08 ,0.123526 ,0 
179,7.12 ,0.122131 ,0 
180,7.16 ,0.120695 ,0 
181,7.2 ,0.119218 ,0 
182,7.24 ,0.1177 ,0 
183,7.28 ,0.116142 ,0 
184,7.32 ,0.114545 ,0 
185,7.36 ,0.112909 ,0 
186,7.4 ,0.111235 ,0 
187,7.44 ,0.109523 ,0 
188,7.48 ,0.107775 ,0 
189,7.52 ,0.105991 ,0 
190,7.56 ,0.104171 ,0 
191,7.6 ,0.102317 ,0 
192,7.64 ,0.100429 ,0 
193,7.68 ,0.0985072 ,0 
194,7.72 ,0.0965532 ,0 
195,7.76 ,0.0945676 ,0 
196,7.8 ,0.0925508 ,0 
197,7.84 ,0.0905039 ,0 
198,7.88 ,0.0884274 ,0 
199,7.92 ,0.0863222 ,0 
200,7.96 ,0.084189 ,0 
201,8 ,0.0820286 ,0 
202,8.04 ,0.0798418 ,0 
203,8.08 ,0.0776294 ,0 
204,8.12 ,0.0753921 ,0 
205,8.16 ,0.0731308 ,0 
206,8.2 ,0.0708462 ,0 
207,8.24 ,0.0685391 ,0 
208,8.28 ,0.0662104 ,0 
209,8.32 ,0.0638609 ,0 
210,8.36 ,0.0614913 ,0 
211,8.4 ,0.0591024 ,0 
212,8.44 ,0.0566952 ,0 
213,8.48 ,0.0542703 ,0 
214,8.52 ,0.0518286 ,0 
215,8.56 ,0.0493708 ,0 
216,8.6 ,0.0468979 ,0 
217,8.64 ,0.0444107 ,0 
218,8.68 ,0.0419098 ,0 
219,8.72 ,0.0393962 ,0 
220,8.76 ,0.0368706 ,0 
221,8.8 ,0.0343339 ,0 
222,8.84 ,0.0317868 ,0 
223,8.88 ,0.0292302 ,0 
224,8.92 ,0.0266648 ,0 
225,8.96 ,0.0240915 ,0 
226,9 ,0.021511 ,0 
227,9.04 ,0.0189242 ,0 
228,9.08 ,0.0163318 ,0 
229,9.12 ,0.0137345 ,0 
230,9.16 ,0.0111333 ,0 
231,9.2 ,0.00852875 ,0 
232,9.24 ,0.00592176 ,0 
233,9.28 ,0.00331305 ,0 
234,9.32 ,0.000703381 ,0 
235,9.36 ,-0.00190649 ,0 
236,9.4 ,-0.00451581 ,0 
237,9.44 ,-0.00712384 ,0 
238,9.48 ,-0.00972985 ,0 
239,9.52 ,-0.0123331 ,0 
240,9.56 ,-0.0149329 ,0 
241,9.6 ,-0.0175284 ,0 
242,9.64 ,-0.0201191 ,0 
243,9.68 ,-0.0227041 ,0 
244,9.72 ,-0.0252828 ,0 
245,9.76 ,-0.0278545 ,0 
246,9.8 ,-0.0304185 ,0 
247,9.84 ,-0.0329742 ,0 
248,9.88 ,-0.0355208 ,0 
249,9.92 ,-0.0380577 ,0 
250,9.96 ,-0.0405842 ,0 
251,10 ,-0.0430997 ,0 
252,10.04 ,-0.0456036 ,0 
253,10.08 ,-0.0480953 ,0 
254,10.12 ,-0.050574 ,0 
255,10.16 ,-0.0530393 ,0 
256,10.2 ,-0.0554904 ,0 
257,10.24 ,-0.0579268 ,0 
258,10.28 ,-0.060348 ,0 
259,10.32 ,-0.0627533 ,0 
260,10.36 ,-0.0651421 ,0 
261,10.4 ,-0.0675139 ,0 
262,10.44 ,-0.0698682 ,0 
263,10.48 ,-0.0722044 ,0 
264,10.52 ,-0.074522 ,0 
265,10.56 ,-0.0768205 ,0 
266,10.6 ,-0.0790992 ,0 
267,10.64 ,-0.0813579 ,0 
268,10.68 ,-0.0835958 ,0 
269,10.72 ,-0.0858126 ,0 
270,10.76 ,-0.0880078 ,0 
271,10.8 ,-0.0901809 ,0 
272,10.84 ,-0.0923314 ,0 
273,10.88 ,-0.094459 ,0 
274,10.92 ,-0.0965631 ,0 
275,10.96 ,-0.0986433 ,0 
276,11 ,-0.100699 ,0 
277,11.04 ,-0.102731 ,0 
278,11.08 ,-0.104737 ,0 
279,11.12 ,-0.106717 ,0 
280,11.16 ,-0.108672 ,0 
281,11.2 ,-0.110601 ,0 
282,11.24 ,-0.112503 ,0 
283,11.28 ,-0.114378 ,0 
284,11.32 ,-0.116226 ,0 
285,11.36 ,-0.118046 ,0 
286,11.4 ,-0.119838 ,0 
287,11.44 ,-0.121602 ,0 
288,11.48 ,-0.123338 ,0 
289,11.52 ,-0.125044 ,0 
290,11.56 ,-0.126722 ,0 
291,11.6 ,-0.12837 ,0 
292,11.64 ,-0.129988 ,0 
293,11.68 ,-0.131577 ,0 
294,11.72 ,-0.133135 ,0 
295,11.76 ,-0.134663 ,0 
296,11.8 ,-0.13616 ,0 
297,11.84 ,-0.137627 ,0 
298,11.88 ,-0.139062 ,0 
299,11.92 ,-0.140467 ,0 
300,11.96 ,-0.141839 ,0 
301,12 ,-0.14318 ,0 
302,12.04 ,-0.14449 ,0 
303,12.08 ,-0.145767 ,0 
304,12.12 ,-0.147012 ,0 
305,12.16 ,-0.148225 ,0 
306,12.2 ,-0.149406 ,0 
307,12.24 ,-0.150554 ,0 
308,12.28 ,-0.151669 ,0 
309,12.32 ,-0.152752 ,0 
310,12.36 ,-0.153802 ,0 
311,12.4 ,-0.154819 ,0 
312,12.44 ,-0.155803 ,0 
313,12.48 ,-0.156753 ,0 
314,12.52 ,-0.157671 ,0 
315,12.56 ,-0.158556 ,0 
316,12.6 ,-0.159407 ,0 
317,12.64 ,-0.160224 ,0 
318,12.68 ,-0.161009 ,0 
319,12.72 ,-0.16176 ,0 
320,12.76 ,-0.162477 ,0 
321,12.8 ,-0.163162 ,0 
322,12.84 ,-0.163812 ,0 
323,12.88 ,-0.16443 ,0 
324,12.92 ,-0.165014 ,0 
325,12.96 ,-0.165564 ,0 
326,13 ,-0.166082 ,0 
327,13.04 ,-0.166565 ,0 
328,13.08 ,-0.167016 ,0 
329,13.12 ,-0.167433 ,0 
330,13.16 ,-0.167817 ,0 
331,13.2 ,-0.168168 ,0 
332,13.24 ,-0.168486 ,0 
333,13.28 ,-0.168771 ,0 
334,13.32 ,-0.169023 ,0 
335,13.36 ,-0.169242 ,0 
336,13.4 ,-0.169428 ,0 
337,13.44 ,-0.169582 ,0 
338,13.48 ,-0.169703 ,0 
339,13.52 ,-0.169792 ,0 
340,13.56 ,-0.169848 ,0 
341,13.6 ,-0.169872 ,0 
342,13.64 ,-0.169864 ,0 
343,13.68 ,-0.169824 ,0 
344,13.72 ,-0.169752 ,0 
345,13.76 ,-0.169649 ,0 
346,13.8 ,-0.169514 ,0 
347,13.84 ,-0.169348 ,0 
348,13.88 ,-0.169151 ,0 
349,13.92 ,-0.168922 ,0 
350,13.96 ,-0.168663 ,0 
351,14 ,-0.168373 ,0 
352,14.04 ,-0.168052 ,0 
353,14.08 ,-0.167701 ,0 
354,14.12 ,-0.16732 ,0 
355,14.16 ,-0.166909 ,0 
356,14.2 ,-0.166469 ,0 
357,14.24 ,-0.165998 ,0 
358,14.28 ,-0.165499 ,0 
359,14.32 ,-0.16497 ,0 
360,14.36 ,-0.164412 ,0 
361,14.4 ,-0.163826 ,0 
362,14.44 ,-0.163211 ,0 
363,14.48 ,-0.162568 ,0 
364,14.52 ,-0.161896 ,0 
365,14.56 ,-0.161197 ,0 
366,14.6 ,-0.160471 ,0 
367,14.64 ,-0.159717 ,0 
368,14.68 ,-0.158936 ,0 
369,14.72 ,-0.158128 ,0 
370,14.76 ,-0.157293 ,0 
371,14.8 ,-0.156433 ,0 
372,14.84 ,-0.155546 ,0 
373,14.88 ,-0.154633 ,0 
374,14.92 ,-0.153695 ,0 
375,14.96 ,-0.152731 ,0 
376,15 ,-0.151742 ,0 
377,15.04 ,-0.150729 ,0 
378,15.08 ,-0.149691 ,0 
379,15.12 ,-0.148628 ,0 
380,15.16 ,-0.147542 ,0 
381,15.2 ,-0.146432 ,0 
382,15.24 ,-0.145299 ,0 
383,15.28 ,-0.144142 ,0 
384,15.32 ,-0.142963 ,0 
385,15.36 ,-0.141761 ,0 
386,15.4 ,-0.140536 ,0 
387,15.44 ,-0.13929 ,0 
388,15.48 ,-0.138022 ,0 
389,15.52 ,-0.136732 ,0 
390,15.56 ,-0.135422 ,0 
391,15.6 ,-0.13409 ,0 
392,15.64 ,-0.132738 ,0 
393,15.68 ,-0.131366 ,0 
394,15.72 ,-0.129973 ,0 
395,15.76 ,-0.128561 ,0 
396,15.8 ,-0.12713 ,0 
397,15.84 ,-0.125679 ,0 
398,15.88 ,-0.12421 ,0 
399,15.92 ,-0.122722 ,0 
400,15.96 ,-0.121216 ,0 
401,16 ,-0.119692 ,0 
402,16.04 ,-0.11815 ,0 
403,16.08 ,-0.116592 ,0 
404,16.12 ,-0.115016 ,0 
405,16.16 ,-0.113423 ,0 
406,16.2 ,-0.111814 ,0 
407,16.24 ,-0.110189 ,0 
408,16.28 ,-0.108548 ,0 
409,16.32 ,-0.106892 ,0 
410,16.36 ,-0.10522 ,0 
411,16.4 ,-0.103534 ,0 
412,16.44 ,-0.101833 ,0 
413,16.48 ,-0.100118 ,0 
414,16.52 ,-0.0983884 ,0 
415,16.56 ,-0.0966454 ,0 
416,16.6 ,-0.0948891 ,0 
417,16.64 ,-0.0931196 ,0 
418,16.68 ,-0.0913374 ,0 
419,16.72 ,-0.0895426 ,0 
420,16.76 ,-0.0877357 ,0 
421,16.8 ,-0.0859169 ,0 
422,16.84 ,-0.0840865 ,0 
423,16.88 ,-0.0822448 ,0 
424,16.92 ,-0.0803921 ,0 
425,16.96 ,-0.0785286 ,0 
426,17 ,-0.0766548 ,0 
427,17.04 ,-0.0747708 ,0 
428,17.08 ,-0.072877 ,0 
429,17.12 ,-0.0709737 ,0 
430,17.16 ,-0.0690611 ,0 
431,17.2 ,-0.0671395 ,0 
432,17.24 ,-0.0652093 ,0 
433,17.28 ,-0.0632706 ,0 
434,17.32 ,-0.0613239 ,0 
435,17.36 ,-0.0593693 ,0 
436,17.4 ,-0.0574072 ,0 
437,17.44 ,-0.0554378 ,0 
438,17.48 ,-0.0534615 ,0 
439,17.52 ,-0.0514784 ,0 
440,17.56 ,-0.049489 ,0 
441,17.6 ,-0.0474933 ,0 
442,17.64 ,-0.0454918 ,0 
443,17.68 ,-0.0434847 ,0 
444,17.72 ,-0.0414723 ,0 
445,17.76 ,-0.0394548 ,0 
446,17.8 ,-0.0374325 ,0 
447,17.84 ,-0.0354057 ,0 
448,17.88 ,-0.0333746 ,0 
449,17.92 ,-0.0313395 ,0 
450,17.96 ,-0.0293007 ,0 
451,18 ,-0.0272584 ,0 
452,18.04 ,-0.0252128 ,0 
453,18.08 ,-0.0231643 ,0 
454,18.12 ,-0.0211131 ,0 
455,18.16 ,-0.0190594 ,0 
456,18.2 ,-0.0170035 ,0 
457,18.24 ,-0.0149456 ,0 
458,18.28 ,-0.012886 ,0 
459,18.32 ,-0.0108249 ,0 
460,18.36 ,-0.00876257 ,0 
461,18.4 ,-0.00669926 ,0 
462,18.44 ,-0.00463519 ,0 
463,18.48 ,-0.00257059 ,0 
464,18.52 ,-0.000505709 ,0 
465,18.56 ,0.00155923 ,0 
466,18.6 ,0.003624 ,0 
467,18.64 ,0.00568836 ,0 
468,18.68 ,0.0077521 ,0 
469,18.72 ,0.009815 ,0 
470,18.76 ,0.0118768 ,0 
471,18.8 ,0.0139373 ,0 
472,18.84 ,0.0159964 ,0 
473,18.88 ,0.0180537 ,0 
474,18.92 ,0.020109 ,0 
475,18.96 ,0.0221622 ,0 
476,19 ,0.0242131 ,0 
477,19.04 ,0.0262614 ,0 
478,19.08 ,0.028307 ,0 
479,19.12 ,0.0303495 ,0 
480,19.16 ,0.032389 ,0 
481,19.2 ,0.034425 ,0 
482,19.24 ,0.0364575 ,0 
483,19.28 ,0.0384863 ,0 
484,19.32 ,0.0405111 ,0 
485,19.36 ,0.0425317 ,0 
486,19.4 ,0.0445481 ,0 
487,19.44 ,0.04656 ,0 
488,19.48 ,0.0485672 ,0 
489,19.52 ,0.0505695 ,0 
490,19.56 ,0.0525668 ,0 
491,19.6 ,0.0545589 ,0 
492,19.64 ,0.0565456 ,0 
493,19.68 ,0.0585268 ,0 
494,19.72 ,0.0605023 ,0 
495,19.76 ,0.0624718 ,0 
496,19.8 ,0.0644354 ,0 
497,19.84 ,0.0663927 ,0 
498,19.88 ,0.0683436 ,0 
499,19.92 ,0.0702881 ,0 
500,19.96 ,0.0722258 ,0 
501,20 ,0.0741568 ,0 
502,20.04 ,0.0760807 ,0 
503,20.08 ,0.0779976 ,0 
504,20.12 ,0.0799071 ,0 
505,20.16 ,0.0818093 ,0 
506,20.2 ,0.0837039 ,0 
507,20.24 ,0.0855908 ,0 
508,20.28 ,0.0874699 ,0 
509,20.32 ,0.0893411 ,0 
510,20.36 ,0.0912042 ,0 
511,20.4 ,0.093059 ,0 
512,20.44 ,0.0949055 ,0 
513,20.48 ,0.0967436 ,0 
514,20.52 ,0.098573 ,0 
515,20.56 ,0.100394 ,0 
516,20.6 ,0.102206 ,0 
517,20.64 ,0.104009 ,0 
518,20.68 ,0.105803 ,0 
519,20.72 ,0.107587 ,0 
520,20.76 ,0.109363 ,0 
521,20.8 ,0.111129 ,0 
522,20.84 ,0.112885 ,0 
523,20.88 ,0.114633 ,0 
524,20.92 ,0.11637 ,0 
525,20.96 ,0.118097 ,0 
526,21 ,0.119815 ,0 
527,21.04 ,0.121523 ,0 
528,21.08 ,0.12322 ,0 
529,21.12 ,0.124908 ,0 
530,21.16 ,0.126585 ,0 
531,21.2 ,0.128252 ,0 
532,21.24 ,0.129908 ,0 
533,21.28 ,0.131554 ,0 
534,21.32 ,0.13319 ,0 
535,21.36 ,0.134814 ,0 
536,21.4 ,0.136428 ,0 
537,21.44 ,0.138032 ,0 
538,21.48 ,0.139624 ,0 
539,21.52 ,0.141205 ,0 
540,21.56 ,0.142776 ,0 
541,21.6 ,0.144335 ,0 
542,21.64 ,0.145883 ,0 
543,21.68 ,0.14742 ,0 
544,21.72 ,0.148946 ,0 
545,21.76 ,0.15046 ,0 
546,21.8 ,0.151963 ,0 
547,21.84 ,0.153454 ,0 
548,21.88 ,0.154934 ,0 
549,21.92 ,0.156403 ,0 
550,21.96 ,0.15786 ,0 
551,22 ,0.159305 ,0 
552,22.04 ,0.160739 ,0 
553,22.08 ,0.162161 ,0 
554,22.12 ,0.163571 ,0 
555,22.16 ,0.164969 ,0 
556,22.2 ,0.166356 ,0 
557,22.24 ,0.16773 ,0 
558,22.28 ,0.169093 ,0 
559,22.32 ,0.170444 ,0 
560,22.36 ,0.171782 ,0 
561,22.4 ,0.173109 ,0 
562,22.44 ,0.174424 ,0 
563,22.48 ,0.175727 ,0 
564,22.52 ,0.177017 ,0 
565,22.56 ,0.178296 ,0 
566,22.6 ,0.179562 ,0 
567,22.64 ,0.180816 ,0 
568,22.68 ,0.182059 ,0 
569,22.72 ,0.183288 ,0 
570,22.76 ,0.184506 ,0 
571,22.8 ,0.185712 ,0 
572,22.84 ,0.186905 ,0 
573,22.88 ,0.188086 ,0 
574,22.92 ,0.189255 ,0 
575,22.96 ,0.190411 ,0 
576,23 ,0.191555 ,0 
577,23.04 ,0.192687 ,0 
578,23.08 ,0.193807 ,0 
579,23.12 ,0.194915 ,0 
580,23.16 ,0.19601 ,0 
581,23.2 ,0.197093 ,0 
582,23.24 ,0.198163 ,0 
583,23.28 ,0.199222 ,0 
584,23.32 ,0.200268 ,0 
585,23.36 ,0.201302 ,0 
586,23.4 ,0.202323 ,0 
587,23.44 ,0.203333 ,0 
588,23.48 ,0.20433 ,0 
589,23.52 ,0.205315 ,0 
590,23.56 ,0.206288 ,0 
591,23.6 ,0.207248 ,0 
592,23.64 ,0.208197 ,0 
593,23.68 ,0.209133 ,0 
594,23.72 ,0.210057 ,0 
595,23.76 ,0.210969 ,0 
596,23.8 ,0.211869 ,0 
597,23.84 ,0.212756 ,0 
598,23.88 ,0.213632 ,0 
599,23.92 ,0.214495 ,0 
600,23.96 ,0.215347 ,0 
601,24 ,0.216187 ,0 
602,24.04 ,0.217014 ,0 
603,24.08 ,0.21783 ,0 
604,24.12 ,0.218634 ,0 
605,24.16 ,0.219425 ,0 
606,24.2 ,0.220205 ,0 
607,24.24 ,0.220974 ,0 
608,24.28 ,0.22173 ,0 
609,24.32 ,0.222474 ,0 
610,24.36 ,0.223207 ,0 
611,24.4 ,0.223928 ,0 
612,24.44 ,0.224638 ,0 
613,24.48 ,0.225336 ,0 
614,24.52 ,0.226022 ,0 
615,24.56 ,0.226697 ,0 
616,24.6 ,0.22736 ,0 
617,24.64 ,0.228012 ,0 
618,24.68 ,0.228652 ,0 
619,24.72 ,0.229281 ,0 
620,24.76 ,0.229898 ,0 
621,24.8 ,0.230504 ,0 
622,24.84 ,0.231099 ,0 
623,24.88 ,0.231683 ,0 
624,24.92 ,0.232255 ,0 
625,24.96 ,0.232817 ,0 
626,25 ,0.233367 ,0 
627,25.04 ,0.233906 ,0 
628,25.08 ,0.234434 ,0 
629,25.12 ,0.234952 ,0 
630,25.16 ,0.235458 ,0 
631,25.2 ,0.235954 ,0 
632,25.24 ,0.236438 ,0 
633,25.28 ,0.236912 ,0 
634,25.32 ,0.237375 ,0 
635,25.36 ,0.237828 ,0 
636,25.4 ,0.23827 ,0 
637,25.44 ,0.238701 ,0 
638,25.48 ,0.239122 ,0 
639,25.52 ,0.239533 ,0 
640,25.56 ,0.239933 ,0 
641,25.6 ,0.240323 ,0 
642,25.64 ,0.240702 ,0 
643,25.68 ,0.241072 ,0 
644,25.72 ,0.241431 ,0 
645,25.76 ,0.24178 ,0 
646,25.8 ,0.242119 ,0 
647,25.84 ,0.242448 ,0 
648,25.88 ,0.242767 ,0 
649,25.92 ,0.243076 ,0 
650,25.96 ,0.243375 ,0 
651,26 ,0.243665 ,0 
652,26.04 ,0.243945 ,0 
653,26.08 ,0.244215 ,0 
654,26.12 ,0.244476 ,0 
655,26.16 ,0.244727 ,0 
656,26.2 ,0.244969 ,0 
657,26.24 ,0.245201 ,0 
658,26.28 ,0.245424 ,0 
659,26.32 ,0.245638 ,0 
660,26.36 ,0.245842 ,0 
661,26.4 ,0.246037 ,0 
662,26.44 ,0.246224 ,0 
663,26.48 ,0.246401 ,0 
664,26.52 ,0.246569 ,0 
665,26.56 ,0.246729 ,0 
666,26.6 ,0.246879 ,0 
667,26.64 ,0.247021 ,0 
668,26.68 ,0.247154 ,0 
669,26.72 ,0.247278 ,0 
670,26.76 ,0.247394 ,0 
671,26.8 ,0.247502 ,0 
672,26.84 ,0.2476 ,0 
673,26.88 ,0.247691 ,0 
674,26.92 ,0.247773 ,0 
675,26.96 ,0.247847 ,0 
676,27 ,0.247913 ,0 
677,27.04 ,0.24797 ,0 
678,27.08 ,0.24802 ,0 
679,27.12 ,0.248062 ,0 
680,27.16 ,0.248095 ,0 
681,27.2 ,0.248121 ,0 
682,27.24 ,0.248139 ,0 
683,27.28 ,0.248149 ,0 
684,27.32 ,0.248152 ,0 
685,27.36 ,0.248147 ,0 
686,27.4 ,0.248134 ,0 
687,27.44 ,0.248114 ,0 
688,27.48 ,0.248087 ,0 
689,27.52 ,0.248052 ,0 
690,27.56 ,0.248011 ,0 
691,27.6 ,0.247961 ,0 
692,27.64 ,0.247905 ,0 
693,27.68 ,0.247842 ,0 
694,27.72 ,0.247772 ,0 
695,27.76 ,0.247694 ,0 
696,27.8 ,0.24761 ,0 
697,27.84 ,0.247519 ,0 
698,27.88 ,0.247422 ,0 
699,27.92 ,0.247318 ,0 
700,27.96 ,0.247207 ,0 
701,28 ,0.247089 ,0 
702,28.04 ,0.246966 ,0 
703,28.08 ,0.246835 ,0 
704,28.12 ,0.246699 ,0 
705,28.16 ,0.246556 ,0 
706,28.2 ,0.246407 ,0 
707,28.24 ,0.246252 ,0 
708,28.28 ,0.246091 ,0 
709,28.32 ,0.245924 ,0 
710,28.36 ,0.24575 ,0 
711,28.4 ,0.245571 ,0 
712,28.44 ,0.245387 ,0 
713,28.48 ,0.245196 ,0 
714,28.52 ,0.245 ,0 
715,28.56 ,0.244798 ,0 
716,28.6 ,0.244591 ,0 
717,28.64 ,0.244378 ,0 
718,28.68 ,0.24416 ,0 
719,28.72 ,0.243937 ,0 
720,28.76 ,0.243708 ,0 
721,28.8 ,0.243474 ,0 
722,28.84 ,0.243235 ,0 
723,28.88 ,0.242991 ,0 
724,28.92 ,0.242741 ,0 
725,28.96 ,0.242487 ,0 
726,29 ,0.242228 ,0 
727,29.04 ,0.241964 ,0 
728,29.08 ,0.241696 ,0 
729,29.12 ,0.241422 ,0 
730,29.16 ,0.241144 ,0 
731,29.2 ,0.240862 ,0 
732,29.24 ,0.240575 ,0 
733,29.28 ,0.240283 ,0 
734,29.32 ,0.239987 ,0 
735,29.36 ,0.239687 ,0 
736,29.4 ,0.239383 ,0 
737,29.44 ,0.239074 ,0 
738,29.48 ,0.238761 ,0 
739,29.52 ,0.238444 ,0 
740,29.56 ,0.238123 ,0 
741,29.6 ,0.237799 ,0 
742,29.64 ,0.23747 ,0 
743,29.68 ,0.237137 ,0 
744,29.72 ,0.236801 ,0 
745,29.76 ,0.236461 ,0 
746,29.8 ,0.236117 ,0 
747,29.84 ,0.23577 ,0 
748,29.88 ,0.235419 ,0 
749,29.92 ,0.235065 ,0 
750,29.96 ,0.234707 ,0 
751,30 ,0.234346 ,0 
752,30.04 ,0.233982 ,0 
753,30.08 ,0.233614 ,0 
754,30.12 ,0.233244 ,0 
755,30.16 ,0.23287 ,0 
756,30.2 ,0.232493 ,0 
757,30.24 ,0.232113 ,0 
758,30.28 ,0.23173 ,0 
759,30.32 ,0.231344 ,0 
760,30.36 ,0.230956 ,0 
761,30.4 ,0.230564 ,0 
762,30.44 ,0.23017 ,0 
763,30.48 ,0.229773 ,0 
764,30.52 ,0.229374 ,0 
765,30.56 ,0.228972 ,0 
766,30.6 ,0.228568 ,0 
767,30.64 ,0.228161 ,0 
768,30.68 ,0.227752 ,0 
769,30.72 ,0.22734 ,0 
770,30.76 ,0.226926 ,0 
771,30.8 ,0.22651 ,0 
772,30.84 ,0.226092 ,0 
773,30.88 ,0.225671 ,0 
774,30.92 ,0.225249 ,0 
775,30.96 ,0.224824 ,0 
776,31 ,0.224398 ,0 
777,31.04 ,0.223969 ,0 
778,31.08 ,0.223539 ,0 
779,31.12 ,0.223107 ,0 
780,31.16 ,0.222673 ,0 
781,31.2 ,0.222238 ,0 
782,31.24 ,0.221801 ,0 
783,31.28 ,0.221362 ,0 
784,31.32 ,0.220921 ,0 
785,31.36 ,0.22048 ,0 
786,31.4 ,0.220036 ,0 
787,31.44 ,0.219592 ,0 
788,31.48 ,0.219145 ,0 
789,31.52 ,0.218698 ,0 
790,31.56 ,0.218249 ,0 
791,31.6 ,0.2178 ,0 
792,31.64 ,0.217348 ,0 
793,31.68 ,0.216896 ,0 
794,31.72 ,0.216443 ,0 
795,31.76 ,0.215989 ,0 
796,31.8 ,0.215534 ,0 
797,31.84 ,0.215077 ,0 
798,31.88 ,0.21462 ,0 
799,31.92 ,0.214162 ,0 
800,31.96 ,0.213704 ,0 
801,32 ,0.213244 ,0 
802,32.04 ,0.212784 ,0 
803,32.08 ,0.212323 ,0 
804,32.12 ,0.211862 ,0 
805,32.16 ,0.2114 ,0 
806,32.2 ,0.210937 ,0 
807,32.24 ,0.210474 ,0 
808,32.28 ,0.210011 ,0 
809,32.32 ,0.209547 ,0 
810,32.36 ,0.209083 ,0 
811,32.4 ,0.208618 ,0 
812,32.44 ,0.208154 ,0 
813,32.48 ,0.207689 ,0 
814,32.52 ,0.207223 ,0 
815,32.56 ,0.206758 ,0 
816,32.6 ,0.206293 ,0 
817,32.64 ,0.205827 ,0 
818,32.68 ,0.205362 ,0 
819,32.72 ,0.204896 ,0 
820,32.76 ,0.204431 ,0 
821,32.8 ,0.203965 ,0 
822,32.84 ,0.2035 ,0 
823,32.88 ,0.203035 ,0 
824,32.92 ,0.20257 ,0 
825,32.96 ,0.202105 ,0 
826,33 ,0.201641 ,0 
827,33.04 ,0.201177 ,0 
828,33.08 ,0.200714 ,0 
829,33.12 ,0.20025 ,0 
830,33.16 ,0.199788 ,0 
831,33.2 ,0.199325 ,0 
832,33.24 ,0.198864 ,0 
833,33.28 ,0.198402 ,0 
834,33.32 ,0.197942 ,0 
835,33.36 ,0.197482 ,0 
836,33.4 ,0.197023 ,0 
837,33.44 ,0.196564 ,0 
838,33.48 ,0.196106 ,0 
839,33.52 ,0.195649 ,0 
840,33.56 ,0.195193 ,0 
841,33.6 ,0.194737 ,0 
842,33.64 ,0.194282 ,0 
843,33.68 ,0.193829 ,0 
844,33.72 ,0.193376 ,0 
845,33.76 ,0.192924 ,0 
846,33.8 ,0.192473 ,0 
847,33.84 ,0.192024 ,0 
848,33.88 ,0.191575 ,0 
849,33.92 ,0.191127 ,0 
850,33.96 ,0.190681 ,0 
851,34 ,0.190236 ,0 
852,34.04 ,0.189792 ,0 
853,34.08 ,0.189349 ,0 
854,34.12 ,0.188907 ,0 
855,34.16 ,0.188467 ,0 
856,34.2 ,0.188028 ,0 
857,34.24 ,0.18759 ,0 
858,34.28 ,0.187154 ,0 
859,34.32 ,0.186719 ,0 
860,34.36 ,0.186286 ,0 
861,34.4 ,0.185854 ,0 
862,34.44 ,0.185424 ,0 
863,34.48 ,0.184995 ,0 
864,34.52 ,0.184568 ,0 
865,34.56 ,0.184142 ,0 
866,34.6 ,0.183718 ,0 
867,34.64 ,0.183296 ,0 
868,34.68 ,0.182875 ,0 
869,34.72 ,0.182456 ,0 
870,34.76 ,0.182039 ,0 
871,34.8 ,0.181624 ,0 
872,34.84 ,0.18121 ,0 
873,34.88 ,0.180798 ,0 
874,34.92 ,0.180388 ,0 
875,34.96 ,0.17998 ,0 
876,35 ,0.179574 ,0 
877,35.04 ,0.17917 ,0 
878,35.08 ,0.178767 ,0 
879,35.12 ,0.178367 ,0 
880,35.16 ,0.177969 ,0 
881,35.2 ,0.177573 ,0 
882,35.24 ,0.177178 ,0 
883,35.28 ,0.176786 ,0 
884,35.32 ,0.176396 ,0 
885,35.36 ,0.176008 ,0 
886,35.4 ,0.175623 ,0 
887,35.44 ,0.175239 ,0 
888,35.48 ,0.174858 ,0 
889,35.52 ,0.174479 ,0 
890,35.56 ,0.174102 ,0 
891,35.6 ,0.173728 ,0 
892,35.64 ,0.173355 ,0 
893,35.68 ,0.172986 ,0 
894,35.72 ,0.172618 ,0 
895,35.76 ,0.172253 ,0 
896,35.8 ,0.17189 ,0 
897,35.84 ,0.17153 ,0 
898,35.88 ,0.171172 ,0 
899,35.92 ,0.170817 ,0 
900,35.96 ,0.170464 ,0 
901,36 ,0.170114 ,0 
902,36.04 ,0.169766 ,0 
903,36.08 ,0.169421 ,0 
904,36.12 ,0.169078 ,0 
905,36.16 ,0.168739 ,0 
906,36.2 ,0.168401 ,0 
907,36.24 ,0.168067 ,0 
908,36.28 ,0.167735 ,0 
909,36.32 ,0.167405 ,0 
910,36.36 ,0.167079 ,0 
911,36.4 ,0.166755 ,0 
912,36.44 ,0.166434 ,0 
913,36.48 ,0.166116 ,0 
914,36.52 ,0.1658 ,0 
915,36.56 ,0.165488 ,0 
916,36.6 ,0.165178 ,0 
917,36.64 ,0.164871 ,0 
918,36.68 ,0.164567 ,0 
919,36.72 ,0.164266 ,0 
920,36.76 ,0.163968 ,0 
921,36.8 ,0.163673 ,0 
922,36.84 ,0.163381 ,0 
923,36.88 ,0.163092 ,0 
924,36.92 ,0.162806 ,0 
925,36.96 ,0.162522 ,0 
926,37 ,0.162242 ,0 
927,37.04 ,0.161966 ,0 
928,37.08 ,0.161692 ,0 
929,37.12 ,0.161421 ,0 
930,37.16 ,0.161153 ,0 
931,37.2 ,0.160889 ,0 
932,37.24 ,0.160628 ,0 
933,37.28 ,0.16037 ,0 
934,37.32 ,0.160115 ,0 
935,37.36 ,0.159863 ,0 
936,37.4 ,0.159615 ,0 
937,37.44 ,0.15937 ,0 
938,37.48 ,0.159128 ,0 
939,37.52 ,0.15889 ,0 
940,37.56 ,0.158655 ,0 
941,37.6 ,0.158423 ,0 
942,37.64 ,0.158195 ,0 
943,37.68 ,0.15797 ,0 
944,37.72 ,0.157748 ,0 
945,37.76 ,0.15753 ,0 
946,37.8 ,0.157315 ,0 
947,37.84 ,0.157104 ,0 
948,37.88 ,0.156897 ,0 
949,37.92 ,0.156692 ,0 
950,37.96 ,0.156492 ,0 
951,38 ,0.156295 ,0 
952,38.04 ,0.156101 ,0 
953,38.08 ,0.155911 ,0 
954,38.12 ,0.155725 ,0 
955,38.16 ,0.155542 ,0 
956,38.2 ,0.155363 ,0 
957,38.24 ,0.155188 ,0 
958,38.28 ,0.155016 ,0 
959,38.32 ,0.154848 ,0 
960,38.36 ,0.154684 ,0 
961,38.4 ,0.154523 ,0 
962,38.44 ,0.154366 ,0 
963,38.48 ,0.154213 ,0 
964,38.52 ,0.154064 ,0 
965,38.56 ,0.153918 ,0 
966,38.6 ,0.153777 ,0 
967,38.64 ,0.153639 ,0 
968,38.68 ,0.153505 ,0 
969,38.72 ,0.153375 ,0 
970,38.76 ,0.153249 ,0 
971,38.8 ,0.153127 ,0 
972,38.84 ,0.153008 ,0 
973,38.88 ,0.152894 ,0 
974,38.92 ,0.152784 ,0 
975,38.96 ,0.152678 ,0 
976,39 ,0.152575 ,0 
977,39.04 ,0.152477 ,0 
978,39.08 ,0.152383 ,0 
979,39.12 ,0.152293 ,0 
980,39.16 ,0.152207 ,0 
981,39.2 ,0.152125 ,0 
982,39.24 ,0.152047 ,0 
983,39.28 ,0.151973 ,0 
984,39.32 ,0.151904 ,0 
985,39.36 ,0.151839 ,0 
986,39.4 ,0.151778 ,0 
987,39.44 ,0.151721 ,0 
988,39.48 ,0.151668 ,0 
989,39.52 ,0.15162 ,0 
990,39.56 ,0.151576 ,0 
991,39.6 ,0.151536 ,0 
992,39.64 ,0.151501 ,0 
993,39.68 ,0.15147 ,0 
994,39.72 ,0.151443 ,0 
995,39.76 ,0.151421 ,0 
996,39.8 ,0.151403 ,0 
997,39.84 ,0.15139 ,0 
998,39.88 ,0.151381 ,0 
999,39.92 ,0.151376 ,0 
1000,39.96 ,0.151376 ,0 