
1,0.000000e+00 ,1.932112e-02 ,3.053435e+00 
2,3.000000e-02 ,1.932112e-02 ,3.053420e+00 
3,6.000000e-02 ,1.932112e-02 ,3.053376e+00 
4,9.000000e-02 ,2.897332e-02 ,3.053302e+00 
5,1.200000e-01 ,3.861548e-02 ,3.053198e+00 
6,1.500000e-01 ,4.824426e-02 ,3.053064e+00 
7,1.800000e-01 ,5.785634e-02 ,3.052901e+00 
8,2.100000e-01 ,6.744841e-02 ,3.052709e+00 
9,2.400000e-01 ,7.701714e-02 ,3.052486e+00 
10,2.700000e-01 ,8.655926e-02 ,3.052234e+00 
11,3.000000e-01 ,9.607147e-02 ,3.051952e+00 
12,3.300000e-01 ,1.055505e-01 ,3.051641e+00 
13,3.600000e-01 ,1.149932e-01 ,3.051300e+00 
14,3.900000e-01 ,1.243962e-01 ,3.050929e+00 
15,4.200000e-01 ,1.337564e-01 ,3.050529e+00 
16,4.500000e-01 ,1.430706e-01 ,3.050099e+00 
17,4.800000e-01 ,1.523356e-01 ,3.049639e+00 
18,5.100000e-01 ,1.615484e-01 ,3.049150e+00 
19,5.400000e-01 ,1.707058e-01 ,3.048631e+00 
20,5.700000e-01 ,1.798048e-01 ,3.048082e+00 
21,6.000000e-01 ,1.888424e-01 ,3.047504e+00 
22,6.300000e-01 ,1.978156e-01 ,3.046896e+00 
23,6.600000e-01 ,2.067213e-01 ,3.046259e+00 
24,6.900000e-01 ,2.155568e-01 ,3.045591e+00 
25,7.200000e-01 ,2.243191e-01 ,3.044895e+00 
26,7.500000e-01 ,2.330054e-01 ,3.044168e+00 
27,7.800000e-01 ,2.416129e-01 ,3.043412e+00 
28,8.100000e-01 ,2.501388e-01 ,3.042626e+00 
29,8.400000e-01 ,2.585805e-01 ,3.041810e+00 
30,8.700000e-01 ,2.669353e-01 ,3.040965e+00 
31,9.000000e-01 ,2.752006e-01 ,3.040090e+00 
32,9.300000e-01 ,2.833739e-01 ,3.039186e+00 
33,9.600000e-01 ,2.914525e-01 ,3.038252e+00 
34,9.900000e-01 ,2.994342e-01 ,3.037288e+00 
35,1.020000e+00 ,3.073165e-01 ,3.036295e+00 
36,1.050000e+00 ,3.150970e-01 ,3.035272e+00 
37,1.080000e+00 ,3.227735e-01 ,3.034219e+00 
38,1.110000e+00 ,3.303437e-01 ,3.033136e+00 
39,1.140000e+00 ,3.378055e-01 ,3.032024e+00 
40,1.170000e+00 ,3.451567e-01 ,3.030883e+00 
41,1.200000e+00 ,3.523953e-01 ,3.029711e+00 
42,1.230000e+00 ,3.595194e-01 ,3.028510e+00 
43,1.260000e+00 ,3.665269e-01 ,3.027280e+00 
44,1.290000e+00 ,3.734161e-01 ,3.026019e+00 
45,1.320000e+00 ,3.801851e-01 ,3.024729e+00 
46,1.350000e+00 ,3.868321e-01 ,3.023410e+00 
47,1.380000e+00 ,3.933556e-01 ,3.022060e+00 
48,1.410000e+00 ,3.997538e-01 ,3.020681e+00 
49,1.440000e+00 ,4.060254e-01 ,3.019273e+00 
50,1.470000e+00 ,4.121687e-01 ,3.017835e+00 
51,1.500000e+00 ,4.181824e-01 ,3.016367e+00 
52,1.530000e+00 ,4.240651e-01 ,3.014869e+00 
53,1.560000e+00 ,4.298156e-01 ,3.013342e+00 
54,1.590000e+00 ,4.354327e-01 ,3.011785e+00 
55,1.620000e+00 ,4.409152e-01 ,3.010198e+00 
56,1.650000e+00 ,4.462621e-01 ,3.008582e+00 
57,1.680000e+00 ,4.514724e-01 ,3.006936e+00 
58,1.710000e+00 ,4.565451e-01 ,3.005261e+00 
59,1.740000e+00 ,4.614794e-01 ,3.003556e+00 
60,1.770000e+00 ,4.662745e-01 ,3.001821e+00 
61,1.800000e+00 ,4.709297e-01 ,3.000056e+00 
62,1.830000e+00 ,4.754443e-01 ,2.998262e+00 
63,1.860000e+00 ,4.798178e-01 ,2.996439e+00 
64,1.890000e+00 ,4.840496e-01 ,2.994585e+00 
65,1.920000e+00 ,4.881394e-01 ,2.992702e+00 
66,1.950000e+00 ,4.920867e-01 ,2.990789e+00 
67,1.980000e+00 ,4.958912e-01 ,2.988847e+00 
68,2.010000e+00 ,4.995526e-01 ,2.986875e+00 
69,2.040000e+00 ,5.030709e-01 ,2.984873e+00 
70,2.070000e+00 ,5.064460e-01 ,2.982842e+00 
71,2.100000e+00 ,5.096777e-01 ,2.980781e+00 
72,2.130000e+00 ,5.127661e-01 ,2.978690e+00 
73,2.160000e+00 ,5.157113e-01 ,2.976570e+00 
74,2.190000e+00 ,5.185135e-01 ,2.974420e+00 
75,2.220000e+00 ,5.211729e-01 ,2.972240e+00 
76,2.250000e+00 ,5.236898e-01 ,2.970031e+00 
77,2.280000e+00 ,5.260645e-01 ,2.967792e+00 
78,2.310000e+00 ,5.282975e-01 ,2.965523e+00 
79,2.340000e+00 ,5.303892e-01 ,2.963225e+00 
80,2.370000e+00 ,5.323401e-01 ,2.960897e+00 
81,2.400000e+00 ,5.341510e-01 ,2.958540e+00 
82,2.430000e+00 ,5.358223e-01 ,2.956153e+00 
83,2.460000e+00 ,5.373549e-01 ,2.953736e+00 
84,2.490000e+00 ,5.387495e-01 ,2.951289e+00 
85,2.520000e+00 ,5.400070e-01 ,2.948813e+00 
86,2.550000e+00 ,5.411282e-01 ,2.946307e+00 
87,2.580000e+00 ,5.421140e-01 ,2.943772e+00 
88,2.610000e+00 ,5.429655e-01 ,2.941207e+00 
89,2.640000e+00 ,5.436836e-01 ,2.938612e+00 
90,2.670000e+00 ,5.442696e-01 ,2.935987e+00 
91,2.700000e+00 ,5.447245e-01 ,2.933333e+00 
92,2.730000e+00 ,5.450495e-01 ,2.930649e+00 
93,2.760000e+00 ,5.452458e-01 ,2.927936e+00 
94,2.790000e+00 ,5.453148e-01 ,2.925193e+00 
95,2.820000e+00 ,5.452578e-01 ,2.922420e+00 
96,2.850000e+00 ,5.450761e-01 ,2.919618e+00 
97,2.880000e+00 ,5.447712e-01 ,2.916786e+00 
98,2.910000e+00 ,5.443445e-01 ,2.913924e+00 
99,2.940000e+00 ,5.437975e-01 ,2.911033e+00 
100,2.970000e+00 ,5.431318e-01 ,2.908112e+00 
101,3.000000e+00 ,5.423489e-01 ,2.905161e+00 
102,3.030000e+00 ,5.414505e-01 ,2.902181e+00 
103,3.060000e+00 ,5.404381e-01 ,2.899171e+00 
104,3.090000e+00 ,5.393134e-01 ,2.896131e+00 
105,3.120000e+00 ,5.380783e-01 ,2.893062e+00 
106,3.150000e+00 ,5.367343e-01 ,2.889963e+00 
107,3.180000e+00 ,5.352833e-01 ,2.886835e+00 
108,3.210000e+00 ,5.337271e-01 ,2.883676e+00 
109,3.240000e+00 ,5.320675e-01 ,2.880488e+00 
110,3.270000e+00 ,5.303063e-01 ,2.877271e+00 
111,3.300000e+00 ,5.284454e-01 ,2.874024e+00 
112,3.330000e+00 ,5.264868e-01 ,2.870747e+00 
113,3.360000e+00 ,5.244322e-01 ,2.867440e+00 
114,3.390000e+00 ,5.222838e-01 ,2.864104e+00 
115,3.420000e+00 ,5.200433e-01 ,2.860738e+00 
116,3.450000e+00 ,5.177128e-01 ,2.857343e+00 
117,3.480000e+00 ,5.152942e-01 ,2.853918e+00 
118,3.510000e+00 ,5.127897e-01 ,2.850463e+00 
119,3.540000e+00 ,5.102011e-01 ,2.846978e+00 
120,3.570000e+00 ,5.075305e-01 ,2.843464e+00 
121,3.600000e+00 ,5.047799e-01 ,2.839921e+00 
122,3.630000e+00 ,5.019514e-01 ,2.836347e+00 
123,3.660000e+00 ,4.990471e-01 ,2.832744e+00 
124,3.690000e+00 ,4.960689e-01 ,2.829111e+00 
125,3.720000e+00 ,4.930190e-01 ,2.825449e+00 
126,3.750000e+00 ,4.898994e-01 ,2.821757e+00 
127,3.780000e+00 ,4.867122e-01 ,2.818035e+00 
128,3.810000e+00 ,4.834594e-01 ,2.814284e+00 
129,3.840000e+00 ,4.801431e-01 ,2.810503e+00 
130,3.870000e+00 ,4.767655e-01 ,2.806692e+00 
131,3.900000e+00 ,4.733285e-01 ,2.802852e+00 
132,3.930000e+00 ,4.698342e-01 ,2.798982e+00 
133,3.960000e+00 ,4.662847e-01 ,2.795083e+00 
134,3.990000e+00 ,4.626821e-01 ,2.791153e+00 
135,4.020000e+00 ,4.590283e-01 ,2.787194e+00 
136,4.050000e+00 ,4.553254e-01 ,2.783206e+00 
137,4.080000e+00 ,4.515755e-01 ,2.779188e+00 
138,4.110000e+00 ,4.477806e-01 ,2.775140e+00 
139,4.140000e+00 ,4.439427e-01 ,2.771062e+00 
140,4.170000e+00 ,4.400637e-01 ,2.766955e+00 
141,4.200000e+00 ,4.361457e-01 ,2.762818e+00 
142,4.230000e+00 ,4.321906e-01 ,2.758652e+00 
143,4.260000e+00 ,4.282005e-01 ,2.754456e+00 
144,4.290000e+00 ,4.241771e-01 ,2.750230e+00 
145,4.320000e+00 ,4.201225e-01 ,2.745974e+00 
146,4.350000e+00 ,4.160386e-01 ,2.741689e+00 
147,4.380000e+00 ,4.119273e-01 ,2.737374e+00 
148,4.410000e+00 ,4.077903e-01 ,2.733030e+00 
149,4.440000e+00 ,4.036297e-01 ,2.728656e+00 
150,4.470000e+00 ,3.994471e-01 ,2.724252e+00 
151,4.500000e+00 ,3.952445e-01 ,2.719819e+00 
152,4.530000e+00 ,3.910236e-01 ,2.715356e+00 
153,4.560000e+00 ,3.867861e-01 ,2.710863e+00 
154,4.590000e+00 ,3.825339e-01 ,2.706341e+00 
155,4.620000e+00 ,3.782686e-01 ,2.701789e+00 
156,4.650000e+00 ,3.739920e-01 ,2.697207e+00 
157,4.680000e+00 ,3.697056e-01 ,2.692596e+00 
158,4.710000e+00 ,3.654112e-01 ,2.687955e+00 
159,4.740000e+00 ,3.611103e-01 ,2.683284e+00 
160,4.770000e+00 ,3.568046e-01 ,2.678584e+00 
161,4.800000e+00 ,3.524957e-01 ,2.673854e+00 
162,4.830000e+00 ,3.481850e-01 ,2.669094e+00 
163,4.860000e+00 ,3.438740e-01 ,2.664305e+00 
164,4.890000e+00 ,3.395644e-01 ,2.659486e+00 
165,4.920000e+00 ,3.352575e-01 ,2.654637e+00 
166,4.950000e+00 ,3.309547e-01 ,2.649759e+00 
167,4.980000e+00 ,3.266574e-01 ,2.644851e+00 
168,5.010000e+00 ,3.223671e-01 ,2.639914e+00 
169,5.040000e+00 ,3.180851e-01 ,2.634947e+00 
170,5.070000e+00 ,3.138126e-01 ,2.629950e+00 
171,5.100000e+00 ,3.095510e-01 ,2.624923e+00 
172,5.130000e+00 ,3.053015e-01 ,2.619867e+00 
173,5.160000e+00 ,3.010653e-01 ,2.614781e+00 
174,5.190000e+00 ,2.968436e-01 ,2.609666e+00 
175,5.220000e+00 ,2.926377e-01 ,2.604521e+00 
176,5.250000e+00 ,2.884485e-01 ,2.599346e+00 
177,5.280000e+00 ,2.842773e-01 ,2.594142e+00 
178,5.310000e+00 ,2.801251e-01 ,2.588908e+00 
179,5.340000e+00 ,2.759929e-01 ,2.583644e+00 
180,5.370000e+00 ,2.718818e-01 ,2.578351e+00 
181,5.400000e+00 ,2.677927e-01 ,2.573028e+00 
182,5.430000e+00 ,2.637265e-01 ,2.567675e+00 
183,5.460000e+00 ,2.596843e-01 ,2.562292e+00 
184,5.490000e+00 ,2.556669e-01 ,2.556880e+00 
185,5.520000e+00 ,2.516751e-01 ,2.551439e+00 
186,5.550000e+00 ,2.477099e-01 ,2.545968e+00 
187,5.580000e+00 ,2.437719e-01 ,2.540467e+00 
188,5.610000e+00 ,2.398620e-01 ,2.534936e+00 
189,5.640000e+00 ,2.359809e-01 ,2.529376e+00 
190,5.670000e+00 ,2.321293e-01 ,2.523786e+00 
191,5.700000e+00 ,2.283079e-01 ,2.518166e+00 
192,5.730000e+00 ,2.245174e-01 ,2.512517e+00 
193,5.760000e+00 ,2.207584e-01 ,2.506838e+00 
194,5.790000e+00 ,2.170315e-01 ,2.501129e+00 
195,5.820000e+00 ,2.133372e-01 ,2.495391e+00 
196,5.850000e+00 ,2.096762e-01 ,2.489623e+00 
197,5.880000e+00 ,2.060489e-01 ,2.483826e+00 
198,5.910000e+00 ,2.024558e-01 ,2.477999e+00 
199,5.940000e+00 ,1.988974e-01 ,2.472142e+00 
200,5.970000e+00 ,1.953742e-01 ,2.466255e+00 
201,6.000000e+00 ,1.918865e-01 ,2.460339e+00 
202,6.030000e+00 ,1.884347e-01 ,2.454394e+00 
203,6.060000e+00 ,1.850192e-01 ,2.448418e+00 
204,6.090000e+00 ,1.816404e-01 ,2.442413e+00 
205,6.120000e+00 ,1.782985e-01 ,2.436378e+00 
206,6.150000e+00 ,1.749938e-01 ,2.430314e+00 
207,6.180000e+00 ,1.717266e-01 ,2.424220e+00 
208,6.210000e+00 ,1.684971e-01 ,2.418096e+00 
209,6.240000e+00 ,1.653056e-01 ,2.411943e+00 
210,6.270000e+00 ,1.621523e-01 ,2.405760e+00 
211,6.300000e+00 ,1.590373e-01 ,2.399547e+00 
212,6.330000e+00 ,1.559607e-01 ,2.393305e+00 
213,6.360000e+00 ,1.529228e-01 ,2.387033e+00 
214,6.390000e+00 ,1.499236e-01 ,2.380731e+00 
215,6.420000e+00 ,1.469632e-01 ,2.374400e+00 
216,6.450000e+00 ,1.440417e-01 ,2.368039e+00 
217,6.480000e+00 ,1.411591e-01 ,2.361648e+00 
218,6.510000e+00 ,1.383155e-01 ,2.355228e+00 
219,6.540000e+00 ,1.355109e-01 ,2.348778e+00 
220,6.570000e+00 ,1.327452e-01 ,2.342298e+00 
221,6.600000e+00 ,1.300186e-01 ,2.335789e+00 
222,6.630000e+00 ,1.273308e-01 ,2.329250e+00 
223,6.660000e+00 ,1.246819e-01 ,2.322682e+00 
224,6.690000e+00 ,1.220718e-01 ,2.316084e+00 
225,6.720000e+00 ,1.195004e-01 ,2.309456e+00 
226,6.750000e+00 ,1.169676e-01 ,2.302798e+00 
227,6.780000e+00 ,1.144733e-01 ,2.296111e+00 
228,6.810000e+00 ,1.120173e-01 ,2.289394e+00 
229,6.840000e+00 ,1.095996e-01 ,2.282648e+00 
230,6.870000e+00 ,1.072199e-01 ,2.275872e+00 
231,6.900000e+00 ,1.048781e-01 ,2.269066e+00 
232,6.930000e+00 ,1.025739e-01 ,2.262230e+00 
233,6.960000e+00 ,1.003073e-01 ,2.255365e+00 
234,6.990000e+00 ,9.807795e-02 ,2.248471e+00 
235,7.020000e+00 ,9.588567e-02 ,2.241546e+00 
236,7.050000e+00 ,9.373022e-02 ,2.234592e+00 
237,7.080000e+00 ,9.161137e-02 ,2.227609e+00 
238,7.110000e+00 ,8.952886e-02 ,2.220595e+00 
239,7.140000e+00 ,8.748243e-02 ,2.213552e+00 
240,7.170000e+00 ,8.547181e-02 ,2.206479e+00 
241,7.200000e+00 ,8.349673e-02 ,2.199377e+00 
242,7.230000e+00 ,8.155688e-02 ,2.192245e+00 
243,7.260000e+00 ,7.965199e-02 ,2.185084e+00 
244,7.290000e+00 ,7.778175e-02 ,2.177892e+00 
245,7.320000e+00 ,7.594584e-02 ,2.170671e+00 
246,7.350000e+00 ,7.414395e-02 ,2.163421e+00 
247,7.380000e+00 ,7.237576e-02 ,2.156140e+00 
248,7.410000e+00 ,7.064093e-02 ,2.148831e+00 
249,7.440000e+00 ,6.893914e-02 ,2.141491e+00 
250,7.470000e+00 ,6.727004e-02 ,2.134122e+00 
251,7.500000e+00 ,6.563328e-02 ,2.126723e+00 
252,7.530000e+00 ,6.402853e-02 ,2.119294e+00 
253,7.560000e+00 ,6.245541e-02 ,2.111836e+00 
254,7.590000e+00 ,6.091358e-02 ,2.104348e+00 
255,7.620000e+00 ,5.940267e-02 ,2.096831e+00 
256,7.650000e+00 ,5.792231e-02 ,2.089284e+00 
257,7.680000e+00 ,5.647215e-02 ,2.081707e+00 
258,7.710000e+00 ,5.505180e-02 ,2.074100e+00 
259,7.740000e+00 ,5.366090e-02 ,2.066464e+00 
260,7.770000e+00 ,5.229907e-02 ,2.058799e+00 
261,7.800000e+00 ,5.096593e-02 ,2.051103e+00 
262,7.830000e+00 ,4.966111e-02 ,2.043378e+00 
263,7.860000e+00 ,4.838422e-02 ,2.035623e+00 
264,7.890000e+00 ,4.713489e-02 ,2.027883e+00 
265,7.920000e+00 ,4.591273e-02 ,2.020202e+00 
266,7.950000e+00 ,4.471735e-02 ,2.012579e+00 
267,7.980000e+00 ,4.354837e-02 ,2.005013e+00 
268,8.010000e+00 ,4.240539e-02 ,1.997503e+00 
269,8.040000e+00 ,4.128801e-02 ,1.990050e+00 
270,8.070000e+00 ,4.019583e-02 ,1.982652e+00 
271,8.100000e+00 ,3.912847e-02 ,1.975309e+00 
272,8.130000e+00 ,3.808551e-02 ,1.968020e+00 
273,8.160000e+00 ,3.706656e-02 ,1.960784e+00 
274,8.190000e+00 ,3.607122e-02 ,1.953602e+00 
275,8.220000e+00 ,3.509908e-02 ,1.946472e+00 
276,8.250000e+00 ,3.414975e-02 ,1.939394e+00 
277,8.280000e+00 ,3.322282e-02 ,1.932367e+00 
278,8.310000e+00 ,3.231790e-02 ,1.925391e+00 
279,8.340000e+00 ,3.143459e-02 ,1.918465e+00 
280,8.370000e+00 ,3.057250e-02 ,1.911589e+00 
281,8.400000e+00 ,2.973123e-02 ,1.904762e+00 
282,8.430000e+00 ,2.891039e-02 ,1.897983e+00 
283,8.460000e+00 ,2.810960e-02 ,1.891253e+00 
284,8.490000e+00 ,2.732848e-02 ,1.884570e+00 
285,8.520000e+00 ,2.656663e-02 ,1.877934e+00 
286,8.550000e+00 ,2.582368e-02 ,1.871345e+00 
287,8.580000e+00 ,2.509926e-02 ,1.864802e+00 
288,8.610000e+00 ,2.439299e-02 ,1.858304e+00 
289,8.640000e+00 ,2.370450e-02 ,1.851852e+00 
290,8.670000e+00 ,2.303344e-02 ,1.845444e+00 
291,8.700000e+00 ,2.237943e-02 ,1.839080e+00 
292,8.730000e+00 ,2.174213e-02 ,1.832761e+00 
293,8.760000e+00 ,2.112118e-02 ,1.826484e+00 
294,8.790000e+00 ,2.051624e-02 ,1.820250e+00 
295,8.820000e+00 ,1.992695e-02 ,1.814059e+00 
296,8.850000e+00 ,1.935299e-02 ,1.807910e+00 
297,8.880000e+00 ,1.879402e-02 ,1.801802e+00 
298,8.910000e+00 ,1.824971e-02 ,1.795735e+00 
299,8.940000e+00 ,1.771972e-02 ,1.789709e+00 
300,8.970000e+00 ,1.720376e-02 ,1.783724e+00 
301,9.000000e+00 ,1.670149e-02 ,1.777778e+00 
302,9.030000e+00 ,1.621261e-02 ,1.771872e+00 
303,9.060000e+00 ,1.573681e-02 ,1.766004e+00 
304,9.090000e+00 ,1.527379e-02 ,1.760176e+00 
305,9.120000e+00 ,1.482326e-02 ,1.754386e+00 
306,9.150000e+00 ,1.438492e-02 ,1.748634e+00 
307,9.180000e+00 ,1.395849e-02 ,1.742919e+00 
308,9.210000e+00 ,1.354368e-02 ,1.737242e+00 
309,9.240000e+00 ,1.314023e-02 ,1.731602e+00 
310,9.270000e+00 ,1.274786e-02 ,1.725998e+00 
311,9.300000e+00 ,1.236629e-02 ,1.720430e+00 
312,9.330000e+00 ,1.199528e-02 ,1.714898e+00 
313,9.360000e+00 ,1.163457e-02 ,1.709402e+00 
314,9.390000e+00 ,1.128389e-02 ,1.703940e+00 
315,9.420000e+00 ,1.094301e-02 ,1.698514e+00 
316,9.450000e+00 ,1.061169e-02 ,1.693122e+00 
317,9.480000e+00 ,1.028967e-02 ,1.687764e+00 
318,9.510000e+00 ,9.976744e-03 ,1.682440e+00 
319,9.540000e+00 ,9.672667e-03 ,1.677149e+00 
320,9.570000e+00 ,9.377220e-03 ,1.671891e+00 
321,9.600000e+00 ,9.090183e-03 ,1.666667e+00 
322,9.630000e+00 ,8.811342e-03 ,1.661475e+00 
323,9.660000e+00 ,8.540486e-03 ,1.656315e+00 
324,9.690000e+00 ,8.277410e-03 ,1.651187e+00 
325,9.720000e+00 ,8.021912e-03 ,1.646091e+00 
326,9.750000e+00 ,7.773796e-03 ,1.641026e+00 
327,9.780000e+00 ,7.532867e-03 ,1.635992e+00 
328,9.810000e+00 ,7.298939e-03 ,1.630989e+00 
329,9.840000e+00 ,7.071825e-03 ,1.626016e+00 
330,9.870000e+00 ,6.851346e-03 ,1.621074e+00 
331,9.900000e+00 ,6.637325e-03 ,1.616162e+00 
332,9.930000e+00 ,6.429591e-03 ,1.611279e+00 
333,9.960000e+00 ,6.227974e-03 ,1.606426e+00 
334,9.990000e+00 ,6.032310e-03 ,1.601602e+00 
335,1.002000e+01 ,5.842437e-03 ,1.596806e+00 
336,1.005000e+01 ,5.658200e-03 ,1.592040e+00 
337,1.008000e+01 ,5.479444e-03 ,1.587302e+00 
338,1.011000e+01 ,5.306020e-03 ,1.582591e+00 
339,1.014000e+01 ,5.137782e-03 ,1.577909e+00 
340,1.017000e+01 ,4.974586e-03 ,1.573255e+00 
341,1.020000e+01 ,4.816294e-03 ,1.568627e+00 
342,1.023000e+01 ,4.662768e-03 ,1.564027e+00 
343,1.026000e+01 ,4.513878e-03 ,1.559454e+00 
344,1.029000e+01 ,4.369493e-03 ,1.554908e+00 
345,1.032000e+01 ,4.229487e-03 ,1.550388e+00 
346,1.035000e+01 ,4.093738e-03 ,1.545894e+00 
347,1.038000e+01 ,3.962124e-03 ,1.541426e+00 
348,1.041000e+01 ,3.834529e-03 ,1.536984e+00 
349,1.044000e+01 ,3.710839e-03 ,1.532567e+00 
350,1.047000e+01 ,3.590942e-03 ,1.528176e+00 
351,1.050000e+01 ,3.474731e-03 ,1.523810e+00 
352,1.053000e+01 ,3.362100e-03 ,1.519468e+00 
353,1.056000e+01 ,3.252945e-03 ,1.515152e+00 
354,1.059000e+01 ,3.147166e-03 ,1.510859e+00 
355,1.062000e+01 ,3.044667e-03 ,1.506591e+00 
356,1.065000e+01 ,2.945351e-03 ,1.502347e+00 
357,1.068000e+01 ,2.849127e-03 ,1.498127e+00 
358,1.071000e+01 ,2.755904e-03 ,1.493931e+00 
359,1.074000e+01 ,2.665593e-03 ,1.489758e+00 
360,1.077000e+01 ,2.578111e-03 ,1.485608e+00 
361,1.080000e+01 ,2.493373e-03 ,1.481481e+00 
362,1.083000e+01 ,2.411299e-03 ,1.477378e+00 
363,1.086000e+01 ,2.331810e-03 ,1.473297e+00 
364,1.089000e+01 ,2.254829e-03 ,1.469238e+00 
365,1.092000e+01 ,2.180282e-03 ,1.465201e+00 
366,1.095000e+01 ,2.108096e-03 ,1.461187e+00 
367,1.098000e+01 ,2.038200e-03 ,1.457195e+00 
368,1.101000e+01 ,1.970527e-03 ,1.453224e+00 
369,1.104000e+01 ,1.905008e-03 ,1.449275e+00 
370,1.107000e+01 ,1.841580e-03 ,1.445348e+00 
371,1.110000e+01 ,1.780180e-03 ,1.441441e+00 
372,1.113000e+01 ,1.720745e-03 ,1.437556e+00 
373,1.116000e+01 ,1.663216e-03 ,1.433692e+00 
374,1.119000e+01 ,1.607536e-03 ,1.429848e+00 
375,1.122000e+01 ,1.553648e-03 ,1.426025e+00 
376,1.125000e+01 ,1.501497e-03 ,1.422222e+00 
377,1.128000e+01 ,1.451031e-03 ,1.418440e+00 
378,1.131000e+01 ,1.402197e-03 ,1.414677e+00 
379,1.134000e+01 ,1.354945e-03 ,1.410935e+00 
380,1.137000e+01 ,1.309226e-03 ,1.407212e+00 
381,1.140000e+01 ,1.264994e-03 ,1.403509e+00 
382,1.143000e+01 ,1.222202e-03 ,1.399825e+00 
383,1.146000e+01 ,1.180806e-03 ,1.396161e+00 
384,1.149000e+01 ,1.140762e-03 ,1.392515e+00 
385,1.152000e+01 ,1.102027e-03 ,1.388889e+00 
386,1.155000e+01 ,1.064562e-03 ,1.385281e+00 
387,1.158000e+01 ,1.028326e-03 ,1.381693e+00 
388,1.161000e+01 ,9.932817e-04 ,1.378122e+00 
389,1.164000e+01 ,9.593905e-04 ,1.374570e+00 
390,1.167000e+01 ,9.266166e-04 ,1.371037e+00 
391,1.170000e+01 ,8.949247e-04 ,1.367521e+00 
392,1.173000e+01 ,8.642806e-04 ,1.364024e+00 
393,1.176000e+01 ,8.346512e-04 ,1.360544e+00 
394,1.179000e+01 ,8.060044e-04 ,1.357082e+00 
395,1.182000e+01 ,7.783088e-04 ,1.353638e+00 
396,1.185000e+01 ,7.515343e-04 ,1.350211e+00 
397,1.188000e+01 ,7.256515e-04 ,1.346801e+00 
398,1.191000e+01 ,7.006318e-04 ,1.343409e+00 
399,1.194000e+01 ,6.764477e-04 ,1.340034e+00 
400,1.197000e+01 ,6.530724e-04 ,1.336675e+00 
401,1.200000e+01 ,6.304799e-04 ,1.333333e+00 
402,1.203000e+01 ,6.086451e-04 ,1.330008e+00 
403,1.206000e+01 ,5.875434e-04 ,1.326700e+00 
404,1.209000e+01 ,5.671512e-04 ,1.323408e+00 
405,1.212000e+01 ,5.474457e-04 ,1.320132e+00 
406,1.215000e+01 ,5.284045e-04 ,1.316872e+00 
407,1.218000e+01 ,5.100061e-04 ,1.313629e+00 
408,1.221000e+01 ,4.922296e-04 ,1.310401e+00 
409,1.224000e+01 ,4.750548e-04 ,1.307190e+00 
410,1.227000e+01 ,4.584620e-04 ,1.303993e+00 
411,1.230000e+01 ,4.424322e-04 ,1.300813e+00 
412,1.233000e+01 ,4.269470e-04 ,1.297648e+00 
413,1.236000e+01 ,4.119886e-04 ,1.294498e+00 
414,1.239000e+01 ,3.975396e-04 ,1.291364e+00 
415,1.242000e+01 ,3.835834e-04 ,1.288245e+00 
416,1.245000e+01 ,3.701037e-04 ,1.285141e+00 
417,1.248000e+01 ,3.570847e-04 ,1.282051e+00 
418,1.251000e+01 ,3.445114e-04 ,1.278977e+00 
419,1.254000e+01 ,3.323689e-04 ,1.275917e+00 
420,1.257000e+01 ,3.206430e-04 ,1.272872e+00 
421,1.260000e+01 ,3.093198e-04 ,1.269841e+00 
422,1.263000e+01 ,2.983860e-04 ,1.266825e+00 
423,1.266000e+01 ,2.878286e-04 ,1.263823e+00 
424,1.269000e+01 ,2.776352e-04 ,1.260835e+00 
425,1.272000e+01 ,2.677934e-04 ,1.257862e+00 
426,1.275000e+01 ,2.582917e-04 ,1.254902e+00 
427,1.278000e+01 ,2.491185e-04 ,1.251956e+00 
428,1.281000e+01 ,2.402630e-04 ,1.249024e+00 
429,1.284000e+01 ,2.317144e-04 ,1.246106e+00 
430,1.287000e+01 ,2.234625e-04 ,1.243201e+00 
431,1.290000e+01 ,2.154972e-04 ,1.240310e+00 
432,1.293000e+01 ,2.078089e-04 ,1.237432e+00 
433,1.296000e+01 ,2.003882e-04 ,1.234568e+00 
434,1.299000e+01 ,1.932262e-04 ,1.231717e+00 
435,1.302000e+01 ,1.863141e-04 ,1.228879e+00 
436,1.305000e+01 ,1.796433e-04 ,1.226054e+00 
437,1.308000e+01 ,1.732058e-04 ,1.223242e+00 
438,1.311000e+01 ,1.669936e-04 ,1.220442e+00 
439,1.314000e+01 ,1.609990e-04 ,1.217656e+00 
440,1.317000e+01 ,1.552146e-04 ,1.214882e+00 
441,1.320000e+01 ,1.496333e-04 ,1.212121e+00 
442,1.323000e+01 ,1.442482e-04 ,1.209373e+00 
443,1.326000e+01 ,1.390525e-04 ,1.206637e+00 
444,1.329000e+01 ,1.340397e-04 ,1.203913e+00 
445,1.332000e+01 ,1.292036e-04 ,1.201201e+00 
446,1.335000e+01 ,1.245382e-04 ,1.198502e+00 
447,1.338000e+01 ,1.200375e-04 ,1.195815e+00 
448,1.341000e+01 ,1.156959e-04 ,1.193139e+00 
449,1.344000e+01 ,1.115080e-04 ,1.190476e+00 
450,1.347000e+01 ,1.074683e-04 ,1.187825e+00 
451,1.350000e+01 ,1.035719e-04 ,1.185185e+00 
452,1.353000e+01 ,9.981382e-05 ,1.182557e+00 
453,1.356000e+01 ,9.618918e-05 ,1.179941e+00 
454,1.359000e+01 ,9.269341e-05 ,1.177336e+00 
455,1.362000e+01 ,8.932205e-05 ,1.174743e+00 
456,1.365000e+01 ,8.607077e-05 ,1.172161e+00 
457,1.368000e+01 ,8.293541e-05 ,1.169591e+00 
458,1.371000e+01 ,7.991193e-05 ,1.167031e+00 
459,1.374000e+01 ,7.699644e-05 ,1.164483e+00 
460,1.377000e+01 ,7.418518e-05 ,1.161946e+00 
461,1.380000e+01 ,7.147451e-05 ,1.159420e+00 
462,1.383000e+01 ,6.886092e-05 ,1.156905e+00 
463,1.386000e+01 ,6.634101e-05 ,1.154401e+00 
464,1.389000e+01 ,6.391151e-05 ,1.151908e+00 
465,1.392000e+01 ,6.156925e-05 ,1.149425e+00 
466,1.395000e+01 ,5.931116e-05 ,1.146953e+00 
467,1.398000e+01 ,5.713430e-05 ,1.144492e+00 
468,1.401000e+01 ,5.503581e-05 ,1.142041e+00 
469,1.404000e+01 ,5.301293e-05 ,1.139601e+00 
470,1.407000e+01 ,5.106299e-05 ,1.137171e+00 
471,1.410000e+01 ,4.918344e-05 ,1.134752e+00 
472,1.413000e+01 ,4.737178e-05 ,1.132343e+00 
473,1.416000e+01 ,4.562561e-05 ,1.129944e+00 
474,1.419000e+01 ,4.394263e-05 ,1.127555e+00 
475,1.422000e+01 ,4.232059e-05 ,1.125176e+00 
476,1.425000e+01 ,4.075733e-05 ,1.122807e+00 
477,1.428000e+01 ,3.925078e-05 ,1.120448e+00 
478,1.431000e+01 ,3.779891e-05 ,1.118099e+00 
479,1.434000e+01 ,3.639979e-05 ,1.115760e+00 
480,1.437000e+01 ,3.505154e-05 ,1.113431e+00 
481,1.440000e+01 ,3.375235e-05 ,1.111111e+00 
482,1.443000e+01 ,3.250047e-05 ,1.108801e+00 
483,1.446000e+01 ,3.129421e-05 ,1.106501e+00 
484,1.449000e+01 ,3.013195e-05 ,1.104210e+00 
485,1.452000e+01 ,2.901211e-05 ,1.101928e+00 
486,1.455000e+01 ,2.793318e-05 ,1.099656e+00 
487,1.458000e+01 ,2.689369e-05 ,1.097394e+00 
488,1.461000e+01 ,2.589223e-05 ,1.095140e+00 
489,1.464000e+01 ,2.492743e-05 ,1.092896e+00 
490,1.467000e+01 ,2.399799e-05 ,1.090661e+00 
491,1.470000e+01 ,2.310262e-05 ,1.088435e+00 
492,1.473000e+01 ,2.224011e-05 ,1.086219e+00 
493,1.476000e+01 ,2.140927e-05 ,1.084011e+00 
494,1.479000e+01 ,2.060896e-05 ,1.081812e+00 
495,1.482000e+01 ,1.983809e-05 ,1.079622e+00 
496,1.485000e+01 ,1.909558e-05 ,1.077441e+00 
497,1.488000e+01 ,1.838042e-05 ,1.075269e+00 
498,1.491000e+01 ,1.769162e-05 ,1.073105e+00 
499,1.494000e+01 ,1.702822e-05 ,1.070950e+00 
500,1.497000e+01 ,1.638930e-05 ,1.068804e+00 
501,1.500000e+01 ,1.577399e-05 ,1.066667e+00 
502,1.503000e+01 ,1.518141e-05 ,1.064538e+00 
503,1.506000e+01 ,1.461075e-05 ,1.062417e+00 
504,1.509000e+01 ,1.406121e-05 ,1.060305e+00 
505,1.512000e+01 ,1.353202e-05 ,1.058201e+00 
506,1.515000e+01 ,1.302245e-05 ,1.056106e+00 
507,1.518000e+01 ,1.253177e-05 ,1.054018e+00 
508,1.521000e+01 ,1.205931e-05 ,1.051940e+00 
509,1.524000e+01 ,1.160439e-05 ,1.049869e+00 
510,1.527000e+01 ,1.116637e-05 ,1.047806e+00 
511,1.530000e+01 ,1.074465e-05 ,1.045752e+00 
512,1.533000e+01 ,1.033861e-05 ,1.043705e+00 
513,1.536000e+01 ,9.947700e-06 ,1.041667e+00 
514,1.539000e+01 ,9.571352e-06 ,1.039636e+00 
515,1.542000e+01 ,9.209037e-06 ,1.037613e+00 
516,1.545000e+01 ,8.860239e-06 ,1.035599e+00 
517,1.548000e+01 ,8.524462e-06 ,1.033592e+00 
518,1.551000e+01 ,8.201230e-06 ,1.031593e+00 
519,1.554000e+01 ,7.890080e-06 ,1.029601e+00 
520,1.557000e+01 ,7.590569e-06 ,1.027617e+00 
521,1.560000e+01 ,7.302268e-06 ,1.025641e+00 
522,1.563000e+01 ,7.024764e-06 ,1.023672e+00 
523,1.566000e+01 ,6.757661e-06 ,1.021711e+00 
524,1.569000e+01 ,6.500573e-06 ,1.019758e+00 
525,1.572000e+01 ,6.253132e-06 ,1.017812e+00 
526,1.575000e+01 ,6.014981e-06 ,1.015873e+00 
527,1.578000e+01 ,5.785777e-06 ,1.013942e+00 
528,1.581000e+01 ,5.565189e-06 ,1.012018e+00 
529,1.584000e+01 ,5.352899e-06 ,1.010101e+00 
530,1.587000e+01 ,5.148598e-06 ,1.008192e+00 
531,1.590000e+01 ,4.951991e-06 ,1.006289e+00 
532,1.593000e+01 ,4.762793e-06 ,1.004394e+00 
533,1.596000e+01 ,4.580728e-06 ,1.002506e+00 
534,1.599000e+01 ,4.405533e-06 ,1.000625e+00 
535,1.602000e+01 ,4.236950e-06 ,9.987516e-01 
536,1.605000e+01 ,4.074735e-06 ,9.968847e-01 
537,1.608000e+01 ,3.918651e-06 ,9.950249e-01 
538,1.611000e+01 ,3.768469e-06 ,9.931719e-01 
539,1.614000e+01 ,3.623969e-06 ,9.913259e-01 
540,1.617000e+01 ,3.484940e-06 ,9.894867e-01 
541,1.620000e+01 ,3.351178e-06 ,9.876543e-01 
542,1.623000e+01 ,3.222485e-06 ,9.858287e-01 
543,1.626000e+01 ,3.098673e-06 ,9.840098e-01 
544,1.629000e+01 ,2.979558e-06 ,9.821977e-01 
545,1.632000e+01 ,2.864966e-06 ,9.803922e-01 
546,1.635000e+01 ,2.754727e-06 ,9.785933e-01 
547,1.638000e+01 ,2.648678e-06 ,9.768010e-01 
548,1.641000e+01 ,2.546662e-06 ,9.750152e-01 
549,1.644000e+01 ,2.448527e-06 ,9.732360e-01 
550,1.647000e+01 ,2.354129e-06 ,9.714633e-01 
551,1.650000e+01 ,2.263326e-06 ,9.696970e-01 
552,1.653000e+01 ,2.175984e-06 ,9.679371e-01 
553,1.656000e+01 ,2.091972e-06 ,9.661836e-01 
554,1.659000e+01 ,2.011166e-06 ,9.644364e-01 
555,1.662000e+01 ,1.933445e-06 ,9.626955e-01 
556,1.665000e+01 ,1.858691e-06 ,9.609610e-01 
557,1.668000e+01 ,1.786795e-06 ,9.592326e-01 
558,1.671000e+01 ,1.717647e-06 ,9.575105e-01 
559,1.674000e+01 ,1.651145e-06 ,9.557945e-01 
560,1.677000e+01 ,1.587187e-06 ,9.540847e-01 
561,1.680000e+01 ,1.525679e-06 ,9.523810e-01 
562,1.683000e+01 ,1.466528e-06 ,9.506833e-01 
563,1.686000e+01 ,1.409643e-06 ,9.489917e-01 
564,1.689000e+01 ,1.354941e-06 ,9.473061e-01 
565,1.692000e+01 ,1.302338e-06 ,9.456265e-01 
566,1.695000e+01 ,1.251754e-06 ,9.439528e-01 
567,1.698000e+01 ,1.203113e-06 ,9.422850e-01 
568,1.701000e+01 ,1.156341e-06 ,9.406232e-01 
569,1.704000e+01 ,1.111368e-06 ,9.389671e-01 
570,1.707000e+01 ,1.068124e-06 ,9.373169e-01 
571,1.710000e+01 ,1.026545e-06 ,9.356725e-01 
572,1.713000e+01 ,9.865674e-07 ,9.340339e-01 
573,1.716000e+01 ,9.481296e-07 ,9.324009e-01 
574,1.719000e+01 ,9.111733e-07 ,9.307737e-01 
575,1.722000e+01 ,8.756422e-07 ,9.291521e-01 
576,1.725000e+01 ,8.414819e-07 ,9.275362e-01 
577,1.728000e+01 ,8.086402e-07 ,9.259259e-01 
578,1.731000e+01 ,7.770667e-07 ,9.243212e-01 
579,1.734000e+01 ,7.467132e-07 ,9.227220e-01 
580,1.737000e+01 ,7.175329e-07 ,9.211284e-01 
581,1.740000e+01 ,6.894812e-07 ,9.195402e-01 
582,1.743000e+01 ,6.625148e-07 ,9.179575e-01 
583,1.746000e+01 ,6.365923e-07 ,9.163803e-01 
584,1.749000e+01 ,6.116737e-07 ,9.148085e-01 
585,1.752000e+01 ,5.877205e-07 ,9.132420e-01 
586,1.755000e+01 ,5.646959e-07 ,9.116809e-01 
587,1.758000e+01 ,5.425642e-07 ,9.101251e-01 
588,1.761000e+01 ,5.212912e-07 ,9.085747e-01 
589,1.764000e+01 ,5.008439e-07 ,9.070295e-01 
590,1.767000e+01 ,4.811907e-07 ,9.054895e-01 
591,1.770000e+01 ,4.623010e-07 ,9.039548e-01 
592,1.773000e+01 ,4.441456e-07 ,9.024253e-01 
593,1.776000e+01 ,4.266962e-07 ,9.009009e-01 
594,1.779000e+01 ,4.099256e-07 ,8.993817e-01 
595,1.782000e+01 ,3.938077e-07 ,8.978676e-01 
596,1.785000e+01 ,3.783175e-07 ,8.963585e-01 
597,1.788000e+01 ,3.634307e-07 ,8.948546e-01 
598,1.791000e+01 ,3.491241e-07 ,8.933557e-01 
599,1.794000e+01 ,3.353752e-07 ,8.918618e-01 
600,1.797000e+01 ,3.221627e-07 ,8.903728e-01 
601,1.800000e+01 ,3.094658e-07 ,8.888889e-01 
602,1.803000e+01 ,2.972645e-07 ,8.874099e-01 
603,1.806000e+01 ,2.855398e-07 ,8.859358e-01 
604,1.809000e+01 ,2.742733e-07 ,8.844666e-01 
605,1.812000e+01 ,2.634471e-07 ,8.830022e-01 
606,1.815000e+01 ,2.530443e-07 ,8.815427e-01 
607,1.818000e+01 ,2.430485e-07 ,8.800880e-01 
608,1.821000e+01 ,2.334440e-07 ,8.786381e-01 
609,1.824000e+01 ,2.242155e-07 ,8.771930e-01 
610,1.827000e+01 ,2.153485e-07 ,8.757526e-01 
611,1.830000e+01 ,2.068290e-07 ,8.743169e-01 
612,1.833000e+01 ,1.986435e-07 ,8.728860e-01 
613,1.836000e+01 ,1.907791e-07 ,8.714597e-01 
614,1.839000e+01 ,1.832232e-07 ,8.700381e-01 
615,1.842000e+01 ,1.759639e-07 ,8.686211e-01 
616,1.845000e+01 ,1.689897e-07 ,8.672087e-01 
617,1.848000e+01 ,1.622894e-07 ,8.658009e-01 
618,1.851000e+01 ,1.558525e-07 ,8.643976e-01 
619,1.854000e+01 ,1.496687e-07 ,8.629989e-01 
620,1.857000e+01 ,1.437280e-07 ,8.616047e-01 
621,1.860000e+01 ,1.380212e-07 ,8.602151e-01 
622,1.863000e+01 ,1.325389e-07 ,8.588298e-01 
623,1.866000e+01 ,1.272726e-07 ,8.574491e-01 
624,1.869000e+01 ,1.222137e-07 ,8.560728e-01 
625,1.872000e+01 ,1.173542e-07 ,8.547009e-01 
626,1.875000e+01 ,1.126862e-07 ,8.533333e-01 
627,1.878000e+01 ,1.082024e-07 ,8.519702e-01 
628,1.881000e+01 ,1.038955e-07 ,8.506114e-01 
629,1.884000e+01 ,9.975856e-08 ,8.492569e-01 
630,1.887000e+01 ,9.578498e-08 ,8.479067e-01 
631,1.890000e+01 ,9.196836e-08 ,8.465608e-01 
632,1.893000e+01 ,8.830256e-08 ,8.452192e-01 
633,1.896000e+01 ,8.478167e-08 ,8.438819e-01 
634,1.899000e+01 ,8.140001e-08 ,8.425487e-01 
635,1.902000e+01 ,7.815214e-08 ,8.412198e-01 
636,1.905000e+01 ,7.503280e-08 ,8.398950e-01 
637,1.908000e+01 ,7.203695e-08 ,8.385744e-01 
638,1.911000e+01 ,6.915975e-08 ,8.372580e-01 
639,1.914000e+01 ,6.639655e-08 ,8.359457e-01 
640,1.917000e+01 ,6.374286e-08 ,8.346375e-01 
641,1.920000e+01 ,6.119438e-08 ,8.333333e-01 
642,1.923000e+01 ,5.874699e-08 ,8.320333e-01 
643,1.926000e+01 ,5.639670e-08 ,8.307373e-01 
644,1.929000e+01 ,5.413969e-08 ,8.294453e-01 
645,1.932000e+01 ,5.197231e-08 ,8.281573e-01 
646,1.935000e+01 ,4.989101e-08 ,8.268734e-01 
647,1.938000e+01 ,4.789241e-08 ,8.255934e-01 
648,1.941000e+01 ,4.597325e-08 ,8.243174e-01 
649,1.944000e+01 ,4.413040e-08 ,8.230453e-01 
650,1.947000e+01 ,4.236086e-08 ,8.217771e-01 
651,1.950000e+01 ,4.066173e-08 ,8.205128e-01 
652,1.953000e+01 ,3.903023e-08 ,8.192524e-01 
653,1.956000e+01 ,3.746369e-08 ,8.179959e-01 
654,1.959000e+01 ,3.595955e-08 ,8.167432e-01 
655,1.962000e+01 ,3.451535e-08 ,8.154944e-01 
656,1.965000e+01 ,3.312871e-08 ,8.142494e-01 
657,1.968000e+01 ,3.179737e-08 ,8.130081e-01 
658,1.971000e+01 ,3.051913e-08 ,8.117707e-01 
659,1.974000e+01 ,2.929189e-08 ,8.105370e-01 
660,1.977000e+01 ,2.811363e-08 ,8.093070e-01 
661,1.980000e+01 ,2.698242e-08 ,8.080808e-01 
662,1.983000e+01 ,2.589640e-08 ,8.068583e-01 
663,1.986000e+01 ,2.485376e-08 ,8.056395e-01 
664,1.989000e+01 ,2.385280e-08 ,8.044243e-01 
665,1.992000e+01 ,2.289186e-08 ,8.032129e-01 
666,1.995000e+01 ,2.196935e-08 ,8.020050e-01 
667,1.998000e+01 ,2.108375e-08 ,8.008008e-01 
668,2.001000e+01 ,2.023360e-08 ,7.996002e-01 
669,2.004000e+01 ,1.941748e-08 ,7.984032e-01 
670,2.007000e+01 ,1.863404e-08 ,7.972098e-01 
671,2.010000e+01 ,1.788199e-08 ,7.960199e-01 
672,2.013000e+01 ,1.716007e-08 ,7.948336e-01 
673,2.016000e+01 ,1.646710e-08 ,7.936508e-01 
674,2.019000e+01 ,1.580191e-08 ,7.924715e-01 
675,2.022000e+01 ,1.516341e-08 ,7.912957e-01 
676,2.025000e+01 ,1.455053e-08 ,7.901235e-01 
677,2.028000e+01 ,1.396224e-08 ,7.889546e-01 
678,2.031000e+01 ,1.339758e-08 ,7.877893e-01 
679,2.034000e+01 ,1.285560e-08 ,7.866273e-01 
680,2.037000e+01 ,1.233539e-08 ,7.854688e-01 
681,2.040000e+01 ,1.183609e-08 ,7.843137e-01 
682,2.043000e+01 ,1.135686e-08 ,7.831620e-01 
683,2.046000e+01 ,1.089690e-08 ,7.820137e-01 
684,2.049000e+01 ,1.045545e-08 ,7.808687e-01 
685,2.052000e+01 ,1.003176e-08 ,7.797271e-01 
686,2.055000e+01 ,9.625123e-09 ,7.785888e-01 
687,2.058000e+01 ,9.234861e-09 ,7.774538e-01 
688,2.061000e+01 ,8.860317e-09 ,7.763222e-01 
689,2.064000e+01 ,8.500863e-09 ,7.751938e-01 
690,2.067000e+01 ,8.155895e-09 ,7.740687e-01 
691,2.070000e+01 ,7.824834e-09 ,7.729469e-01 
692,2.073000e+01 ,7.507124e-09 ,7.718283e-01 
693,2.076000e+01 ,7.202229e-09 ,7.707129e-01 
694,2.079000e+01 ,6.909637e-09 ,7.696008e-01 
695,2.082000e+01 ,6.628854e-09 ,7.684918e-01 
696,2.085000e+01 ,6.359408e-09 ,7.673861e-01 
697,2.088000e+01 ,6.100844e-09 ,7.662835e-01 
698,2.091000e+01 ,5.852725e-09 ,7.651841e-01 
699,2.094000e+01 ,5.614633e-09 ,7.640879e-01 
700,2.097000e+01 ,5.386165e-09 ,7.629948e-01 
701,2.100000e+01 ,5.166934e-09 ,7.619048e-01 
702,2.103000e+01 ,4.956571e-09 ,7.608179e-01 
703,2.106000e+01 ,4.754718e-09 ,7.597341e-01 
704,2.109000e+01 ,4.561034e-09 ,7.586534e-01 
705,2.112000e+01 ,4.375191e-09 ,7.575758e-01 
706,2.115000e+01 ,4.196872e-09 ,7.565012e-01 
707,2.118000e+01 ,4.025777e-09 ,7.554297e-01 
708,2.121000e+01 ,3.861613e-09 ,7.543612e-01 
709,2.124000e+01 ,3.704103e-09 ,7.532957e-01 
710,2.127000e+01 ,3.552977e-09 ,7.522332e-01 
711,2.130000e+01 ,3.407980e-09 ,7.511737e-01 
712,2.133000e+01 ,3.268864e-09 ,7.501172e-01 
713,2.136000e+01 ,3.135393e-09 ,7.490637e-01 
714,2.139000e+01 ,3.007338e-09 ,7.480131e-01 
715,2.142000e+01 ,2.884482e-09 ,7.469655e-01 
716,2.145000e+01 ,2.766614e-09 ,7.459207e-01 
717,2.148000e+01 ,2.653534e-09 ,7.448790e-01 
718,2.151000e+01 ,2.545049e-09 ,7.438401e-01 
719,2.154000e+01 ,2.440972e-09 ,7.428041e-01 
720,2.157000e+01 ,2.341127e-09 ,7.417710e-01 
721,2.160000e+01 ,2.245341e-09 ,7.407407e-01 
722,2.163000e+01 ,2.153451e-09 ,7.397134e-01 
723,2.166000e+01 ,2.065300e-09 ,7.386888e-01 
724,2.169000e+01 ,1.980736e-09 ,7.376671e-01 
725,2.172000e+01 ,1.899614e-09 ,7.366483e-01 
726,2.175000e+01 ,1.821796e-09 ,7.356322e-01 
727,2.178000e+01 ,1.747147e-09 ,7.346189e-01 
728,2.181000e+01 ,1.675539e-09 ,7.336084e-01 
729,2.184000e+01 ,1.606849e-09 ,7.326007e-01 
730,2.187000e+01 ,1.540959e-09 ,7.315958e-01 
731,2.190000e+01 ,1.477756e-09 ,7.305936e-01 
732,2.193000e+01 ,1.417130e-09 ,7.295942e-01 
733,2.196000e+01 ,1.358978e-09 ,7.285974e-01 
734,2.199000e+01 ,1.303198e-09 ,7.276035e-01 
735,2.202000e+01 ,1.249694e-09 ,7.266122e-01 
736,2.205000e+01 ,1.198376e-09 ,7.256236e-01 
737,2.208000e+01 ,1.149152e-09 ,7.246377e-01 
738,2.211000e+01 ,1.101940e-09 ,7.236545e-01 
739,2.214000e+01 ,1.056656e-09 ,7.226739e-01 
740,2.217000e+01 ,1.013223e-09 ,7.216960e-01 
741,2.220000e+01 ,9.715653e-10 ,7.207207e-01 
742,2.223000e+01 ,9.316109e-10 ,7.197481e-01 
743,2.226000e+01 ,8.932907e-10 ,7.187781e-01 
744,2.229000e+01 ,8.565381e-10 ,7.178107e-01 
745,2.232000e+01 ,8.212894e-10 ,7.168459e-01 
746,2.235000e+01 ,7.874835e-10 ,7.158837e-01 
747,2.238000e+01 ,7.550615e-10 ,7.149240e-01 
748,2.241000e+01 ,7.239672e-10 ,7.139670e-01 
749,2.244000e+01 ,6.941466e-10 ,7.130125e-01 
750,2.247000e+01 ,6.655477e-10 ,7.120605e-01 
751,2.250000e+01 ,6.381208e-10 ,7.111111e-01 
752,2.253000e+01 ,6.118182e-10 ,7.101642e-01 
753,2.256000e+01 ,5.865940e-10 ,7.092199e-01 
754,2.259000e+01 ,5.624042e-10 ,7.082780e-01 
755,2.262000e+01 ,5.392068e-10 ,7.073386e-01 
756,2.265000e+01 ,5.169611e-10 ,7.064018e-01 
757,2.268000e+01 ,4.956285e-10 ,7.054674e-01 
758,2.271000e+01 ,4.751715e-10 ,7.045354e-01 
759,2.274000e+01 ,4.555546e-10 ,7.036060e-01 
760,2.277000e+01 ,4.367433e-10 ,7.026790e-01 
761,2.280000e+01 ,4.187048e-10 ,7.017544e-01 
762,2.283000e+01 ,4.014075e-10 ,7.008322e-01 
763,2.286000e+01 ,3.848211e-10 ,6.999125e-01 
764,2.289000e+01 ,3.689166e-10 ,6.989952e-01 
765,2.292000e+01 ,3.536660e-10 ,6.980803e-01 
766,2.295000e+01 ,3.390427e-10 ,6.971678e-01 
767,2.298000e+01 ,3.250210e-10 ,6.962576e-01 
768,2.301000e+01 ,3.115763e-10 ,6.953498e-01 
769,2.304000e+01 ,2.986849e-10 ,6.944444e-01 
770,2.307000e+01 ,2.863242e-10 ,6.935414e-01 
771,2.310000e+01 ,2.744725e-10 ,6.926407e-01 
772,2.313000e+01 ,2.631090e-10 ,6.917423e-01 
773,2.316000e+01 ,2.522135e-10 ,6.908463e-01 
774,2.319000e+01 ,2.417671e-10 ,6.899526e-01 
775,2.322000e+01 ,2.317511e-10 ,6.890612e-01 
776,2.325000e+01 ,2.221481e-10 ,6.881720e-01 
777,2.328000e+01 ,2.129411e-10 ,6.872852e-01 
778,2.331000e+01 ,2.041138e-10 ,6.864007e-01 
779,2.334000e+01 ,1.956506e-10 ,6.855184e-01 
780,2.337000e+01 ,1.875366e-10 ,6.846384e-01 
781,2.340000e+01 ,1.797576e-10 ,6.837607e-01 
782,2.343000e+01 ,1.722996e-10 ,6.828852e-01 
783,2.346000e+01 ,1.651496e-10 ,6.820119e-01 
784,2.349000e+01 ,1.582948e-10 ,6.811409e-01 
785,2.352000e+01 ,1.517233e-10 ,6.802721e-01 
786,2.355000e+01 ,1.454232e-10 ,6.794055e-01 
787,2.358000e+01 ,1.393835e-10 ,6.785411e-01 
788,2.361000e+01 ,1.335935e-10 ,6.776789e-01 
789,2.364000e+01 ,1.280428e-10 ,6.768190e-01 
790,2.367000e+01 ,1.227217e-10 ,6.759611e-01 
791,2.370000e+01 ,1.176207e-10 ,6.751055e-01 
792,2.373000e+01 ,1.127307e-10 ,6.742520e-01 
793,2.376000e+01 ,1.080431e-10 ,6.734007e-01 
794,2.379000e+01 ,1.035494e-10 ,6.725515e-01 
795,2.382000e+01 ,9.924187e-11 ,6.717045e-01 
796,2.385000e+01 ,9.511265e-11 ,6.708595e-01 
797,2.388000e+01 ,9.115445e-11 ,6.700168e-01 
798,2.391000e+01 ,8.736022e-11 ,6.691761e-01 
799,2.394000e+01 ,8.372320e-11 ,6.683375e-01 
800,2.397000e+01 ,8.023691e-11 ,6.675010e-01 
801,2.400000e+01 ,7.689513e-11 ,6.666667e-01 
802,2.403000e+01 ,7.369191e-11 ,6.658344e-01 
803,2.406000e+01 ,7.062152e-11 ,6.650042e-01 
804,2.409000e+01 ,6.767848e-11 ,6.641760e-01 
805,2.412000e+01 ,6.485754e-11 ,6.633499e-01 
806,2.415000e+01 ,6.215365e-11 ,6.625259e-01 
807,2.418000e+01 ,5.956199e-11 ,6.617039e-01 
808,2.421000e+01 ,5.707791e-11 ,6.608839e-01 
809,2.424000e+01 ,5.469697e-11 ,6.600660e-01 
810,2.427000e+01 ,5.241491e-11 ,6.592501e-01 
811,2.430000e+01 ,5.022765e-11 ,6.584362e-01 
812,2.433000e+01 ,4.813126e-11 ,6.576243e-01 
813,2.436000e+01 ,4.612198e-11 ,6.568144e-01 
814,2.439000e+01 ,4.419622e-11 ,6.560066e-01 
815,2.442000e+01 ,4.235051e-11 ,6.552007e-01 
816,2.445000e+01 ,4.058155e-11 ,6.543967e-01 
817,2.448000e+01 ,3.888616e-11 ,6.535948e-01 
818,2.451000e+01 ,3.726129e-11 ,6.527948e-01 
819,2.454000e+01 ,3.570403e-11 ,6.519967e-01 
820,2.457000e+01 ,3.421157e-11 ,6.512007e-01 
821,2.460000e+01 ,3.278123e-11 ,6.504065e-01 
822,2.463000e+01 ,3.141044e-11 ,6.496143e-01 
823,2.466000e+01 ,3.009672e-11 ,6.488240e-01 
824,2.469000e+01 ,2.883772e-11 ,6.480356e-01 
825,2.472000e+01 ,2.763116e-11 ,6.472492e-01 
826,2.475000e+01 ,2.647487e-11 ,6.464646e-01 
827,2.478000e+01 ,2.536676e-11 ,6.456820e-01 
828,2.481000e+01 ,2.430484e-11 ,6.449012e-01 
829,2.484000e+01 ,2.328719e-11 ,6.441224e-01 
830,2.487000e+01 ,2.231198e-11 ,6.433454e-01 
831,2.490000e+01 ,2.137743e-11 ,6.425703e-01 
832,2.493000e+01 ,2.048186e-11 ,6.417970e-01 
833,2.496000e+01 ,1.962366e-11 ,6.410256e-01 
834,2.499000e+01 ,1.880127e-11 ,6.402561e-01 
835,2.502000e+01 ,1.801320e-11 ,6.394884e-01 
836,2.505000e+01 ,1.725803e-11 ,6.387226e-01 
837,2.508000e+01 ,1.653439e-11 ,6.379585e-01 
838,2.511000e+01 ,1.584097e-11 ,6.371963e-01 
839,2.514000e+01 ,1.517652e-11 ,6.364360e-01 
840,2.517000e+01 ,1.453982e-11 ,6.356774e-01 
841,2.520000e+01 ,1.392972e-11 ,6.349206e-01 
842,2.523000e+01 ,1.334512e-11 ,6.341657e-01 
843,2.526000e+01 ,1.278496e-11 ,6.334125e-01 
844,2.529000e+01 ,1.224822e-11 ,6.326611e-01 
845,2.532000e+01 ,1.173392e-11 ,6.319115e-01 
846,2.535000e+01 ,1.124113e-11 ,6.311637e-01 
847,2.538000e+01 ,1.076895e-11 ,6.304177e-01 
848,2.541000e+01 ,1.031653e-11 ,6.296734e-01 
849,2.544000e+01 ,9.883046e-12 ,6.289308e-01 
850,2.547000e+01 ,9.467701e-12 ,6.281900e-01 
851,2.550000e+01 ,9.069744e-12 ,6.274510e-01 
852,2.553000e+01 ,8.688448e-12 ,6.267137e-01 
853,2.556000e+01 ,8.323120e-12 ,6.259781e-01 
854,2.559000e+01 ,7.973094e-12 ,6.252442e-01 
855,2.562000e+01 ,7.637731e-12 ,6.245121e-01 
856,2.565000e+01 ,7.316420e-12 ,6.237817e-01 
857,2.568000e+01 ,7.008574e-12 ,6.230530e-01 
858,2.571000e+01 ,6.713632e-12 ,6.223259e-01 
859,2.574000e+01 ,6.431055e-12 ,6.216006e-01 
860,2.577000e+01 ,6.160326e-12 ,6.208770e-01 
861,2.580000e+01 ,5.900951e-12 ,6.201550e-01 
862,2.583000e+01 ,5.652455e-12 ,6.194348e-01 
863,2.586000e+01 ,5.414384e-12 ,6.187162e-01 
864,2.589000e+01 ,5.186303e-12 ,6.179992e-01 
865,2.592000e+01 ,4.967794e-12 ,6.172840e-01 
866,2.595000e+01 ,4.758457e-12 ,6.165703e-01 
867,2.598000e+01 ,4.557909e-12 ,6.158584e-01 
868,2.601000e+01 ,4.365781e-12 ,6.151480e-01 
869,2.604000e+01 ,4.181723e-12 ,6.144393e-01 
870,2.607000e+01 ,4.005395e-12 ,6.137323e-01 
871,2.610000e+01 ,3.836476e-12 ,6.130268e-01 
872,2.613000e+01 ,3.674654e-12 ,6.123230e-01 
873,2.616000e+01 ,3.519634e-12 ,6.116208e-01 
874,2.619000e+01 ,3.371129e-12 ,6.109202e-01 
875,2.622000e+01 ,3.228868e-12 ,6.102212e-01 
876,2.625000e+01 ,3.092589e-12 ,6.095238e-01 
877,2.628000e+01 ,2.962042e-12 ,6.088280e-01 
878,2.631000e+01 ,2.836985e-12 ,6.081338e-01 
879,2.634000e+01 ,2.717190e-12 ,6.074412e-01 
880,2.637000e+01 ,2.602436e-12 ,6.067501e-01 
881,2.640000e+01 ,2.492511e-12 ,6.060606e-01 
882,2.643000e+01 ,2.387213e-12 ,6.053727e-01 
883,2.646000e+01 ,2.286348e-12 ,6.046863e-01 
884,2.649000e+01 ,2.189731e-12 ,6.040015e-01 
885,2.652000e+01 ,2.097182e-12 ,6.033183e-01 
886,2.655000e+01 ,2.008532e-12 ,6.026365e-01 
887,2.658000e+01 ,1.923616e-12 ,6.019564e-01 
888,2.661000e+01 ,1.842279e-12 ,6.012777e-01 
889,2.664000e+01 ,1.764370e-12 ,6.006006e-01 
890,2.667000e+01 ,1.689744e-12 ,5.999250e-01 
891,2.670000e+01 ,1.618265e-12 ,5.992509e-01 
892,2.673000e+01 ,1.549800e-12 ,5.985784e-01 
893,2.676000e+01 ,1.484222e-12 ,5.979073e-01 
894,2.679000e+01 ,1.421411e-12 ,5.972378e-01 
895,2.682000e+01 ,1.361249e-12 ,5.965697e-01 
896,2.685000e+01 ,1.303627e-12 ,5.959032e-01 
897,2.688000e+01 ,1.248436e-12 ,5.952381e-01 
898,2.691000e+01 ,1.195574e-12 ,5.945745e-01 
899,2.694000e+01 ,1.144945e-12 ,5.939124e-01 
900,2.697000e+01 ,1.096454e-12 ,5.932518e-01 
901,2.700000e+01 ,1.050010e-12 ,5.925926e-01 
902,2.703000e+01 ,1.005529e-12 ,5.919349e-01 
903,2.706000e+01 ,9.629272e-13 ,5.912786e-01 
904,2.709000e+01 ,9.221257e-13 ,5.906238e-01 
905,2.712000e+01 ,8.830488e-13 ,5.899705e-01 
906,2.715000e+01 ,8.456240e-13 ,5.893186e-01 
907,2.718000e+01 ,8.097817e-13 ,5.886681e-01 
908,2.721000e+01 ,7.754554e-13 ,5.880191e-01 
909,2.724000e+01 ,7.425812e-13 ,5.873715e-01 
910,2.727000e+01 ,7.110981e-13 ,5.867253e-01 
911,2.730000e+01 ,6.809474e-13 ,5.860806e-01 
912,2.733000e+01 ,6.520730e-13 ,5.854372e-01 
913,2.736000e+01 ,6.244212e-13 ,5.847953e-01 
914,2.739000e+01 ,5.979406e-13 ,5.841548e-01 
915,2.742000e+01 ,5.725818e-13 ,5.835157e-01 
916,2.745000e+01 ,5.482975e-13 ,5.828780e-01 
917,2.748000e+01 ,5.250425e-13 ,5.822416e-01 
918,2.751000e+01 ,5.027735e-13 ,5.816067e-01 
919,2.754000e+01 ,4.814488e-13 ,5.809731e-01 
920,2.757000e+01 ,4.610288e-13 ,5.803410e-01 
921,2.760000e+01 ,4.414754e-13 ,5.797101e-01 
922,2.763000e+01 ,4.227519e-13 ,5.790807e-01 
923,2.766000e+01 ,4.048235e-13 ,5.784526e-01 
924,2.769000e+01 ,3.876567e-13 ,5.778259e-01 
925,2.772000e+01 ,3.712194e-13 ,5.772006e-01 
926,2.775000e+01 ,3.554808e-13 ,5.765766e-01 
927,2.778000e+01 ,3.404116e-13 ,5.759539e-01 
928,2.781000e+01 ,3.259835e-13 ,5.753326e-01 
929,2.784000e+01 ,3.121697e-13 ,5.747126e-01 
930,2.787000e+01 ,2.989441e-13 ,5.740940e-01 
931,2.790000e+01 ,2.862821e-13 ,5.734767e-01 
932,2.793000e+01 ,2.741599e-13 ,5.728607e-01 
933,2.796000e+01 ,2.625549e-13 ,5.722461e-01 
934,2.799000e+01 ,2.514453e-13 ,5.716327e-01 
935,2.802000e+01 ,2.408103e-13 ,5.710207e-01 
936,2.805000e+01 ,2.306299e-13 ,5.704100e-01 
937,2.808000e+01 ,2.208850e-13 ,5.698006e-01 
938,2.811000e+01 ,2.115574e-13 ,5.691925e-01 
939,2.814000e+01 ,2.026295e-13 ,5.685856e-01 
940,2.817000e+01 ,1.940847e-13 ,5.679801e-01 
941,2.820000e+01 ,1.859067e-13 ,5.673759e-01 
942,2.823000e+01 ,1.780804e-13 ,5.667729e-01 
943,2.826000e+01 ,1.705910e-13 ,5.661713e-01 
944,2.829000e+01 ,1.634244e-13 ,5.655709e-01 
945,2.832000e+01 ,1.565671e-13 ,5.649718e-01 
946,2.835000e+01 ,1.500062e-13 ,5.643739e-01 
947,2.838000e+01 ,1.437295e-13 ,5.637773e-01 
948,2.841000e+01 ,1.377250e-13 ,5.631820e-01 
949,2.844000e+01 ,1.319815e-13 ,5.625879e-01 
950,2.847000e+01 ,1.264882e-13 ,5.619951e-01 
951,2.850000e+01 ,1.212347e-13 ,5.614035e-01 
952,2.853000e+01 ,1.162112e-13 ,5.608132e-01 
953,2.856000e+01 ,1.114081e-13 ,5.602241e-01 
954,2.859000e+01 ,1.068165e-13 ,5.596362e-01 
955,2.862000e+01 ,1.024276e-13 ,5.590496e-01 
956,2.865000e+01 ,9.823315e-14 ,5.584642e-01 
957,2.868000e+01 ,9.422530e-14 ,5.578801e-01 
958,2.871000e+01 ,9.039645e-14 ,5.572971e-01 
959,2.874000e+01 ,8.673939e-14 ,5.567154e-01 
960,2.877000e+01 ,8.324719e-14 ,5.561349e-01 
961,2.880000e+01 ,7.991328e-14 ,5.555556e-01 
962,2.883000e+01 ,7.673135e-14 ,5.549775e-01 
963,2.886000e+01 ,7.369539e-14 ,5.544006e-01 
964,2.889000e+01 ,7.079967e-14 ,5.538249e-01 
965,2.892000e+01 ,6.803871e-14 ,5.532503e-01 
966,2.895000e+01 ,6.540729e-14 ,5.526770e-01 
967,2.898000e+01 ,6.290044e-14 ,5.521049e-01 
968,2.901000e+01 ,6.051340e-14 ,5.515340e-01 
969,2.904000e+01 ,5.824168e-14 ,5.509642e-01 
970,2.907000e+01 ,5.608096e-14 ,5.503956e-01 
971,2.910000e+01 ,5.402716e-14 ,5.498282e-01 
972,2.913000e+01 ,5.207640e-14 ,5.492619e-01 
973,2.916000e+01 ,5.022496e-14 ,5.486968e-01 
974,2.919000e+01 ,4.846936e-14 ,5.481329e-01 
975,2.922000e+01 ,4.680627e-14 ,5.475702e-01 
976,2.925000e+01 ,4.523253e-14 ,5.470085e-01 
977,2.928000e+01 ,4.374516e-14 ,5.464481e-01 
978,2.931000e+01 ,4.234135e-14 ,5.458888e-01 
979,2.934000e+01 ,4.101844e-14 ,5.453306e-01 
980,2.937000e+01 ,3.977392e-14 ,5.447736e-01 
981,2.940000e+01 ,3.860542e-14 ,5.442177e-01 
982,2.943000e+01 ,3.751074e-14 ,5.436629e-01 
983,2.946000e+01 ,3.648780e-14 ,5.431093e-01 
984,2.949000e+01 ,3.553467e-14 ,5.425568e-01 
985,2.952000e+01 ,3.464953e-14 ,5.420054e-01 
986,2.955000e+01 ,3.383072e-14 ,5.414552e-01 
987,2.958000e+01 ,3.307668e-14 ,5.409060e-01 
988,2.961000e+01 ,3.238597e-14 ,5.403580e-01 
989,2.964000e+01 ,3.175731e-14 ,5.398111e-01 
990,2.967000e+01 ,3.118949e-14 ,5.392653e-01 
991,2.970000e+01 ,3.068145e-14 ,5.387205e-01 
992,2.973000e+01 ,3.023223e-14 ,5.381769e-01 
993,2.976000e+01 ,2.984098e-14 ,5.376344e-01 
994,2.979000e+01 ,2.950696e-14 ,5.370930e-01 
995,2.982000e+01 ,2.922955e-14 ,5.365526e-01 
996,2.985000e+01 ,2.900823e-14 ,5.360134e-01 
997,2.988000e+01 ,2.884259e-14 ,5.354752e-01 
998,2.991000e+01 ,2.873232e-14 ,5.349381e-01 
999,2.994000e+01 ,2.867724e-14 ,5.344021e-01 
1000,2.997000e+01 ,2.867724e-14 ,5.338672e-01 