
1,0 ,0 ,0 
2,0.04 ,0 ,0 
3,0.08 ,0 ,0 
4,0.12 ,1.35854e-06 ,0 
5,0.16 ,1.80535e-06 ,0 
6,0.2 ,2.24659e-06 ,0 
7,0.24 ,2.68092e-06 ,0 
8,0.28 ,3.10699e-06 ,0 
9,0.32 ,3.5235e-06 ,0 
10,0.36 ,3.92917e-06 ,0 
11,0.4 ,4.32276e-06 ,0 
12,0.44 ,4.70305e-06 ,0 
13,0.48 ,5.06888e-06 ,0 
14,0.52 ,5.41913e-06 ,0 
15,0.56 ,5.75273e-06 ,0 
16,0.6 ,6.06866e-06 ,0 
17,0.64 ,6.36596e-06 ,0 
18,0.68 ,6.64373e-06 ,0 
19,0.72 ,6.90111e-06 ,0 
20,0.76 ,7.13734e-06 ,0 
21,0.8 ,7.35169e-06 ,0 
22,0.84 ,7.54353e-06 ,0 
23,0.88 ,7.71228e-06 ,0 
24,0.92 ,7.85743e-06 ,0 
25,0.96 ,7.97856e-06 ,0 
26,1 ,8.07531e-06 ,0 
27,1.04 ,8.14741e-06 ,0 
28,1.08 ,8.19465e-06 ,0 
29,1.12 ,8.2169e-06 ,0 
30,1.16 ,8.21412e-06 ,0 
31,1.2 ,8.18634e-06 ,0 
32,1.24 ,8.13365e-06 ,0 
33,1.28 ,8.05625e-06 ,0 
34,1.32 ,7.95438e-06 ,0 
35,1.36 ,7.82838e-06 ,0 
36,1.4 ,7.67866e-06 ,0 
37,1.44 ,7.50568e-06 ,0 
38,1.48 ,7.31e-06 ,0 
39,1.52 ,7.09223e-06 ,0 
40,1.56 ,6.85304e-06 ,0 
41,1.6 ,6.5932e-06 ,0 
42,1.64 ,6.31349e-06 ,0 
43,1.68 ,6.01478e-06 ,0 
44,1.72 ,5.698e-06 ,0 
45,1.76 ,5.36412e-06 ,0 
46,1.8 ,5.01416e-06 ,0 
47,1.84 ,4.64918e-06 ,0 
48,1.88 ,4.27029e-06 ,0 
49,1.92 ,3.87866e-06 ,0 
50,1.96 ,3.47545e-06 ,0 
51,2 ,3.06189e-06 ,0 
52,2.04 ,2.63923e-06 ,0 
53,2.08 ,2.20873e-06 ,0 
54,2.12 ,1.77167e-06 ,0 
55,2.16 ,1.32937e-06 ,0 
56,2.2 ,8.83144e-07 ,0 
57,2.24 ,4.34305e-07 ,0 
58,2.28 ,-1.58133e-08 ,0 
59,2.32 ,-4.65886e-07 ,0 
60,2.36 ,-9.1459e-07 ,0 
61,2.4 ,-1.36061e-06 ,0 
62,2.44 ,-1.80265e-06 ,0 
63,2.48 ,-2.23942e-06 ,0 
64,2.52 ,-2.66966e-06 ,0 
65,2.56 ,-3.09212e-06 ,0 
66,2.6 ,-3.5056e-06 ,0 
67,2.64 ,-3.9089e-06 ,0 
68,2.68 ,-4.30088e-06 ,0 
69,2.72 ,-4.68043e-06 ,0 
70,2.76 ,-5.04649e-06 ,0 
71,2.8 ,-5.39801e-06 ,0 
72,2.84 ,-5.73402e-06 ,0 
73,2.88 ,-6.0536e-06 ,0 
74,2.92 ,-6.35585e-06 ,0 
75,2.96 ,-6.63996e-06 ,0 
76,3 ,-6.90515e-06 ,0 
77,3.04 ,-7.15072e-06 ,0 
78,3.08 ,-7.37601e-06 ,0 
79,3.12 ,-7.58042e-06 ,0 
80,3.16 ,-7.76343e-06 ,0 
81,3.2 ,-7.92458e-06 ,0 
82,3.24 ,-8.06346e-06 ,0 
83,3.28 ,-8.17974e-06 ,0 
84,3.32 ,-8.27315e-06 ,0 
85,3.36 ,-8.34348e-06 ,0 
86,3.4 ,-8.3906e-06 ,0 
87,3.44 ,-8.41443e-06 ,0 
88,3.48 ,-8.41497e-06 ,0 
89,3.52 ,-8.39229e-06 ,0 
90,3.56 ,-8.3465e-06 ,0 
91,3.6 ,-8.27779e-06 ,0 
92,3.64 ,-8.18641e-06 ,0 
93,3.68 ,-8.07268e-06 ,0 
94,3.72 ,-7.93697e-06 ,0 
95,3.76 ,-7.77971e-06 ,0 
96,3.8 ,-7.60139e-06 ,0 
97,3.84 ,-7.40256e-06 ,0 
98,3.88 ,-7.1838e-06 ,0 
99,3.92 ,-6.94576e-06 ,0 
100,3.96 ,-6.68915e-06 ,0 
101,4 ,-6.4147e-06 ,0 
102,4.04 ,-6.1232e-06 ,0 
103,4.08 ,-5.81548e-06 ,0 
104,4.12 ,-5.49239e-06 ,0 
105,4.16 ,-5.15485e-06 ,0 
106,4.2 ,-4.80378e-06 ,0 
107,4.24 ,-4.44015e-06 ,0 
108,4.28 ,-4.06495e-06 ,0 
109,4.32 ,-3.67919e-06 ,0 
110,4.36 ,-3.28391e-06 ,0 
111,4.4 ,-2.88016e-06 ,0 
112,4.44 ,-2.46901e-06 ,0 
113,4.48 ,-2.05154e-06 ,0 
114,4.52 ,-1.62883e-06 ,0 
115,4.56 ,-1.20199e-06 ,0 
116,4.6 ,-7.72095e-07 ,0 
117,4.64 ,-3.40256e-07 ,0 
118,4.68 ,9.24379e-08 ,0 
119,4.72 ,5.24901e-07 ,0 
120,4.76 ,9.56057e-07 ,0 
121,4.8 ,1.38484e-06 ,0 
122,4.84 ,1.8102e-06 ,0 
123,4.88 ,2.2311e-06 ,0 
124,4.92 ,2.64654e-06 ,0 
125,4.96 ,3.05551e-06 ,0 
126,5 ,3.45705e-06 ,0 
127,5.04 ,3.85022e-06 ,0 
128,5.08 ,4.23412e-06 ,0 
129,5.12 ,4.60785e-06 ,0 
130,5.16 ,4.97058e-06 ,0 
131,5.2 ,5.32148e-06 ,0 
132,5.24 ,5.65979e-06 ,0 
133,5.28 ,5.98477e-06 ,0 
134,5.32 ,6.29571e-06 ,0 
135,5.36 ,6.59196e-06 ,0 
136,5.4 ,6.8729e-06 ,0 
137,5.44 ,7.13795e-06 ,0 
138,5.48 ,7.38659e-06 ,0 
139,5.52 ,7.61832e-06 ,0 
140,5.56 ,7.83271e-06 ,0 
141,5.6 ,8.02936e-06 ,0 
142,5.64 ,8.20791e-06 ,0 
143,5.68 ,8.36807e-06 ,0 
144,5.72 ,8.50957e-06 ,0 
145,5.76 ,8.6322e-06 ,0 
146,5.8 ,8.73579e-06 ,0 
147,5.84 ,8.82022e-06 ,0 
148,5.88 ,8.88541e-06 ,0 
149,5.92 ,8.93134e-06 ,0 
150,5.96 ,8.95801e-06 ,0 
151,6 ,8.96547e-06 ,0 
152,6.04 ,8.95383e-06 ,0 
153,6.08 ,8.92322e-06 ,0 
154,6.12 ,8.87382e-06 ,0 
155,6.16 ,8.80585e-06 ,0 
156,6.2 ,8.71957e-06 ,0 
157,6.24 ,8.61526e-06 ,0 
158,6.28 ,8.49326e-06 ,0 
159,6.32 ,8.35393e-06 ,0 
160,6.36 ,8.19767e-06 ,0 
161,6.4 ,8.02489e-06 ,0 
162,6.44 ,7.83606e-06 ,0 
163,6.48 ,7.63167e-06 ,0 
164,6.52 ,7.41221e-06 ,0 
165,6.56 ,7.17823e-06 ,0 
166,6.6 ,6.93028e-06 ,0 
167,6.64 ,6.66894e-06 ,0 
168,6.68 ,6.39481e-06 ,0 
169,6.72 ,6.1085e-06 ,0 
170,6.76 ,5.81065e-06 ,0 
171,6.8 ,5.5019e-06 ,0 
172,6.84 ,5.18291e-06 ,0 
173,6.88 ,4.85435e-06 ,0 
174,6.92 ,4.51689e-06 ,0 
175,6.96 ,4.17122e-06 ,0 
176,7 ,3.81802e-06 ,0 
177,7.04 ,3.458e-06 ,0 
178,7.08 ,3.09184e-06 ,0 
179,7.12 ,2.72025e-06 ,0 
180,7.16 ,2.34391e-06 ,0 
181,7.2 ,1.96351e-06 ,0 
182,7.24 ,1.57975e-06 ,0 
183,7.28 ,1.19331e-06 ,0 
184,7.32 ,8.04851e-07 ,0 
185,7.36 ,4.15054e-07 ,0 
186,7.4 ,2.45697e-08 ,0 
187,7.44 ,-3.65956e-07 ,0 
188,7.48 ,-7.55889e-07 ,0 
189,7.52 ,-1.14461e-06 ,0 
190,7.56 ,-1.53151e-06 ,0 
191,7.6 ,-1.91601e-06 ,0 
192,7.64 ,-2.29752e-06 ,0 
193,7.68 ,-2.67548e-06 ,0 
194,7.72 ,-3.04937e-06 ,0 
195,7.76 ,-3.41866e-06 ,0 
196,7.8 ,-3.78284e-06 ,0 
197,7.84 ,-4.14145e-06 ,0 
198,7.88 ,-4.494e-06 ,0 
199,7.92 ,-4.84007e-06 ,0 
200,7.96 ,-5.17923e-06 ,0 
201,8 ,-5.51109e-06 ,0 
202,8.04 ,-5.83528e-06 ,0 
203,8.08 ,-6.15143e-06 ,0 
204,8.12 ,-6.45923e-06 ,0 
205,8.16 ,-6.75835e-06 ,0 
206,8.2 ,-7.04852e-06 ,0 
207,8.24 ,-7.32947e-06 ,0 
208,8.28 ,-7.60096e-06 ,0 
209,8.32 ,-7.86278e-06 ,0 
210,8.36 ,-8.11473e-06 ,0 
211,8.4 ,-8.35663e-06 ,0 
212,8.44 ,-8.58833e-06 ,0 
213,8.48 ,-8.80971e-06 ,0 
214,8.52 ,-9.02065e-06 ,0 
215,8.56 ,-9.22106e-06 ,0 
216,8.6 ,-9.41088e-06 ,0 
217,8.64 ,-9.59006e-06 ,0 
218,8.68 ,-9.75857e-06 ,0 
219,8.72 ,-9.9164e-06 ,0 
220,8.76 ,-1.00636e-05 ,0 
221,8.8 ,-1.02001e-05 ,0 
222,8.84 ,-1.0326e-05 ,0 
223,8.88 ,-1.04414e-05 ,0 
224,8.92 ,-1.05463e-05 ,0 
225,8.96 ,-1.06409e-05 ,0 
226,9 ,-1.07252e-05 ,0 
227,9.04 ,-1.07994e-05 ,0 
228,9.08 ,-1.08635e-05 ,0 
229,9.12 ,-1.09178e-05 ,0 
230,9.16 ,-1.09624e-05 ,0 
231,9.2 ,-1.09975e-05 ,0 
232,9.24 ,-1.10233e-05 ,0 
233,9.28 ,-1.10399e-05 ,0 
234,9.32 ,-1.10475e-05 ,0 
235,9.36 ,-1.10465e-05 ,0 
236,9.4 ,-1.10369e-05 ,0 
237,9.44 ,-1.1019e-05 ,0 
238,9.48 ,-1.09931e-05 ,0 
239,9.52 ,-1.09593e-05 ,0 
240,9.56 ,-1.09179e-05 ,0 
241,9.6 ,-1.08693e-05 ,0 
242,9.64 ,-1.08135e-05 ,0 
243,9.68 ,-1.0751e-05 ,0 
244,9.72 ,-1.06818e-05 ,0 
245,9.76 ,-1.06064e-05 ,0 
246,9.8 ,-1.05249e-05 ,0 
247,9.84 ,-1.04377e-05 ,0 
248,9.88 ,-1.03449e-05 ,0 
249,9.92 ,-1.02469e-05 ,0 
250,9.96 ,-1.01439e-05 ,0 
251,10 ,-1.00362e-05 ,0 
252,10.04 ,-9.92402e-06 ,0 
253,10.08 ,-9.80764e-06 ,0 
254,10.12 ,-9.68732e-06 ,0 
255,10.16 ,-9.56331e-06 ,0 
256,10.2 ,-9.43586e-06 ,0 
257,10.24 ,-9.30522e-06 ,0 
258,10.28 ,-9.17164e-06 ,0 
259,10.32 ,-9.03535e-06 ,0 
260,10.36 ,-8.8966e-06 ,0 
261,10.4 ,-8.75561e-06 ,0 
262,10.44 ,-8.61261e-06 ,0 
263,10.48 ,-8.46782e-06 ,0 
264,10.52 ,-8.32147e-06 ,0 
265,10.56 ,-8.17376e-06 ,0 
266,10.6 ,-8.02489e-06 ,0 
267,10.64 ,-7.87507e-06 ,0 
268,10.68 ,-7.72449e-06 ,0 
269,10.72 ,-7.57335e-06 ,0 
270,10.76 ,-7.42181e-06 ,0 
271,10.8 ,-7.27006e-06 ,0 
272,10.84 ,-7.11827e-06 ,0 
273,10.88 ,-6.9666e-06 ,0 
274,10.92 ,-6.81521e-06 ,0 
275,10.96 ,-6.66425e-06 ,0 
276,11 ,-6.51385e-06 ,0 
277,11.04 ,-6.36417e-06 ,0 
278,11.08 ,-6.21533e-06 ,0 
279,11.12 ,-6.06746e-06 ,0 
280,11.16 ,-5.92067e-06 ,0 
281,11.2 ,-5.77508e-06 ,0 
282,11.24 ,-5.6308e-06 ,0 
283,11.28 ,-5.48792e-06 ,0 
284,11.32 ,-5.34654e-06 ,0 
285,11.36 ,-5.20676e-06 ,0 
286,11.4 ,-5.06864e-06 ,0 
287,11.44 ,-4.93228e-06 ,0 
288,11.48 ,-4.79773e-06 ,0 
289,11.52 ,-4.66508e-06 ,0 
290,11.56 ,-4.53437e-06 ,0 
291,11.6 ,-4.40567e-06 ,0 
292,11.64 ,-4.27902e-06 ,0 
293,11.68 ,-4.15447e-06 ,0 
294,11.72 ,-4.03206e-06 ,0 
295,11.76 ,-3.91184e-06 ,0 
296,11.8 ,-3.79382e-06 ,0 
297,11.84 ,-3.67804e-06 ,0 
298,11.88 ,-3.56452e-06 ,0 
299,11.92 ,-3.45328e-06 ,0 
300,11.96 ,-3.34434e-06 ,0 
301,12 ,-3.23771e-06 ,0 
302,12.04 ,-3.13339e-06 ,0 
303,12.08 ,-3.03139e-06 ,0 
304,12.12 ,-2.93172e-06 ,0 
305,12.16 ,-2.83436e-06 ,0 
306,12.2 ,-2.73932e-06 ,0 
307,12.24 ,-2.64659e-06 ,0 
308,12.28 ,-2.55616e-06 ,0 
309,12.32 ,-2.46802e-06 ,0 
310,12.36 ,-2.38215e-06 ,0 
311,12.4 ,-2.29853e-06 ,0 
312,12.44 ,-2.21715e-06 ,0 
313,12.48 ,-2.13798e-06 ,0 
314,12.52 ,-2.061e-06 ,0 
315,12.56 ,-1.98619e-06 ,0 
316,12.6 ,-1.91352e-06 ,0 
317,12.64 ,-1.84296e-06 ,0 
318,12.68 ,-1.77448e-06 ,0 
319,12.72 ,-1.70805e-06 ,0 
320,12.76 ,-1.64364e-06 ,0 
321,12.8 ,-1.58121e-06 ,0 
322,12.84 ,-1.52072e-06 ,0 
323,12.88 ,-1.46214e-06 ,0 
324,12.92 ,-1.40543e-06 ,0 
325,12.96 ,-1.35055e-06 ,0 
326,13 ,-1.29747e-06 ,0 
327,13.04 ,-1.24615e-06 ,0 
328,13.08 ,-1.19654e-06 ,0 
329,13.12 ,-1.14861e-06 ,0 
330,13.16 ,-1.10232e-06 ,0 
331,13.2 ,-1.05762e-06 ,0 
332,13.24 ,-1.01448e-06 ,0 
333,13.28 ,-9.7286e-07 ,0 
334,13.32 ,-9.32718e-07 ,0 
335,13.36 ,-8.94014e-07 ,0 
336,13.4 ,-8.56709e-07 ,0 
337,13.44 ,-8.20766e-07 ,0 
338,13.48 ,-7.86145e-07 ,0 
339,13.52 ,-7.52808e-07 ,0 
340,13.56 ,-7.20718e-07 ,0 
341,13.6 ,-6.89838e-07 ,0 
342,13.64 ,-6.60132e-07 ,0 
343,13.68 ,-6.31563e-07 ,0 
344,13.72 ,-6.04096e-07 ,0 
345,13.76 ,-5.77696e-07 ,0 
346,13.8 ,-5.52329e-07 ,0 
347,13.84 ,-5.27962e-07 ,0 
348,13.88 ,-5.04563e-07 ,0 
349,13.92 ,-4.82098e-07 ,0 
350,13.96 ,-4.60536e-07 ,0 
351,14 ,-4.39847e-07 ,0 
352,14.04 ,-4.20001e-07 ,0 
353,14.08 ,-4.00969e-07 ,0 
354,14.12 ,-3.82721e-07 ,0 
355,14.16 ,-3.65231e-07 ,0 
356,14.2 ,-3.48471e-07 ,0 
357,14.24 ,-3.32414e-07 ,0 
358,14.28 ,-3.17035e-07 ,0 
359,14.32 ,-3.0231e-07 ,0 
360,14.36 ,-2.88212e-07 ,0 
361,14.4 ,-2.7472e-07 ,0 
362,14.44 ,-2.61811e-07 ,0 
363,14.48 ,-2.49461e-07 ,0 
364,14.52 ,-2.3765e-07 ,0 
365,14.56 ,-2.26356e-07 ,0 
366,14.6 ,-2.1556e-07 ,0 
367,14.64 ,-2.05241e-07 ,0 
368,14.68 ,-1.95382e-07 ,0 
369,14.72 ,-1.85963e-07 ,0 
370,14.76 ,-1.76967e-07 ,0 
371,14.8 ,-1.68377e-07 ,0 
372,14.84 ,-1.60176e-07 ,0 
373,14.88 ,-1.52348e-07 ,0 
374,14.92 ,-1.44878e-07 ,0 
375,14.96 ,-1.37751e-07 ,0 
376,15 ,-1.30953e-07 ,0 
377,15.04 ,-1.24469e-07 ,0 
378,15.08 ,-1.18287e-07 ,0 
379,15.12 ,-1.12394e-07 ,0 
380,15.16 ,-1.06777e-07 ,0 
381,15.2 ,-1.01424e-07 ,0 
382,15.24 ,-9.6324e-08 ,0 
383,15.28 ,-9.1466e-08 ,0 
384,15.32 ,-8.68394e-08 ,0 
385,15.36 ,-8.2434e-08 ,0 
386,15.4 ,-7.82399e-08 ,0 
387,15.44 ,-7.42477e-08 ,0 
388,15.48 ,-7.04485e-08 ,0 
389,15.52 ,-6.68336e-08 ,0 
390,15.56 ,-6.33946e-08 ,0 
391,15.6 ,-6.01235e-08 ,0 
392,15.64 ,-5.70129e-08 ,0 
393,15.68 ,-5.40552e-08 ,0 
394,15.72 ,-5.12434e-08 ,0 
395,15.76 ,-4.85709e-08 ,0 
396,15.8 ,-4.60311e-08 ,0 
397,15.84 ,-4.36179e-08 ,0 
398,15.88 ,-4.13253e-08 ,0 
399,15.92 ,-3.91478e-08 ,0 
400,15.96 ,-3.70797e-08 ,0 
401,16 ,-3.51161e-08 ,0 
402,16.04 ,-3.32519e-08 ,0 
403,16.08 ,-3.14823e-08 ,0 
404,16.12 ,-2.98028e-08 ,0 
405,16.16 ,-2.82091e-08 ,0 
406,16.2 ,-2.66971e-08 ,0 
407,16.24 ,-2.52628e-08 ,0 
408,16.28 ,-2.39023e-08 ,0 
409,16.32 ,-2.26122e-08 ,0 
410,16.36 ,-2.13889e-08 ,0 
411,16.4 ,-2.02291e-08 ,0 
412,16.44 ,-1.91298e-08 ,0 
413,16.48 ,-1.80879e-08 ,0 
414,16.52 ,-1.71006e-08 ,0 
415,16.56 ,-1.61652e-08 ,0 
416,16.6 ,-1.5279e-08 ,0 
417,16.64 ,-1.44395e-08 ,0 
418,16.68 ,-1.36446e-08 ,0 
419,16.72 ,-1.28918e-08 ,0 
420,16.76 ,-1.2179e-08 ,0 
421,16.8 ,-1.15043e-08 ,0 
422,16.84 ,-1.08656e-08 ,0 
423,16.88 ,-1.02612e-08 ,0 
424,16.92 ,-9.68926e-09 ,0 
425,16.96 ,-9.1481e-09 ,0 
426,17 ,-8.63616e-09 ,0 
427,17.04 ,-8.15191e-09 ,0 
428,17.08 ,-7.69393e-09 ,0 
429,17.12 ,-7.26085e-09 ,0 
430,17.16 ,-6.85135e-09 ,0 
431,17.2 ,-6.46422e-09 ,0 
432,17.24 ,-6.09828e-09 ,0 
433,17.28 ,-5.75241e-09 ,0 
434,17.32 ,-5.42555e-09 ,0 
435,17.36 ,-5.11669e-09 ,0 
436,17.4 ,-4.82489e-09 ,0 
437,17.44 ,-4.54923e-09 ,0 
438,17.48 ,-4.28885e-09 ,0 
439,17.52 ,-4.04294e-09 ,0 
440,17.56 ,-3.81072e-09 ,0 
441,17.6 ,-3.59146e-09 ,0 
442,17.64 ,-3.38445e-09 ,0 
443,17.68 ,-3.18904e-09 ,0 
444,17.72 ,-3.0046e-09 ,0 
445,17.76 ,-2.83053e-09 ,0 
446,17.8 ,-2.66626e-09 ,0 
447,17.84 ,-2.51128e-09 ,0 
448,17.88 ,-2.36506e-09 ,0 
449,17.92 ,-2.22712e-09 ,0 
450,17.96 ,-2.09702e-09 ,0 
451,18 ,-1.97432e-09 ,0 
452,18.04 ,-1.85862e-09 ,0 
453,18.08 ,-1.74952e-09 ,0 
454,18.12 ,-1.64666e-09 ,0 
455,18.16 ,-1.5497e-09 ,0 
456,18.2 ,-1.45831e-09 ,0 
457,18.24 ,-1.37217e-09 ,0 
458,18.28 ,-1.29099e-09 ,0 
459,18.32 ,-1.2145e-09 ,0 
460,18.36 ,-1.14244e-09 ,0 
461,18.4 ,-1.07455e-09 ,0 
462,18.44 ,-1.01059e-09 ,0 
463,18.48 ,-9.50358e-10 ,0 
464,18.52 ,-8.9363e-10 ,0 
465,18.56 ,-8.4021e-10 ,0 
466,18.6 ,-7.8991e-10 ,0 
467,18.64 ,-7.42554e-10 ,0 
468,18.68 ,-6.97973e-10 ,0 
469,18.72 ,-6.56009e-10 ,0 
470,18.76 ,-6.16512e-10 ,0 
471,18.8 ,-5.79342e-10 ,0 
472,18.84 ,-5.44364e-10 ,0 
473,18.88 ,-5.11452e-10 ,0 
474,18.92 ,-4.80488e-10 ,0 
475,18.96 ,-4.51359e-10 ,0 
476,19 ,-4.23959e-10 ,0 
477,19.04 ,-3.98187e-10 ,0 
478,19.08 ,-3.7395e-10 ,0 
479,19.12 ,-3.51158e-10 ,0 
480,19.16 ,-3.29727e-10 ,0 
481,19.2 ,-3.09578e-10 ,0 
482,19.24 ,-2.90635e-10 ,0 
483,19.28 ,-2.72829e-10 ,0 
484,19.32 ,-2.56092e-10 ,0 
485,19.36 ,-2.40362e-10 ,0 
486,19.4 ,-2.25579e-10 ,0 
487,19.44 ,-2.11688e-10 ,0 
488,19.48 ,-1.98637e-10 ,0 
489,19.52 ,-1.86375e-10 ,0 
490,19.56 ,-1.74855e-10 ,0 
491,19.6 ,-1.64034e-10 ,0 
492,19.64 ,-1.53871e-10 ,0 
493,19.68 ,-1.44326e-10 ,0 
494,19.72 ,-1.35362e-10 ,0 
495,19.76 ,-1.26945e-10 ,0 
496,19.8 ,-1.19042e-10 ,0 
497,19.84 ,-1.11622e-10 ,0 
498,19.88 ,-1.04657e-10 ,0 
499,19.92 ,-9.81185e-11 ,0 
500,19.96 ,-9.19816e-11 ,0 
501,20 ,-8.62219e-11 ,0 
502,20.04 ,-8.08167e-11 ,0 
503,20.08 ,-7.57446e-11 ,0 
504,20.12 ,-7.09854e-11 ,0 
505,20.16 ,-6.65203e-11 ,0 
506,20.2 ,-6.23314e-11 ,0 
507,20.24 ,-5.8402e-11 ,0 
508,20.28 ,-5.47162e-11 ,0 
509,20.32 ,-5.12592e-11 ,0 
510,20.36 ,-4.80172e-11 ,0 
511,20.4 ,-4.49769e-11 ,0 
512,20.44 ,-4.2126e-11 ,0 
513,20.48 ,-3.94531e-11 ,0 
514,20.52 ,-3.6947e-11 ,0 
515,20.56 ,-3.45977e-11 ,0 
516,20.6 ,-3.23954e-11 ,0 
517,20.64 ,-3.03312e-11 ,0 
518,20.68 ,-2.83965e-11 ,0 
519,20.72 ,-2.65833e-11 ,0 
520,20.76 ,-2.48842e-11 ,0 
521,20.8 ,-2.32921e-11 ,0 
522,20.84 ,-2.18003e-11 ,0 
523,20.88 ,-2.04026e-11 ,0 
524,20.92 ,-1.90932e-11 ,0 
525,20.96 ,-1.78667e-11 ,0 
526,21 ,-1.67178e-11 ,0 
527,21.04 ,-1.56417e-11 ,0 
528,21.08 ,-1.46338e-11 ,0 
529,21.12 ,-1.369e-11 ,0 
530,21.16 ,-1.28062e-11 ,0 
531,21.2 ,-1.19787e-11 ,0 
532,21.24 ,-1.12038e-11 ,0 
533,21.28 ,-1.04784e-11 ,0 
534,21.32 ,-9.79933e-12 ,0 
535,21.36 ,-9.16362e-12 ,0 
536,21.4 ,-8.56859e-12 ,0 
537,21.44 ,-8.01165e-12 ,0 
538,21.48 ,-7.49042e-12 ,0 
539,21.52 ,-7.00262e-12 ,0 
540,21.56 ,-6.54615e-12 ,0 
541,21.6 ,-6.11902e-12 ,0 
542,21.64 ,-5.71937e-12 ,0 
543,21.68 ,-5.34546e-12 ,0 
544,21.72 ,-4.99565e-12 ,0 
545,21.76 ,-4.66841e-12 ,0 
546,21.8 ,-4.3623e-12 ,0 
547,21.84 ,-4.07596e-12 ,0 
548,21.88 ,-3.80815e-12 ,0 
549,21.92 ,-3.55767e-12 ,0 
550,21.96 ,-3.32341e-12 ,0 
551,22 ,-3.10434e-12 ,0 
552,22.04 ,-2.89948e-12 ,0 
553,22.08 ,-2.70791e-12 ,0 
554,22.12 ,-2.52878e-12 ,0 
555,22.16 ,-2.3613e-12 ,0 
556,22.2 ,-2.2047e-12 ,0 
557,22.24 ,-2.05828e-12 ,0 
558,22.28 ,-1.92139e-12 ,0 
559,22.32 ,-1.79341e-12 ,0 
560,22.36 ,-1.67376e-12 ,0 
561,22.4 ,-1.56189e-12 ,0 
562,22.44 ,-1.4573e-12 ,0 
563,22.48 ,-1.35952e-12 ,0 
564,22.52 ,-1.26809e-12 ,0 
565,22.56 ,-1.18261e-12 ,0 
566,22.6 ,-1.10268e-12 ,0 
567,22.64 ,-1.02792e-12 ,0 
568,22.68 ,-9.58014e-13 ,0 
569,22.72 ,-8.92623e-13 ,0 
570,22.76 ,-8.31449e-13 ,0 
571,22.8 ,-7.7421e-13 ,0 
572,22.84 ,-7.20642e-13 ,0 
573,22.88 ,-6.70496e-13 ,0 
574,22.92 ,-6.23539e-13 ,0 
575,22.96 ,-5.79553e-13 ,0 
576,23 ,-5.38333e-13 ,0 
577,23.04 ,-4.99685e-13 ,0 
578,23.08 ,-4.6343e-13 ,0 
579,23.12 ,-4.29397e-13 ,0 
580,23.16 ,-3.97427e-13 ,0 
581,23.2 ,-3.67369e-13 ,0 
582,23.24 ,-3.3908e-13 ,0 
583,23.28 ,-3.12428e-13 ,0 
584,23.32 ,-2.87286e-13 ,0 
585,23.36 ,-2.63535e-13 ,0 
586,23.4 ,-2.41062e-13 ,0 
587,23.44 ,-2.19759e-13 ,0 
588,23.48 ,-1.99525e-13 ,0 
589,23.52 ,-1.80263e-13 ,0 
590,23.56 ,-1.61881e-13 ,0 
591,23.6 ,-1.44289e-13 ,0 
592,23.64 ,-1.27403e-13 ,0 
593,23.68 ,-1.11142e-13 ,0 
594,23.72 ,-9.54256e-14 ,0 
595,23.76 ,-8.01786e-14 ,0 
596,23.8 ,-6.53263e-14 ,0 
597,23.84 ,-5.0796e-14 ,0 
598,23.88 ,-3.65165e-14 ,0 
599,23.92 ,-2.24175e-14 ,0 
600,23.96 ,-8.42953e-15 ,0 
601,24 ,5.5167e-15 ,0 
602,24.04 ,1.94903e-14 ,0 
603,24.08 ,3.35609e-14 ,0 
604,24.12 ,4.77986e-14 ,0 
605,24.16 ,6.22747e-14 ,0 
606,24.2 ,7.70618e-14 ,0 
607,24.24 ,9.22343e-14 ,0 
608,24.28 ,1.07869e-13 ,0 
609,24.32 ,1.24044e-13 ,0 
610,24.36 ,1.40842e-13 ,0 
611,24.4 ,1.58349e-13 ,0 
612,24.44 ,1.76653e-13 ,0 
613,24.48 ,1.95848e-13 ,0 
614,24.52 ,2.16032e-13 ,0 
615,24.56 ,2.37308e-13 ,0 
616,24.6 ,2.59785e-13 ,0 
617,24.64 ,2.8358e-13 ,0 
618,24.68 ,3.08814e-13 ,0 
619,24.72 ,3.35618e-13 ,0 
620,24.76 ,3.64131e-13 ,0 
621,24.8 ,3.94499e-13 ,0 
622,24.84 ,4.26881e-13 ,0 
623,24.88 ,4.61444e-13 ,0 
624,24.92 ,4.98368e-13 ,0 
625,24.96 ,5.37846e-13 ,0 
626,25 ,5.80082e-13 ,0 
627,25.04 ,6.25299e-13 ,0 
628,25.08 ,6.73731e-13 ,0 
629,25.12 ,7.25633e-13 ,0 
630,25.16 ,7.81276e-13 ,0 
631,25.2 ,8.40952e-13 ,0 
632,25.24 ,9.04976e-13 ,0 
633,25.28 ,9.73683e-13 ,0 
634,25.32 ,1.04744e-12 ,0 
635,25.36 ,1.12662e-12 ,0 
636,25.4 ,1.21166e-12 ,0 
637,25.44 ,1.303e-12 ,0 
638,25.48 ,1.40113e-12 ,0 
639,25.52 ,1.50656e-12 ,0 
640,25.56 ,1.61986e-12 ,0 
641,25.6 ,1.74162e-12 ,0 
642,25.64 ,1.8725e-12 ,0 
643,25.68 ,2.01318e-12 ,0 
644,25.72 ,2.16443e-12 ,0 
645,25.76 ,2.32704e-12 ,0 
646,25.8 ,2.50188e-12 ,0 
647,25.84 ,2.6899e-12 ,0 
648,25.88 ,2.89208e-12 ,0 
649,25.92 ,3.10953e-12 ,0 
650,25.96 ,3.3434e-12 ,0 
651,26 ,3.59496e-12 ,0 
652,26.04 ,3.86554e-12 ,0 
653,26.08 ,4.15661e-12 ,0 
654,26.12 ,4.46974e-12 ,0 
655,26.16 ,4.80662e-12 ,0 
656,26.2 ,5.16905e-12 ,0 
657,26.24 ,5.55901e-12 ,0 
658,26.28 ,5.9786e-12 ,0 
659,26.32 ,6.43009e-12 ,0 
660,26.36 ,6.91594e-12 ,0 
661,26.4 ,7.43876e-12 ,0 
662,26.44 ,8.00142e-12 ,0 
663,26.48 ,8.60696e-12 ,0 
664,26.52 ,9.25868e-12 ,0 
665,26.56 ,9.96014e-12 ,0 
666,26.6 ,1.07152e-11 ,0 
667,26.64 ,1.15279e-11 ,0 
668,26.68 ,1.24027e-11 ,0 
669,26.72 ,1.33444e-11 ,0 
670,26.76 ,1.43582e-11 ,0 
671,26.8 ,1.54496e-11 ,0 
672,26.84 ,1.66246e-11 ,0 
673,26.88 ,1.78897e-11 ,0 
674,26.92 ,1.92518e-11 ,0 
675,26.96 ,2.07185e-11 ,0 
676,27 ,2.22977e-11 ,0 
677,27.04 ,2.39982e-11 ,0 
678,27.08 ,2.58294e-11 ,0 
679,27.12 ,2.78014e-11 ,0 
680,27.16 ,2.99252e-11 ,0 
681,27.2 ,3.22124e-11 ,0 
682,27.24 ,3.46757e-11 ,0 
683,27.28 ,3.73289e-11 ,0 
684,27.32 ,4.01865e-11 ,0 
685,27.36 ,4.32646e-11 ,0 
686,27.4 ,4.65802e-11 ,0 
687,27.44 ,5.01518e-11 ,0 
688,27.48 ,5.39993e-11 ,0 
689,27.52 ,5.81441e-11 ,0 
690,27.56 ,6.26095e-11 ,0 
691,27.6 ,6.74202e-11 ,0 
692,27.64 ,7.26033e-11 ,0 
693,27.68 ,7.81878e-11 ,0 
694,27.72 ,8.42049e-11 ,0 
695,27.76 ,9.06884e-11 ,0 
696,27.8 ,9.76746e-11 ,0 
697,27.84 ,1.05203e-10 ,0 
698,27.88 ,1.13316e-10 ,0 
699,27.92 ,1.22058e-10 ,0 
700,27.96 ,1.3148e-10 ,0 
701,28 ,1.41635e-10 ,0 
702,28.04 ,1.52579e-10 ,0 
703,28.08 ,1.64375e-10 ,0 
704,28.12 ,1.77089e-10 ,0 
705,28.16 ,1.90793e-10 ,0 
706,28.2 ,2.05565e-10 ,0 
707,28.24 ,2.21488e-10 ,0 
708,28.28 ,2.38653e-10 ,0 
709,28.32 ,2.57158e-10 ,0 
710,28.36 ,2.77107e-10 ,0 
711,28.4 ,2.98614e-10 ,0 
712,28.44 ,3.21801e-10 ,0 
713,28.48 ,3.46801e-10 ,0 
714,28.52 ,3.73756e-10 ,0 
715,28.56 ,4.0282e-10 ,0 
716,28.6 ,4.34159e-10 ,0 
717,28.64 ,4.67952e-10 ,0 
718,28.68 ,5.04392e-10 ,0 
719,28.72 ,5.43689e-10 ,0 
720,28.76 ,5.86066e-10 ,0 
721,28.8 ,6.31769e-10 ,0 
722,28.84 ,6.81058e-10 ,0 
723,28.88 ,7.34217e-10 ,0 
724,28.92 ,7.91552e-10 ,0 
725,28.96 ,8.53393e-10 ,0 
726,29 ,9.20095e-10 ,0 
727,29.04 ,9.92044e-10 ,0 
728,29.08 ,1.06965e-09 ,0 
729,29.12 ,1.15337e-09 ,0 
730,29.16 ,1.24369e-09 ,0 
731,29.2 ,1.34112e-09 ,0 
732,29.24 ,1.44622e-09 ,0 
733,29.28 ,1.55962e-09 ,0 
734,29.32 ,1.68196e-09 ,0 
735,29.36 ,1.81396e-09 ,0 
736,29.4 ,1.95638e-09 ,0 
737,29.44 ,2.11005e-09 ,0 
738,29.48 ,2.27586e-09 ,0 
739,29.52 ,2.45478e-09 ,0 
740,29.56 ,2.64785e-09 ,0 
741,29.6 ,2.85619e-09 ,0 
742,29.64 ,3.08103e-09 ,0 
743,29.68 ,3.32367e-09 ,0 
744,29.72 ,3.58553e-09 ,0 
745,29.76 ,3.86814e-09 ,0 
746,29.8 ,4.17315e-09 ,0 
747,29.84 ,4.50236e-09 ,0 
748,29.88 ,4.85769e-09 ,0 
749,29.92 ,5.24122e-09 ,0 
750,29.96 ,5.6552e-09 ,0 
751,30 ,6.10208e-09 ,0 
752,30.04 ,6.58446e-09 ,0 
753,30.08 ,7.1052e-09 ,0 
754,30.12 ,7.66735e-09 ,0 
755,30.16 ,8.27422e-09 ,0 
756,30.2 ,8.92941e-09 ,0 
757,30.24 ,9.63676e-09 ,0 
758,30.28 ,1.04005e-08 ,0 
759,30.32 ,1.1225e-08 ,0 
760,30.36 ,1.21153e-08 ,0 
761,30.4 ,1.30766e-08 ,0 
762,30.44 ,1.41146e-08 ,0 
763,30.48 ,1.52354e-08 ,0 
764,30.52 ,1.64457e-08 ,0 
765,30.56 ,1.77526e-08 ,0 
766,30.6 ,1.9164e-08 ,0 
767,30.64 ,2.06883e-08 ,0 
768,30.68 ,2.23343e-08 ,0 
769,30.72 ,2.41121e-08 ,0 
770,30.76 ,2.60321e-08 ,0 
771,30.8 ,2.81058e-08 ,0 
772,30.84 ,3.03456e-08 ,0 
773,30.88 ,3.27648e-08 ,0 
774,30.92 ,3.53779e-08 ,0 
775,30.96 ,3.82005e-08 ,0 
776,31 ,4.12495e-08 ,0 
777,31.04 ,4.4543e-08 ,0 
778,31.08 ,4.81009e-08 ,0 
779,31.12 ,5.19444e-08 ,0 
780,31.16 ,5.60966e-08 ,0 
781,31.2 ,6.05825e-08 ,0 
782,31.24 ,6.54288e-08 ,0 
783,31.28 ,7.06649e-08 ,0 
784,31.32 ,7.6322e-08 ,0 
785,31.36 ,8.24343e-08 ,0 
786,31.4 ,8.90386e-08 ,0 
787,31.44 ,9.61747e-08 ,0 
788,31.48 ,1.03885e-07 ,0 
789,31.52 ,1.12218e-07 ,0 
790,31.56 ,1.21221e-07 ,0 
791,31.6 ,1.30951e-07 ,0 
792,31.64 ,1.41465e-07 ,0 
793,31.68 ,1.52828e-07 ,0 
794,31.72 ,1.65108e-07 ,0 
795,31.76 ,1.78379e-07 ,0 
796,31.8 ,1.92722e-07 ,0 
797,31.84 ,2.08224e-07 ,0 
798,31.88 ,2.24979e-07 ,0 
799,31.92 ,2.43089e-07 ,0 
800,31.96 ,2.62663e-07 ,0 
801,32 ,2.83822e-07 ,0 
802,32.04 ,3.06692e-07 ,0 
803,32.08 ,3.31414e-07 ,0 
804,32.12 ,3.58138e-07 ,0 
805,32.16 ,3.87028e-07 ,0 
806,32.2 ,4.18258e-07 ,0 
807,32.24 ,4.5202e-07 ,0 
808,32.28 ,4.88521e-07 ,0 
809,32.32 ,5.27982e-07 ,0 
810,32.36 ,5.70645e-07 ,0 
811,32.4 ,6.16772e-07 ,0 
812,32.44 ,6.66645e-07 ,0 
813,32.48 ,7.20568e-07 ,0 
814,32.52 ,7.78873e-07 ,0 
815,32.56 ,8.41917e-07 ,0 
816,32.6 ,9.10087e-07 ,0 
817,32.64 ,9.83801e-07 ,0 
818,32.68 ,1.06351e-06 ,0 
819,32.72 ,1.14971e-06 ,0 
820,32.76 ,1.24293e-06 ,0 
821,32.8 ,1.34374e-06 ,0 
822,32.84 ,1.45276e-06 ,0 
823,32.88 ,1.57066e-06 ,0 
824,32.92 ,1.69818e-06 ,0 
825,32.96 ,1.83609e-06 ,0 
826,33 ,1.98525e-06 ,0 
827,33.04 ,2.14658e-06 ,0 
828,33.08 ,2.32108e-06 ,0 
829,33.12 ,2.50983e-06 ,0 
830,33.16 ,2.71399e-06 ,0 
831,33.2 ,2.93483e-06 ,0 
832,33.24 ,3.17372e-06 ,0 
833,33.28 ,3.43213e-06 ,0 
834,33.32 ,3.71168e-06 ,0 
835,33.36 ,4.01408e-06 ,0 
836,33.4 ,4.34123e-06 ,0 
837,33.44 ,4.69516e-06 ,0 
838,33.48 ,5.07806e-06 ,0 
839,33.52 ,5.49232e-06 ,0 
840,33.56 ,5.94051e-06 ,0 
841,33.6 ,6.42543e-06 ,0 
842,33.64 ,6.95009e-06 ,0 
843,33.68 ,7.51777e-06 ,0 
844,33.72 ,8.13202e-06 ,0 
845,33.76 ,8.79665e-06 ,0 
846,33.8 ,9.51582e-06 ,0 
847,33.84 ,1.0294e-05 ,0 
848,33.88 ,1.11361e-05 ,0 
849,33.92 ,1.20474e-05 ,0 
850,33.96 ,1.30336e-05 ,0 
851,34 ,1.41008e-05 ,0 
852,34.04 ,1.52557e-05 ,0 
853,34.08 ,1.65056e-05 ,0 
854,34.12 ,1.78583e-05 ,0 
855,34.16 ,1.93223e-05 ,0 
856,34.2 ,2.09068e-05 ,0 
857,34.24 ,2.26217e-05 ,0 
858,34.28 ,2.44779e-05 ,0 
859,34.32 ,2.6487e-05 ,0 
860,34.36 ,2.86616e-05 ,0 
861,34.4 ,3.10154e-05 ,0 
862,34.44 ,3.35633e-05 ,0 
863,34.48 ,3.63213e-05 ,0 
864,34.52 ,3.93068e-05 ,0 
865,34.56 ,4.25387e-05 ,0 
866,34.6 ,4.60373e-05 ,0 
867,34.64 ,4.98247e-05 ,0 
868,34.68 ,5.39249e-05 ,0 
869,34.72 ,5.83638e-05 ,0 
870,34.76 ,6.31695e-05 ,0 
871,34.8 ,6.83724e-05 ,0 
872,34.84 ,7.40054e-05 ,0 
873,34.88 ,8.01042e-05 ,0 
874,34.92 ,8.67075e-05 ,0 
875,34.96 ,9.38572e-05 ,0 
876,35 ,0.000101599 ,0 
877,35.04 ,0.000109981 ,0 
878,35.08 ,0.000119057 ,0 
879,35.12 ,0.000128885 ,0 
880,35.16 ,0.000139528 ,0 
881,35.2 ,0.000151052 ,0 
882,35.24 ,0.000163532 ,0 
883,35.28 ,0.000177047 ,0 
884,35.32 ,0.000191682 ,0 
885,35.36 ,0.000207532 ,0 
886,35.4 ,0.000224697 ,0 
887,35.44 ,0.000243287 ,0 
888,35.48 ,0.00026342 ,0 
889,35.52 ,0.000285225 ,0 
890,35.56 ,0.000308842 ,0 
891,35.6 ,0.000334421 ,0 
892,35.64 ,0.000362126 ,0 
893,35.68 ,0.000392134 ,0 
894,35.72 ,0.000424638 ,0 
895,35.76 ,0.000459846 ,0 
896,35.8 ,0.000497982 ,0 
897,35.84 ,0.000539293 ,0 
898,35.88 ,0.000584042 ,0 
899,35.92 ,0.000632518 ,0 
900,35.96 ,0.00068503 ,0 
901,36 ,0.000741918 ,0 
902,36.04 ,0.000803545 ,0 
903,36.08 ,0.000870309 ,0 
904,36.12 ,0.00094264 ,0 
905,36.16 ,0.001021 ,0 
906,36.2 ,0.0011059 ,0 
907,36.24 ,0.00119788 ,0 
908,36.28 ,0.00129754 ,0 
909,36.32 ,0.00140552 ,0 
910,36.36 ,0.00152251 ,0 
911,36.4 ,0.00164927 ,0 
912,36.44 ,0.00178662 ,0 
913,36.48 ,0.00193545 ,0 
914,36.52 ,0.00209672 ,0 
915,36.56 ,0.00227147 ,0 
916,36.6 ,0.00246083 ,0 
917,36.64 ,0.00266602 ,0 
918,36.68 ,0.00288839 ,0 
919,36.72 ,0.00312936 ,0 
920,36.76 ,0.0033905 ,0 
921,36.8 ,0.0036735 ,0 
922,36.84 ,0.0039802 ,0 
923,36.88 ,0.00431259 ,0 
924,36.92 ,0.00467283 ,0 
925,36.96 ,0.00506326 ,0 
926,37 ,0.00548641 ,0 
927,37.04 ,0.00594503 ,0 
928,37.08 ,0.00644212 ,0 
929,37.12 ,0.0069809 ,0 
930,37.16 ,0.00756488 ,0 
931,37.2 ,0.00819787 ,0 
932,37.24 ,0.00888399 ,0 
933,37.28 ,0.00962771 ,0 
934,37.32 ,0.0104339 ,0 
935,37.36 ,0.0113078 ,0 
936,37.4 ,0.0122551 ,0 
937,37.44 ,0.013282 ,0 
938,37.48 ,0.0143953 ,0 
939,37.52 ,0.0156021 ,0 
940,37.56 ,0.0169104 ,0 
941,37.6 ,0.0183288 ,0 
942,37.64 ,0.0198665 ,0 
943,37.68 ,0.0215336 ,0 
944,37.72 ,0.023341 ,0 
945,37.76 ,0.0253005 ,0 
946,37.8 ,0.0274251 ,0 
947,37.84 ,0.0297286 ,0 
948,37.88 ,0.0322262 ,0 
949,37.92 ,0.0349342 ,0 
950,37.96 ,0.0378705 ,0 
951,38 ,0.0410543 ,0 
952,38.04 ,0.0445066 ,0 
953,38.08 ,0.04825 ,0 
954,38.12 ,0.0523092 ,0 
955,38.16 ,0.0567109 ,0 
956,38.2 ,0.0614841 ,0 
957,38.24 ,0.0666602 ,0 
958,38.28 ,0.0722733 ,0 
959,38.32 ,0.0783605 ,0 
960,38.36 ,0.0849618 ,0 
961,38.4 ,0.0921209 ,0 
962,38.44 ,0.0998849 ,0 
963,38.48 ,0.108305 ,0 
964,38.52 ,0.117437 ,0 
965,38.56 ,0.127342 ,0 
966,38.6 ,0.138084 ,0 
967,38.64 ,0.149735 ,0 
968,38.68 ,0.162371 ,0 
969,38.72 ,0.176077 ,0 
970,38.76 ,0.190944 ,0 
971,38.8 ,0.207069 ,0 
972,38.84 ,0.224559 ,0 
973,38.88 ,0.243531 ,0 
974,38.92 ,0.264111 ,0 
975,38.96 ,0.286434 ,0 
976,39 ,0.310649 ,0 
977,39.04 ,0.336917 ,0 
978,39.08 ,0.365413 ,0 
979,39.12 ,0.396325 ,0 
980,39.16 ,0.42986 ,0 
981,39.2 ,0.46624 ,0 
982,39.24 ,0.505707 ,0 
983,39.28 ,0.548524 ,0 
984,39.32 ,0.594976 ,0 
985,39.36 ,0.645372 ,0 
986,39.4 ,0.700049 ,0 
987,39.44 ,0.759371 ,0 
988,39.48 ,0.823733 ,0 
989,39.52 ,0.893565 ,0 
990,39.56 ,0.969333 ,0 
991,39.6 ,1.05154 ,0 
992,39.64 ,1.14074 ,0 
993,39.68 ,1.23753 ,0 
994,39.72 ,1.34255 ,0 
995,39.76 ,1.45651 ,0 
996,39.8 ,1.58016 ,0 
997,39.84 ,1.71434 ,0 
998,39.88 ,1.85995 ,0 
999,39.92 ,2.01795 ,0 
1000,39.96 ,2.18941 ,0 