
1,0 ,0 ,0 
2,0.04 ,0 ,0 
3,0.08 ,0 ,0 
4,0.12 ,2.25452e-13 ,0 
5,0.16 ,3.90162e-13 ,0 
6,0.2 ,6.02982e-13 ,0 
7,0.24 ,8.62938e-13 ,0 
8,0.28 ,1.16924e-12 ,0 
9,0.32 ,1.52111e-12 ,0 
10,0.36 ,1.91769e-12 ,0 
11,0.4 ,2.35808e-12 ,0 
12,0.44 ,2.84128e-12 ,0 
13,0.48 ,3.36619e-12 ,0 
14,0.52 ,3.93165e-12 ,0 
15,0.56 ,4.53639e-12 ,0 
16,0.6 ,5.17907e-12 ,0 
17,0.64 ,5.85826e-12 ,0 
18,0.68 ,6.57244e-12 ,0 
19,0.72 ,7.32003e-12 ,0 
20,0.76 ,8.09937e-12 ,0 
21,0.8 ,8.90873e-12 ,0 
22,0.84 ,9.74631e-12 ,0 
23,0.88 ,1.06103e-11 ,0 
24,0.92 ,1.14986e-11 ,0 
25,0.96 ,1.24095e-11 ,0 
26,1 ,1.33408e-11 ,0 
27,1.04 ,1.42905e-11 ,0 
28,1.08 ,1.52565e-11 ,0 
29,1.12 ,1.62366e-11 ,0 
30,1.16 ,1.72286e-11 ,0 
31,1.2 ,1.82304e-11 ,0 
32,1.24 ,1.92397e-11 ,0 
33,1.28 ,2.02542e-11 ,0 
34,1.32 ,2.12717e-11 ,0 
35,1.36 ,2.229e-11 ,0 
36,1.4 ,2.33067e-11 ,0 
37,1.44 ,2.43196e-11 ,0 
38,1.48 ,2.53264e-11 ,0 
39,1.52 ,2.63249e-11 ,0 
40,1.56 ,2.73127e-11 ,0 
41,1.6 ,2.82878e-11 ,0 
42,1.64 ,2.92478e-11 ,0 
43,1.68 ,3.01907e-11 ,0 
44,1.72 ,3.11142e-11 ,0 
45,1.76 ,3.20163e-11 ,0 
46,1.8 ,3.28949e-11 ,0 
47,1.84 ,3.37481e-11 ,0 
48,1.88 ,3.45737e-11 ,0 
49,1.92 ,3.537e-11 ,0 
50,1.96 ,3.61351e-11 ,0 
51,2 ,3.68671e-11 ,0 
52,2.04 ,3.75644e-11 ,0 
53,2.08 ,3.82253e-11 ,0 
54,2.12 ,3.88481e-11 ,0 
55,2.16 ,3.94314e-11 ,0 
56,2.2 ,3.99738e-11 ,0 
57,2.24 ,4.04738e-11 ,0 
58,2.28 ,4.09301e-11 ,0 
59,2.32 ,4.13416e-11 ,0 
60,2.36 ,4.17072e-11 ,0 
61,2.4 ,4.20258e-11 ,0 
62,2.44 ,4.22964e-11 ,0 
63,2.48 ,4.25182e-11 ,0 
64,2.52 ,4.26905e-11 ,0 
65,2.56 ,4.28125e-11 ,0 
66,2.6 ,4.28837e-11 ,0 
67,2.64 ,4.29036e-11 ,0 
68,2.68 ,4.28718e-11 ,0 
69,2.72 ,4.27879e-11 ,0 
70,2.76 ,4.26519e-11 ,0 
71,2.8 ,4.24634e-11 ,0 
72,2.84 ,4.22227e-11 ,0 
73,2.88 ,4.19296e-11 ,0 
74,2.92 ,4.15844e-11 ,0 
75,2.96 ,4.11872e-11 ,0 
76,3 ,4.07385e-11 ,0 
77,3.04 ,4.02387e-11 ,0 
78,3.08 ,3.96883e-11 ,0 
79,3.12 ,3.90878e-11 ,0 
80,3.16 ,3.84379e-11 ,0 
81,3.2 ,3.77394e-11 ,0 
82,3.24 ,3.69932e-11 ,0 
83,3.28 ,3.62001e-11 ,0 
84,3.32 ,3.53612e-11 ,0 
85,3.36 ,3.44774e-11 ,0 
86,3.4 ,3.355e-11 ,0 
87,3.44 ,3.258e-11 ,0 
88,3.48 ,3.15688e-11 ,0 
89,3.52 ,3.05177e-11 ,0 
90,3.56 ,2.94281e-11 ,0 
91,3.6 ,2.83013e-11 ,0 
92,3.64 ,2.71388e-11 ,0 
93,3.68 ,2.59423e-11 ,0 
94,3.72 ,2.47132e-11 ,0 
95,3.76 ,2.34531e-11 ,0 
96,3.8 ,2.21637e-11 ,0 
97,3.84 ,2.08468e-11 ,0 
98,3.88 ,1.95039e-11 ,0 
99,3.92 ,1.81369e-11 ,0 
100,3.96 ,1.67474e-11 ,0 
101,4 ,1.53374e-11 ,0 
102,4.04 ,1.39085e-11 ,0 
103,4.08 ,1.24627e-11 ,0 
104,4.12 ,1.10017e-11 ,0 
105,4.16 ,9.52732e-12 ,0 
106,4.2 ,8.04146e-12 ,0 
107,4.24 ,6.54594e-12 ,0 
108,4.28 ,5.04258e-12 ,0 
109,4.32 ,3.53322e-12 ,0 
110,4.36 ,2.01967e-12 ,0 
111,4.4 ,5.03739e-13 ,0 
112,4.44 ,-1.01278e-12 ,0 
113,4.48 ,-2.52813e-12 ,0 
114,4.52 ,-4.04054e-12 ,0 
115,4.56 ,-5.5483e-12 ,0 
116,4.6 ,-7.0497e-12 ,0 
117,4.64 ,-8.54307e-12 ,0 
118,4.68 ,-1.00268e-11 ,0 
119,4.72 ,-1.14992e-11 ,0 
120,4.76 ,-1.29588e-11 ,0 
121,4.8 ,-1.4404e-11 ,0 
122,4.84 ,-1.58333e-11 ,0 
123,4.88 ,-1.72453e-11 ,0 
124,4.92 ,-1.86386e-11 ,0 
125,4.96 ,-2.00118e-11 ,0 
126,5 ,-2.13636e-11 ,0 
127,5.04 ,-2.26927e-11 ,0 
128,5.08 ,-2.39979e-11 ,0 
129,5.12 ,-2.52781e-11 ,0 
130,5.16 ,-2.65321e-11 ,0 
131,5.2 ,-2.77589e-11 ,0 
132,5.24 ,-2.89575e-11 ,0 
133,5.28 ,-3.01269e-11 ,0 
134,5.32 ,-3.12662e-11 ,0 
135,5.36 ,-3.23745e-11 ,0 
136,5.4 ,-3.34512e-11 ,0 
137,5.44 ,-3.44954e-11 ,0 
138,5.48 ,-3.55065e-11 ,0 
139,5.52 ,-3.64839e-11 ,0 
140,5.56 ,-3.7427e-11 ,0 
141,5.6 ,-3.83353e-11 ,0 
142,5.64 ,-3.92083e-11 ,0 
143,5.68 ,-4.00457e-11 ,0 
144,5.72 ,-4.08471e-11 ,0 
145,5.76 ,-4.16123e-11 ,0 
146,5.8 ,-4.23409e-11 ,0 
147,5.84 ,-4.30329e-11 ,0 
148,5.88 ,-4.3688e-11 ,0 
149,5.92 ,-4.43063e-11 ,0 
150,5.96 ,-4.48877e-11 ,0 
151,6 ,-4.54321e-11 ,0 
152,6.04 ,-4.59398e-11 ,0 
153,6.08 ,-4.64107e-11 ,0 
154,6.12 ,-4.68452e-11 ,0 
155,6.16 ,-4.72432e-11 ,0 
156,6.2 ,-4.76053e-11 ,0 
157,6.24 ,-4.79315e-11 ,0 
158,6.28 ,-4.82223e-11 ,0 
159,6.32 ,-4.84779e-11 ,0 
160,6.36 ,-4.8699e-11 ,0 
161,6.4 ,-4.88858e-11 ,0 
162,6.44 ,-4.90388e-11 ,0 
163,6.48 ,-4.91586e-11 ,0 
164,6.52 ,-4.92457e-11 ,0 
165,6.56 ,-4.93006e-11 ,0 
166,6.6 ,-4.93241e-11 ,0 
167,6.64 ,-4.93166e-11 ,0 
168,6.68 ,-4.92789e-11 ,0 
169,6.72 ,-4.92116e-11 ,0 
170,6.76 ,-4.91154e-11 ,0 
171,6.8 ,-4.8991e-11 ,0 
172,6.84 ,-4.88392e-11 ,0 
173,6.88 ,-4.86607e-11 ,0 
174,6.92 ,-4.84563e-11 ,0 
175,6.96 ,-4.82267e-11 ,0 
176,7 ,-4.79727e-11 ,0 
177,7.04 ,-4.76952e-11 ,0 
178,7.08 ,-4.73949e-11 ,0 
179,7.12 ,-4.70726e-11 ,0 
180,7.16 ,-4.67292e-11 ,0 
181,7.2 ,-4.63655e-11 ,0 
182,7.24 ,-4.59824e-11 ,0 
183,7.28 ,-4.55806e-11 ,0 
184,7.32 ,-4.51609e-11 ,0 
185,7.36 ,-4.47243e-11 ,0 
186,7.4 ,-4.42715e-11 ,0 
187,7.44 ,-4.38034e-11 ,0 
188,7.48 ,-4.33208e-11 ,0 
189,7.52 ,-4.28245e-11 ,0 
190,7.56 ,-4.23153e-11 ,0 
191,7.6 ,-4.17939e-11 ,0 
192,7.64 ,-4.12613e-11 ,0 
193,7.68 ,-4.07182e-11 ,0 
194,7.72 ,-4.01653e-11 ,0 
195,7.76 ,-3.96035e-11 ,0 
196,7.8 ,-3.90334e-11 ,0 
197,7.84 ,-3.84558e-11 ,0 
198,7.88 ,-3.78714e-11 ,0 
199,7.92 ,-3.7281e-11 ,0 
200,7.96 ,-3.66853e-11 ,0 
201,8 ,-3.60848e-11 ,0 
202,8.04 ,-3.54803e-11 ,0 
203,8.08 ,-3.48725e-11 ,0 
204,8.12 ,-3.42619e-11 ,0 
205,8.16 ,-3.36492e-11 ,0 
206,8.2 ,-3.3035e-11 ,0 
207,8.24 ,-3.24199e-11 ,0 
208,8.28 ,-3.18043e-11 ,0 
209,8.32 ,-3.1189e-11 ,0 
210,8.36 ,-3.05744e-11 ,0 
211,8.4 ,-2.9961e-11 ,0 
212,8.44 ,-2.93492e-11 ,0 
213,8.48 ,-2.87397e-11 ,0 
214,8.52 ,-2.81328e-11 ,0 
215,8.56 ,-2.7529e-11 ,0 
216,8.6 ,-2.69286e-11 ,0 
217,8.64 ,-2.63322e-11 ,0 
218,8.68 ,-2.574e-11 ,0 
219,8.72 ,-2.51525e-11 ,0 
220,8.76 ,-2.45699e-11 ,0 
221,8.8 ,-2.39927e-11 ,0 
222,8.84 ,-2.34211e-11 ,0 
223,8.88 ,-2.28554e-11 ,0 
224,8.92 ,-2.22958e-11 ,0 
225,8.96 ,-2.17428e-11 ,0 
226,9 ,-2.11964e-11 ,0 
227,9.04 ,-2.06569e-11 ,0 
228,9.08 ,-2.01246e-11 ,0 
229,9.12 ,-1.95996e-11 ,0 
230,9.16 ,-1.9082e-11 ,0 
231,9.2 ,-1.85722e-11 ,0 
232,9.24 ,-1.80701e-11 ,0 
233,9.28 ,-1.7576e-11 ,0 
234,9.32 ,-1.709e-11 ,0 
235,9.36 ,-1.66121e-11 ,0 
236,9.4 ,-1.61425e-11 ,0 
237,9.44 ,-1.56813e-11 ,0 
238,9.48 ,-1.52284e-11 ,0 
239,9.52 ,-1.4784e-11 ,0 
240,9.56 ,-1.43482e-11 ,0 
241,9.6 ,-1.39209e-11 ,0 
242,9.64 ,-1.35021e-11 ,0 
243,9.68 ,-1.3092e-11 ,0 
244,9.72 ,-1.26904e-11 ,0 
245,9.76 ,-1.22974e-11 ,0 
246,9.8 ,-1.1913e-11 ,0 
247,9.84 ,-1.15371e-11 ,0 
248,9.88 ,-1.11697e-11 ,0 
249,9.92 ,-1.08108e-11 ,0 
250,9.96 ,-1.04603e-11 ,0 
251,10 ,-1.01181e-11 ,0 
252,10.04 ,-9.78424e-12 ,0 
253,10.08 ,-9.45859e-12 ,0 
254,10.12 ,-9.1411e-12 ,0 
255,10.16 ,-8.83167e-12 ,0 
256,10.2 ,-8.53022e-12 ,0 
257,10.24 ,-8.23666e-12 ,0 
258,10.28 ,-7.9509e-12 ,0 
259,10.32 ,-7.67283e-12 ,0 
260,10.36 ,-7.40234e-12 ,0 
261,10.4 ,-7.13934e-12 ,0 
262,10.44 ,-6.88371e-12 ,0 
263,10.48 ,-6.63534e-12 ,0 
264,10.52 ,-6.3941e-12 ,0 
265,10.56 ,-6.15989e-12 ,0 
266,10.6 ,-5.93257e-12 ,0 
267,10.64 ,-5.71202e-12 ,0 
268,10.68 ,-5.49813e-12 ,0 
269,10.72 ,-5.29076e-12 ,0 
270,10.76 ,-5.08979e-12 ,0 
271,10.8 ,-4.89508e-12 ,0 
272,10.84 ,-4.7065e-12 ,0 
273,10.88 ,-4.52394e-12 ,0 
274,10.92 ,-4.34725e-12 ,0 
275,10.96 ,-4.17631e-12 ,0 
276,11 ,-4.01099e-12 ,0 
277,11.04 ,-3.85115e-12 ,0 
278,11.08 ,-3.69666e-12 ,0 
279,11.12 ,-3.54741e-12 ,0 
280,11.16 ,-3.40325e-12 ,0 
281,11.2 ,-3.26406e-12 ,0 
282,11.24 ,-3.12972e-12 ,0 
283,11.28 ,-3.00009e-12 ,0 
284,11.32 ,-2.87505e-12 ,0 
285,11.36 ,-2.75449e-12 ,0 
286,11.4 ,-2.63827e-12 ,0 
287,11.44 ,-2.52628e-12 ,0 
288,11.48 ,-2.41839e-12 ,0 
289,11.52 ,-2.3145e-12 ,0 
290,11.56 ,-2.21448e-12 ,0 
291,11.6 ,-2.11822e-12 ,0 
292,11.64 ,-2.02561e-12 ,0 
293,11.68 ,-1.93654e-12 ,0 
294,11.72 ,-1.8509e-12 ,0 
295,11.76 ,-1.76859e-12 ,0 
296,11.8 ,-1.68949e-12 ,0 
297,11.84 ,-1.61351e-12 ,0 
298,11.88 ,-1.54055e-12 ,0 
299,11.92 ,-1.4705e-12 ,0 
300,11.96 ,-1.40328e-12 ,0 
301,12 ,-1.33879e-12 ,0 
302,12.04 ,-1.27694e-12 ,0 
303,12.08 ,-1.21763e-12 ,0 
304,12.12 ,-1.16078e-12 ,0 
305,12.16 ,-1.10631e-12 ,0 
306,12.2 ,-1.05413e-12 ,0 
307,12.24 ,-1.00416e-12 ,0 
308,12.28 ,-9.5632e-13 ,0 
309,12.32 ,-9.10535e-13 ,0 
310,12.36 ,-8.6673e-13 ,0 
311,12.4 ,-8.24831e-13 ,0 
312,12.44 ,-7.84768e-13 ,0 
313,12.48 ,-7.46473e-13 ,0 
314,12.52 ,-7.09877e-13 ,0 
315,12.56 ,-6.74918e-13 ,0 
316,12.6 ,-6.41531e-13 ,0 
317,12.64 ,-6.09655e-13 ,0 
318,12.68 ,-5.79231e-13 ,0 
319,12.72 ,-5.50201e-13 ,0 
320,12.76 ,-5.2251e-13 ,0 
321,12.8 ,-4.96102e-13 ,0 
322,12.84 ,-4.70926e-13 ,0 
323,12.88 ,-4.4693e-13 ,0 
324,12.92 ,-4.24066e-13 ,0 
325,12.96 ,-4.02286e-13 ,0 
326,13 ,-3.81544e-13 ,0 
327,13.04 ,-3.61796e-13 ,0 
328,13.08 ,-3.42998e-13 ,0 
329,13.12 ,-3.25111e-13 ,0 
330,13.16 ,-3.08094e-13 ,0 
331,13.2 ,-2.91909e-13 ,0 
332,13.24 ,-2.76519e-13 ,0 
333,13.28 ,-2.61888e-13 ,0 
334,13.32 ,-2.47983e-13 ,0 
335,13.36 ,-2.3477e-13 ,0 
336,13.4 ,-2.22219e-13 ,0 
337,13.44 ,-2.10298e-13 ,0 
338,13.48 ,-1.98979e-13 ,0 
339,13.52 ,-1.88234e-13 ,0 
340,13.56 ,-1.78037e-13 ,0 
341,13.6 ,-1.6836e-13 ,0 
342,13.64 ,-1.59181e-13 ,0 
343,13.68 ,-1.50474e-13 ,0 
344,13.72 ,-1.42218e-13 ,0 
345,13.76 ,-1.34391e-13 ,0 
346,13.8 ,-1.26973e-13 ,0 
347,13.84 ,-1.19943e-13 ,0 
348,13.88 ,-1.13282e-13 ,0 
349,13.92 ,-1.06973e-13 ,0 
350,13.96 ,-1.00998e-13 ,0 
351,14 ,-9.53406e-14 ,0 
352,14.04 ,-8.99848e-14 ,0 
353,14.08 ,-8.49158e-14 ,0 
354,14.12 ,-8.0119e-14 ,0 
355,14.16 ,-7.55807e-14 ,0 
356,14.2 ,-7.12879e-14 ,0 
357,14.24 ,-6.72281e-14 ,0 
358,14.28 ,-6.33892e-14 ,0 
359,14.32 ,-5.97601e-14 ,0 
360,14.36 ,-5.63298e-14 ,0 
361,14.4 ,-5.30881e-14 ,0 
362,14.44 ,-5.00252e-14 ,0 
363,14.48 ,-4.71317e-14 ,0 
364,14.52 ,-4.43988e-14 ,0 
365,14.56 ,-4.1818e-14 ,0 
366,14.6 ,-3.93812e-14 ,0 
367,14.64 ,-3.70809e-14 ,0 
368,14.68 ,-3.49098e-14 ,0 
369,14.72 ,-3.28609e-14 ,0 
370,14.76 ,-3.09278e-14 ,0 
371,14.8 ,-2.91041e-14 ,0 
372,14.84 ,-2.73841e-14 ,0 
373,14.88 ,-2.5762e-14 ,0 
374,14.92 ,-2.42325e-14 ,0 
375,14.96 ,-2.27907e-14 ,0 
376,15 ,-2.14316e-14 ,0 
377,15.04 ,-2.01507e-14 ,0 
378,15.08 ,-1.89438e-14 ,0 
379,15.12 ,-1.78068e-14 ,0 
380,15.16 ,-1.67357e-14 ,0 
381,15.2 ,-1.57269e-14 ,0 
382,15.24 ,-1.47769e-14 ,0 
383,15.28 ,-1.38825e-14 ,0 
384,15.32 ,-1.30405e-14 ,0 
385,15.36 ,-1.22479e-14 ,0 
386,15.4 ,-1.1502e-14 ,0 
387,15.44 ,-1.08001e-14 ,0 
388,15.48 ,-1.01398e-14 ,0 
389,15.52 ,-9.51861e-15 ,0 
390,15.56 ,-8.93435e-15 ,0 
391,15.6 ,-8.38489e-15 ,0 
392,15.64 ,-7.86824e-15 ,0 
393,15.68 ,-7.3825e-15 ,0 
394,15.72 ,-6.9259e-15 ,0 
395,15.76 ,-6.49673e-15 ,0 
396,15.8 ,-6.09342e-15 ,0 
397,15.84 ,-5.71445e-15 ,0 
398,15.88 ,-5.35841e-15 ,0 
399,15.92 ,-5.02395e-15 ,0 
400,15.96 ,-4.70981e-15 ,0 
401,16 ,-4.41479e-15 ,0 
402,16.04 ,-4.13777e-15 ,0 
403,16.08 ,-3.87767e-15 ,0 
404,16.12 ,-3.63351e-15 ,0 
405,16.16 ,-3.40433e-15 ,0 
406,16.2 ,-3.18924e-15 ,0 
407,16.24 ,-2.9874e-15 ,0 
408,16.28 ,-2.79802e-15 ,0 
409,16.32 ,-2.62035e-15 ,0 
410,16.36 ,-2.45369e-15 ,0 
411,16.4 ,-2.29738e-15 ,0 
412,16.44 ,-2.15078e-15 ,0 
413,16.48 ,-2.01333e-15 ,0 
414,16.52 ,-1.88445e-15 ,0 
415,16.56 ,-1.76363e-15 ,0 
416,16.6 ,-1.65038e-15 ,0 
417,16.64 ,-1.54424e-15 ,0 
418,16.68 ,-1.44477e-15 ,0 
419,16.72 ,-1.35157e-15 ,0 
420,16.76 ,-1.26425e-15 ,0 
421,16.8 ,-1.18245e-15 ,0 
422,16.84 ,-1.10582e-15 ,0 
423,16.88 ,-1.03406e-15 ,0 
424,16.92 ,-9.66851e-16 ,0 
425,16.96 ,-9.03921e-16 ,0 
426,17 ,-8.45003e-16 ,0 
427,17.04 ,-7.89846e-16 ,0 
428,17.08 ,-7.38215e-16 ,0 
429,17.12 ,-6.89892e-16 ,0 
430,17.16 ,-6.44669e-16 ,0 
431,17.2 ,-6.02351e-16 ,0 
432,17.24 ,-5.62757e-16 ,0 
433,17.28 ,-5.25715e-16 ,0 
434,17.32 ,-4.91065e-16 ,0 
435,17.36 ,-4.58654e-16 ,0 
436,17.4 ,-4.28343e-16 ,0 
437,17.44 ,-3.99998e-16 ,0 
438,17.48 ,-3.73493e-16 ,0 
439,17.52 ,-3.48713e-16 ,0 
440,17.56 ,-3.25547e-16 ,0 
441,17.6 ,-3.03893e-16 ,0 
442,17.64 ,-2.83654e-16 ,0 
443,17.68 ,-2.64739e-16 ,0 
444,17.72 ,-2.47064e-16 ,0 
445,17.76 ,-2.30549e-16 ,0 
446,17.8 ,-2.15119e-16 ,0 
447,17.84 ,-2.00705e-16 ,0 
448,17.88 ,-1.87241e-16 ,0 
449,17.92 ,-1.74667e-16 ,0 
450,17.96 ,-1.62923e-16 ,0 
451,18 ,-1.51957e-16 ,0 
452,18.04 ,-1.41718e-16 ,0 
453,18.08 ,-1.32159e-16 ,0 
454,18.12 ,-1.23236e-16 ,0 
455,18.16 ,-1.14907e-16 ,0 
456,18.2 ,-1.07134e-16 ,0 
457,18.24 ,-9.98803e-17 ,0 
458,18.28 ,-9.31118e-17 ,0 
459,18.32 ,-8.67969e-17 ,0 
460,18.36 ,-8.09059e-17 ,0 
461,18.4 ,-7.54111e-17 ,0 
462,18.44 ,-7.02865e-17 ,0 
463,18.48 ,-6.55077e-17 ,0 
464,18.52 ,-6.1052e-17 ,0 
465,18.56 ,-5.68982e-17 ,0 
466,18.6 ,-5.30264e-17 ,0 
467,18.64 ,-4.9418e-17 ,0 
468,18.68 ,-4.60558e-17 ,0 
469,18.72 ,-4.29234e-17 ,0 
470,18.76 ,-4.00058e-17 ,0 
471,18.8 ,-3.72889e-17 ,0 
472,18.84 ,-3.47593e-17 ,0 
473,18.88 ,-3.24049e-17 ,0 
474,18.92 ,-3.02141e-17 ,0 
475,18.96 ,-2.81763e-17 ,0 
476,19 ,-2.62813e-17 ,0 
477,19.04 ,-2.452e-17 ,0 
478,19.08 ,-2.28836e-17 ,0 
479,19.12 ,-2.1364e-17 ,0 
480,19.16 ,-1.99538e-17 ,0 
481,19.2 ,-1.86459e-17 ,0 
482,19.24 ,-1.74339e-17 ,0 
483,19.28 ,-1.63116e-17 ,0 
484,19.32 ,-1.52736e-17 ,0 
485,19.36 ,-1.43145e-17 ,0 
486,19.4 ,-1.34297e-17 ,0 
487,19.44 ,-1.26146e-17 ,0 
488,19.48 ,-1.18652e-17 ,0 
489,19.52 ,-1.11777e-17 ,0 
490,19.56 ,-1.05486e-17 ,0 
491,19.6 ,-9.97476e-18 ,0 
492,19.64 ,-9.45327e-18 ,0 
493,19.68 ,-8.9815e-18 ,0 
494,19.72 ,-8.55705e-18 ,0 
495,19.76 ,-8.17779e-18 ,0 
496,19.8 ,-7.8418e-18 ,0 
497,19.84 ,-7.54737e-18 ,0 
498,19.88 ,-7.29303e-18 ,0 
499,19.92 ,-7.07751e-18 ,0 
500,19.96 ,-6.89972e-18 ,0 
501,20 ,-6.7588e-18 ,0 
502,20.04 ,-6.65405e-18 ,0 
503,20.08 ,-6.58499e-18 ,0 
504,20.12 ,-6.55131e-18 ,0 
505,20.16 ,-6.55289e-18 ,0 
506,20.2 ,-6.58982e-18 ,0 
507,20.24 ,-6.66236e-18 ,0 
508,20.28 ,-6.77096e-18 ,0 
509,20.32 ,-6.91628e-18 ,0 
510,20.36 ,-7.09919e-18 ,0 
511,20.4 ,-7.32073e-18 ,0 
512,20.44 ,-7.58219e-18 ,0 
513,20.48 ,-7.88507e-18 ,0 
514,20.52 ,-8.23111e-18 ,0 
515,20.56 ,-8.62227e-18 ,0 
516,20.6 ,-9.06078e-18 ,0 
517,20.64 ,-9.54915e-18 ,0 
518,20.68 ,-1.00901e-17 ,0 
519,20.72 ,-1.06868e-17 ,0 
520,20.76 ,-1.13426e-17 ,0 
521,20.8 ,-1.20613e-17 ,0 
522,20.84 ,-1.28468e-17 ,0 
523,20.88 ,-1.37038e-17 ,0 
524,20.92 ,-1.46371e-17 ,0 
525,20.96 ,-1.5652e-17 ,0 
526,21 ,-1.67544e-17 ,0 
527,21.04 ,-1.79505e-17 ,0 
528,21.08 ,-1.92473e-17 ,0 
529,21.12 ,-2.06521e-17 ,0 
530,21.16 ,-2.21731e-17 ,0 
531,21.2 ,-2.38189e-17 ,0 
532,21.24 ,-2.55992e-17 ,0 
533,21.28 ,-2.75241e-17 ,0 
534,21.32 ,-2.96048e-17 ,0 
535,21.36 ,-3.18533e-17 ,0 
536,21.4 ,-3.42828e-17 ,0 
537,21.44 ,-3.69071e-17 ,0 
538,21.48 ,-3.97417e-17 ,0 
539,21.52 ,-4.28031e-17 ,0 
540,21.56 ,-4.6109e-17 ,0 
541,21.6 ,-4.96787e-17 ,0 
542,21.64 ,-5.35332e-17 ,0 
543,21.68 ,-5.7695e-17 ,0 
544,21.72 ,-6.21884e-17 ,0 
545,21.76 ,-6.70399e-17 ,0 
546,21.8 ,-7.2278e-17 ,0 
547,21.84 ,-7.79334e-17 ,0 
548,21.88 ,-8.40396e-17 ,0 
549,21.92 ,-9.06325e-17 ,0 
550,21.96 ,-9.77511e-17 ,0 
551,22 ,-1.05438e-16 ,0 
552,22.04 ,-1.13737e-16 ,0 
553,22.08 ,-1.227e-16 ,0 
554,22.12 ,-1.32378e-16 ,0 
555,22.16 ,-1.4283e-16 ,0 
556,22.2 ,-1.54117e-16 ,0 
557,22.24 ,-1.66308e-16 ,0 
558,22.28 ,-1.79474e-16 ,0 
559,22.32 ,-1.93694e-16 ,0 
560,22.36 ,-2.09055e-16 ,0 
561,22.4 ,-2.25647e-16 ,0 
562,22.44 ,-2.43571e-16 ,0 
563,22.48 ,-2.62934e-16 ,0 
564,22.52 ,-2.83852e-16 ,0 
565,22.56 ,-3.06452e-16 ,0 
566,22.6 ,-3.3087e-16 ,0 
567,22.64 ,-3.57254e-16 ,0 
568,22.68 ,-3.85763e-16 ,0 
569,22.72 ,-4.1657e-16 ,0 
570,22.76 ,-4.49862e-16 ,0 
571,22.8 ,-4.8584e-16 ,0 
572,22.84 ,-5.24724e-16 ,0 
573,22.88 ,-5.6675e-16 ,0 
574,22.92 ,-6.12174e-16 ,0 
575,22.96 ,-6.61274e-16 ,0 
576,23 ,-7.14349e-16 ,0 
577,23.04 ,-7.71724e-16 ,0 
578,23.08 ,-8.3375e-16 ,0 
579,23.12 ,-9.00808e-16 ,0 
580,23.16 ,-9.73309e-16 ,0 
581,23.2 ,-1.0517e-15 ,0 
582,23.24 ,-1.13646e-15 ,0 
583,23.28 ,-1.22811e-15 ,0 
584,23.32 ,-1.32722e-15 ,0 
585,23.36 ,-1.4344e-15 ,0 
586,23.4 ,-1.55032e-15 ,0 
587,23.44 ,-1.67568e-15 ,0 
588,23.48 ,-1.81127e-15 ,0 
589,23.52 ,-1.95793e-15 ,0 
590,23.56 ,-2.11656e-15 ,0 
591,23.6 ,-2.28816e-15 ,0 
592,23.64 ,-2.47379e-15 ,0 
593,23.68 ,-2.67461e-15 ,0 
594,23.72 ,-2.89187e-15 ,0 
595,23.76 ,-3.12693e-15 ,0 
596,23.8 ,-3.38126e-15 ,0 
597,23.84 ,-3.65644e-15 ,0 
598,23.88 ,-3.9542e-15 ,0 
599,23.92 ,-4.27642e-15 ,0 
600,23.96 ,-4.6251e-15 ,0 
601,24 ,-5.00245e-15 ,0 
602,24.04 ,-5.41084e-15 ,0 
603,24.08 ,-5.85284e-15 ,0 
604,24.12 ,-6.33124e-15 ,0 
605,24.16 ,-6.84905e-15 ,0 
606,24.2 ,-7.40955e-15 ,0 
607,24.24 ,-8.01628e-15 ,0 
608,24.28 ,-8.67309e-15 ,0 
609,24.32 ,-9.38414e-15 ,0 
610,24.36 ,-1.01539e-14 ,0 
611,24.4 ,-1.09874e-14 ,0 
612,24.44 ,-1.18898e-14 ,0 
613,24.48 ,-1.28668e-14 ,0 
614,24.52 ,-1.39248e-14 ,0 
615,24.56 ,-1.50704e-14 ,0 
616,24.6 ,-1.6311e-14 ,0 
617,24.64 ,-1.76545e-14 ,0 
618,24.68 ,-1.91095e-14 ,0 
619,24.72 ,-2.06853e-14 ,0 
620,24.76 ,-2.2392e-14 ,0 
621,24.8 ,-2.42406e-14 ,0 
622,24.84 ,-2.62429e-14 ,0 
623,24.88 ,-2.84118e-14 ,0 
624,24.92 ,-3.07612e-14 ,0 
625,24.96 ,-3.33064e-14 ,0 
626,25 ,-3.60637e-14 ,0 
627,25.04 ,-3.90508e-14 ,0 
628,25.08 ,-4.22872e-14 ,0 
629,25.12 ,-4.57937e-14 ,0 
630,25.16 ,-4.95931e-14 ,0 
631,25.2 ,-5.37099e-14 ,0 
632,25.24 ,-5.81708e-14 ,0 
633,25.28 ,-6.30048e-14 ,0 
634,25.32 ,-6.82434e-14 ,0 
635,25.36 ,-7.39205e-14 ,0 
636,25.4 ,-8.00731e-14 ,0 
637,25.44 ,-8.67414e-14 ,0 
638,25.48 ,-9.39688e-14 ,0 
639,25.52 ,-1.01802e-13 ,0 
640,25.56 ,-1.10294e-13 ,0 
641,25.6 ,-1.19498e-13 ,0 
642,25.64 ,-1.29475e-13 ,0 
643,25.68 ,-1.40291e-13 ,0 
644,25.72 ,-1.52017e-13 ,0 
645,25.76 ,-1.64729e-13 ,0 
646,25.8 ,-1.78511e-13 ,0 
647,25.84 ,-1.93454e-13 ,0 
648,25.88 ,-2.09655e-13 ,0 
649,25.92 ,-2.27223e-13 ,0 
650,25.96 ,-2.46272e-13 ,0 
651,26 ,-2.66928e-13 ,0 
652,26.04 ,-2.89328e-13 ,0 
653,26.08 ,-3.13619e-13 ,0 
654,26.12 ,-3.39963e-13 ,0 
655,26.16 ,-3.68534e-13 ,0 
656,26.2 ,-3.99521e-13 ,0 
657,26.24 ,-4.3313e-13 ,0 
658,26.28 ,-4.69584e-13 ,0 
659,26.32 ,-5.09125e-13 ,0 
660,26.36 ,-5.52016e-13 ,0 
661,26.4 ,-5.98542e-13 ,0 
662,26.44 ,-6.49014e-13 ,0 
663,26.48 ,-7.03768e-13 ,0 
664,26.52 ,-7.6317e-13 ,0 
665,26.56 ,-8.27616e-13 ,0 
666,26.6 ,-8.97536e-13 ,0 
667,26.64 ,-9.73399e-13 ,0 
668,26.68 ,-1.05571e-12 ,0 
669,26.72 ,-1.14503e-12 ,0 
670,26.76 ,-1.24195e-12 ,0 
671,26.8 ,-1.34711e-12 ,0 
672,26.84 ,-1.46124e-12 ,0 
673,26.88 ,-1.58509e-12 ,0 
674,26.92 ,-1.7195e-12 ,0 
675,26.96 ,-1.86537e-12 ,0 
676,27 ,-2.02369e-12 ,0 
677,27.04 ,-2.19553e-12 ,0 
678,27.08 ,-2.38203e-12 ,0 
679,27.12 ,-2.58447e-12 ,0 
680,27.16 ,-2.80422e-12 ,0 
681,27.2 ,-3.04275e-12 ,0 
682,27.24 ,-3.30169e-12 ,0 
683,27.28 ,-3.58278e-12 ,0 
684,27.32 ,-3.88794e-12 ,0 
685,27.36 ,-4.21924e-12 ,0 
686,27.4 ,-4.57892e-12 ,0 
687,27.44 ,-4.96944e-12 ,0 
688,27.48 ,-5.39344e-12 ,0 
689,27.52 ,-5.85381e-12 ,0 
690,27.56 ,-6.3537e-12 ,0 
691,27.6 ,-6.89651e-12 ,0 
692,27.64 ,-7.48593e-12 ,0 
693,27.68 ,-8.12601e-12 ,0 
694,27.72 ,-8.82111e-12 ,0 
695,27.76 ,-9.57598e-12 ,0 
696,27.8 ,-1.03958e-11 ,0 
697,27.84 ,-1.12862e-11 ,0 
698,27.88 ,-1.22532e-11 ,0 
699,27.92 ,-1.33035e-11 ,0 
700,27.96 ,-1.44443e-11 ,0 
701,28 ,-1.56835e-11 ,0 
702,28.04 ,-1.70295e-11 ,0 
703,28.08 ,-1.84916e-11 ,0 
704,28.12 ,-2.00799e-11 ,0 
705,28.16 ,-2.18054e-11 ,0 
706,28.2 ,-2.36798e-11 ,0 
707,28.24 ,-2.57162e-11 ,0 
708,28.28 ,-2.79286e-11 ,0 
709,28.32 ,-3.03323e-11 ,0 
710,28.36 ,-3.29439e-11 ,0 
711,28.4 ,-3.57815e-11 ,0 
712,28.44 ,-3.88648e-11 ,0 
713,28.48 ,-4.2215e-11 ,0 
714,28.52 ,-4.58554e-11 ,0 
715,28.56 ,-4.98114e-11 ,0 
716,28.6 ,-5.41102e-11 ,0 
717,28.64 ,-5.87819e-11 ,0 
718,28.68 ,-6.38589e-11 ,0 
719,28.72 ,-6.93765e-11 ,0 
720,28.76 ,-7.53731e-11 ,0 
721,28.8 ,-8.18906e-11 ,0 
722,28.84 ,-8.89743e-11 ,0 
723,28.88 ,-9.66736e-11 ,0 
724,28.92 ,-1.05042e-10 ,0 
725,28.96 ,-1.14139e-10 ,0 
726,29 ,-1.24027e-10 ,0 
727,29.04 ,-1.34776e-10 ,0 
728,29.08 ,-1.46461e-10 ,0 
729,29.12 ,-1.59163e-10 ,0 
730,29.16 ,-1.72972e-10 ,0 
731,29.2 ,-1.87985e-10 ,0 
732,29.24 ,-2.04307e-10 ,0 
733,29.28 ,-2.22053e-10 ,0 
734,29.32 ,-2.41347e-10 ,0 
735,29.36 ,-2.62325e-10 ,0 
736,29.4 ,-2.85134e-10 ,0 
737,29.44 ,-3.09936e-10 ,0 
738,29.48 ,-3.36905e-10 ,0 
739,29.52 ,-3.66231e-10 ,0 
740,29.56 ,-3.98122e-10 ,0 
741,29.6 ,-4.32801e-10 ,0 
742,29.64 ,-4.70515e-10 ,0 
743,29.68 ,-5.1153e-10 ,0 
744,29.72 ,-5.56136e-10 ,0 
745,29.76 ,-6.04648e-10 ,0 
746,29.8 ,-6.57411e-10 ,0 
747,29.84 ,-7.14797e-10 ,0 
748,29.88 ,-7.77215e-10 ,0 
749,29.92 ,-8.45107e-10 ,0 
750,29.96 ,-9.18955e-10 ,0 
751,30 ,-9.99284e-10 ,0 
752,30.04 ,-1.08666e-09 ,0 
753,30.08 ,-1.18172e-09 ,0 
754,30.12 ,-1.28512e-09 ,0 
755,30.16 ,-1.39761e-09 ,0 
756,30.2 ,-1.51999e-09 ,0 
757,30.24 ,-1.65313e-09 ,0 
758,30.28 ,-1.79798e-09 ,0 
759,30.32 ,-1.95557e-09 ,0 
760,30.36 ,-2.12704e-09 ,0 
761,30.4 ,-2.3136e-09 ,0 
762,30.44 ,-2.51659e-09 ,0 
763,30.48 ,-2.73746e-09 ,0 
764,30.52 ,-2.9778e-09 ,0 
765,30.56 ,-3.23933e-09 ,0 
766,30.6 ,-3.52391e-09 ,0 
767,30.64 ,-3.8336e-09 ,0 
768,30.68 ,-4.17062e-09 ,0 
769,30.72 ,-4.53738e-09 ,0 
770,30.76 ,-4.93653e-09 ,0 
771,30.8 ,-5.37093e-09 ,0 
772,30.84 ,-5.8437e-09 ,0 
773,30.88 ,-6.35826e-09 ,0 
774,30.92 ,-6.9183e-09 ,0 
775,30.96 ,-7.52786e-09 ,0 
776,31 ,-8.19135e-09 ,0 
777,31.04 ,-8.91354e-09 ,0 
778,31.08 ,-9.69965e-09 ,0 
779,31.12 ,-1.05554e-08 ,0 
780,31.16 ,-1.14868e-08 ,0 
781,31.2 ,-1.25009e-08 ,0 
782,31.24 ,-1.36047e-08 ,0 
783,31.28 ,-1.48064e-08 ,0 
784,31.32 ,-1.61147e-08 ,0 
785,31.36 ,-1.7539e-08 ,0 
786,31.4 ,-1.90897e-08 ,0 
787,31.44 ,-2.07779e-08 ,0 
788,31.48 ,-2.26161e-08 ,0 
789,31.52 ,-2.46175e-08 ,0 
790,31.56 ,-2.67966e-08 ,0 
791,31.6 ,-2.91694e-08 ,0 
792,31.64 ,-3.1753e-08 ,0 
793,31.68 ,-3.45663e-08 ,0 
794,31.72 ,-3.76298e-08 ,0 
795,31.76 ,-4.09659e-08 ,0 
796,31.8 ,-4.45987e-08 ,0 
797,31.84 ,-4.85549e-08 ,0 
798,31.88 ,-5.28633e-08 ,0 
799,31.92 ,-5.75553e-08 ,0 
800,31.96 ,-6.26654e-08 ,0 
801,32 ,-6.82307e-08 ,0 
802,32.04 ,-7.42921e-08 ,0 
803,32.08 ,-8.08939e-08 ,0 
804,32.12 ,-8.80844e-08 ,0 
805,32.16 ,-9.59164e-08 ,0 
806,32.2 ,-1.04447e-07 ,0 
807,32.24 ,-1.13739e-07 ,0 
808,32.28 ,-1.23861e-07 ,0 
809,32.32 ,-1.34887e-07 ,0 
810,32.36 ,-1.46897e-07 ,0 
811,32.4 ,-1.59981e-07 ,0 
812,32.44 ,-1.74234e-07 ,0 
813,32.48 ,-1.89762e-07 ,0 
814,32.52 ,-2.06677e-07 ,0 
815,32.56 ,-2.25106e-07 ,0 
816,32.6 ,-2.45184e-07 ,0 
817,32.64 ,-2.67059e-07 ,0 
818,32.68 ,-2.90892e-07 ,0 
819,32.72 ,-3.16859e-07 ,0 
820,32.76 ,-3.45152e-07 ,0 
821,32.8 ,-3.7598e-07 ,0 
822,32.84 ,-4.09571e-07 ,0 
823,32.88 ,-4.46172e-07 ,0 
824,32.92 ,-4.86056e-07 ,0 
825,32.96 ,-5.29516e-07 ,0 
826,33 ,-5.76876e-07 ,0 
827,33.04 ,-6.28485e-07 ,0 
828,33.08 ,-6.84726e-07 ,0 
829,33.12 ,-7.46017e-07 ,0 
830,33.16 ,-8.12812e-07 ,0 
831,33.2 ,-8.85607e-07 ,0 
832,33.24 ,-9.64943e-07 ,0 
833,33.28 ,-1.05141e-06 ,0 
834,33.32 ,-1.14565e-06 ,0 
835,33.36 ,-1.24836e-06 ,0 
836,33.4 ,-1.36031e-06 ,0 
837,33.44 ,-1.48234e-06 ,0 
838,33.48 ,-1.61534e-06 ,0 
839,33.52 ,-1.76031e-06 ,0 
840,33.56 ,-1.91834e-06 ,0 
841,33.6 ,-2.0906e-06 ,0 
842,33.64 ,-2.27838e-06 ,0 
843,33.68 ,-2.48307e-06 ,0 
844,33.72 ,-2.70622e-06 ,0 
845,33.76 ,-2.94948e-06 ,0 
846,33.8 ,-3.21467e-06 ,0 
847,33.84 ,-3.50378e-06 ,0 
848,33.88 ,-3.81897e-06 ,0 
849,33.92 ,-4.16261e-06 ,0 
850,33.96 ,-4.53726e-06 ,0 
851,34 ,-4.94573e-06 ,0 
852,34.04 ,-5.39109e-06 ,0 
853,34.08 ,-5.87667e-06 ,0 
854,34.12 ,-6.40613e-06 ,0 
855,34.16 ,-6.98343e-06 ,0 
856,34.2 ,-7.61291e-06 ,0 
857,34.24 ,-8.2993e-06 ,0 
858,34.28 ,-9.04776e-06 ,0 
859,34.32 ,-9.86393e-06 ,0 
860,34.36 ,-1.07539e-05 ,0 
861,34.4 ,-1.17245e-05 ,0 
862,34.44 ,-1.27829e-05 ,0 
863,34.48 ,-1.39371e-05 ,0 
864,34.52 ,-1.51959e-05 ,0 
865,34.56 ,-1.65687e-05 ,0 
866,34.6 ,-1.80658e-05 ,0 
867,34.64 ,-1.96987e-05 ,0 
868,34.68 ,-2.14795e-05 ,0 
869,34.72 ,-2.34218e-05 ,0 
870,34.76 ,-2.55403e-05 ,0 
871,34.8 ,-2.78509e-05 ,0 
872,34.84 ,-3.03711e-05 ,0 
873,34.88 ,-3.31201e-05 ,0 
874,34.92 ,-3.61186e-05 ,0 
875,34.96 ,-3.93893e-05 ,0 
876,35 ,-4.29571e-05 ,0 
877,35.04 ,-4.68489e-05 ,0 
878,35.08 ,-5.10944e-05 ,0 
879,35.12 ,-5.57256e-05 ,0 
880,35.16 ,-6.07778e-05 ,0 
881,35.2 ,-6.62892e-05 ,0 
882,35.24 ,-7.23019e-05 ,0 
883,35.28 ,-7.88615e-05 ,0 
884,35.32 ,-8.60179e-05 ,0 
885,35.36 ,-9.38254e-05 ,0 
886,35.4 ,-0.000102344 ,0 
887,35.44 ,-0.000111637 ,0 
888,35.48 ,-0.000121777 ,0 
889,35.52 ,-0.00013284 ,0 
890,35.56 ,-0.000144912 ,0 
891,35.6 ,-0.000158083 ,0 
892,35.64 ,-0.000172454 ,0 
893,35.68 ,-0.000188136 ,0 
894,35.72 ,-0.000205247 ,0 
895,35.76 ,-0.000223919 ,0 
896,35.8 ,-0.000244294 ,0 
897,35.84 ,-0.000266528 ,0 
898,35.88 ,-0.000290791 ,0 
899,35.92 ,-0.000317269 ,0 
900,35.96 ,-0.000346164 ,0 
901,36 ,-0.000377697 ,0 
902,36.04 ,-0.00041211 ,0 
903,36.08 ,-0.000449667 ,0 
904,36.12 ,-0.000490656 ,0 
905,36.16 ,-0.000535391 ,0 
906,36.2 ,-0.000584215 ,0 
907,36.24 ,-0.000637503 ,0 
908,36.28 ,-0.000695665 ,0 
909,36.32 ,-0.000759146 ,0 
910,36.36 ,-0.000828435 ,0 
911,36.4 ,-0.000904064 ,0 
912,36.44 ,-0.000986615 ,0 
913,36.48 ,-0.00107672 ,0 
914,36.52 ,-0.00117508 ,0 
915,36.56 ,-0.00128245 ,0 
916,36.6 ,-0.00139965 ,0 
917,36.64 ,-0.00152759 ,0 
918,36.68 ,-0.00166726 ,0 
919,36.72 ,-0.00181972 ,0 
920,36.76 ,-0.00198616 ,0 
921,36.8 ,-0.00216787 ,0 
922,36.84 ,-0.00236624 ,0 
923,36.88 ,-0.0025828 ,0 
924,36.92 ,-0.00281924 ,0 
925,36.96 ,-0.00307737 ,0 
926,37 ,-0.0033592 ,0 
927,37.04 ,-0.00366689 ,0 
928,37.08 ,-0.00400285 ,0 
929,37.12 ,-0.00436965 ,0 
930,37.16 ,-0.00477016 ,0 
931,37.2 ,-0.00520745 ,0 
932,37.24 ,-0.00568494 ,0 
933,37.28 ,-0.00620631 ,0 
934,37.32 ,-0.00677562 ,0 
935,37.36 ,-0.00739727 ,0 
936,37.4 ,-0.00807609 ,0 
937,37.44 ,-0.00881735 ,0 
938,37.48 ,-0.00962682 ,0 
939,37.52 ,-0.0105108 ,0 
940,37.56 ,-0.0114761 ,0 
941,37.6 ,-0.0125303 ,0 
942,37.64 ,-0.0136815 ,0 
943,37.68 ,-0.0149387 ,0 
944,37.72 ,-0.0163118 ,0 
945,37.76 ,-0.0178114 ,0 
946,37.8 ,-0.0194491 ,0 
947,37.84 ,-0.0212378 ,0 
948,37.88 ,-0.0231913 ,0 
949,37.92 ,-0.025325 ,0 
950,37.96 ,-0.0276554 ,0 
951,38 ,-0.0302008 ,0 
952,38.04 ,-0.032981 ,0 
953,38.08 ,-0.0360177 ,0 
954,38.12 ,-0.0393346 ,0 
955,38.16 ,-0.0429577 ,0 
956,38.2 ,-0.0469153 ,0 
957,38.24 ,-0.0512383 ,0 
958,38.28 ,-0.0559605 ,0 
959,38.32 ,-0.0611189 ,0 
960,38.36 ,-0.0667539 ,0 
961,38.4 ,-0.0729096 ,0 
962,38.44 ,-0.0796342 ,0 
963,38.48 ,-0.0869804 ,0 
964,38.52 ,-0.0950059 ,0 
965,38.56 ,-0.103773 ,0 
966,38.6 ,-0.113352 ,0 
967,38.64 ,-0.123816 ,0 
968,38.68 ,-0.135249 ,0 
969,38.72 ,-0.14774 ,0 
970,38.76 ,-0.161386 ,0 
971,38.8 ,-0.176296 ,0 
972,38.84 ,-0.192587 ,0 
973,38.88 ,-0.210386 ,0 
974,38.92 ,-0.229833 ,0 
975,38.96 ,-0.251082 ,0 
976,39 ,-0.2743 ,0 
977,39.04 ,-0.29967 ,0 
978,39.08 ,-0.327391 ,0 
979,39.12 ,-0.357682 ,0 
980,39.16 ,-0.390781 ,0 
981,39.2 ,-0.42695 ,0 
982,39.24 ,-0.466473 ,0 
983,39.28 ,-0.509664 ,0 
984,39.32 ,-0.556861 ,0 
985,39.36 ,-0.608438 ,0 
986,39.4 ,-0.664803 ,0 
987,39.44 ,-0.7264 ,0 
988,39.48 ,-0.793716 ,0 
989,39.52 ,-0.867283 ,0 
990,39.56 ,-0.947684 ,0 
991,39.6 ,-1.03555 ,0 
992,39.64 ,-1.13159 ,0 
993,39.68 ,-1.23654 ,0 
994,39.72 ,-1.35126 ,0 
995,39.76 ,-1.47663 ,0 
996,39.8 ,-1.61366 ,0 
997,39.84 ,-1.76344 ,0 
998,39.88 ,-1.92715 ,0 
999,39.92 ,-2.10608 ,0 
1000,39.96 ,-2.30166 ,0 