
1,0 ,0 ,0 
2,0.04 ,0 ,0 
3,0.08 ,0 ,0 
4,0.12 ,3.7345e-10 ,0 
5,0.16 ,1.17868e-09 ,0 
6,0.2 ,2.87261e-09 ,0 
7,0.24 ,5.94394e-09 ,0 
8,0.28 ,1.09841e-08 ,0 
9,0.32 ,1.86839e-08 ,0 
10,0.36 ,2.98293e-08 ,0 
11,0.4 ,4.5297e-08 ,0 
12,0.44 ,6.6049e-08 ,0 
13,0.48 ,9.31272e-08 ,0 
14,0.52 ,1.27647e-07 ,0 
15,0.56 ,1.70791e-07 ,0 
16,0.6 ,2.23801e-07 ,0 
17,0.64 ,2.87972e-07 ,0 
18,0.68 ,3.64642e-07 ,0 
19,0.72 ,4.55186e-07 ,0 
20,0.76 ,5.61009e-07 ,0 
21,0.8 ,6.8353e-07 ,0 
22,0.84 ,8.24184e-07 ,0 
23,0.88 ,9.84401e-07 ,0 
24,0.92 ,1.16561e-06 ,0 
25,0.96 ,1.36921e-06 ,0 
26,1 ,1.59659e-06 ,0 
27,1.04 ,1.84908e-06 ,0 
28,1.08 ,2.128e-06 ,0 
29,1.12 ,2.43457e-06 ,0 
30,1.16 ,2.76998e-06 ,0 
31,1.2 ,3.13534e-06 ,0 
32,1.24 ,3.53167e-06 ,0 
33,1.28 ,3.95991e-06 ,0 
34,1.32 ,4.42089e-06 ,0 
35,1.36 ,4.91535e-06 ,0 
36,1.4 ,5.4439e-06 ,0 
37,1.44 ,6.00704e-06 ,0 
38,1.48 ,6.60516e-06 ,0 
39,1.52 ,7.23848e-06 ,0 
40,1.56 ,7.90712e-06 ,0 
41,1.6 ,8.61103e-06 ,0 
42,1.64 ,9.35003e-06 ,0 
43,1.68 ,1.01238e-05 ,0 
44,1.72 ,1.09318e-05 ,0 
45,1.76 ,1.17735e-05 ,0 
46,1.8 ,1.26479e-05 ,0 
47,1.84 ,1.35543e-05 ,0 
48,1.88 ,1.44914e-05 ,0 
49,1.92 ,1.54579e-05 ,0 
50,1.96 ,1.64525e-05 ,0 
51,2 ,1.74736e-05 ,0 
52,2.04 ,1.85193e-05 ,0 
53,2.08 ,1.95879e-05 ,0 
54,2.12 ,2.06772e-05 ,0 
55,2.16 ,2.17851e-05 ,0 
56,2.2 ,2.29093e-05 ,0 
57,2.24 ,2.40473e-05 ,0 
58,2.28 ,2.51966e-05 ,0 
59,2.32 ,2.63544e-05 ,0 
60,2.36 ,2.75179e-05 ,0 
61,2.4 ,2.86843e-05 ,0 
62,2.44 ,2.98505e-05 ,0 
63,2.48 ,3.10134e-05 ,0 
64,2.52 ,3.21699e-05 ,0 
65,2.56 ,3.33167e-05 ,0 
66,2.6 ,3.44506e-05 ,0 
67,2.64 ,3.55683e-05 ,0 
68,2.68 ,3.66662e-05 ,0 
69,2.72 ,3.77412e-05 ,0 
70,2.76 ,3.87897e-05 ,0 
71,2.8 ,3.98083e-05 ,0 
72,2.84 ,4.07937e-05 ,0 
73,2.88 ,4.17424e-05 ,0 
74,2.92 ,4.26512e-05 ,0 
75,2.96 ,4.35168e-05 ,0 
76,3 ,4.43358e-05 ,0 
77,3.04 ,4.51052e-05 ,0 
78,3.08 ,4.58218e-05 ,0 
79,3.12 ,4.64827e-05 ,0 
80,3.16 ,4.70849e-05 ,0 
81,3.2 ,4.76257e-05 ,0 
82,3.24 ,4.81024e-05 ,0 
83,3.28 ,4.85125e-05 ,0 
84,3.32 ,4.88536e-05 ,0 
85,3.36 ,4.91234e-05 ,0 
86,3.4 ,4.93199e-05 ,0 
87,3.44 ,4.94412e-05 ,0 
88,3.48 ,4.94856e-05 ,0 
89,3.52 ,4.94515e-05 ,0 
90,3.56 ,4.93376e-05 ,0 
91,3.6 ,4.91427e-05 ,0 
92,3.64 ,4.88658e-05 ,0 
93,3.68 ,4.85062e-05 ,0 
94,3.72 ,4.80634e-05 ,0 
95,3.76 ,4.75371e-05 ,0 
96,3.8 ,4.69271e-05 ,0 
97,3.84 ,4.62336e-05 ,0 
98,3.88 ,4.54568e-05 ,0 
99,3.92 ,4.45974e-05 ,0 
100,3.96 ,4.36562e-05 ,0 
101,4 ,4.2634e-05 ,0 
102,4.04 ,4.15322e-05 ,0 
103,4.08 ,4.03521e-05 ,0 
104,4.12 ,3.90954e-05 ,0 
105,4.16 ,3.7764e-05 ,0 
106,4.2 ,3.63599e-05 ,0 
107,4.24 ,3.48853e-05 ,0 
108,4.28 ,3.33428e-05 ,0 
109,4.32 ,3.1735e-05 ,0 
110,4.36 ,3.00646e-05 ,0 
111,4.4 ,2.83347e-05 ,0 
112,4.44 ,2.65485e-05 ,0 
113,4.48 ,2.47093e-05 ,0 
114,4.52 ,2.28206e-05 ,0 
115,4.56 ,2.08859e-05 ,0 
116,4.6 ,1.8909e-05 ,0 
117,4.64 ,1.68939e-05 ,0 
118,4.68 ,1.48445e-05 ,0 
119,4.72 ,1.27648e-05 ,0 
120,4.76 ,1.0659e-05 ,0 
121,4.8 ,8.53149e-06 ,0 
122,4.84 ,6.38645e-06 ,0 
123,4.88 ,4.22831e-06 ,0 
124,4.92 ,2.06147e-06 ,0 
125,4.96 ,-1.09612e-07 ,0 
126,5 ,-2.28047e-06 ,0 
127,5.04 ,-4.44662e-06 ,0 
128,5.08 ,-6.60359e-06 ,0 
129,5.12 ,-8.74691e-06 ,0 
130,5.16 ,-1.08721e-05 ,0 
131,5.2 ,-1.29749e-05 ,0 
132,5.24 ,-1.50508e-05 ,0 
133,5.28 ,-1.70957e-05 ,0 
134,5.32 ,-1.91051e-05 ,0 
135,5.36 ,-2.10751e-05 ,0 
136,5.4 ,-2.30016e-05 ,0 
137,5.44 ,-2.48807e-05 ,0 
138,5.48 ,-2.67084e-05 ,0 
139,5.52 ,-2.84811e-05 ,0 
140,5.56 ,-3.01953e-05 ,0 
141,5.6 ,-3.18474e-05 ,0 
142,5.64 ,-3.34341e-05 ,0 
143,5.68 ,-3.49524e-05 ,0 
144,5.72 ,-3.63992e-05 ,0 
145,5.76 ,-3.77717e-05 ,0 
146,5.8 ,-3.90672e-05 ,0 
147,5.84 ,-4.02833e-05 ,0 
148,5.88 ,-4.14177e-05 ,0 
149,5.92 ,-4.24683e-05 ,0 
150,5.96 ,-4.34332e-05 ,0 
151,6 ,-4.43105e-05 ,0 
152,6.04 ,-4.50989e-05 ,0 
153,6.08 ,-4.5797e-05 ,0 
154,6.12 ,-4.64036e-05 ,0 
155,6.16 ,-4.69179e-05 ,0 
156,6.2 ,-4.73391e-05 ,0 
157,6.24 ,-4.76666e-05 ,0 
158,6.28 ,-4.79002e-05 ,0 
159,6.32 ,-4.80397e-05 ,0 
160,6.36 ,-4.80852e-05 ,0 
161,6.4 ,-4.80369e-05 ,0 
162,6.44 ,-4.78953e-05 ,0 
163,6.48 ,-4.76611e-05 ,0 
164,6.52 ,-4.73351e-05 ,0 
165,6.56 ,-4.69183e-05 ,0 
166,6.6 ,-4.64118e-05 ,0 
167,6.64 ,-4.58171e-05 ,0 
168,6.68 ,-4.51357e-05 ,0 
169,6.72 ,-4.43692e-05 ,0 
170,6.76 ,-4.35195e-05 ,0 
171,6.8 ,-4.25886e-05 ,0 
172,6.84 ,-4.15787e-05 ,0 
173,6.88 ,-4.04919e-05 ,0 
174,6.92 ,-3.93308e-05 ,0 
175,6.96 ,-3.80978e-05 ,0 
176,7 ,-3.67955e-05 ,0 
177,7.04 ,-3.54268e-05 ,0 
178,7.08 ,-3.39944e-05 ,0 
179,7.12 ,-3.25012e-05 ,0 
180,7.16 ,-3.09504e-05 ,0 
181,7.2 ,-2.93449e-05 ,0 
182,7.24 ,-2.7688e-05 ,0 
183,7.28 ,-2.59828e-05 ,0 
184,7.32 ,-2.42326e-05 ,0 
185,7.36 ,-2.24407e-05 ,0 
186,7.4 ,-2.06105e-05 ,0 
187,7.44 ,-1.87454e-05 ,0 
188,7.48 ,-1.68486e-05 ,0 
189,7.52 ,-1.49237e-05 ,0 
190,7.56 ,-1.29739e-05 ,0 
191,7.6 ,-1.10028e-05 ,0 
192,7.64 ,-9.01371e-06 ,0 
193,7.68 ,-7.00996e-06 ,0 
194,7.72 ,-4.99492e-06 ,0 
195,7.76 ,-2.9719e-06 ,0 
196,7.8 ,-9.44157e-07 ,0 
197,7.84 ,1.08507e-06 ,0 
198,7.88 ,3.11261e-06 ,0 
199,7.92 ,5.13535e-06 ,0 
200,7.96 ,7.15023e-06 ,0 
201,8 ,9.15426e-06 ,0 
202,8.04 ,1.11445e-05 ,0 
203,8.08 ,1.31182e-05 ,0 
204,8.12 ,1.50725e-05 ,0 
205,8.16 ,1.70048e-05 ,0 
206,8.2 ,1.89125e-05 ,0 
207,8.24 ,2.07931e-05 ,0 
208,8.28 ,2.26442e-05 ,0 
209,8.32 ,2.44636e-05 ,0 
210,8.36 ,2.6249e-05 ,0 
211,8.4 ,2.79983e-05 ,0 
212,8.44 ,2.97095e-05 ,0 
213,8.48 ,3.13809e-05 ,0 
214,8.52 ,3.30106e-05 ,0 
215,8.56 ,3.4597e-05 ,0 
216,8.6 ,3.61385e-05 ,0 
217,8.64 ,3.76336e-05 ,0 
218,8.68 ,3.90812e-05 ,0 
219,8.72 ,4.04799e-05 ,0 
220,8.76 ,4.18286e-05 ,0 
221,8.8 ,4.31264e-05 ,0 
222,8.84 ,4.43724e-05 ,0 
223,8.88 ,4.55658e-05 ,0 
224,8.92 ,4.6706e-05 ,0 
225,8.96 ,4.77924e-05 ,0 
226,9 ,4.88245e-05 ,0 
227,9.04 ,4.98019e-05 ,0 
228,9.08 ,5.07246e-05 ,0 
229,9.12 ,5.15922e-05 ,0 
230,9.16 ,5.24047e-05 ,0 
231,9.2 ,5.31622e-05 ,0 
232,9.24 ,5.38648e-05 ,0 
233,9.28 ,5.45127e-05 ,0 
234,9.32 ,5.51062e-05 ,0 
235,9.36 ,5.56457e-05 ,0 
236,9.4 ,5.61316e-05 ,0 
237,9.44 ,5.65646e-05 ,0 
238,9.48 ,5.69451e-05 ,0 
239,9.52 ,5.72739e-05 ,0 
240,9.56 ,5.75518e-05 ,0 
241,9.6 ,5.77795e-05 ,0 
242,9.64 ,5.79579e-05 ,0 
243,9.68 ,5.80879e-05 ,0 
244,9.72 ,5.81705e-05 ,0 
245,9.76 ,5.82067e-05 ,0 
246,9.8 ,5.81977e-05 ,0 
247,9.84 ,5.81444e-05 ,0 
248,9.88 ,5.80482e-05 ,0 
249,9.92 ,5.791e-05 ,0 
250,9.96 ,5.77312e-05 ,0 
251,10 ,5.7513e-05 ,0 
252,10.04 ,5.72567e-05 ,0 
253,10.08 ,5.69636e-05 ,0 
254,10.12 ,5.66349e-05 ,0 
255,10.16 ,5.62721e-05 ,0 
256,10.2 ,5.58764e-05 ,0 
257,10.24 ,5.54491e-05 ,0 
258,10.28 ,5.49918e-05 ,0 
259,10.32 ,5.45056e-05 ,0 
260,10.36 ,5.3992e-05 ,0 
261,10.4 ,5.34523e-05 ,0 
262,10.44 ,5.2888e-05 ,0 
263,10.48 ,5.23002e-05 ,0 
264,10.52 ,5.16905e-05 ,0 
265,10.56 ,5.106e-05 ,0 
266,10.6 ,5.04102e-05 ,0 
267,10.64 ,4.97423e-05 ,0 
268,10.68 ,4.90577e-05 ,0 
269,10.72 ,4.83576e-05 ,0 
270,10.76 ,4.76432e-05 ,0 
271,10.8 ,4.69158e-05 ,0 
272,10.84 ,4.61765e-05 ,0 
273,10.88 ,4.54267e-05 ,0 
274,10.92 ,4.46674e-05 ,0 
275,10.96 ,4.38997e-05 ,0 
276,11 ,4.31248e-05 ,0 
277,11.04 ,4.23438e-05 ,0 
278,11.08 ,4.15577e-05 ,0 
279,11.12 ,4.07674e-05 ,0 
280,11.16 ,3.99741e-05 ,0 
281,11.2 ,3.91786e-05 ,0 
282,11.24 ,3.83818e-05 ,0 
283,11.28 ,3.75848e-05 ,0 
284,11.32 ,3.67882e-05 ,0 
285,11.36 ,3.59931e-05 ,0 
286,11.4 ,3.52e-05 ,0 
287,11.44 ,3.44099e-05 ,0 
288,11.48 ,3.36233e-05 ,0 
289,11.52 ,3.28411e-05 ,0 
290,11.56 ,3.20639e-05 ,0 
291,11.6 ,3.12924e-05 ,0 
292,11.64 ,3.0527e-05 ,0 
293,11.68 ,2.97684e-05 ,0 
294,11.72 ,2.90171e-05 ,0 
295,11.76 ,2.82737e-05 ,0 
296,11.8 ,2.75386e-05 ,0 
297,11.84 ,2.68121e-05 ,0 
298,11.88 ,2.60949e-05 ,0 
299,11.92 ,2.53871e-05 ,0 
300,11.96 ,2.46893e-05 ,0 
301,12 ,2.40017e-05 ,0 
302,12.04 ,2.33245e-05 ,0 
303,12.08 ,2.26582e-05 ,0 
304,12.12 ,2.20029e-05 ,0 
305,12.16 ,2.13589e-05 ,0 
306,12.2 ,2.07264e-05 ,0 
307,12.24 ,2.01054e-05 ,0 
308,12.28 ,1.94963e-05 ,0 
309,12.32 ,1.88991e-05 ,0 
310,12.36 ,1.83139e-05 ,0 
311,12.4 ,1.77408e-05 ,0 
312,12.44 ,1.71799e-05 ,0 
313,12.48 ,1.66313e-05 ,0 
314,12.52 ,1.60949e-05 ,0 
315,12.56 ,1.55708e-05 ,0 
316,12.6 ,1.5059e-05 ,0 
317,12.64 ,1.45594e-05 ,0 
318,12.68 ,1.4072e-05 ,0 
319,12.72 ,1.35968e-05 ,0 
320,12.76 ,1.31337e-05 ,0 
321,12.8 ,1.26826e-05 ,0 
322,12.84 ,1.22433e-05 ,0 
323,12.88 ,1.18158e-05 ,0 
324,12.92 ,1.13999e-05 ,0 
325,12.96 ,1.09956e-05 ,0 
326,13 ,1.06026e-05 ,0 
327,13.04 ,1.02208e-05 ,0 
328,13.08 ,9.85003e-06 ,0 
329,13.12 ,9.49013e-06 ,0 
330,13.16 ,9.14093e-06 ,0 
331,13.2 ,8.80223e-06 ,0 
332,13.24 ,8.47385e-06 ,0 
333,13.28 ,8.1556e-06 ,0 
334,13.32 ,7.84728e-06 ,0 
335,13.36 ,7.54869e-06 ,0 
336,13.4 ,7.25963e-06 ,0 
337,13.44 ,6.9799e-06 ,0 
338,13.48 ,6.7093e-06 ,0 
339,13.52 ,6.44761e-06 ,0 
340,13.56 ,6.19463e-06 ,0 
341,13.6 ,5.95015e-06 ,0 
342,13.64 ,5.71397e-06 ,0 
343,13.68 ,5.48587e-06 ,0 
344,13.72 ,5.26566e-06 ,0 
345,13.76 ,5.05313e-06 ,0 
346,13.8 ,4.84808e-06 ,0 
347,13.84 ,4.6503e-06 ,0 
348,13.88 ,4.45959e-06 ,0 
349,13.92 ,4.27576e-06 ,0 
350,13.96 ,4.0986e-06 ,0 
351,14 ,3.92794e-06 ,0 
352,14.04 ,3.76358e-06 ,0 
353,14.08 ,3.60533e-06 ,0 
354,14.12 ,3.453e-06 ,0 
355,14.16 ,3.30642e-06 ,0 
356,14.2 ,3.16541e-06 ,0 
357,14.24 ,3.02979e-06 ,0 
358,14.28 ,2.8994e-06 ,0 
359,14.32 ,2.77405e-06 ,0 
360,14.36 ,2.6536e-06 ,0 
361,14.4 ,2.53788e-06 ,0 
362,14.44 ,2.42673e-06 ,0 
363,14.48 ,2.31999e-06 ,0 
364,14.52 ,2.21753e-06 ,0 
365,14.56 ,2.11918e-06 ,0 
366,14.6 ,2.02482e-06 ,0 
367,14.64 ,1.93429e-06 ,0 
368,14.68 ,1.84747e-06 ,0 
369,14.72 ,1.76422e-06 ,0 
370,14.76 ,1.68441e-06 ,0 
371,14.8 ,1.60793e-06 ,0 
372,14.84 ,1.53464e-06 ,0 
373,14.88 ,1.46443e-06 ,0 
374,14.92 ,1.39718e-06 ,0 
375,14.96 ,1.33279e-06 ,0 
376,15 ,1.27115e-06 ,0 
377,15.04 ,1.21215e-06 ,0 
378,15.08 ,1.15569e-06 ,0 
379,15.12 ,1.10167e-06 ,0 
380,15.16 ,1.05e-06 ,0 
381,15.2 ,1.00059e-06 ,0 
382,15.24 ,9.53349e-07 ,0 
383,15.28 ,9.08186e-07 ,0 
384,15.32 ,8.65022e-07 ,0 
385,15.36 ,8.23776e-07 ,0 
386,15.4 ,7.84371e-07 ,0 
387,15.44 ,7.46733e-07 ,0 
388,15.48 ,7.10788e-07 ,0 
389,15.52 ,6.76468e-07 ,0 
390,15.56 ,6.43704e-07 ,0 
391,15.6 ,6.12434e-07 ,0 
392,15.64 ,5.82593e-07 ,0 
393,15.68 ,5.54121e-07 ,0 
394,15.72 ,5.26962e-07 ,0 
395,15.76 ,5.01059e-07 ,0 
396,15.8 ,4.76359e-07 ,0 
397,15.84 ,4.52809e-07 ,0 
398,15.88 ,4.30361e-07 ,0 
399,15.92 ,4.08966e-07 ,0 
400,15.96 ,3.88579e-07 ,0 
401,16 ,3.69155e-07 ,0 
402,16.04 ,3.50652e-07 ,0 
403,16.08 ,3.3303e-07 ,0 
404,16.12 ,3.16248e-07 ,0 
405,16.16 ,3.00271e-07 ,0 
406,16.2 ,2.85062e-07 ,0 
407,16.24 ,2.70586e-07 ,0 
408,16.28 ,2.5681e-07 ,0 
409,16.32 ,2.43702e-07 ,0 
410,16.36 ,2.31232e-07 ,0 
411,16.4 ,2.19372e-07 ,0 
412,16.44 ,2.08092e-07 ,0 
413,16.48 ,1.97366e-07 ,0 
414,16.52 ,1.87168e-07 ,0 
415,16.56 ,1.77474e-07 ,0 
416,16.6 ,1.68261e-07 ,0 
417,16.64 ,1.59506e-07 ,0 
418,16.68 ,1.51187e-07 ,0 
419,16.72 ,1.43283e-07 ,0 
420,16.76 ,1.35776e-07 ,0 
421,16.8 ,1.28646e-07 ,0 
422,16.84 ,1.21876e-07 ,0 
423,16.88 ,1.15447e-07 ,0 
424,16.92 ,1.09345e-07 ,0 
425,16.96 ,1.03552e-07 ,0 
426,17 ,9.80542e-08 ,0 
427,17.04 ,9.28374e-08 ,0 
428,17.08 ,8.78876e-08 ,0 
429,17.12 ,8.31919e-08 ,0 
430,17.16 ,7.87378e-08 ,0 
431,17.2 ,7.45135e-08 ,0 
432,17.24 ,7.05077e-08 ,0 
433,17.28 ,6.67095e-08 ,0 
434,17.32 ,6.31087e-08 ,0 
435,17.36 ,5.96955e-08 ,0 
436,17.4 ,5.64605e-08 ,0 
437,17.44 ,5.33948e-08 ,0 
438,17.48 ,5.04899e-08 ,0 
439,17.52 ,4.77378e-08 ,0 
440,17.56 ,4.51307e-08 ,0 
441,17.6 ,4.26613e-08 ,0 
442,17.64 ,4.03226e-08 ,0 
443,17.68 ,3.8108e-08 ,0 
444,17.72 ,3.60112e-08 ,0 
445,17.76 ,3.40261e-08 ,0 
446,17.8 ,3.2147e-08 ,0 
447,17.84 ,3.03684e-08 ,0 
448,17.88 ,2.86853e-08 ,0 
449,17.92 ,2.70926e-08 ,0 
450,17.96 ,2.55857e-08 ,0 
451,18 ,2.41601e-08 ,0 
452,18.04 ,2.28116e-08 ,0 
453,18.08 ,2.15362e-08 ,0 
454,18.12 ,2.033e-08 ,0 
455,18.16 ,1.91894e-08 ,0 
456,18.2 ,1.81111e-08 ,0 
457,18.24 ,1.70916e-08 ,0 
458,18.28 ,1.61279e-08 ,0 
459,18.32 ,1.5217e-08 ,0 
460,18.36 ,1.43562e-08 ,0 
461,18.4 ,1.35428e-08 ,0 
462,18.44 ,1.27742e-08 ,0 
463,18.48 ,1.20481e-08 ,0 
464,18.52 ,1.13621e-08 ,0 
465,18.56 ,1.07142e-08 ,0 
466,18.6 ,1.01023e-08 ,0 
467,18.64 ,9.52444e-09 ,0 
468,18.68 ,8.97879e-09 ,0 
469,18.72 ,8.46362e-09 ,0 
470,18.76 ,7.97726e-09 ,0 
471,18.8 ,7.51816e-09 ,0 
472,18.84 ,7.08484e-09 ,0 
473,18.88 ,6.67588e-09 ,0 
474,18.92 ,6.28997e-09 ,0 
475,18.96 ,5.92582e-09 ,0 
476,19 ,5.58226e-09 ,0 
477,19.04 ,5.25815e-09 ,0 
478,19.08 ,4.95242e-09 ,0 
479,19.12 ,4.66406e-09 ,0 
480,19.16 ,4.3921e-09 ,0 
481,19.2 ,4.13564e-09 ,0 
482,19.24 ,3.89381e-09 ,0 
483,19.28 ,3.66582e-09 ,0 
484,19.32 ,3.45087e-09 ,0 
485,19.36 ,3.24825e-09 ,0 
486,19.4 ,3.05727e-09 ,0 
487,19.44 ,2.87728e-09 ,0 
488,19.48 ,2.70765e-09 ,0 
489,19.52 ,2.54782e-09 ,0 
490,19.56 ,2.39722e-09 ,0 
491,19.6 ,2.25533e-09 ,0 
492,19.64 ,2.12167e-09 ,0 
493,19.68 ,1.99577e-09 ,0 
494,19.72 ,1.87718e-09 ,0 
495,19.76 ,1.7655e-09 ,0 
496,19.8 ,1.66033e-09 ,0 
497,19.84 ,1.5613e-09 ,0 
498,19.88 ,1.46806e-09 ,0 
499,19.92 ,1.38028e-09 ,0 
500,19.96 ,1.29764e-09 ,0 
501,20 ,1.21986e-09 ,0 
502,20.04 ,1.14665e-09 ,0 
503,20.08 ,1.07775e-09 ,0 
504,20.12 ,1.01291e-09 ,0 
505,20.16 ,9.51899e-10 ,0 
506,20.2 ,8.94494e-10 ,0 
507,20.24 ,8.40488e-10 ,0 
508,20.28 ,7.89682e-10 ,0 
509,20.32 ,7.41892e-10 ,0 
510,20.36 ,6.96941e-10 ,0 
511,20.4 ,6.54665e-10 ,0 
512,20.44 ,6.14908e-10 ,0 
513,20.48 ,5.77523e-10 ,0 
514,20.52 ,5.42371e-10 ,0 
515,20.56 ,5.09321e-10 ,0 
516,20.6 ,4.7825e-10 ,0 
517,20.64 ,4.49043e-10 ,0 
518,20.68 ,4.21588e-10 ,0 
519,20.72 ,3.95784e-10 ,0 
520,20.76 ,3.71533e-10 ,0 
521,20.8 ,3.48743e-10 ,0 
522,20.84 ,3.27327e-10 ,0 
523,20.88 ,3.07206e-10 ,0 
524,20.92 ,2.88301e-10 ,0 
525,20.96 ,2.7054e-10 ,0 
526,21 ,2.53856e-10 ,0 
527,21.04 ,2.38185e-10 ,0 
528,21.08 ,2.23465e-10 ,0 
529,21.12 ,2.09641e-10 ,0 
530,21.16 ,1.96659e-10 ,0 
531,21.2 ,1.84468e-10 ,0 
532,21.24 ,1.73022e-10 ,0 
533,21.28 ,1.62275e-10 ,0 
534,21.32 ,1.52185e-10 ,0 
535,21.36 ,1.42713e-10 ,0 
536,21.4 ,1.33822e-10 ,0 
537,21.44 ,1.25476e-10 ,0 
538,21.48 ,1.17644e-10 ,0 
539,21.52 ,1.10293e-10 ,0 
540,21.56 ,1.03395e-10 ,0 
541,21.6 ,9.69219e-11 ,0 
542,21.64 ,9.08484e-11 ,0 
543,21.68 ,8.51502e-11 ,0 
544,21.72 ,7.98044e-11 ,0 
545,21.76 ,7.47895e-11 ,0 
546,21.8 ,7.00855e-11 ,0 
547,21.84 ,6.56733e-11 ,0 
548,21.88 ,6.15351e-11 ,0 
549,21.92 ,5.76542e-11 ,0 
550,21.96 ,5.40149e-11 ,0 
551,22 ,5.06023e-11 ,0 
552,22.04 ,4.74026e-11 ,0 
553,22.08 ,4.44027e-11 ,0 
554,22.12 ,4.15902e-11 ,0 
555,22.16 ,3.89537e-11 ,0 
556,22.2 ,3.64824e-11 ,0 
557,22.24 ,3.4166e-11 ,0 
558,22.28 ,3.19951e-11 ,0 
559,22.32 ,2.99605e-11 ,0 
560,22.36 ,2.8054e-11 ,0 
561,22.4 ,2.62675e-11 ,0 
562,22.44 ,2.45936e-11 ,0 
563,22.48 ,2.30254e-11 ,0 
564,22.52 ,2.15563e-11 ,0 
565,22.56 ,2.01802e-11 ,0 
566,22.6 ,1.88912e-11 ,0 
567,22.64 ,1.7684e-11 ,0 
568,22.68 ,1.65535e-11 ,0 
569,22.72 ,1.54949e-11 ,0 
570,22.76 ,1.45037e-11 ,0 
571,22.8 ,1.35757e-11 ,0 
572,22.84 ,1.2707e-11 ,0 
573,22.88 ,1.18939e-11 ,0 
574,22.92 ,1.11329e-11 ,0 
575,22.96 ,1.04208e-11 ,0 
576,23 ,9.7545e-12 ,0 
577,23.04 ,9.13119e-12 ,0 
578,23.08 ,8.54818e-12 ,0 
579,23.12 ,8.00296e-12 ,0 
580,23.16 ,7.49317e-12 ,0 
581,23.2 ,7.01662e-12 ,0 
582,23.24 ,6.57125e-12 ,0 
583,23.28 ,6.15513e-12 ,0 
584,23.32 ,5.76644e-12 ,0 
585,23.36 ,5.40351e-12 ,0 
586,23.4 ,5.06474e-12 ,0 
587,23.44 ,4.74867e-12 ,0 
588,23.48 ,4.45391e-12 ,0 
589,23.52 ,4.17917e-12 ,0 
590,23.56 ,3.92324e-12 ,0 
591,23.6 ,3.68501e-12 ,0 
592,23.64 ,3.46342e-12 ,0 
593,23.68 ,3.2575e-12 ,0 
594,23.72 ,3.06634e-12 ,0 
595,23.76 ,2.8891e-12 ,0 
596,23.8 ,2.72499e-12 ,0 
597,23.84 ,2.57329e-12 ,0 
598,23.88 ,2.43332e-12 ,0 
599,23.92 ,2.30447e-12 ,0 
600,23.96 ,2.18615e-12 ,0 
601,24 ,2.07785e-12 ,0 
602,24.04 ,1.97908e-12 ,0 
603,24.08 ,1.88941e-12 ,0 
604,24.12 ,1.80844e-12 ,0 
605,24.16 ,1.73579e-12 ,0 
606,24.2 ,1.67116e-12 ,0 
607,24.24 ,1.61426e-12 ,0 
608,24.28 ,1.56483e-12 ,0 
609,24.32 ,1.52265e-12 ,0 
610,24.36 ,1.48755e-12 ,0 
611,24.4 ,1.45936e-12 ,0 
612,24.44 ,1.43797e-12 ,0 
613,24.48 ,1.42329e-12 ,0 
614,24.52 ,1.41525e-12 ,0 
615,24.56 ,1.41384e-12 ,0 
616,24.6 ,1.41904e-12 ,0 
617,24.64 ,1.4309e-12 ,0 
618,24.68 ,1.44949e-12 ,0 
619,24.72 ,1.47489e-12 ,0 
620,24.76 ,1.50724e-12 ,0 
621,24.8 ,1.5467e-12 ,0 
622,24.84 ,1.59347e-12 ,0 
623,24.88 ,1.64777e-12 ,0 
624,24.92 ,1.70988e-12 ,0 
625,24.96 ,1.7801e-12 ,0 
626,25 ,1.85878e-12 ,0 
627,25.04 ,1.94629e-12 ,0 
628,25.08 ,2.04308e-12 ,0 
629,25.12 ,2.14961e-12 ,0 
630,25.16 ,2.26641e-12 ,0 
631,25.2 ,2.39404e-12 ,0 
632,25.24 ,2.53314e-12 ,0 
633,25.28 ,2.68438e-12 ,0 
634,25.32 ,2.84852e-12 ,0 
635,25.36 ,3.02634e-12 ,0 
636,25.4 ,3.21874e-12 ,0 
637,25.44 ,3.42665e-12 ,0 
638,25.48 ,3.65109e-12 ,0 
639,25.52 ,3.89318e-12 ,0 
640,25.56 ,4.15411e-12 ,0 
641,25.6 ,4.43517e-12 ,0 
642,25.64 ,4.73774e-12 ,0 
643,25.68 ,5.06332e-12 ,0 
644,25.72 ,5.41353e-12 ,0 
645,25.76 ,5.7901e-12 ,0 
646,25.8 ,6.1949e-12 ,0 
647,25.84 ,6.62994e-12 ,0 
648,25.88 ,7.09739e-12 ,0 
649,25.92 ,7.59957e-12 ,0 
650,25.96 ,8.13898e-12 ,0 
651,26 ,8.71833e-12 ,0 
652,26.04 ,9.34049e-12 ,0 
653,26.08 ,1.00086e-11 ,0 
654,26.12 ,1.0726e-11 ,0 
655,26.16 ,1.14962e-11 ,0 
656,26.2 ,1.23232e-11 ,0 
657,26.24 ,1.32111e-11 ,0 
658,26.28 ,1.41644e-11 ,0 
659,26.32 ,1.51878e-11 ,0 
660,26.36 ,1.62865e-11 ,0 
661,26.4 ,1.74661e-11 ,0 
662,26.44 ,1.87325e-11 ,0 
663,26.48 ,2.00921e-11 ,0 
664,26.52 ,2.15518e-11 ,0 
665,26.56 ,2.31191e-11 ,0 
666,26.6 ,2.48017e-11 ,0 
667,26.64 ,2.66084e-11 ,0 
668,26.68 ,2.85483e-11 ,0 
669,26.72 ,3.06312e-11 ,0 
670,26.76 ,3.28677e-11 ,0 
671,26.8 ,3.52693e-11 ,0 
672,26.84 ,3.78483e-11 ,0 
673,26.88 ,4.06178e-11 ,0 
674,26.92 ,4.35919e-11 ,0 
675,26.96 ,4.67859e-11 ,0 
676,27 ,5.02162e-11 ,0 
677,27.04 ,5.39004e-11 ,0 
678,27.08 ,5.78574e-11 ,0 
679,27.12 ,6.21075e-11 ,0 
680,27.16 ,6.66727e-11 ,0 
681,27.2 ,7.15764e-11 ,0 
682,27.24 ,7.6844e-11 ,0 
683,27.28 ,8.25026e-11 ,0 
684,27.32 ,8.85814e-11 ,0 
685,27.36 ,9.5112e-11 ,0 
686,27.4 ,1.02128e-10 ,0 
687,27.44 ,1.09666e-10 ,0 
688,27.48 ,1.17765e-10 ,0 
689,27.52 ,1.26467e-10 ,0 
690,27.56 ,1.35818e-10 ,0 
691,27.6 ,1.45865e-10 ,0 
692,27.64 ,1.56662e-10 ,0 
693,27.68 ,1.68265e-10 ,0 
694,27.72 ,1.80733e-10 ,0 
695,27.76 ,1.94133e-10 ,0 
696,27.8 ,2.08534e-10 ,0 
697,27.84 ,2.24012e-10 ,0 
698,27.88 ,2.40648e-10 ,0 
699,27.92 ,2.58529e-10 ,0 
700,27.96 ,2.77749e-10 ,0 
701,28 ,2.98409e-10 ,0 
702,28.04 ,3.20617e-10 ,0 
703,28.08 ,3.44491e-10 ,0 
704,28.12 ,3.70156e-10 ,0 
705,28.16 ,3.97748e-10 ,0 
706,28.2 ,4.27412e-10 ,0 
707,28.24 ,4.59305e-10 ,0 
708,28.28 ,4.93595e-10 ,0 
709,28.32 ,5.30465e-10 ,0 
710,28.36 ,5.70109e-10 ,0 
711,28.4 ,6.12738e-10 ,0 
712,28.44 ,6.58578e-10 ,0 
713,28.48 ,7.07872e-10 ,0 
714,28.52 ,7.60882e-10 ,0 
715,28.56 ,8.17892e-10 ,0 
716,28.6 ,8.79203e-10 ,0 
717,28.64 ,9.45144e-10 ,0 
718,28.68 ,1.01607e-09 ,0 
719,28.72 ,1.09235e-09 ,0 
720,28.76 ,1.1744e-09 ,0 
721,28.8 ,1.26265e-09 ,0 
722,28.84 ,1.35759e-09 ,0 
723,28.88 ,1.45971e-09 ,0 
724,28.92 ,1.56957e-09 ,0 
725,28.96 ,1.68775e-09 ,0 
726,29 ,1.8149e-09 ,0 
727,29.04 ,1.95169e-09 ,0 
728,29.08 ,2.09885e-09 ,0 
729,29.12 ,2.2572e-09 ,0 
730,29.16 ,2.42757e-09 ,0 
731,29.2 ,2.61088e-09 ,0 
732,29.24 ,2.80814e-09 ,0 
733,29.28 ,3.02039e-09 ,0 
734,29.32 ,3.2488e-09 ,0 
735,29.36 ,3.49459e-09 ,0 
736,29.4 ,3.75911e-09 ,0 
737,29.44 ,4.04378e-09 ,0 
738,29.48 ,4.35014e-09 ,0 
739,29.52 ,4.67988e-09 ,0 
740,29.56 ,5.03476e-09 ,0 
741,29.6 ,5.41674e-09 ,0 
742,29.64 ,5.82788e-09 ,0 
743,29.68 ,6.27043e-09 ,0 
744,29.72 ,6.7468e-09 ,0 
745,29.76 ,7.2596e-09 ,0 
746,29.8 ,7.81162e-09 ,0 
747,29.84 ,8.40588e-09 ,0 
748,29.88 ,9.04564e-09 ,0 
749,29.92 ,9.73439e-09 ,0 
750,29.96 ,1.04759e-08 ,0 
751,30 ,1.12743e-08 ,0 
752,30.04 ,1.21339e-08 ,0 
753,30.08 ,1.30594e-08 ,0 
754,30.12 ,1.4056e-08 ,0 
755,30.16 ,1.51291e-08 ,0 
756,30.2 ,1.62846e-08 ,0 
757,30.24 ,1.75289e-08 ,0 
758,30.28 ,1.88688e-08 ,0 
759,30.32 ,2.03118e-08 ,0 
760,30.36 ,2.18659e-08 ,0 
761,30.4 ,2.35395e-08 ,0 
762,30.44 ,2.5342e-08 ,0 
763,30.48 ,2.72834e-08 ,0 
764,30.52 ,2.93744e-08 ,0 
765,30.56 ,3.16266e-08 ,0 
766,30.6 ,3.40524e-08 ,0 
767,30.64 ,3.66655e-08 ,0 
768,30.68 ,3.94802e-08 ,0 
769,30.72 ,4.25122e-08 ,0 
770,30.76 ,4.57785e-08 ,0 
771,30.8 ,4.92972e-08 ,0 
772,30.84 ,5.30879e-08 ,0 
773,30.88 ,5.71718e-08 ,0 
774,30.92 ,6.15716e-08 ,0 
775,30.96 ,6.6312e-08 ,0 
776,31 ,7.14193e-08 ,0 
777,31.04 ,7.69223e-08 ,0 
778,31.08 ,8.28517e-08 ,0 
779,31.12 ,8.92407e-08 ,0 
780,31.16 ,9.61252e-08 ,0 
781,31.2 ,1.03544e-07 ,0 
782,31.24 ,1.11538e-07 ,0 
783,31.28 ,1.20153e-07 ,0 
784,31.32 ,1.29437e-07 ,0 
785,31.36 ,1.39442e-07 ,0 
786,31.4 ,1.50225e-07 ,0 
787,31.44 ,1.61846e-07 ,0 
788,31.48 ,1.74371e-07 ,0 
789,31.52 ,1.87871e-07 ,0 
790,31.56 ,2.02421e-07 ,0 
791,31.6 ,2.18104e-07 ,0 
792,31.64 ,2.35009e-07 ,0 
793,31.68 ,2.53231e-07 ,0 
794,31.72 ,2.72874e-07 ,0 
795,31.76 ,2.94049e-07 ,0 
796,31.8 ,3.16875e-07 ,0 
797,31.84 ,3.41482e-07 ,0 
798,31.88 ,3.6801e-07 ,0 
799,31.92 ,3.9661e-07 ,0 
800,31.96 ,4.27445e-07 ,0 
801,32 ,4.60688e-07 ,0 
802,32.04 ,4.96531e-07 ,0 
803,32.08 ,5.35177e-07 ,0 
804,32.12 ,5.76846e-07 ,0 
805,32.16 ,6.21776e-07 ,0 
806,32.2 ,6.70223e-07 ,0 
807,32.24 ,7.22464e-07 ,0 
808,32.28 ,7.78798e-07 ,0 
809,32.32 ,8.39547e-07 ,0 
810,32.36 ,9.05058e-07 ,0 
811,32.4 ,9.75706e-07 ,0 
812,32.44 ,1.0519e-06 ,0 
813,32.48 ,1.13407e-06 ,0 
814,32.52 ,1.22269e-06 ,0 
815,32.56 ,1.31827e-06 ,0 
816,32.6 ,1.42136e-06 ,0 
817,32.64 ,1.53255e-06 ,0 
818,32.68 ,1.65247e-06 ,0 
819,32.72 ,1.78184e-06 ,0 
820,32.76 ,1.92137e-06 ,0 
821,32.8 ,2.07189e-06 ,0 
822,32.84 ,2.23425e-06 ,0 
823,32.88 ,2.4094e-06 ,0 
824,32.92 ,2.59835e-06 ,0 
825,32.96 ,2.80218e-06 ,0 
826,33 ,3.02208e-06 ,0 
827,33.04 ,3.25932e-06 ,0 
828,33.08 ,3.51527e-06 ,0 
829,33.12 ,3.79141e-06 ,0 
830,33.16 ,4.08935e-06 ,0 
831,33.2 ,4.4108e-06 ,0 
832,33.24 ,4.75765e-06 ,0 
833,33.28 ,5.1319e-06 ,0 
834,33.32 ,5.53572e-06 ,0 
835,33.36 ,5.97146e-06 ,0 
836,33.4 ,6.44166e-06 ,0 
837,33.44 ,6.94906e-06 ,0 
838,33.48 ,7.4966e-06 ,0 
839,33.52 ,8.08748e-06 ,0 
840,33.56 ,8.72515e-06 ,0 
841,33.6 ,9.41332e-06 ,0 
842,33.64 ,1.0156e-05 ,0 
843,33.68 ,1.09576e-05 ,0 
844,33.72 ,1.18227e-05 ,0 
845,33.76 ,1.27564e-05 ,0 
846,33.8 ,1.37641e-05 ,0 
847,33.84 ,1.48519e-05 ,0 
848,33.88 ,1.60259e-05 ,0 
849,33.92 ,1.72932e-05 ,0 
850,33.96 ,1.86612e-05 ,0 
851,34 ,2.01378e-05 ,0 
852,34.04 ,2.17318e-05 ,0 
853,34.08 ,2.34525e-05 ,0 
854,34.12 ,2.53101e-05 ,0 
855,34.16 ,2.73154e-05 ,0 
856,34.2 ,2.94802e-05 ,0 
857,34.24 ,3.18174e-05 ,0 
858,34.28 ,3.43406e-05 ,0 
859,34.32 ,3.70648e-05 ,0 
860,34.36 ,4.00061e-05 ,0 
861,34.4 ,4.31817e-05 ,0 
862,34.44 ,4.66104e-05 ,0 
863,34.48 ,5.03126e-05 ,0 
864,34.52 ,5.431e-05 ,0 
865,34.56 ,5.86264e-05 ,0 
866,34.6 ,6.32872e-05 ,0 
867,34.64 ,6.83202e-05 ,0 
868,34.68 ,7.3755e-05 ,0 
869,34.72 ,7.96239e-05 ,0 
870,34.76 ,8.59618e-05 ,0 
871,34.8 ,9.28062e-05 ,0 
872,34.84 ,0.000100198 ,0 
873,34.88 ,0.00010818 ,0 
874,34.92 ,0.000116802 ,0 
875,34.96 ,0.000126113 ,0 
876,35 ,0.000136169 ,0 
877,35.04 ,0.000147031 ,0 
878,35.08 ,0.000158762 ,0 
879,35.12 ,0.000171433 ,0 
880,35.16 ,0.000185119 ,0 
881,35.2 ,0.000199903 ,0 
882,35.24 ,0.000215871 ,0 
883,35.28 ,0.000233121 ,0 
884,35.32 ,0.000251754 ,0 
885,35.36 ,0.000271882 ,0 
886,35.4 ,0.000293626 ,0 
887,35.44 ,0.000317115 ,0 
888,35.48 ,0.000342491 ,0 
889,35.52 ,0.000369905 ,0 
890,35.56 ,0.000399522 ,0 
891,35.6 ,0.00043152 ,0 
892,35.64 ,0.00046609 ,0 
893,35.68 ,0.00050344 ,0 
894,35.72 ,0.000543795 ,0 
895,35.76 ,0.000587397 ,0 
896,35.8 ,0.000634508 ,0 
897,35.84 ,0.000685411 ,0 
898,35.88 ,0.000740414 ,0 
899,35.92 ,0.000799848 ,0 
900,35.96 ,0.00086407 ,0 
901,36 ,0.000933467 ,0 
902,36.04 ,0.00100846 ,0 
903,36.08 ,0.0010895 ,0 
904,36.12 ,0.00117707 ,0 
905,36.16 ,0.00127172 ,0 
906,36.2 ,0.00137399 ,0 
907,36.24 ,0.00148453 ,0 
908,36.28 ,0.00160399 ,0 
909,36.32 ,0.00173309 ,0 
910,36.36 ,0.00187263 ,0 
911,36.4 ,0.00202344 ,0 
912,36.44 ,0.00218644 ,0 
913,36.48 ,0.00236262 ,0 
914,36.52 ,0.00255305 ,0 
915,36.56 ,0.00275888 ,0 
916,36.6 ,0.00298136 ,0 
917,36.64 ,0.00322185 ,0 
918,36.68 ,0.00348181 ,0 
919,36.72 ,0.00376282 ,0 
920,36.76 ,0.00406658 ,0 
921,36.8 ,0.00439495 ,0 
922,36.84 ,0.00474994 ,0 
923,36.88 ,0.00513369 ,0 
924,36.92 ,0.00554856 ,0 
925,36.96 ,0.00599707 ,0 
926,37 ,0.00648196 ,0 
927,37.04 ,0.00700619 ,0 
928,37.08 ,0.00757297 ,0 
929,37.12 ,0.00818575 ,0 
930,37.16 ,0.00884829 ,0 
931,37.2 ,0.00956463 ,0 
932,37.24 ,0.0103392 ,0 
933,37.28 ,0.0111766 ,0 
934,37.32 ,0.0120822 ,0 
935,37.36 ,0.0130613 ,0 
936,37.4 ,0.0141201 ,0 
937,37.44 ,0.015265 ,0 
938,37.48 ,0.016503 ,0 
939,37.52 ,0.0178418 ,0 
940,37.56 ,0.0192895 ,0 
941,37.6 ,0.0208551 ,0 
942,37.64 ,0.0225482 ,0 
943,37.68 ,0.0243792 ,0 
944,37.72 ,0.0263593 ,0 
945,37.76 ,0.0285009 ,0 
946,37.8 ,0.0308169 ,0 
947,37.84 ,0.0333218 ,0 
948,37.88 ,0.036031 ,0 
949,37.92 ,0.0389612 ,0 
950,37.96 ,0.0421304 ,0 
951,38 ,0.0455582 ,0 
952,38.04 ,0.0492659 ,0 
953,38.08 ,0.0532762 ,0 
954,38.12 ,0.057614 ,0 
955,38.16 ,0.0623062 ,0 
956,38.2 ,0.0673817 ,0 
957,38.24 ,0.072872 ,0 
958,38.28 ,0.078811 ,0 
959,38.32 ,0.0852356 ,0 
960,38.36 ,0.0921856 ,0 
961,38.4 ,0.099704 ,0 
962,38.44 ,0.107838 ,0 
963,38.48 ,0.116637 ,0 
964,38.52 ,0.126156 ,0 
965,38.56 ,0.136455 ,0 
966,38.6 ,0.147597 ,0 
967,38.64 ,0.159651 ,0 
968,38.68 ,0.172694 ,0 
969,38.72 ,0.186804 ,0 
970,38.76 ,0.202072 ,0 
971,38.8 ,0.218591 ,0 
972,38.84 ,0.236464 ,0 
973,38.88 ,0.255804 ,0 
974,38.92 ,0.27673 ,0 
975,38.96 ,0.299373 ,0 
976,39 ,0.323874 ,0 
977,39.04 ,0.350386 ,0 
978,39.08 ,0.379076 ,0 
979,39.12 ,0.410121 ,0 
980,39.16 ,0.443717 ,0 
981,39.2 ,0.480073 ,0 
982,39.24 ,0.519416 ,0 
983,39.28 ,0.561993 ,0 
984,39.32 ,0.608071 ,0 
985,39.36 ,0.657937 ,0 
986,39.4 ,0.711905 ,0 
987,39.44 ,0.770313 ,0 
988,39.48 ,0.833527 ,0 
989,39.52 ,0.901943 ,0 
990,39.56 ,0.975992 ,0 
991,39.6 ,1.05614 ,0 
992,39.64 ,1.14288 ,0 
993,39.68 ,1.23677 ,0 
994,39.72 ,1.3384 ,0 
995,39.76 ,1.4484 ,0 
996,39.8 ,1.56747 ,0 
997,39.84 ,1.69635 ,0 
998,39.88 ,1.83586 ,0 
999,39.92 ,1.98688 ,0 
1000,39.96 ,2.15036 ,0 