
1,0 ,0 ,0 
2,0.04 ,0 ,0 
3,0.08 ,0 ,0 
4,0.12 ,0.00217887 ,0 
5,0.16 ,0.00377074 ,0 
6,0.2 ,0.0058276 ,0 
7,0.24 ,0.00834009 ,0 
8,0.28 ,0.0113006 ,0 
9,0.32 ,0.0147016 ,0 
10,0.36 ,0.018535 ,0 
11,0.4 ,0.0227919 ,0 
12,0.44 ,0.0274629 ,0 
13,0.48 ,0.0325374 ,0 
14,0.52 ,0.0380042 ,0 
15,0.56 ,0.0438511 ,0 
16,0.6 ,0.0500652 ,0 
17,0.64 ,0.0566327 ,0 
18,0.68 ,0.0635393 ,0 
19,0.72 ,0.0707695 ,0 
20,0.76 ,0.0783074 ,0 
21,0.8 ,0.0861365 ,0 
22,0.84 ,0.0942394 ,0 
23,0.88 ,0.102598 ,0 
24,0.92 ,0.111195 ,0 
25,0.96 ,0.12001 ,0 
26,1 ,0.129024 ,0 
27,1.04 ,0.138217 ,0 
28,1.08 ,0.147569 ,0 
29,1.12 ,0.157059 ,0 
30,1.16 ,0.166667 ,0 
31,1.2 ,0.176371 ,0 
32,1.24 ,0.186149 ,0 
33,1.28 ,0.195981 ,0 
34,1.32 ,0.205843 ,0 
35,1.36 ,0.215715 ,0 
36,1.4 ,0.225574 ,0 
37,1.44 ,0.235399 ,0 
38,1.48 ,0.245167 ,0 
39,1.52 ,0.254858 ,0 
40,1.56 ,0.264448 ,0 
41,1.6 ,0.273918 ,0 
42,1.64 ,0.283245 ,0 
43,1.68 ,0.292409 ,0 
44,1.72 ,0.301389 ,0 
45,1.76 ,0.310165 ,0 
46,1.8 ,0.318717 ,0 
47,1.84 ,0.327026 ,0 
48,1.88 ,0.335071 ,0 
49,1.92 ,0.342836 ,0 
50,1.96 ,0.350302 ,0 
51,2 ,0.357452 ,0 
52,2.04 ,0.364269 ,0 
53,2.08 ,0.370737 ,0 
54,2.12 ,0.37684 ,0 
55,2.16 ,0.382564 ,0 
56,2.2 ,0.387895 ,0 
57,2.24 ,0.392819 ,0 
58,2.28 ,0.397323 ,0 
59,2.32 ,0.401397 ,0 
60,2.36 ,0.40503 ,0 
61,2.4 ,0.40821 ,0 
62,2.44 ,0.410929 ,0 
63,2.48 ,0.413179 ,0 
64,2.52 ,0.414952 ,0 
65,2.56 ,0.416241 ,0 
66,2.6 ,0.41704 ,0 
67,2.64 ,0.417345 ,0 
68,2.68 ,0.417152 ,0 
69,2.72 ,0.416457 ,0 
70,2.76 ,0.415259 ,0 
71,2.8 ,0.413555 ,0 
72,2.84 ,0.411347 ,0 
73,2.88 ,0.408633 ,0 
74,2.92 ,0.405415 ,0 
75,2.96 ,0.401697 ,0 
76,3 ,0.397479 ,0 
77,3.04 ,0.392767 ,0 
78,3.08 ,0.387566 ,0 
79,3.12 ,0.38188 ,0 
80,3.16 ,0.375716 ,0 
81,3.2 ,0.369081 ,0 
82,3.24 ,0.361983 ,0 
83,3.28 ,0.35443 ,0 
84,3.32 ,0.346433 ,0 
85,3.36 ,0.338 ,0 
86,3.4 ,0.329143 ,0 
87,3.44 ,0.319873 ,0 
88,3.48 ,0.310201 ,0 
89,3.52 ,0.30014 ,0 
90,3.56 ,0.289704 ,0 
91,3.6 ,0.278905 ,0 
92,3.64 ,0.267758 ,0 
93,3.68 ,0.256278 ,0 
94,3.72 ,0.244478 ,0 
95,3.76 ,0.232376 ,0 
96,3.8 ,0.219985 ,0 
97,3.84 ,0.207323 ,0 
98,3.88 ,0.194406 ,0 
99,3.92 ,0.18125 ,0 
100,3.96 ,0.167872 ,0 
101,4 ,0.154289 ,0 
102,4.04 ,0.140519 ,0 
103,4.08 ,0.126579 ,0 
104,4.12 ,0.112486 ,0 
105,4.16 ,0.0982581 ,0 
106,4.2 ,0.0839126 ,0 
107,4.24 ,0.0694672 ,0 
108,4.28 ,0.0549394 ,0 
109,4.32 ,0.0403468 ,0 
110,4.36 ,0.0257068 ,0 
111,4.4 ,0.0110368 ,0 
112,4.44 ,-0.00364604 ,0 
113,4.48 ,-0.0183247 ,0 
114,4.52 ,-0.0329823 ,0 
115,4.56 ,-0.0476022 ,0 
116,4.6 ,-0.0621682 ,0 
117,4.64 ,-0.076664 ,0 
118,4.68 ,-0.091074 ,0 
119,4.72 ,-0.105382 ,0 
120,4.76 ,-0.119574 ,0 
121,4.8 ,-0.133635 ,0 
122,4.84 ,-0.14755 ,0 
123,4.88 ,-0.161305 ,0 
124,4.92 ,-0.174887 ,0 
125,4.96 ,-0.188282 ,0 
126,5 ,-0.201478 ,0 
127,5.04 ,-0.214462 ,0 
128,5.08 ,-0.227223 ,0 
129,5.12 ,-0.23975 ,0 
130,5.16 ,-0.25203 ,0 
131,5.2 ,-0.264056 ,0 
132,5.24 ,-0.275815 ,0 
133,5.28 ,-0.2873 ,0 
134,5.32 ,-0.2985 ,0 
135,5.36 ,-0.309409 ,0 
136,5.4 ,-0.320019 ,0 
137,5.44 ,-0.330321 ,0 
138,5.48 ,-0.340311 ,0 
139,5.52 ,-0.34998 ,0 
140,5.56 ,-0.359325 ,0 
141,5.6 ,-0.368339 ,0 
142,5.64 ,-0.377019 ,0 
143,5.68 ,-0.385361 ,0 
144,5.72 ,-0.39336 ,0 
145,5.76 ,-0.401015 ,0 
146,5.8 ,-0.408322 ,0 
147,5.84 ,-0.41528 ,0 
148,5.88 ,-0.421887 ,0 
149,5.92 ,-0.428143 ,0 
150,5.96 ,-0.434047 ,0 
151,6 ,-0.4396 ,0 
152,6.04 ,-0.444801 ,0 
153,6.08 ,-0.449651 ,0 
154,6.12 ,-0.454153 ,0 
155,6.16 ,-0.458307 ,0 
156,6.2 ,-0.462116 ,0 
157,6.24 ,-0.465584 ,0 
158,6.28 ,-0.468712 ,0 
159,6.32 ,-0.471504 ,0 
160,6.36 ,-0.473964 ,0 
161,6.4 ,-0.476097 ,0 
162,6.44 ,-0.477906 ,0 
163,6.48 ,-0.479396 ,0 
164,6.52 ,-0.480573 ,0 
165,6.56 ,-0.481442 ,0 
166,6.6 ,-0.482008 ,0 
167,6.64 ,-0.482277 ,0 
168,6.68 ,-0.482256 ,0 
169,6.72 ,-0.481951 ,0 
170,6.76 ,-0.481369 ,0 
171,6.8 ,-0.480515 ,0 
172,6.84 ,-0.479398 ,0 
173,6.88 ,-0.478024 ,0 
174,6.92 ,-0.476401 ,0 
175,6.96 ,-0.474535 ,0 
176,7 ,-0.472435 ,0 
177,7.04 ,-0.470108 ,0 
178,7.08 ,-0.467562 ,0 
179,7.12 ,-0.464805 ,0 
180,7.16 ,-0.461844 ,0 
181,7.2 ,-0.458688 ,0 
182,7.24 ,-0.455344 ,0 
183,7.28 ,-0.451821 ,0 
184,7.32 ,-0.448126 ,0 
185,7.36 ,-0.444267 ,0 
186,7.4 ,-0.440253 ,0 
187,7.44 ,-0.436091 ,0 
188,7.48 ,-0.43179 ,0 
189,7.52 ,-0.427357 ,0 
190,7.56 ,-0.4228 ,0 
191,7.6 ,-0.418127 ,0 
192,7.64 ,-0.413345 ,0 
193,7.68 ,-0.408463 ,0 
194,7.72 ,-0.403487 ,0 
195,7.76 ,-0.398426 ,0 
196,7.8 ,-0.393286 ,0 
197,7.84 ,-0.388075 ,0 
198,7.88 ,-0.382801 ,0 
199,7.92 ,-0.377469 ,0 
200,7.96 ,-0.372087 ,0 
201,8 ,-0.366661 ,0 
202,8.04 ,-0.361198 ,0 
203,8.08 ,-0.355704 ,0 
204,8.12 ,-0.350185 ,0 
205,8.16 ,-0.344646 ,0 
206,8.2 ,-0.339093 ,0 
207,8.24 ,-0.333531 ,0 
208,8.28 ,-0.327966 ,0 
209,8.32 ,-0.322401 ,0 
210,8.36 ,-0.316842 ,0 
211,8.4 ,-0.311293 ,0 
212,8.44 ,-0.305759 ,0 
213,8.48 ,-0.300243 ,0 
214,8.52 ,-0.294749 ,0 
215,8.56 ,-0.289281 ,0 
216,8.6 ,-0.283842 ,0 
217,8.64 ,-0.278435 ,0 
218,8.68 ,-0.273065 ,0 
219,8.72 ,-0.267733 ,0 
220,8.76 ,-0.262443 ,0 
221,8.8 ,-0.257196 ,0 
222,8.84 ,-0.251996 ,0 
223,8.88 ,-0.246844 ,0 
224,8.92 ,-0.241744 ,0 
225,8.96 ,-0.236696 ,0 
226,9 ,-0.231703 ,0 
227,9.04 ,-0.226767 ,0 
228,9.08 ,-0.221888 ,0 
229,9.12 ,-0.217069 ,0 
230,9.16 ,-0.21231 ,0 
231,9.2 ,-0.207613 ,0 
232,9.24 ,-0.20298 ,0 
233,9.28 ,-0.19841 ,0 
234,9.32 ,-0.193905 ,0 
235,9.36 ,-0.189466 ,0 
236,9.4 ,-0.185093 ,0 
237,9.44 ,-0.180787 ,0 
238,9.48 ,-0.176548 ,0 
239,9.52 ,-0.172377 ,0 
240,9.56 ,-0.168274 ,0 
241,9.6 ,-0.164239 ,0 
242,9.64 ,-0.160273 ,0 
243,9.68 ,-0.156375 ,0 
244,9.72 ,-0.152545 ,0 
245,9.76 ,-0.148784 ,0 
246,9.8 ,-0.145091 ,0 
247,9.84 ,-0.141467 ,0 
248,9.88 ,-0.13791 ,0 
249,9.92 ,-0.134421 ,0 
250,9.96 ,-0.130999 ,0 
251,10 ,-0.127643 ,0 
252,10.04 ,-0.124355 ,0 
253,10.08 ,-0.121132 ,0 
254,10.12 ,-0.117974 ,0 
255,10.16 ,-0.114882 ,0 
256,10.2 ,-0.111853 ,0 
257,10.24 ,-0.108889 ,0 
258,10.28 ,-0.105987 ,0 
259,10.32 ,-0.103148 ,0 
260,10.36 ,-0.100371 ,0 
261,10.4 ,-0.0976539 ,0 
262,10.44 ,-0.0949975 ,0 
263,10.48 ,-0.0924005 ,0 
264,10.52 ,-0.0898622 ,0 
265,10.56 ,-0.0873817 ,0 
266,10.6 ,-0.0849582 ,0 
267,10.64 ,-0.082591 ,0 
268,10.68 ,-0.0802791 ,0 
269,10.72 ,-0.0780218 ,0 
270,10.76 ,-0.0758182 ,0 
271,10.8 ,-0.0736674 ,0 
272,10.84 ,-0.0715686 ,0 
273,10.88 ,-0.0695208 ,0 
274,10.92 ,-0.0675233 ,0 
275,10.96 ,-0.0655752 ,0 
276,11 ,-0.0636755 ,0 
277,11.04 ,-0.0618234 ,0 
278,11.08 ,-0.060018 ,0 
279,11.12 ,-0.0582585 ,0 
280,11.16 ,-0.056544 ,0 
281,11.2 ,-0.0548736 ,0 
282,11.24 ,-0.0532464 ,0 
283,11.28 ,-0.0516616 ,0 
284,11.32 ,-0.0501183 ,0 
285,11.36 ,-0.0486158 ,0 
286,11.4 ,-0.0471531 ,0 
287,11.44 ,-0.0457293 ,0 
288,11.48 ,-0.0443438 ,0 
289,11.52 ,-0.0429957 ,0 
290,11.56 ,-0.0416841 ,0 
291,11.6 ,-0.0404082 ,0 
292,11.64 ,-0.0391674 ,0 
293,11.68 ,-0.0379607 ,0 
294,11.72 ,-0.0367874 ,0 
295,11.76 ,-0.0356467 ,0 
296,11.8 ,-0.034538 ,0 
297,11.84 ,-0.0334604 ,0 
298,11.88 ,-0.0324132 ,0 
299,11.92 ,-0.0313957 ,0 
300,11.96 ,-0.0304072 ,0 
301,12 ,-0.0294469 ,0 
302,12.04 ,-0.0285143 ,0 
303,12.08 ,-0.0276086 ,0 
304,12.12 ,-0.0267292 ,0 
305,12.16 ,-0.0258753 ,0 
306,12.2 ,-0.0250465 ,0 
307,12.24 ,-0.0242419 ,0 
308,12.28 ,-0.0234611 ,0 
309,12.32 ,-0.0227034 ,0 
310,12.36 ,-0.0219682 ,0 
311,12.4 ,-0.0212549 ,0 
312,12.44 ,-0.020563 ,0 
313,12.48 ,-0.0198918 ,0 
314,12.52 ,-0.0192409 ,0 
315,12.56 ,-0.0186098 ,0 
316,12.6 ,-0.0179977 ,0 
317,12.64 ,-0.0174044 ,0 
318,12.68 ,-0.0168292 ,0 
319,12.72 ,-0.0162717 ,0 
320,12.76 ,-0.0157313 ,0 
321,12.8 ,-0.0152076 ,0 
322,12.84 ,-0.0147002 ,0 
323,12.88 ,-0.0142086 ,0 
324,12.92 ,-0.0137323 ,0 
325,12.96 ,-0.013271 ,0 
326,13 ,-0.0128241 ,0 
327,13.04 ,-0.0123913 ,0 
328,13.08 ,-0.0119722 ,0 
329,13.12 ,-0.0115664 ,0 
330,13.16 ,-0.0111734 ,0 
331,13.2 ,-0.0107931 ,0 
332,13.24 ,-0.0104248 ,0 
333,13.28 ,-0.0100684 ,0 
334,13.32 ,-0.00972351 ,0 
335,13.36 ,-0.0093897 ,0 
336,13.4 ,-0.00906669 ,0 
337,13.44 ,-0.00875416 ,0 
338,13.48 ,-0.0084518 ,0 
339,13.52 ,-0.0081593 ,0 
340,13.56 ,-0.00787637 ,0 
341,13.6 ,-0.00760271 ,0 
342,13.64 ,-0.00733805 ,0 
343,13.68 ,-0.00708212 ,0 
344,13.72 ,-0.00683464 ,0 
345,13.76 ,-0.00659536 ,0 
346,13.8 ,-0.00636403 ,0 
347,13.84 ,-0.0061404 ,0 
348,13.88 ,-0.00592423 ,0 
349,13.92 ,-0.00571529 ,0 
350,13.96 ,-0.00551336 ,0 
351,14 ,-0.00531822 ,0 
352,14.04 ,-0.00512965 ,0 
353,14.08 ,-0.00494745 ,0 
354,14.12 ,-0.00477141 ,0 
355,14.16 ,-0.00460135 ,0 
356,14.2 ,-0.00443706 ,0 
357,14.24 ,-0.00427838 ,0 
358,14.28 ,-0.00412511 ,0 
359,14.32 ,-0.00397709 ,0 
360,14.36 ,-0.00383414 ,0 
361,14.4 ,-0.00369611 ,0 
362,14.44 ,-0.00356283 ,0 
363,14.48 ,-0.00343415 ,0 
364,14.52 ,-0.00330992 ,0 
365,14.56 ,-0.00318999 ,0 
366,14.6 ,-0.00307423 ,0 
367,14.64 ,-0.00296249 ,0 
368,14.68 ,-0.00285465 ,0 
369,14.72 ,-0.00275058 ,0 
370,14.76 ,-0.00265015 ,0 
371,14.8 ,-0.00255324 ,0 
372,14.84 ,-0.00245973 ,0 
373,14.88 ,-0.00236951 ,0 
374,14.92 ,-0.00228248 ,0 
375,14.96 ,-0.00219852 ,0 
376,15 ,-0.00211753 ,0 
377,15.04 ,-0.00203942 ,0 
378,15.08 ,-0.00196407 ,0 
379,15.12 ,-0.00189141 ,0 
380,15.16 ,-0.00182134 ,0 
381,15.2 ,-0.00175377 ,0 
382,15.24 ,-0.00168862 ,0 
383,15.28 ,-0.0016258 ,0 
384,15.32 ,-0.00156524 ,0 
385,15.36 ,-0.00150685 ,0 
386,15.4 ,-0.00145057 ,0 
387,15.44 ,-0.00139631 ,0 
388,15.48 ,-0.00134402 ,0 
389,15.52 ,-0.00129362 ,0 
390,15.56 ,-0.00124505 ,0 
391,15.6 ,-0.00119824 ,0 
392,15.64 ,-0.00115313 ,0 
393,15.68 ,-0.00110966 ,0 
394,15.72 ,-0.00106779 ,0 
395,15.76 ,-0.00102744 ,0 
396,15.8 ,-0.000988564 ,0 
397,15.84 ,-0.000951115 ,0 
398,15.88 ,-0.000915041 ,0 
399,15.92 ,-0.000880294 ,0 
400,15.96 ,-0.000846825 ,0 
401,16 ,-0.00081459 ,0 
402,16.04 ,-0.000783545 ,0 
403,16.08 ,-0.000753648 ,0 
404,16.12 ,-0.000724858 ,0 
405,16.16 ,-0.000697136 ,0 
406,16.2 ,-0.000670443 ,0 
407,16.24 ,-0.000644742 ,0 
408,16.28 ,-0.000619999 ,0 
409,16.32 ,-0.000596178 ,0 
410,16.36 ,-0.000573246 ,0 
411,16.4 ,-0.000551172 ,0 
412,16.44 ,-0.000529924 ,0 
413,16.48 ,-0.000509473 ,0 
414,16.52 ,-0.00048979 ,0 
415,16.56 ,-0.000470846 ,0 
416,16.6 ,-0.000452616 ,0 
417,16.64 ,-0.000435072 ,0 
418,16.68 ,-0.000418191 ,0 
419,16.72 ,-0.000401947 ,0 
420,16.76 ,-0.000386318 ,0 
421,16.8 ,-0.000371281 ,0 
422,16.84 ,-0.000356814 ,0 
423,16.88 ,-0.000342896 ,0 
424,16.92 ,-0.000329508 ,0 
425,16.96 ,-0.000316629 ,0 
426,17 ,-0.000304241 ,0 
427,17.04 ,-0.000292326 ,0 
428,17.08 ,-0.000280866 ,0 
429,17.12 ,-0.000269845 ,0 
430,17.16 ,-0.000259245 ,0 
431,17.2 ,-0.000249052 ,0 
432,17.24 ,-0.00023925 ,0 
433,17.28 ,-0.000229825 ,0 
434,17.32 ,-0.000220762 ,0 
435,17.36 ,-0.000212049 ,0 
436,17.4 ,-0.000203671 ,0 
437,17.44 ,-0.000195617 ,0 
438,17.48 ,-0.000187874 ,0 
439,17.52 ,-0.00018043 ,0 
440,17.56 ,-0.000173275 ,0 
441,17.6 ,-0.000166398 ,0 
442,17.64 ,-0.000159787 ,0 
443,17.68 ,-0.000153433 ,0 
444,17.72 ,-0.000147326 ,0 
445,17.76 ,-0.000141457 ,0 
446,17.8 ,-0.000135817 ,0 
447,17.84 ,-0.000130397 ,0 
448,17.88 ,-0.000125189 ,0 
449,17.92 ,-0.000120184 ,0 
450,17.96 ,-0.000115375 ,0 
451,18 ,-0.000110755 ,0 
452,18.04 ,-0.000106316 ,0 
453,18.08 ,-0.000102051 ,0 
454,18.12 ,-9.79536e-05 ,0 
455,18.16 ,-9.40175e-05 ,0 
456,18.2 ,-9.02364e-05 ,0 
457,18.24 ,-8.66043e-05 ,0 
458,18.28 ,-8.31155e-05 ,0 
459,18.32 ,-7.97646e-05 ,0 
460,18.36 ,-7.6546e-05 ,0 
461,18.4 ,-7.34548e-05 ,0 
462,18.44 ,-7.04861e-05 ,0 
463,18.48 ,-6.7635e-05 ,0 
464,18.52 ,-6.48971e-05 ,0 
465,18.56 ,-6.22679e-05 ,0 
466,18.6 ,-5.97432e-05 ,0 
467,18.64 ,-5.7319e-05 ,0 
468,18.68 ,-5.49913e-05 ,0 
469,18.72 ,-5.27564e-05 ,0 
470,18.76 ,-5.06107e-05 ,0 
471,18.8 ,-4.85507e-05 ,0 
472,18.84 ,-4.6573e-05 ,0 
473,18.88 ,-4.46744e-05 ,0 
474,18.92 ,-4.28518e-05 ,0 
475,18.96 ,-4.11023e-05 ,0 
476,19 ,-3.94229e-05 ,0 
477,19.04 ,-3.7811e-05 ,0 
478,19.08 ,-3.62638e-05 ,0 
479,19.12 ,-3.47789e-05 ,0 
480,19.16 ,-3.33537e-05 ,0 
481,19.2 ,-3.19859e-05 ,0 
482,19.24 ,-3.06732e-05 ,0 
483,19.28 ,-2.94135e-05 ,0 
484,19.32 ,-2.82047e-05 ,0 
485,19.36 ,-2.70448e-05 ,0 
486,19.4 ,-2.59317e-05 ,0 
487,19.44 ,-2.48637e-05 ,0 
488,19.48 ,-2.3839e-05 ,0 
489,19.52 ,-2.28558e-05 ,0 
490,19.56 ,-2.19125e-05 ,0 
491,19.6 ,-2.10075e-05 ,0 
492,19.64 ,-2.01394e-05 ,0 
493,19.68 ,-1.93065e-05 ,0 
494,19.72 ,-1.85075e-05 ,0 
495,19.76 ,-1.7741e-05 ,0 
496,19.8 ,-1.70059e-05 ,0 
497,19.84 ,-1.63007e-05 ,0 
498,19.88 ,-1.56243e-05 ,0 
499,19.92 ,-1.49755e-05 ,0 
500,19.96 ,-1.43533e-05 ,0 
501,20 ,-1.37565e-05 ,0 
502,20.04 ,-1.31842e-05 ,0 
503,20.08 ,-1.26353e-05 ,0 
504,20.12 ,-1.21089e-05 ,0 
505,20.16 ,-1.16042e-05 ,0 
506,20.2 ,-1.11201e-05 ,0 
507,20.24 ,-1.0656e-05 ,0 
508,20.28 ,-1.0211e-05 ,0 
509,20.32 ,-9.78425e-06 ,0 
510,20.36 ,-9.37511e-06 ,0 
511,20.4 ,-8.98283e-06 ,0 
512,20.44 ,-8.60673e-06 ,0 
513,20.48 ,-8.24616e-06 ,0 
514,20.52 ,-7.90048e-06 ,0 
515,20.56 ,-7.56909e-06 ,0 
516,20.6 ,-7.25141e-06 ,0 
517,20.64 ,-6.94687e-06 ,0 
518,20.68 ,-6.65496e-06 ,0 
519,20.72 ,-6.37514e-06 ,0 
520,20.76 ,-6.10693e-06 ,0 
521,20.8 ,-5.84985e-06 ,0 
522,20.84 ,-5.60344e-06 ,0 
523,20.88 ,-5.36728e-06 ,0 
524,20.92 ,-5.14094e-06 ,0 
525,20.96 ,-4.92402e-06 ,0 
526,21 ,-4.71613e-06 ,0 
527,21.04 ,-4.51691e-06 ,0 
528,21.08 ,-4.32599e-06 ,0 
529,21.12 ,-4.14304e-06 ,0 
530,21.16 ,-3.96772e-06 ,0 
531,21.2 ,-3.79973e-06 ,0 
532,21.24 ,-3.63877e-06 ,0 
533,21.28 ,-3.48453e-06 ,0 
534,21.32 ,-3.33675e-06 ,0 
535,21.36 ,-3.19517e-06 ,0 
536,21.4 ,-3.05951e-06 ,0 
537,21.44 ,-2.92954e-06 ,0 
538,21.48 ,-2.80503e-06 ,0 
539,21.52 ,-2.68575e-06 ,0 
540,21.56 ,-2.57147e-06 ,0 
541,21.6 ,-2.462e-06 ,0 
542,21.64 ,-2.35714e-06 ,0 
543,21.68 ,-2.25668e-06 ,0 
544,21.72 ,-2.16046e-06 ,0 
545,21.76 ,-2.0683e-06 ,0 
546,21.8 ,-1.98002e-06 ,0 
547,21.84 ,-1.89546e-06 ,0 
548,21.88 ,-1.81447e-06 ,0 
549,21.92 ,-1.73691e-06 ,0 
550,21.96 ,-1.66262e-06 ,0 
551,22 ,-1.59147e-06 ,0 
552,22.04 ,-1.52334e-06 ,0 
553,22.08 ,-1.45809e-06 ,0 
554,22.12 ,-1.3956e-06 ,0 
555,22.16 ,-1.33576e-06 ,0 
556,22.2 ,-1.27846e-06 ,0 
557,22.24 ,-1.22359e-06 ,0 
558,22.28 ,-1.17105e-06 ,0 
559,22.32 ,-1.12075e-06 ,0 
560,22.36 ,-1.07258e-06 ,0 
561,22.4 ,-1.02646e-06 ,0 
562,22.44 ,-9.82301e-07 ,0 
563,22.48 ,-9.40024e-07 ,0 
564,22.52 ,-8.99549e-07 ,0 
565,22.56 ,-8.60799e-07 ,0 
566,22.6 ,-8.23702e-07 ,0 
567,22.64 ,-7.88188e-07 ,0 
568,22.68 ,-7.54191e-07 ,0 
569,22.72 ,-7.21646e-07 ,0 
570,22.76 ,-6.90493e-07 ,0 
571,22.8 ,-6.60672e-07 ,0 
572,22.84 ,-6.32128e-07 ,0 
573,22.88 ,-6.04807e-07 ,0 
574,22.92 ,-5.78656e-07 ,0 
575,22.96 ,-5.53626e-07 ,0 
576,23 ,-5.29671e-07 ,0 
577,23.04 ,-5.06744e-07 ,0 
578,23.08 ,-4.84801e-07 ,0 
579,23.12 ,-4.63802e-07 ,0 
580,23.16 ,-4.43706e-07 ,0 
581,23.2 ,-4.24475e-07 ,0 
582,23.24 ,-4.06072e-07 ,0 
583,23.28 ,-3.88463e-07 ,0 
584,23.32 ,-3.71612e-07 ,0 
585,23.36 ,-3.55489e-07 ,0 
586,23.4 ,-3.40062e-07 ,0 
587,23.44 ,-3.25302e-07 ,0 
588,23.48 ,-3.1118e-07 ,0 
589,23.52 ,-2.97669e-07 ,0 
590,23.56 ,-2.84744e-07 ,0 
591,23.6 ,-2.72379e-07 ,0 
592,23.64 ,-2.6055e-07 ,0 
593,23.68 ,-2.49235e-07 ,0 
594,23.72 ,-2.38412e-07 ,0 
595,23.76 ,-2.2806e-07 ,0 
596,23.8 ,-2.18158e-07 ,0 
597,23.84 ,-2.08688e-07 ,0 
598,23.88 ,-1.99632e-07 ,0 
599,23.92 ,-1.90971e-07 ,0 
600,23.96 ,-1.82689e-07 ,0 
601,24 ,-1.7477e-07 ,0 
602,24.04 ,-1.67198e-07 ,0 
603,24.08 ,-1.59959e-07 ,0 
604,24.12 ,-1.53038e-07 ,0 
605,24.16 ,-1.46423e-07 ,0 
606,24.2 ,-1.40099e-07 ,0 
607,24.24 ,-1.34055e-07 ,0 
608,24.28 ,-1.28279e-07 ,0 
609,24.32 ,-1.22759e-07 ,0 
610,24.36 ,-1.17485e-07 ,0 
611,24.4 ,-1.12447e-07 ,0 
612,24.44 ,-1.07634e-07 ,0 
613,24.48 ,-1.03037e-07 ,0 
614,24.52 ,-9.86463e-08 ,0 
615,24.56 ,-9.44543e-08 ,0 
616,24.6 ,-9.04524e-08 ,0 
617,24.64 ,-8.66325e-08 ,0 
618,24.68 ,-8.29872e-08 ,0 
619,24.72 ,-7.95093e-08 ,0 
620,24.76 ,-7.61918e-08 ,0 
621,24.8 ,-7.30283e-08 ,0 
622,24.84 ,-7.00124e-08 ,0 
623,24.88 ,-6.71381e-08 ,0 
624,24.92 ,-6.43998e-08 ,0 
625,24.96 ,-6.1792e-08 ,0 
626,25 ,-5.93095e-08 ,0 
627,25.04 ,-5.69474e-08 ,0 
628,25.08 ,-5.4701e-08 ,0 
629,25.12 ,-5.25658e-08 ,0 
630,25.16 ,-5.05375e-08 ,0 
631,25.2 ,-4.86122e-08 ,0 
632,25.24 ,-4.67859e-08 ,0 
633,25.28 ,-4.5055e-08 ,0 
634,25.32 ,-4.34161e-08 ,0 
635,25.36 ,-4.18659e-08 ,0 
636,25.4 ,-4.04012e-08 ,0 
637,25.44 ,-3.90192e-08 ,0 
638,25.48 ,-3.77171e-08 ,0 
639,25.52 ,-3.64923e-08 ,0 
640,25.56 ,-3.53423e-08 ,0 
641,25.6 ,-3.42648e-08 ,0 
642,25.64 ,-3.32577e-08 ,0 
643,25.68 ,-3.23189e-08 ,0 
644,25.72 ,-3.14466e-08 ,0 
645,25.76 ,-3.0639e-08 ,0 
646,25.8 ,-2.98945e-08 ,0 
647,25.84 ,-2.92117e-08 ,0 
648,25.88 ,-2.85891e-08 ,0 
649,25.92 ,-2.80255e-08 ,0 
650,25.96 ,-2.75198e-08 ,0 
651,26 ,-2.7071e-08 ,0 
652,26.04 ,-2.66782e-08 ,0 
653,26.08 ,-2.63407e-08 ,0 
654,26.12 ,-2.60577e-08 ,0 
655,26.16 ,-2.58287e-08 ,0 
656,26.2 ,-2.56534e-08 ,0 
657,26.24 ,-2.55313e-08 ,0 
658,26.28 ,-2.54622e-08 ,0 
659,26.32 ,-2.54461e-08 ,0 
660,26.36 ,-2.54829e-08 ,0 
661,26.4 ,-2.55728e-08 ,0 
662,26.44 ,-2.5716e-08 ,0 
663,26.48 ,-2.59128e-08 ,0 
664,26.52 ,-2.61636e-08 ,0 
665,26.56 ,-2.64691e-08 ,0 
666,26.6 ,-2.68299e-08 ,0 
667,26.64 ,-2.72468e-08 ,0 
668,26.68 ,-2.77207e-08 ,0 
669,26.72 ,-2.82526e-08 ,0 
670,26.76 ,-2.88437e-08 ,0 
671,26.8 ,-2.94953e-08 ,0 
672,26.84 ,-3.02088e-08 ,0 
673,26.88 ,-3.09857e-08 ,0 
674,26.92 ,-3.18277e-08 ,0 
675,26.96 ,-3.27366e-08 ,0 
676,27 ,-3.37143e-08 ,0 
677,27.04 ,-3.4763e-08 ,0 
678,27.08 ,-3.5885e-08 ,0 
679,27.12 ,-3.70826e-08 ,0 
680,27.16 ,-3.83583e-08 ,0 
681,27.2 ,-3.97151e-08 ,0 
682,27.24 ,-4.11557e-08 ,0 
683,27.28 ,-4.26833e-08 ,0 
684,27.32 ,-4.43012e-08 ,0 
685,27.36 ,-4.60127e-08 ,0 
686,27.4 ,-4.78218e-08 ,0 
687,27.44 ,-4.97321e-08 ,0 
688,27.48 ,-5.17479e-08 ,0 
689,27.52 ,-5.38734e-08 ,0 
690,27.56 ,-5.61133e-08 ,0 
691,27.6 ,-5.84724e-08 ,0 
692,27.64 ,-6.09557e-08 ,0 
693,27.68 ,-6.35687e-08 ,0 
694,27.72 ,-6.6317e-08 ,0 
695,27.76 ,-6.92065e-08 ,0 
696,27.8 ,-7.22435e-08 ,0 
697,27.84 ,-7.54344e-08 ,0 
698,27.88 ,-7.87863e-08 ,0 
699,27.92 ,-8.23064e-08 ,0 
700,27.96 ,-8.60023e-08 ,0 
701,28 ,-8.9882e-08 ,0 
702,28.04 ,-9.39539e-08 ,0 
703,28.08 ,-9.82268e-08 ,0 
704,28.12 ,-1.0271e-07 ,0 
705,28.16 ,-1.07413e-07 ,0 
706,28.2 ,-1.12347e-07 ,0 
707,28.24 ,-1.17521e-07 ,0 
708,28.28 ,-1.22948e-07 ,0 
709,28.32 ,-1.28639e-07 ,0 
710,28.36 ,-1.34606e-07 ,0 
711,28.4 ,-1.40863e-07 ,0 
712,28.44 ,-1.47422e-07 ,0 
713,28.48 ,-1.54299e-07 ,0 
714,28.52 ,-1.61509e-07 ,0 
715,28.56 ,-1.69066e-07 ,0 
716,28.6 ,-1.76988e-07 ,0 
717,28.64 ,-1.85292e-07 ,0 
718,28.68 ,-1.93996e-07 ,0 
719,28.72 ,-2.03119e-07 ,0 
720,28.76 ,-2.1268e-07 ,0 
721,28.8 ,-2.22702e-07 ,0 
722,28.84 ,-2.33206e-07 ,0 
723,28.88 ,-2.44214e-07 ,0 
724,28.92 ,-2.55752e-07 ,0 
725,28.96 ,-2.67843e-07 ,0 
726,29 ,-2.80516e-07 ,0 
727,29.04 ,-2.93797e-07 ,0 
728,29.08 ,-3.07716e-07 ,0 
729,29.12 ,-3.22304e-07 ,0 
730,29.16 ,-3.37592e-07 ,0 
731,29.2 ,-3.53614e-07 ,0 
732,29.24 ,-3.70406e-07 ,0 
733,29.28 ,-3.88004e-07 ,0 
734,29.32 ,-4.06447e-07 ,0 
735,29.36 ,-4.25775e-07 ,0 
736,29.4 ,-4.46033e-07 ,0 
737,29.44 ,-4.67263e-07 ,0 
738,29.48 ,-4.89513e-07 ,0 
739,29.52 ,-5.12833e-07 ,0 
740,29.56 ,-5.37273e-07 ,0 
741,29.6 ,-5.62888e-07 ,0 
742,29.64 ,-5.89734e-07 ,0 
743,29.68 ,-6.17871e-07 ,0 
744,29.72 ,-6.4736e-07 ,0 
745,29.76 ,-6.78269e-07 ,0 
746,29.8 ,-7.10664e-07 ,0 
747,29.84 ,-7.44618e-07 ,0 
748,29.88 ,-7.80205e-07 ,0 
749,29.92 ,-8.17506e-07 ,0 
750,29.96 ,-8.56603e-07 ,0 
751,30 ,-8.97582e-07 ,0 
752,30.04 ,-9.40535e-07 ,0 
753,30.08 ,-9.85557e-07 ,0 
754,30.12 ,-1.03275e-06 ,0 
755,30.16 ,-1.08222e-06 ,0 
756,30.2 ,-1.13407e-06 ,0 
757,30.24 ,-1.18842e-06 ,0 
758,30.28 ,-1.24539e-06 ,0 
759,30.32 ,-1.30511e-06 ,0 
760,30.36 ,-1.36771e-06 ,0 
761,30.4 ,-1.43334e-06 ,0 
762,30.44 ,-1.50213e-06 ,0 
763,30.48 ,-1.57424e-06 ,0 
764,30.52 ,-1.64984e-06 ,0 
765,30.56 ,-1.72908e-06 ,0 
766,30.6 ,-1.81216e-06 ,0 
767,30.64 ,-1.89925e-06 ,0 
768,30.68 ,-1.99055e-06 ,0 
769,30.72 ,-2.08627e-06 ,0 
770,30.76 ,-2.18661e-06 ,0 
771,30.8 ,-2.29181e-06 ,0 
772,30.84 ,-2.4021e-06 ,0 
773,30.88 ,-2.51773e-06 ,0 
774,30.92 ,-2.63895e-06 ,0 
775,30.96 ,-2.76604e-06 ,0 
776,31 ,-2.89929e-06 ,0 
777,31.04 ,-3.03899e-06 ,0 
778,31.08 ,-3.18546e-06 ,0 
779,31.12 ,-3.33903e-06 ,0 
780,31.16 ,-3.50005e-06 ,0 
781,31.2 ,-3.66887e-06 ,0 
782,31.24 ,-3.84588e-06 ,0 
783,31.28 ,-4.03147e-06 ,0 
784,31.32 ,-4.22607e-06 ,0 
785,31.36 ,-4.43011e-06 ,0 
786,31.4 ,-4.64406e-06 ,0 
787,31.44 ,-4.8684e-06 ,0 
788,31.48 ,-5.10362e-06 ,0 
789,31.52 ,-5.35028e-06 ,0 
790,31.56 ,-5.60892e-06 ,0 
791,31.6 ,-5.88012e-06 ,0 
792,31.64 ,-6.16451e-06 ,0 
793,31.68 ,-6.46273e-06 ,0 
794,31.72 ,-6.77545e-06 ,0 
795,31.76 ,-7.10337e-06 ,0 
796,31.8 ,-7.44725e-06 ,0 
797,31.84 ,-7.80787e-06 ,0 
798,31.88 ,-8.18603e-06 ,0 
799,31.92 ,-8.58261e-06 ,0 
800,31.96 ,-8.99849e-06 ,0 
801,32 ,-9.43463e-06 ,0 
802,32.04 ,-9.89202e-06 ,0 
803,32.08 ,-1.03717e-05 ,0 
804,32.12 ,-1.08747e-05 ,0 
805,32.16 ,-1.14023e-05 ,0 
806,32.2 ,-1.19556e-05 ,0 
807,32.24 ,-1.25359e-05 ,0 
808,32.28 ,-1.31444e-05 ,0 
809,32.32 ,-1.37827e-05 ,0 
810,32.36 ,-1.44521e-05 ,0 
811,32.4 ,-1.51542e-05 ,0 
812,32.44 ,-1.58906e-05 ,0 
813,32.48 ,-1.66629e-05 ,0 
814,32.52 ,-1.74729e-05 ,0 
815,32.56 ,-1.83225e-05 ,0 
816,32.6 ,-1.92136e-05 ,0 
817,32.64 ,-2.01483e-05 ,0 
818,32.68 ,-2.11286e-05 ,0 
819,32.72 ,-2.21569e-05 ,0 
820,32.76 ,-2.32354e-05 ,0 
821,32.8 ,-2.43667e-05 ,0 
822,32.84 ,-2.55534e-05 ,0 
823,32.88 ,-2.67981e-05 ,0 
824,32.92 ,-2.81037e-05 ,0 
825,32.96 ,-2.94733e-05 ,0 
826,33 ,-3.09099e-05 ,0 
827,33.04 ,-3.24168e-05 ,0 
828,33.08 ,-3.39975e-05 ,0 
829,33.12 ,-3.56557e-05 ,0 
830,33.16 ,-3.73952e-05 ,0 
831,33.2 ,-3.92199e-05 ,0 
832,33.24 ,-4.1134e-05 ,0 
833,33.28 ,-4.3142e-05 ,0 
834,33.32 ,-4.52484e-05 ,0 
835,33.36 ,-4.74582e-05 ,0 
836,33.4 ,-4.97764e-05 ,0 
837,33.44 ,-5.22083e-05 ,0 
838,33.48 ,-5.47596e-05 ,0 
839,33.52 ,-5.74361e-05 ,0 
840,33.56 ,-6.0244e-05 ,0 
841,33.6 ,-6.31898e-05 ,0 
842,33.64 ,-6.62803e-05 ,0 
843,33.68 ,-6.95226e-05 ,0 
844,33.72 ,-7.29242e-05 ,0 
845,33.76 ,-7.6493e-05 ,0 
846,33.8 ,-8.02373e-05 ,0 
847,33.84 ,-8.41656e-05 ,0 
848,33.88 ,-8.8287e-05 ,0 
849,33.92 ,-9.26112e-05 ,0 
850,33.96 ,-9.71481e-05 ,0 
851,34 ,-0.000101908 ,0 
852,34.04 ,-0.000106903 ,0 
853,34.08 ,-0.000112143 ,0 
854,34.12 ,-0.000117641 ,0 
855,34.16 ,-0.00012341 ,0 
856,34.2 ,-0.000129463 ,0 
857,34.24 ,-0.000135814 ,0 
858,34.28 ,-0.000142478 ,0 
859,34.32 ,-0.00014947 ,0 
860,34.36 ,-0.000156807 ,0 
861,34.4 ,-0.000164506 ,0 
862,34.44 ,-0.000172584 ,0 
863,34.48 ,-0.000181061 ,0 
864,34.52 ,-0.000189955 ,0 
865,34.56 ,-0.000199289 ,0 
866,34.6 ,-0.000209083 ,0 
867,34.64 ,-0.00021936 ,0 
868,34.68 ,-0.000230144 ,0 
869,34.72 ,-0.000241461 ,0 
870,34.76 ,-0.000253337 ,0 
871,34.8 ,-0.000265799 ,0 
872,34.84 ,-0.000278877 ,0 
873,34.88 ,-0.0002926 ,0 
874,34.92 ,-0.000307002 ,0 
875,34.96 ,-0.000322116 ,0 
876,35 ,-0.000337976 ,0 
877,35.04 ,-0.000354621 ,0 
878,35.08 ,-0.000372089 ,0 
879,35.12 ,-0.00039042 ,0 
880,35.16 ,-0.000409658 ,0 
881,35.2 ,-0.000429848 ,0 
882,35.24 ,-0.000451037 ,0 
883,35.28 ,-0.000473275 ,0 
884,35.32 ,-0.000496613 ,0 
885,35.36 ,-0.000521107 ,0 
886,35.4 ,-0.000546814 ,0 
887,35.44 ,-0.000573793 ,0 
888,35.48 ,-0.000602109 ,0 
889,35.52 ,-0.000631828 ,0 
890,35.56 ,-0.00066302 ,0 
891,35.6 ,-0.000695757 ,0 
892,35.64 ,-0.000730116 ,0 
893,35.68 ,-0.00076618 ,0 
894,35.72 ,-0.000804031 ,0 
895,35.76 ,-0.000843759 ,0 
896,35.8 ,-0.000885458 ,0 
897,35.84 ,-0.000929226 ,0 
898,35.88 ,-0.000975165 ,0 
899,35.92 ,-0.00102338 ,0 
900,35.96 ,-0.001074 ,0 
901,36 ,-0.00112712 ,0 
902,36.04 ,-0.00118288 ,0 
903,36.08 ,-0.00124141 ,0 
904,36.12 ,-0.00130285 ,0 
905,36.16 ,-0.00136734 ,0 
906,36.2 ,-0.00143504 ,0 
907,36.24 ,-0.0015061 ,0 
908,36.28 ,-0.00158069 ,0 
909,36.32 ,-0.00165898 ,0 
910,36.36 ,-0.00174117 ,0 
911,36.4 ,-0.00182745 ,0 
912,36.44 ,-0.00191802 ,0 
913,36.48 ,-0.00201309 ,0 
914,36.52 ,-0.00211289 ,0 
915,36.56 ,-0.00221766 ,0 
916,36.6 ,-0.00232764 ,0 
917,36.64 ,-0.0024431 ,0 
918,36.68 ,-0.0025643 ,0 
919,36.72 ,-0.00269154 ,0 
920,36.76 ,-0.00282511 ,0 
921,36.8 ,-0.00296534 ,0 
922,36.84 ,-0.00311255 ,0 
923,36.88 ,-0.00326709 ,0 
924,36.92 ,-0.00342934 ,0 
925,36.96 ,-0.00359967 ,0 
926,37 ,-0.00377849 ,0 
927,37.04 ,-0.00396622 ,0 
928,37.08 ,-0.00416332 ,0 
929,37.12 ,-0.00437024 ,0 
930,37.16 ,-0.00458748 ,0 
931,37.2 ,-0.00481556 ,0 
932,37.24 ,-0.00505502 ,0 
933,37.28 ,-0.00530643 ,0 
934,37.32 ,-0.00557039 ,0 
935,37.36 ,-0.00584752 ,0 
936,37.4 ,-0.00613848 ,0 
937,37.44 ,-0.00644397 ,0 
938,37.48 ,-0.00676472 ,0 
939,37.52 ,-0.00710148 ,0 
940,37.56 ,-0.00745507 ,0 
941,37.6 ,-0.00782632 ,0 
942,37.64 ,-0.00821612 ,0 
943,37.68 ,-0.00862541 ,0 
944,37.72 ,-0.00905514 ,0 
945,37.76 ,-0.00950636 ,0 
946,37.8 ,-0.00998015 ,0 
947,37.84 ,-0.0104776 ,0 
948,37.88 ,-0.011 ,0 
949,37.92 ,-0.0115484 ,0 
950,37.96 ,-0.0121244 ,0 
951,38 ,-0.0127291 ,0 
952,38.04 ,-0.0133641 ,0 
953,38.08 ,-0.0140309 ,0 
954,38.12 ,-0.014731 ,0 
955,38.16 ,-0.0154662 ,0 
956,38.2 ,-0.0162382 ,0 
957,38.24 ,-0.0170489 ,0 
958,38.28 ,-0.0179002 ,0 
959,38.32 ,-0.0187941 ,0 
960,38.36 ,-0.0197328 ,0 
961,38.4 ,-0.0207185 ,0 
962,38.44 ,-0.0217537 ,0 
963,38.48 ,-0.0228407 ,0 
964,38.52 ,-0.0239822 ,0 
965,38.56 ,-0.025181 ,0 
966,38.6 ,-0.0264398 ,0 
967,38.64 ,-0.0277618 ,0 
968,38.68 ,-0.0291501 ,0 
969,38.72 ,-0.030608 ,0 
970,38.76 ,-0.0321391 ,0 
971,38.8 ,-0.033747 ,0 
972,38.84 ,-0.0354356 ,0 
973,38.88 ,-0.037209 ,0 
974,38.92 ,-0.0390713 ,0 
975,38.96 ,-0.0410272 ,0 
976,39 ,-0.0430813 ,0 
977,39.04 ,-0.0452386 ,0 
978,39.08 ,-0.0475042 ,0 
979,39.12 ,-0.0498836 ,0 
980,39.16 ,-0.0523826 ,0 
981,39.2 ,-0.0550071 ,0 
982,39.24 ,-0.0577636 ,0 
983,39.28 ,-0.0606586 ,0 
984,39.32 ,-0.0636991 ,0 
985,39.36 ,-0.0668925 ,0 
986,39.4 ,-0.0702464 ,0 
987,39.44 ,-0.0737691 ,0 
988,39.48 ,-0.0774689 ,0 
989,39.52 ,-0.0813548 ,0 
990,39.56 ,-0.0854362 ,0 
991,39.6 ,-0.089723 ,0 
992,39.64 ,-0.0942255 ,0 
993,39.68 ,-0.0989547 ,0 
994,39.72 ,-0.103922 ,0 
995,39.76 ,-0.109139 ,0 
996,39.8 ,-0.114619 ,0 
997,39.84 ,-0.120375 ,0 
998,39.88 ,-0.126421 ,0 
999,39.92 ,-0.132771 ,0 
1000,39.96 ,-0.139441 ,0 