
1,0 ,0 ,0 
2,0.025 ,0 ,0 
3,0.05 ,0 ,0 
4,0.075 ,0.001365 ,0 
5,0.1 ,0.0023631 ,0 
6,0.125 ,0.00365377 ,0 
7,0.15 ,0.00523189 ,0 
8,0.175 ,0.00709359 ,0 
9,0.2 ,0.00923522 ,0 
10,0.225 ,0.0116529 ,0 
11,0.25 ,0.0143426 ,0 
12,0.275 ,0.0172996 ,0 
13,0.3 ,0.0205192 ,0 
14,0.325 ,0.0239959 ,0 
15,0.35 ,0.0277242 ,0 
16,0.375 ,0.0316978 ,0 
17,0.4 ,0.0359103 ,0 
18,0.425 ,0.0403548 ,0 
19,0.45 ,0.0450239 ,0 
20,0.475 ,0.0499102 ,0 
21,0.5 ,0.0550054 ,0 
22,0.525 ,0.0603014 ,0 
23,0.55 ,0.0657893 ,0 
24,0.575 ,0.0714603 ,0 
25,0.6 ,0.0773049 ,0 
26,0.625 ,0.0833136 ,0 
27,0.65 ,0.0894764 ,0 
28,0.675 ,0.0957832 ,0 
29,0.7 ,0.102224 ,0 
30,0.725 ,0.108787 ,0 
31,0.75 ,0.115462 ,0 
32,0.775 ,0.122239 ,0 
33,0.8 ,0.129105 ,0 
34,0.825 ,0.136049 ,0 
35,0.85 ,0.14306 ,0 
36,0.875 ,0.150126 ,0 
37,0.9 ,0.157235 ,0 
38,0.925 ,0.164375 ,0 
39,0.95 ,0.171534 ,0 
40,0.975 ,0.1787 ,0 
41,1 ,0.185861 ,0 
42,1.025 ,0.193005 ,0 
43,1.05 ,0.200119 ,0 
44,1.075 ,0.207192 ,0 
45,1.1 ,0.21421 ,0 
46,1.125 ,0.221163 ,0 
47,1.15 ,0.228038 ,0 
48,1.175 ,0.234823 ,0 
49,1.2 ,0.241505 ,0 
50,1.225 ,0.248075 ,0 
51,1.25 ,0.254519 ,0 
52,1.275 ,0.260826 ,0 
53,1.3 ,0.266985 ,0 
54,1.325 ,0.272985 ,0 
55,1.35 ,0.278814 ,0 
56,1.375 ,0.284463 ,0 
57,1.4 ,0.289921 ,0 
58,1.425 ,0.295177 ,0 
59,1.45 ,0.300221 ,0 
60,1.475 ,0.305044 ,0 
61,1.5 ,0.309636 ,0 
62,1.525 ,0.313988 ,0 
63,1.55 ,0.318092 ,0 
64,1.575 ,0.321938 ,0 
65,1.6 ,0.32552 ,0 
66,1.625 ,0.328828 ,0 
67,1.65 ,0.331856 ,0 
68,1.675 ,0.334596 ,0 
69,1.7 ,0.337042 ,0 
70,1.725 ,0.339188 ,0 
71,1.75 ,0.341028 ,0 
72,1.775 ,0.342556 ,0 
73,1.8 ,0.343768 ,0 
74,1.825 ,0.344658 ,0 
75,1.85 ,0.345223 ,0 
76,1.875 ,0.34546 ,0 
77,1.9 ,0.345364 ,0 
78,1.925 ,0.344933 ,0 
79,1.95 ,0.344164 ,0 
80,1.975 ,0.343057 ,0 
81,2 ,0.341609 ,0 
82,2.025 ,0.339819 ,0 
83,2.05 ,0.337688 ,0 
84,2.075 ,0.335215 ,0 
85,2.1 ,0.3324 ,0 
86,2.125 ,0.329244 ,0 
87,2.15 ,0.32575 ,0 
88,2.175 ,0.321918 ,0 
89,2.2 ,0.317751 ,0 
90,2.225 ,0.313252 ,0 
91,2.25 ,0.308425 ,0 
92,2.275 ,0.303272 ,0 
93,2.3 ,0.297798 ,0 
94,2.325 ,0.292007 ,0 
95,2.35 ,0.285906 ,0 
96,2.375 ,0.279498 ,0 
97,2.4 ,0.27279 ,0 
98,2.425 ,0.265788 ,0 
99,2.45 ,0.2585 ,0 
100,2.475 ,0.250931 ,0 
101,2.5 ,0.24309 ,0 
102,2.525 ,0.234983 ,0 
103,2.55 ,0.226621 ,0 
104,2.575 ,0.21801 ,0 
105,2.6 ,0.209161 ,0 
106,2.625 ,0.200081 ,0 
107,2.65 ,0.190782 ,0 
108,2.675 ,0.181272 ,0 
109,2.7 ,0.171561 ,0 
110,2.725 ,0.161661 ,0 
111,2.75 ,0.151581 ,0 
112,2.775 ,0.141333 ,0 
113,2.8 ,0.130928 ,0 
114,2.825 ,0.120378 ,0 
115,2.85 ,0.109693 ,0 
116,2.875 ,0.0988857 ,0 
117,2.9 ,0.087968 ,0 
118,2.925 ,0.0769519 ,0 
119,2.95 ,0.0658498 ,0 
120,2.975 ,0.0546738 ,0 
121,3 ,0.0434366 ,0 
122,3.025 ,0.0321506 ,0 
123,3.05 ,0.0208286 ,0 
124,3.075 ,0.00948318 ,0 
125,3.1 ,-0.00187291 ,0 
126,3.125 ,-0.0132269 ,0 
127,3.15 ,-0.024566 ,0 
128,3.175 ,-0.0358775 ,0 
129,3.2 ,-0.0471485 ,0 
130,3.225 ,-0.0583665 ,0 
131,3.25 ,-0.0695188 ,0 
132,3.275 ,-0.0805928 ,0 
133,3.3 ,-0.091576 ,0 
134,3.325 ,-0.102456 ,0 
135,3.35 ,-0.113221 ,0 
136,3.375 ,-0.123858 ,0 
137,3.4 ,-0.134355 ,0 
138,3.425 ,-0.144702 ,0 
139,3.45 ,-0.154885 ,0 
140,3.475 ,-0.164894 ,0 
141,3.5 ,-0.174717 ,0 
142,3.525 ,-0.184344 ,0 
143,3.55 ,-0.193764 ,0 
144,3.575 ,-0.202965 ,0 
145,3.6 ,-0.211939 ,0 
146,3.625 ,-0.220674 ,0 
147,3.65 ,-0.229162 ,0 
148,3.675 ,-0.237392 ,0 
149,3.7 ,-0.245356 ,0 
150,3.725 ,-0.253045 ,0 
151,3.75 ,-0.26045 ,0 
152,3.775 ,-0.267564 ,0 
153,3.8 ,-0.274379 ,0 
154,3.825 ,-0.280886 ,0 
155,3.85 ,-0.28708 ,0 
156,3.875 ,-0.292954 ,0 
157,3.9 ,-0.2985 ,0 
158,3.925 ,-0.303714 ,0 
159,3.95 ,-0.30859 ,0 
160,3.975 ,-0.313122 ,0 
161,4 ,-0.317307 ,0 
162,4.025 ,-0.321139 ,0 
163,4.05 ,-0.324614 ,0 
164,4.075 ,-0.32773 ,0 
165,4.1 ,-0.330483 ,0 
166,4.125 ,-0.332871 ,0 
167,4.15 ,-0.334891 ,0 
168,4.175 ,-0.336541 ,0 
169,4.2 ,-0.33782 ,0 
170,4.225 ,-0.338728 ,0 
171,4.25 ,-0.339263 ,0 
172,4.275 ,-0.339426 ,0 
173,4.3 ,-0.339216 ,0 
174,4.325 ,-0.338634 ,0 
175,4.35 ,-0.337683 ,0 
176,4.375 ,-0.336362 ,0 
177,4.4 ,-0.334674 ,0 
178,4.425 ,-0.332622 ,0 
179,4.45 ,-0.330208 ,0 
180,4.475 ,-0.327435 ,0 
181,4.5 ,-0.324307 ,0 
182,4.525 ,-0.320828 ,0 
183,4.55 ,-0.317002 ,0 
184,4.575 ,-0.312833 ,0 
185,4.6 ,-0.308327 ,0 
186,4.625 ,-0.303489 ,0 
187,4.65 ,-0.298325 ,0 
188,4.675 ,-0.292842 ,0 
189,4.7 ,-0.287044 ,0 
190,4.725 ,-0.280939 ,0 
191,4.75 ,-0.274535 ,0 
192,4.775 ,-0.267838 ,0 
193,4.8 ,-0.260856 ,0 
194,4.825 ,-0.253597 ,0 
195,4.85 ,-0.246069 ,0 
196,4.875 ,-0.238281 ,0 
197,4.9 ,-0.230241 ,0 
198,4.925 ,-0.221959 ,0 
199,4.95 ,-0.213443 ,0 
200,4.975 ,-0.204703 ,0 
201,5 ,-0.195748 ,0 
202,5.025 ,-0.186588 ,0 
203,5.05 ,-0.177234 ,0 
204,5.075 ,-0.167695 ,0 
205,5.1 ,-0.157982 ,0 
206,5.125 ,-0.148105 ,0 
207,5.15 ,-0.138075 ,0 
208,5.175 ,-0.127902 ,0 
209,5.2 ,-0.117597 ,0 
210,5.225 ,-0.107171 ,0 
211,5.25 ,-0.096635 ,0 
212,5.275 ,-0.0860001 ,0 
213,5.3 ,-0.0752773 ,0 
214,5.325 ,-0.0644777 ,0 
215,5.35 ,-0.0536126 ,0 
216,5.375 ,-0.042693 ,0 
217,5.4 ,-0.0317302 ,0 
218,5.425 ,-0.0207353 ,0 
219,5.45 ,-0.00971952 ,0 
220,5.475 ,0.00130603 ,0 
221,5.5 ,0.0123303 ,0 
222,5.525 ,0.0233422 ,0 
223,5.55 ,0.0343308 ,0 
224,5.575 ,0.0452853 ,0 
225,5.6 ,0.0561947 ,0 
226,5.625 ,0.0670485 ,0 
227,5.65 ,0.0778361 ,0 
228,5.675 ,0.088547 ,0 
229,5.7 ,0.0991708 ,0 
230,5.725 ,0.109697 ,0 
231,5.75 ,0.120117 ,0 
232,5.775 ,0.130419 ,0 
233,5.8 ,0.140594 ,0 
234,5.825 ,0.150633 ,0 
235,5.85 ,0.160527 ,0 
236,5.875 ,0.170265 ,0 
237,5.9 ,0.17984 ,0 
238,5.925 ,0.189242 ,0 
239,5.95 ,0.198464 ,0 
240,5.975 ,0.207496 ,0 
241,6 ,0.216331 ,0 
242,6.025 ,0.224961 ,0 
243,6.05 ,0.233378 ,0 
244,6.075 ,0.241575 ,0 
245,6.1 ,0.249545 ,0 
246,6.125 ,0.257282 ,0 
247,6.15 ,0.264778 ,0 
248,6.175 ,0.272028 ,0 
249,6.2 ,0.279025 ,0 
250,6.225 ,0.285764 ,0 
251,6.25 ,0.29224 ,0 
252,6.275 ,0.298447 ,0 
253,6.3 ,0.304381 ,0 
254,6.325 ,0.310037 ,0 
255,6.35 ,0.31541 ,0 
256,6.375 ,0.320498 ,0 
257,6.4 ,0.325295 ,0 
258,6.425 ,0.3298 ,0 
259,6.45 ,0.334008 ,0 
260,6.475 ,0.337917 ,0 
261,6.5 ,0.341525 ,0 
262,6.525 ,0.34483 ,0 
263,6.55 ,0.347829 ,0 
264,6.575 ,0.350521 ,0 
265,6.6 ,0.352905 ,0 
266,6.625 ,0.35498 ,0 
267,6.65 ,0.356744 ,0 
268,6.675 ,0.358199 ,0 
269,6.7 ,0.359343 ,0 
270,6.725 ,0.360177 ,0 
271,6.75 ,0.360701 ,0 
272,6.775 ,0.360916 ,0 
273,6.8 ,0.360823 ,0 
274,6.825 ,0.360423 ,0 
275,6.85 ,0.359718 ,0 
276,6.875 ,0.358709 ,0 
277,6.9 ,0.357399 ,0 
278,6.925 ,0.35579 ,0 
279,6.95 ,0.353885 ,0 
280,6.975 ,0.351685 ,0 
281,7 ,0.349195 ,0 
282,7.025 ,0.346417 ,0 
283,7.05 ,0.343355 ,0 
284,7.075 ,0.340013 ,0 
285,7.1 ,0.336395 ,0 
286,7.125 ,0.332504 ,0 
287,7.15 ,0.328345 ,0 
288,7.175 ,0.323923 ,0 
289,7.2 ,0.319241 ,0 
290,7.225 ,0.314306 ,0 
291,7.25 ,0.309122 ,0 
292,7.275 ,0.303694 ,0 
293,7.3 ,0.298028 ,0 
294,7.325 ,0.292129 ,0 
295,7.35 ,0.286003 ,0 
296,7.375 ,0.279655 ,0 
297,7.4 ,0.273092 ,0 
298,7.425 ,0.26632 ,0 
299,7.45 ,0.259344 ,0 
300,7.475 ,0.252171 ,0 
301,7.5 ,0.244808 ,0 
302,7.525 ,0.237261 ,0 
303,7.55 ,0.229536 ,0 
304,7.575 ,0.22164 ,0 
305,7.6 ,0.21358 ,0 
306,7.625 ,0.205363 ,0 
307,7.65 ,0.196995 ,0 
308,7.675 ,0.188484 ,0 
309,7.7 ,0.179835 ,0 
310,7.725 ,0.171057 ,0 
311,7.75 ,0.162156 ,0 
312,7.775 ,0.153139 ,0 
313,7.8 ,0.144013 ,0 
314,7.825 ,0.134786 ,0 
315,7.85 ,0.125464 ,0 
316,7.875 ,0.116054 ,0 
317,7.9 ,0.106564 ,0 
318,7.925 ,0.0969996 ,0 
319,7.95 ,0.087369 ,0 
320,7.975 ,0.0776787 ,0 
321,8 ,0.0679356 ,0 
322,8.025 ,0.0581467 ,0 
323,8.05 ,0.0483188 ,0 
324,8.075 ,0.0384587 ,0 
325,8.1 ,0.028573 ,0 
326,8.125 ,0.0186686 ,0 
327,8.15 ,0.00875188 ,0 
328,8.175 ,-0.00117053 ,0 
329,8.2 ,-0.0110922 ,0 
330,8.225 ,-0.0210067 ,0 
331,8.25 ,-0.0309078 ,0 
332,8.275 ,-0.0407894 ,0 
333,8.3 ,-0.0506452 ,0 
334,8.325 ,-0.0604694 ,0 
335,8.35 ,-0.0702559 ,0 
336,8.375 ,-0.0799991 ,0 
337,8.4 ,-0.0896932 ,0 
338,8.425 ,-0.0993327 ,0 
339,8.45 ,-0.108912 ,0 
340,8.475 ,-0.118426 ,0 
341,8.5 ,-0.127869 ,0 
342,8.525 ,-0.137237 ,0 
343,8.55 ,-0.146524 ,0 
344,8.575 ,-0.155725 ,0 
345,8.6 ,-0.164837 ,0 
346,8.625 ,-0.173853 ,0 
347,8.65 ,-0.18277 ,0 
348,8.675 ,-0.191584 ,0 
349,8.7 ,-0.20029 ,0 
350,8.725 ,-0.208885 ,0 
351,8.75 ,-0.217364 ,0 
352,8.775 ,-0.225723 ,0 
353,8.8 ,-0.23396 ,0 
354,8.825 ,-0.24207 ,0 
355,8.85 ,-0.250051 ,0 
356,8.875 ,-0.257899 ,0 
357,8.9 ,-0.265612 ,0 
358,8.925 ,-0.273185 ,0 
359,8.95 ,-0.280617 ,0 
360,8.975 ,-0.287906 ,0 
361,9 ,-0.295048 ,0 
362,9.025 ,-0.302041 ,0 
363,9.05 ,-0.308883 ,0 
364,9.075 ,-0.315573 ,0 
365,9.1 ,-0.322107 ,0 
366,9.125 ,-0.328486 ,0 
367,9.15 ,-0.334706 ,0 
368,9.175 ,-0.340767 ,0 
369,9.2 ,-0.346667 ,0 
370,9.225 ,-0.352405 ,0 
371,9.25 ,-0.35798 ,0 
372,9.275 ,-0.363392 ,0 
373,9.3 ,-0.368638 ,0 
374,9.325 ,-0.37372 ,0 
375,9.35 ,-0.378635 ,0 
376,9.375 ,-0.383384 ,0 
377,9.4 ,-0.387967 ,0 
378,9.425 ,-0.392383 ,0 
379,9.45 ,-0.396633 ,0 
380,9.475 ,-0.400716 ,0 
381,9.5 ,-0.404633 ,0 
382,9.525 ,-0.408383 ,0 
383,9.55 ,-0.411968 ,0 
384,9.575 ,-0.415388 ,0 
385,9.6 ,-0.418644 ,0 
386,9.625 ,-0.421736 ,0 
387,9.65 ,-0.424665 ,0 
388,9.675 ,-0.427432 ,0 
389,9.7 ,-0.430039 ,0 
390,9.725 ,-0.432485 ,0 
391,9.75 ,-0.434774 ,0 
392,9.775 ,-0.436905 ,0 
393,9.8 ,-0.43888 ,0 
394,9.825 ,-0.440701 ,0 
395,9.85 ,-0.44237 ,0 
396,9.875 ,-0.443887 ,0 
397,9.9 ,-0.445255 ,0 
398,9.925 ,-0.446475 ,0 
399,9.95 ,-0.447549 ,0 
400,9.975 ,-0.44848 ,0 
401,10 ,-0.449269 ,0 
402,10.025 ,-0.449918 ,0 
403,10.05 ,-0.450429 ,0 
404,10.075 ,-0.450805 ,0 
405,10.1 ,-0.451047 ,0 
406,10.125 ,-0.451158 ,0 
407,10.15 ,-0.45114 ,0 
408,10.175 ,-0.450995 ,0 
409,10.2 ,-0.450727 ,0 
410,10.225 ,-0.450336 ,0 
411,10.25 ,-0.449826 ,0 
412,10.275 ,-0.4492 ,0 
413,10.3 ,-0.448459 ,0 
414,10.325 ,-0.447606 ,0 
415,10.35 ,-0.446644 ,0 
416,10.375 ,-0.445575 ,0 
417,10.4 ,-0.444403 ,0 
418,10.425 ,-0.443128 ,0 
419,10.45 ,-0.441755 ,0 
420,10.475 ,-0.440285 ,0 
421,10.5 ,-0.438722 ,0 
422,10.525 ,-0.437067 ,0 
423,10.55 ,-0.435323 ,0 
424,10.575 ,-0.433493 ,0 
425,10.6 ,-0.431579 ,0 
426,10.625 ,-0.429585 ,0 
427,10.65 ,-0.427511 ,0 
428,10.675 ,-0.425361 ,0 
429,10.7 ,-0.423138 ,0 
430,10.725 ,-0.420843 ,0 
431,10.75 ,-0.418479 ,0 
432,10.775 ,-0.416049 ,0 
433,10.8 ,-0.413555 ,0 
434,10.825 ,-0.410999 ,0 
435,10.85 ,-0.408384 ,0 
436,10.875 ,-0.405711 ,0 
437,10.9 ,-0.402984 ,0 
438,10.925 ,-0.400205 ,0 
439,10.95 ,-0.397375 ,0 
440,10.975 ,-0.394497 ,0 
441,11 ,-0.391573 ,0 
442,11.025 ,-0.388605 ,0 
443,11.05 ,-0.385596 ,0 
444,11.075 ,-0.382547 ,0 
445,11.1 ,-0.379461 ,0 
446,11.125 ,-0.376339 ,0 
447,11.15 ,-0.373183 ,0 
448,11.175 ,-0.369996 ,0 
449,11.2 ,-0.36678 ,0 
450,11.225 ,-0.363536 ,0 
451,11.25 ,-0.360266 ,0 
452,11.275 ,-0.356972 ,0 
453,11.3 ,-0.353655 ,0 
454,11.325 ,-0.350318 ,0 
455,11.35 ,-0.346963 ,0 
456,11.375 ,-0.34359 ,0 
457,11.4 ,-0.340202 ,0 
458,11.425 ,-0.336799 ,0 
459,11.45 ,-0.333385 ,0 
460,11.475 ,-0.32996 ,0 
461,11.5 ,-0.326526 ,0 
462,11.525 ,-0.323084 ,0 
463,11.55 ,-0.319635 ,0 
464,11.575 ,-0.316182 ,0 
465,11.6 ,-0.312726 ,0 
466,11.625 ,-0.309267 ,0 
467,11.65 ,-0.305807 ,0 
468,11.675 ,-0.302347 ,0 
469,11.7 ,-0.29889 ,0 
470,11.725 ,-0.295435 ,0 
471,11.75 ,-0.291984 ,0 
472,11.775 ,-0.288538 ,0 
473,11.8 ,-0.285098 ,0 
474,11.825 ,-0.281666 ,0 
475,11.85 ,-0.278242 ,0 
476,11.875 ,-0.274827 ,0 
477,11.9 ,-0.271423 ,0 
478,11.925 ,-0.26803 ,0 
479,11.95 ,-0.264649 ,0 
480,11.975 ,-0.261281 ,0 
481,12 ,-0.257927 ,0 
482,12.025 ,-0.254587 ,0 
483,12.05 ,-0.251264 ,0 
484,12.075 ,-0.247956 ,0 
485,12.1 ,-0.244666 ,0 
486,12.125 ,-0.241393 ,0 
487,12.15 ,-0.238138 ,0 
488,12.175 ,-0.234903 ,0 
489,12.2 ,-0.231687 ,0 
490,12.225 ,-0.228492 ,0 
491,12.25 ,-0.225317 ,0 
492,12.275 ,-0.222164 ,0 
493,12.3 ,-0.219033 ,0 
494,12.325 ,-0.215924 ,0 
495,12.35 ,-0.212838 ,0 
496,12.375 ,-0.209776 ,0 
497,12.4 ,-0.206737 ,0 
498,12.425 ,-0.203722 ,0 
499,12.45 ,-0.200732 ,0 
500,12.475 ,-0.197767 ,0 
501,12.5 ,-0.194827 ,0 
502,12.525 ,-0.191913 ,0 
503,12.55 ,-0.189025 ,0 
504,12.575 ,-0.186163 ,0 
505,12.6 ,-0.183327 ,0 
506,12.625 ,-0.180518 ,0 
507,12.65 ,-0.177736 ,0 
508,12.675 ,-0.174981 ,0 
509,12.7 ,-0.172253 ,0 
510,12.725 ,-0.169553 ,0 
511,12.75 ,-0.16688 ,0 
512,12.775 ,-0.164236 ,0 
513,12.8 ,-0.161619 ,0 
514,12.825 ,-0.15903 ,0 
515,12.85 ,-0.156469 ,0 
516,12.875 ,-0.153936 ,0 
517,12.9 ,-0.151431 ,0 
518,12.925 ,-0.148955 ,0 
519,12.95 ,-0.146507 ,0 
520,12.975 ,-0.144088 ,0 
521,13 ,-0.141696 ,0 
522,13.025 ,-0.139334 ,0 
523,13.05 ,-0.136999 ,0 
524,13.075 ,-0.134693 ,0 
525,13.1 ,-0.132415 ,0 
526,13.125 ,-0.130165 ,0 
527,13.15 ,-0.127943 ,0 
528,13.175 ,-0.12575 ,0 
529,13.2 ,-0.123584 ,0 
530,13.225 ,-0.121447 ,0 
531,13.25 ,-0.119337 ,0 
532,13.275 ,-0.117255 ,0 
533,13.3 ,-0.1152 ,0 
534,13.325 ,-0.113173 ,0 
535,13.35 ,-0.111174 ,0 
536,13.375 ,-0.109202 ,0 
537,13.4 ,-0.107256 ,0 
538,13.425 ,-0.105338 ,0 
539,13.45 ,-0.103447 ,0 
540,13.475 ,-0.101582 ,0 
541,13.5 ,-0.0997435 ,0 
542,13.525 ,-0.0979314 ,0 
543,13.55 ,-0.0961454 ,0 
544,13.575 ,-0.0943854 ,0 
545,13.6 ,-0.0926511 ,0 
546,13.625 ,-0.0909424 ,0 
547,13.65 ,-0.089259 ,0 
548,13.675 ,-0.0876007 ,0 
549,13.7 ,-0.0859674 ,0 
550,13.725 ,-0.0843588 ,0 
551,13.75 ,-0.0827747 ,0 
552,13.775 ,-0.081215 ,0 
553,13.8 ,-0.0796793 ,0 
554,13.825 ,-0.0781675 ,0 
555,13.85 ,-0.0766794 ,0 
556,13.875 ,-0.0752146 ,0 
557,13.9 ,-0.0737731 ,0 
558,13.925 ,-0.0723544 ,0 
559,13.95 ,-0.0709586 ,0 
560,13.975 ,-0.0695852 ,0 
561,14 ,-0.068234 ,0 
562,14.025 ,-0.0669049 ,0 
563,14.05 ,-0.0655975 ,0 
564,14.075 ,-0.0643117 ,0 
565,14.1 ,-0.0630472 ,0 
566,14.125 ,-0.0618037 ,0 
567,14.15 ,-0.060581 ,0 
568,14.175 ,-0.0593789 ,0 
569,14.2 ,-0.0581972 ,0 
570,14.225 ,-0.0570355 ,0 
571,14.25 ,-0.0558936 ,0 
572,14.275 ,-0.0547714 ,0 
573,14.3 ,-0.0536685 ,0 
574,14.325 ,-0.0525847 ,0 
575,14.35 ,-0.0515198 ,0 
576,14.375 ,-0.0504735 ,0 
577,14.4 ,-0.0494456 ,0 
578,14.425 ,-0.0484358 ,0 
579,14.45 ,-0.0474439 ,0 
580,14.475 ,-0.0464697 ,0 
581,14.5 ,-0.0455129 ,0 
582,14.525 ,-0.0445733 ,0 
583,14.55 ,-0.0436507 ,0 
584,14.575 ,-0.0427448 ,0 
585,14.6 ,-0.0418553 ,0 
586,14.625 ,-0.0409821 ,0 
587,14.65 ,-0.0401249 ,0 
588,14.675 ,-0.0392835 ,0 
589,14.7 ,-0.0384577 ,0 
590,14.725 ,-0.0376471 ,0 
591,14.75 ,-0.0368517 ,0 
592,14.775 ,-0.0360712 ,0 
593,14.8 ,-0.0353053 ,0 
594,14.825 ,-0.0345538 ,0 
595,14.85 ,-0.0338166 ,0 
596,14.875 ,-0.0330933 ,0 
597,14.9 ,-0.0323839 ,0 
598,14.925 ,-0.031688 ,0 
599,14.95 ,-0.0310054 ,0 
600,14.975 ,-0.030336 ,0 
601,15 ,-0.0296796 ,0 
602,15.025 ,-0.0290358 ,0 
603,15.05 ,-0.0284046 ,0 
604,15.075 ,-0.0277858 ,0 
605,15.1 ,-0.027179 ,0 
606,15.125 ,-0.0265842 ,0 
607,15.15 ,-0.0260011 ,0 
608,15.175 ,-0.0254295 ,0 
609,15.2 ,-0.0248693 ,0 
610,15.225 ,-0.0243203 ,0 
611,15.25 ,-0.0237822 ,0 
612,15.275 ,-0.0232549 ,0 
613,15.3 ,-0.0227382 ,0 
614,15.325 ,-0.0222319 ,0 
615,15.35 ,-0.0217358 ,0 
616,15.375 ,-0.0212498 ,0 
617,15.4 ,-0.0207737 ,0 
618,15.425 ,-0.0203073 ,0 
619,15.45 ,-0.0198505 ,0 
620,15.475 ,-0.019403 ,0 
621,15.5 ,-0.0189647 ,0 
622,15.525 ,-0.0185355 ,0 
623,15.55 ,-0.0181152 ,0 
624,15.575 ,-0.0177036 ,0 
625,15.6 ,-0.0173005 ,0 
626,15.625 ,-0.0169059 ,0 
627,15.65 ,-0.0165195 ,0 
628,15.675 ,-0.0161413 ,0 
629,15.7 ,-0.015771 ,0 
630,15.725 ,-0.0154085 ,0 
631,15.75 ,-0.0150536 ,0 
632,15.775 ,-0.0147063 ,0 
633,15.8 ,-0.0143664 ,0 
634,15.825 ,-0.0140338 ,0 
635,15.85 ,-0.0137082 ,0 
636,15.875 ,-0.0133896 ,0 
637,15.9 ,-0.0130779 ,0 
638,15.925 ,-0.0127728 ,0 
639,15.95 ,-0.0124744 ,0 
640,15.975 ,-0.0121824 ,0 
641,16 ,-0.0118968 ,0 
642,16.025 ,-0.0116173 ,0 
643,16.05 ,-0.011344 ,0 
644,16.075 ,-0.0110766 ,0 
645,16.1 ,-0.010815 ,0 
646,16.125 ,-0.0105592 ,0 
647,16.15 ,-0.0103091 ,0 
648,16.175 ,-0.0100644 ,0 
649,16.2 ,-0.0098252 ,0 
650,16.225 ,-0.00959125 ,0 
651,16.25 ,-0.0093625 ,0 
652,16.275 ,-0.00913884 ,0 
653,16.3 ,-0.00892016 ,0 
654,16.325 ,-0.00870638 ,0 
655,16.35 ,-0.00849737 ,0 
656,16.375 ,-0.00829306 ,0 
657,16.4 ,-0.00809334 ,0 
658,16.425 ,-0.00789813 ,0 
659,16.45 ,-0.00770732 ,0 
660,16.475 ,-0.00752083 ,0 
661,16.5 ,-0.00733856 ,0 
662,16.525 ,-0.00716044 ,0 
663,16.55 ,-0.00698638 ,0 
664,16.575 ,-0.00681629 ,0 
665,16.6 ,-0.00665008 ,0 
666,16.625 ,-0.00648768 ,0 
667,16.65 ,-0.00632901 ,0 
668,16.675 ,-0.00617399 ,0 
669,16.7 ,-0.00602255 ,0 
670,16.725 ,-0.00587459 ,0 
671,16.75 ,-0.00573006 ,0 
672,16.775 ,-0.00558888 ,0 
673,16.8 ,-0.00545098 ,0 
674,16.825 ,-0.00531629 ,0 
675,16.85 ,-0.00518474 ,0 
676,16.875 ,-0.00505625 ,0 
677,16.9 ,-0.00493078 ,0 
678,16.925 ,-0.00480824 ,0 
679,16.95 ,-0.00468858 ,0 
680,16.975 ,-0.00457174 ,0 
681,17 ,-0.00445765 ,0 
682,17.025 ,-0.00434625 ,0 
683,17.05 ,-0.00423749 ,0 
684,17.075 ,-0.00413131 ,0 
685,17.1 ,-0.00402764 ,0 
686,17.125 ,-0.00392644 ,0 
687,17.15 ,-0.00382765 ,0 
688,17.175 ,-0.00373121 ,0 
689,17.2 ,-0.00363708 ,0 
690,17.225 ,-0.00354521 ,0 
691,17.25 ,-0.00345553 ,0 
692,17.275 ,-0.00336801 ,0 
693,17.3 ,-0.0032826 ,0 
694,17.325 ,-0.00319924 ,0 
695,17.35 ,-0.0031179 ,0 
696,17.375 ,-0.00303852 ,0 
697,17.4 ,-0.00296106 ,0 
698,17.425 ,-0.00288548 ,0 
699,17.45 ,-0.00281174 ,0 
700,17.475 ,-0.0027398 ,0 
701,17.5 ,-0.0026696 ,0 
702,17.525 ,-0.00260112 ,0 
703,17.55 ,-0.00253432 ,0 
704,17.575 ,-0.00246914 ,0 
705,17.6 ,-0.00240557 ,0 
706,17.625 ,-0.00234356 ,0 
707,17.65 ,-0.00228307 ,0 
708,17.675 ,-0.00222408 ,0 
709,17.7 ,-0.00216654 ,0 
710,17.725 ,-0.00211042 ,0 
711,17.75 ,-0.00205569 ,0 
712,17.775 ,-0.00200232 ,0 
713,17.8 ,-0.00195027 ,0 
714,17.825 ,-0.00189951 ,0 
715,17.85 ,-0.00185002 ,0 
716,17.875 ,-0.00180176 ,0 
717,17.9 ,-0.00175471 ,0 
718,17.925 ,-0.00170883 ,0 
719,17.95 ,-0.0016641 ,0 
720,17.975 ,-0.00162049 ,0 
721,18 ,-0.00157798 ,0 
722,18.025 ,-0.00153653 ,0 
723,18.05 ,-0.00149613 ,0 
724,18.075 ,-0.00145675 ,0 
725,18.1 ,-0.00141836 ,0 
726,18.125 ,-0.00138094 ,0 
727,18.15 ,-0.00134447 ,0 
728,18.175 ,-0.00130893 ,0 
729,18.2 ,-0.00127428 ,0 
730,18.225 ,-0.00124052 ,0 
731,18.25 ,-0.00120761 ,0 
732,18.275 ,-0.00117555 ,0 
733,18.3 ,-0.0011443 ,0 
734,18.325 ,-0.00111385 ,0 
735,18.35 ,-0.00108418 ,0 
736,18.375 ,-0.00105527 ,0 
737,18.4 ,-0.0010271 ,0 
738,18.425 ,-0.000999649 ,0 
739,18.45 ,-0.000972909 ,0 
740,18.475 ,-0.000946856 ,0 
741,18.5 ,-0.000921476 ,0 
742,18.525 ,-0.00089675 ,0 
743,18.55 ,-0.000872663 ,0 
744,18.575 ,-0.0008492 ,0 
745,18.6 ,-0.000826344 ,0 
746,18.625 ,-0.000804081 ,0 
747,18.65 ,-0.000782396 ,0 
748,18.675 ,-0.000761275 ,0 
749,18.7 ,-0.000740704 ,0 
750,18.725 ,-0.000720669 ,0 
751,18.75 ,-0.000701157 ,0 
752,18.775 ,-0.000682154 ,0 
753,18.8 ,-0.000663648 ,0 
754,18.825 ,-0.000645627 ,0 
755,18.85 ,-0.000628079 ,0 
756,18.875 ,-0.00061099 ,0 
757,18.9 ,-0.000594351 ,0 
758,18.925 ,-0.00057815 ,0 
759,18.95 ,-0.000562375 ,0 
760,18.975 ,-0.000547017 ,0 
761,19 ,-0.000532063 ,0 
762,19.025 ,-0.000517505 ,0 
763,19.05 ,-0.000503332 ,0 
764,19.075 ,-0.000489534 ,0 
765,19.1 ,-0.000476102 ,0 
766,19.125 ,-0.000463027 ,0 
767,19.15 ,-0.000450299 ,0 
768,19.175 ,-0.00043791 ,0 
769,19.2 ,-0.00042585 ,0 
770,19.225 ,-0.000414112 ,0 
771,19.25 ,-0.000402688 ,0 
772,19.275 ,-0.000391568 ,0 
773,19.3 ,-0.000380746 ,0 
774,19.325 ,-0.000370214 ,0 
775,19.35 ,-0.000359964 ,0 
776,19.375 ,-0.000349989 ,0 
777,19.4 ,-0.000340282 ,0 
778,19.425 ,-0.000330836 ,0 
779,19.45 ,-0.000321644 ,0 
780,19.475 ,-0.0003127 ,0 
781,19.5 ,-0.000303997 ,0 
782,19.525 ,-0.000295528 ,0 
783,19.55 ,-0.000287289 ,0 
784,19.575 ,-0.000279273 ,0 
785,19.6 ,-0.000271474 ,0 
786,19.625 ,-0.000263886 ,0 
787,19.65 ,-0.000256504 ,0 
788,19.675 ,-0.000249322 ,0 
789,19.7 ,-0.000242336 ,0 
790,19.725 ,-0.00023554 ,0 
791,19.75 ,-0.000228929 ,0 
792,19.775 ,-0.000222498 ,0 
793,19.8 ,-0.000216243 ,0 
794,19.825 ,-0.000210158 ,0 
795,19.85 ,-0.00020424 ,0 
796,19.875 ,-0.000198484 ,0 
797,19.9 ,-0.000192886 ,0 
798,19.925 ,-0.000187441 ,0 
799,19.95 ,-0.000182146 ,0 
800,19.975 ,-0.000176996 ,0 
801,20 ,-0.000171988 ,0 
802,20.025 ,-0.000167117 ,0 
803,20.05 ,-0.000162381 ,0 
804,20.075 ,-0.000157775 ,0 
805,20.1 ,-0.000153297 ,0 
806,20.125 ,-0.000148942 ,0 
807,20.15 ,-0.000144708 ,0 
808,20.175 ,-0.000140591 ,0 
809,20.2 ,-0.000136588 ,0 
810,20.225 ,-0.000132696 ,0 
811,20.25 ,-0.000128912 ,0 
812,20.275 ,-0.000125233 ,0 
813,20.3 ,-0.000121656 ,0 
814,20.325 ,-0.000118179 ,0 
815,20.35 ,-0.000114799 ,0 
816,20.375 ,-0.000111513 ,0 
817,20.4 ,-0.000108318 ,0 
818,20.425 ,-0.000105213 ,0 
819,20.45 ,-0.000102195 ,0 
820,20.475 ,-9.92609e-05 ,0 
821,20.5 ,-9.64091e-05 ,0 
822,20.525 ,-9.36372e-05 ,0 
823,20.55 ,-9.0943e-05 ,0 
824,20.575 ,-8.83245e-05 ,0 
825,20.6 ,-8.57795e-05 ,0 
826,20.625 ,-8.3306e-05 ,0 
827,20.65 ,-8.09022e-05 ,0 
828,20.675 ,-7.85661e-05 ,0 
829,20.7 ,-7.62958e-05 ,0 
830,20.725 ,-7.40895e-05 ,0 
831,20.75 ,-7.19456e-05 ,0 
832,20.775 ,-6.98622e-05 ,0 
833,20.8 ,-6.78377e-05 ,0 
834,20.825 ,-6.58706e-05 ,0 
835,20.85 ,-6.39591e-05 ,0 
836,20.875 ,-6.21018e-05 ,0 
837,20.9 ,-6.02973e-05 ,0 
838,20.925 ,-5.85439e-05 ,0 
839,20.95 ,-5.68404e-05 ,0 
840,20.975 ,-5.51853e-05 ,0 
841,21 ,-5.35774e-05 ,0 
842,21.025 ,-5.20152e-05 ,0 
843,21.05 ,-5.04976e-05 ,0 
844,21.075 ,-4.90232e-05 ,0 
845,21.1 ,-4.7591e-05 ,0 
846,21.125 ,-4.61997e-05 ,0 
847,21.15 ,-4.48481e-05 ,0 
848,21.175 ,-4.35353e-05 ,0 
849,21.2 ,-4.226e-05 ,0 
850,21.225 ,-4.10213e-05 ,0 
851,21.25 ,-3.98181e-05 ,0 
852,21.275 ,-3.86495e-05 ,0 
853,21.3 ,-3.75144e-05 ,0 
854,21.325 ,-3.6412e-05 ,0 
855,21.35 ,-3.53413e-05 ,0 
856,21.375 ,-3.43014e-05 ,0 
857,21.4 ,-3.32914e-05 ,0 
858,21.425 ,-3.23106e-05 ,0 
859,21.45 ,-3.13581e-05 ,0 
860,21.475 ,-3.04331e-05 ,0 
861,21.5 ,-2.95349e-05 ,0 
862,21.525 ,-2.86626e-05 ,0 
863,21.55 ,-2.78156e-05 ,0 
864,21.575 ,-2.69931e-05 ,0 
865,21.6 ,-2.61944e-05 ,0 
866,21.625 ,-2.54189e-05 ,0 
867,21.65 ,-2.4666e-05 ,0 
868,21.675 ,-2.39349e-05 ,0 
869,21.7 ,-2.3225e-05 ,0 
870,21.725 ,-2.25358e-05 ,0 
871,21.75 ,-2.18667e-05 ,0 
872,21.775 ,-2.12171e-05 ,0 
873,21.8 ,-2.05864e-05 ,0 
874,21.825 ,-1.99741e-05 ,0 
875,21.85 ,-1.93797e-05 ,0 
876,21.875 ,-1.88027e-05 ,0 
877,21.9 ,-1.82425e-05 ,0 
878,21.925 ,-1.76988e-05 ,0 
879,21.95 ,-1.71709e-05 ,0 
880,21.975 ,-1.66586e-05 ,0 
881,22 ,-1.61612e-05 ,0 
882,22.025 ,-1.56785e-05 ,0 
883,22.05 ,-1.52099e-05 ,0 
884,22.075 ,-1.47551e-05 ,0 
885,22.1 ,-1.43137e-05 ,0 
886,22.125 ,-1.38853e-05 ,0 
887,22.15 ,-1.34695e-05 ,0 
888,22.175 ,-1.3066e-05 ,0 
889,22.2 ,-1.26744e-05 ,0 
890,22.225 ,-1.22943e-05 ,0 
891,22.25 ,-1.19255e-05 ,0 
892,22.275 ,-1.15676e-05 ,0 
893,22.3 ,-1.12203e-05 ,0 
894,22.325 ,-1.08832e-05 ,0 
895,22.35 ,-1.05562e-05 ,0 
896,22.375 ,-1.02389e-05 ,0 
897,22.4 ,-9.93096e-06 ,0 
898,22.425 ,-9.6322e-06 ,0 
899,22.45 ,-9.34232e-06 ,0 
900,22.475 ,-9.06108e-06 ,0 
901,22.5 ,-8.78821e-06 ,0 
902,22.525 ,-8.52349e-06 ,0 
903,22.55 ,-8.26666e-06 ,0 
904,22.575 ,-8.01751e-06 ,0 
905,22.6 ,-7.7758e-06 ,0 
906,22.625 ,-7.54134e-06 ,0 
907,22.65 ,-7.31389e-06 ,0 
908,22.675 ,-7.09327e-06 ,0 
909,22.7 ,-6.87926e-06 ,0 
910,22.725 ,-6.67169e-06 ,0 
911,22.75 ,-6.47036e-06 ,0 
912,22.775 ,-6.27509e-06 ,0 
913,22.8 ,-6.08571e-06 ,0 
914,22.825 ,-5.90205e-06 ,0 
915,22.85 ,-5.72393e-06 ,0 
916,22.875 ,-5.5512e-06 ,0 
917,22.9 ,-5.3837e-06 ,0 
918,22.925 ,-5.22127e-06 ,0 
919,22.95 ,-5.06378e-06 ,0 
920,22.975 ,-4.91108e-06 ,0 
921,23 ,-4.76302e-06 ,0 
922,23.025 ,-4.61948e-06 ,0 
923,23.05 ,-4.48032e-06 ,0 
924,23.075 ,-4.34541e-06 ,0 
925,23.1 ,-4.21464e-06 ,0 
926,23.125 ,-4.08788e-06 ,0 
927,23.15 ,-3.96501e-06 ,0 
928,23.175 ,-3.84592e-06 ,0 
929,23.2 ,-3.73051e-06 ,0 
930,23.225 ,-3.61866e-06 ,0 
931,23.25 ,-3.51028e-06 ,0 
932,23.275 ,-3.40526e-06 ,0 
933,23.3 ,-3.3035e-06 ,0 
934,23.325 ,-3.20492e-06 ,0 
935,23.35 ,-3.10941e-06 ,0 
936,23.375 ,-3.0169e-06 ,0 
937,23.4 ,-2.9273e-06 ,0 
938,23.425 ,-2.84051e-06 ,0 
939,23.45 ,-2.75647e-06 ,0 
940,23.475 ,-2.67509e-06 ,0 
941,23.5 ,-2.5963e-06 ,0 
942,23.525 ,-2.52003e-06 ,0 
943,23.55 ,-2.44619e-06 ,0 
944,23.575 ,-2.37473e-06 ,0 
945,23.6 ,-2.30558e-06 ,0 
946,23.625 ,-2.23867e-06 ,0 
947,23.65 ,-2.17393e-06 ,0 
948,23.675 ,-2.11132e-06 ,0 
949,23.7 ,-2.05076e-06 ,0 
950,23.725 ,-1.99221e-06 ,0 
951,23.75 ,-1.9356e-06 ,0 
952,23.775 ,-1.88089e-06 ,0 
953,23.8 ,-1.82802e-06 ,0 
954,23.825 ,-1.77694e-06 ,0 
955,23.85 ,-1.72761e-06 ,0 
956,23.875 ,-1.67997e-06 ,0 
957,23.9 ,-1.63398e-06 ,0 
958,23.925 ,-1.5896e-06 ,0 
959,23.95 ,-1.54679e-06 ,0 
960,23.975 ,-1.5055e-06 ,0 
961,24 ,-1.4657e-06 ,0 
962,24.025 ,-1.42735e-06 ,0 
963,24.05 ,-1.39041e-06 ,0 
964,24.075 ,-1.35485e-06 ,0 
965,24.1 ,-1.32062e-06 ,0 
966,24.125 ,-1.28771e-06 ,0 
967,24.15 ,-1.25608e-06 ,0 
968,24.175 ,-1.2257e-06 ,0 
969,24.2 ,-1.19653e-06 ,0 
970,24.225 ,-1.16856e-06 ,0 
971,24.25 ,-1.14175e-06 ,0 
972,24.275 ,-1.11608e-06 ,0 
973,24.3 ,-1.09153e-06 ,0 
974,24.325 ,-1.06806e-06 ,0 
975,24.35 ,-1.04567e-06 ,0 
976,24.375 ,-1.02432e-06 ,0 
977,24.4 ,-1.004e-06 ,0 
978,24.425 ,-9.84689e-07 ,0 
979,24.45 ,-9.66366e-07 ,0 
980,24.475 ,-9.49013e-07 ,0 
981,24.5 ,-9.32616e-07 ,0 
982,24.525 ,-9.17158e-07 ,0 
983,24.55 ,-9.02624e-07 ,0 
984,24.575 ,-8.89001e-07 ,0 
985,24.6 ,-8.76276e-07 ,0 
986,24.625 ,-8.64437e-07 ,0 
987,24.65 ,-8.53473e-07 ,0 
988,24.675 ,-8.43373e-07 ,0 
989,24.7 ,-8.34128e-07 ,0 
990,24.725 ,-8.25729e-07 ,0 
991,24.75 ,-8.18169e-07 ,0 
992,24.775 ,-8.1144e-07 ,0 
993,24.8 ,-8.05537e-07 ,0 
994,24.825 ,-8.00454e-07 ,0 
995,24.85 ,-7.96187e-07 ,0 
996,24.875 ,-7.92732e-07 ,0 
997,24.9 ,-7.90086e-07 ,0 
998,24.925 ,-7.88248e-07 ,0 
999,24.95 ,-7.87216e-07 ,0 
1000,24.975 ,-7.86989e-07 ,0 