
1,0 ,0 ,0 
2,0.04 ,0 ,0 
3,0.08 ,0 ,0 
4,0.12 ,5.45088e-09 ,0 
5,0.16 ,1.28147e-08 ,0 
6,0.2 ,2.49552e-08 ,0 
7,0.24 ,4.30273e-08 ,0 
8,0.28 ,6.81718e-08 ,0 
9,0.32 ,1.01508e-07 ,0 
10,0.36 ,1.44129e-07 ,0 
11,0.4 ,1.97098e-07 ,0 
12,0.44 ,2.61446e-07 ,0 
13,0.48 ,3.38165e-07 ,0 
14,0.52 ,4.2821e-07 ,0 
15,0.56 ,5.32489e-07 ,0 
16,0.6 ,6.51866e-07 ,0 
17,0.64 ,7.87157e-07 ,0 
18,0.68 ,9.39122e-07 ,0 
19,0.72 ,1.10847e-06 ,0 
20,0.76 ,1.29585e-06 ,0 
21,0.8 ,1.50186e-06 ,0 
22,0.84 ,1.72702e-06 ,0 
23,0.88 ,1.97181e-06 ,0 
24,0.92 ,2.23662e-06 ,0 
25,0.96 ,2.52179e-06 ,0 
26,1 ,2.82759e-06 ,0 
27,1.04 ,3.15422e-06 ,0 
28,1.08 ,3.50181e-06 ,0 
29,1.12 ,3.8704e-06 ,0 
30,1.16 ,4.26e-06 ,0 
31,1.2 ,4.67052e-06 ,0 
32,1.24 ,5.10179e-06 ,0 
33,1.28 ,5.5536e-06 ,0 
34,1.32 ,6.02563e-06 ,0 
35,1.36 ,6.51753e-06 ,0 
36,1.4 ,7.02885e-06 ,0 
37,1.44 ,7.55907e-06 ,0 
38,1.48 ,8.10763e-06 ,0 
39,1.52 ,8.67387e-06 ,0 
40,1.56 ,9.25708e-06 ,0 
41,1.6 ,9.8565e-06 ,0 
42,1.64 ,1.04713e-05 ,0 
43,1.68 ,1.11005e-05 ,0 
44,1.72 ,1.17432e-05 ,0 
45,1.76 ,1.23985e-05 ,0 
46,1.8 ,1.30651e-05 ,0 
47,1.84 ,1.37421e-05 ,0 
48,1.88 ,1.44283e-05 ,0 
49,1.92 ,1.51223e-05 ,0 
50,1.96 ,1.58231e-05 ,0 
51,2 ,1.65293e-05 ,0 
52,2.04 ,1.72395e-05 ,0 
53,2.08 ,1.79525e-05 ,0 
54,2.12 ,1.86668e-05 ,0 
55,2.16 ,1.9381e-05 ,0 
56,2.2 ,2.00937e-05 ,0 
57,2.24 ,2.08035e-05 ,0 
58,2.28 ,2.15088e-05 ,0 
59,2.32 ,2.22082e-05 ,0 
60,2.36 ,2.29002e-05 ,0 
61,2.4 ,2.35833e-05 ,0 
62,2.44 ,2.4256e-05 ,0 
63,2.48 ,2.49169e-05 ,0 
64,2.52 ,2.55644e-05 ,0 
65,2.56 ,2.61971e-05 ,0 
66,2.6 ,2.68136e-05 ,0 
67,2.64 ,2.74123e-05 ,0 
68,2.68 ,2.79919e-05 ,0 
69,2.72 ,2.8551e-05 ,0 
70,2.76 ,2.90883e-05 ,0 
71,2.8 ,2.96024e-05 ,0 
72,2.84 ,3.00919e-05 ,0 
73,2.88 ,3.05557e-05 ,0 
74,2.92 ,3.09926e-05 ,0 
75,2.96 ,3.14013e-05 ,0 
76,3 ,3.17808e-05 ,0 
77,3.04 ,3.21299e-05 ,0 
78,3.08 ,3.24476e-05 ,0 
79,3.12 ,3.27331e-05 ,0 
80,3.16 ,3.29853e-05 ,0 
81,3.2 ,3.32033e-05 ,0 
82,3.24 ,3.33865e-05 ,0 
83,3.28 ,3.35341e-05 ,0 
84,3.32 ,3.36453e-05 ,0 
85,3.36 ,3.37197e-05 ,0 
86,3.4 ,3.37566e-05 ,0 
87,3.44 ,3.37556e-05 ,0 
88,3.48 ,3.37163e-05 ,0 
89,3.52 ,3.36383e-05 ,0 
90,3.56 ,3.35214e-05 ,0 
91,3.6 ,3.33653e-05 ,0 
92,3.64 ,3.31701e-05 ,0 
93,3.68 ,3.29355e-05 ,0 
94,3.72 ,3.26617e-05 ,0 
95,3.76 ,3.23487e-05 ,0 
96,3.8 ,3.19966e-05 ,0 
97,3.84 ,3.16057e-05 ,0 
98,3.88 ,3.11763e-05 ,0 
99,3.92 ,3.07088e-05 ,0 
100,3.96 ,3.02035e-05 ,0 
101,4 ,2.9661e-05 ,0 
102,4.04 ,2.90818e-05 ,0 
103,4.08 ,2.84666e-05 ,0 
104,4.12 ,2.78159e-05 ,0 
105,4.16 ,2.71307e-05 ,0 
106,4.2 ,2.64115e-05 ,0 
107,4.24 ,2.56594e-05 ,0 
108,4.28 ,2.48752e-05 ,0 
109,4.32 ,2.40599e-05 ,0 
110,4.36 ,2.32144e-05 ,0 
111,4.4 ,2.23399e-05 ,0 
112,4.44 ,2.14374e-05 ,0 
113,4.48 ,2.05081e-05 ,0 
114,4.52 ,1.95531e-05 ,0 
115,4.56 ,1.85736e-05 ,0 
116,4.6 ,1.7571e-05 ,0 
117,4.64 ,1.65464e-05 ,0 
118,4.68 ,1.55013e-05 ,0 
119,4.72 ,1.44369e-05 ,0 
120,4.76 ,1.33546e-05 ,0 
121,4.8 ,1.22557e-05 ,0 
122,4.84 ,1.11418e-05 ,0 
123,4.88 ,1.00141e-05 ,0 
124,4.92 ,8.87409e-06 ,0 
125,4.96 ,7.72325e-06 ,0 
126,5 ,6.56298e-06 ,0 
127,5.04 ,5.39474e-06 ,0 
128,5.08 ,4.21996e-06 ,0 
129,5.12 ,3.0401e-06 ,0 
130,5.16 ,1.85658e-06 ,0 
131,5.2 ,6.70836e-07 ,0 
132,5.24 ,-5.15706e-07 ,0 
133,5.28 ,-1.70164e-06 ,0 
134,5.32 ,-2.88556e-06 ,0 
135,5.36 ,-4.0661e-06 ,0 
136,5.4 ,-5.2419e-06 ,0 
137,5.44 ,-6.41162e-06 ,0 
138,5.48 ,-7.57394e-06 ,0 
139,5.52 ,-8.72757e-06 ,0 
140,5.56 ,-9.87125e-06 ,0 
141,5.6 ,-1.10037e-05 ,0 
142,5.64 ,-1.21239e-05 ,0 
143,5.68 ,-1.32304e-05 ,0 
144,5.72 ,-1.43223e-05 ,0 
145,5.76 ,-1.53984e-05 ,0 
146,5.8 ,-1.64576e-05 ,0 
147,5.84 ,-1.74989e-05 ,0 
148,5.88 ,-1.85214e-05 ,0 
149,5.92 ,-1.95241e-05 ,0 
150,5.96 ,-2.0506e-05 ,0 
151,6 ,-2.14664e-05 ,0 
152,6.04 ,-2.24045e-05 ,0 
153,6.08 ,-2.33193e-05 ,0 
154,6.12 ,-2.42103e-05 ,0 
155,6.16 ,-2.50767e-05 ,0 
156,6.2 ,-2.59179e-05 ,0 
157,6.24 ,-2.67333e-05 ,0 
158,6.28 ,-2.75223e-05 ,0 
159,6.32 ,-2.82845e-05 ,0 
160,6.36 ,-2.90194e-05 ,0 
161,6.4 ,-2.97266e-05 ,0 
162,6.44 ,-3.04057e-05 ,0 
163,6.48 ,-3.10565e-05 ,0 
164,6.52 ,-3.16785e-05 ,0 
165,6.56 ,-3.22717e-05 ,0 
166,6.6 ,-3.28358e-05 ,0 
167,6.64 ,-3.33707e-05 ,0 
168,6.68 ,-3.38762e-05 ,0 
169,6.72 ,-3.43524e-05 ,0 
170,6.76 ,-3.47992e-05 ,0 
171,6.8 ,-3.52166e-05 ,0 
172,6.84 ,-3.56047e-05 ,0 
173,6.88 ,-3.59637e-05 ,0 
174,6.92 ,-3.62935e-05 ,0 
175,6.96 ,-3.65945e-05 ,0 
176,7 ,-3.68668e-05 ,0 
177,7.04 ,-3.71107e-05 ,0 
178,7.08 ,-3.73265e-05 ,0 
179,7.12 ,-3.75144e-05 ,0 
180,7.16 ,-3.76748e-05 ,0 
181,7.2 ,-3.78081e-05 ,0 
182,7.24 ,-3.79147e-05 ,0 
183,7.28 ,-3.7995e-05 ,0 
184,7.32 ,-3.80494e-05 ,0 
185,7.36 ,-3.80785e-05 ,0 
186,7.4 ,-3.80826e-05 ,0 
187,7.44 ,-3.80624e-05 ,0 
188,7.48 ,-3.80184e-05 ,0 
189,7.52 ,-3.79511e-05 ,0 
190,7.56 ,-3.78611e-05 ,0 
191,7.6 ,-3.7749e-05 ,0 
192,7.64 ,-3.76154e-05 ,0 
193,7.68 ,-3.74609e-05 ,0 
194,7.72 ,-3.72861e-05 ,0 
195,7.76 ,-3.70917e-05 ,0 
196,7.8 ,-3.68783e-05 ,0 
197,7.84 ,-3.66466e-05 ,0 
198,7.88 ,-3.63972e-05 ,0 
199,7.92 ,-3.61308e-05 ,0 
200,7.96 ,-3.58481e-05 ,0 
201,8 ,-3.55497e-05 ,0 
202,8.04 ,-3.52363e-05 ,0 
203,8.08 ,-3.49086e-05 ,0 
204,8.12 ,-3.45673e-05 ,0 
205,8.16 ,-3.4213e-05 ,0 
206,8.2 ,-3.38464e-05 ,0 
207,8.24 ,-3.34682e-05 ,0 
208,8.28 ,-3.30791e-05 ,0 
209,8.32 ,-3.26796e-05 ,0 
210,8.36 ,-3.22705e-05 ,0 
211,8.4 ,-3.18524e-05 ,0 
212,8.44 ,-3.14259e-05 ,0 
213,8.48 ,-3.09917e-05 ,0 
214,8.52 ,-3.05504e-05 ,0 
215,8.56 ,-3.01026e-05 ,0 
216,8.6 ,-2.96488e-05 ,0 
217,8.64 ,-2.91898e-05 ,0 
218,8.68 ,-2.8726e-05 ,0 
219,8.72 ,-2.8258e-05 ,0 
220,8.76 ,-2.77865e-05 ,0 
221,8.8 ,-2.73118e-05 ,0 
222,8.84 ,-2.68346e-05 ,0 
223,8.88 ,-2.63554e-05 ,0 
224,8.92 ,-2.58746e-05 ,0 
225,8.96 ,-2.53928e-05 ,0 
226,9 ,-2.49104e-05 ,0 
227,9.04 ,-2.44279e-05 ,0 
228,9.08 ,-2.39457e-05 ,0 
229,9.12 ,-2.34642e-05 ,0 
230,9.16 ,-2.29839e-05 ,0 
231,9.2 ,-2.25051e-05 ,0 
232,9.24 ,-2.20283e-05 ,0 
233,9.28 ,-2.15538e-05 ,0 
234,9.32 ,-2.10819e-05 ,0 
235,9.36 ,-2.0613e-05 ,0 
236,9.4 ,-2.01474e-05 ,0 
237,9.44 ,-1.96854e-05 ,0 
238,9.48 ,-1.92274e-05 ,0 
239,9.52 ,-1.87735e-05 ,0 
240,9.56 ,-1.8324e-05 ,0 
241,9.6 ,-1.78792e-05 ,0 
242,9.64 ,-1.74393e-05 ,0 
243,9.68 ,-1.70046e-05 ,0 
244,9.72 ,-1.65752e-05 ,0 
245,9.76 ,-1.61513e-05 ,0 
246,9.8 ,-1.57331e-05 ,0 
247,9.84 ,-1.53208e-05 ,0 
248,9.88 ,-1.49145e-05 ,0 
249,9.92 ,-1.45144e-05 ,0 
250,9.96 ,-1.41205e-05 ,0 
251,10 ,-1.37331e-05 ,0 
252,10.04 ,-1.33521e-05 ,0 
253,10.08 ,-1.29777e-05 ,0 
254,10.12 ,-1.26101e-05 ,0 
255,10.16 ,-1.22491e-05 ,0 
256,10.2 ,-1.1895e-05 ,0 
257,10.24 ,-1.15477e-05 ,0 
258,10.28 ,-1.12073e-05 ,0 
259,10.32 ,-1.08738e-05 ,0 
260,10.36 ,-1.05473e-05 ,0 
261,10.4 ,-1.02277e-05 ,0 
262,10.44 ,-9.91508e-06 ,0 
263,10.48 ,-9.60941e-06 ,0 
264,10.52 ,-9.31068e-06 ,0 
265,10.56 ,-9.01885e-06 ,0 
266,10.6 ,-8.73389e-06 ,0 
267,10.64 ,-8.45576e-06 ,0 
268,10.68 ,-8.1844e-06 ,0 
269,10.72 ,-7.91977e-06 ,0 
270,10.76 ,-7.66179e-06 ,0 
271,10.8 ,-7.41039e-06 ,0 
272,10.84 ,-7.16552e-06 ,0 
273,10.88 ,-6.92707e-06 ,0 
274,10.92 ,-6.69498e-06 ,0 
275,10.96 ,-6.46916e-06 ,0 
276,11 ,-6.24951e-06 ,0 
277,11.04 ,-6.03594e-06 ,0 
278,11.08 ,-5.82836e-06 ,0 
279,11.12 ,-5.62666e-06 ,0 
280,11.16 ,-5.43075e-06 ,0 
281,11.2 ,-5.24051e-06 ,0 
282,11.24 ,-5.05585e-06 ,0 
283,11.28 ,-4.87666e-06 ,0 
284,11.32 ,-4.70283e-06 ,0 
285,11.36 ,-4.53426e-06 ,0 
286,11.4 ,-4.37082e-06 ,0 
287,11.44 ,-4.21242e-06 ,0 
288,11.48 ,-4.05893e-06 ,0 
289,11.52 ,-3.91027e-06 ,0 
290,11.56 ,-3.7663e-06 ,0 
291,11.6 ,-3.62692e-06 ,0 
292,11.64 ,-3.49203e-06 ,0 
293,11.68 ,-3.36152e-06 ,0 
294,11.72 ,-3.23526e-06 ,0 
295,11.76 ,-3.11317e-06 ,0 
296,11.8 ,-2.99513e-06 ,0 
297,11.84 ,-2.88104e-06 ,0 
298,11.88 ,-2.77078e-06 ,0 
299,11.92 ,-2.66427e-06 ,0 
300,11.96 ,-2.5614e-06 ,0 
301,12 ,-2.46207e-06 ,0 
302,12.04 ,-2.36617e-06 ,0 
303,12.08 ,-2.27362e-06 ,0 
304,12.12 ,-2.18431e-06 ,0 
305,12.16 ,-2.09815e-06 ,0 
306,12.2 ,-2.01506e-06 ,0 
307,12.24 ,-1.93493e-06 ,0 
308,12.28 ,-1.85768e-06 ,0 
309,12.32 ,-1.78323e-06 ,0 
310,12.36 ,-1.71148e-06 ,0 
311,12.4 ,-1.64236e-06 ,0 
312,12.44 ,-1.57578e-06 ,0 
313,12.48 ,-1.51166e-06 ,0 
314,12.52 ,-1.44992e-06 ,0 
315,12.56 ,-1.39049e-06 ,0 
316,12.6 ,-1.33329e-06 ,0 
317,12.64 ,-1.27825e-06 ,0 
318,12.68 ,-1.2253e-06 ,0 
319,12.72 ,-1.17436e-06 ,0 
320,12.76 ,-1.12538e-06 ,0 
321,12.8 ,-1.07829e-06 ,0 
322,12.84 ,-1.03301e-06 ,0 
323,12.88 ,-9.89493e-07 ,0 
324,12.92 ,-9.47673e-07 ,0 
325,12.96 ,-9.07494e-07 ,0 
326,13 ,-8.68895e-07 ,0 
327,13.04 ,-8.31823e-07 ,0 
328,13.08 ,-7.96223e-07 ,0 
329,13.12 ,-7.62043e-07 ,0 
330,13.16 ,-7.2923e-07 ,0 
331,13.2 ,-6.97737e-07 ,0 
332,13.24 ,-6.67515e-07 ,0 
333,13.28 ,-6.38518e-07 ,0 
334,13.32 ,-6.10701e-07 ,0 
335,13.36 ,-5.84019e-07 ,0 
336,13.4 ,-5.58431e-07 ,0 
337,13.44 ,-5.33896e-07 ,0 
338,13.48 ,-5.10374e-07 ,0 
339,13.52 ,-4.87827e-07 ,0 
340,13.56 ,-4.66218e-07 ,0 
341,13.6 ,-4.45511e-07 ,0 
342,13.64 ,-4.25671e-07 ,0 
343,13.68 ,-4.06665e-07 ,0 
344,13.72 ,-3.88461e-07 ,0 
345,13.76 ,-3.71028e-07 ,0 
346,13.8 ,-3.54334e-07 ,0 
347,13.84 ,-3.38352e-07 ,0 
348,13.88 ,-3.23052e-07 ,0 
349,13.92 ,-3.08409e-07 ,0 
350,13.96 ,-2.94395e-07 ,0 
351,14 ,-2.80986e-07 ,0 
352,14.04 ,-2.68157e-07 ,0 
353,14.08 ,-2.55885e-07 ,0 
354,14.12 ,-2.44147e-07 ,0 
355,14.16 ,-2.32922e-07 ,0 
356,14.2 ,-2.22188e-07 ,0 
357,14.24 ,-2.11926e-07 ,0 
358,14.28 ,-2.02116e-07 ,0 
359,14.32 ,-1.92739e-07 ,0 
360,14.36 ,-1.83777e-07 ,0 
361,14.4 ,-1.75214e-07 ,0 
362,14.44 ,-1.67032e-07 ,0 
363,14.48 ,-1.59215e-07 ,0 
364,14.52 ,-1.51748e-07 ,0 
365,14.56 ,-1.44617e-07 ,0 
366,14.6 ,-1.37806e-07 ,0 
367,14.64 ,-1.31303e-07 ,0 
368,14.68 ,-1.25094e-07 ,0 
369,14.72 ,-1.19167e-07 ,0 
370,14.76 ,-1.13509e-07 ,0 
371,14.8 ,-1.08109e-07 ,0 
372,14.84 ,-1.02956e-07 ,0 
373,14.88 ,-9.80393e-08 ,0 
374,14.92 ,-9.33481e-08 ,0 
375,14.96 ,-8.88727e-08 ,0 
376,15 ,-8.46039e-08 ,0 
377,15.04 ,-8.05324e-08 ,0 
378,15.08 ,-7.66496e-08 ,0 
379,15.12 ,-7.29472e-08 ,0 
380,15.16 ,-6.94171e-08 ,0 
381,15.2 ,-6.60518e-08 ,0 
382,15.24 ,-6.28439e-08 ,0 
383,15.28 ,-5.97863e-08 ,0 
384,15.32 ,-5.68723e-08 ,0 
385,15.36 ,-5.40954e-08 ,0 
386,15.4 ,-5.14496e-08 ,0 
387,15.44 ,-4.89288e-08 ,0 
388,15.48 ,-4.65274e-08 ,0 
389,15.52 ,-4.424e-08 ,0 
390,15.56 ,-4.20614e-08 ,0 
391,15.6 ,-3.99866e-08 ,0 
392,15.64 ,-3.80108e-08 ,0 
393,15.68 ,-3.61296e-08 ,0 
394,15.72 ,-3.43386e-08 ,0 
395,15.76 ,-3.26337e-08 ,0 
396,15.8 ,-3.10107e-08 ,0 
397,15.84 ,-2.94661e-08 ,0 
398,15.88 ,-2.7996e-08 ,0 
399,15.92 ,-2.65971e-08 ,0 
400,15.96 ,-2.52661e-08 ,0 
401,16 ,-2.39997e-08 ,0 
402,16.04 ,-2.27949e-08 ,0 
403,16.08 ,-2.16489e-08 ,0 
404,16.12 ,-2.05589e-08 ,0 
405,16.16 ,-1.95221e-08 ,0 
406,16.2 ,-1.85363e-08 ,0 
407,16.24 ,-1.75988e-08 ,0 
408,16.28 ,-1.67074e-08 ,0 
409,16.32 ,-1.586e-08 ,0 
410,16.36 ,-1.50544e-08 ,0 
411,16.4 ,-1.42886e-08 ,0 
412,16.44 ,-1.35607e-08 ,0 
413,16.48 ,-1.2869e-08 ,0 
414,16.52 ,-1.22116e-08 ,0 
415,16.56 ,-1.15869e-08 ,0 
416,16.6 ,-1.09934e-08 ,0 
417,16.64 ,-1.04295e-08 ,0 
418,16.68 ,-9.89378e-09 ,0 
419,16.72 ,-9.38492e-09 ,0 
420,16.76 ,-8.90158e-09 ,0 
421,16.8 ,-8.44253e-09 ,0 
422,16.84 ,-8.00658e-09 ,0 
423,16.88 ,-7.5926e-09 ,0 
424,16.92 ,-7.19952e-09 ,0 
425,16.96 ,-6.8263e-09 ,0 
426,17 ,-6.47198e-09 ,0 
427,17.04 ,-6.13563e-09 ,0 
428,17.08 ,-5.81635e-09 ,0 
429,17.12 ,-5.51331e-09 ,0 
430,17.16 ,-5.2257e-09 ,0 
431,17.2 ,-4.95275e-09 ,0 
432,17.24 ,-4.69375e-09 ,0 
433,17.28 ,-4.44799e-09 ,0 
434,17.32 ,-4.21482e-09 ,0 
435,17.36 ,-3.99361e-09 ,0 
436,17.4 ,-3.78375e-09 ,0 
437,17.44 ,-3.58469e-09 ,0 
438,17.48 ,-3.39588e-09 ,0 
439,17.52 ,-3.2168e-09 ,0 
440,17.56 ,-3.04697e-09 ,0 
441,17.6 ,-2.88592e-09 ,0 
442,17.64 ,-2.73321e-09 ,0 
443,17.68 ,-2.58842e-09 ,0 
444,17.72 ,-2.45114e-09 ,0 
445,17.76 ,-2.32099e-09 ,0 
446,17.8 ,-2.19762e-09 ,0 
447,17.84 ,-2.08068e-09 ,0 
448,17.88 ,-1.96984e-09 ,0 
449,17.92 ,-1.86478e-09 ,0 
450,17.96 ,-1.76523e-09 ,0 
451,18 ,-1.67088e-09 ,0 
452,18.04 ,-1.58148e-09 ,0 
453,18.08 ,-1.49678e-09 ,0 
454,18.12 ,-1.41653e-09 ,0 
455,18.16 ,-1.3405e-09 ,0 
456,18.2 ,-1.26847e-09 ,0 
457,18.24 ,-1.20025e-09 ,0 
458,18.28 ,-1.13562e-09 ,0 
459,18.32 ,-1.07442e-09 ,0 
460,18.36 ,-1.01645e-09 ,0 
461,18.4 ,-9.61558e-10 ,0 
462,18.44 ,-9.09576e-10 ,0 
463,18.48 ,-8.60356e-10 ,0 
464,18.52 ,-8.13752e-10 ,0 
465,18.56 ,-7.69629e-10 ,0 
466,18.6 ,-7.27858e-10 ,0 
467,18.64 ,-6.88316e-10 ,0 
468,18.68 ,-6.50885e-10 ,0 
469,18.72 ,-6.15456e-10 ,0 
470,18.76 ,-5.81923e-10 ,0 
471,18.8 ,-5.50187e-10 ,0 
472,18.84 ,-5.20154e-10 ,0 
473,18.88 ,-4.91733e-10 ,0 
474,18.92 ,-4.6484e-10 ,0 
475,18.96 ,-4.39394e-10 ,0 
476,19 ,-4.1532e-10 ,0 
477,19.04 ,-3.92543e-10 ,0 
478,19.08 ,-3.70996e-10 ,0 
479,19.12 ,-3.50613e-10 ,0 
480,19.16 ,-3.31333e-10 ,0 
481,19.2 ,-3.13096e-10 ,0 
482,19.24 ,-2.95848e-10 ,0 
483,19.28 ,-2.79536e-10 ,0 
484,19.32 ,-2.6411e-10 ,0 
485,19.36 ,-2.49523e-10 ,0 
486,19.4 ,-2.35729e-10 ,0 
487,19.44 ,-2.22687e-10 ,0 
488,19.48 ,-2.10355e-10 ,0 
489,19.52 ,-1.98697e-10 ,0 
490,19.56 ,-1.87676e-10 ,0 
491,19.6 ,-1.77257e-10 ,0 
492,19.64 ,-1.67409e-10 ,0 
493,19.68 ,-1.581e-10 ,0 
494,19.72 ,-1.49302e-10 ,0 
495,19.76 ,-1.40986e-10 ,0 
496,19.8 ,-1.33128e-10 ,0 
497,19.84 ,-1.25702e-10 ,0 
498,19.88 ,-1.18684e-10 ,0 
499,19.92 ,-1.12053e-10 ,0 
500,19.96 ,-1.05788e-10 ,0 
501,20 ,-9.98688e-11 ,0 
502,20.04 ,-9.42766e-11 ,0 
503,20.08 ,-8.89937e-11 ,0 
504,20.12 ,-8.40032e-11 ,0 
505,20.16 ,-7.92893e-11 ,0 
506,20.2 ,-7.48368e-11 ,0 
507,20.24 ,-7.06315e-11 ,0 
508,20.28 ,-6.66599e-11 ,0 
509,20.32 ,-6.29092e-11 ,0 
510,20.36 ,-5.93674e-11 ,0 
511,20.4 ,-5.60229e-11 ,0 
512,20.44 ,-5.28651e-11 ,0 
513,20.48 ,-4.98836e-11 ,0 
514,20.52 ,-4.70687e-11 ,0 
515,20.56 ,-4.44115e-11 ,0 
516,20.6 ,-4.19031e-11 ,0 
517,20.64 ,-3.95353e-11 ,0 
518,20.68 ,-3.73006e-11 ,0 
519,20.72 ,-3.51914e-11 ,0 
520,20.76 ,-3.3201e-11 ,0 
521,20.8 ,-3.13228e-11 ,0 
522,20.84 ,-2.95505e-11 ,0 
523,20.88 ,-2.78785e-11 ,0 
524,20.92 ,-2.6301e-11 ,0 
525,20.96 ,-2.4813e-11 ,0 
526,21 ,-2.34094e-11 ,0 
527,21.04 ,-2.20857e-11 ,0 
528,21.08 ,-2.08374e-11 ,0 
529,21.12 ,-1.96604e-11 ,0 
530,21.16 ,-1.85507e-11 ,0 
531,21.2 ,-1.75046e-11 ,0 
532,21.24 ,-1.65187e-11 ,0 
533,21.28 ,-1.55896e-11 ,0 
534,21.32 ,-1.47143e-11 ,0 
535,21.36 ,-1.38897e-11 ,0 
536,21.4 ,-1.31131e-11 ,0 
537,21.44 ,-1.23818e-11 ,0 
538,21.48 ,-1.16935e-11 ,0 
539,21.52 ,-1.10458e-11 ,0 
540,21.56 ,-1.04364e-11 ,0 
541,21.6 ,-9.86342e-12 ,0 
542,21.64 ,-9.32477e-12 ,0 
543,21.68 ,-8.81866e-12 ,0 
544,21.72 ,-8.34337e-12 ,0 
545,21.76 ,-7.89727e-12 ,0 
546,21.8 ,-7.47886e-12 ,0 
547,21.84 ,-7.08668e-12 ,0 
548,21.88 ,-6.71941e-12 ,0 
549,21.92 ,-6.37578e-12 ,0 
550,21.96 ,-6.05462e-12 ,0 
551,22 ,-5.75482e-12 ,0 
552,22.04 ,-5.47534e-12 ,0 
553,22.08 ,-5.21524e-12 ,0 
554,22.12 ,-4.97361e-12 ,0 
555,22.16 ,-4.74962e-12 ,0 
556,22.2 ,-4.5425e-12 ,0 
557,22.24 ,-4.35153e-12 ,0 
558,22.28 ,-4.17606e-12 ,0 
559,22.32 ,-4.01548e-12 ,0 
560,22.36 ,-3.86923e-12 ,0 
561,22.4 ,-3.73681e-12 ,0 
562,22.44 ,-3.61776e-12 ,0 
563,22.48 ,-3.51168e-12 ,0 
564,22.52 ,-3.41819e-12 ,0 
565,22.56 ,-3.33699e-12 ,0 
566,22.6 ,-3.26779e-12 ,0 
567,22.64 ,-3.21036e-12 ,0 
568,22.68 ,-3.1645e-12 ,0 
569,22.72 ,-3.13007e-12 ,0 
570,22.76 ,-3.10695e-12 ,0 
571,22.8 ,-3.09508e-12 ,0 
572,22.84 ,-3.09442e-12 ,0 
573,22.88 ,-3.10499e-12 ,0 
574,22.92 ,-3.12683e-12 ,0 
575,22.96 ,-3.16005e-12 ,0 
576,23 ,-3.20477e-12 ,0 
577,23.04 ,-3.26117e-12 ,0 
578,23.08 ,-3.32947e-12 ,0 
579,23.12 ,-3.40994e-12 ,0 
580,23.16 ,-3.50288e-12 ,0 
581,23.2 ,-3.60865e-12 ,0 
582,23.24 ,-3.72765e-12 ,0 
583,23.28 ,-3.86033e-12 ,0 
584,23.32 ,-4.0072e-12 ,0 
585,23.36 ,-4.16881e-12 ,0 
586,23.4 ,-4.34578e-12 ,0 
587,23.44 ,-4.53877e-12 ,0 
588,23.48 ,-4.74851e-12 ,0 
589,23.52 ,-4.97581e-12 ,0 
590,23.56 ,-5.22151e-12 ,0 
591,23.6 ,-5.48655e-12 ,0 
592,23.64 ,-5.77193e-12 ,0 
593,23.68 ,-6.07874e-12 ,0 
594,23.72 ,-6.40814e-12 ,0 
595,23.76 ,-6.76138e-12 ,0 
596,23.8 ,-7.1398e-12 ,0 
597,23.84 ,-7.54483e-12 ,0 
598,23.88 ,-7.97803e-12 ,0 
599,23.92 ,-8.44103e-12 ,0 
600,23.96 ,-8.9356e-12 ,0 
601,24 ,-9.46363e-12 ,0 
602,24.04 ,-1.00271e-11 ,0 
603,24.08 ,-1.06282e-11 ,0 
604,24.12 ,-1.12693e-11 ,0 
605,24.16 ,-1.19527e-11 ,0 
606,24.2 ,-1.26811e-11 ,0 
607,24.24 ,-1.34573e-11 ,0 
608,24.28 ,-1.42842e-11 ,0 
609,24.32 ,-1.5165e-11 ,0 
610,24.36 ,-1.61032e-11 ,0 
611,24.4 ,-1.71023e-11 ,0 
612,24.44 ,-1.81661e-11 ,0 
613,24.48 ,-1.92988e-11 ,0 
614,24.52 ,-2.05048e-11 ,0 
615,24.56 ,-2.17886e-11 ,0 
616,24.6 ,-2.31553e-11 ,0 
617,24.64 ,-2.461e-11 ,0 
618,24.68 ,-2.61586e-11 ,0 
619,24.72 ,-2.78069e-11 ,0 
620,24.76 ,-2.95613e-11 ,0 
621,24.8 ,-3.14287e-11 ,0 
622,24.84 ,-3.34162e-11 ,0 
623,24.88 ,-3.55317e-11 ,0 
624,24.92 ,-3.77834e-11 ,0 
625,24.96 ,-4.018e-11 ,0 
626,25 ,-4.27308e-11 ,0 
627,25.04 ,-4.54458e-11 ,0 
628,25.08 ,-4.83356e-11 ,0 
629,25.12 ,-5.14115e-11 ,0 
630,25.16 ,-5.46856e-11 ,0 
631,25.2 ,-5.81706e-11 ,0 
632,25.24 ,-6.18801e-11 ,0 
633,25.28 ,-6.58288e-11 ,0 
634,25.32 ,-7.00322e-11 ,0 
635,25.36 ,-7.45066e-11 ,0 
636,25.4 ,-7.92698e-11 ,0 
637,25.44 ,-8.43404e-11 ,0 
638,25.48 ,-8.97385e-11 ,0 
639,25.52 ,-9.54852e-11 ,0 
640,25.56 ,-1.01603e-10 ,0 
641,25.6 ,-1.08117e-10 ,0 
642,25.64 ,-1.15052e-10 ,0 
643,25.68 ,-1.22435e-10 ,0 
644,25.72 ,-1.30297e-10 ,0 
645,25.76 ,-1.38667e-10 ,0 
646,25.8 ,-1.47579e-10 ,0 
647,25.84 ,-1.5707e-10 ,0 
648,25.88 ,-1.67175e-10 ,0 
649,25.92 ,-1.77935e-10 ,0 
650,25.96 ,-1.89394e-10 ,0 
651,26 ,-2.01597e-10 ,0 
652,26.04 ,-2.14591e-10 ,0 
653,26.08 ,-2.2843e-10 ,0 
654,26.12 ,-2.43169e-10 ,0 
655,26.16 ,-2.58865e-10 ,0 
656,26.2 ,-2.75583e-10 ,0 
657,26.24 ,-2.93388e-10 ,0 
658,26.28 ,-3.12352e-10 ,0 
659,26.32 ,-3.32551e-10 ,0 
660,26.36 ,-3.54065e-10 ,0 
661,26.4 ,-3.76982e-10 ,0 
662,26.44 ,-4.01394e-10 ,0 
663,26.48 ,-4.27397e-10 ,0 
664,26.52 ,-4.55097e-10 ,0 
665,26.56 ,-4.84605e-10 ,0 
666,26.6 ,-5.16041e-10 ,0 
667,26.64 ,-5.4953e-10 ,0 
668,26.68 ,-5.85207e-10 ,0 
669,26.72 ,-6.23218e-10 ,0 
670,26.76 ,-6.63714e-10 ,0 
671,26.8 ,-7.06861e-10 ,0 
672,26.84 ,-7.52831e-10 ,0 
673,26.88 ,-8.01813e-10 ,0 
674,26.92 ,-8.54003e-10 ,0 
675,26.96 ,-9.09613e-10 ,0 
676,27 ,-9.68869e-10 ,0 
677,27.04 ,-1.03201e-09 ,0 
678,27.08 ,-1.0993e-09 ,0 
679,27.12 ,-1.171e-09 ,0 
680,27.16 ,-1.24741e-09 ,0 
681,27.2 ,-1.32884e-09 ,0 
682,27.24 ,-1.41562e-09 ,0 
683,27.28 ,-1.50811e-09 ,0 
684,27.32 ,-1.60668e-09 ,0 
685,27.36 ,-1.71173e-09 ,0 
686,27.4 ,-1.82369e-09 ,0 
687,27.44 ,-1.94303e-09 ,0 
688,27.48 ,-2.07023e-09 ,0 
689,27.52 ,-2.20581e-09 ,0 
690,27.56 ,-2.35032e-09 ,0 
691,27.6 ,-2.50437e-09 ,0 
692,27.64 ,-2.66857e-09 ,0 
693,27.68 ,-2.84361e-09 ,0 
694,27.72 ,-3.03021e-09 ,0 
695,27.76 ,-3.22912e-09 ,0 
696,27.8 ,-3.44117e-09 ,0 
697,27.84 ,-3.66724e-09 ,0 
698,27.88 ,-3.90825e-09 ,0 
699,27.92 ,-4.1652e-09 ,0 
700,27.96 ,-4.43915e-09 ,0 
701,28 ,-4.73122e-09 ,0 
702,28.04 ,-5.04263e-09 ,0 
703,28.08 ,-5.37466e-09 ,0 
704,28.12 ,-5.72869e-09 ,0 
705,28.16 ,-6.10618e-09 ,0 
706,28.2 ,-6.50869e-09 ,0 
707,28.24 ,-6.9379e-09 ,0 
708,28.28 ,-7.39558e-09 ,0 
709,28.32 ,-7.88363e-09 ,0 
710,28.36 ,-8.40408e-09 ,0 
711,28.4 ,-8.95909e-09 ,0 
712,28.44 ,-9.55097e-09 ,0 
713,28.48 ,-1.01822e-08 ,0 
714,28.52 ,-1.08554e-08 ,0 
715,28.56 ,-1.15733e-08 ,0 
716,28.6 ,-1.2339e-08 ,0 
717,28.64 ,-1.31556e-08 ,0 
718,28.68 ,-1.40267e-08 ,0 
719,28.72 ,-1.49557e-08 ,0 
720,28.76 ,-1.59466e-08 ,0 
721,28.8 ,-1.70035e-08 ,0 
722,28.84 ,-1.81308e-08 ,0 
723,28.88 ,-1.93334e-08 ,0 
724,28.92 ,-2.06161e-08 ,0 
725,28.96 ,-2.19845e-08 ,0 
726,29 ,-2.34441e-08 ,0 
727,29.04 ,-2.50012e-08 ,0 
728,29.08 ,-2.66623e-08 ,0 
729,29.12 ,-2.84344e-08 ,0 
730,29.16 ,-3.03249e-08 ,0 
731,29.2 ,-3.23418e-08 ,0 
732,29.24 ,-3.44935e-08 ,0 
733,29.28 ,-3.67892e-08 ,0 
734,29.32 ,-3.92386e-08 ,0 
735,29.36 ,-4.18518e-08 ,0 
736,29.4 ,-4.46401e-08 ,0 
737,29.44 ,-4.76151e-08 ,0 
738,29.48 ,-5.07894e-08 ,0 
739,29.52 ,-5.41765e-08 ,0 
740,29.56 ,-5.77907e-08 ,0 
741,29.6 ,-6.16472e-08 ,0 
742,29.64 ,-6.57624e-08 ,0 
743,29.68 ,-7.01538e-08 ,0 
744,29.72 ,-7.484e-08 ,0 
745,29.76 ,-7.98408e-08 ,0 
746,29.8 ,-8.51776e-08 ,0 
747,29.84 ,-9.08729e-08 ,0 
748,29.88 ,-9.69509e-08 ,0 
749,29.92 ,-1.03438e-07 ,0 
750,29.96 ,-1.1036e-07 ,0 
751,30 ,-1.17749e-07 ,0 
752,30.04 ,-1.25635e-07 ,0 
753,30.08 ,-1.34051e-07 ,0 
754,30.12 ,-1.43035e-07 ,0 
755,30.16 ,-1.52623e-07 ,0 
756,30.2 ,-1.62857e-07 ,0 
757,30.24 ,-1.73781e-07 ,0 
758,30.28 ,-1.85441e-07 ,0 
759,30.32 ,-1.97888e-07 ,0 
760,30.36 ,-2.11174e-07 ,0 
761,30.4 ,-2.25357e-07 ,0 
762,30.44 ,-2.40496e-07 ,0 
763,30.48 ,-2.56658e-07 ,0 
764,30.52 ,-2.73911e-07 ,0 
765,30.56 ,-2.9233e-07 ,0 
766,30.6 ,-3.11993e-07 ,0 
767,30.64 ,-3.32985e-07 ,0 
768,30.68 ,-3.55396e-07 ,0 
769,30.72 ,-3.79322e-07 ,0 
770,30.76 ,-4.04868e-07 ,0 
771,30.8 ,-4.32141e-07 ,0 
772,30.84 ,-4.61261e-07 ,0 
773,30.88 ,-4.92352e-07 ,0 
774,30.92 ,-5.25549e-07 ,0 
775,30.96 ,-5.60995e-07 ,0 
776,31 ,-5.98842e-07 ,0 
777,31.04 ,-6.39254e-07 ,0 
778,31.08 ,-6.82407e-07 ,0 
779,31.12 ,-7.28485e-07 ,0 
780,31.16 ,-7.7769e-07 ,0 
781,31.2 ,-8.30233e-07 ,0 
782,31.24 ,-8.86342e-07 ,0 
783,31.28 ,-9.46261e-07 ,0 
784,31.32 ,-1.01025e-06 ,0 
785,31.36 ,-1.07858e-06 ,0 
786,31.4 ,-1.15156e-06 ,0 
787,31.44 ,-1.2295e-06 ,0 
788,31.48 ,-1.31273e-06 ,0 
789,31.52 ,-1.40163e-06 ,0 
790,31.56 ,-1.49657e-06 ,0 
791,31.6 ,-1.59797e-06 ,0 
792,31.64 ,-1.70628e-06 ,0 
793,31.68 ,-1.82195e-06 ,0 
794,31.72 ,-1.9455e-06 ,0 
795,31.76 ,-2.07747e-06 ,0 
796,31.8 ,-2.21843e-06 ,0 
797,31.84 ,-2.36899e-06 ,0 
798,31.88 ,-2.52982e-06 ,0 
799,31.92 ,-2.70161e-06 ,0 
800,31.96 ,-2.88511e-06 ,0 
801,32 ,-3.08114e-06 ,0 
802,32.04 ,-3.29054e-06 ,0 
803,32.08 ,-3.51423e-06 ,0 
804,32.12 ,-3.7532e-06 ,0 
805,32.16 ,-4.00848e-06 ,0 
806,32.2 ,-4.2812e-06 ,0 
807,32.24 ,-4.57255e-06 ,0 
808,32.28 ,-4.88381e-06 ,0 
809,32.32 ,-5.21635e-06 ,0 
810,32.36 ,-5.57163e-06 ,0 
811,32.4 ,-5.9512e-06 ,0 
812,32.44 ,-6.35674e-06 ,0 
813,32.48 ,-6.79003e-06 ,0 
814,32.52 ,-7.25298e-06 ,0 
815,32.56 ,-7.74761e-06 ,0 
816,32.6 ,-8.27612e-06 ,0 
817,32.64 ,-8.84083e-06 ,0 
818,32.68 ,-9.44422e-06 ,0 
819,32.72 ,-1.0089e-05 ,0 
820,32.76 ,-1.07779e-05 ,0 
821,32.8 ,-1.15141e-05 ,0 
822,32.84 ,-1.23007e-05 ,0 
823,32.88 ,-1.31414e-05 ,0 
824,32.92 ,-1.40396e-05 ,0 
825,32.96 ,-1.49996e-05 ,0 
826,33 ,-1.60254e-05 ,0 
827,33.04 ,-1.71217e-05 ,0 
828,33.08 ,-1.82932e-05 ,0 
829,33.12 ,-1.95453e-05 ,0 
830,33.16 ,-2.08833e-05 ,0 
831,33.2 ,-2.23133e-05 ,0 
832,33.24 ,-2.38417e-05 ,0 
833,33.28 ,-2.54751e-05 ,0 
834,33.32 ,-2.72208e-05 ,0 
835,33.36 ,-2.90867e-05 ,0 
836,33.4 ,-3.10809e-05 ,0 
837,33.44 ,-3.32124e-05 ,0 
838,33.48 ,-3.54906e-05 ,0 
839,33.52 ,-3.79256e-05 ,0 
840,33.56 ,-4.05284e-05 ,0 
841,33.6 ,-4.33105e-05 ,0 
842,33.64 ,-4.62842e-05 ,0 
843,33.68 ,-4.94629e-05 ,0 
844,33.72 ,-5.28608e-05 ,0 
845,33.76 ,-5.64929e-05 ,0 
846,33.8 ,-6.03755e-05 ,0 
847,33.84 ,-6.45259e-05 ,0 
848,33.88 ,-6.89627e-05 ,0 
849,33.92 ,-7.37058e-05 ,0 
850,33.96 ,-7.87762e-05 ,0 
851,34 ,-8.41967e-05 ,0 
852,34.04 ,-8.99915e-05 ,0 
853,34.08 ,-9.61866e-05 ,0 
854,34.12 ,-0.00010281 ,0 
855,34.16 ,-0.000109891 ,0 
856,34.2 ,-0.000117461 ,0 
857,34.24 ,-0.000125555 ,0 
858,34.28 ,-0.000134208 ,0 
859,34.32 ,-0.00014346 ,0 
860,34.36 ,-0.000153352 ,0 
861,34.4 ,-0.000163928 ,0 
862,34.44 ,-0.000175237 ,0 
863,34.48 ,-0.000187328 ,0 
864,34.52 ,-0.000200257 ,0 
865,34.56 ,-0.000214081 ,0 
866,34.6 ,-0.000228862 ,0 
867,34.64 ,-0.000244668 ,0 
868,34.68 ,-0.000261569 ,0 
869,34.72 ,-0.000279642 ,0 
870,34.76 ,-0.000298968 ,0 
871,34.8 ,-0.000319634 ,0 
872,34.84 ,-0.000341733 ,0 
873,34.88 ,-0.000365366 ,0 
874,34.92 ,-0.000390639 ,0 
875,34.96 ,-0.000417665 ,0 
876,35 ,-0.000446568 ,0 
877,35.04 ,-0.000477478 ,0 
878,35.08 ,-0.000510534 ,0 
879,35.12 ,-0.000545886 ,0 
880,35.16 ,-0.000583695 ,0 
881,35.2 ,-0.000624131 ,0 
882,35.24 ,-0.000667378 ,0 
883,35.28 ,-0.000713632 ,0 
884,35.32 ,-0.000763102 ,0 
885,35.36 ,-0.000816012 ,0 
886,35.4 ,-0.000872603 ,0 
887,35.44 ,-0.000933132 ,0 
888,35.48 ,-0.000997873 ,0 
889,35.52 ,-0.00106712 ,0 
890,35.56 ,-0.00114119 ,0 
891,35.6 ,-0.00122042 ,0 
892,35.64 ,-0.00130516 ,0 
893,35.68 ,-0.00139581 ,0 
894,35.72 ,-0.00149277 ,0 
895,35.76 ,-0.00159649 ,0 
896,35.8 ,-0.00170745 ,0 
897,35.84 ,-0.00182613 ,0 
898,35.88 ,-0.0019531 ,0 
899,35.92 ,-0.00208892 ,0 
900,35.96 ,-0.00223421 ,0 
901,36 ,-0.00238964 ,0 
902,36.04 ,-0.00255592 ,0 
903,36.08 ,-0.0027338 ,0 
904,36.12 ,-0.00292411 ,0 
905,36.16 ,-0.0031277 ,0 
906,36.2 ,-0.00334552 ,0 
907,36.24 ,-0.00357854 ,0 
908,36.28 ,-0.00382786 ,0 
909,36.32 ,-0.00409459 ,0 
910,36.36 ,-0.00437997 ,0 
911,36.4 ,-0.00468529 ,0 
912,36.44 ,-0.00501197 ,0 
913,36.48 ,-0.00536149 ,0 
914,36.52 ,-0.00573547 ,0 
915,36.56 ,-0.00613561 ,0 
916,36.6 ,-0.00656374 ,0 
917,36.64 ,-0.00702185 ,0 
918,36.68 ,-0.00751202 ,0 
919,36.72 ,-0.00803651 ,0 
920,36.76 ,-0.00859774 ,0 
921,36.8 ,-0.00919827 ,0 
922,36.84 ,-0.00984087 ,0 
923,36.88 ,-0.0105285 ,0 
924,36.92 ,-0.0112643 ,0 
925,36.96 ,-0.0120517 ,0 
926,37 ,-0.0128943 ,0 
927,37.04 ,-0.013796 ,0 
928,37.08 ,-0.0147609 ,0 
929,37.12 ,-0.0157936 ,0 
930,37.16 ,-0.0168986 ,0 
931,37.2 ,-0.0180812 ,0 
932,37.24 ,-0.0193468 ,0 
933,37.28 ,-0.0207013 ,0 
934,37.32 ,-0.0221508 ,0 
935,37.36 ,-0.0237022 ,0 
936,37.4 ,-0.0253624 ,0 
937,37.44 ,-0.0271394 ,0 
938,37.48 ,-0.0290412 ,0 
939,37.52 ,-0.0310766 ,0 
940,37.56 ,-0.0332551 ,0 
941,37.6 ,-0.0355867 ,0 
942,37.64 ,-0.0380823 ,0 
943,37.68 ,-0.0407534 ,0 
944,37.72 ,-0.0436123 ,0 
945,37.76 ,-0.0466724 ,0 
946,37.8 ,-0.0499478 ,0 
947,37.84 ,-0.0534537 ,0 
948,37.88 ,-0.0572064 ,0 
949,37.92 ,-0.0612232 ,0 
950,37.96 ,-0.0655229 ,0 
951,38 ,-0.0701253 ,0 
952,38.04 ,-0.075052 ,0 
953,38.08 ,-0.0803257 ,0 
954,38.12 ,-0.085971 ,0 
955,38.16 ,-0.0920141 ,0 
956,38.2 ,-0.0984832 ,0 
957,38.24 ,-0.105408 ,0 
958,38.28 ,-0.112822 ,0 
959,38.32 ,-0.120758 ,0 
960,38.36 ,-0.129254 ,0 
961,38.4 ,-0.138349 ,0 
962,38.44 ,-0.148086 ,0 
963,38.48 ,-0.15851 ,0 
964,38.52 ,-0.16967 ,0 
965,38.56 ,-0.181618 ,0 
966,38.6 ,-0.194409 ,0 
967,38.64 ,-0.208104 ,0 
968,38.68 ,-0.222765 ,0 
969,38.72 ,-0.238463 ,0 
970,38.76 ,-0.255269 ,0 
971,38.8 ,-0.273263 ,0 
972,38.84 ,-0.292529 ,0 
973,38.88 ,-0.313157 ,0 
974,38.92 ,-0.335242 ,0 
975,38.96 ,-0.35889 ,0 
976,39 ,-0.38421 ,0 
977,39.04 ,-0.411321 ,0 
978,39.08 ,-0.44035 ,0 
979,39.12 ,-0.471433 ,0 
980,39.16 ,-0.504715 ,0 
981,39.2 ,-0.540353 ,0 
982,39.24 ,-0.578514 ,0 
983,39.28 ,-0.619377 ,0 
984,39.32 ,-0.663133 ,0 
985,39.36 ,-0.709989 ,0 
986,39.4 ,-0.760163 ,0 
987,39.44 ,-0.813892 ,0 
988,39.48 ,-0.871429 ,0 
989,39.52 ,-0.933043 ,0 
990,39.56 ,-0.999024 ,0 
991,39.6 ,-1.06968 ,0 
992,39.64 ,-1.14535 ,0 
993,39.68 ,-1.22639 ,0 
994,39.72 ,-1.31317 ,0 
995,39.76 ,-1.40611 ,0 
996,39.8 ,-1.50564 ,0 
997,39.84 ,-1.61223 ,0 
998,39.88 ,-1.72639 ,0 
999,39.92 ,-1.84866 ,0 
1000,39.96 ,-1.9796 ,0 