
1,0 ,0 ,0 
2,0.04 ,0 ,0 
3,0.08 ,0 ,0 
4,0.12 ,0.000809118 ,0 
5,0.16 ,0.00140047 ,0 
6,0.2 ,0.00216481 ,0 
7,0.24 ,0.00309885 ,0 
8,0.28 ,0.0042 ,0 
9,0.32 ,0.00546572 ,0 
10,0.36 ,0.00689331 ,0 
11,0.4 ,0.00847986 ,0 
12,0.44 ,0.0102222 ,0 
13,0.48 ,0.0121168 ,0 
14,0.52 ,0.01416 ,0 
15,0.56 ,0.0163477 ,0 
16,0.6 ,0.0186757 ,0 
17,0.64 ,0.0211393 ,0 
18,0.68 ,0.0237338 ,0 
19,0.72 ,0.0264541 ,0 
20,0.76 ,0.0292948 ,0 
21,0.8 ,0.0322505 ,0 
22,0.84 ,0.0353153 ,0 
23,0.88 ,0.0384832 ,0 
24,0.92 ,0.0417481 ,0 
25,0.96 ,0.0451036 ,0 
26,1 ,0.0485432 ,0 
27,1.04 ,0.0520602 ,0 
28,1.08 ,0.0556477 ,0 
29,1.12 ,0.0592987 ,0 
30,1.16 ,0.0630062 ,0 
31,1.2 ,0.0667629 ,0 
32,1.24 ,0.0705615 ,0 
33,1.28 ,0.0743946 ,0 
34,1.32 ,0.0782548 ,0 
35,1.36 ,0.0821346 ,0 
36,1.4 ,0.0860264 ,0 
37,1.44 ,0.0899227 ,0 
38,1.48 ,0.0938159 ,0 
39,1.52 ,0.0976985 ,0 
40,1.56 ,0.101563 ,0 
41,1.6 ,0.105402 ,0 
42,1.64 ,0.109207 ,0 
43,1.68 ,0.112972 ,0 
44,1.72 ,0.116689 ,0 
45,1.76 ,0.120351 ,0 
46,1.8 ,0.12395 ,0 
47,1.84 ,0.127481 ,0 
48,1.88 ,0.130935 ,0 
49,1.92 ,0.134306 ,0 
50,1.96 ,0.137587 ,0 
51,2 ,0.140773 ,0 
52,2.04 ,0.143856 ,0 
53,2.08 ,0.146831 ,0 
54,2.12 ,0.149692 ,0 
55,2.16 ,0.152432 ,0 
56,2.2 ,0.155047 ,0 
57,2.24 ,0.157531 ,0 
58,2.28 ,0.15988 ,0 
59,2.32 ,0.162088 ,0 
60,2.36 ,0.16415 ,0 
61,2.4 ,0.166063 ,0 
62,2.44 ,0.167823 ,0 
63,2.48 ,0.169425 ,0 
64,2.52 ,0.170867 ,0 
65,2.56 ,0.172144 ,0 
66,2.6 ,0.173254 ,0 
67,2.64 ,0.174194 ,0 
68,2.68 ,0.174962 ,0 
69,2.72 ,0.175555 ,0 
70,2.76 ,0.175972 ,0 
71,2.8 ,0.176211 ,0 
72,2.84 ,0.176271 ,0 
73,2.88 ,0.17615 ,0 
74,2.92 ,0.175848 ,0 
75,2.96 ,0.175365 ,0 
76,3 ,0.174701 ,0 
77,3.04 ,0.173854 ,0 
78,3.08 ,0.172827 ,0 
79,3.12 ,0.171619 ,0 
80,3.16 ,0.170231 ,0 
81,3.2 ,0.168665 ,0 
82,3.24 ,0.166922 ,0 
83,3.28 ,0.165003 ,0 
84,3.32 ,0.162911 ,0 
85,3.36 ,0.160648 ,0 
86,3.4 ,0.158215 ,0 
87,3.44 ,0.155617 ,0 
88,3.48 ,0.152855 ,0 
89,3.52 ,0.149933 ,0 
90,3.56 ,0.146854 ,0 
91,3.6 ,0.143622 ,0 
92,3.64 ,0.140239 ,0 
93,3.68 ,0.136711 ,0 
94,3.72 ,0.13304 ,0 
95,3.76 ,0.129232 ,0 
96,3.8 ,0.12529 ,0 
97,3.84 ,0.121219 ,0 
98,3.88 ,0.117023 ,0 
99,3.92 ,0.112708 ,0 
100,3.96 ,0.108278 ,0 
101,4 ,0.103738 ,0 
102,4.04 ,0.0990939 ,0 
103,4.08 ,0.0943496 ,0 
104,4.12 ,0.0895108 ,0 
105,4.16 ,0.0845829 ,0 
106,4.2 ,0.0795711 ,0 
107,4.24 ,0.0744809 ,0 
108,4.28 ,0.0693177 ,0 
109,4.32 ,0.0640869 ,0 
110,4.36 ,0.0587941 ,0 
111,4.4 ,0.0534446 ,0 
112,4.44 ,0.048044 ,0 
113,4.48 ,0.0425977 ,0 
114,4.52 ,0.0371113 ,0 
115,4.56 ,0.03159 ,0 
116,4.6 ,0.0260394 ,0 
117,4.64 ,0.0204647 ,0 
118,4.68 ,0.0148713 ,0 
119,4.72 ,0.00926431 ,0 
120,4.76 ,0.00364899 ,0 
121,4.8 ,-0.00196959 ,0 
122,4.84 ,-0.00758643 ,0 
123,4.88 ,-0.0131966 ,0 
124,4.92 ,-0.0187953 ,0 
125,4.96 ,-0.0243779 ,0 
126,5 ,-0.0299396 ,0 
127,5.04 ,-0.035476 ,0 
128,5.08 ,-0.0409827 ,0 
129,5.12 ,-0.0464555 ,0 
130,5.16 ,-0.0518901 ,0 
131,5.2 ,-0.0572824 ,0 
132,5.24 ,-0.0626287 ,0 
133,5.28 ,-0.0679249 ,0 
134,5.32 ,-0.0731675 ,0 
135,5.36 ,-0.0783527 ,0 
136,5.4 ,-0.0834772 ,0 
137,5.44 ,-0.0885374 ,0 
138,5.48 ,-0.0935303 ,0 
139,5.52 ,-0.0984525 ,0 
140,5.56 ,-0.103301 ,0 
141,5.6 ,-0.108073 ,0 
142,5.64 ,-0.112766 ,0 
143,5.68 ,-0.117377 ,0 
144,5.72 ,-0.121903 ,0 
145,5.76 ,-0.126342 ,0 
146,5.8 ,-0.130691 ,0 
147,5.84 ,-0.134949 ,0 
148,5.88 ,-0.139113 ,0 
149,5.92 ,-0.143181 ,0 
150,5.96 ,-0.147151 ,0 
151,6 ,-0.151022 ,0 
152,6.04 ,-0.154791 ,0 
153,6.08 ,-0.158458 ,0 
154,6.12 ,-0.16202 ,0 
155,6.16 ,-0.165475 ,0 
156,6.2 ,-0.168824 ,0 
157,6.24 ,-0.172064 ,0 
158,6.28 ,-0.175195 ,0 
159,6.32 ,-0.178215 ,0 
160,6.36 ,-0.181123 ,0 
161,6.4 ,-0.183919 ,0 
162,6.44 ,-0.186602 ,0 
163,6.48 ,-0.189171 ,0 
164,6.52 ,-0.191626 ,0 
165,6.56 ,-0.193966 ,0 
166,6.6 ,-0.19619 ,0 
167,6.64 ,-0.198299 ,0 
168,6.68 ,-0.200292 ,0 
169,6.72 ,-0.202168 ,0 
170,6.76 ,-0.203929 ,0 
171,6.8 ,-0.205573 ,0 
172,6.84 ,-0.207101 ,0 
173,6.88 ,-0.208512 ,0 
174,6.92 ,-0.209808 ,0 
175,6.96 ,-0.210988 ,0 
176,7 ,-0.212053 ,0 
177,7.04 ,-0.213003 ,0 
178,7.08 ,-0.213838 ,0 
179,7.12 ,-0.214559 ,0 
180,7.16 ,-0.215167 ,0 
181,7.2 ,-0.215661 ,0 
182,7.24 ,-0.216044 ,0 
183,7.28 ,-0.216314 ,0 
184,7.32 ,-0.216474 ,0 
185,7.36 ,-0.216524 ,0 
186,7.4 ,-0.216465 ,0 
187,7.44 ,-0.216298 ,0 
188,7.48 ,-0.216023 ,0 
189,7.52 ,-0.215643 ,0 
190,7.56 ,-0.215157 ,0 
191,7.6 ,-0.214566 ,0 
192,7.64 ,-0.213873 ,0 
193,7.68 ,-0.213078 ,0 
194,7.72 ,-0.212182 ,0 
195,7.76 ,-0.211187 ,0 
196,7.8 ,-0.210094 ,0 
197,7.84 ,-0.208904 ,0 
198,7.88 ,-0.207618 ,0 
199,7.92 ,-0.206237 ,0 
200,7.96 ,-0.204764 ,0 
201,8 ,-0.2032 ,0 
202,8.04 ,-0.201545 ,0 
203,8.08 ,-0.199802 ,0 
204,8.12 ,-0.197971 ,0 
205,8.16 ,-0.196055 ,0 
206,8.2 ,-0.194054 ,0 
207,8.24 ,-0.191971 ,0 
208,8.28 ,-0.189806 ,0 
209,8.32 ,-0.187562 ,0 
210,8.36 ,-0.18524 ,0 
211,8.4 ,-0.182841 ,0 
212,8.44 ,-0.180367 ,0 
213,8.48 ,-0.17782 ,0 
214,8.52 ,-0.175201 ,0 
215,8.56 ,-0.172512 ,0 
216,8.6 ,-0.169754 ,0 
217,8.64 ,-0.166929 ,0 
218,8.68 ,-0.164039 ,0 
219,8.72 ,-0.161086 ,0 
220,8.76 ,-0.15807 ,0 
221,8.8 ,-0.154994 ,0 
222,8.84 ,-0.151859 ,0 
223,8.88 ,-0.148667 ,0 
224,8.92 ,-0.145419 ,0 
225,8.96 ,-0.142117 ,0 
226,9 ,-0.138763 ,0 
227,9.04 ,-0.135359 ,0 
228,9.08 ,-0.131905 ,0 
229,9.12 ,-0.128404 ,0 
230,9.16 ,-0.124858 ,0 
231,9.2 ,-0.121267 ,0 
232,9.24 ,-0.117633 ,0 
233,9.28 ,-0.113958 ,0 
234,9.32 ,-0.110244 ,0 
235,9.36 ,-0.106492 ,0 
236,9.4 ,-0.102704 ,0 
237,9.44 ,-0.0988815 ,0 
238,9.48 ,-0.0950254 ,0 
239,9.52 ,-0.0911377 ,0 
240,9.56 ,-0.0872199 ,0 
241,9.6 ,-0.0832735 ,0 
242,9.64 ,-0.0793001 ,0 
243,9.68 ,-0.075301 ,0 
244,9.72 ,-0.0712777 ,0 
245,9.76 ,-0.0672318 ,0 
246,9.8 ,-0.0631647 ,0 
247,9.84 ,-0.0590778 ,0 
248,9.88 ,-0.0549726 ,0 
249,9.92 ,-0.0508503 ,0 
250,9.96 ,-0.0467125 ,0 
251,10 ,-0.0425606 ,0 
252,10.04 ,-0.0383958 ,0 
253,10.08 ,-0.0342195 ,0 
254,10.12 ,-0.030033 ,0 
255,10.16 ,-0.0258377 ,0 
256,10.2 ,-0.0216349 ,0 
257,10.24 ,-0.0174257 ,0 
258,10.28 ,-0.0132116 ,0 
259,10.32 ,-0.00899363 ,0 
260,10.36 ,-0.00477315 ,0 
261,10.4 ,-0.000551319 ,0 
262,10.44 ,0.00367066 ,0 
263,10.48 ,0.00789163 ,0 
264,10.52 ,0.0121104 ,0 
265,10.56 ,0.0163259 ,0 
266,10.6 ,0.020537 ,0 
267,10.64 ,0.0247426 ,0 
268,10.68 ,0.0289415 ,0 
269,10.72 ,0.0331328 ,0 
270,10.76 ,0.0373154 ,0 
271,10.8 ,0.0414883 ,0 
272,10.84 ,0.0456505 ,0 
273,10.88 ,0.0498009 ,0 
274,10.92 ,0.0539387 ,0 
275,10.96 ,0.0580628 ,0 
276,11 ,0.0621724 ,0 
277,11.04 ,0.0662665 ,0 
278,11.08 ,0.0703442 ,0 
279,11.12 ,0.0744048 ,0 
280,11.16 ,0.0784472 ,0 
281,11.2 ,0.0824707 ,0 
282,11.24 ,0.0864745 ,0 
283,11.28 ,0.0904577 ,0 
284,11.32 ,0.0944196 ,0 
285,11.36 ,0.0983595 ,0 
286,11.4 ,0.102276 ,0 
287,11.44 ,0.10617 ,0 
288,11.48 ,0.110039 ,0 
289,11.52 ,0.113883 ,0 
290,11.56 ,0.117702 ,0 
291,11.6 ,0.121495 ,0 
292,11.64 ,0.12526 ,0 
293,11.68 ,0.128998 ,0 
294,11.72 ,0.132708 ,0 
295,11.76 ,0.136389 ,0 
296,11.8 ,0.140041 ,0 
297,11.84 ,0.143663 ,0 
298,11.88 ,0.147255 ,0 
299,11.92 ,0.150816 ,0 
300,11.96 ,0.154346 ,0 
301,12 ,0.157843 ,0 
302,12.04 ,0.161309 ,0 
303,12.08 ,0.164742 ,0 
304,12.12 ,0.168141 ,0 
305,12.16 ,0.171507 ,0 
306,12.2 ,0.174839 ,0 
307,12.24 ,0.178137 ,0 
308,12.28 ,0.1814 ,0 
309,12.32 ,0.184628 ,0 
310,12.36 ,0.18782 ,0 
311,12.4 ,0.190977 ,0 
312,12.44 ,0.194098 ,0 
313,12.48 ,0.197182 ,0 
314,12.52 ,0.20023 ,0 
315,12.56 ,0.203241 ,0 
316,12.6 ,0.206214 ,0 
317,12.64 ,0.209151 ,0 
318,12.68 ,0.212049 ,0 
319,12.72 ,0.21491 ,0 
320,12.76 ,0.217733 ,0 
321,12.8 ,0.220518 ,0 
322,12.84 ,0.223265 ,0 
323,12.88 ,0.225972 ,0 
324,12.92 ,0.228642 ,0 
325,12.96 ,0.231272 ,0 
326,13 ,0.233864 ,0 
327,13.04 ,0.236416 ,0 
328,13.08 ,0.23893 ,0 
329,13.12 ,0.241404 ,0 
330,13.16 ,0.243839 ,0 
331,13.2 ,0.246235 ,0 
332,13.24 ,0.248591 ,0 
333,13.28 ,0.250908 ,0 
334,13.32 ,0.253185 ,0 
335,13.36 ,0.255423 ,0 
336,13.4 ,0.257622 ,0 
337,13.44 ,0.259781 ,0 
338,13.48 ,0.2619 ,0 
339,13.52 ,0.26398 ,0 
340,13.56 ,0.266021 ,0 
341,13.6 ,0.268022 ,0 
342,13.64 ,0.269984 ,0 
343,13.68 ,0.271907 ,0 
344,13.72 ,0.27379 ,0 
345,13.76 ,0.275635 ,0 
346,13.8 ,0.27744 ,0 
347,13.84 ,0.279207 ,0 
348,13.88 ,0.280934 ,0 
349,13.92 ,0.282623 ,0 
350,13.96 ,0.284273 ,0 
351,14 ,0.285885 ,0 
352,14.04 ,0.287458 ,0 
353,14.08 ,0.288993 ,0 
354,14.12 ,0.29049 ,0 
355,14.16 ,0.291949 ,0 
356,14.2 ,0.29337 ,0 
357,14.24 ,0.294753 ,0 
358,14.28 ,0.2961 ,0 
359,14.32 ,0.297408 ,0 
360,14.36 ,0.29868 ,0 
361,14.4 ,0.299915 ,0 
362,14.44 ,0.301113 ,0 
363,14.48 ,0.302274 ,0 
364,14.52 ,0.303399 ,0 
365,14.56 ,0.304488 ,0 
366,14.6 ,0.305542 ,0 
367,14.64 ,0.306559 ,0 
368,14.68 ,0.307541 ,0 
369,14.72 ,0.308488 ,0 
370,14.76 ,0.3094 ,0 
371,14.8 ,0.310277 ,0 
372,14.84 ,0.311119 ,0 
373,14.88 ,0.311927 ,0 
374,14.92 ,0.312702 ,0 
375,14.96 ,0.313442 ,0 
376,15 ,0.314149 ,0 
377,15.04 ,0.314822 ,0 
378,15.08 ,0.315463 ,0 
379,15.12 ,0.316071 ,0 
380,15.16 ,0.316646 ,0 
381,15.2 ,0.31719 ,0 
382,15.24 ,0.317701 ,0 
383,15.28 ,0.318181 ,0 
384,15.32 ,0.318629 ,0 
385,15.36 ,0.319046 ,0 
386,15.4 ,0.319432 ,0 
387,15.44 ,0.319788 ,0 
388,15.48 ,0.320114 ,0 
389,15.52 ,0.32041 ,0 
390,15.56 ,0.320676 ,0 
391,15.6 ,0.320912 ,0 
392,15.64 ,0.32112 ,0 
393,15.68 ,0.321299 ,0 
394,15.72 ,0.321449 ,0 
395,15.76 ,0.321572 ,0 
396,15.8 ,0.321666 ,0 
397,15.84 ,0.321733 ,0 
398,15.88 ,0.321772 ,0 
399,15.92 ,0.321785 ,0 
400,15.96 ,0.321771 ,0 
401,16 ,0.321731 ,0 
402,16.04 ,0.321664 ,0 
403,16.08 ,0.321572 ,0 
404,16.12 ,0.321454 ,0 
405,16.16 ,0.321312 ,0 
406,16.2 ,0.321144 ,0 
407,16.24 ,0.320952 ,0 
408,16.28 ,0.320736 ,0 
409,16.32 ,0.320496 ,0 
410,16.36 ,0.320232 ,0 
411,16.4 ,0.319945 ,0 
412,16.44 ,0.319635 ,0 
413,16.48 ,0.319303 ,0 
414,16.52 ,0.318948 ,0 
415,16.56 ,0.318571 ,0 
416,16.6 ,0.318172 ,0 
417,16.64 ,0.317752 ,0 
418,16.68 ,0.31731 ,0 
419,16.72 ,0.316848 ,0 
420,16.76 ,0.316365 ,0 
421,16.8 ,0.315863 ,0 
422,16.84 ,0.31534 ,0 
423,16.88 ,0.314797 ,0 
424,16.92 ,0.314236 ,0 
425,16.96 ,0.313655 ,0 
426,17 ,0.313055 ,0 
427,17.04 ,0.312437 ,0 
428,17.08 ,0.311801 ,0 
429,17.12 ,0.311148 ,0 
430,17.16 ,0.310476 ,0 
431,17.2 ,0.309788 ,0 
432,17.24 ,0.309082 ,0 
433,17.28 ,0.30836 ,0 
434,17.32 ,0.307621 ,0 
435,17.36 ,0.306866 ,0 
436,17.4 ,0.306096 ,0 
437,17.44 ,0.30531 ,0 
438,17.48 ,0.304509 ,0 
439,17.52 ,0.303693 ,0 
440,17.56 ,0.302862 ,0 
441,17.6 ,0.302016 ,0 
442,17.64 ,0.301157 ,0 
443,17.68 ,0.300284 ,0 
444,17.72 ,0.299397 ,0 
445,17.76 ,0.298497 ,0 
446,17.8 ,0.297584 ,0 
447,17.84 ,0.296658 ,0 
448,17.88 ,0.295719 ,0 
449,17.92 ,0.294769 ,0 
450,17.96 ,0.293806 ,0 
451,18 ,0.292832 ,0 
452,18.04 ,0.291846 ,0 
453,18.08 ,0.290849 ,0 
454,18.12 ,0.289841 ,0 
455,18.16 ,0.288823 ,0 
456,18.2 ,0.287793 ,0 
457,18.24 ,0.286754 ,0 
458,18.28 ,0.285705 ,0 
459,18.32 ,0.284646 ,0 
460,18.36 ,0.283578 ,0 
461,18.4 ,0.2825 ,0 
462,18.44 ,0.281413 ,0 
463,18.48 ,0.280318 ,0 
464,18.52 ,0.279214 ,0 
465,18.56 ,0.278102 ,0 
466,18.6 ,0.276982 ,0 
467,18.64 ,0.275854 ,0 
468,18.68 ,0.274718 ,0 
469,18.72 ,0.273575 ,0 
470,18.76 ,0.272425 ,0 
471,18.8 ,0.271268 ,0 
472,18.84 ,0.270104 ,0 
473,18.88 ,0.268933 ,0 
474,18.92 ,0.267757 ,0 
475,18.96 ,0.266574 ,0 
476,19 ,0.265385 ,0 
477,19.04 ,0.264191 ,0 
478,19.08 ,0.262991 ,0 
479,19.12 ,0.261786 ,0 
480,19.16 ,0.260575 ,0 
481,19.2 ,0.25936 ,0 
482,19.24 ,0.258141 ,0 
483,19.28 ,0.256916 ,0 
484,19.32 ,0.255688 ,0 
485,19.36 ,0.254455 ,0 
486,19.4 ,0.253218 ,0 
487,19.44 ,0.251978 ,0 
488,19.48 ,0.250734 ,0 
489,19.52 ,0.249486 ,0 
490,19.56 ,0.248236 ,0 
491,19.6 ,0.246982 ,0 
492,19.64 ,0.245725 ,0 
493,19.68 ,0.244466 ,0 
494,19.72 ,0.243204 ,0 
495,19.76 ,0.24194 ,0 
496,19.8 ,0.240674 ,0 
497,19.84 ,0.239405 ,0 
498,19.88 ,0.238135 ,0 
499,19.92 ,0.236863 ,0 
500,19.96 ,0.235589 ,0 
501,20 ,0.234314 ,0 
502,20.04 ,0.233038 ,0 
503,20.08 ,0.23176 ,0 
504,20.12 ,0.230482 ,0 
505,20.16 ,0.229202 ,0 
506,20.2 ,0.227922 ,0 
507,20.24 ,0.226642 ,0 
508,20.28 ,0.225361 ,0 
509,20.32 ,0.22408 ,0 
510,20.36 ,0.222798 ,0 
511,20.4 ,0.221517 ,0 
512,20.44 ,0.220236 ,0 
513,20.48 ,0.218954 ,0 
514,20.52 ,0.217674 ,0 
515,20.56 ,0.216394 ,0 
516,20.6 ,0.215114 ,0 
517,20.64 ,0.213835 ,0 
518,20.68 ,0.212557 ,0 
519,20.72 ,0.21128 ,0 
520,20.76 ,0.210004 ,0 
521,20.8 ,0.20873 ,0 
522,20.84 ,0.207456 ,0 
523,20.88 ,0.206184 ,0 
524,20.92 ,0.204914 ,0 
525,20.96 ,0.203645 ,0 
526,21 ,0.202378 ,0 
527,21.04 ,0.201112 ,0 
528,21.08 ,0.199849 ,0 
529,21.12 ,0.198588 ,0 
530,21.16 ,0.197328 ,0 
531,21.2 ,0.196071 ,0 
532,21.24 ,0.194817 ,0 
533,21.28 ,0.193564 ,0 
534,21.32 ,0.192315 ,0 
535,21.36 ,0.191067 ,0 
536,21.4 ,0.189823 ,0 
537,21.44 ,0.188581 ,0 
538,21.48 ,0.187342 ,0 
539,21.52 ,0.186106 ,0 
540,21.56 ,0.184873 ,0 
541,21.6 ,0.183643 ,0 
542,21.64 ,0.182416 ,0 
543,21.68 ,0.181193 ,0 
544,21.72 ,0.179972 ,0 
545,21.76 ,0.178755 ,0 
546,21.8 ,0.177542 ,0 
547,21.84 ,0.176332 ,0 
548,21.88 ,0.175125 ,0 
549,21.92 ,0.173922 ,0 
550,21.96 ,0.172723 ,0 
551,22 ,0.171528 ,0 
552,22.04 ,0.170336 ,0 
553,22.08 ,0.169148 ,0 
554,22.12 ,0.167965 ,0 
555,22.16 ,0.166785 ,0 
556,22.2 ,0.165609 ,0 
557,22.24 ,0.164438 ,0 
558,22.28 ,0.16327 ,0 
559,22.32 ,0.162107 ,0 
560,22.36 ,0.160948 ,0 
561,22.4 ,0.159793 ,0 
562,22.44 ,0.158643 ,0 
563,22.48 ,0.157497 ,0 
564,22.52 ,0.156355 ,0 
565,22.56 ,0.155218 ,0 
566,22.6 ,0.154086 ,0 
567,22.64 ,0.152958 ,0 
568,22.68 ,0.151834 ,0 
569,22.72 ,0.150716 ,0 
570,22.76 ,0.149602 ,0 
571,22.8 ,0.148492 ,0 
572,22.84 ,0.147388 ,0 
573,22.88 ,0.146288 ,0 
574,22.92 ,0.145193 ,0 
575,22.96 ,0.144103 ,0 
576,23 ,0.143018 ,0 
577,23.04 ,0.141937 ,0 
578,23.08 ,0.140862 ,0 
579,23.12 ,0.139792 ,0 
580,23.16 ,0.138726 ,0 
581,23.2 ,0.137666 ,0 
582,23.24 ,0.136611 ,0 
583,23.28 ,0.13556 ,0 
584,23.32 ,0.134515 ,0 
585,23.36 ,0.133475 ,0 
586,23.4 ,0.13244 ,0 
587,23.44 ,0.13141 ,0 
588,23.48 ,0.130386 ,0 
589,23.52 ,0.129366 ,0 
590,23.56 ,0.128352 ,0 
591,23.6 ,0.127343 ,0 
592,23.64 ,0.126339 ,0 
593,23.68 ,0.125341 ,0 
594,23.72 ,0.124348 ,0 
595,23.76 ,0.12336 ,0 
596,23.8 ,0.122377 ,0 
597,23.84 ,0.1214 ,0 
598,23.88 ,0.120427 ,0 
599,23.92 ,0.119461 ,0 
600,23.96 ,0.118499 ,0 
601,24 ,0.117543 ,0 
602,24.04 ,0.116592 ,0 
603,24.08 ,0.115647 ,0 
604,24.12 ,0.114707 ,0 
605,24.16 ,0.113772 ,0 
606,24.2 ,0.112843 ,0 
607,24.24 ,0.111919 ,0 
608,24.28 ,0.111 ,0 
609,24.32 ,0.110087 ,0 
610,24.36 ,0.109179 ,0 
611,24.4 ,0.108277 ,0 
612,24.44 ,0.10738 ,0 
613,24.48 ,0.106488 ,0 
614,24.52 ,0.105602 ,0 
615,24.56 ,0.104721 ,0 
616,24.6 ,0.103845 ,0 
617,24.64 ,0.102975 ,0 
618,24.68 ,0.10211 ,0 
619,24.72 ,0.10125 ,0 
620,24.76 ,0.100396 ,0 
621,24.8 ,0.0995475 ,0 
622,24.84 ,0.098704 ,0 
623,24.88 ,0.0978659 ,0 
624,24.92 ,0.0970331 ,0 
625,24.96 ,0.0962056 ,0 
626,25 ,0.0953834 ,0 
627,25.04 ,0.0945666 ,0 
628,25.08 ,0.0937551 ,0 
629,25.12 ,0.0929488 ,0 
630,25.16 ,0.0921478 ,0 
631,25.2 ,0.0913522 ,0 
632,25.24 ,0.0905617 ,0 
633,25.28 ,0.0897766 ,0 
634,25.32 ,0.0889966 ,0 
635,25.36 ,0.0882219 ,0 
636,25.4 ,0.0874525 ,0 
637,25.44 ,0.0866882 ,0 
638,25.48 ,0.0859291 ,0 
639,25.52 ,0.0851752 ,0 
640,25.56 ,0.0844265 ,0 
641,25.6 ,0.083683 ,0 
642,25.64 ,0.0829445 ,0 
643,25.68 ,0.0822112 ,0 
644,25.72 ,0.0814831 ,0 
645,25.76 ,0.08076 ,0 
646,25.8 ,0.080042 ,0 
647,25.84 ,0.079329 ,0 
648,25.88 ,0.0786211 ,0 
649,25.92 ,0.0779183 ,0 
650,25.96 ,0.0772205 ,0 
651,26 ,0.0765276 ,0 
652,26.04 ,0.0758398 ,0 
653,26.08 ,0.0751569 ,0 
654,26.12 ,0.074479 ,0 
655,26.16 ,0.073806 ,0 
656,26.2 ,0.0731379 ,0 
657,26.24 ,0.0724747 ,0 
658,26.28 ,0.0718164 ,0 
659,26.32 ,0.0711629 ,0 
660,26.36 ,0.0705143 ,0 
661,26.4 ,0.0698705 ,0 
662,26.44 ,0.0692316 ,0 
663,26.48 ,0.0685974 ,0 
664,26.52 ,0.0679679 ,0 
665,26.56 ,0.0673432 ,0 
666,26.6 ,0.0667232 ,0 
667,26.64 ,0.066108 ,0 
668,26.68 ,0.0654974 ,0 
669,26.72 ,0.0648914 ,0 
670,26.76 ,0.0642902 ,0 
671,26.8 ,0.0636935 ,0 
672,26.84 ,0.0631014 ,0 
673,26.88 ,0.0625139 ,0 
674,26.92 ,0.061931 ,0 
675,26.96 ,0.0613526 ,0 
676,27 ,0.0607787 ,0 
677,27.04 ,0.0602093 ,0 
678,27.08 ,0.0596444 ,0 
679,27.12 ,0.0590839 ,0 
680,27.16 ,0.0585279 ,0 
681,27.2 ,0.0579762 ,0 
682,27.24 ,0.057429 ,0 
683,27.28 ,0.0568861 ,0 
684,27.32 ,0.0563475 ,0 
685,27.36 ,0.0558133 ,0 
686,27.4 ,0.0552833 ,0 
687,27.44 ,0.0547576 ,0 
688,27.48 ,0.0542362 ,0 
689,27.52 ,0.053719 ,0 
690,27.56 ,0.053206 ,0 
691,27.6 ,0.0526971 ,0 
692,27.64 ,0.0521924 ,0 
693,27.68 ,0.0516919 ,0 
694,27.72 ,0.0511955 ,0 
695,27.76 ,0.0507031 ,0 
696,27.8 ,0.0502149 ,0 
697,27.84 ,0.0497306 ,0 
698,27.88 ,0.0492504 ,0 
699,27.92 ,0.0487742 ,0 
700,27.96 ,0.0483019 ,0 
701,28 ,0.0478336 ,0 
702,28.04 ,0.0473692 ,0 
703,28.08 ,0.0469088 ,0 
704,28.12 ,0.0464522 ,0 
705,28.16 ,0.0459994 ,0 
706,28.2 ,0.0455505 ,0 
707,28.24 ,0.0451054 ,0 
708,28.28 ,0.0446641 ,0 
709,28.32 ,0.0442266 ,0 
710,28.36 ,0.0437928 ,0 
711,28.4 ,0.0433627 ,0 
712,28.44 ,0.0429363 ,0 
713,28.48 ,0.0425135 ,0 
714,28.52 ,0.0420945 ,0 
715,28.56 ,0.041679 ,0 
716,28.6 ,0.0412671 ,0 
717,28.64 ,0.0408589 ,0 
718,28.68 ,0.0404541 ,0 
719,28.72 ,0.0400529 ,0 
720,28.76 ,0.0396552 ,0 
721,28.8 ,0.039261 ,0 
722,28.84 ,0.0388703 ,0 
723,28.88 ,0.038483 ,0 
724,28.92 ,0.0380991 ,0 
725,28.96 ,0.0377186 ,0 
726,29 ,0.0373415 ,0 
727,29.04 ,0.0369678 ,0 
728,29.08 ,0.0365973 ,0 
729,29.12 ,0.0362302 ,0 
730,29.16 ,0.0358663 ,0 
731,29.2 ,0.0355057 ,0 
732,29.24 ,0.0351484 ,0 
733,29.28 ,0.0347942 ,0 
734,29.32 ,0.0344433 ,0 
735,29.36 ,0.0340955 ,0 
736,29.4 ,0.0337508 ,0 
737,29.44 ,0.0334093 ,0 
738,29.48 ,0.0330709 ,0 
739,29.52 ,0.0327355 ,0 
740,29.56 ,0.0324033 ,0 
741,29.6 ,0.032074 ,0 
742,29.64 ,0.0317478 ,0 
743,29.68 ,0.0314246 ,0 
744,29.72 ,0.0311043 ,0 
745,29.76 ,0.030787 ,0 
746,29.8 ,0.0304726 ,0 
747,29.84 ,0.0301611 ,0 
748,29.88 ,0.0298525 ,0 
749,29.92 ,0.0295468 ,0 
750,29.96 ,0.0292439 ,0 
751,30 ,0.0289439 ,0 
752,30.04 ,0.0286466 ,0 
753,30.08 ,0.0283521 ,0 
754,30.12 ,0.0280604 ,0 
755,30.16 ,0.0277714 ,0 
756,30.2 ,0.0274851 ,0 
757,30.24 ,0.0272016 ,0 
758,30.28 ,0.0269207 ,0 
759,30.32 ,0.0266425 ,0 
760,30.36 ,0.0263669 ,0 
761,30.4 ,0.0260939 ,0 
762,30.44 ,0.0258235 ,0 
763,30.48 ,0.0255557 ,0 
764,30.52 ,0.0252904 ,0 
765,30.56 ,0.0250277 ,0 
766,30.6 ,0.0247675 ,0 
767,30.64 ,0.0245098 ,0 
768,30.68 ,0.0242546 ,0 
769,30.72 ,0.0240018 ,0 
770,30.76 ,0.0237515 ,0 
771,30.8 ,0.0235036 ,0 
772,30.84 ,0.0232581 ,0 
773,30.88 ,0.023015 ,0 
774,30.92 ,0.0227742 ,0 
775,30.96 ,0.0225358 ,0 
776,31 ,0.0222997 ,0 
777,31.04 ,0.0220659 ,0 
778,31.08 ,0.0218344 ,0 
779,31.12 ,0.0216052 ,0 
780,31.16 ,0.0213782 ,0 
781,31.2 ,0.0211535 ,0 
782,31.24 ,0.0209309 ,0 
783,31.28 ,0.0207106 ,0 
784,31.32 ,0.0204925 ,0 
785,31.36 ,0.0202765 ,0 
786,31.4 ,0.0200626 ,0 
787,31.44 ,0.0198509 ,0 
788,31.48 ,0.0196413 ,0 
789,31.52 ,0.0194338 ,0 
790,31.56 ,0.0192283 ,0 
791,31.6 ,0.0190249 ,0 
792,31.64 ,0.0188236 ,0 
793,31.68 ,0.0186243 ,0 
794,31.72 ,0.0184269 ,0 
795,31.76 ,0.0182316 ,0 
796,31.8 ,0.0180382 ,0 
797,31.84 ,0.0178468 ,0 
798,31.88 ,0.0176574 ,0 
799,31.92 ,0.0174699 ,0 
800,31.96 ,0.0172842 ,0 
801,32 ,0.0171005 ,0 
802,32.04 ,0.0169186 ,0 
803,32.08 ,0.0167386 ,0 
804,32.12 ,0.0165605 ,0 
805,32.16 ,0.0163841 ,0 
806,32.2 ,0.0162096 ,0 
807,32.24 ,0.0160369 ,0 
808,32.28 ,0.015866 ,0 
809,32.32 ,0.0156968 ,0 
810,32.36 ,0.0155294 ,0 
811,32.4 ,0.0153637 ,0 
812,32.44 ,0.0151997 ,0 
813,32.48 ,0.0150375 ,0 
814,32.52 ,0.0148769 ,0 
815,32.56 ,0.014718 ,0 
816,32.6 ,0.0145608 ,0 
817,32.64 ,0.0144052 ,0 
818,32.68 ,0.0142513 ,0 
819,32.72 ,0.014099 ,0 
820,32.76 ,0.0139483 ,0 
821,32.8 ,0.0137992 ,0 
822,32.84 ,0.0136516 ,0 
823,32.88 ,0.0135057 ,0 
824,32.92 ,0.0133612 ,0 
825,32.96 ,0.0132184 ,0 
826,33 ,0.013077 ,0 
827,33.04 ,0.0129372 ,0 
828,33.08 ,0.0127988 ,0 
829,33.12 ,0.012662 ,0 
830,33.16 ,0.0125266 ,0 
831,33.2 ,0.0123926 ,0 
832,33.24 ,0.0122601 ,0 
833,33.28 ,0.0121291 ,0 
834,33.32 ,0.0119995 ,0 
835,33.36 ,0.0118712 ,0 
836,33.4 ,0.0117444 ,0 
837,33.44 ,0.011619 ,0 
838,33.48 ,0.0114949 ,0 
839,33.52 ,0.0113722 ,0 
840,33.56 ,0.0112508 ,0 
841,33.6 ,0.0111308 ,0 
842,33.64 ,0.0110121 ,0 
843,33.68 ,0.0108947 ,0 
844,33.72 ,0.0107786 ,0 
845,33.76 ,0.0106638 ,0 
846,33.8 ,0.0105502 ,0 
847,33.84 ,0.010438 ,0 
848,33.88 ,0.010327 ,0 
849,33.92 ,0.0102172 ,0 
850,33.96 ,0.0101087 ,0 
851,34 ,0.0100014 ,0 
852,34.04 ,0.00989526 ,0 
853,34.08 ,0.00979036 ,0 
854,34.12 ,0.00968665 ,0 
855,34.16 ,0.00958412 ,0 
856,34.2 ,0.00948276 ,0 
857,34.24 ,0.00938256 ,0 
858,34.28 ,0.0092835 ,0 
859,34.32 ,0.00918559 ,0 
860,34.36 ,0.0090888 ,0 
861,34.4 ,0.00899313 ,0 
862,34.44 ,0.00889857 ,0 
863,34.48 ,0.0088051 ,0 
864,34.52 ,0.00871273 ,0 
865,34.56 ,0.00862143 ,0 
866,34.6 ,0.0085312 ,0 
867,34.64 ,0.00844204 ,0 
868,34.68 ,0.00835392 ,0 
869,34.72 ,0.00826685 ,0 
870,34.76 ,0.00818081 ,0 
871,34.8 ,0.00809579 ,0 
872,34.84 ,0.00801178 ,0 
873,34.88 ,0.00792878 ,0 
874,34.92 ,0.00784678 ,0 
875,34.96 ,0.00776577 ,0 
876,35 ,0.00768573 ,0 
877,35.04 ,0.00760667 ,0 
878,35.08 ,0.00752857 ,0 
879,35.12 ,0.00745142 ,0 
880,35.16 ,0.00737522 ,0 
881,35.2 ,0.00729995 ,0 
882,35.24 ,0.00722562 ,0 
883,35.28 ,0.00715221 ,0 
884,35.32 ,0.00707971 ,0 
885,35.36 ,0.00700811 ,0 
886,35.4 ,0.00693741 ,0 
887,35.44 ,0.00686761 ,0 
888,35.48 ,0.00679868 ,0 
889,35.52 ,0.00673064 ,0 
890,35.56 ,0.00666346 ,0 
891,35.6 ,0.00659714 ,0 
892,35.64 ,0.00653167 ,0 
893,35.68 ,0.00646705 ,0 
894,35.72 ,0.00640326 ,0 
895,35.76 ,0.00634031 ,0 
896,35.8 ,0.00627819 ,0 
897,35.84 ,0.00621688 ,0 
898,35.88 ,0.00615638 ,0 
899,35.92 ,0.00609669 ,0 
900,35.96 ,0.00603779 ,0 
901,36 ,0.00597969 ,0 
902,36.04 ,0.00592237 ,0 
903,36.08 ,0.00586583 ,0 
904,36.12 ,0.00581006 ,0 
905,36.16 ,0.00575506 ,0 
906,36.2 ,0.00570082 ,0 
907,36.24 ,0.00564733 ,0 
908,36.28 ,0.00559459 ,0 
909,36.32 ,0.00554259 ,0 
910,36.36 ,0.00549133 ,0 
911,36.4 ,0.00544079 ,0 
912,36.44 ,0.00539098 ,0 
913,36.48 ,0.00534189 ,0 
914,36.52 ,0.00529352 ,0 
915,36.56 ,0.00524585 ,0 
916,36.6 ,0.00519888 ,0 
917,36.64 ,0.00515261 ,0 
918,36.68 ,0.00510704 ,0 
919,36.72 ,0.00506214 ,0 
920,36.76 ,0.00501794 ,0 
921,36.8 ,0.0049744 ,0 
922,36.84 ,0.00493154 ,0 
923,36.88 ,0.00488935 ,0 
924,36.92 ,0.00484781 ,0 
925,36.96 ,0.00480694 ,0 
926,37 ,0.00476672 ,0 
927,37.04 ,0.00472714 ,0 
928,37.08 ,0.00468821 ,0 
929,37.12 ,0.00464992 ,0 
930,37.16 ,0.00461226 ,0 
931,37.2 ,0.00457523 ,0 
932,37.24 ,0.00453883 ,0 
933,37.28 ,0.00450305 ,0 
934,37.32 ,0.00446789 ,0 
935,37.36 ,0.00443334 ,0 
936,37.4 ,0.0043994 ,0 
937,37.44 ,0.00436607 ,0 
938,37.48 ,0.00433334 ,0 
939,37.52 ,0.0043012 ,0 
940,37.56 ,0.00426966 ,0 
941,37.6 ,0.00423872 ,0 
942,37.64 ,0.00420836 ,0 
943,37.68 ,0.00417858 ,0 
944,37.72 ,0.00414939 ,0 
945,37.76 ,0.00412077 ,0 
946,37.8 ,0.00409273 ,0 
947,37.84 ,0.00406526 ,0 
948,37.88 ,0.00403835 ,0 
949,37.92 ,0.00401201 ,0 
950,37.96 ,0.00398624 ,0 
951,38 ,0.00396102 ,0 
952,38.04 ,0.00393635 ,0 
953,38.08 ,0.00391224 ,0 
954,38.12 ,0.00388868 ,0 
955,38.16 ,0.00386567 ,0 
956,38.2 ,0.0038432 ,0 
957,38.24 ,0.00382128 ,0 
958,38.28 ,0.0037999 ,0 
959,38.32 ,0.00377905 ,0 
960,38.36 ,0.00375874 ,0 
961,38.4 ,0.00373896 ,0 
962,38.44 ,0.00371972 ,0 
963,38.48 ,0.003701 ,0 
964,38.52 ,0.00368281 ,0 
965,38.56 ,0.00366515 ,0 
966,38.6 ,0.00364801 ,0 
967,38.64 ,0.00363139 ,0 
968,38.68 ,0.00361529 ,0 
969,38.72 ,0.0035997 ,0 
970,38.76 ,0.00358464 ,0 
971,38.8 ,0.00357008 ,0 
972,38.84 ,0.00355605 ,0 
973,38.88 ,0.00354252 ,0 
974,38.92 ,0.0035295 ,0 
975,38.96 ,0.00351699 ,0 
976,39 ,0.003505 ,0 
977,39.04 ,0.0034935 ,0 
978,39.08 ,0.00348251 ,0 
979,39.12 ,0.00347203 ,0 
980,39.16 ,0.00346205 ,0 
981,39.2 ,0.00345258 ,0 
982,39.24 ,0.0034436 ,0 
983,39.28 ,0.00343513 ,0 
984,39.32 ,0.00342716 ,0 
985,39.36 ,0.00341968 ,0 
986,39.4 ,0.00341271 ,0 
987,39.44 ,0.00340623 ,0 
988,39.48 ,0.00340026 ,0 
989,39.52 ,0.00339478 ,0 
990,39.56 ,0.0033898 ,0 
991,39.6 ,0.00338532 ,0 
992,39.64 ,0.00338133 ,0 
993,39.68 ,0.00337784 ,0 
994,39.72 ,0.00337485 ,0 
995,39.76 ,0.00337236 ,0 
996,39.8 ,0.00337037 ,0 
997,39.84 ,0.00336887 ,0 
998,39.88 ,0.00336787 ,0 
999,39.92 ,0.00336737 ,0 
1000,39.96 ,0.00336737 ,0 