
1,0 ,0 ,0 
2,0.025 ,0 ,0 
3,0.05 ,0 ,0 
4,0.075 ,0.0105243 ,0 
5,0.1 ,0.0140224 ,0 
6,0.125 ,0.0175115 ,0 
7,0.15 ,0.0209892 ,0 
8,0.175 ,0.0244532 ,0 
9,0.2 ,0.0279013 ,0 
10,0.225 ,0.0313312 ,0 
11,0.25 ,0.0347408 ,0 
12,0.275 ,0.0381278 ,0 
13,0.3 ,0.04149 ,0 
14,0.325 ,0.0448252 ,0 
15,0.35 ,0.0481313 ,0 
16,0.375 ,0.0514062 ,0 
17,0.4 ,0.0546476 ,0 
18,0.425 ,0.0578536 ,0 
19,0.45 ,0.061022 ,0 
20,0.475 ,0.0641509 ,0 
21,0.5 ,0.0672381 ,0 
22,0.525 ,0.0702817 ,0 
23,0.55 ,0.0732798 ,0 
24,0.575 ,0.0762304 ,0 
25,0.6 ,0.0791317 ,0 
26,0.625 ,0.0819817 ,0 
27,0.65 ,0.0847788 ,0 
28,0.675 ,0.087521 ,0 
29,0.7 ,0.0902066 ,0 
30,0.725 ,0.092834 ,0 
31,0.75 ,0.0954015 ,0 
32,0.775 ,0.0979074 ,0 
33,0.8 ,0.10035 ,0 
34,0.825 ,0.102728 ,0 
35,0.85 ,0.10504 ,0 
36,0.875 ,0.107285 ,0 
37,0.9 ,0.10946 ,0 
38,0.925 ,0.111565 ,0 
39,0.95 ,0.113599 ,0 
40,0.975 ,0.115559 ,0 
41,1 ,0.117446 ,0 
42,1.025 ,0.119257 ,0 
43,1.05 ,0.120992 ,0 
44,1.075 ,0.12265 ,0 
45,1.1 ,0.124229 ,0 
46,1.125 ,0.125729 ,0 
47,1.15 ,0.127148 ,0 
48,1.175 ,0.128487 ,0 
49,1.2 ,0.129744 ,0 
50,1.225 ,0.130918 ,0 
51,1.25 ,0.132009 ,0 
52,1.275 ,0.133016 ,0 
53,1.3 ,0.133939 ,0 
54,1.325 ,0.134778 ,0 
55,1.35 ,0.13553 ,0 
56,1.375 ,0.136197 ,0 
57,1.4 ,0.136779 ,0 
58,1.425 ,0.137274 ,0 
59,1.45 ,0.137682 ,0 
60,1.475 ,0.138004 ,0 
61,1.5 ,0.138239 ,0 
62,1.525 ,0.138387 ,0 
63,1.55 ,0.138448 ,0 
64,1.575 ,0.138423 ,0 
65,1.6 ,0.138312 ,0 
66,1.625 ,0.138113 ,0 
67,1.65 ,0.137829 ,0 
68,1.675 ,0.137459 ,0 
69,1.7 ,0.137003 ,0 
70,1.725 ,0.136463 ,0 
71,1.75 ,0.135837 ,0 
72,1.775 ,0.135128 ,0 
73,1.8 ,0.134335 ,0 
74,1.825 ,0.133459 ,0 
75,1.85 ,0.1325 ,0 
76,1.875 ,0.13146 ,0 
77,1.9 ,0.13034 ,0 
78,1.925 ,0.129139 ,0 
79,1.95 ,0.127859 ,0 
80,1.975 ,0.126501 ,0 
81,2 ,0.125066 ,0 
82,2.025 ,0.123554 ,0 
83,2.05 ,0.121968 ,0 
84,2.075 ,0.120307 ,0 
85,2.1 ,0.118573 ,0 
86,2.125 ,0.116767 ,0 
87,2.15 ,0.114891 ,0 
88,2.175 ,0.112946 ,0 
89,2.2 ,0.110932 ,0 
90,2.225 ,0.108852 ,0 
91,2.25 ,0.106706 ,0 
92,2.275 ,0.104497 ,0 
93,2.3 ,0.102225 ,0 
94,2.325 ,0.0998922 ,0 
95,2.35 ,0.0974999 ,0 
96,2.375 ,0.0950497 ,0 
97,2.4 ,0.0925431 ,0 
98,2.425 ,0.0899818 ,0 
99,2.45 ,0.0873674 ,0 
100,2.475 ,0.0847015 ,0 
101,2.5 ,0.0819858 ,0 
102,2.525 ,0.0792221 ,0 
103,2.55 ,0.0764119 ,0 
104,2.575 ,0.0735572 ,0 
105,2.6 ,0.0706596 ,0 
106,2.625 ,0.0677209 ,0 
107,2.65 ,0.0647429 ,0 
108,2.675 ,0.0617275 ,0 
109,2.7 ,0.0586764 ,0 
110,2.725 ,0.0555916 ,0 
111,2.75 ,0.0524748 ,0 
112,2.775 ,0.049328 ,0 
113,2.8 ,0.0461529 ,0 
114,2.825 ,0.0429516 ,0 
115,2.85 ,0.0397258 ,0 
116,2.875 ,0.0364775 ,0 
117,2.9 ,0.0332085 ,0 
118,2.925 ,0.0299208 ,0 
119,2.95 ,0.0266162 ,0 
120,2.975 ,0.0232968 ,0 
121,3 ,0.0199642 ,0 
122,3.025 ,0.0166206 ,0 
123,3.05 ,0.0132676 ,0 
124,3.075 ,0.00990734 ,0 
125,3.1 ,0.00654157 ,0 
126,3.125 ,0.00317218 ,0 
127,3.15 ,-0.000198957 ,0 
128,3.175 ,-0.00356998 ,0 
129,3.2 ,-0.00693906 ,0 
130,3.225 ,-0.0103043 ,0 
131,3.25 ,-0.013664 ,0 
132,3.275 ,-0.0170163 ,0 
133,3.3 ,-0.0203594 ,0 
134,3.325 ,-0.0236915 ,0 
135,3.35 ,-0.0270109 ,0 
136,3.375 ,-0.0303158 ,0 
137,3.4 ,-0.0336046 ,0 
138,3.425 ,-0.0368755 ,0 
139,3.45 ,-0.0401268 ,0 
140,3.475 ,-0.043357 ,0 
141,3.5 ,-0.0465643 ,0 
142,3.525 ,-0.0497472 ,0 
143,3.55 ,-0.052904 ,0 
144,3.575 ,-0.0560333 ,0 
145,3.6 ,-0.0591335 ,0 
146,3.625 ,-0.0622031 ,0 
147,3.65 ,-0.0652406 ,0 
148,3.675 ,-0.0682446 ,0 
149,3.7 ,-0.0712137 ,0 
150,3.725 ,-0.0741465 ,0 
151,3.75 ,-0.0770416 ,0 
152,3.775 ,-0.0798977 ,0 
153,3.8 ,-0.0827135 ,0 
154,3.825 ,-0.0854878 ,0 
155,3.85 ,-0.0882193 ,0 
156,3.875 ,-0.0909069 ,0 
157,3.9 ,-0.0935493 ,0 
158,3.925 ,-0.0961456 ,0 
159,3.95 ,-0.0986944 ,0 
160,3.975 ,-0.101195 ,0 
161,4 ,-0.103646 ,0 
162,4.025 ,-0.106047 ,0 
163,4.05 ,-0.108396 ,0 
164,4.075 ,-0.110693 ,0 
165,4.1 ,-0.112937 ,0 
166,4.125 ,-0.115127 ,0 
167,4.15 ,-0.117263 ,0 
168,4.175 ,-0.119342 ,0 
169,4.2 ,-0.121366 ,0 
170,4.225 ,-0.123332 ,0 
171,4.25 ,-0.125241 ,0 
172,4.275 ,-0.127092 ,0 
173,4.3 ,-0.128884 ,0 
174,4.325 ,-0.130616 ,0 
175,4.35 ,-0.132289 ,0 
176,4.375 ,-0.133901 ,0 
177,4.4 ,-0.135453 ,0 
178,4.425 ,-0.136943 ,0 
179,4.45 ,-0.138372 ,0 
180,4.475 ,-0.139739 ,0 
181,4.5 ,-0.141044 ,0 
182,4.525 ,-0.142287 ,0 
183,4.55 ,-0.143466 ,0 
184,4.575 ,-0.144583 ,0 
185,4.6 ,-0.145638 ,0 
186,4.625 ,-0.146629 ,0 
187,4.65 ,-0.147557 ,0 
188,4.675 ,-0.148421 ,0 
189,4.7 ,-0.149223 ,0 
190,4.725 ,-0.149961 ,0 
191,4.75 ,-0.150636 ,0 
192,4.775 ,-0.151248 ,0 
193,4.8 ,-0.151798 ,0 
194,4.825 ,-0.152284 ,0 
195,4.85 ,-0.152708 ,0 
196,4.875 ,-0.153069 ,0 
197,4.9 ,-0.153368 ,0 
198,4.925 ,-0.153606 ,0 
199,4.95 ,-0.153781 ,0 
200,4.975 ,-0.153896 ,0 
201,5 ,-0.153949 ,0 
202,5.025 ,-0.153942 ,0 
203,5.05 ,-0.153874 ,0 
204,5.075 ,-0.153747 ,0 
205,5.1 ,-0.153561 ,0 
206,5.125 ,-0.153315 ,0 
207,5.15 ,-0.153011 ,0 
208,5.175 ,-0.152649 ,0 
209,5.2 ,-0.15223 ,0 
210,5.225 ,-0.151753 ,0 
211,5.25 ,-0.15122 ,0 
212,5.275 ,-0.150632 ,0 
213,5.3 ,-0.149987 ,0 
214,5.325 ,-0.149288 ,0 
215,5.35 ,-0.148535 ,0 
216,5.375 ,-0.147728 ,0 
217,5.4 ,-0.146869 ,0 
218,5.425 ,-0.145957 ,0 
219,5.45 ,-0.144993 ,0 
220,5.475 ,-0.143978 ,0 
221,5.5 ,-0.142912 ,0 
222,5.525 ,-0.141797 ,0 
223,5.55 ,-0.140633 ,0 
224,5.575 ,-0.139421 ,0 
225,5.6 ,-0.13816 ,0 
226,5.625 ,-0.136853 ,0 
227,5.65 ,-0.1355 ,0 
228,5.675 ,-0.134101 ,0 
229,5.7 ,-0.132657 ,0 
230,5.725 ,-0.131169 ,0 
231,5.75 ,-0.129638 ,0 
232,5.775 ,-0.128064 ,0 
233,5.8 ,-0.126449 ,0 
234,5.825 ,-0.124792 ,0 
235,5.85 ,-0.123095 ,0 
236,5.875 ,-0.121359 ,0 
237,5.9 ,-0.119584 ,0 
238,5.925 ,-0.11777 ,0 
239,5.95 ,-0.11592 ,0 
240,5.975 ,-0.114034 ,0 
241,6 ,-0.112111 ,0 
242,6.025 ,-0.110154 ,0 
243,6.05 ,-0.108164 ,0 
244,6.075 ,-0.106139 ,0 
245,6.1 ,-0.104083 ,0 
246,6.125 ,-0.101995 ,0 
247,6.15 ,-0.099876 ,0 
248,6.175 ,-0.0977271 ,0 
249,6.2 ,-0.0955491 ,0 
250,6.225 ,-0.0933428 ,0 
251,6.25 ,-0.0911089 ,0 
252,6.275 ,-0.0888482 ,0 
253,6.3 ,-0.0865616 ,0 
254,6.325 ,-0.0842499 ,0 
255,6.35 ,-0.0819138 ,0 
256,6.375 ,-0.0795542 ,0 
257,6.4 ,-0.0771719 ,0 
258,6.425 ,-0.0747676 ,0 
259,6.45 ,-0.0723422 ,0 
260,6.475 ,-0.0698964 ,0 
261,6.5 ,-0.0674311 ,0 
262,6.525 ,-0.0649471 ,0 
263,6.55 ,-0.062445 ,0 
264,6.575 ,-0.0599258 ,0 
265,6.6 ,-0.0573902 ,0 
266,6.625 ,-0.0548389 ,0 
267,6.65 ,-0.0522728 ,0 
268,6.675 ,-0.0496926 ,0 
269,6.7 ,-0.0470991 ,0 
270,6.725 ,-0.044493 ,0 
271,6.75 ,-0.0418751 ,0 
272,6.775 ,-0.0392461 ,0 
273,6.8 ,-0.0366069 ,0 
274,6.825 ,-0.0339581 ,0 
275,6.85 ,-0.0313004 ,0 
276,6.875 ,-0.0286347 ,0 
277,6.9 ,-0.0259616 ,0 
278,6.925 ,-0.0232818 ,0 
279,6.95 ,-0.0205962 ,0 
280,6.975 ,-0.0179053 ,0 
281,7 ,-0.0152099 ,0 
282,7.025 ,-0.0125106 ,0 
283,7.05 ,-0.00980831 ,0 
284,7.075 ,-0.00710353 ,0 
285,7.1 ,-0.004397 ,0 
286,7.125 ,-0.00168939 ,0 
287,7.15 ,0.00101863 ,0 
288,7.175 ,0.00372641 ,0 
289,7.2 ,0.00643329 ,0 
290,7.225 ,0.00913861 ,0 
291,7.25 ,0.0118418 ,0 
292,7.275 ,0.0145421 ,0 
293,7.3 ,0.0172389 ,0 
294,7.325 ,0.0199317 ,0 
295,7.35 ,0.0226198 ,0 
296,7.375 ,0.0253027 ,0 
297,7.4 ,0.0279796 ,0 
298,7.425 ,0.0306501 ,0 
299,7.45 ,0.0333135 ,0 
300,7.475 ,0.0359693 ,0 
301,7.5 ,0.0386169 ,0 
302,7.525 ,0.0412557 ,0 
303,7.55 ,0.0438852 ,0 
304,7.575 ,0.0465048 ,0 
305,7.6 ,0.0491141 ,0 
306,7.625 ,0.0517124 ,0 
307,7.65 ,0.0542993 ,0 
308,7.675 ,0.0568742 ,0 
309,7.7 ,0.0594366 ,0 
310,7.725 ,0.0619861 ,0 
311,7.75 ,0.064522 ,0 
312,7.775 ,0.0670441 ,0 
313,7.8 ,0.0695517 ,0 
314,7.825 ,0.0720444 ,0 
315,7.85 ,0.0745218 ,0 
316,7.875 ,0.0769834 ,0 
317,7.9 ,0.0794287 ,0 
318,7.925 ,0.0818574 ,0 
319,7.95 ,0.0842689 ,0 
320,7.975 ,0.086663 ,0 
321,8 ,0.089039 ,0 
322,8.025 ,0.0913967 ,0 
323,8.05 ,0.0937357 ,0 
324,8.075 ,0.0960556 ,0 
325,8.1 ,0.0983559 ,0 
326,8.125 ,0.100636 ,0 
327,8.15 ,0.102897 ,0 
328,8.175 ,0.105136 ,0 
329,8.2 ,0.107355 ,0 
330,8.225 ,0.109552 ,0 
331,8.25 ,0.111728 ,0 
332,8.275 ,0.113881 ,0 
333,8.3 ,0.116013 ,0 
334,8.325 ,0.118122 ,0 
335,8.35 ,0.120207 ,0 
336,8.375 ,0.12227 ,0 
337,8.4 ,0.124309 ,0 
338,8.425 ,0.126325 ,0 
339,8.45 ,0.128316 ,0 
340,8.475 ,0.130283 ,0 
341,8.5 ,0.132226 ,0 
342,8.525 ,0.134144 ,0 
343,8.55 ,0.136036 ,0 
344,8.575 ,0.137904 ,0 
345,8.6 ,0.139746 ,0 
346,8.625 ,0.141562 ,0 
347,8.65 ,0.143352 ,0 
348,8.675 ,0.145116 ,0 
349,8.7 ,0.146853 ,0 
350,8.725 ,0.148564 ,0 
351,8.75 ,0.150249 ,0 
352,8.775 ,0.151906 ,0 
353,8.8 ,0.153536 ,0 
354,8.825 ,0.155139 ,0 
355,8.85 ,0.156714 ,0 
356,8.875 ,0.158262 ,0 
357,8.9 ,0.159782 ,0 
358,8.925 ,0.161275 ,0 
359,8.95 ,0.162739 ,0 
360,8.975 ,0.164175 ,0 
361,9 ,0.165583 ,0 
362,9.025 ,0.166962 ,0 
363,9.05 ,0.168313 ,0 
364,9.075 ,0.169636 ,0 
365,9.1 ,0.17093 ,0 
366,9.125 ,0.172195 ,0 
367,9.15 ,0.173431 ,0 
368,9.175 ,0.174638 ,0 
369,9.2 ,0.175816 ,0 
370,9.225 ,0.176965 ,0 
371,9.25 ,0.178085 ,0 
372,9.275 ,0.179176 ,0 
373,9.3 ,0.180238 ,0 
374,9.325 ,0.18127 ,0 
375,9.35 ,0.182273 ,0 
376,9.375 ,0.183247 ,0 
377,9.4 ,0.184191 ,0 
378,9.425 ,0.185106 ,0 
379,9.45 ,0.185992 ,0 
380,9.475 ,0.186848 ,0 
381,9.5 ,0.187674 ,0 
382,9.525 ,0.188472 ,0 
383,9.55 ,0.18924 ,0 
384,9.575 ,0.189978 ,0 
385,9.6 ,0.190687 ,0 
386,9.625 ,0.191367 ,0 
387,9.65 ,0.192017 ,0 
388,9.675 ,0.192638 ,0 
389,9.7 ,0.19323 ,0 
390,9.725 ,0.193793 ,0 
391,9.75 ,0.194326 ,0 
392,9.775 ,0.19483 ,0 
393,9.8 ,0.195305 ,0 
394,9.825 ,0.195752 ,0 
395,9.85 ,0.196169 ,0 
396,9.875 ,0.196557 ,0 
397,9.9 ,0.196916 ,0 
398,9.925 ,0.197247 ,0 
399,9.95 ,0.197549 ,0 
400,9.975 ,0.197822 ,0 
401,10 ,0.198067 ,0 
402,10.025 ,0.198283 ,0 
403,10.05 ,0.198471 ,0 
404,10.075 ,0.198631 ,0 
405,10.1 ,0.198762 ,0 
406,10.125 ,0.198866 ,0 
407,10.15 ,0.198942 ,0 
408,10.175 ,0.198989 ,0 
409,10.2 ,0.199009 ,0 
410,10.225 ,0.199002 ,0 
411,10.25 ,0.198967 ,0 
412,10.275 ,0.198904 ,0 
413,10.3 ,0.198815 ,0 
414,10.325 ,0.198698 ,0 
415,10.35 ,0.198555 ,0 
416,10.375 ,0.198384 ,0 
417,10.4 ,0.198187 ,0 
418,10.425 ,0.197963 ,0 
419,10.45 ,0.197713 ,0 
420,10.475 ,0.197437 ,0 
421,10.5 ,0.197134 ,0 
422,10.525 ,0.196806 ,0 
423,10.55 ,0.196451 ,0 
424,10.575 ,0.196071 ,0 
425,10.6 ,0.195666 ,0 
426,10.625 ,0.195235 ,0 
427,10.65 ,0.194779 ,0 
428,10.675 ,0.194298 ,0 
429,10.7 ,0.193793 ,0 
430,10.725 ,0.193262 ,0 
431,10.75 ,0.192708 ,0 
432,10.775 ,0.192128 ,0 
433,10.8 ,0.191525 ,0 
434,10.825 ,0.190898 ,0 
435,10.85 ,0.190247 ,0 
436,10.875 ,0.189572 ,0 
437,10.9 ,0.188874 ,0 
438,10.925 ,0.188153 ,0 
439,10.95 ,0.187409 ,0 
440,10.975 ,0.186642 ,0 
441,11 ,0.185852 ,0 
442,11.025 ,0.18504 ,0 
443,11.05 ,0.184205 ,0 
444,11.075 ,0.183349 ,0 
445,11.1 ,0.18247 ,0 
446,11.125 ,0.18157 ,0 
447,11.15 ,0.180649 ,0 
448,11.175 ,0.179706 ,0 
449,11.2 ,0.178742 ,0 
450,11.225 ,0.177757 ,0 
451,11.25 ,0.176751 ,0 
452,11.275 ,0.175726 ,0 
453,11.3 ,0.174679 ,0 
454,11.325 ,0.173613 ,0 
455,11.35 ,0.172527 ,0 
456,11.375 ,0.171421 ,0 
457,11.4 ,0.170296 ,0 
458,11.425 ,0.169151 ,0 
459,11.45 ,0.167988 ,0 
460,11.475 ,0.166806 ,0 
461,11.5 ,0.165605 ,0 
462,11.525 ,0.164386 ,0 
463,11.55 ,0.163148 ,0 
464,11.575 ,0.161893 ,0 
465,11.6 ,0.16062 ,0 
466,11.625 ,0.159329 ,0 
467,11.65 ,0.158022 ,0 
468,11.675 ,0.156697 ,0 
469,11.7 ,0.155355 ,0 
470,11.725 ,0.153996 ,0 
471,11.75 ,0.152621 ,0 
472,11.775 ,0.15123 ,0 
473,11.8 ,0.149823 ,0 
474,11.825 ,0.1484 ,0 
475,11.85 ,0.146961 ,0 
476,11.875 ,0.145507 ,0 
477,11.9 ,0.144038 ,0 
478,11.925 ,0.142554 ,0 
479,11.95 ,0.141055 ,0 
480,11.975 ,0.139542 ,0 
481,12 ,0.138015 ,0 
482,12.025 ,0.136473 ,0 
483,12.05 ,0.134918 ,0 
484,12.075 ,0.133348 ,0 
485,12.1 ,0.131766 ,0 
486,12.125 ,0.13017 ,0 
487,12.15 ,0.128562 ,0 
488,12.175 ,0.12694 ,0 
489,12.2 ,0.125306 ,0 
490,12.225 ,0.12366 ,0 
491,12.25 ,0.122001 ,0 
492,12.275 ,0.120331 ,0 
493,12.3 ,0.118649 ,0 
494,12.325 ,0.116955 ,0 
495,12.35 ,0.11525 ,0 
496,12.375 ,0.113534 ,0 
497,12.4 ,0.111808 ,0 
498,12.425 ,0.11007 ,0 
499,12.45 ,0.108322 ,0 
500,12.475 ,0.106564 ,0 
501,12.5 ,0.104796 ,0 
502,12.525 ,0.103018 ,0 
503,12.55 ,0.101231 ,0 
504,12.575 ,0.0994338 ,0 
505,12.6 ,0.0976277 ,0 
506,12.625 ,0.0958127 ,0 
507,12.65 ,0.0939888 ,0 
508,12.675 ,0.0921564 ,0 
509,12.7 ,0.0903156 ,0 
510,12.725 ,0.0884667 ,0 
511,12.75 ,0.0866098 ,0 
512,12.775 ,0.0847451 ,0 
513,12.8 ,0.0828728 ,0 
514,12.825 ,0.0809932 ,0 
515,12.85 ,0.0791064 ,0 
516,12.875 ,0.0772127 ,0 
517,12.9 ,0.0753121 ,0 
518,12.925 ,0.073405 ,0 
519,12.95 ,0.0714915 ,0 
520,12.975 ,0.0695718 ,0 
521,13 ,0.0676461 ,0 
522,13.025 ,0.0657146 ,0 
523,13.05 ,0.0637775 ,0 
524,13.075 ,0.0618349 ,0 
525,13.1 ,0.0598871 ,0 
526,13.125 ,0.0579343 ,0 
527,13.15 ,0.0559765 ,0 
528,13.175 ,0.0540141 ,0 
529,13.2 ,0.0520472 ,0 
530,13.225 ,0.050076 ,0 
531,13.25 ,0.0481006 ,0 
532,13.275 ,0.0461213 ,0 
533,13.3 ,0.0441382 ,0 
534,13.325 ,0.0421515 ,0 
535,13.35 ,0.0401614 ,0 
536,13.375 ,0.038168 ,0 
537,13.4 ,0.0361716 ,0 
538,13.425 ,0.0341722 ,0 
539,13.45 ,0.0321702 ,0 
540,13.475 ,0.0301655 ,0 
541,13.5 ,0.0281585 ,0 
542,13.525 ,0.0261493 ,0 
543,13.55 ,0.024138 ,0 
544,13.575 ,0.0221248 ,0 
545,13.6 ,0.02011 ,0 
546,13.625 ,0.0180935 ,0 
547,13.65 ,0.0160757 ,0 
548,13.675 ,0.0140566 ,0 
549,13.7 ,0.0120365 ,0 
550,13.725 ,0.0100154 ,0 
551,13.75 ,0.00799359 ,0 
552,13.775 ,0.00597116 ,0 
553,13.8 ,0.0039483 ,0 
554,13.825 ,0.00192513 ,0 
555,13.85 ,-9.8178e-05 ,0 
556,13.875 ,-0.00212148 ,0 
557,13.9 ,-0.00414462 ,0 
558,13.925 ,-0.00616746 ,0 
559,13.95 ,-0.00818985 ,0 
560,13.975 ,-0.0102116 ,0 
561,14 ,-0.0122327 ,0 
562,14.025 ,-0.0142529 ,0 
563,14.05 ,-0.016272 ,0 
564,14.075 ,-0.01829 ,0 
565,14.1 ,-0.0203067 ,0 
566,14.125 ,-0.0223219 ,0 
567,14.15 ,-0.0243356 ,0 
568,14.175 ,-0.0263476 ,0 
569,14.2 ,-0.0283577 ,0 
570,14.225 ,-0.0303658 ,0 
571,14.25 ,-0.0323718 ,0 
572,14.275 ,-0.0343756 ,0 
573,14.3 ,-0.0363771 ,0 
574,14.325 ,-0.038376 ,0 
575,14.35 ,-0.0403724 ,0 
576,14.375 ,-0.042366 ,0 
577,14.4 ,-0.0443567 ,0 
578,14.425 ,-0.0463445 ,0 
579,14.45 ,-0.0483291 ,0 
580,14.475 ,-0.0503106 ,0 
581,14.5 ,-0.0522887 ,0 
582,14.525 ,-0.0542633 ,0 
583,14.55 ,-0.0562344 ,0 
584,14.575 ,-0.0582019 ,0 
585,14.6 ,-0.0601655 ,0 
586,14.625 ,-0.0621252 ,0 
587,14.65 ,-0.0640809 ,0 
588,14.675 ,-0.0660325 ,0 
589,14.7 ,-0.0679799 ,0 
590,14.725 ,-0.069923 ,0 
591,14.75 ,-0.0718616 ,0 
592,14.775 ,-0.0737957 ,0 
593,14.8 ,-0.0757251 ,0 
594,14.825 ,-0.0776499 ,0 
595,14.85 ,-0.0795698 ,0 
596,14.875 ,-0.0814847 ,0 
597,14.9 ,-0.0833947 ,0 
598,14.925 ,-0.0852995 ,0 
599,14.95 ,-0.0871991 ,0 
600,14.975 ,-0.0890934 ,0 
601,15 ,-0.0909823 ,0 
602,15.025 ,-0.0928658 ,0 
603,15.05 ,-0.0947437 ,0 
604,15.075 ,-0.0966159 ,0 
605,15.1 ,-0.0984824 ,0 
606,15.125 ,-0.100343 ,0 
607,15.15 ,-0.102198 ,0 
608,15.175 ,-0.104047 ,0 
609,15.2 ,-0.105889 ,0 
610,15.225 ,-0.107726 ,0 
611,15.25 ,-0.109556 ,0 
612,15.275 ,-0.11138 ,0 
613,15.3 ,-0.113198 ,0 
614,15.325 ,-0.115009 ,0 
615,15.35 ,-0.116814 ,0 
616,15.375 ,-0.118612 ,0 
617,15.4 ,-0.120403 ,0 
618,15.425 ,-0.122188 ,0 
619,15.45 ,-0.123966 ,0 
620,15.475 ,-0.125737 ,0 
621,15.5 ,-0.127501 ,0 
622,15.525 ,-0.129258 ,0 
623,15.55 ,-0.131008 ,0 
624,15.575 ,-0.132751 ,0 
625,15.6 ,-0.134486 ,0 
626,15.625 ,-0.136215 ,0 
627,15.65 ,-0.137936 ,0 
628,15.675 ,-0.13965 ,0 
629,15.7 ,-0.141356 ,0 
630,15.725 ,-0.143055 ,0 
631,15.75 ,-0.144747 ,0 
632,15.775 ,-0.146431 ,0 
633,15.8 ,-0.148107 ,0 
634,15.825 ,-0.149775 ,0 
635,15.85 ,-0.151436 ,0 
636,15.875 ,-0.153089 ,0 
637,15.9 ,-0.154735 ,0 
638,15.925 ,-0.156372 ,0 
639,15.95 ,-0.158001 ,0 
640,15.975 ,-0.159623 ,0 
641,16 ,-0.161237 ,0 
642,16.025 ,-0.162842 ,0 
643,16.05 ,-0.164439 ,0 
644,16.075 ,-0.166029 ,0 
645,16.1 ,-0.16761 ,0 
646,16.125 ,-0.169183 ,0 
647,16.15 ,-0.170748 ,0 
648,16.175 ,-0.172304 ,0 
649,16.2 ,-0.173852 ,0 
650,16.225 ,-0.175392 ,0 
651,16.25 ,-0.176924 ,0 
652,16.275 ,-0.178447 ,0 
653,16.3 ,-0.179962 ,0 
654,16.325 ,-0.181468 ,0 
655,16.35 ,-0.182966 ,0 
656,16.375 ,-0.184455 ,0 
657,16.4 ,-0.185936 ,0 
658,16.425 ,-0.187408 ,0 
659,16.45 ,-0.188871 ,0 
660,16.475 ,-0.190326 ,0 
661,16.5 ,-0.191773 ,0 
662,16.525 ,-0.193211 ,0 
663,16.55 ,-0.19464 ,0 
664,16.575 ,-0.19606 ,0 
665,16.6 ,-0.197472 ,0 
666,16.625 ,-0.198875 ,0 
667,16.65 ,-0.200269 ,0 
668,16.675 ,-0.201654 ,0 
669,16.7 ,-0.203031 ,0 
670,16.725 ,-0.204399 ,0 
671,16.75 ,-0.205758 ,0 
672,16.775 ,-0.207108 ,0 
673,16.8 ,-0.208449 ,0 
674,16.825 ,-0.209782 ,0 
675,16.85 ,-0.211106 ,0 
676,16.875 ,-0.212421 ,0 
677,16.9 ,-0.213727 ,0 
678,16.925 ,-0.215024 ,0 
679,16.95 ,-0.216312 ,0 
680,16.975 ,-0.217592 ,0 
681,17 ,-0.218862 ,0 
682,17.025 ,-0.220124 ,0 
683,17.05 ,-0.221376 ,0 
684,17.075 ,-0.22262 ,0 
685,17.1 ,-0.223855 ,0 
686,17.125 ,-0.225081 ,0 
687,17.15 ,-0.226298 ,0 
688,17.175 ,-0.227507 ,0 
689,17.2 ,-0.228706 ,0 
690,17.225 ,-0.229896 ,0 
691,17.25 ,-0.231078 ,0 
692,17.275 ,-0.23225 ,0 
693,17.3 ,-0.233414 ,0 
694,17.325 ,-0.234569 ,0 
695,17.35 ,-0.235715 ,0 
696,17.375 ,-0.236852 ,0 
697,17.4 ,-0.23798 ,0 
698,17.425 ,-0.239099 ,0 
699,17.45 ,-0.24021 ,0 
700,17.475 ,-0.241311 ,0 
701,17.5 ,-0.242404 ,0 
702,17.525 ,-0.243488 ,0 
703,17.55 ,-0.244563 ,0 
704,17.575 ,-0.245629 ,0 
705,17.6 ,-0.246687 ,0 
706,17.625 ,-0.247736 ,0 
707,17.65 ,-0.248775 ,0 
708,17.675 ,-0.249807 ,0 
709,17.7 ,-0.250829 ,0 
710,17.725 ,-0.251843 ,0 
711,17.75 ,-0.252848 ,0 
712,17.775 ,-0.253844 ,0 
713,17.8 ,-0.254831 ,0 
714,17.825 ,-0.25581 ,0 
715,17.85 ,-0.256781 ,0 
716,17.875 ,-0.257742 ,0 
717,17.9 ,-0.258695 ,0 
718,17.925 ,-0.25964 ,0 
719,17.95 ,-0.260575 ,0 
720,17.975 ,-0.261503 ,0 
721,18 ,-0.262421 ,0 
722,18.025 ,-0.263331 ,0 
723,18.05 ,-0.264233 ,0 
724,18.075 ,-0.265126 ,0 
725,18.1 ,-0.266011 ,0 
726,18.125 ,-0.266887 ,0 
727,18.15 ,-0.267755 ,0 
728,18.175 ,-0.268615 ,0 
729,18.2 ,-0.269466 ,0 
730,18.225 ,-0.270309 ,0 
731,18.25 ,-0.271143 ,0 
732,18.275 ,-0.27197 ,0 
733,18.3 ,-0.272787 ,0 
734,18.325 ,-0.273597 ,0 
735,18.35 ,-0.274399 ,0 
736,18.375 ,-0.275192 ,0 
737,18.4 ,-0.275977 ,0 
738,18.425 ,-0.276754 ,0 
739,18.45 ,-0.277523 ,0 
740,18.475 ,-0.278284 ,0 
741,18.5 ,-0.279037 ,0 
742,18.525 ,-0.279782 ,0 
743,18.55 ,-0.280519 ,0 
744,18.575 ,-0.281247 ,0 
745,18.6 ,-0.281968 ,0 
746,18.625 ,-0.282681 ,0 
747,18.65 ,-0.283387 ,0 
748,18.675 ,-0.284084 ,0 
749,18.7 ,-0.284774 ,0 
750,18.725 ,-0.285455 ,0 
751,18.75 ,-0.28613 ,0 
752,18.775 ,-0.286796 ,0 
753,18.8 ,-0.287455 ,0 
754,18.825 ,-0.288106 ,0 
755,18.85 ,-0.288749 ,0 
756,18.875 ,-0.289385 ,0 
757,18.9 ,-0.290014 ,0 
758,18.925 ,-0.290634 ,0 
759,18.95 ,-0.291248 ,0 
760,18.975 ,-0.291854 ,0 
761,19 ,-0.292452 ,0 
762,19.025 ,-0.293044 ,0 
763,19.05 ,-0.293628 ,0 
764,19.075 ,-0.294204 ,0 
765,19.1 ,-0.294774 ,0 
766,19.125 ,-0.295336 ,0 
767,19.15 ,-0.295891 ,0 
768,19.175 ,-0.296439 ,0 
769,19.2 ,-0.296979 ,0 
770,19.225 ,-0.297513 ,0 
771,19.25 ,-0.29804 ,0 
772,19.275 ,-0.298559 ,0 
773,19.3 ,-0.299072 ,0 
774,19.325 ,-0.299578 ,0 
775,19.35 ,-0.300077 ,0 
776,19.375 ,-0.300569 ,0 
777,19.4 ,-0.301054 ,0 
778,19.425 ,-0.301533 ,0 
779,19.45 ,-0.302005 ,0 
780,19.475 ,-0.30247 ,0 
781,19.5 ,-0.302928 ,0 
782,19.525 ,-0.30338 ,0 
783,19.55 ,-0.303825 ,0 
784,19.575 ,-0.304264 ,0 
785,19.6 ,-0.304697 ,0 
786,19.625 ,-0.305123 ,0 
787,19.65 ,-0.305542 ,0 
788,19.675 ,-0.305955 ,0 
789,19.7 ,-0.306362 ,0 
790,19.725 ,-0.306763 ,0 
791,19.75 ,-0.307157 ,0 
792,19.775 ,-0.307545 ,0 
793,19.8 ,-0.307927 ,0 
794,19.825 ,-0.308303 ,0 
795,19.85 ,-0.308673 ,0 
796,19.875 ,-0.309037 ,0 
797,19.9 ,-0.309394 ,0 
798,19.925 ,-0.309746 ,0 
799,19.95 ,-0.310092 ,0 
800,19.975 ,-0.310432 ,0 
801,20 ,-0.310767 ,0 
802,20.025 ,-0.311095 ,0 
803,20.05 ,-0.311418 ,0 
804,20.075 ,-0.311735 ,0 
805,20.1 ,-0.312046 ,0 
806,20.125 ,-0.312352 ,0 
807,20.15 ,-0.312653 ,0 
808,20.175 ,-0.312947 ,0 
809,20.2 ,-0.313237 ,0 
810,20.225 ,-0.31352 ,0 
811,20.25 ,-0.313799 ,0 
812,20.275 ,-0.314072 ,0 
813,20.3 ,-0.31434 ,0 
814,20.325 ,-0.314602 ,0 
815,20.35 ,-0.31486 ,0 
816,20.375 ,-0.315112 ,0 
817,20.4 ,-0.315359 ,0 
818,20.425 ,-0.315601 ,0 
819,20.45 ,-0.315838 ,0 
820,20.475 ,-0.31607 ,0 
821,20.5 ,-0.316297 ,0 
822,20.525 ,-0.316519 ,0 
823,20.55 ,-0.316736 ,0 
824,20.575 ,-0.316948 ,0 
825,20.6 ,-0.317156 ,0 
826,20.625 ,-0.317358 ,0 
827,20.65 ,-0.317557 ,0 
828,20.675 ,-0.31775 ,0 
829,20.7 ,-0.317939 ,0 
830,20.725 ,-0.318123 ,0 
831,20.75 ,-0.318303 ,0 
832,20.775 ,-0.318478 ,0 
833,20.8 ,-0.318649 ,0 
834,20.825 ,-0.318816 ,0 
835,20.85 ,-0.318978 ,0 
836,20.875 ,-0.319136 ,0 
837,20.9 ,-0.319289 ,0 
838,20.925 ,-0.319439 ,0 
839,20.95 ,-0.319584 ,0 
840,20.975 ,-0.319725 ,0 
841,21 ,-0.319862 ,0 
842,21.025 ,-0.319995 ,0 
843,21.05 ,-0.320124 ,0 
844,21.075 ,-0.320249 ,0 
845,21.1 ,-0.32037 ,0 
846,21.125 ,-0.320487 ,0 
847,21.15 ,-0.320601 ,0 
848,21.175 ,-0.32071 ,0 
849,21.2 ,-0.320816 ,0 
850,21.225 ,-0.320918 ,0 
851,21.25 ,-0.321017 ,0 
852,21.275 ,-0.321112 ,0 
853,21.3 ,-0.321203 ,0 
854,21.325 ,-0.321291 ,0 
855,21.35 ,-0.321376 ,0 
856,21.375 ,-0.321457 ,0 
857,21.4 ,-0.321534 ,0 
858,21.425 ,-0.321608 ,0 
859,21.45 ,-0.321679 ,0 
860,21.475 ,-0.321747 ,0 
861,21.5 ,-0.321812 ,0 
862,21.525 ,-0.321873 ,0 
863,21.55 ,-0.321931 ,0 
864,21.575 ,-0.321986 ,0 
865,21.6 ,-0.322038 ,0 
866,21.625 ,-0.322087 ,0 
867,21.65 ,-0.322133 ,0 
868,21.675 ,-0.322176 ,0 
869,21.7 ,-0.322217 ,0 
870,21.725 ,-0.322254 ,0 
871,21.75 ,-0.322289 ,0 
872,21.775 ,-0.322321 ,0 
873,21.8 ,-0.32235 ,0 
874,21.825 ,-0.322376 ,0 
875,21.85 ,-0.3224 ,0 
876,21.875 ,-0.322422 ,0 
877,21.9 ,-0.322441 ,0 
878,21.925 ,-0.322457 ,0 
879,21.95 ,-0.322471 ,0 
880,21.975 ,-0.322482 ,0 
881,22 ,-0.322491 ,0 
882,22.025 ,-0.322498 ,0 
883,22.05 ,-0.322503 ,0 
884,22.075 ,-0.322505 ,0 
885,22.1 ,-0.322505 ,0 
886,22.125 ,-0.322503 ,0 
887,22.15 ,-0.322498 ,0 
888,22.175 ,-0.322492 ,0 
889,22.2 ,-0.322484 ,0 
890,22.225 ,-0.322473 ,0 
891,22.25 ,-0.322461 ,0 
892,22.275 ,-0.322447 ,0 
893,22.3 ,-0.322431 ,0 
894,22.325 ,-0.322413 ,0 
895,22.35 ,-0.322393 ,0 
896,22.375 ,-0.322372 ,0 
897,22.4 ,-0.322348 ,0 
898,22.425 ,-0.322324 ,0 
899,22.45 ,-0.322297 ,0 
900,22.475 ,-0.322269 ,0 
901,22.5 ,-0.322239 ,0 
902,22.525 ,-0.322208 ,0 
903,22.55 ,-0.322175 ,0 
904,22.575 ,-0.322141 ,0 
905,22.6 ,-0.322106 ,0 
906,22.625 ,-0.322069 ,0 
907,22.65 ,-0.322031 ,0 
908,22.675 ,-0.321992 ,0 
909,22.7 ,-0.321951 ,0 
910,22.725 ,-0.321909 ,0 
911,22.75 ,-0.321866 ,0 
912,22.775 ,-0.321822 ,0 
913,22.8 ,-0.321777 ,0 
914,22.825 ,-0.321731 ,0 
915,22.85 ,-0.321684 ,0 
916,22.875 ,-0.321635 ,0 
917,22.9 ,-0.321586 ,0 
918,22.925 ,-0.321536 ,0 
919,22.95 ,-0.321485 ,0 
920,22.975 ,-0.321434 ,0 
921,23 ,-0.321381 ,0 
922,23.025 ,-0.321328 ,0 
923,23.05 ,-0.321274 ,0 
924,23.075 ,-0.32122 ,0 
925,23.1 ,-0.321165 ,0 
926,23.125 ,-0.321109 ,0 
927,23.15 ,-0.321053 ,0 
928,23.175 ,-0.320996 ,0 
929,23.2 ,-0.320939 ,0 
930,23.225 ,-0.320881 ,0 
931,23.25 ,-0.320823 ,0 
932,23.275 ,-0.320765 ,0 
933,23.3 ,-0.320706 ,0 
934,23.325 ,-0.320647 ,0 
935,23.35 ,-0.320588 ,0 
936,23.375 ,-0.320529 ,0 
937,23.4 ,-0.320469 ,0 
938,23.425 ,-0.320409 ,0 
939,23.45 ,-0.32035 ,0 
940,23.475 ,-0.32029 ,0 
941,23.5 ,-0.32023 ,0 
942,23.525 ,-0.32017 ,0 
943,23.55 ,-0.32011 ,0 
944,23.575 ,-0.32005 ,0 
945,23.6 ,-0.319991 ,0 
946,23.625 ,-0.319931 ,0 
947,23.65 ,-0.319872 ,0 
948,23.675 ,-0.319813 ,0 
949,23.7 ,-0.319754 ,0 
950,23.725 ,-0.319695 ,0 
951,23.75 ,-0.319637 ,0 
952,23.775 ,-0.319579 ,0 
953,23.8 ,-0.319522 ,0 
954,23.825 ,-0.319465 ,0 
955,23.85 ,-0.319409 ,0 
956,23.875 ,-0.319353 ,0 
957,23.9 ,-0.319297 ,0 
958,23.925 ,-0.319242 ,0 
959,23.95 ,-0.319188 ,0 
960,23.975 ,-0.319135 ,0 
961,24 ,-0.319082 ,0 
962,24.025 ,-0.31903 ,0 
963,24.05 ,-0.318978 ,0 
964,24.075 ,-0.318927 ,0 
965,24.1 ,-0.318878 ,0 
966,24.125 ,-0.318829 ,0 
967,24.15 ,-0.318781 ,0 
968,24.175 ,-0.318734 ,0 
969,24.2 ,-0.318687 ,0 
970,24.225 ,-0.318642 ,0 
971,24.25 ,-0.318598 ,0 
972,24.275 ,-0.318555 ,0 
973,24.3 ,-0.318513 ,0 
974,24.325 ,-0.318472 ,0 
975,24.35 ,-0.318432 ,0 
976,24.375 ,-0.318394 ,0 
977,24.4 ,-0.318356 ,0 
978,24.425 ,-0.31832 ,0 
979,24.45 ,-0.318286 ,0 
980,24.475 ,-0.318252 ,0 
981,24.5 ,-0.31822 ,0 
982,24.525 ,-0.31819 ,0 
983,24.55 ,-0.31816 ,0 
984,24.575 ,-0.318133 ,0 
985,24.6 ,-0.318106 ,0 
986,24.625 ,-0.318082 ,0 
987,24.65 ,-0.318058 ,0 
988,24.675 ,-0.318037 ,0 
989,24.7 ,-0.318017 ,0 
990,24.725 ,-0.317998 ,0 
991,24.75 ,-0.317982 ,0 
992,24.775 ,-0.317967 ,0 
993,24.8 ,-0.317954 ,0 
994,24.825 ,-0.317942 ,0 
995,24.85 ,-0.317933 ,0 
996,24.875 ,-0.317925 ,0 
997,24.9 ,-0.317919 ,0 
998,24.925 ,-0.317915 ,0 
999,24.95 ,-0.317913 ,0 
1000,24.975 ,-0.317913 ,0 