
1,0 ,0 ,0 
2,0.025 ,0 ,0 
3,0.05 ,0 ,0 
4,0.075 ,0.000332951 ,0 
5,0.1 ,0.000576698 ,0 
6,0.125 ,0.000892238 ,0 
7,0.15 ,0.00127858 ,0 
8,0.175 ,0.0017351 ,0 
9,0.2 ,0.00226127 ,0 
10,0.225 ,0.00285657 ,0 
11,0.25 ,0.00352047 ,0 
12,0.275 ,0.0042524 ,0 
13,0.3 ,0.00505175 ,0 
14,0.325 ,0.00591785 ,0 
15,0.35 ,0.00684998 ,0 
16,0.375 ,0.00784739 ,0 
17,0.4 ,0.00890926 ,0 
18,0.425 ,0.0100347 ,0 
19,0.45 ,0.0112229 ,0 
20,0.475 ,0.0124727 ,0 
21,0.5 ,0.0137833 ,0 
22,0.525 ,0.0151534 ,0 
23,0.55 ,0.0165821 ,0 
24,0.575 ,0.0180682 ,0 
25,0.6 ,0.0196104 ,0 
26,0.625 ,0.0212076 ,0 
27,0.65 ,0.0228583 ,0 
28,0.675 ,0.0245614 ,0 
29,0.7 ,0.0263153 ,0 
30,0.725 ,0.0281187 ,0 
31,0.75 ,0.0299702 ,0 
32,0.775 ,0.0318681 ,0 
33,0.8 ,0.033811 ,0 
34,0.825 ,0.0357974 ,0 
35,0.85 ,0.0378255 ,0 
36,0.875 ,0.0398938 ,0 
37,0.9 ,0.0420006 ,0 
38,0.925 ,0.0441442 ,0 
39,0.95 ,0.0463229 ,0 
40,0.975 ,0.0485348 ,0 
41,1 ,0.0507782 ,0 
42,1.025 ,0.0530513 ,0 
43,1.05 ,0.0553522 ,0 
44,1.075 ,0.0576791 ,0 
45,1.1 ,0.0600302 ,0 
46,1.125 ,0.0624034 ,0 
47,1.15 ,0.0647969 ,0 
48,1.175 ,0.0672087 ,0 
49,1.2 ,0.0696369 ,0 
50,1.225 ,0.0720796 ,0 
51,1.25 ,0.0745347 ,0 
52,1.275 ,0.0770003 ,0 
53,1.3 ,0.0794743 ,0 
54,1.325 ,0.0819548 ,0 
55,1.35 ,0.0844398 ,0 
56,1.375 ,0.0869271 ,0 
57,1.4 ,0.089415 ,0 
58,1.425 ,0.0919012 ,0 
59,1.45 ,0.0943838 ,0 
60,1.475 ,0.0968608 ,0 
61,1.5 ,0.0993302 ,0 
62,1.525 ,0.10179 ,0 
63,1.55 ,0.104238 ,0 
64,1.575 ,0.106673 ,0 
65,1.6 ,0.109091 ,0 
66,1.625 ,0.111493 ,0 
67,1.65 ,0.113875 ,0 
68,1.675 ,0.116235 ,0 
69,1.7 ,0.118572 ,0 
70,1.725 ,0.120883 ,0 
71,1.75 ,0.123168 ,0 
72,1.775 ,0.125423 ,0 
73,1.8 ,0.127648 ,0 
74,1.825 ,0.129839 ,0 
75,1.85 ,0.131997 ,0 
76,1.875 ,0.134117 ,0 
77,1.9 ,0.1362 ,0 
78,1.925 ,0.138243 ,0 
79,1.95 ,0.140245 ,0 
80,1.975 ,0.142203 ,0 
81,2 ,0.144116 ,0 
82,2.025 ,0.145983 ,0 
83,2.05 ,0.147802 ,0 
84,2.075 ,0.149572 ,0 
85,2.1 ,0.15129 ,0 
86,2.125 ,0.152957 ,0 
87,2.15 ,0.154569 ,0 
88,2.175 ,0.156126 ,0 
89,2.2 ,0.157626 ,0 
90,2.225 ,0.159068 ,0 
91,2.25 ,0.160451 ,0 
92,2.275 ,0.161774 ,0 
93,2.3 ,0.163035 ,0 
94,2.325 ,0.164233 ,0 
95,2.35 ,0.165368 ,0 
96,2.375 ,0.166437 ,0 
97,2.4 ,0.167441 ,0 
98,2.425 ,0.168378 ,0 
99,2.45 ,0.169247 ,0 
100,2.475 ,0.170047 ,0 
101,2.5 ,0.170778 ,0 
102,2.525 ,0.171439 ,0 
103,2.55 ,0.172028 ,0 
104,2.575 ,0.172546 ,0 
105,2.6 ,0.172992 ,0 
106,2.625 ,0.173365 ,0 
107,2.65 ,0.173664 ,0 
108,2.675 ,0.17389 ,0 
109,2.7 ,0.174041 ,0 
110,2.725 ,0.174118 ,0 
111,2.75 ,0.17412 ,0 
112,2.775 ,0.174046 ,0 
113,2.8 ,0.173896 ,0 
114,2.825 ,0.173671 ,0 
115,2.85 ,0.173371 ,0 
116,2.875 ,0.172994 ,0 
117,2.9 ,0.172541 ,0 
118,2.925 ,0.172012 ,0 
119,2.95 ,0.171407 ,0 
120,2.975 ,0.170727 ,0 
121,3 ,0.16997 ,0 
122,3.025 ,0.169138 ,0 
123,3.05 ,0.168231 ,0 
124,3.075 ,0.167249 ,0 
125,3.1 ,0.166193 ,0 
126,3.125 ,0.165062 ,0 
127,3.15 ,0.163857 ,0 
128,3.175 ,0.162579 ,0 
129,3.2 ,0.161228 ,0 
130,3.225 ,0.159805 ,0 
131,3.25 ,0.158311 ,0 
132,3.275 ,0.156745 ,0 
133,3.3 ,0.155109 ,0 
134,3.325 ,0.153403 ,0 
135,3.35 ,0.151629 ,0 
136,3.375 ,0.149786 ,0 
137,3.4 ,0.147876 ,0 
138,3.425 ,0.1459 ,0 
139,3.45 ,0.143859 ,0 
140,3.475 ,0.141753 ,0 
141,3.5 ,0.139583 ,0 
142,3.525 ,0.137351 ,0 
143,3.55 ,0.135058 ,0 
144,3.575 ,0.132704 ,0 
145,3.6 ,0.130291 ,0 
146,3.625 ,0.12782 ,0 
147,3.65 ,0.125292 ,0 
148,3.675 ,0.122709 ,0 
149,3.7 ,0.120071 ,0 
150,3.725 ,0.117379 ,0 
151,3.75 ,0.114636 ,0 
152,3.775 ,0.111842 ,0 
153,3.8 ,0.108999 ,0 
154,3.825 ,0.106107 ,0 
155,3.85 ,0.103169 ,0 
156,3.875 ,0.100186 ,0 
157,3.9 ,0.0971589 ,0 
158,3.925 ,0.0940893 ,0 
159,3.95 ,0.0909787 ,0 
160,3.975 ,0.0878286 ,0 
161,4 ,0.0846403 ,0 
162,4.025 ,0.0814154 ,0 
163,4.05 ,0.0781554 ,0 
164,4.075 ,0.0748617 ,0 
165,4.1 ,0.0715358 ,0 
166,4.125 ,0.0681793 ,0 
167,4.15 ,0.0647937 ,0 
168,4.175 ,0.0613805 ,0 
169,4.2 ,0.0579413 ,0 
170,4.225 ,0.0544775 ,0 
171,4.25 ,0.0509907 ,0 
172,4.275 ,0.0474825 ,0 
173,4.3 ,0.0439545 ,0 
174,4.325 ,0.040408 ,0 
175,4.35 ,0.0368447 ,0 
176,4.375 ,0.0332662 ,0 
177,4.4 ,0.0296738 ,0 
178,4.425 ,0.0260693 ,0 
179,4.45 ,0.0224541 ,0 
180,4.475 ,0.0188297 ,0 
181,4.5 ,0.0151976 ,0 
182,4.525 ,0.0115594 ,0 
183,4.55 ,0.00791646 ,0 
184,4.575 ,0.00427037 ,0 
185,4.6 ,0.000622574 ,0 
186,4.625 ,-0.00302547 ,0 
187,4.65 ,-0.00667232 ,0 
188,4.675 ,-0.0103165 ,0 
189,4.7 ,-0.0139567 ,0 
190,4.725 ,-0.0175914 ,0 
191,4.75 ,-0.0212192 ,0 
192,4.775 ,-0.0248388 ,0 
193,4.8 ,-0.0284488 ,0 
194,4.825 ,-0.0320479 ,0 
195,4.85 ,-0.0356347 ,0 
196,4.875 ,-0.039208 ,0 
197,4.9 ,-0.0427665 ,0 
198,4.925 ,-0.0463088 ,0 
199,4.95 ,-0.0498338 ,0 
200,4.975 ,-0.0533403 ,0 
201,5 ,-0.056827 ,0 
202,5.025 ,-0.0602928 ,0 
203,5.05 ,-0.0637364 ,0 
204,5.075 ,-0.0671569 ,0 
205,5.1 ,-0.070553 ,0 
206,5.125 ,-0.0739237 ,0 
207,5.15 ,-0.0772679 ,0 
208,5.175 ,-0.0805845 ,0 
209,5.2 ,-0.0838726 ,0 
210,5.225 ,-0.087131 ,0 
211,5.25 ,-0.0903588 ,0 
212,5.275 ,-0.0935551 ,0 
213,5.3 ,-0.096719 ,0 
214,5.325 ,-0.0998493 ,0 
215,5.35 ,-0.102945 ,0 
216,5.375 ,-0.106006 ,0 
217,5.4 ,-0.109031 ,0 
218,5.425 ,-0.112019 ,0 
219,5.45 ,-0.114969 ,0 
220,5.475 ,-0.117881 ,0 
221,5.5 ,-0.120753 ,0 
222,5.525 ,-0.123586 ,0 
223,5.55 ,-0.126377 ,0 
224,5.575 ,-0.129127 ,0 
225,5.6 ,-0.131835 ,0 
226,5.625 ,-0.1345 ,0 
227,5.65 ,-0.137122 ,0 
228,5.675 ,-0.139699 ,0 
229,5.7 ,-0.142232 ,0 
230,5.725 ,-0.14472 ,0 
231,5.75 ,-0.147161 ,0 
232,5.775 ,-0.149556 ,0 
233,5.8 ,-0.151905 ,0 
234,5.825 ,-0.154206 ,0 
235,5.85 ,-0.156459 ,0 
236,5.875 ,-0.158663 ,0 
237,5.9 ,-0.160819 ,0 
238,5.925 ,-0.162925 ,0 
239,5.95 ,-0.164982 ,0 
240,5.975 ,-0.166989 ,0 
241,6 ,-0.168946 ,0 
242,6.025 ,-0.170851 ,0 
243,6.05 ,-0.172706 ,0 
244,6.075 ,-0.174509 ,0 
245,6.1 ,-0.176261 ,0 
246,6.125 ,-0.177961 ,0 
247,6.15 ,-0.179608 ,0 
248,6.175 ,-0.181203 ,0 
249,6.2 ,-0.182746 ,0 
250,6.225 ,-0.184236 ,0 
251,6.25 ,-0.185672 ,0 
252,6.275 ,-0.187056 ,0 
253,6.3 ,-0.188386 ,0 
254,6.325 ,-0.189663 ,0 
255,6.35 ,-0.190886 ,0 
256,6.375 ,-0.192056 ,0 
257,6.4 ,-0.193171 ,0 
258,6.425 ,-0.194233 ,0 
259,6.45 ,-0.195242 ,0 
260,6.475 ,-0.196196 ,0 
261,6.5 ,-0.197096 ,0 
262,6.525 ,-0.197943 ,0 
263,6.55 ,-0.198736 ,0 
264,6.575 ,-0.199475 ,0 
265,6.6 ,-0.20016 ,0 
266,6.625 ,-0.200791 ,0 
267,6.65 ,-0.201369 ,0 
268,6.675 ,-0.201893 ,0 
269,6.7 ,-0.202363 ,0 
270,6.725 ,-0.202781 ,0 
271,6.75 ,-0.203145 ,0 
272,6.775 ,-0.203456 ,0 
273,6.8 ,-0.203714 ,0 
274,6.825 ,-0.203919 ,0 
275,6.85 ,-0.204072 ,0 
276,6.875 ,-0.204172 ,0 
277,6.9 ,-0.20422 ,0 
278,6.925 ,-0.204216 ,0 
279,6.95 ,-0.204161 ,0 
280,6.975 ,-0.204054 ,0 
281,7 ,-0.203896 ,0 
282,7.025 ,-0.203686 ,0 
283,7.05 ,-0.203427 ,0 
284,7.075 ,-0.203116 ,0 
285,7.1 ,-0.202756 ,0 
286,7.125 ,-0.202346 ,0 
287,7.15 ,-0.201886 ,0 
288,7.175 ,-0.201377 ,0 
289,7.2 ,-0.200819 ,0 
290,7.225 ,-0.200213 ,0 
291,7.25 ,-0.199558 ,0 
292,7.275 ,-0.198856 ,0 
293,7.3 ,-0.198107 ,0 
294,7.325 ,-0.19731 ,0 
295,7.35 ,-0.196467 ,0 
296,7.375 ,-0.195577 ,0 
297,7.4 ,-0.194642 ,0 
298,7.425 ,-0.193661 ,0 
299,7.45 ,-0.192636 ,0 
300,7.475 ,-0.191565 ,0 
301,7.5 ,-0.190451 ,0 
302,7.525 ,-0.189293 ,0 
303,7.55 ,-0.188091 ,0 
304,7.575 ,-0.186847 ,0 
305,7.6 ,-0.185561 ,0 
306,7.625 ,-0.184232 ,0 
307,7.65 ,-0.182862 ,0 
308,7.675 ,-0.181452 ,0 
309,7.7 ,-0.18 ,0 
310,7.725 ,-0.178509 ,0 
311,7.75 ,-0.176979 ,0 
312,7.775 ,-0.175409 ,0 
313,7.8 ,-0.173801 ,0 
314,7.825 ,-0.172155 ,0 
315,7.85 ,-0.170472 ,0 
316,7.875 ,-0.168751 ,0 
317,7.9 ,-0.166995 ,0 
318,7.925 ,-0.165202 ,0 
319,7.95 ,-0.163374 ,0 
320,7.975 ,-0.161511 ,0 
321,8 ,-0.159614 ,0 
322,8.025 ,-0.157684 ,0 
323,8.05 ,-0.15572 ,0 
324,8.075 ,-0.153723 ,0 
325,8.1 ,-0.151695 ,0 
326,8.125 ,-0.149634 ,0 
327,8.15 ,-0.147543 ,0 
328,8.175 ,-0.145422 ,0 
329,8.2 ,-0.14327 ,0 
330,8.225 ,-0.141089 ,0 
331,8.25 ,-0.13888 ,0 
332,8.275 ,-0.136642 ,0 
333,8.3 ,-0.134376 ,0 
334,8.325 ,-0.132084 ,0 
335,8.35 ,-0.129765 ,0 
336,8.375 ,-0.12742 ,0 
337,8.4 ,-0.12505 ,0 
338,8.425 ,-0.122655 ,0 
339,8.45 ,-0.120235 ,0 
340,8.475 ,-0.117792 ,0 
341,8.5 ,-0.115326 ,0 
342,8.525 ,-0.112838 ,0 
343,8.55 ,-0.110327 ,0 
344,8.575 ,-0.107796 ,0 
345,8.6 ,-0.105243 ,0 
346,8.625 ,-0.10267 ,0 
347,8.65 ,-0.100078 ,0 
348,8.675 ,-0.0974661 ,0 
349,8.7 ,-0.094836 ,0 
350,8.725 ,-0.0921879 ,0 
351,8.75 ,-0.0895225 ,0 
352,8.775 ,-0.0868403 ,0 
353,8.8 ,-0.0841418 ,0 
354,8.825 ,-0.0814276 ,0 
355,8.85 ,-0.0786984 ,0 
356,8.875 ,-0.0759546 ,0 
357,8.9 ,-0.0731968 ,0 
358,8.925 ,-0.0704255 ,0 
359,8.95 ,-0.0676414 ,0 
360,8.975 ,-0.064845 ,0 
361,9 ,-0.0620368 ,0 
362,9.025 ,-0.0592174 ,0 
363,9.05 ,-0.0563874 ,0 
364,9.075 ,-0.0535472 ,0 
365,9.1 ,-0.0506975 ,0 
366,9.125 ,-0.0478387 ,0 
367,9.15 ,-0.0449715 ,0 
368,9.175 ,-0.0420963 ,0 
369,9.2 ,-0.0392137 ,0 
370,9.225 ,-0.0363242 ,0 
371,9.25 ,-0.0334284 ,0 
372,9.275 ,-0.0305268 ,0 
373,9.3 ,-0.0276199 ,0 
374,9.325 ,-0.0247082 ,0 
375,9.35 ,-0.0217922 ,0 
376,9.375 ,-0.0188725 ,0 
377,9.4 ,-0.0159496 ,0 
378,9.425 ,-0.013024 ,0 
379,9.45 ,-0.0100962 ,0 
380,9.475 ,-0.00716663 ,0 
381,9.5 ,-0.00423588 ,0 
382,9.525 ,-0.00130443 ,0 
383,9.55 ,0.00162725 ,0 
384,9.575 ,0.00455865 ,0 
385,9.6 ,0.0074893 ,0 
386,9.625 ,0.0104187 ,0 
387,9.65 ,0.0133464 ,0 
388,9.675 ,0.0162719 ,0 
389,9.7 ,0.0191948 ,0 
390,9.725 ,0.0221145 ,0 
391,9.75 ,0.0250306 ,0 
392,9.775 ,0.0279427 ,0 
393,9.8 ,0.0308503 ,0 
394,9.825 ,0.0337529 ,0 
395,9.85 ,0.0366502 ,0 
396,9.875 ,0.0395416 ,0 
397,9.9 ,0.0424267 ,0 
398,9.925 ,0.0453052 ,0 
399,9.95 ,0.0481764 ,0 
400,9.975 ,0.0510402 ,0 
401,10 ,0.0538959 ,0 
402,10.025 ,0.0567433 ,0 
403,10.05 ,0.0595818 ,0 
404,10.075 ,0.0624111 ,0 
405,10.1 ,0.0652308 ,0 
406,10.125 ,0.0680404 ,0 
407,10.15 ,0.0708397 ,0 
408,10.175 ,0.0736281 ,0 
409,10.2 ,0.0764054 ,0 
410,10.225 ,0.0791711 ,0 
411,10.25 ,0.0819248 ,0 
412,10.275 ,0.0846662 ,0 
413,10.3 ,0.087395 ,0 
414,10.325 ,0.0901106 ,0 
415,10.35 ,0.0928129 ,0 
416,10.375 ,0.0955014 ,0 
417,10.4 ,0.0981759 ,0 
418,10.425 ,0.100836 ,0 
419,10.45 ,0.103481 ,0 
420,10.475 ,0.106111 ,0 
421,10.5 ,0.108726 ,0 
422,10.525 ,0.111324 ,0 
423,10.55 ,0.113907 ,0 
424,10.575 ,0.116474 ,0 
425,10.6 ,0.119023 ,0 
426,10.625 ,0.121556 ,0 
427,10.65 ,0.124071 ,0 
428,10.675 ,0.126568 ,0 
429,10.7 ,0.129048 ,0 
430,10.725 ,0.13151 ,0 
431,10.75 ,0.133953 ,0 
432,10.775 ,0.136377 ,0 
433,10.8 ,0.138782 ,0 
434,10.825 ,0.141168 ,0 
435,10.85 ,0.143534 ,0 
436,10.875 ,0.145881 ,0 
437,10.9 ,0.148207 ,0 
438,10.925 ,0.150513 ,0 
439,10.95 ,0.152798 ,0 
440,10.975 ,0.155063 ,0 
441,11 ,0.157307 ,0 
442,11.025 ,0.159529 ,0 
443,11.05 ,0.16173 ,0 
444,11.075 ,0.163909 ,0 
445,11.1 ,0.166066 ,0 
446,11.125 ,0.168201 ,0 
447,11.15 ,0.170314 ,0 
448,11.175 ,0.172404 ,0 
449,11.2 ,0.174471 ,0 
450,11.225 ,0.176515 ,0 
451,11.25 ,0.178536 ,0 
452,11.275 ,0.180534 ,0 
453,11.3 ,0.182508 ,0 
454,11.325 ,0.184459 ,0 
455,11.35 ,0.186386 ,0 
456,11.375 ,0.188288 ,0 
457,11.4 ,0.190167 ,0 
458,11.425 ,0.192021 ,0 
459,11.45 ,0.193851 ,0 
460,11.475 ,0.195656 ,0 
461,11.5 ,0.197436 ,0 
462,11.525 ,0.199191 ,0 
463,11.55 ,0.200922 ,0 
464,11.575 ,0.202627 ,0 
465,11.6 ,0.204306 ,0 
466,11.625 ,0.20596 ,0 
467,11.65 ,0.207589 ,0 
468,11.675 ,0.209192 ,0 
469,11.7 ,0.210769 ,0 
470,11.725 ,0.21232 ,0 
471,11.75 ,0.213846 ,0 
472,11.775 ,0.215345 ,0 
473,11.8 ,0.216818 ,0 
474,11.825 ,0.218264 ,0 
475,11.85 ,0.219685 ,0 
476,11.875 ,0.221079 ,0 
477,11.9 ,0.222446 ,0 
478,11.925 ,0.223786 ,0 
479,11.95 ,0.2251 ,0 
480,11.975 ,0.226388 ,0 
481,12 ,0.227648 ,0 
482,12.025 ,0.228882 ,0 
483,12.05 ,0.230088 ,0 
484,12.075 ,0.231268 ,0 
485,12.1 ,0.232421 ,0 
486,12.125 ,0.233546 ,0 
487,12.15 ,0.234645 ,0 
488,12.175 ,0.235716 ,0 
489,12.2 ,0.23676 ,0 
490,12.225 ,0.237778 ,0 
491,12.25 ,0.238767 ,0 
492,12.275 ,0.23973 ,0 
493,12.3 ,0.240665 ,0 
494,12.325 ,0.241573 ,0 
495,12.35 ,0.242454 ,0 
496,12.375 ,0.243307 ,0 
497,12.4 ,0.244133 ,0 
498,12.425 ,0.244932 ,0 
499,12.45 ,0.245704 ,0 
500,12.475 ,0.246448 ,0 
501,12.5 ,0.247165 ,0 
502,12.525 ,0.247854 ,0 
503,12.55 ,0.248517 ,0 
504,12.575 ,0.249152 ,0 
505,12.6 ,0.24976 ,0 
506,12.625 ,0.25034 ,0 
507,12.65 ,0.250894 ,0 
508,12.675 ,0.25142 ,0 
509,12.7 ,0.251919 ,0 
510,12.725 ,0.252392 ,0 
511,12.75 ,0.252837 ,0 
512,12.775 ,0.253255 ,0 
513,12.8 ,0.253646 ,0 
514,12.825 ,0.254011 ,0 
515,12.85 ,0.254348 ,0 
516,12.875 ,0.254659 ,0 
517,12.9 ,0.254943 ,0 
518,12.925 ,0.2552 ,0 
519,12.95 ,0.255431 ,0 
520,12.975 ,0.255635 ,0 
521,13 ,0.255812 ,0 
522,13.025 ,0.255963 ,0 
523,13.05 ,0.256088 ,0 
524,13.075 ,0.256187 ,0 
525,13.1 ,0.256259 ,0 
526,13.125 ,0.256305 ,0 
527,13.15 ,0.256326 ,0 
528,13.175 ,0.25632 ,0 
529,13.2 ,0.256288 ,0 
530,13.225 ,0.256231 ,0 
531,13.25 ,0.256148 ,0 
532,13.275 ,0.256039 ,0 
533,13.3 ,0.255905 ,0 
534,13.325 ,0.255746 ,0 
535,13.35 ,0.255561 ,0 
536,13.375 ,0.255351 ,0 
537,13.4 ,0.255115 ,0 
538,13.425 ,0.254855 ,0 
539,13.45 ,0.25457 ,0 
540,13.475 ,0.25426 ,0 
541,13.5 ,0.253926 ,0 
542,13.525 ,0.253567 ,0 
543,13.55 ,0.253183 ,0 
544,13.575 ,0.252776 ,0 
545,13.6 ,0.252344 ,0 
546,13.625 ,0.251888 ,0 
547,13.65 ,0.251408 ,0 
548,13.675 ,0.250904 ,0 
549,13.7 ,0.250376 ,0 
550,13.725 ,0.249825 ,0 
551,13.75 ,0.24925 ,0 
552,13.775 ,0.248652 ,0 
553,13.8 ,0.248031 ,0 
554,13.825 ,0.247387 ,0 
555,13.85 ,0.24672 ,0 
556,13.875 ,0.24603 ,0 
557,13.9 ,0.245318 ,0 
558,13.925 ,0.244583 ,0 
559,13.95 ,0.243825 ,0 
560,13.975 ,0.243046 ,0 
561,14 ,0.242244 ,0 
562,14.025 ,0.24142 ,0 
563,14.05 ,0.240575 ,0 
564,14.075 ,0.239708 ,0 
565,14.1 ,0.238819 ,0 
566,14.125 ,0.237909 ,0 
567,14.15 ,0.236978 ,0 
568,14.175 ,0.236026 ,0 
569,14.2 ,0.235053 ,0 
570,14.225 ,0.234059 ,0 
571,14.25 ,0.233045 ,0 
572,14.275 ,0.23201 ,0 
573,14.3 ,0.230955 ,0 
574,14.325 ,0.22988 ,0 
575,14.35 ,0.228784 ,0 
576,14.375 ,0.22767 ,0 
577,14.4 ,0.226535 ,0 
578,14.425 ,0.225381 ,0 
579,14.45 ,0.224208 ,0 
580,14.475 ,0.223015 ,0 
581,14.5 ,0.221804 ,0 
582,14.525 ,0.220573 ,0 
583,14.55 ,0.219325 ,0 
584,14.575 ,0.218057 ,0 
585,14.6 ,0.216771 ,0 
586,14.625 ,0.215468 ,0 
587,14.65 ,0.214146 ,0 
588,14.675 ,0.212806 ,0 
589,14.7 ,0.211449 ,0 
590,14.725 ,0.210074 ,0 
591,14.75 ,0.208682 ,0 
592,14.775 ,0.207273 ,0 
593,14.8 ,0.205846 ,0 
594,14.825 ,0.204403 ,0 
595,14.85 ,0.202944 ,0 
596,14.875 ,0.201468 ,0 
597,14.9 ,0.199975 ,0 
598,14.925 ,0.198467 ,0 
599,14.95 ,0.196943 ,0 
600,14.975 ,0.195403 ,0 
601,15 ,0.193847 ,0 
602,15.025 ,0.192276 ,0 
603,15.05 ,0.190689 ,0 
604,15.075 ,0.189088 ,0 
605,15.1 ,0.187472 ,0 
606,15.125 ,0.185841 ,0 
607,15.15 ,0.184195 ,0 
608,15.175 ,0.182535 ,0 
609,15.2 ,0.180861 ,0 
610,15.225 ,0.179173 ,0 
611,15.25 ,0.177472 ,0 
612,15.275 ,0.175756 ,0 
613,15.3 ,0.174027 ,0 
614,15.325 ,0.172285 ,0 
615,15.35 ,0.170529 ,0 
616,15.375 ,0.168761 ,0 
617,15.4 ,0.16698 ,0 
618,15.425 ,0.165186 ,0 
619,15.45 ,0.16338 ,0 
620,15.475 ,0.161562 ,0 
621,15.5 ,0.159731 ,0 
622,15.525 ,0.157889 ,0 
623,15.55 ,0.156035 ,0 
624,15.575 ,0.154169 ,0 
625,15.6 ,0.152292 ,0 
626,15.625 ,0.150404 ,0 
627,15.65 ,0.148505 ,0 
628,15.675 ,0.146595 ,0 
629,15.7 ,0.144674 ,0 
630,15.725 ,0.142743 ,0 
631,15.75 ,0.140801 ,0 
632,15.775 ,0.13885 ,0 
633,15.8 ,0.136888 ,0 
634,15.825 ,0.134917 ,0 
635,15.85 ,0.132936 ,0 
636,15.875 ,0.130945 ,0 
637,15.9 ,0.128945 ,0 
638,15.925 ,0.126936 ,0 
639,15.95 ,0.124919 ,0 
640,15.975 ,0.122892 ,0 
641,16 ,0.120857 ,0 
642,16.025 ,0.118813 ,0 
643,16.05 ,0.116761 ,0 
644,16.075 ,0.114701 ,0 
645,16.1 ,0.112633 ,0 
646,16.125 ,0.110558 ,0 
647,16.15 ,0.108475 ,0 
648,16.175 ,0.106384 ,0 
649,16.2 ,0.104286 ,0 
650,16.225 ,0.102181 ,0 
651,16.25 ,0.100069 ,0 
652,16.275 ,0.0979505 ,0 
653,16.3 ,0.0958253 ,0 
654,16.325 ,0.0936936 ,0 
655,16.35 ,0.0915557 ,0 
656,16.375 ,0.0894117 ,0 
657,16.4 ,0.0872618 ,0 
658,16.425 ,0.085106 ,0 
659,16.45 ,0.0829447 ,0 
660,16.475 ,0.0807779 ,0 
661,16.5 ,0.0786058 ,0 
662,16.525 ,0.0764286 ,0 
663,16.55 ,0.0742465 ,0 
664,16.575 ,0.0720595 ,0 
665,16.6 ,0.0698678 ,0 
666,16.625 ,0.0676717 ,0 
667,16.65 ,0.0654712 ,0 
668,16.675 ,0.0632665 ,0 
669,16.7 ,0.0610577 ,0 
670,16.725 ,0.0588451 ,0 
671,16.75 ,0.0566288 ,0 
672,16.775 ,0.0544089 ,0 
673,16.8 ,0.0521856 ,0 
674,16.825 ,0.0499589 ,0 
675,16.85 ,0.0477292 ,0 
676,16.875 ,0.0454965 ,0 
677,16.9 ,0.0432609 ,0 
678,16.925 ,0.0410227 ,0 
679,16.95 ,0.038782 ,0 
680,16.975 ,0.0365388 ,0 
681,17 ,0.0342935 ,0 
682,17.025 ,0.032046 ,0 
683,17.05 ,0.0297966 ,0 
684,17.075 ,0.0275454 ,0 
685,17.1 ,0.0252925 ,0 
686,17.125 ,0.023038 ,0 
687,17.15 ,0.0207822 ,0 
688,17.175 ,0.0185252 ,0 
689,17.2 ,0.016267 ,0 
690,17.225 ,0.0140079 ,0 
691,17.25 ,0.0117479 ,0 
692,17.275 ,0.0094873 ,0 
693,17.3 ,0.00722609 ,0 
694,17.325 ,0.00496446 ,0 
695,17.35 ,0.00270254 ,0 
696,17.375 ,0.000440459 ,0 
697,17.4 ,-0.00182165 ,0 
698,17.425 ,-0.00408365 ,0 
699,17.45 ,-0.00634541 ,0 
700,17.475 ,-0.00860681 ,0 
701,17.5 ,-0.0108677 ,0 
702,17.525 ,-0.013128 ,0 
703,17.55 ,-0.0153875 ,0 
704,17.575 ,-0.0176462 ,0 
705,17.6 ,-0.0199039 ,0 
706,17.625 ,-0.0221604 ,0 
707,17.65 ,-0.0244157 ,0 
708,17.675 ,-0.0266696 ,0 
709,17.7 ,-0.0289221 ,0 
710,17.725 ,-0.0311729 ,0 
711,17.75 ,-0.033422 ,0 
712,17.775 ,-0.0356693 ,0 
713,17.8 ,-0.0379146 ,0 
714,17.825 ,-0.0401578 ,0 
715,17.85 ,-0.0423988 ,0 
716,17.875 ,-0.0446375 ,0 
717,17.9 ,-0.0468738 ,0 
718,17.925 ,-0.0491076 ,0 
719,17.95 ,-0.0513387 ,0 
720,17.975 ,-0.053567 ,0 
721,18 ,-0.0557925 ,0 
722,18.025 ,-0.058015 ,0 
723,18.05 ,-0.0602344 ,0 
724,18.075 ,-0.0624506 ,0 
725,18.1 ,-0.0646635 ,0 
726,18.125 ,-0.066873 ,0 
727,18.15 ,-0.069079 ,0 
728,18.175 ,-0.0712814 ,0 
729,18.2 ,-0.0734801 ,0 
730,18.225 ,-0.0756749 ,0 
731,18.25 ,-0.0778658 ,0 
732,18.275 ,-0.0800527 ,0 
733,18.3 ,-0.0822355 ,0 
734,18.325 ,-0.0844141 ,0 
735,18.35 ,-0.0865884 ,0 
736,18.375 ,-0.0887583 ,0 
737,18.4 ,-0.0909236 ,0 
738,18.425 ,-0.0930844 ,0 
739,18.45 ,-0.0952405 ,0 
740,18.475 ,-0.0973918 ,0 
741,18.5 ,-0.0995382 ,0 
742,18.525 ,-0.10168 ,0 
743,18.55 ,-0.103816 ,0 
744,18.575 ,-0.105947 ,0 
745,18.6 ,-0.108073 ,0 
746,18.625 ,-0.110194 ,0 
747,18.65 ,-0.11231 ,0 
748,18.675 ,-0.114419 ,0 
749,18.7 ,-0.116524 ,0 
750,18.725 ,-0.118622 ,0 
751,18.75 ,-0.120715 ,0 
752,18.775 ,-0.122802 ,0 
753,18.8 ,-0.124884 ,0 
754,18.825 ,-0.126959 ,0 
755,18.85 ,-0.129028 ,0 
756,18.875 ,-0.131091 ,0 
757,18.9 ,-0.133148 ,0 
758,18.925 ,-0.135198 ,0 
759,18.95 ,-0.137243 ,0 
760,18.975 ,-0.139281 ,0 
761,19 ,-0.141312 ,0 
762,19.025 ,-0.143337 ,0 
763,19.05 ,-0.145355 ,0 
764,19.075 ,-0.147366 ,0 
765,19.1 ,-0.149371 ,0 
766,19.125 ,-0.151369 ,0 
767,19.15 ,-0.153359 ,0 
768,19.175 ,-0.155343 ,0 
769,19.2 ,-0.15732 ,0 
770,19.225 ,-0.15929 ,0 
771,19.25 ,-0.161252 ,0 
772,19.275 ,-0.163208 ,0 
773,19.3 ,-0.165156 ,0 
774,19.325 ,-0.167097 ,0 
775,19.35 ,-0.16903 ,0 
776,19.375 ,-0.170956 ,0 
777,19.4 ,-0.172874 ,0 
778,19.425 ,-0.174785 ,0 
779,19.45 ,-0.176688 ,0 
780,19.475 ,-0.178583 ,0 
781,19.5 ,-0.18047 ,0 
782,19.525 ,-0.18235 ,0 
783,19.55 ,-0.184222 ,0 
784,19.575 ,-0.186086 ,0 
785,19.6 ,-0.187942 ,0 
786,19.625 ,-0.18979 ,0 
787,19.65 ,-0.19163 ,0 
788,19.675 ,-0.193462 ,0 
789,19.7 ,-0.195285 ,0 
790,19.725 ,-0.197101 ,0 
791,19.75 ,-0.198908 ,0 
792,19.775 ,-0.200707 ,0 
793,19.8 ,-0.202497 ,0 
794,19.825 ,-0.20428 ,0 
795,19.85 ,-0.206053 ,0 
796,19.875 ,-0.207818 ,0 
797,19.9 ,-0.209575 ,0 
798,19.925 ,-0.211323 ,0 
799,19.95 ,-0.213063 ,0 
800,19.975 ,-0.214794 ,0 
801,20 ,-0.216516 ,0 
802,20.025 ,-0.21823 ,0 
803,20.05 ,-0.219934 ,0 
804,20.075 ,-0.22163 ,0 
805,20.1 ,-0.223317 ,0 
806,20.125 ,-0.224996 ,0 
807,20.15 ,-0.226665 ,0 
808,20.175 ,-0.228326 ,0 
809,20.2 ,-0.229977 ,0 
810,20.225 ,-0.23162 ,0 
811,20.25 ,-0.233253 ,0 
812,20.275 ,-0.234878 ,0 
813,20.3 ,-0.236493 ,0 
814,20.325 ,-0.2381 ,0 
815,20.35 ,-0.239697 ,0 
816,20.375 ,-0.241285 ,0 
817,20.4 ,-0.242864 ,0 
818,20.425 ,-0.244434 ,0 
819,20.45 ,-0.245994 ,0 
820,20.475 ,-0.247545 ,0 
821,20.5 ,-0.249087 ,0 
822,20.525 ,-0.25062 ,0 
823,20.55 ,-0.252143 ,0 
824,20.575 ,-0.253657 ,0 
825,20.6 ,-0.255162 ,0 
826,20.625 ,-0.256657 ,0 
827,20.65 ,-0.258143 ,0 
828,20.675 ,-0.259619 ,0 
829,20.7 ,-0.261086 ,0 
830,20.725 ,-0.262543 ,0 
831,20.75 ,-0.263991 ,0 
832,20.775 ,-0.26543 ,0 
833,20.8 ,-0.266859 ,0 
834,20.825 ,-0.268278 ,0 
835,20.85 ,-0.269688 ,0 
836,20.875 ,-0.271089 ,0 
837,20.9 ,-0.27248 ,0 
838,20.925 ,-0.273861 ,0 
839,20.95 ,-0.275233 ,0 
840,20.975 ,-0.276595 ,0 
841,21 ,-0.277947 ,0 
842,21.025 ,-0.27929 ,0 
843,21.05 ,-0.280623 ,0 
844,21.075 ,-0.281947 ,0 
845,21.1 ,-0.283261 ,0 
846,21.125 ,-0.284566 ,0 
847,21.15 ,-0.28586 ,0 
848,21.175 ,-0.287145 ,0 
849,21.2 ,-0.288421 ,0 
850,21.225 ,-0.289687 ,0 
851,21.25 ,-0.290943 ,0 
852,21.275 ,-0.292189 ,0 
853,21.3 ,-0.293426 ,0 
854,21.325 ,-0.294653 ,0 
855,21.35 ,-0.29587 ,0 
856,21.375 ,-0.297078 ,0 
857,21.4 ,-0.298276 ,0 
858,21.425 ,-0.299464 ,0 
859,21.45 ,-0.300643 ,0 
860,21.475 ,-0.301812 ,0 
861,21.5 ,-0.302971 ,0 
862,21.525 ,-0.304121 ,0 
863,21.55 ,-0.305261 ,0 
864,21.575 ,-0.306391 ,0 
865,21.6 ,-0.307512 ,0 
866,21.625 ,-0.308623 ,0 
867,21.65 ,-0.309724 ,0 
868,21.675 ,-0.310816 ,0 
869,21.7 ,-0.311898 ,0 
870,21.725 ,-0.31297 ,0 
871,21.75 ,-0.314033 ,0 
872,21.775 ,-0.315086 ,0 
873,21.8 ,-0.316129 ,0 
874,21.825 ,-0.317163 ,0 
875,21.85 ,-0.318188 ,0 
876,21.875 ,-0.319202 ,0 
877,21.9 ,-0.320207 ,0 
878,21.925 ,-0.321203 ,0 
879,21.95 ,-0.322189 ,0 
880,21.975 ,-0.323165 ,0 
881,22 ,-0.324132 ,0 
882,22.025 ,-0.325089 ,0 
883,22.05 ,-0.326037 ,0 
884,22.075 ,-0.326975 ,0 
885,22.1 ,-0.327904 ,0 
886,22.125 ,-0.328823 ,0 
887,22.15 ,-0.329733 ,0 
888,22.175 ,-0.330633 ,0 
889,22.2 ,-0.331524 ,0 
890,22.225 ,-0.332406 ,0 
891,22.25 ,-0.333278 ,0 
892,22.275 ,-0.33414 ,0 
893,22.3 ,-0.334994 ,0 
894,22.325 ,-0.335838 ,0 
895,22.35 ,-0.336672 ,0 
896,22.375 ,-0.337497 ,0 
897,22.4 ,-0.338313 ,0 
898,22.425 ,-0.33912 ,0 
899,22.45 ,-0.339917 ,0 
900,22.475 ,-0.340705 ,0 
901,22.5 ,-0.341484 ,0 
902,22.525 ,-0.342254 ,0 
903,22.55 ,-0.343014 ,0 
904,22.575 ,-0.343765 ,0 
905,22.6 ,-0.344507 ,0 
906,22.625 ,-0.34524 ,0 
907,22.65 ,-0.345964 ,0 
908,22.675 ,-0.346679 ,0 
909,22.7 ,-0.347385 ,0 
910,22.725 ,-0.348081 ,0 
911,22.75 ,-0.348769 ,0 
912,22.775 ,-0.349447 ,0 
913,22.8 ,-0.350117 ,0 
914,22.825 ,-0.350777 ,0 
915,22.85 ,-0.351429 ,0 
916,22.875 ,-0.352072 ,0 
917,22.9 ,-0.352705 ,0 
918,22.925 ,-0.35333 ,0 
919,22.95 ,-0.353947 ,0 
920,22.975 ,-0.354554 ,0 
921,23 ,-0.355152 ,0 
922,23.025 ,-0.355742 ,0 
923,23.05 ,-0.356323 ,0 
924,23.075 ,-0.356895 ,0 
925,23.1 ,-0.357459 ,0 
926,23.125 ,-0.358014 ,0 
927,23.15 ,-0.35856 ,0 
928,23.175 ,-0.359098 ,0 
929,23.2 ,-0.359627 ,0 
930,23.225 ,-0.360147 ,0 
931,23.25 ,-0.360659 ,0 
932,23.275 ,-0.361163 ,0 
933,23.3 ,-0.361658 ,0 
934,23.325 ,-0.362144 ,0 
935,23.35 ,-0.362622 ,0 
936,23.375 ,-0.363092 ,0 
937,23.4 ,-0.363553 ,0 
938,23.425 ,-0.364006 ,0 
939,23.45 ,-0.364451 ,0 
940,23.475 ,-0.364887 ,0 
941,23.5 ,-0.365316 ,0 
942,23.525 ,-0.365736 ,0 
943,23.55 ,-0.366148 ,0 
944,23.575 ,-0.366551 ,0 
945,23.6 ,-0.366947 ,0 
946,23.625 ,-0.367334 ,0 
947,23.65 ,-0.367714 ,0 
948,23.675 ,-0.368085 ,0 
949,23.7 ,-0.368448 ,0 
950,23.725 ,-0.368804 ,0 
951,23.75 ,-0.369151 ,0 
952,23.775 ,-0.369491 ,0 
953,23.8 ,-0.369822 ,0 
954,23.825 ,-0.370146 ,0 
955,23.85 ,-0.370462 ,0 
956,23.875 ,-0.370771 ,0 
957,23.9 ,-0.371071 ,0 
958,23.925 ,-0.371364 ,0 
959,23.95 ,-0.371649 ,0 
960,23.975 ,-0.371927 ,0 
961,24 ,-0.372196 ,0 
962,24.025 ,-0.372459 ,0 
963,24.05 ,-0.372713 ,0 
964,24.075 ,-0.372961 ,0 
965,24.1 ,-0.3732 ,0 
966,24.125 ,-0.373433 ,0 
967,24.15 ,-0.373658 ,0 
968,24.175 ,-0.373875 ,0 
969,24.2 ,-0.374085 ,0 
970,24.225 ,-0.374288 ,0 
971,24.25 ,-0.374484 ,0 
972,24.275 ,-0.374672 ,0 
973,24.3 ,-0.374854 ,0 
974,24.325 ,-0.375028 ,0 
975,24.35 ,-0.375194 ,0 
976,24.375 ,-0.375354 ,0 
977,24.4 ,-0.375507 ,0 
978,24.425 ,-0.375653 ,0 
979,24.45 ,-0.375791 ,0 
980,24.475 ,-0.375923 ,0 
981,24.5 ,-0.376048 ,0 
982,24.525 ,-0.376166 ,0 
983,24.55 ,-0.376277 ,0 
984,24.575 ,-0.376381 ,0 
985,24.6 ,-0.376478 ,0 
986,24.625 ,-0.376569 ,0 
987,24.65 ,-0.376653 ,0 
988,24.675 ,-0.37673 ,0 
989,24.7 ,-0.376801 ,0 
990,24.725 ,-0.376865 ,0 
991,24.75 ,-0.376923 ,0 
992,24.775 ,-0.376974 ,0 
993,24.8 ,-0.377018 ,0 
994,24.825 ,-0.377056 ,0 
995,24.85 ,-0.377088 ,0 
996,24.875 ,-0.377113 ,0 
997,24.9 ,-0.377132 ,0 
998,24.925 ,-0.377144 ,0 
999,24.95 ,-0.37715 ,0 
1000,24.975 ,-0.37715 ,0 