
1,0 ,0 ,0 
2,0.04 ,0 ,0 
3,0.08 ,0 ,0 
4,0.12 ,4.00895e-06 ,0 
5,0.16 ,9.42089e-06 ,0 
6,0.2 ,1.83365e-05 ,0 
7,0.24 ,3.15951e-05 ,0 
8,0.28 ,5.00208e-05 ,0 
9,0.32 ,7.44157e-05 ,0 
10,0.36 ,0.000105556 ,0 
11,0.4 ,0.000144189 ,0 
12,0.44 ,0.000191027 ,0 
13,0.48 ,0.000246749 ,0 
14,0.52 ,0.000311992 ,0 
15,0.56 ,0.000387351 ,0 
16,0.6 ,0.000473377 ,0 
17,0.64 ,0.000570571 ,0 
18,0.68 ,0.000679388 ,0 
19,0.72 ,0.000800225 ,0 
20,0.76 ,0.000933429 ,0 
21,0.8 ,0.00107929 ,0 
22,0.84 ,0.00123803 ,0 
23,0.88 ,0.00140984 ,0 
24,0.92 ,0.00159481 ,0 
25,0.96 ,0.001793 ,0 
26,1 ,0.0020044 ,0 
27,1.04 ,0.00222892 ,0 
28,1.08 ,0.00246644 ,0 
29,1.12 ,0.00271676 ,0 
30,1.16 ,0.0029796 ,0 
31,1.2 ,0.00325464 ,0 
32,1.24 ,0.0035415 ,0 
33,1.28 ,0.00383973 ,0 
34,1.32 ,0.00414881 ,0 
35,1.36 ,0.0044682 ,0 
36,1.4 ,0.00479726 ,0 
37,1.44 ,0.00513532 ,0 
38,1.48 ,0.00548165 ,0 
39,1.52 ,0.00583547 ,0 
40,1.56 ,0.00619597 ,0 
41,1.6 ,0.00656226 ,0 
42,1.64 ,0.00693343 ,0 
43,1.68 ,0.00730854 ,0 
44,1.72 ,0.00768659 ,0 
45,1.76 ,0.00806656 ,0 
46,1.8 ,0.0084474 ,0 
47,1.84 ,0.00882803 ,0 
48,1.88 ,0.00920736 ,0 
49,1.92 ,0.00958426 ,0 
50,1.96 ,0.00995759 ,0 
51,2 ,0.0103262 ,0 
52,2.04 ,0.010689 ,0 
53,2.08 ,0.0110448 ,0 
54,2.12 ,0.0113924 ,0 
55,2.16 ,0.0117306 ,0 
56,2.2 ,0.0120584 ,0 
57,2.24 ,0.0123746 ,0 
58,2.28 ,0.0126782 ,0 
59,2.32 ,0.0129679 ,0 
60,2.36 ,0.0132427 ,0 
61,2.4 ,0.0135016 ,0 
62,2.44 ,0.0137436 ,0 
63,2.48 ,0.0139676 ,0 
64,2.52 ,0.0141728 ,0 
65,2.56 ,0.0143583 ,0 
66,2.6 ,0.0145232 ,0 
67,2.64 ,0.0146666 ,0 
68,2.68 ,0.0147879 ,0 
69,2.72 ,0.0148864 ,0 
70,2.76 ,0.0149613 ,0 
71,2.8 ,0.0150121 ,0 
72,2.84 ,0.0150382 ,0 
73,2.88 ,0.0150393 ,0 
74,2.92 ,0.0150148 ,0 
75,2.96 ,0.0149645 ,0 
76,3 ,0.0148881 ,0 
77,3.04 ,0.0147853 ,0 
78,3.08 ,0.0146561 ,0 
79,3.12 ,0.0145004 ,0 
80,3.16 ,0.0143181 ,0 
81,3.2 ,0.0141094 ,0 
82,3.24 ,0.0138743 ,0 
83,3.28 ,0.0136132 ,0 
84,3.32 ,0.0133262 ,0 
85,3.36 ,0.0130138 ,0 
86,3.4 ,0.0126763 ,0 
87,3.44 ,0.0123143 ,0 
88,3.48 ,0.0119282 ,0 
89,3.52 ,0.0115188 ,0 
90,3.56 ,0.0110867 ,0 
91,3.6 ,0.0106327 ,0 
92,3.64 ,0.0101574 ,0 
93,3.68 ,0.0096619 ,0 
94,3.72 ,0.00914699 ,0 
95,3.76 ,0.00861366 ,0 
96,3.8 ,0.00806292 ,0 
97,3.84 ,0.00749584 ,0 
98,3.88 ,0.00691353 ,0 
99,3.92 ,0.00631712 ,0 
100,3.96 ,0.00570782 ,0 
101,4 ,0.00508683 ,0 
102,4.04 ,0.00445541 ,0 
103,4.08 ,0.00381485 ,0 
104,4.12 ,0.00316643 ,0 
105,4.16 ,0.0025115 ,0 
106,4.2 ,0.00185139 ,0 
107,4.24 ,0.00118746 ,0 
108,4.28 ,0.000521074 ,0 
109,4.32 ,-0.000146385 ,0 
110,4.36 ,-0.00081354 ,0 
111,4.4 ,-0.00147902 ,0 
112,4.44 ,-0.00214143 ,0 
113,4.48 ,-0.00279943 ,0 
114,4.52 ,-0.00345165 ,0 
115,4.56 ,-0.00409674 ,0 
116,4.6 ,-0.00473338 ,0 
117,4.64 ,-0.00536027 ,0 
118,4.68 ,-0.00597612 ,0 
119,4.72 ,-0.00657968 ,0 
120,4.76 ,-0.00716972 ,0 
121,4.8 ,-0.00774506 ,0 
122,4.84 ,-0.00830453 ,0 
123,4.88 ,-0.00884702 ,0 
124,4.92 ,-0.00937145 ,0 
125,4.96 ,-0.00987679 ,0 
126,5 ,-0.010362 ,0 
127,5.04 ,-0.0108263 ,0 
128,5.08 ,-0.0112686 ,0 
129,5.12 ,-0.0116881 ,0 
130,5.16 ,-0.0120841 ,0 
131,5.2 ,-0.0124558 ,0 
132,5.24 ,-0.0128025 ,0 
133,5.28 ,-0.0131236 ,0 
134,5.32 ,-0.0134186 ,0 
135,5.36 ,-0.0136869 ,0 
136,5.4 ,-0.0139281 ,0 
137,5.44 ,-0.0141418 ,0 
138,5.48 ,-0.0143277 ,0 
139,5.52 ,-0.0144855 ,0 
140,5.56 ,-0.014615 ,0 
141,5.6 ,-0.014716 ,0 
142,5.64 ,-0.0147885 ,0 
143,5.68 ,-0.0148324 ,0 
144,5.72 ,-0.0148477 ,0 
145,5.76 ,-0.0148346 ,0 
146,5.8 ,-0.0147932 ,0 
147,5.84 ,-0.0147237 ,0 
148,5.88 ,-0.0146263 ,0 
149,5.92 ,-0.0145014 ,0 
150,5.96 ,-0.0143493 ,0 
151,6 ,-0.0141704 ,0 
152,6.04 ,-0.0139652 ,0 
153,6.08 ,-0.0137342 ,0 
154,6.12 ,-0.0134779 ,0 
155,6.16 ,-0.0131971 ,0 
156,6.2 ,-0.0128922 ,0 
157,6.24 ,-0.0125639 ,0 
158,6.28 ,-0.0122131 ,0 
159,6.32 ,-0.0118404 ,0 
160,6.36 ,-0.0114466 ,0 
161,6.4 ,-0.0110326 ,0 
162,6.44 ,-0.0105992 ,0 
163,6.48 ,-0.0101473 ,0 
164,6.52 ,-0.00967772 ,0 
165,6.56 ,-0.00919145 ,0 
166,6.6 ,-0.00868942 ,0 
167,6.64 ,-0.00817259 ,0 
168,6.68 ,-0.00764192 ,0 
169,6.72 ,-0.0070984 ,0 
170,6.76 ,-0.00654303 ,0 
171,6.8 ,-0.00597681 ,0 
172,6.84 ,-0.00540076 ,0 
173,6.88 ,-0.00481588 ,0 
174,6.92 ,-0.00422318 ,0 
175,6.96 ,-0.00362369 ,0 
176,7 ,-0.0030184 ,0 
177,7.04 ,-0.00240834 ,0 
178,7.08 ,-0.00179448 ,0 
179,7.12 ,-0.00117782 ,0 
180,7.16 ,-0.000559342 ,0 
181,7.2 ,5.99972e-05 ,0 
182,7.24 ,0.000679247 ,0 
183,7.28 ,0.00129747 ,0 
184,7.32 ,0.00191376 ,0 
185,7.36 ,0.00252722 ,0 
186,7.4 ,0.00313697 ,0 
187,7.44 ,0.00374216 ,0 
188,7.48 ,0.00434196 ,0 
189,7.52 ,0.00493557 ,0 
190,7.56 ,0.00552222 ,0 
191,7.6 ,0.00610114 ,0 
192,7.64 ,0.00667163 ,0 
193,7.68 ,0.00723298 ,0 
194,7.72 ,0.00778453 ,0 
195,7.76 ,0.00832564 ,0 
196,7.8 ,0.00885572 ,0 
197,7.84 ,0.00937419 ,0 
198,7.88 ,0.00988052 ,0 
199,7.92 ,0.0103742 ,0 
200,7.96 ,0.0108547 ,0 
201,8 ,0.0113217 ,0 
202,8.04 ,0.0117746 ,0 
203,8.08 ,0.0122132 ,0 
204,8.12 ,0.0126371 ,0 
205,8.16 ,0.013046 ,0 
206,8.2 ,0.0134396 ,0 
207,8.24 ,0.0138176 ,0 
208,8.28 ,0.0141798 ,0 
209,8.32 ,0.0145261 ,0 
210,8.36 ,0.0148563 ,0 
211,8.4 ,0.0151702 ,0 
212,8.44 ,0.0154678 ,0 
213,8.48 ,0.015749 ,0 
214,8.52 ,0.0160138 ,0 
215,8.56 ,0.0162621 ,0 
216,8.6 ,0.016494 ,0 
217,8.64 ,0.0167095 ,0 
218,8.68 ,0.0169087 ,0 
219,8.72 ,0.0170917 ,0 
220,8.76 ,0.0172586 ,0 
221,8.8 ,0.0174095 ,0 
222,8.84 ,0.0175447 ,0 
223,8.88 ,0.0176642 ,0 
224,8.92 ,0.0177683 ,0 
225,8.96 ,0.0178572 ,0 
226,9 ,0.0179312 ,0 
227,9.04 ,0.0179905 ,0 
228,9.08 ,0.0180354 ,0 
229,9.12 ,0.0180662 ,0 
230,9.16 ,0.0180831 ,0 
231,9.2 ,0.0180866 ,0 
232,9.24 ,0.0180769 ,0 
233,9.28 ,0.0180543 ,0 
234,9.32 ,0.0180193 ,0 
235,9.36 ,0.0179722 ,0 
236,9.4 ,0.0179133 ,0 
237,9.44 ,0.017843 ,0 
238,9.48 ,0.0177618 ,0 
239,9.52 ,0.0176699 ,0 
240,9.56 ,0.0175679 ,0 
241,9.6 ,0.017456 ,0 
242,9.64 ,0.0173347 ,0 
243,9.68 ,0.0172044 ,0 
244,9.72 ,0.0170655 ,0 
245,9.76 ,0.0169184 ,0 
246,9.8 ,0.0167635 ,0 
247,9.84 ,0.0166012 ,0 
248,9.88 ,0.0164319 ,0 
249,9.92 ,0.016256 ,0 
250,9.96 ,0.0160739 ,0 
251,10 ,0.015886 ,0 
252,10.04 ,0.0156927 ,0 
253,10.08 ,0.0154944 ,0 
254,10.12 ,0.0152914 ,0 
255,10.16 ,0.0150842 ,0 
256,10.2 ,0.014873 ,0 
257,10.24 ,0.0146583 ,0 
258,10.28 ,0.0144405 ,0 
259,10.32 ,0.0142198 ,0 
260,10.36 ,0.0139966 ,0 
261,10.4 ,0.0137712 ,0 
262,10.44 ,0.013544 ,0 
263,10.48 ,0.0133153 ,0 
264,10.52 ,0.0130853 ,0 
265,10.56 ,0.0128544 ,0 
266,10.6 ,0.0126228 ,0 
267,10.64 ,0.0123908 ,0 
268,10.68 ,0.0121586 ,0 
269,10.72 ,0.0119266 ,0 
270,10.76 ,0.0116948 ,0 
271,10.8 ,0.0114636 ,0 
272,10.84 ,0.0112331 ,0 
273,10.88 ,0.0110035 ,0 
274,10.92 ,0.0107751 ,0 
275,10.96 ,0.010548 ,0 
276,11 ,0.0103224 ,0 
277,11.04 ,0.0100984 ,0 
278,11.08 ,0.00987624 ,0 
279,11.12 ,0.00965599 ,0 
280,11.16 ,0.0094378 ,0 
281,11.2 ,0.0092218 ,0 
282,11.24 ,0.0090081 ,0 
283,11.28 ,0.00879681 ,0 
284,11.32 ,0.00858803 ,0 
285,11.36 ,0.00838184 ,0 
286,11.4 ,0.00817834 ,0 
287,11.44 ,0.00797759 ,0 
288,11.48 ,0.00777967 ,0 
289,11.52 ,0.00758465 ,0 
290,11.56 ,0.00739256 ,0 
291,11.6 ,0.00720347 ,0 
292,11.64 ,0.00701742 ,0 
293,11.68 ,0.00683445 ,0 
294,11.72 ,0.00665458 ,0 
295,11.76 ,0.00647785 ,0 
296,11.8 ,0.00630428 ,0 
297,11.84 ,0.00613388 ,0 
298,11.88 ,0.00596667 ,0 
299,11.92 ,0.00580265 ,0 
300,11.96 ,0.00564184 ,0 
301,12 ,0.00548422 ,0 
302,12.04 ,0.0053298 ,0 
303,12.08 ,0.00517856 ,0 
304,12.12 ,0.00503051 ,0 
305,12.16 ,0.00488562 ,0 
306,12.2 ,0.00474387 ,0 
307,12.24 ,0.00460525 ,0 
308,12.28 ,0.00446974 ,0 
309,12.32 ,0.0043373 ,0 
310,12.36 ,0.00420792 ,0 
311,12.4 ,0.00408156 ,0 
312,12.44 ,0.0039582 ,0 
313,12.48 ,0.0038378 ,0 
314,12.52 ,0.00372032 ,0 
315,12.56 ,0.00360573 ,0 
316,12.6 ,0.00349399 ,0 
317,12.64 ,0.00338507 ,0 
318,12.68 ,0.00327891 ,0 
319,12.72 ,0.00317549 ,0 
320,12.76 ,0.00307476 ,0 
321,12.8 ,0.00297668 ,0 
322,12.84 ,0.0028812 ,0 
323,12.88 ,0.00278828 ,0 
324,12.92 ,0.00269788 ,0 
325,12.96 ,0.00260994 ,0 
326,13 ,0.00252443 ,0 
327,13.04 ,0.00244129 ,0 
328,13.08 ,0.00236049 ,0 
329,13.12 ,0.00228197 ,0 
330,13.16 ,0.0022057 ,0 
331,13.2 ,0.00213162 ,0 
332,13.24 ,0.00205968 ,0 
333,13.28 ,0.00198985 ,0 
334,13.32 ,0.00192207 ,0 
335,13.36 ,0.0018563 ,0 
336,13.4 ,0.0017925 ,0 
337,13.44 ,0.00173062 ,0 
338,13.48 ,0.00167061 ,0 
339,13.52 ,0.00161244 ,0 
340,13.56 ,0.00155605 ,0 
341,13.6 ,0.0015014 ,0 
342,13.64 ,0.00144845 ,0 
343,13.68 ,0.00139717 ,0 
344,13.72 ,0.0013475 ,0 
345,13.76 ,0.0012994 ,0 
346,13.8 ,0.00125284 ,0 
347,13.84 ,0.00120777 ,0 
348,13.88 ,0.00116416 ,0 
349,13.92 ,0.00112196 ,0 
350,13.96 ,0.00108114 ,0 
351,14 ,0.00104166 ,0 
352,14.04 ,0.00100348 ,0 
353,14.08 ,0.000966573 ,0 
354,14.12 ,0.000930894 ,0 
355,14.16 ,0.000896411 ,0 
356,14.2 ,0.000863089 ,0 
357,14.24 ,0.000830896 ,0 
358,14.28 ,0.000799799 ,0 
359,14.32 ,0.000769765 ,0 
360,14.36 ,0.000740763 ,0 
361,14.4 ,0.000712762 ,0 
362,14.44 ,0.000685732 ,0 
363,14.48 ,0.000659644 ,0 
364,14.52 ,0.000634469 ,0 
365,14.56 ,0.000610178 ,0 
366,14.6 ,0.000586745 ,0 
367,14.64 ,0.000564144 ,0 
368,14.68 ,0.000542346 ,0 
369,14.72 ,0.000521328 ,0 
370,14.76 ,0.000501065 ,0 
371,14.8 ,0.000481532 ,0 
372,14.84 ,0.000462706 ,0 
373,14.88 ,0.000444564 ,0 
374,14.92 ,0.000427084 ,0 
375,14.96 ,0.000410244 ,0 
376,15 ,0.000394023 ,0 
377,15.04 ,0.0003784 ,0 
378,15.08 ,0.000363356 ,0 
379,15.12 ,0.000348871 ,0 
380,15.16 ,0.000334927 ,0 
381,15.2 ,0.000321504 ,0 
382,15.24 ,0.000308585 ,0 
383,15.28 ,0.000296154 ,0 
384,15.32 ,0.000284192 ,0 
385,15.36 ,0.000272685 ,0 
386,15.4 ,0.000261615 ,0 
387,15.44 ,0.000250969 ,0 
388,15.48 ,0.000240731 ,0 
389,15.52 ,0.000230886 ,0 
390,15.56 ,0.000221421 ,0 
391,15.6 ,0.000212322 ,0 
392,15.64 ,0.000203576 ,0 
393,15.68 ,0.000195171 ,0 
394,15.72 ,0.000187095 ,0 
395,15.76 ,0.000179334 ,0 
396,15.8 ,0.000171878 ,0 
397,15.84 ,0.000164717 ,0 
398,15.88 ,0.000157838 ,0 
399,15.92 ,0.000151232 ,0 
400,15.96 ,0.000144888 ,0 
401,16 ,0.000138797 ,0 
402,16.04 ,0.00013295 ,0 
403,16.08 ,0.000127336 ,0 
404,16.12 ,0.000121949 ,0 
405,16.16 ,0.000116778 ,0 
406,16.2 ,0.000111817 ,0 
407,16.24 ,0.000107056 ,0 
408,16.28 ,0.000102489 ,0 
409,16.32 ,9.81072e-05 ,0 
410,16.36 ,9.39046e-05 ,0 
411,16.4 ,8.9874e-05 ,0 
412,16.44 ,8.60088e-05 ,0 
413,16.48 ,8.23025e-05 ,0 
414,16.52 ,7.8749e-05 ,0 
415,16.56 ,7.53423e-05 ,0 
416,16.6 ,7.20768e-05 ,0 
417,16.64 ,6.89468e-05 ,0 
418,16.68 ,6.59472e-05 ,0 
419,16.72 ,6.30726e-05 ,0 
420,16.76 ,6.03183e-05 ,0 
421,16.8 ,5.76794e-05 ,0 
422,16.84 ,5.51513e-05 ,0 
423,16.88 ,5.27297e-05 ,0 
424,16.92 ,5.04102e-05 ,0 
425,16.96 ,4.81888e-05 ,0 
426,17 ,4.60616e-05 ,0 
427,17.04 ,4.40246e-05 ,0 
428,17.08 ,4.20744e-05 ,0 
429,17.12 ,4.02074e-05 ,0 
430,17.16 ,3.84201e-05 ,0 
431,17.2 ,3.67094e-05 ,0 
432,17.24 ,3.50721e-05 ,0 
433,17.28 ,3.35052e-05 ,0 
434,17.32 ,3.20058e-05 ,0 
435,17.36 ,3.05712e-05 ,0 
436,17.4 ,2.91986e-05 ,0 
437,17.44 ,2.78855e-05 ,0 
438,17.48 ,2.66295e-05 ,0 
439,17.52 ,2.54281e-05 ,0 
440,17.56 ,2.42791e-05 ,0 
441,17.6 ,2.31803e-05 ,0 
442,17.64 ,2.21296e-05 ,0 
443,17.68 ,2.11249e-05 ,0 
444,17.72 ,2.01644e-05 ,0 
445,17.76 ,1.92462e-05 ,0 
446,17.8 ,1.83684e-05 ,0 
447,17.84 ,1.75294e-05 ,0 
448,17.88 ,1.67276e-05 ,0 
449,17.92 ,1.59612e-05 ,0 
450,17.96 ,1.5229e-05 ,0 
451,18 ,1.45292e-05 ,0 
452,18.04 ,1.38607e-05 ,0 
453,18.08 ,1.3222e-05 ,0 
454,18.12 ,1.26119e-05 ,0 
455,18.16 ,1.20291e-05 ,0 
456,18.2 ,1.14724e-05 ,0 
457,18.24 ,1.09408e-05 ,0 
458,18.28 ,1.0433e-05 ,0 
459,18.32 ,9.94822e-06 ,0 
460,18.36 ,9.48529e-06 ,0 
461,18.4 ,9.04331e-06 ,0 
462,18.44 ,8.62134e-06 ,0 
463,18.48 ,8.21853e-06 ,0 
464,18.52 ,7.83402e-06 ,0 
465,18.56 ,7.46702e-06 ,0 
466,18.6 ,7.11674e-06 ,0 
467,18.64 ,6.78247e-06 ,0 
468,18.68 ,6.46347e-06 ,0 
469,18.72 ,6.15909e-06 ,0 
470,18.76 ,5.86868e-06 ,0 
471,18.8 ,5.5916e-06 ,0 
472,18.84 ,5.32727e-06 ,0 
473,18.88 ,5.07512e-06 ,0 
474,18.92 ,4.8346e-06 ,0 
475,18.96 ,4.6052e-06 ,0 
476,19 ,4.38641e-06 ,0 
477,19.04 ,4.17776e-06 ,0 
478,19.08 ,3.9788e-06 ,0 
479,19.12 ,3.78908e-06 ,0 
480,19.16 ,3.60819e-06 ,0 
481,19.2 ,3.43573e-06 ,0 
482,19.24 ,3.27132e-06 ,0 
483,19.28 ,3.1146e-06 ,0 
484,19.32 ,2.9652e-06 ,0 
485,19.36 ,2.82281e-06 ,0 
486,19.4 ,2.6871e-06 ,0 
487,19.44 ,2.55776e-06 ,0 
488,19.48 ,2.43451e-06 ,0 
489,19.52 ,2.31706e-06 ,0 
490,19.56 ,2.20516e-06 ,0 
491,19.6 ,2.09854e-06 ,0 
492,19.64 ,1.99696e-06 ,0 
493,19.68 ,1.90019e-06 ,0 
494,19.72 ,1.80801e-06 ,0 
495,19.76 ,1.72021e-06 ,0 
496,19.8 ,1.63657e-06 ,0 
497,19.84 ,1.55692e-06 ,0 
498,19.88 ,1.48107e-06 ,0 
499,19.92 ,1.40883e-06 ,0 
500,19.96 ,1.34004e-06 ,0 
501,20 ,1.27455e-06 ,0 
502,20.04 ,1.21218e-06 ,0 
503,20.08 ,1.15281e-06 ,0 
504,20.12 ,1.09629e-06 ,0 
505,20.16 ,1.04248e-06 ,0 
506,20.2 ,9.91266e-07 ,0 
507,20.24 ,9.42515e-07 ,0 
508,20.28 ,8.96114e-07 ,0 
509,20.32 ,8.51954e-07 ,0 
510,20.36 ,8.09928e-07 ,0 
511,20.4 ,7.69935e-07 ,0 
512,20.44 ,7.31879e-07 ,0 
513,20.48 ,6.95669e-07 ,0 
514,20.52 ,6.61217e-07 ,0 
515,20.56 ,6.28439e-07 ,0 
516,20.6 ,5.97256e-07 ,0 
517,20.64 ,5.67592e-07 ,0 
518,20.68 ,5.39374e-07 ,0 
519,20.72 ,5.12534e-07 ,0 
520,20.76 ,4.87005e-07 ,0 
521,20.8 ,4.62725e-07 ,0 
522,20.84 ,4.39634e-07 ,0 
523,20.88 ,4.17675e-07 ,0 
524,20.92 ,3.96794e-07 ,0 
525,20.96 ,3.76938e-07 ,0 
526,21 ,3.58059e-07 ,0 
527,21.04 ,3.40109e-07 ,0 
528,21.08 ,3.23043e-07 ,0 
529,21.12 ,3.06819e-07 ,0 
530,21.16 ,2.91397e-07 ,0 
531,21.2 ,2.76736e-07 ,0 
532,21.24 ,2.62801e-07 ,0 
533,21.28 ,2.49556e-07 ,0 
534,21.32 ,2.36967e-07 ,0 
535,21.36 ,2.25004e-07 ,0 
536,21.4 ,2.13634e-07 ,0 
537,21.44 ,2.0283e-07 ,0 
538,21.48 ,1.92563e-07 ,0 
539,21.52 ,1.82808e-07 ,0 
540,21.56 ,1.73539e-07 ,0 
541,21.6 ,1.64733e-07 ,0 
542,21.64 ,1.56367e-07 ,0 
543,21.68 ,1.48419e-07 ,0 
544,21.72 ,1.40869e-07 ,0 
545,21.76 ,1.33697e-07 ,0 
546,21.8 ,1.26884e-07 ,0 
547,21.84 ,1.20414e-07 ,0 
548,21.88 ,1.14269e-07 ,0 
549,21.92 ,1.08432e-07 ,0 
550,21.96 ,1.0289e-07 ,0 
551,22 ,9.76264e-08 ,0 
552,22.04 ,9.26283e-08 ,0 
553,22.08 ,8.78825e-08 ,0 
554,22.12 ,8.33764e-08 ,0 
555,22.16 ,7.90981e-08 ,0 
556,22.2 ,7.50362e-08 ,0 
557,22.24 ,7.11801e-08 ,0 
558,22.28 ,6.75195e-08 ,0 
559,22.32 ,6.40445e-08 ,0 
560,22.36 ,6.07461e-08 ,0 
561,22.4 ,5.76153e-08 ,0 
562,22.44 ,5.46437e-08 ,0 
563,22.48 ,5.18235e-08 ,0 
564,22.52 ,4.9147e-08 ,0 
565,22.56 ,4.6607e-08 ,0 
566,22.6 ,4.41966e-08 ,0 
567,22.64 ,4.19095e-08 ,0 
568,22.68 ,3.97393e-08 ,0 
569,22.72 ,3.76802e-08 ,0 
570,22.76 ,3.57266e-08 ,0 
571,22.8 ,3.38733e-08 ,0 
572,22.84 ,3.2115e-08 ,0 
573,22.88 ,3.04471e-08 ,0 
574,22.92 ,2.8865e-08 ,0 
575,22.96 ,2.73644e-08 ,0 
576,23 ,2.59411e-08 ,0 
577,23.04 ,2.45912e-08 ,0 
578,23.08 ,2.3311e-08 ,0 
579,23.12 ,2.2097e-08 ,0 
580,23.16 ,2.09458e-08 ,0 
581,23.2 ,1.98543e-08 ,0 
582,23.24 ,1.88194e-08 ,0 
583,23.28 ,1.78382e-08 ,0 
584,23.32 ,1.69081e-08 ,0 
585,23.36 ,1.60263e-08 ,0 
586,23.4 ,1.51906e-08 ,0 
587,23.44 ,1.43985e-08 ,0 
588,23.48 ,1.36478e-08 ,0 
589,23.52 ,1.29365e-08 ,0 
590,23.56 ,1.22624e-08 ,0 
591,23.6 ,1.16238e-08 ,0 
592,23.64 ,1.10188e-08 ,0 
593,23.68 ,1.04458e-08 ,0 
594,23.72 ,9.90303e-09 ,0 
595,23.76 ,9.38906e-09 ,0 
596,23.8 ,8.9024e-09 ,0 
597,23.84 ,8.44168e-09 ,0 
598,23.88 ,8.00559e-09 ,0 
599,23.92 ,7.59288e-09 ,0 
600,23.96 ,7.20239e-09 ,0 
601,24 ,6.833e-09 ,0 
602,24.04 ,6.48365e-09 ,0 
603,24.08 ,6.15335e-09 ,0 
604,24.12 ,5.84115e-09 ,0 
605,24.16 ,5.54614e-09 ,0 
606,24.2 ,5.2675e-09 ,0 
607,24.24 ,5.00441e-09 ,0 
608,24.28 ,4.75611e-09 ,0 
609,24.32 ,4.5219e-09 ,0 
610,24.36 ,4.3011e-09 ,0 
611,24.4 ,4.09306e-09 ,0 
612,24.44 ,3.89718e-09 ,0 
613,24.48 ,3.71291e-09 ,0 
614,24.52 ,3.53969e-09 ,0 
615,24.56 ,3.37704e-09 ,0 
616,24.6 ,3.22448e-09 ,0 
617,24.64 ,3.08156e-09 ,0 
618,24.68 ,2.94788e-09 ,0 
619,24.72 ,2.82303e-09 ,0 
620,24.76 ,2.70666e-09 ,0 
621,24.8 ,2.59842e-09 ,0 
622,24.84 ,2.498e-09 ,0 
623,24.88 ,2.40512e-09 ,0 
624,24.92 ,2.31948e-09 ,0 
625,24.96 ,2.24086e-09 ,0 
626,25 ,2.16901e-09 ,0 
627,25.04 ,2.10373e-09 ,0 
628,25.08 ,2.04483e-09 ,0 
629,25.12 ,1.99214e-09 ,0 
630,25.16 ,1.9455e-09 ,0 
631,25.2 ,1.90478e-09 ,0 
632,25.24 ,1.86986e-09 ,0 
633,25.28 ,1.84065e-09 ,0 
634,25.32 ,1.81705e-09 ,0 
635,25.36 ,1.79901e-09 ,0 
636,25.4 ,1.78648e-09 ,0 
637,25.44 ,1.77941e-09 ,0 
638,25.48 ,1.77781e-09 ,0 
639,25.52 ,1.78167e-09 ,0 
640,25.56 ,1.791e-09 ,0 
641,25.6 ,1.80585e-09 ,0 
642,25.64 ,1.82626e-09 ,0 
643,25.68 ,1.85231e-09 ,0 
644,25.72 ,1.88408e-09 ,0 
645,25.76 ,1.92167e-09 ,0 
646,25.8 ,1.96521e-09 ,0 
647,25.84 ,2.01484e-09 ,0 
648,25.88 ,2.07072e-09 ,0 
649,25.92 ,2.13303e-09 ,0 
650,25.96 ,2.20197e-09 ,0 
651,26 ,2.27777e-09 ,0 
652,26.04 ,2.36066e-09 ,0 
653,26.08 ,2.45091e-09 ,0 
654,26.12 ,2.54882e-09 ,0 
655,26.16 ,2.6547e-09 ,0 
656,26.2 ,2.76888e-09 ,0 
657,26.24 ,2.89173e-09 ,0 
658,26.28 ,3.02366e-09 ,0 
659,26.32 ,3.16507e-09 ,0 
660,26.36 ,3.31643e-09 ,0 
661,26.4 ,3.47822e-09 ,0 
662,26.44 ,3.65097e-09 ,0 
663,26.48 ,3.83522e-09 ,0 
664,26.52 ,4.03157e-09 ,0 
665,26.56 ,4.24066e-09 ,0 
666,26.6 ,4.46316e-09 ,0 
667,26.64 ,4.69978e-09 ,0 
668,26.68 ,4.95129e-09 ,0 
669,26.72 ,5.21851e-09 ,0 
670,26.76 ,5.50229e-09 ,0 
671,26.8 ,5.80356e-09 ,0 
672,26.84 ,6.12329e-09 ,0 
673,26.88 ,6.46251e-09 ,0 
674,26.92 ,6.82234e-09 ,0 
675,26.96 ,7.20393e-09 ,0 
676,27 ,7.60853e-09 ,0 
677,27.04 ,8.03745e-09 ,0 
678,27.08 ,8.49209e-09 ,0 
679,27.12 ,8.97393e-09 ,0 
680,27.16 ,9.48454e-09 ,0 
681,27.2 ,1.00256e-08 ,0 
682,27.24 ,1.05988e-08 ,0 
683,27.28 ,1.12062e-08 ,0 
684,27.32 ,1.18496e-08 ,0 
685,27.36 ,1.25311e-08 ,0 
686,27.4 ,1.32531e-08 ,0 
687,27.44 ,1.40179e-08 ,0 
688,27.48 ,1.48279e-08 ,0 
689,27.52 ,1.56859e-08 ,0 
690,27.56 ,1.65947e-08 ,0 
691,27.6 ,1.75572e-08 ,0 
692,27.64 ,1.85766e-08 ,0 
693,27.68 ,1.96563e-08 ,0 
694,27.72 ,2.07999e-08 ,0 
695,27.76 ,2.20112e-08 ,0 
696,27.8 ,2.3294e-08 ,0 
697,27.84 ,2.46528e-08 ,0 
698,27.88 ,2.60919e-08 ,0 
699,27.92 ,2.76161e-08 ,0 
700,27.96 ,2.92306e-08 ,0 
701,28 ,3.09406e-08 ,0 
702,28.04 ,3.27519e-08 ,0 
703,28.08 ,3.46704e-08 ,0 
704,28.12 ,3.67026e-08 ,0 
705,28.16 ,3.88551e-08 ,0 
706,28.2 ,4.11353e-08 ,0 
707,28.24 ,4.35507e-08 ,0 
708,28.28 ,4.61093e-08 ,0 
709,28.32 ,4.88197e-08 ,0 
710,28.36 ,5.16909e-08 ,0 
711,28.4 ,5.47327e-08 ,0 
712,28.44 ,5.79551e-08 ,0 
713,28.48 ,6.13689e-08 ,0 
714,28.52 ,6.49857e-08 ,0 
715,28.56 ,6.88175e-08 ,0 
716,28.6 ,7.28772e-08 ,0 
717,28.64 ,7.71785e-08 ,0 
718,28.68 ,8.17359e-08 ,0 
719,28.72 ,8.65646e-08 ,0 
720,28.76 ,9.1681e-08 ,0 
721,28.8 ,9.71023e-08 ,0 
722,28.84 ,1.02847e-07 ,0 
723,28.88 ,1.08934e-07 ,0 
724,28.92 ,1.15384e-07 ,0 
725,28.96 ,1.2222e-07 ,0 
726,29 ,1.29463e-07 ,0 
727,29.04 ,1.37139e-07 ,0 
728,29.08 ,1.45274e-07 ,0 
729,29.12 ,1.53895e-07 ,0 
730,29.16 ,1.63032e-07 ,0 
731,29.2 ,1.72716e-07 ,0 
732,29.24 ,1.82979e-07 ,0 
733,29.28 ,1.93856e-07 ,0 
734,29.32 ,2.05385e-07 ,0 
735,29.36 ,2.17605e-07 ,0 
736,29.4 ,2.30558e-07 ,0 
737,29.44 ,2.44287e-07 ,0 
738,29.48 ,2.5884e-07 ,0 
739,29.52 ,2.74266e-07 ,0 
740,29.56 ,2.90618e-07 ,0 
741,29.6 ,3.07953e-07 ,0 
742,29.64 ,3.26328e-07 ,0 
743,29.68 ,3.45809e-07 ,0 
744,29.72 ,3.66461e-07 ,0 
745,29.76 ,3.88355e-07 ,0 
746,29.8 ,4.11566e-07 ,0 
747,29.84 ,4.36175e-07 ,0 
748,29.88 ,4.62266e-07 ,0 
749,29.92 ,4.89928e-07 ,0 
750,29.96 ,5.19257e-07 ,0 
751,30 ,5.50355e-07 ,0 
752,30.04 ,5.83328e-07 ,0 
753,30.08 ,6.1829e-07 ,0 
754,30.12 ,6.55362e-07 ,0 
755,30.16 ,6.94673e-07 ,0 
756,30.2 ,7.36358e-07 ,0 
757,30.24 ,7.80561e-07 ,0 
758,30.28 ,8.27436e-07 ,0 
759,30.32 ,8.77146e-07 ,0 
760,30.36 ,9.29862e-07 ,0 
761,30.4 ,9.85767e-07 ,0 
762,30.44 ,1.04506e-06 ,0 
763,30.48 ,1.10794e-06 ,0 
764,30.52 ,1.17462e-06 ,0 
765,30.56 ,1.24535e-06 ,0 
766,30.6 ,1.32037e-06 ,0 
767,30.64 ,1.39993e-06 ,0 
768,30.68 ,1.48432e-06 ,0 
769,30.72 ,1.57384e-06 ,0 
770,30.76 ,1.66878e-06 ,0 
771,30.8 ,1.76949e-06 ,0 
772,30.84 ,1.87632e-06 ,0 
773,30.88 ,1.98963e-06 ,0 
774,30.92 ,2.10984e-06 ,0 
775,30.96 ,2.23735e-06 ,0 
776,31 ,2.37262e-06 ,0 
777,31.04 ,2.51613e-06 ,0 
778,31.08 ,2.66836e-06 ,0 
779,31.12 ,2.82987e-06 ,0 
780,31.16 ,3.00121e-06 ,0 
781,31.2 ,3.18299e-06 ,0 
782,31.24 ,3.37585e-06 ,0 
783,31.28 ,3.58047e-06 ,0 
784,31.32 ,3.79757e-06 ,0 
785,31.36 ,4.02791e-06 ,0 
786,31.4 ,4.27231e-06 ,0 
787,31.44 ,4.53163e-06 ,0 
788,31.48 ,4.80679e-06 ,0 
789,31.52 ,5.09876e-06 ,0 
790,31.56 ,5.40857e-06 ,0 
791,31.6 ,5.73732e-06 ,0 
792,31.64 ,6.08618e-06 ,0 
793,31.68 ,6.45637e-06 ,0 
794,31.72 ,6.84921e-06 ,0 
795,31.76 ,7.2661e-06 ,0 
796,31.8 ,7.70852e-06 ,0 
797,31.84 ,8.17803e-06 ,0 
798,31.88 ,8.67631e-06 ,0 
799,31.92 ,9.20513e-06 ,0 
800,31.96 ,9.76637e-06 ,0 
801,32 ,1.0362e-05 ,0 
802,32.04 ,1.09942e-05 ,0 
803,32.08 ,1.16652e-05 ,0 
804,32.12 ,1.23774e-05 ,0 
805,32.16 ,1.31333e-05 ,0 
806,32.2 ,1.39357e-05 ,0 
807,32.24 ,1.47873e-05 ,0 
808,32.28 ,1.56913e-05 ,0 
809,32.32 ,1.66509e-05 ,0 
810,32.36 ,1.76694e-05 ,0 
811,32.4 ,1.87507e-05 ,0 
812,32.44 ,1.98985e-05 ,0 
813,32.48 ,2.11169e-05 ,0 
814,32.52 ,2.24103e-05 ,0 
815,32.56 ,2.37834e-05 ,0 
816,32.6 ,2.52412e-05 ,0 
817,32.64 ,2.67887e-05 ,0 
818,32.68 ,2.84317e-05 ,0 
819,32.72 ,3.0176e-05 ,0 
820,32.76 ,3.20279e-05 ,0 
821,32.8 ,3.3994e-05 ,0 
822,32.84 ,3.60815e-05 ,0 
823,32.88 ,3.82979e-05 ,0 
824,32.92 ,4.06512e-05 ,0 
825,32.96 ,4.31499e-05 ,0 
826,33 ,4.58029e-05 ,0 
827,33.04 ,4.862e-05 ,0 
828,33.08 ,5.16113e-05 ,0 
829,33.12 ,5.47875e-05 ,0 
830,33.16 ,5.81603e-05 ,0 
831,33.2 ,6.17418e-05 ,0 
832,33.24 ,6.5545e-05 ,0 
833,33.28 ,6.95837e-05 ,0 
834,33.32 ,7.38726e-05 ,0 
835,33.36 ,7.84271e-05 ,0 
836,33.4 ,8.3264e-05 ,0 
837,33.44 ,8.84007e-05 ,0 
838,33.48 ,9.3856e-05 ,0 
839,33.52 ,9.96496e-05 ,0 
840,33.56 ,0.000105803 ,0 
841,33.6 ,0.000112338 ,0 
842,33.64 ,0.000119278 ,0 
843,33.68 ,0.00012665 ,0 
844,33.72 ,0.000134479 ,0 
845,33.76 ,0.000142795 ,0 
846,33.8 ,0.000151628 ,0 
847,33.84 ,0.00016101 ,0 
848,33.88 ,0.000170976 ,0 
849,33.92 ,0.000181561 ,0 
850,33.96 ,0.000192805 ,0 
851,34 ,0.000204748 ,0 
852,34.04 ,0.000217435 ,0 
853,34.08 ,0.000230912 ,0 
854,34.12 ,0.000245229 ,0 
855,34.16 ,0.000260437 ,0 
856,34.2 ,0.000276594 ,0 
857,34.24 ,0.000293757 ,0 
858,34.28 ,0.000311991 ,0 
859,34.32 ,0.000331362 ,0 
860,34.36 ,0.000351941 ,0 
861,34.4 ,0.000373804 ,0 
862,34.44 ,0.000397033 ,0 
863,34.48 ,0.000421711 ,0 
864,34.52 ,0.000447931 ,0 
865,34.56 ,0.000475788 ,0 
866,34.6 ,0.000505387 ,0 
867,34.64 ,0.000536835 ,0 
868,34.68 ,0.000570249 ,0 
869,34.72 ,0.000605753 ,0 
870,34.76 ,0.000643478 ,0 
871,34.8 ,0.000683563 ,0 
872,34.84 ,0.000726157 ,0 
873,34.88 ,0.000771417 ,0 
874,34.92 ,0.000819511 ,0 
875,34.96 ,0.000870617 ,0 
876,35 ,0.000924924 ,0 
877,35.04 ,0.000982635 ,0 
878,35.08 ,0.00104396 ,0 
879,35.12 ,0.00110914 ,0 
880,35.16 ,0.0011784 ,0 
881,35.2 ,0.001252 ,0 
882,35.24 ,0.00133022 ,0 
883,35.28 ,0.00141336 ,0 
884,35.32 ,0.00150171 ,0 
885,35.36 ,0.0015956 ,0 
886,35.4 ,0.0016954 ,0 
887,35.44 ,0.00180146 ,0 
888,35.48 ,0.00191419 ,0 
889,35.52 ,0.002034 ,0 
890,35.56 ,0.00216135 ,0 
891,35.6 ,0.0022967 ,0 
892,35.64 ,0.00244057 ,0 
893,35.68 ,0.00259349 ,0 
894,35.72 ,0.00275603 ,0 
895,35.76 ,0.0029288 ,0 
896,35.8 ,0.00311245 ,0 
897,35.84 ,0.00330767 ,0 
898,35.88 ,0.00351518 ,0 
899,35.92 ,0.00373576 ,0 
900,35.96 ,0.00397025 ,0 
901,36 ,0.00421952 ,0 
902,36.04 ,0.0044845 ,0 
903,36.08 ,0.00476619 ,0 
904,36.12 ,0.00506566 ,0 
905,36.16 ,0.00538402 ,0 
906,36.2 ,0.00572246 ,0 
907,36.24 ,0.00608228 ,0 
908,36.28 ,0.00646481 ,0 
909,36.32 ,0.0068715 ,0 
910,36.36 ,0.00730388 ,0 
911,36.4 ,0.00776357 ,0 
912,36.44 ,0.00825232 ,0 
913,36.48 ,0.00877197 ,0 
914,36.52 ,0.00932447 ,0 
915,36.56 ,0.00991191 ,0 
916,36.6 ,0.0105365 ,0 
917,36.64 ,0.0112006 ,0 
918,36.68 ,0.0119068 ,0 
919,36.72 ,0.0126576 ,0 
920,36.76 ,0.013456 ,0 
921,36.8 ,0.0143049 ,0 
922,36.84 ,0.0152077 ,0 
923,36.88 ,0.0161676 ,0 
924,36.92 ,0.0171883 ,0 
925,36.96 ,0.0182738 ,0 
926,37 ,0.019428 ,0 
927,37.04 ,0.0206555 ,0 
928,37.08 ,0.0219608 ,0 
929,37.12 ,0.0233489 ,0 
930,37.16 ,0.0248251 ,0 
931,37.2 ,0.026395 ,0 
932,37.24 ,0.0280645 ,0 
933,37.28 ,0.0298401 ,0 
934,37.32 ,0.0317284 ,0 
935,37.36 ,0.0337367 ,0 
936,37.4 ,0.0358726 ,0 
937,37.44 ,0.0381442 ,0 
938,37.48 ,0.0405603 ,0 
939,37.52 ,0.0431299 ,0 
940,37.56 ,0.045863 ,0 
941,37.6 ,0.0487699 ,0 
942,37.64 ,0.0518618 ,0 
943,37.68 ,0.0551504 ,0 
944,37.72 ,0.0586483 ,0 
945,37.76 ,0.0623689 ,0 
946,37.8 ,0.0663264 ,0 
947,37.84 ,0.070536 ,0 
948,37.88 ,0.0750137 ,0 
949,37.92 ,0.0797767 ,0 
950,37.96 ,0.0848433 ,0 
951,38 ,0.0902328 ,0 
952,38.04 ,0.095966 ,0 
953,38.08 ,0.102065 ,0 
954,38.12 ,0.108553 ,0 
955,38.16 ,0.115454 ,0 
956,38.2 ,0.122796 ,0 
957,38.24 ,0.130607 ,0 
958,38.28 ,0.138916 ,0 
959,38.32 ,0.147756 ,0 
960,38.36 ,0.15716 ,0 
961,38.4 ,0.167165 ,0 
962,38.44 ,0.177809 ,0 
963,38.48 ,0.189134 ,0 
964,38.52 ,0.201182 ,0 
965,38.56 ,0.214 ,0 
966,38.6 ,0.227638 ,0 
967,38.64 ,0.242149 ,0 
968,38.68 ,0.257587 ,0 
969,38.72 ,0.274013 ,0 
970,38.76 ,0.29149 ,0 
971,38.8 ,0.310086 ,0 
972,38.84 ,0.329872 ,0 
973,38.88 ,0.350926 ,0 
974,38.92 ,0.373327 ,0 
975,38.96 ,0.397164 ,0 
976,39 ,0.422527 ,0 
977,39.04 ,0.449516 ,0 
978,39.08 ,0.478235 ,0 
979,39.12 ,0.508795 ,0 
980,39.16 ,0.541314 ,0 
981,39.2 ,0.575919 ,0 
982,39.24 ,0.612744 ,0 
983,39.28 ,0.651931 ,0 
984,39.32 ,0.693632 ,0 
985,39.36 ,0.73801 ,0 
986,39.4 ,0.785237 ,0 
987,39.44 ,0.835496 ,0 
988,39.48 ,0.888983 ,0 
989,39.52 ,0.945905 ,0 
990,39.56 ,1.00648 ,0 
991,39.6 ,1.07096 ,0 
992,39.64 ,1.13957 ,0 
993,39.68 ,1.2126 ,0 
994,39.72 ,1.29032 ,0 
995,39.76 ,1.37303 ,0 
996,39.8 ,1.46107 ,0 
997,39.84 ,1.55477 ,0 
998,39.88 ,1.6545 ,0 
999,39.92 ,1.76065 ,0 
1000,39.96 ,1.87363 ,0 