
1,0 ,0 ,0 
2,0.04 ,0 ,0 
3,0.08 ,0 ,0 
4,0.12 ,4.33974e-15 ,0 
5,0.16 ,5.78245e-15 ,0 
6,0.2 ,7.22161e-15 ,0 
7,0.24 ,8.65633e-15 ,0 
8,0.28 ,1.00857e-14 ,0 
9,0.32 ,1.15089e-14 ,0 
10,0.36 ,1.29251e-14 ,0 
11,0.4 ,1.43333e-14 ,0 
12,0.44 ,1.57328e-14 ,0 
13,0.48 ,1.71226e-14 ,0 
14,0.52 ,1.8502e-14 ,0 
15,0.56 ,1.98702e-14 ,0 
16,0.6 ,2.12262e-14 ,0 
17,0.64 ,2.25694e-14 ,0 
18,0.68 ,2.38989e-14 ,0 
19,0.72 ,2.5214e-14 ,0 
20,0.76 ,2.65139e-14 ,0 
21,0.8 ,2.77979e-14 ,0 
22,0.84 ,2.90652e-14 ,0 
23,0.88 ,3.03152e-14 ,0 
24,0.92 ,3.15471e-14 ,0 
25,0.96 ,3.27602e-14 ,0 
26,1 ,3.3954e-14 ,0 
27,1.04 ,3.51278e-14 ,0 
28,1.08 ,3.62809e-14 ,0 
29,1.12 ,3.74128e-14 ,0 
30,1.16 ,3.85228e-14 ,0 
31,1.2 ,3.96105e-14 ,0 
32,1.24 ,4.06753e-14 ,0 
33,1.28 ,4.17167e-14 ,0 
34,1.32 ,4.27342e-14 ,0 
35,1.36 ,4.37274e-14 ,0 
36,1.4 ,4.46957e-14 ,0 
37,1.44 ,4.56388e-14 ,0 
38,1.48 ,4.65563e-14 ,0 
39,1.52 ,4.74477e-14 ,0 
40,1.56 ,4.83129e-14 ,0 
41,1.6 ,4.91514e-14 ,0 
42,1.64 ,4.99629e-14 ,0 
43,1.68 ,5.07472e-14 ,0 
44,1.72 ,5.15039e-14 ,0 
45,1.76 ,5.2233e-14 ,0 
46,1.8 ,5.29342e-14 ,0 
47,1.84 ,5.36073e-14 ,0 
48,1.88 ,5.42521e-14 ,0 
49,1.92 ,5.48685e-14 ,0 
50,1.96 ,5.54565e-14 ,0 
51,2 ,5.6016e-14 ,0 
52,2.04 ,5.65468e-14 ,0 
53,2.08 ,5.7049e-14 ,0 
54,2.12 ,5.75226e-14 ,0 
55,2.16 ,5.79675e-14 ,0 
56,2.2 ,5.83839e-14 ,0 
57,2.24 ,5.87717e-14 ,0 
58,2.28 ,5.91311e-14 ,0 
59,2.32 ,5.94622e-14 ,0 
60,2.36 ,5.97651e-14 ,0 
61,2.4 ,6.00399e-14 ,0 
62,2.44 ,6.02869e-14 ,0 
63,2.48 ,6.05061e-14 ,0 
64,2.52 ,6.06979e-14 ,0 
65,2.56 ,6.08625e-14 ,0 
66,2.6 ,6.10001e-14 ,0 
67,2.64 ,6.1111e-14 ,0 
68,2.68 ,6.11955e-14 ,0 
69,2.72 ,6.12538e-14 ,0 
70,2.76 ,6.12864e-14 ,0 
71,2.8 ,6.12935e-14 ,0 
72,2.84 ,6.12755e-14 ,0 
73,2.88 ,6.12328e-14 ,0 
74,2.92 ,6.11657e-14 ,0 
75,2.96 ,6.10747e-14 ,0 
76,3 ,6.09602e-14 ,0 
77,3.04 ,6.08226e-14 ,0 
78,3.08 ,6.06624e-14 ,0 
79,3.12 ,6.04799e-14 ,0 
80,3.16 ,6.02757e-14 ,0 
81,3.2 ,6.00502e-14 ,0 
82,3.24 ,5.9804e-14 ,0 
83,3.28 ,5.95374e-14 ,0 
84,3.32 ,5.9251e-14 ,0 
85,3.36 ,5.89454e-14 ,0 
86,3.4 ,5.8621e-14 ,0 
87,3.44 ,5.82783e-14 ,0 
88,3.48 ,5.79179e-14 ,0 
89,3.52 ,5.75403e-14 ,0 
90,3.56 ,5.71461e-14 ,0 
91,3.6 ,5.67357e-14 ,0 
92,3.64 ,5.63098e-14 ,0 
93,3.68 ,5.58688e-14 ,0 
94,3.72 ,5.54133e-14 ,0 
95,3.76 ,5.4944e-14 ,0 
96,3.8 ,5.44612e-14 ,0 
97,3.84 ,5.39657e-14 ,0 
98,3.88 ,5.34578e-14 ,0 
99,3.92 ,5.29383e-14 ,0 
100,3.96 ,5.24075e-14 ,0 
101,4 ,5.18662e-14 ,0 
102,4.04 ,5.13147e-14 ,0 
103,4.08 ,5.07537e-14 ,0 
104,4.12 ,5.01838e-14 ,0 
105,4.16 ,4.96053e-14 ,0 
106,4.2 ,4.90189e-14 ,0 
107,4.24 ,4.84251e-14 ,0 
108,4.28 ,4.78245e-14 ,0 
109,4.32 ,4.72174e-14 ,0 
110,4.36 ,4.66045e-14 ,0 
111,4.4 ,4.59862e-14 ,0 
112,4.44 ,4.53631e-14 ,0 
113,4.48 ,4.47356e-14 ,0 
114,4.52 ,4.41042e-14 ,0 
115,4.56 ,4.34694e-14 ,0 
116,4.6 ,4.28316e-14 ,0 
117,4.64 ,4.21913e-14 ,0 
118,4.68 ,4.15489e-14 ,0 
119,4.72 ,4.0905e-14 ,0 
120,4.76 ,4.02599e-14 ,0 
121,4.8 ,3.9614e-14 ,0 
122,4.84 ,3.89678e-14 ,0 
123,4.88 ,3.83216e-14 ,0 
124,4.92 ,3.76758e-14 ,0 
125,4.96 ,3.70309e-14 ,0 
126,5 ,3.63872e-14 ,0 
127,5.04 ,3.57451e-14 ,0 
128,5.08 ,3.51048e-14 ,0 
129,5.12 ,3.44668e-14 ,0 
130,5.16 ,3.38314e-14 ,0 
131,5.2 ,3.31989e-14 ,0 
132,5.24 ,3.25696e-14 ,0 
133,5.28 ,3.19438e-14 ,0 
134,5.32 ,3.13218e-14 ,0 
135,5.36 ,3.07039e-14 ,0 
136,5.4 ,3.00903e-14 ,0 
137,5.44 ,2.94813e-14 ,0 
138,5.48 ,2.88771e-14 ,0 
139,5.52 ,2.8278e-14 ,0 
140,5.56 ,2.76841e-14 ,0 
141,5.6 ,2.70958e-14 ,0 
142,5.64 ,2.65132e-14 ,0 
143,5.68 ,2.59365e-14 ,0 
144,5.72 ,2.53659e-14 ,0 
145,5.76 ,2.48015e-14 ,0 
146,5.8 ,2.42435e-14 ,0 
147,5.84 ,2.3692e-14 ,0 
148,5.88 ,2.31473e-14 ,0 
149,5.92 ,2.26094e-14 ,0 
150,5.96 ,2.20785e-14 ,0 
151,6 ,2.15546e-14 ,0 
152,6.04 ,2.10379e-14 ,0 
153,6.08 ,2.05285e-14 ,0 
154,6.12 ,2.00265e-14 ,0 
155,6.16 ,1.95318e-14 ,0 
156,6.2 ,1.90447e-14 ,0 
157,6.24 ,1.85651e-14 ,0 
158,6.28 ,1.80932e-14 ,0 
159,6.32 ,1.76289e-14 ,0 
160,6.36 ,1.71723e-14 ,0 
161,6.4 ,1.67234e-14 ,0 
162,6.44 ,1.62823e-14 ,0 
163,6.48 ,1.5849e-14 ,0 
164,6.52 ,1.54234e-14 ,0 
165,6.56 ,1.50056e-14 ,0 
166,6.6 ,1.45956e-14 ,0 
167,6.64 ,1.41934e-14 ,0 
168,6.68 ,1.37989e-14 ,0 
169,6.72 ,1.34121e-14 ,0 
170,6.76 ,1.30331e-14 ,0 
171,6.8 ,1.26617e-14 ,0 
172,6.84 ,1.22979e-14 ,0 
173,6.88 ,1.19418e-14 ,0 
174,6.92 ,1.15931e-14 ,0 
175,6.96 ,1.1252e-14 ,0 
176,7 ,1.09183e-14 ,0 
177,7.04 ,1.0592e-14 ,0 
178,7.08 ,1.02729e-14 ,0 
179,7.12 ,9.96117e-15 ,0 
180,7.16 ,9.65657e-15 ,0 
181,7.2 ,9.35908e-15 ,0 
182,7.24 ,9.0686e-15 ,0 
183,7.28 ,8.78507e-15 ,0 
184,7.32 ,8.5084e-15 ,0 
185,7.36 ,8.2385e-15 ,0 
186,7.4 ,7.97529e-15 ,0 
187,7.44 ,7.71868e-15 ,0 
188,7.48 ,7.46858e-15 ,0 
189,7.52 ,7.22489e-15 ,0 
190,7.56 ,6.98752e-15 ,0 
191,7.6 ,6.75637e-15 ,0 
192,7.64 ,6.53134e-15 ,0 
193,7.68 ,6.31234e-15 ,0 
194,7.72 ,6.09926e-15 ,0 
195,7.76 ,5.89201e-15 ,0 
196,7.8 ,5.69048e-15 ,0 
197,7.84 ,5.49457e-15 ,0 
198,7.88 ,5.30418e-15 ,0 
199,7.92 ,5.1192e-15 ,0 
200,7.96 ,4.93953e-15 ,0 
201,8 ,4.76507e-15 ,0 
202,8.04 ,4.59571e-15 ,0 
203,8.08 ,4.43136e-15 ,0 
204,8.12 ,4.27189e-15 ,0 
205,8.16 ,4.11722e-15 ,0 
206,8.2 ,3.96724e-15 ,0 
207,8.24 ,3.82185e-15 ,0 
208,8.28 ,3.68094e-15 ,0 
209,8.32 ,3.54442e-15 ,0 
210,8.36 ,3.41218e-15 ,0 
211,8.4 ,3.28413e-15 ,0 
212,8.44 ,3.16016e-15 ,0 
213,8.48 ,3.04017e-15 ,0 
214,8.52 ,2.92408e-15 ,0 
215,8.56 ,2.81178e-15 ,0 
216,8.6 ,2.70318e-15 ,0 
217,8.64 ,2.59818e-15 ,0 
218,8.68 ,2.4967e-15 ,0 
219,8.72 ,2.39864e-15 ,0 
220,8.76 ,2.3039e-15 ,0 
221,8.8 ,2.21241e-15 ,0 
222,8.84 ,2.12407e-15 ,0 
223,8.88 ,2.0388e-15 ,0 
224,8.92 ,1.9565e-15 ,0 
225,8.96 ,1.87711e-15 ,0 
226,9 ,1.80054e-15 ,0 
227,9.04 ,1.72669e-15 ,0 
228,9.08 ,1.65551e-15 ,0 
229,9.12 ,1.5869e-15 ,0 
230,9.16 ,1.52079e-15 ,0 
231,9.2 ,1.45711e-15 ,0 
232,9.24 ,1.39579e-15 ,0 
233,9.28 ,1.33674e-15 ,0 
234,9.32 ,1.27991e-15 ,0 
235,9.36 ,1.22522e-15 ,0 
236,9.4 ,1.1726e-15 ,0 
237,9.44 ,1.12199e-15 ,0 
238,9.48 ,1.07333e-15 ,0 
239,9.52 ,1.02655e-15 ,0 
240,9.56 ,9.81587e-16 ,0 
241,9.6 ,9.38385e-16 ,0 
242,9.64 ,8.96885e-16 ,0 
243,9.68 ,8.5703e-16 ,0 
244,9.72 ,8.18763e-16 ,0 
245,9.76 ,7.82031e-16 ,0 
246,9.8 ,7.46782e-16 ,0 
247,9.84 ,7.12962e-16 ,0 
248,9.88 ,6.80524e-16 ,0 
249,9.92 ,6.49417e-16 ,0 
250,9.96 ,6.19594e-16 ,0 
251,10 ,5.91011e-16 ,0 
252,10.04 ,5.63621e-16 ,0 
253,10.08 ,5.37382e-16 ,0 
254,10.12 ,5.12251e-16 ,0 
255,10.16 ,4.88187e-16 ,0 
256,10.2 ,4.65151e-16 ,0 
257,10.24 ,4.43104e-16 ,0 
258,10.28 ,4.22009e-16 ,0 
259,10.32 ,4.0183e-16 ,0 
260,10.36 ,3.82531e-16 ,0 
261,10.4 ,3.64079e-16 ,0 
262,10.44 ,3.46441e-16 ,0 
263,10.48 ,3.29585e-16 ,0 
264,10.52 ,3.1348e-16 ,0 
265,10.56 ,2.98096e-16 ,0 
266,10.6 ,2.83405e-16 ,0 
267,10.64 ,2.69379e-16 ,0 
268,10.68 ,2.55991e-16 ,0 
269,10.72 ,2.43215e-16 ,0 
270,10.76 ,2.31026e-16 ,0 
271,10.8 ,2.194e-16 ,0 
272,10.84 ,2.08313e-16 ,0 
273,10.88 ,1.97743e-16 ,0 
274,10.92 ,1.87669e-16 ,0 
275,10.96 ,1.78068e-16 ,0 
276,11 ,1.68922e-16 ,0 
277,11.04 ,1.60211e-16 ,0 
278,11.08 ,1.51916e-16 ,0 
279,11.12 ,1.44019e-16 ,0 
280,11.16 ,1.36502e-16 ,0 
281,11.2 ,1.2935e-16 ,0 
282,11.24 ,1.22546e-16 ,0 
283,11.28 ,1.16074e-16 ,0 
284,11.32 ,1.0992e-16 ,0 
285,11.36 ,1.0407e-16 ,0 
286,11.4 ,9.85102e-17 ,0 
287,11.44 ,9.32269e-17 ,0 
288,11.48 ,8.82077e-17 ,0 
289,11.52 ,8.34407e-17 ,0 
290,11.56 ,7.89143e-17 ,0 
291,11.6 ,7.46172e-17 ,0 
292,11.64 ,7.05389e-17 ,0 
293,11.68 ,6.6669e-17 ,0 
294,11.72 ,6.29979e-17 ,0 
295,11.76 ,5.95161e-17 ,0 
296,11.8 ,5.62146e-17 ,0 
297,11.84 ,5.30848e-17 ,0 
298,11.88 ,5.01186e-17 ,0 
299,11.92 ,4.73079e-17 ,0 
300,11.96 ,4.46453e-17 ,0 
301,12 ,4.21235e-17 ,0 
302,12.04 ,3.97358e-17 ,0 
303,12.08 ,3.74754e-17 ,0 
304,12.12 ,3.5336e-17 ,0 
305,12.16 ,3.33118e-17 ,0 
306,12.2 ,3.13969e-17 ,0 
307,12.24 ,2.95859e-17 ,0 
308,12.28 ,2.78735e-17 ,0 
309,12.32 ,2.62547e-17 ,0 
310,12.36 ,2.47248e-17 ,0 
311,12.4 ,2.32793e-17 ,0 
312,12.44 ,2.19138e-17 ,0 
313,12.48 ,2.06242e-17 ,0 
314,12.52 ,1.94066e-17 ,0 
315,12.56 ,1.82572e-17 ,0 
316,12.6 ,1.71725e-17 ,0 
317,12.64 ,1.61491e-17 ,0 
318,12.68 ,1.51838e-17 ,0 
319,12.72 ,1.42734e-17 ,0 
320,12.76 ,1.3415e-17 ,0 
321,12.8 ,1.26058e-17 ,0 
322,12.84 ,1.18433e-17 ,0 
323,12.88 ,1.11248e-17 ,0 
324,12.92 ,1.04479e-17 ,0 
325,12.96 ,9.81048e-18 ,0 
326,13 ,9.21025e-18 ,0 
327,13.04 ,8.64519e-18 ,0 
328,13.08 ,8.11336e-18 ,0 
329,13.12 ,7.6129e-18 ,0 
330,13.16 ,7.14206e-18 ,0 
331,13.2 ,6.69917e-18 ,0 
332,13.24 ,6.28267e-18 ,0 
333,13.28 ,5.89105e-18 ,0 
334,13.32 ,5.52291e-18 ,0 
335,13.36 ,5.17691e-18 ,0 
336,13.4 ,4.85177e-18 ,0 
337,13.44 ,4.5463e-18 ,0 
338,13.48 ,4.25937e-18 ,0 
339,13.52 ,3.9899e-18 ,0 
340,13.56 ,3.73687e-18 ,0 
341,13.6 ,3.49933e-18 ,0 
342,13.64 ,3.27636e-18 ,0 
343,13.68 ,3.06712e-18 ,0 
344,13.72 ,2.8708e-18 ,0 
345,13.76 ,2.68662e-18 ,0 
346,13.8 ,2.51387e-18 ,0 
347,13.84 ,2.35187e-18 ,0 
348,13.88 ,2.19998e-18 ,0 
349,13.92 ,2.05759e-18 ,0 
350,13.96 ,1.92412e-18 ,0 
351,14 ,1.79905e-18 ,0 
352,14.04 ,1.68186e-18 ,0 
353,14.08 ,1.57207e-18 ,0 
354,14.12 ,1.46924e-18 ,0 
355,14.16 ,1.37294e-18 ,0 
356,14.2 ,1.28276e-18 ,0 
357,14.24 ,1.19834e-18 ,0 
358,14.28 ,1.11932e-18 ,0 
359,14.32 ,1.04536e-18 ,0 
360,14.36 ,9.76157e-19 ,0 
361,14.4 ,9.11407e-19 ,0 
362,14.44 ,8.50836e-19 ,0 
363,14.48 ,7.94183e-19 ,0 
364,14.52 ,7.41202e-19 ,0 
365,14.56 ,6.91663e-19 ,0 
366,14.6 ,6.4535e-19 ,0 
367,14.64 ,6.02058e-19 ,0 
368,14.68 ,5.61598e-19 ,0 
369,14.72 ,5.23788e-19 ,0 
370,14.76 ,4.88461e-19 ,0 
371,14.8 ,4.55458e-19 ,0 
372,14.84 ,4.24631e-19 ,0 
373,14.88 ,3.95841e-19 ,0 
374,14.92 ,3.68956e-19 ,0 
375,14.96 ,3.43855e-19 ,0 
376,15 ,3.20422e-19 ,0 
377,15.04 ,2.98549e-19 ,0 
378,15.08 ,2.78136e-19 ,0 
379,15.12 ,2.59087e-19 ,0 
380,15.16 ,2.41313e-19 ,0 
381,15.2 ,2.24732e-19 ,0 
382,15.24 ,2.09266e-19 ,0 
383,15.28 ,1.94841e-19 ,0 
384,15.32 ,1.8139e-19 ,0 
385,15.36 ,1.68848e-19 ,0 
386,15.4 ,1.57155e-19 ,0 
387,15.44 ,1.46255e-19 ,0 
388,15.48 ,1.36096e-19 ,0 
389,15.52 ,1.26628e-19 ,0 
390,15.56 ,1.17806e-19 ,0 
391,15.6 ,1.09587e-19 ,0 
392,15.64 ,1.0193e-19 ,0 
393,15.68 ,9.47979e-20 ,0 
394,15.72 ,8.81557e-20 ,0 
395,15.76 ,8.19703e-20 ,0 
396,15.8 ,7.62111e-20 ,0 
397,15.84 ,7.08493e-20 ,0 
398,15.88 ,6.58583e-20 ,0 
399,15.92 ,6.12129e-20 ,0 
400,15.96 ,5.68897e-20 ,0 
401,16 ,5.2867e-20 ,0 
402,16.04 ,4.91243e-20 ,0 
403,16.08 ,4.56426e-20 ,0 
404,16.12 ,4.2404e-20 ,0 
405,16.16 ,3.93922e-20 ,0 
406,16.2 ,3.65914e-20 ,0 
407,16.24 ,3.39874e-20 ,0 
408,16.28 ,3.15666e-20 ,0 
409,16.32 ,2.93164e-20 ,0 
410,16.36 ,2.72253e-20 ,0 
411,16.4 ,2.52822e-20 ,0 
412,16.44 ,2.34769e-20 ,0 
413,16.48 ,2.18e-20 ,0 
414,16.52 ,2.02427e-20 ,0 
415,16.56 ,1.87966e-20 ,0 
416,16.6 ,1.74542e-20 ,0 
417,16.64 ,1.62083e-20 ,0 
418,16.68 ,1.50522e-20 ,0 
419,16.72 ,1.39798e-20 ,0 
420,16.76 ,1.29853e-20 ,0 
421,16.8 ,1.20634e-20 ,0 
422,16.84 ,1.1209e-20 ,0 
423,16.88 ,1.04175e-20 ,0 
424,16.92 ,9.68477e-21 ,0 
425,16.96 ,9.00666e-21 ,0 
426,17 ,8.37953e-21 ,0 
427,17.04 ,7.79994e-21 ,0 
428,17.08 ,7.26472e-21 ,0 
429,17.12 ,6.77091e-21 ,0 
430,17.16 ,6.31581e-21 ,0 
431,17.2 ,5.8969e-21 ,0 
432,17.24 ,5.51185e-21 ,0 
433,17.28 ,5.15854e-21 ,0 
434,17.32 ,4.835e-21 ,0 
435,17.36 ,4.53943e-21 ,0 
436,17.4 ,4.27019e-21 ,0 
437,17.44 ,4.02576e-21 ,0 
438,17.48 ,3.80479e-21 ,0 
439,17.52 ,3.60603e-21 ,0 
440,17.56 ,3.42838e-21 ,0 
441,17.6 ,3.27083e-21 ,0 
442,17.64 ,3.13252e-21 ,0 
443,17.68 ,3.01267e-21 ,0 
444,17.72 ,2.9106e-21 ,0 
445,17.76 ,2.82577e-21 ,0 
446,17.8 ,2.75769e-21 ,0 
447,17.84 ,2.70601e-21 ,0 
448,17.88 ,2.67045e-21 ,0 
449,17.92 ,2.65083e-21 ,0 
450,17.96 ,2.64708e-21 ,0 
451,18 ,2.65919e-21 ,0 
452,18.04 ,2.68729e-21 ,0 
453,18.08 ,2.73156e-21 ,0 
454,18.12 ,2.79232e-21 ,0 
455,18.16 ,2.86996e-21 ,0 
456,18.2 ,2.96499e-21 ,0 
457,18.24 ,3.07802e-21 ,0 
458,18.28 ,3.20978e-21 ,0 
459,18.32 ,3.36111e-21 ,0 
460,18.36 ,3.53296e-21 ,0 
461,18.4 ,3.72644e-21 ,0 
462,18.44 ,3.94277e-21 ,0 
463,18.48 ,4.18333e-21 ,0 
464,18.52 ,4.44964e-21 ,0 
465,18.56 ,4.7434e-21 ,0 
466,18.6 ,5.06648e-21 ,0 
467,18.64 ,5.42094e-21 ,0 
468,18.68 ,5.80902e-21 ,0 
469,18.72 ,6.23322e-21 ,0 
470,18.76 ,6.69623e-21 ,0 
471,18.8 ,7.20103e-21 ,0 
472,18.84 ,7.75084e-21 ,0 
473,18.88 ,8.3492e-21 ,0 
474,18.92 ,8.99994e-21 ,0 
475,18.96 ,9.70725e-21 ,0 
476,19 ,1.04757e-20 ,0 
477,19.04 ,1.13102e-20 ,0 
478,19.08 ,1.22162e-20 ,0 
479,19.12 ,1.31996e-20 ,0 
480,19.16 ,1.42666e-20 ,0 
481,19.2 ,1.54243e-20 ,0 
482,19.24 ,1.66802e-20 ,0 
483,19.28 ,1.80424e-20 ,0 
484,19.32 ,1.95199e-20 ,0 
485,19.36 ,2.11223e-20 ,0 
486,19.4 ,2.286e-20 ,0 
487,19.44 ,2.47445e-20 ,0 
488,19.48 ,2.67881e-20 ,0 
489,19.52 ,2.90042e-20 ,0 
490,19.56 ,3.14075e-20 ,0 
491,19.6 ,3.40138e-20 ,0 
492,19.64 ,3.68403e-20 ,0 
493,19.68 ,3.99057e-20 ,0 
494,19.72 ,4.32302e-20 ,0 
495,19.76 ,4.6836e-20 ,0 
496,19.8 ,5.0747e-20 ,0 
497,19.84 ,5.49892e-20 ,0 
498,19.88 ,5.95908e-20 ,0 
499,19.92 ,6.45826e-20 ,0 
500,19.96 ,6.9998e-20 ,0 
501,20 ,7.5873e-20 ,0 
502,20.04 ,8.22472e-20 ,0 
503,20.08 ,8.91633e-20 ,0 
504,20.12 ,9.66678e-20 ,0 
505,20.16 ,1.04811e-19 ,0 
506,20.2 ,1.13648e-19 ,0 
507,20.24 ,1.23239e-19 ,0 
508,20.28 ,1.33647e-19 ,0 
509,20.32 ,1.44944e-19 ,0 
510,20.36 ,1.57207e-19 ,0 
511,20.4 ,1.70518e-19 ,0 
512,20.44 ,1.84967e-19 ,0 
513,20.48 ,2.00654e-19 ,0 
514,20.52 ,2.17685e-19 ,0 
515,20.56 ,2.36176e-19 ,0 
516,20.6 ,2.56254e-19 ,0 
517,20.64 ,2.78056e-19 ,0 
518,20.68 ,3.01731e-19 ,0 
519,20.72 ,3.27442e-19 ,0 
520,20.76 ,3.55365e-19 ,0 
521,20.8 ,3.85693e-19 ,0 
522,20.84 ,4.18634e-19 ,0 
523,20.88 ,4.54415e-19 ,0 
524,20.92 ,4.93284e-19 ,0 
525,20.96 ,5.35509e-19 ,0 
526,21 ,5.81382e-19 ,0 
527,21.04 ,6.31222e-19 ,0 
528,21.08 ,6.85374e-19 ,0 
529,21.12 ,7.44214e-19 ,0 
530,21.16 ,8.08153e-19 ,0 
531,21.2 ,8.77635e-19 ,0 
532,21.24 ,9.53145e-19 ,0 
533,21.28 ,1.03521e-18 ,0 
534,21.32 ,1.1244e-18 ,0 
535,21.36 ,1.22135e-18 ,0 
536,21.4 ,1.32673e-18 ,0 
537,21.44 ,1.44129e-18 ,0 
538,21.48 ,1.56582e-18 ,0 
539,21.52 ,1.7012e-18 ,0 
540,21.56 ,1.84839e-18 ,0 
541,21.6 ,2.00843e-18 ,0 
542,21.64 ,2.18244e-18 ,0 
543,21.68 ,2.37165e-18 ,0 
544,21.72 ,2.57741e-18 ,0 
545,21.76 ,2.80117e-18 ,0 
546,21.8 ,3.04452e-18 ,0 
547,21.84 ,3.30918e-18 ,0 
548,21.88 ,3.59704e-18 ,0 
549,21.92 ,3.91015e-18 ,0 
550,21.96 ,4.25074e-18 ,0 
551,22 ,4.62123e-18 ,0 
552,22.04 ,5.02428e-18 ,0 
553,22.08 ,5.46276e-18 ,0 
554,22.12 ,5.93982e-18 ,0 
555,22.16 ,6.45886e-18 ,0 
556,22.2 ,7.02363e-18 ,0 
557,22.24 ,7.63816e-18 ,0 
558,22.28 ,8.30688e-18 ,0 
559,22.32 ,9.03461e-18 ,0 
560,22.36 ,9.82658e-18 ,0 
561,22.4 ,1.06885e-17 ,0 
562,22.44 ,1.16266e-17 ,0 
563,22.48 ,1.26477e-17 ,0 
564,22.52 ,1.37591e-17 ,0 
565,22.56 ,1.4969e-17 ,0 
566,22.6 ,1.6286e-17 ,0 
567,22.64 ,1.77197e-17 ,0 
568,22.68 ,1.92806e-17 ,0 
569,22.72 ,2.098e-17 ,0 
570,22.76 ,2.28303e-17 ,0 
571,22.8 ,2.4845e-17 ,0 
572,22.84 ,2.70388e-17 ,0 
573,22.88 ,2.94276e-17 ,0 
574,22.92 ,3.2029e-17 ,0 
575,22.96 ,3.48621e-17 ,0 
576,23 ,3.79475e-17 ,0 
577,23.04 ,4.13079e-17 ,0 
578,23.08 ,4.4968e-17 ,0 
579,23.12 ,4.89546e-17 ,0 
580,23.16 ,5.32972e-17 ,0 
581,23.2 ,5.80276e-17 ,0 
582,23.24 ,6.31808e-17 ,0 
583,23.28 ,6.87948e-17 ,0 
584,23.32 ,7.4911e-17 ,0 
585,23.36 ,8.15746e-17 ,0 
586,23.4 ,8.8835e-17 ,0 
587,23.44 ,9.6746e-17 ,0 
588,23.48 ,1.05366e-16 ,0 
589,23.52 ,1.14759e-16 ,0 
590,23.56 ,1.24996e-16 ,0 
591,23.6 ,1.36151e-16 ,0 
592,23.64 ,1.48309e-16 ,0 
593,23.68 ,1.61559e-16 ,0 
594,23.72 ,1.76e-16 ,0 
595,23.76 ,1.91741e-16 ,0 
596,23.8 ,2.08899e-16 ,0 
597,23.84 ,2.27602e-16 ,0 
598,23.88 ,2.4799e-16 ,0 
599,23.92 ,2.70216e-16 ,0 
600,23.96 ,2.94446e-16 ,0 
601,24 ,3.20863e-16 ,0 
602,24.04 ,3.49665e-16 ,0 
603,24.08 ,3.81068e-16 ,0 
604,24.12 ,4.15309e-16 ,0 
605,24.16 ,4.52646e-16 ,0 
606,24.2 ,4.93359e-16 ,0 
607,24.24 ,5.37757e-16 ,0 
608,24.28 ,5.86175e-16 ,0 
609,24.32 ,6.38979e-16 ,0 
610,24.36 ,6.96567e-16 ,0 
611,24.4 ,7.59377e-16 ,0 
612,24.44 ,8.27884e-16 ,0 
613,24.48 ,9.02609e-16 ,0 
614,24.52 ,9.84117e-16 ,0 
615,24.56 ,1.07303e-15 ,0 
616,24.6 ,1.17002e-15 ,0 
617,24.64 ,1.27583e-15 ,0 
618,24.68 ,1.39127e-15 ,0 
619,24.72 ,1.51721e-15 ,0 
620,24.76 ,1.65461e-15 ,0 
621,24.8 ,1.80453e-15 ,0 
622,24.84 ,1.96811e-15 ,0 
623,24.88 ,2.14661e-15 ,0 
624,24.92 ,2.34138e-15 ,0 
625,24.96 ,2.55392e-15 ,0 
626,25 ,2.78587e-15 ,0 
627,25.04 ,3.039e-15 ,0 
628,25.08 ,3.31525e-15 ,0 
629,25.12 ,3.61676e-15 ,0 
630,25.16 ,3.94584e-15 ,0 
631,25.2 ,4.30502e-15 ,0 
632,25.24 ,4.69707e-15 ,0 
633,25.28 ,5.12503e-15 ,0 
634,25.32 ,5.59218e-15 ,0 
635,25.36 ,6.10214e-15 ,0 
636,25.4 ,6.65886e-15 ,0 
637,25.44 ,7.26664e-15 ,0 
638,25.48 ,7.93018e-15 ,0 
639,25.52 ,8.65463e-15 ,0 
640,25.56 ,9.44562e-15 ,0 
641,25.6 ,1.03093e-14 ,0 
642,25.64 ,1.12523e-14 ,0 
643,25.68 ,1.2282e-14 ,0 
644,25.72 ,1.34065e-14 ,0 
645,25.76 ,1.46344e-14 ,0 
646,25.8 ,1.59754e-14 ,0 
647,25.84 ,1.74399e-14 ,0 
648,25.88 ,1.90393e-14 ,0 
649,25.92 ,2.07861e-14 ,0 
650,25.96 ,2.2694e-14 ,0 
651,26 ,2.47779e-14 ,0 
652,26.04 ,2.70541e-14 ,0 
653,26.08 ,2.95404e-14 ,0 
654,26.12 ,3.22564e-14 ,0 
655,26.16 ,3.52233e-14 ,0 
656,26.2 ,3.84644e-14 ,0 
657,26.24 ,4.20052e-14 ,0 
658,26.28 ,4.58735e-14 ,0 
659,26.32 ,5.00998e-14 ,0 
660,26.36 ,5.47173e-14 ,0 
661,26.4 ,5.97625e-14 ,0 
662,26.44 ,6.5275e-14 ,0 
663,26.48 ,7.12985e-14 ,0 
664,26.52 ,7.78804e-14 ,0 
665,26.56 ,8.50728e-14 ,0 
666,26.6 ,9.29325e-14 ,0 
667,26.64 ,1.01522e-13 ,0 
668,26.68 ,1.10909e-13 ,0 
669,26.72 ,1.21167e-13 ,0 
670,26.76 ,1.32379e-13 ,0 
671,26.8 ,1.44634e-13 ,0 
672,26.84 ,1.58027e-13 ,0 
673,26.88 ,1.72667e-13 ,0 
674,26.92 ,1.88669e-13 ,0 
675,26.96 ,2.06161e-13 ,0 
676,27 ,2.25282e-13 ,0 
677,27.04 ,2.46185e-13 ,0 
678,27.08 ,2.69035e-13 ,0 
679,27.12 ,2.94016e-13 ,0 
680,27.16 ,3.21326e-13 ,0 
681,27.2 ,3.51185e-13 ,0 
682,27.24 ,3.8383e-13 ,0 
683,27.28 ,4.19523e-13 ,0 
684,27.32 ,4.5855e-13 ,0 
685,27.36 ,5.01223e-13 ,0 
686,27.4 ,5.47884e-13 ,0 
687,27.44 ,5.98908e-13 ,0 
688,27.48 ,6.54704e-13 ,0 
689,27.52 ,7.15721e-13 ,0 
690,27.56 ,7.82448e-13 ,0 
691,27.6 ,8.55423e-13 ,0 
692,27.64 ,9.35232e-13 ,0 
693,27.68 ,1.02252e-12 ,0 
694,27.72 ,1.11799e-12 ,0 
695,27.76 ,1.2224e-12 ,0 
696,27.8 ,1.33662e-12 ,0 
697,27.84 ,1.46154e-12 ,0 
698,27.88 ,1.59819e-12 ,0 
699,27.92 ,1.74767e-12 ,0 
700,27.96 ,1.91119e-12 ,0 
701,28 ,2.09007e-12 ,0 
702,28.04 ,2.28576e-12 ,0 
703,28.08 ,2.49984e-12 ,0 
704,28.12 ,2.73406e-12 ,0 
705,28.16 ,2.99031e-12 ,0 
706,28.2 ,3.27067e-12 ,0 
707,28.24 ,3.57742e-12 ,0 
708,28.28 ,3.91306e-12 ,0 
709,28.32 ,4.28031e-12 ,0 
710,28.36 ,4.68216e-12 ,0 
711,28.4 ,5.12189e-12 ,0 
712,28.44 ,5.60308e-12 ,0 
713,28.48 ,6.12966e-12 ,0 
714,28.52 ,6.70591e-12 ,0 
715,28.56 ,7.33654e-12 ,0 
716,28.6 ,8.02671e-12 ,0 
717,28.64 ,8.78205e-12 ,0 
718,28.68 ,9.60874e-12 ,0 
719,28.72 ,1.05135e-11 ,0 
720,28.76 ,1.15039e-11 ,0 
721,28.8 ,1.25879e-11 ,0 
722,28.84 ,1.37743e-11 ,0 
723,28.88 ,1.50731e-11 ,0 
724,28.92 ,1.64948e-11 ,0 
725,28.96 ,1.8051e-11 ,0 
726,29 ,1.97546e-11 ,0 
727,29.04 ,2.16196e-11 ,0 
728,29.08 ,2.36614e-11 ,0 
729,29.12 ,2.58966e-11 ,0 
730,29.16 ,2.83438e-11 ,0 
731,29.2 ,3.10231e-11 ,0 
732,29.24 ,3.39565e-11 ,0 
733,29.28 ,3.71683e-11 ,0 
734,29.32 ,4.06851e-11 ,0 
735,29.36 ,4.45357e-11 ,0 
736,29.4 ,4.87522e-11 ,0 
737,29.44 ,5.33692e-11 ,0 
738,29.48 ,5.8425e-11 ,0 
739,29.52 ,6.39615e-11 ,0 
740,29.56 ,7.00244e-11 ,0 
741,29.6 ,7.66641e-11 ,0 
742,29.64 ,8.39356e-11 ,0 
743,29.68 ,9.18992e-11 ,0 
744,29.72 ,1.00621e-10 ,0 
745,29.76 ,1.10173e-10 ,0 
746,29.8 ,1.20636e-10 ,0 
747,29.84 ,1.32095e-10 ,0 
748,29.88 ,1.44646e-10 ,0 
749,29.92 ,1.58395e-10 ,0 
750,29.96 ,1.73454e-10 ,0 
751,30 ,1.8995e-10 ,0 
752,30.04 ,2.0802e-10 ,0 
753,30.08 ,2.27815e-10 ,0 
754,30.12 ,2.495e-10 ,0 
755,30.16 ,2.73256e-10 ,0 
756,30.2 ,2.99282e-10 ,0 
757,30.24 ,3.27794e-10 ,0 
758,30.28 ,3.59032e-10 ,0 
759,30.32 ,3.93256e-10 ,0 
760,30.36 ,4.30753e-10 ,0 
761,30.4 ,4.71838e-10 ,0 
762,30.44 ,5.16854e-10 ,0 
763,30.48 ,5.66178e-10 ,0 
764,30.52 ,6.20225e-10 ,0 
765,30.56 ,6.79448e-10 ,0 
766,30.6 ,7.44344e-10 ,0 
767,30.64 ,8.15459e-10 ,0 
768,30.68 ,8.93389e-10 ,0 
769,30.72 ,9.78791e-10 ,0 
770,30.76 ,1.07238e-09 ,0 
771,30.8 ,1.17495e-09 ,0 
772,30.84 ,1.28736e-09 ,0 
773,30.88 ,1.41056e-09 ,0 
774,30.92 ,1.54558e-09 ,0 
775,30.96 ,1.69357e-09 ,0 
776,31 ,1.85578e-09 ,0 
777,31.04 ,2.03357e-09 ,0 
778,31.08 ,2.22844e-09 ,0 
779,31.12 ,2.44204e-09 ,0 
780,31.16 ,2.67619e-09 ,0 
781,31.2 ,2.93285e-09 ,0 
782,31.24 ,3.2142e-09 ,0 
783,31.28 ,3.52262e-09 ,0 
784,31.32 ,3.86073e-09 ,0 
785,31.36 ,4.23139e-09 ,0 
786,31.4 ,4.63774e-09 ,0 
787,31.44 ,5.08323e-09 ,0 
788,31.48 ,5.57164e-09 ,0 
789,31.52 ,6.10712e-09 ,0 
790,31.56 ,6.69421e-09 ,0 
791,31.6 ,7.33791e-09 ,0 
792,31.64 ,8.0437e-09 ,0 
793,31.68 ,8.81756e-09 ,0 
794,31.72 ,9.66609e-09 ,0 
795,31.76 ,1.05965e-08 ,0 
796,31.8 ,1.16168e-08 ,0 
797,31.84 ,1.27355e-08 ,0 
798,31.88 ,1.39624e-08 ,0 
799,31.92 ,1.53077e-08 ,0 
800,31.96 ,1.6783e-08 ,0 
801,32 ,1.8401e-08 ,0 
802,32.04 ,2.01753e-08 ,0 
803,32.08 ,2.21213e-08 ,0 
804,32.12 ,2.42555e-08 ,0 
805,32.16 ,2.65961e-08 ,0 
806,32.2 ,2.91633e-08 ,0 
807,32.24 ,3.19789e-08 ,0 
808,32.28 ,3.50672e-08 ,0 
809,32.32 ,3.84545e-08 ,0 
810,32.36 ,4.21699e-08 ,0 
811,32.4 ,4.62453e-08 ,0 
812,32.44 ,5.07156e-08 ,0 
813,32.48 ,5.56193e-08 ,0 
814,32.52 ,6.09984e-08 ,0 
815,32.56 ,6.68992e-08 ,0 
816,32.6 ,7.33723e-08 ,0 
817,32.64 ,8.04734e-08 ,0 
818,32.68 ,8.82637e-08 ,0 
819,32.72 ,9.68102e-08 ,0 
820,32.76 ,1.06186e-07 ,0 
821,32.8 ,1.16473e-07 ,0 
822,32.84 ,1.27759e-07 ,0 
823,32.88 ,1.40142e-07 ,0 
824,32.92 ,1.53728e-07 ,0 
825,32.96 ,1.68634e-07 ,0 
826,33 ,1.8499e-07 ,0 
827,33.04 ,2.02936e-07 ,0 
828,33.08 ,2.22627e-07 ,0 
829,33.12 ,2.44235e-07 ,0 
830,33.16 ,2.67945e-07 ,0 
831,33.2 ,2.93963e-07 ,0 
832,33.24 ,3.22513e-07 ,0 
833,33.28 ,3.53844e-07 ,0 
834,33.32 ,3.88227e-07 ,0 
835,33.36 ,4.25959e-07 ,0 
836,33.4 ,4.67367e-07 ,0 
837,33.44 ,5.12811e-07 ,0 
838,33.48 ,5.62685e-07 ,0 
839,33.52 ,6.17422e-07 ,0 
840,33.56 ,6.77497e-07 ,0 
841,33.6 ,7.43433e-07 ,0 
842,33.64 ,8.15801e-07 ,0 
843,33.68 ,8.95232e-07 ,0 
844,33.72 ,9.82415e-07 ,0 
845,33.76 ,1.07811e-06 ,0 
846,33.8 ,1.18315e-06 ,0 
847,33.84 ,1.29845e-06 ,0 
848,33.88 ,1.42501e-06 ,0 
849,33.92 ,1.56395e-06 ,0 
850,33.96 ,1.71645e-06 ,0 
851,34 ,1.88387e-06 ,0 
852,34.04 ,2.06766e-06 ,0 
853,34.08 ,2.26942e-06 ,0 
854,34.12 ,2.49091e-06 ,0 
855,34.16 ,2.73408e-06 ,0 
856,34.2 ,3.00104e-06 ,0 
857,34.24 ,3.29413e-06 ,0 
858,34.28 ,3.61592e-06 ,0 
859,34.32 ,3.96921e-06 ,0 
860,34.36 ,4.3571e-06 ,0 
861,34.4 ,4.78299e-06 ,0 
862,34.44 ,5.25061e-06 ,0 
863,34.48 ,5.76405e-06 ,0 
864,34.52 ,6.32782e-06 ,0 
865,34.56 ,6.94686e-06 ,0 
866,34.6 ,7.6266e-06 ,0 
867,34.64 ,8.37301e-06 ,0 
868,34.68 ,9.19264e-06 ,0 
869,34.72 ,1.00927e-05 ,0 
870,34.76 ,1.10811e-05 ,0 
871,34.8 ,1.21665e-05 ,0 
872,34.84 ,1.33584e-05 ,0 
873,34.88 ,1.46674e-05 ,0 
874,34.92 ,1.6105e-05 ,0 
875,34.96 ,1.76838e-05 ,0 
876,35 ,1.94177e-05 ,0 
877,35.04 ,2.1322e-05 ,0 
878,35.08 ,2.34134e-05 ,0 
879,35.12 ,2.57105e-05 ,0 
880,35.16 ,2.82335e-05 ,0 
881,35.2 ,3.10046e-05 ,0 
882,35.24 ,3.40483e-05 ,0 
883,35.28 ,3.73915e-05 ,0 
884,35.32 ,4.10636e-05 ,0 
885,35.36 ,4.50972e-05 ,0 
886,35.4 ,4.95279e-05 ,0 
887,35.44 ,5.43948e-05 ,0 
888,35.48 ,5.97411e-05 ,0 
889,35.52 ,6.5614e-05 ,0 
890,35.56 ,7.20654e-05 ,0 
891,35.6 ,7.91526e-05 ,0 
892,35.64 ,8.69383e-05 ,0 
893,35.68 ,9.54915e-05 ,0 
894,35.72 ,0.000104888 ,0 
895,35.76 ,0.000115211 ,0 
896,35.8 ,0.000126552 ,0 
897,35.84 ,0.000139012 ,0 
898,35.88 ,0.000152702 ,0 
899,35.92 ,0.000167742 ,0 
900,35.96 ,0.000184268 ,0 
901,36 ,0.000202424 ,0 
902,36.04 ,0.000222373 ,0 
903,36.08 ,0.000244293 ,0 
904,36.12 ,0.000268378 ,0 
905,36.16 ,0.000294842 ,0 
906,36.2 ,0.000323921 ,0 
907,36.24 ,0.000355874 ,0 
908,36.28 ,0.000390986 ,0 
909,36.32 ,0.000429569 ,0 
910,36.36 ,0.000471968 ,0 
911,36.4 ,0.00051856 ,0 
912,36.44 ,0.000569761 ,0 
913,36.48 ,0.000626027 ,0 
914,36.52 ,0.000687862 ,0 
915,36.56 ,0.000755817 ,0 
916,36.6 ,0.000830499 ,0 
917,36.64 ,0.000912575 ,0 
918,36.68 ,0.00100278 ,0 
919,36.72 ,0.00110192 ,0 
920,36.76 ,0.00121088 ,0 
921,36.8 ,0.00133063 ,0 
922,36.84 ,0.00146225 ,0 
923,36.88 ,0.00160692 ,0 
924,36.92 ,0.00176593 ,0 
925,36.96 ,0.00194071 ,0 
926,37 ,0.00213281 ,0 
927,37.04 ,0.00234397 ,0 
928,37.08 ,0.00257608 ,0 
929,37.12 ,0.00283122 ,0 
930,37.16 ,0.00311167 ,0 
931,37.2 ,0.00341997 ,0 
932,37.24 ,0.00375886 ,0 
933,37.28 ,0.00413141 ,0 
934,37.32 ,0.00454094 ,0 
935,37.36 ,0.00499116 ,0 
936,37.4 ,0.00548609 ,0 
937,37.44 ,0.0060302 ,0 
938,37.48 ,0.00662838 ,0 
939,37.52 ,0.00728601 ,0 
940,37.56 ,0.00800901 ,0 
941,37.6 ,0.0088039 ,0 
942,37.64 ,0.00967782 ,0 
943,37.68 ,0.0106387 ,0 
944,37.72 ,0.0116951 ,0 
945,37.76 ,0.0128566 ,0 
946,37.8 ,0.0141337 ,0 
947,37.84 ,0.0155378 ,0 
948,37.88 ,0.0170818 ,0 
949,37.92 ,0.0187794 ,0 
950,37.96 ,0.0206461 ,0 
951,38 ,0.0226987 ,0 
952,38.04 ,0.0249557 ,0 
953,38.08 ,0.0274376 ,0 
954,38.12 ,0.0301667 ,0 
955,38.16 ,0.0331678 ,0 
956,38.2 ,0.036468 ,0 
957,38.24 ,0.0400971 ,0 
958,38.28 ,0.0440881 ,0 
959,38.32 ,0.048477 ,0 
960,38.36 ,0.0533037 ,0 
961,38.4 ,0.0586118 ,0 
962,38.44 ,0.0644494 ,0 
963,38.48 ,0.0708695 ,0 
964,38.52 ,0.0779302 ,0 
965,38.56 ,0.0856957 ,0 
966,38.6 ,0.0942364 ,0 
967,38.64 ,0.10363 ,0 
968,38.68 ,0.113961 ,0 
969,38.72 ,0.125324 ,0 
970,38.76 ,0.137823 ,0 
971,38.8 ,0.151569 ,0 
972,38.84 ,0.16669 ,0 
973,38.88 ,0.183321 ,0 
974,38.92 ,0.201615 ,0 
975,38.96 ,0.221738 ,0 
976,39 ,0.243872 ,0 
977,39.04 ,0.26822 ,0 
978,39.08 ,0.295002 ,0 
979,39.12 ,0.324464 ,0 
980,39.16 ,0.356873 ,0 
981,39.2 ,0.392525 ,0 
982,39.24 ,0.431745 ,0 
983,39.28 ,0.47489 ,0 
984,39.32 ,0.522353 ,0 
985,39.36 ,0.574569 ,0 
986,39.4 ,0.632014 ,0 
987,39.44 ,0.695211 ,0 
988,39.48 ,0.764738 ,0 
989,39.52 ,0.841231 ,0 
990,39.56 ,0.925387 ,0 
991,39.6 ,1.01798 ,0 
992,39.64 ,1.11985 ,0 
993,39.68 ,1.23193 ,0 
994,39.72 ,1.35524 ,0 
995,39.76 ,1.49092 ,0 
996,39.8 ,1.64021 ,0 
997,39.84 ,1.80447 ,0 
998,39.88 ,1.98521 ,0 
999,39.92 ,2.18408 ,0 
1000,39.96 ,2.4029 ,0 