
1,0 ,0 ,0 
2,0.04 ,0 ,0 
3,0.08 ,0 ,0 
4,0.12 ,3.11242e-12 ,0 
5,0.16 ,7.32017e-12 ,0 
6,0.2 ,1.42628e-11 ,0 
7,0.24 ,2.46076e-11 ,0 
8,0.28 ,3.90177e-11 ,0 
9,0.32 ,5.81488e-11 ,0 
10,0.36 ,8.26469e-11 ,0 
11,0.4 ,1.13147e-10 ,0 
12,0.44 ,1.50274e-10 ,0 
13,0.48 ,1.94635e-10 ,0 
14,0.52 ,2.46826e-10 ,0 
15,0.56 ,3.07425e-10 ,0 
16,0.6 ,3.76995e-10 ,0 
17,0.64 ,4.56078e-10 ,0 
18,0.68 ,5.45197e-10 ,0 
19,0.72 ,6.44857e-10 ,0 
20,0.76 ,7.55538e-10 ,0 
21,0.8 ,8.77701e-10 ,0 
22,0.84 ,1.01178e-09 ,0 
23,0.88 ,1.15819e-09 ,0 
24,0.92 ,1.31731e-09 ,0 
25,0.96 ,1.4895e-09 ,0 
26,1 ,1.67511e-09 ,0 
27,1.04 ,1.87443e-09 ,0 
28,1.08 ,2.08774e-09 ,0 
29,1.12 ,2.31529e-09 ,0 
30,1.16 ,2.55731e-09 ,0 
31,1.2 ,2.81399e-09 ,0 
32,1.24 ,3.08549e-09 ,0 
33,1.28 ,3.37193e-09 ,0 
34,1.32 ,3.67343e-09 ,0 
35,1.36 ,3.99006e-09 ,0 
36,1.4 ,4.32185e-09 ,0 
37,1.44 ,4.66882e-09 ,0 
38,1.48 ,5.03094e-09 ,0 
39,1.52 ,5.40817e-09 ,0 
40,1.56 ,5.80042e-09 ,0 
41,1.6 ,6.20758e-09 ,0 
42,1.64 ,6.62952e-09 ,0 
43,1.68 ,7.06605e-09 ,0 
44,1.72 ,7.51699e-09 ,0 
45,1.76 ,7.98209e-09 ,0 
46,1.8 ,8.46111e-09 ,0 
47,1.84 ,8.95376e-09 ,0 
48,1.88 ,9.45971e-09 ,0 
49,1.92 ,9.97865e-09 ,0 
50,1.96 ,1.05102e-08 ,0 
51,2 ,1.10539e-08 ,0 
52,2.04 ,1.16095e-08 ,0 
53,2.08 ,1.21764e-08 ,0 
54,2.12 ,1.27543e-08 ,0 
55,2.16 ,1.33425e-08 ,0 
56,2.2 ,1.39407e-08 ,0 
57,2.24 ,1.45482e-08 ,0 
58,2.28 ,1.51646e-08 ,0 
59,2.32 ,1.57893e-08 ,0 
60,2.36 ,1.64216e-08 ,0 
61,2.4 ,1.70611e-08 ,0 
62,2.44 ,1.77071e-08 ,0 
63,2.48 ,1.83589e-08 ,0 
64,2.52 ,1.9016e-08 ,0 
65,2.56 ,1.96777e-08 ,0 
66,2.6 ,2.03433e-08 ,0 
67,2.64 ,2.10122e-08 ,0 
68,2.68 ,2.16837e-08 ,0 
69,2.72 ,2.23571e-08 ,0 
70,2.76 ,2.30317e-08 ,0 
71,2.8 ,2.37069e-08 ,0 
72,2.84 ,2.43819e-08 ,0 
73,2.88 ,2.50561e-08 ,0 
74,2.92 ,2.57287e-08 ,0 
75,2.96 ,2.63991e-08 ,0 
76,3 ,2.70666e-08 ,0 
77,3.04 ,2.77304e-08 ,0 
78,3.08 ,2.83899e-08 ,0 
79,3.12 ,2.90445e-08 ,0 
80,3.16 ,2.96934e-08 ,0 
81,3.2 ,3.0336e-08 ,0 
82,3.24 ,3.09716e-08 ,0 
83,3.28 ,3.15996e-08 ,0 
84,3.32 ,3.22193e-08 ,0 
85,3.36 ,3.28301e-08 ,0 
86,3.4 ,3.34314e-08 ,0 
87,3.44 ,3.40226e-08 ,0 
88,3.48 ,3.46031e-08 ,0 
89,3.52 ,3.51723e-08 ,0 
90,3.56 ,3.57298e-08 ,0 
91,3.6 ,3.62748e-08 ,0 
92,3.64 ,3.6807e-08 ,0 
93,3.68 ,3.73258e-08 ,0 
94,3.72 ,3.78307e-08 ,0 
95,3.76 ,3.83212e-08 ,0 
96,3.8 ,3.8797e-08 ,0 
97,3.84 ,3.92576e-08 ,0 
98,3.88 ,3.97026e-08 ,0 
99,3.92 ,4.01315e-08 ,0 
100,3.96 ,4.05441e-08 ,0 
101,4 ,4.094e-08 ,0 
102,4.04 ,4.13189e-08 ,0 
103,4.08 ,4.16805e-08 ,0 
104,4.12 ,4.20244e-08 ,0 
105,4.16 ,4.23505e-08 ,0 
106,4.2 ,4.26586e-08 ,0 
107,4.24 ,4.29484e-08 ,0 
108,4.28 ,4.32197e-08 ,0 
109,4.32 ,4.34725e-08 ,0 
110,4.36 ,4.37064e-08 ,0 
111,4.4 ,4.39216e-08 ,0 
112,4.44 ,4.41177e-08 ,0 
113,4.48 ,4.42949e-08 ,0 
114,4.52 ,4.4453e-08 ,0 
115,4.56 ,4.45921e-08 ,0 
116,4.6 ,4.4712e-08 ,0 
117,4.64 ,4.4813e-08 ,0 
118,4.68 ,4.48949e-08 ,0 
119,4.72 ,4.49579e-08 ,0 
120,4.76 ,4.5002e-08 ,0 
121,4.8 ,4.50273e-08 ,0 
122,4.84 ,4.50341e-08 ,0 
123,4.88 ,4.50224e-08 ,0 
124,4.92 ,4.49924e-08 ,0 
125,4.96 ,4.49442e-08 ,0 
126,5 ,4.48781e-08 ,0 
127,5.04 ,4.47943e-08 ,0 
128,5.08 ,4.46931e-08 ,0 
129,5.12 ,4.45746e-08 ,0 
130,5.16 ,4.44392e-08 ,0 
131,5.2 ,4.42871e-08 ,0 
132,5.24 ,4.41186e-08 ,0 
133,5.28 ,4.39341e-08 ,0 
134,5.32 ,4.37338e-08 ,0 
135,5.36 ,4.35181e-08 ,0 
136,5.4 ,4.32873e-08 ,0 
137,5.44 ,4.30419e-08 ,0 
138,5.48 ,4.27821e-08 ,0 
139,5.52 ,4.25083e-08 ,0 
140,5.56 ,4.2221e-08 ,0 
141,5.6 ,4.19205e-08 ,0 
142,5.64 ,4.16073e-08 ,0 
143,5.68 ,4.12816e-08 ,0 
144,5.72 ,4.0944e-08 ,0 
145,5.76 ,4.05949e-08 ,0 
146,5.8 ,4.02346e-08 ,0 
147,5.84 ,3.98637e-08 ,0 
148,5.88 ,3.94826e-08 ,0 
149,5.92 ,3.90916e-08 ,0 
150,5.96 ,3.86912e-08 ,0 
151,6 ,3.82819e-08 ,0 
152,6.04 ,3.78642e-08 ,0 
153,6.08 ,3.74383e-08 ,0 
154,6.12 ,3.70049e-08 ,0 
155,6.16 ,3.65642e-08 ,0 
156,6.2 ,3.61168e-08 ,0 
157,6.24 ,3.56632e-08 ,0 
158,6.28 ,3.52036e-08 ,0 
159,6.32 ,3.47386e-08 ,0 
160,6.36 ,3.42686e-08 ,0 
161,6.4 ,3.3794e-08 ,0 
162,6.44 ,3.33152e-08 ,0 
163,6.48 ,3.28327e-08 ,0 
164,6.52 ,3.23468e-08 ,0 
165,6.56 ,3.1858e-08 ,0 
166,6.6 ,3.13666e-08 ,0 
167,6.64 ,3.0873e-08 ,0 
168,6.68 ,3.03777e-08 ,0 
169,6.72 ,2.9881e-08 ,0 
170,6.76 ,2.93832e-08 ,0 
171,6.8 ,2.88848e-08 ,0 
172,6.84 ,2.8386e-08 ,0 
173,6.88 ,2.78873e-08 ,0 
174,6.92 ,2.73889e-08 ,0 
175,6.96 ,2.68912e-08 ,0 
176,7 ,2.63945e-08 ,0 
177,7.04 ,2.58992e-08 ,0 
178,7.08 ,2.54054e-08 ,0 
179,7.12 ,2.49136e-08 ,0 
180,7.16 ,2.4424e-08 ,0 
181,7.2 ,2.39368e-08 ,0 
182,7.24 ,2.34523e-08 ,0 
183,7.28 ,2.29709e-08 ,0 
184,7.32 ,2.24927e-08 ,0 
185,7.36 ,2.20179e-08 ,0 
186,7.4 ,2.15468e-08 ,0 
187,7.44 ,2.10797e-08 ,0 
188,7.48 ,2.06166e-08 ,0 
189,7.52 ,2.01579e-08 ,0 
190,7.56 ,1.97036e-08 ,0 
191,7.6 ,1.9254e-08 ,0 
192,7.64 ,1.88092e-08 ,0 
193,7.68 ,1.83695e-08 ,0 
194,7.72 ,1.79349e-08 ,0 
195,7.76 ,1.75055e-08 ,0 
196,7.8 ,1.70816e-08 ,0 
197,7.84 ,1.66632e-08 ,0 
198,7.88 ,1.62504e-08 ,0 
199,7.92 ,1.58434e-08 ,0 
200,7.96 ,1.54423e-08 ,0 
201,8 ,1.5047e-08 ,0 
202,8.04 ,1.46578e-08 ,0 
203,8.08 ,1.42747e-08 ,0 
204,8.12 ,1.38977e-08 ,0 
205,8.16 ,1.35269e-08 ,0 
206,8.2 ,1.31624e-08 ,0 
207,8.24 ,1.28041e-08 ,0 
208,8.28 ,1.24522e-08 ,0 
209,8.32 ,1.21066e-08 ,0 
210,8.36 ,1.17673e-08 ,0 
211,8.4 ,1.14345e-08 ,0 
212,8.44 ,1.1108e-08 ,0 
213,8.48 ,1.07879e-08 ,0 
214,8.52 ,1.04742e-08 ,0 
215,8.56 ,1.01669e-08 ,0 
216,8.6 ,9.86591e-09 ,0 
217,8.64 ,9.57127e-09 ,0 
218,8.68 ,9.28292e-09 ,0 
219,8.72 ,9.00086e-09 ,0 
220,8.76 ,8.72502e-09 ,0 
221,8.8 ,8.45539e-09 ,0 
222,8.84 ,8.19191e-09 ,0 
223,8.88 ,7.93453e-09 ,0 
224,8.92 ,7.68321e-09 ,0 
225,8.96 ,7.43788e-09 ,0 
226,9 ,7.19849e-09 ,0 
227,9.04 ,6.96497e-09 ,0 
228,9.08 ,6.73726e-09 ,0 
229,9.12 ,6.51529e-09 ,0 
230,9.16 ,6.299e-09 ,0 
231,9.2 ,6.0883e-09 ,0 
232,9.24 ,5.88312e-09 ,0 
233,9.28 ,5.68338e-09 ,0 
234,9.32 ,5.48901e-09 ,0 
235,9.36 ,5.29993e-09 ,0 
236,9.4 ,5.11604e-09 ,0 
237,9.44 ,4.93728e-09 ,0 
238,9.48 ,4.76354e-09 ,0 
239,9.52 ,4.59475e-09 ,0 
240,9.56 ,4.43082e-09 ,0 
241,9.6 ,4.27166e-09 ,0 
242,9.64 ,4.11718e-09 ,0 
243,9.68 ,3.96729e-09 ,0 
244,9.72 ,3.8219e-09 ,0 
245,9.76 ,3.68093e-09 ,0 
246,9.8 ,3.54428e-09 ,0 
247,9.84 ,3.41186e-09 ,0 
248,9.88 ,3.28358e-09 ,0 
249,9.92 ,3.15935e-09 ,0 
250,9.96 ,3.03909e-09 ,0 
251,10 ,2.9227e-09 ,0 
252,10.04 ,2.81009e-09 ,0 
253,10.08 ,2.70117e-09 ,0 
254,10.12 ,2.59586e-09 ,0 
255,10.16 ,2.49408e-09 ,0 
256,10.2 ,2.39572e-09 ,0 
257,10.24 ,2.30071e-09 ,0 
258,10.28 ,2.20897e-09 ,0 
259,10.32 ,2.1204e-09 ,0 
260,10.36 ,2.03493e-09 ,0 
261,10.4 ,1.95247e-09 ,0 
262,10.44 ,1.87295e-09 ,0 
263,10.48 ,1.79627e-09 ,0 
264,10.52 ,1.72237e-09 ,0 
265,10.56 ,1.65115e-09 ,0 
266,10.6 ,1.58255e-09 ,0 
267,10.64 ,1.51649e-09 ,0 
268,10.68 ,1.45289e-09 ,0 
269,10.72 ,1.39167e-09 ,0 
270,10.76 ,1.33277e-09 ,0 
271,10.8 ,1.2761e-09 ,0 
272,10.84 ,1.22161e-09 ,0 
273,10.88 ,1.16922e-09 ,0 
274,10.92 ,1.11885e-09 ,0 
275,10.96 ,1.07046e-09 ,0 
276,11 ,1.02396e-09 ,0 
277,11.04 ,9.79306e-10 ,0 
278,11.08 ,9.36424e-10 ,0 
279,11.12 ,8.95256e-10 ,0 
280,11.16 ,8.55744e-10 ,0 
281,11.2 ,8.17829e-10 ,0 
282,11.24 ,7.81456e-10 ,0 
283,11.28 ,7.46571e-10 ,0 
284,11.32 ,7.13118e-10 ,0 
285,11.36 ,6.81048e-10 ,0 
286,11.4 ,6.50309e-10 ,0 
287,11.44 ,6.20854e-10 ,0 
288,11.48 ,5.92633e-10 ,0 
289,11.52 ,5.65602e-10 ,0 
290,11.56 ,5.39715e-10 ,0 
291,11.6 ,5.1493e-10 ,0 
292,11.64 ,4.91204e-10 ,0 
293,11.68 ,4.68497e-10 ,0 
294,11.72 ,4.46769e-10 ,0 
295,11.76 ,4.25982e-10 ,0 
296,11.8 ,4.061e-10 ,0 
297,11.84 ,3.87086e-10 ,0 
298,11.88 ,3.68906e-10 ,0 
299,11.92 ,3.51528e-10 ,0 
300,11.96 ,3.34918e-10 ,0 
301,12 ,3.19045e-10 ,0 
302,12.04 ,3.03881e-10 ,0 
303,12.08 ,2.89395e-10 ,0 
304,12.12 ,2.7556e-10 ,0 
305,12.16 ,2.62349e-10 ,0 
306,12.2 ,2.49736e-10 ,0 
307,12.24 ,2.37696e-10 ,0 
308,12.28 ,2.26205e-10 ,0 
309,12.32 ,2.15239e-10 ,0 
310,12.36 ,2.04778e-10 ,0 
311,12.4 ,1.94798e-10 ,0 
312,12.44 ,1.8528e-10 ,0 
313,12.48 ,1.76204e-10 ,0 
314,12.52 ,1.6755e-10 ,0 
315,12.56 ,1.593e-10 ,0 
316,12.6 ,1.51437e-10 ,0 
317,12.64 ,1.43943e-10 ,0 
318,12.68 ,1.36802e-10 ,0 
319,12.72 ,1.3e-10 ,0 
320,12.76 ,1.2352e-10 ,0 
321,12.8 ,1.17348e-10 ,0 
322,12.84 ,1.11471e-10 ,0 
323,12.88 ,1.05876e-10 ,0 
324,12.92 ,1.00549e-10 ,0 
325,12.96 ,9.54781e-11 ,0 
326,13 ,9.06524e-11 ,0 
327,13.04 ,8.60604e-11 ,0 
328,13.08 ,8.16913e-11 ,0 
329,13.12 ,7.7535e-11 ,0 
330,13.16 ,7.35816e-11 ,0 
331,13.2 ,6.98217e-11 ,0 
332,13.24 ,6.62464e-11 ,0 
333,13.28 ,6.2847e-11 ,0 
334,13.32 ,5.96154e-11 ,0 
335,13.36 ,5.65436e-11 ,0 
336,13.4 ,5.36241e-11 ,0 
337,13.44 ,5.08498e-11 ,0 
338,13.48 ,4.82138e-11 ,0 
339,13.52 ,4.57094e-11 ,0 
340,13.56 ,4.33305e-11 ,0 
341,13.6 ,4.10709e-11 ,0 
342,13.64 ,3.89251e-11 ,0 
343,13.68 ,3.68875e-11 ,0 
344,13.72 ,3.4953e-11 ,0 
345,13.76 ,3.31164e-11 ,0 
346,13.8 ,3.13731e-11 ,0 
347,13.84 ,2.97186e-11 ,0 
348,13.88 ,2.81484e-11 ,0 
349,13.92 ,2.66585e-11 ,0 
350,13.96 ,2.5245e-11 ,0 
351,14 ,2.3904e-11 ,0 
352,14.04 ,2.2632e-11 ,0 
353,14.08 ,2.14257e-11 ,0 
354,14.12 ,2.02816e-11 ,0 
355,14.16 ,1.91968e-11 ,0 
356,14.2 ,1.81682e-11 ,0 
357,14.24 ,1.71932e-11 ,0 
358,14.28 ,1.62689e-11 ,0 
359,14.32 ,1.53929e-11 ,0 
360,14.36 ,1.45627e-11 ,0 
361,14.4 ,1.37759e-11 ,0 
362,14.44 ,1.30305e-11 ,0 
363,14.48 ,1.23243e-11 ,0 
364,14.52 ,1.16553e-11 ,0 
365,14.56 ,1.10217e-11 ,0 
366,14.6 ,1.04215e-11 ,0 
367,14.64 ,9.85317e-12 ,0 
368,14.68 ,9.31499e-12 ,0 
369,14.72 ,8.80544e-12 ,0 
370,14.76 ,8.32303e-12 ,0 
371,14.8 ,7.86637e-12 ,0 
372,14.84 ,7.43413e-12 ,0 
373,14.88 ,7.02504e-12 ,0 
374,14.92 ,6.6379e-12 ,0 
375,14.96 ,6.27156e-12 ,0 
376,15 ,5.92495e-12 ,0 
377,15.04 ,5.59702e-12 ,0 
378,15.08 ,5.28681e-12 ,0 
379,15.12 ,4.99338e-12 ,0 
380,15.16 ,4.71585e-12 ,0 
381,15.2 ,4.45338e-12 ,0 
382,15.24 ,4.20519e-12 ,0 
383,15.28 ,3.9705e-12 ,0 
384,15.32 ,3.74862e-12 ,0 
385,15.36 ,3.53886e-12 ,0 
386,15.4 ,3.34057e-12 ,0 
387,15.44 ,3.15314e-12 ,0 
388,15.48 ,2.976e-12 ,0 
389,15.52 ,2.8086e-12 ,0 
390,15.56 ,2.6504e-12 ,0 
391,15.6 ,2.50093e-12 ,0 
392,15.64 ,2.35971e-12 ,0 
393,15.68 ,2.2263e-12 ,0 
394,15.72 ,2.10027e-12 ,0 
395,15.76 ,1.98123e-12 ,0 
396,15.8 ,1.86879e-12 ,0 
397,15.84 ,1.76261e-12 ,0 
398,15.88 ,1.66234e-12 ,0 
399,15.92 ,1.56766e-12 ,0 
400,15.96 ,1.47827e-12 ,0 
401,16 ,1.39387e-12 ,0 
402,16.04 ,1.3142e-12 ,0 
403,16.08 ,1.239e-12 ,0 
404,16.12 ,1.16801e-12 ,0 
405,16.16 ,1.10102e-12 ,0 
406,16.2 ,1.03779e-12 ,0 
407,16.24 ,9.78132e-13 ,0 
408,16.28 ,9.21838e-13 ,0 
409,16.32 ,8.68724e-13 ,0 
410,16.36 ,8.18614e-13 ,0 
411,16.4 ,7.71343e-13 ,0 
412,16.44 ,7.26753e-13 ,0 
413,16.48 ,6.84694e-13 ,0 
414,16.52 ,6.45027e-13 ,0 
415,16.56 ,6.07618e-13 ,0 
416,16.6 ,5.72341e-13 ,0 
417,16.64 ,5.39077e-13 ,0 
418,16.68 ,5.07713e-13 ,0 
419,16.72 ,4.78143e-13 ,0 
420,16.76 ,4.50267e-13 ,0 
421,16.8 ,4.23989e-13 ,0 
422,16.84 ,3.99219e-13 ,0 
423,16.88 ,3.75873e-13 ,0 
424,16.92 ,3.5387e-13 ,0 
425,16.96 ,3.33134e-13 ,0 
426,17 ,3.13594e-13 ,0 
427,17.04 ,2.95182e-13 ,0 
428,17.08 ,2.77834e-13 ,0 
429,17.12 ,2.6149e-13 ,0 
430,17.16 ,2.46092e-13 ,0 
431,17.2 ,2.31588e-13 ,0 
432,17.24 ,2.17925e-13 ,0 
433,17.28 ,2.05057e-13 ,0 
434,17.32 ,1.92937e-13 ,0 
435,17.36 ,1.81523e-13 ,0 
436,17.4 ,1.70774e-13 ,0 
437,17.44 ,1.60653e-13 ,0 
438,17.48 ,1.51123e-13 ,0 
439,17.52 ,1.42151e-13 ,0 
440,17.56 ,1.33704e-13 ,0 
441,17.6 ,1.25752e-13 ,0 
442,17.64 ,1.18267e-13 ,0 
443,17.68 ,1.11221e-13 ,0 
444,17.72 ,1.0459e-13 ,0 
445,17.76 ,9.8349e-14 ,0 
446,17.8 ,9.24759e-14 ,0 
447,17.84 ,8.69492e-14 ,0 
448,17.88 ,8.17489e-14 ,0 
449,17.92 ,7.68561e-14 ,0 
450,17.96 ,7.22528e-14 ,0 
451,18 ,6.79223e-14 ,0 
452,18.04 ,6.38487e-14 ,0 
453,18.08 ,6.0017e-14 ,0 
454,18.12 ,5.64131e-14 ,0 
455,18.16 ,5.30237e-14 ,0 
456,18.2 ,4.98363e-14 ,0 
457,18.24 ,4.68391e-14 ,0 
458,18.28 ,4.4021e-14 ,0 
459,18.32 ,4.13715e-14 ,0 
460,18.36 ,3.88808e-14 ,0 
461,18.4 ,3.65395e-14 ,0 
462,18.44 ,3.43388e-14 ,0 
463,18.48 ,3.22706e-14 ,0 
464,18.52 ,3.03271e-14 ,0 
465,18.56 ,2.8501e-14 ,0 
466,18.6 ,2.67853e-14 ,0 
467,18.64 ,2.51737e-14 ,0 
468,18.68 ,2.366e-14 ,0 
469,18.72 ,2.22385e-14 ,0 
470,18.76 ,2.09038e-14 ,0 
471,18.8 ,1.96508e-14 ,0 
472,18.84 ,1.84747e-14 ,0 
473,18.88 ,1.73711e-14 ,0 
474,18.92 ,1.63357e-14 ,0 
475,18.96 ,1.53647e-14 ,0 
476,19 ,1.44541e-14 ,0 
477,19.04 ,1.36007e-14 ,0 
478,19.08 ,1.2801e-14 ,0 
479,19.12 ,1.2052e-14 ,0 
480,19.16 ,1.13508e-14 ,0 
481,19.2 ,1.06947e-14 ,0 
482,19.24 ,1.00811e-14 ,0 
483,19.28 ,9.50771e-15 ,0 
484,19.32 ,8.97226e-15 ,0 
485,19.36 ,8.47267e-15 ,0 
486,19.4 ,8.00699e-15 ,0 
487,19.44 ,7.57341e-15 ,0 
488,19.48 ,7.17024e-15 ,0 
489,19.52 ,6.7959e-15 ,0 
490,19.56 ,6.44893e-15 ,0 
491,19.6 ,6.12796e-15 ,0 
492,19.64 ,5.83174e-15 ,0 
493,19.68 ,5.55911e-15 ,0 
494,19.72 ,5.30899e-15 ,0 
495,19.76 ,5.08041e-15 ,0 
496,19.8 ,4.87247e-15 ,0 
497,19.84 ,4.68435e-15 ,0 
498,19.88 ,4.51531e-15 ,0 
499,19.92 ,4.36469e-15 ,0 
500,19.96 ,4.2319e-15 ,0 
501,20 ,4.11643e-15 ,0 
502,20.04 ,4.01781e-15 ,0 
503,20.08 ,3.93568e-15 ,0 
504,20.12 ,3.86972e-15 ,0 
505,20.16 ,3.81967e-15 ,0 
506,20.2 ,3.78536e-15 ,0 
507,20.24 ,3.76666e-15 ,0 
508,20.28 ,3.76352e-15 ,0 
509,20.32 ,3.77594e-15 ,0 
510,20.36 ,3.804e-15 ,0 
511,20.4 ,3.84783e-15 ,0 
512,20.44 ,3.90764e-15 ,0 
513,20.48 ,3.9837e-15 ,0 
514,20.52 ,4.07634e-15 ,0 
515,20.56 ,4.18597e-15 ,0 
516,20.6 ,4.31308e-15 ,0 
517,20.64 ,4.45821e-15 ,0 
518,20.68 ,4.62199e-15 ,0 
519,20.72 ,4.80514e-15 ,0 
520,20.76 ,5.00845e-15 ,0 
521,20.8 ,5.2328e-15 ,0 
522,20.84 ,5.47915e-15 ,0 
523,20.88 ,5.74857e-15 ,0 
524,20.92 ,6.04224e-15 ,0 
525,20.96 ,6.3614e-15 ,0 
526,21 ,6.70746e-15 ,0 
527,21.04 ,7.0819e-15 ,0 
528,21.08 ,7.48634e-15 ,0 
529,21.12 ,7.92254e-15 ,0 
530,21.16 ,8.39238e-15 ,0 
531,21.2 ,8.89791e-15 ,0 
532,21.24 ,9.44132e-15 ,0 
533,21.28 ,1.0025e-14 ,0 
534,21.32 ,1.06514e-14 ,0 
535,21.36 ,1.13233e-14 ,0 
536,21.4 ,1.20437e-14 ,0 
537,21.44 ,1.28156e-14 ,0 
538,21.48 ,1.36425e-14 ,0 
539,21.52 ,1.45279e-14 ,0 
540,21.56 ,1.54758e-14 ,0 
541,21.6 ,1.64902e-14 ,0 
542,21.64 ,1.75757e-14 ,0 
543,21.68 ,1.87369e-14 ,0 
544,21.72 ,1.9979e-14 ,0 
545,21.76 ,2.13075e-14 ,0 
546,21.8 ,2.27281e-14 ,0 
547,21.84 ,2.42471e-14 ,0 
548,21.88 ,2.58713e-14 ,0 
549,21.92 ,2.76078e-14 ,0 
550,21.96 ,2.94642e-14 ,0 
551,22 ,3.14487e-14 ,0 
552,22.04 ,3.35703e-14 ,0 
553,22.08 ,3.58381e-14 ,0 
554,22.12 ,3.82624e-14 ,0 
555,22.16 ,4.08538e-14 ,0 
556,22.2 ,4.36238e-14 ,0 
557,22.24 ,4.65849e-14 ,0 
558,22.28 ,4.975e-14 ,0 
559,22.32 ,5.31335e-14 ,0 
560,22.36 ,5.67502e-14 ,0 
561,22.4 ,6.06165e-14 ,0 
562,22.44 ,6.47494e-14 ,0 
563,22.48 ,6.91676e-14 ,0 
564,22.52 ,7.38909e-14 ,0 
565,22.56 ,7.89402e-14 ,0 
566,22.6 ,8.43384e-14 ,0 
567,22.64 ,9.01096e-14 ,0 
568,22.68 ,9.62797e-14 ,0 
569,22.72 ,1.02877e-13 ,0 
570,22.76 ,1.0993e-13 ,0 
571,22.8 ,1.17471e-13 ,0 
572,22.84 ,1.25535e-13 ,0 
573,22.88 ,1.34157e-13 ,0 
574,22.92 ,1.43376e-13 ,0 
575,22.96 ,1.53235e-13 ,0 
576,23 ,1.63778e-13 ,0 
577,23.04 ,1.75052e-13 ,0 
578,23.08 ,1.87109e-13 ,0 
579,23.12 ,2.00003e-13 ,0 
580,23.16 ,2.13793e-13 ,0 
581,23.2 ,2.28542e-13 ,0 
582,23.24 ,2.44316e-13 ,0 
583,23.28 ,2.61188e-13 ,0 
584,23.32 ,2.79234e-13 ,0 
585,23.36 ,2.98537e-13 ,0 
586,23.4 ,3.19185e-13 ,0 
587,23.44 ,3.41272e-13 ,0 
588,23.48 ,3.64899e-13 ,0 
589,23.52 ,3.90174e-13 ,0 
590,23.56 ,4.17214e-13 ,0 
591,23.6 ,4.46142e-13 ,0 
592,23.64 ,4.7709e-13 ,0 
593,23.68 ,5.10201e-13 ,0 
594,23.72 ,5.45628e-13 ,0 
595,23.76 ,5.83532e-13 ,0 
596,23.8 ,6.2409e-13 ,0 
597,23.84 ,6.67486e-13 ,0 
598,23.88 ,7.13922e-13 ,0 
599,23.92 ,7.63612e-13 ,0 
600,23.96 ,8.16785e-13 ,0 
601,24 ,8.73688e-13 ,0 
602,24.04 ,9.34583e-13 ,0 
603,24.08 ,9.99752e-13 ,0 
604,24.12 ,1.0695e-12 ,0 
605,24.16 ,1.14414e-12 ,0 
606,24.2 ,1.22404e-12 ,0 
607,24.24 ,1.30954e-12 ,0 
608,24.28 ,1.40107e-12 ,0 
609,24.32 ,1.49903e-12 ,0 
610,24.36 ,1.60389e-12 ,0 
611,24.4 ,1.71614e-12 ,0 
612,24.44 ,1.8363e-12 ,0 
613,24.48 ,1.96492e-12 ,0 
614,24.52 ,2.10262e-12 ,0 
615,24.56 ,2.25003e-12 ,0 
616,24.6 ,2.40784e-12 ,0 
617,24.64 ,2.57679e-12 ,0 
618,24.68 ,2.75768e-12 ,0 
619,24.72 ,2.95135e-12 ,0 
620,24.76 ,3.15871e-12 ,0 
621,24.8 ,3.38073e-12 ,0 
622,24.84 ,3.61846e-12 ,0 
623,24.88 ,3.87302e-12 ,0 
624,24.92 ,4.1456e-12 ,0 
625,24.96 ,4.43748e-12 ,0 
626,25 ,4.75005e-12 ,0 
627,25.04 ,5.08477e-12 ,0 
628,25.08 ,5.44323e-12 ,0 
629,25.12 ,5.82712e-12 ,0 
630,25.16 ,6.23825e-12 ,0 
631,25.2 ,6.67857e-12 ,0 
632,25.24 ,7.15016e-12 ,0 
633,25.28 ,7.65526e-12 ,0 
634,25.32 ,8.19625e-12 ,0 
635,25.36 ,8.77572e-12 ,0 
636,25.4 ,9.3964e-12 ,0 
637,25.44 ,1.00612e-11 ,0 
638,25.48 ,1.07734e-11 ,0 
639,25.52 ,1.15363e-11 ,0 
640,25.56 ,1.23535e-11 ,0 
641,25.6 ,1.3229e-11 ,0 
642,25.64 ,1.41669e-11 ,0 
643,25.68 ,1.51716e-11 ,0 
644,25.72 ,1.62481e-11 ,0 
645,25.76 ,1.74013e-11 ,0 
646,25.8 ,1.86369e-11 ,0 
647,25.84 ,1.99608e-11 ,0 
648,25.88 ,2.13792e-11 ,0 
649,25.92 ,2.2899e-11 ,0 
650,25.96 ,2.45275e-11 ,0 
651,26 ,2.62724e-11 ,0 
652,26.04 ,2.81422e-11 ,0 
653,26.08 ,3.01458e-11 ,0 
654,26.12 ,3.22928e-11 ,0 
655,26.16 ,3.45937e-11 ,0 
656,26.2 ,3.70593e-11 ,0 
657,26.24 ,3.97017e-11 ,0 
658,26.28 ,4.25336e-11 ,0 
659,26.32 ,4.55686e-11 ,0 
660,26.36 ,4.88213e-11 ,0 
661,26.4 ,5.23074e-11 ,0 
662,26.44 ,5.60439e-11 ,0 
663,26.48 ,6.00487e-11 ,0 
664,26.52 ,6.43413e-11 ,0 
665,26.56 ,6.89423e-11 ,0 
666,26.6 ,7.38742e-11 ,0 
667,26.64 ,7.91607e-11 ,0 
668,26.68 ,8.48276e-11 ,0 
669,26.72 ,9.09023e-11 ,0 
670,26.76 ,9.74143e-11 ,0 
671,26.8 ,1.04395e-10 ,0 
672,26.84 ,1.11879e-10 ,0 
673,26.88 ,1.19902e-10 ,0 
674,26.92 ,1.28504e-10 ,0 
675,26.96 ,1.37726e-10 ,0 
676,27 ,1.47613e-10 ,0 
677,27.04 ,1.58213e-10 ,0 
678,27.08 ,1.69579e-10 ,0 
679,27.12 ,1.81765e-10 ,0 
680,27.16 ,1.94831e-10 ,0 
681,27.2 ,2.08841e-10 ,0 
682,27.24 ,2.23864e-10 ,0 
683,27.28 ,2.39973e-10 ,0 
684,27.32 ,2.57247e-10 ,0 
685,27.36 ,2.75771e-10 ,0 
686,27.4 ,2.95635e-10 ,0 
687,27.44 ,3.16937e-10 ,0 
688,27.48 ,3.39782e-10 ,0 
689,27.52 ,3.64281e-10 ,0 
690,27.56 ,3.90555e-10 ,0 
691,27.6 ,4.18734e-10 ,0 
692,27.64 ,4.48955e-10 ,0 
693,27.68 ,4.81368e-10 ,0 
694,27.72 ,5.16133e-10 ,0 
695,27.76 ,5.5342e-10 ,0 
696,27.8 ,5.93414e-10 ,0 
697,27.84 ,6.36312e-10 ,0 
698,27.88 ,6.82326e-10 ,0 
699,27.92 ,7.31683e-10 ,0 
700,27.96 ,7.84627e-10 ,0 
701,28 ,8.4142e-10 ,0 
702,28.04 ,9.02342e-10 ,0 
703,28.08 ,9.67697e-10 ,0 
704,28.12 ,1.03781e-09 ,0 
705,28.16 ,1.11302e-09 ,0 
706,28.2 ,1.19371e-09 ,0 
707,28.24 ,1.28027e-09 ,0 
708,28.28 ,1.37314e-09 ,0 
709,28.32 ,1.47278e-09 ,0 
710,28.36 ,1.57968e-09 ,0 
711,28.4 ,1.69438e-09 ,0 
712,28.44 ,1.81744e-09 ,0 
713,28.48 ,1.94948e-09 ,0 
714,28.52 ,2.09115e-09 ,0 
715,28.56 ,2.24317e-09 ,0 
716,28.6 ,2.40628e-09 ,0 
717,28.64 ,2.58131e-09 ,0 
718,28.68 ,2.76913e-09 ,0 
719,28.72 ,2.97067e-09 ,0 
720,28.76 ,3.18695e-09 ,0 
721,28.8 ,3.41903e-09 ,0 
722,28.84 ,3.6681e-09 ,0 
723,28.88 ,3.93538e-09 ,0 
724,28.92 ,4.22223e-09 ,0 
725,28.96 ,4.53007e-09 ,0 
726,29 ,4.86045e-09 ,0 
727,29.04 ,5.21503e-09 ,0 
728,29.08 ,5.59559e-09 ,0 
729,29.12 ,6.00403e-09 ,0 
730,29.16 ,6.44242e-09 ,0 
731,29.2 ,6.91295e-09 ,0 
732,29.24 ,7.41798e-09 ,0 
733,29.28 ,7.96007e-09 ,0 
734,29.32 ,8.54194e-09 ,0 
735,29.36 ,9.16651e-09 ,0 
736,29.4 ,9.83694e-09 ,0 
737,29.44 ,1.05566e-08 ,0 
738,29.48 ,1.13291e-08 ,0 
739,29.52 ,1.21584e-08 ,0 
740,29.56 ,1.30487e-08 ,0 
741,29.6 ,1.40044e-08 ,0 
742,29.64 ,1.50304e-08 ,0 
743,29.68 ,1.61318e-08 ,0 
744,29.72 ,1.73143e-08 ,0 
745,29.76 ,1.85838e-08 ,0 
746,29.8 ,1.99467e-08 ,0 
747,29.84 ,2.14101e-08 ,0 
748,29.88 ,2.29811e-08 ,0 
749,29.92 ,2.4668e-08 ,0 
750,29.96 ,2.64791e-08 ,0 
751,30 ,2.84237e-08 ,0 
752,30.04 ,3.05117e-08 ,0 
753,30.08 ,3.27537e-08 ,0 
754,30.12 ,3.5161e-08 ,0 
755,30.16 ,3.7746e-08 ,0 
756,30.2 ,4.05217e-08 ,0 
757,30.24 ,4.35024e-08 ,0 
758,30.28 ,4.67031e-08 ,0 
759,30.32 ,5.01402e-08 ,0 
760,30.36 ,5.38312e-08 ,0 
761,30.4 ,5.7795e-08 ,0 
762,30.44 ,6.20517e-08 ,0 
763,30.48 ,6.66231e-08 ,0 
764,30.52 ,7.15326e-08 ,0 
765,30.56 ,7.68051e-08 ,0 
766,30.6 ,8.24678e-08 ,0 
767,30.64 ,8.85495e-08 ,0 
768,30.68 ,9.50814e-08 ,0 
769,30.72 ,1.02097e-07 ,0 
770,30.76 ,1.09632e-07 ,0 
771,30.8 ,1.17725e-07 ,0 
772,30.84 ,1.26418e-07 ,0 
773,30.88 ,1.35755e-07 ,0 
774,30.92 ,1.45784e-07 ,0 
775,30.96 ,1.56556e-07 ,0 
776,31 ,1.68128e-07 ,0 
777,31.04 ,1.80557e-07 ,0 
778,31.08 ,1.9391e-07 ,0 
779,31.12 ,2.08253e-07 ,0 
780,31.16 ,2.2366e-07 ,0 
781,31.2 ,2.40212e-07 ,0 
782,31.24 ,2.57992e-07 ,0 
783,31.28 ,2.77094e-07 ,0 
784,31.32 ,2.97615e-07 ,0 
785,31.36 ,3.19661e-07 ,0 
786,31.4 ,3.43345e-07 ,0 
787,31.44 ,3.6879e-07 ,0 
788,31.48 ,3.96128e-07 ,0 
789,31.52 ,4.25499e-07 ,0 
790,31.56 ,4.57056e-07 ,0 
791,31.6 ,4.9096e-07 ,0 
792,31.64 ,5.27389e-07 ,0 
793,31.68 ,5.66529e-07 ,0 
794,31.72 ,6.08584e-07 ,0 
795,31.76 ,6.53772e-07 ,0 
796,31.8 ,7.02326e-07 ,0 
797,31.84 ,7.54498e-07 ,0 
798,31.88 ,8.10559e-07 ,0 
799,31.92 ,8.70799e-07 ,0 
800,31.96 ,9.35531e-07 ,0 
801,32 ,1.00509e-06 ,0 
802,32.04 ,1.07984e-06 ,0 
803,32.08 ,1.16017e-06 ,0 
804,32.12 ,1.24649e-06 ,0 
805,32.16 ,1.33925e-06 ,0 
806,32.2 ,1.43894e-06 ,0 
807,32.24 ,1.54608e-06 ,0 
808,32.28 ,1.66122e-06 ,0 
809,32.32 ,1.78496e-06 ,0 
810,32.36 ,1.91795e-06 ,0 
811,32.4 ,2.06087e-06 ,0 
812,32.44 ,2.21449e-06 ,0 
813,32.48 ,2.37959e-06 ,0 
814,32.52 ,2.55703e-06 ,0 
815,32.56 ,2.74776e-06 ,0 
816,32.6 ,2.95275e-06 ,0 
817,32.64 ,3.17308e-06 ,0 
818,32.68 ,3.40991e-06 ,0 
819,32.72 ,3.66447e-06 ,0 
820,32.76 ,3.93809e-06 ,0 
821,32.8 ,4.2322e-06 ,0 
822,32.84 ,4.54835e-06 ,0 
823,32.88 ,4.88819e-06 ,0 
824,32.92 ,5.2535e-06 ,0 
825,32.96 ,5.64619e-06 ,0 
826,33 ,6.06833e-06 ,0 
827,33.04 ,6.52212e-06 ,0 
828,33.08 ,7.00995e-06 ,0 
829,33.12 ,7.53439e-06 ,0 
830,33.16 ,8.09817e-06 ,0 
831,33.2 ,8.70427e-06 ,0 
832,33.24 ,9.35587e-06 ,0 
833,33.28 ,1.00564e-05 ,0 
834,33.32 ,1.08095e-05 ,0 
835,33.36 ,1.16192e-05 ,0 
836,33.4 ,1.24898e-05 ,0 
837,33.44 ,1.34257e-05 ,0 
838,33.48 ,1.4432e-05 ,0 
839,33.52 ,1.5514e-05 ,0 
840,33.56 ,1.66772e-05 ,0 
841,33.6 ,1.7928e-05 ,0 
842,33.64 ,1.92729e-05 ,0 
843,33.68 ,2.07189e-05 ,0 
844,33.72 ,2.22738e-05 ,0 
845,33.76 ,2.39456e-05 ,0 
846,33.8 ,2.57434e-05 ,0 
847,33.84 ,2.76764e-05 ,0 
848,33.88 ,2.97551e-05 ,0 
849,33.92 ,3.19903e-05 ,0 
850,33.96 ,3.43939e-05 ,0 
851,34 ,3.69786e-05 ,0 
852,34.04 ,3.97581e-05 ,0 
853,34.08 ,4.27471e-05 ,0 
854,34.12 ,4.59615e-05 ,0 
855,34.16 ,4.94182e-05 ,0 
856,34.2 ,5.31356e-05 ,0 
857,34.24 ,5.71335e-05 ,0 
858,34.28 ,6.1433e-05 ,0 
859,34.32 ,6.6057e-05 ,0 
860,34.36 ,7.103e-05 ,0 
861,34.4 ,7.63783e-05 ,0 
862,34.44 ,8.21306e-05 ,0 
863,34.48 ,8.83172e-05 ,0 
864,34.52 ,9.49711e-05 ,0 
865,34.56 ,0.000102128 ,0 
866,34.6 ,0.000109825 ,0 
867,34.64 ,0.000118104 ,0 
868,34.68 ,0.000127009 ,0 
869,34.72 ,0.000136587 ,0 
870,34.76 ,0.000146889 ,0 
871,34.8 ,0.000157971 ,0 
872,34.84 ,0.000169891 ,0 
873,34.88 ,0.000182712 ,0 
874,34.92 ,0.000196504 ,0 
875,34.96 ,0.00021134 ,0 
876,35 ,0.000227298 ,0 
877,35.04 ,0.000244465 ,0 
878,35.08 ,0.000262932 ,0 
879,35.12 ,0.000282797 ,0 
880,35.16 ,0.000304168 ,0 
881,35.2 ,0.000327157 ,0 
882,35.24 ,0.000351889 ,0 
883,35.28 ,0.000378495 ,0 
884,35.32 ,0.000407117 ,0 
885,35.36 ,0.00043791 ,0 
886,35.4 ,0.000471038 ,0 
887,35.44 ,0.000506679 ,0 
888,35.48 ,0.000545023 ,0 
889,35.52 ,0.000586276 ,0 
890,35.56 ,0.00063066 ,0 
891,35.6 ,0.000678413 ,0 
892,35.64 ,0.00072979 ,0 
893,35.68 ,0.000785068 ,0 
894,35.72 ,0.000844544 ,0 
895,35.76 ,0.000908536 ,0 
896,35.8 ,0.00097739 ,0 
897,35.84 ,0.00105147 ,0 
898,35.88 ,0.00113119 ,0 
899,35.92 ,0.00121696 ,0 
900,35.96 ,0.00130925 ,0 
901,36 ,0.00140856 ,0 
902,36.04 ,0.00151542 ,0 
903,36.08 ,0.00163041 ,0 
904,36.12 ,0.00175414 ,0 
905,36.16 ,0.00188729 ,0 
906,36.2 ,0.00203057 ,0 
907,36.24 ,0.00218475 ,0 
908,36.28 ,0.00235067 ,0 
909,36.32 ,0.00252922 ,0 
910,36.36 ,0.00272136 ,0 
911,36.4 ,0.00292813 ,0 
912,36.44 ,0.00315066 ,0 
913,36.48 ,0.00339013 ,0 
914,36.52 ,0.00364785 ,0 
915,36.56 ,0.00392521 ,0 
916,36.6 ,0.0042237 ,0 
917,36.64 ,0.00454495 ,0 
918,36.68 ,0.00489069 ,0 
919,36.72 ,0.0052628 ,0 
920,36.76 ,0.00566328 ,0 
921,36.8 ,0.00609431 ,0 
922,36.84 ,0.00655822 ,0 
923,36.88 ,0.00705752 ,0 
924,36.92 ,0.00759493 ,0 
925,36.96 ,0.00817336 ,0 
926,37 ,0.00879594 ,0 
927,37.04 ,0.00946605 ,0 
928,37.08 ,0.0101873 ,0 
929,37.12 ,0.0109637 ,0 
930,37.16 ,0.0117994 ,0 
931,37.2 ,0.0126989 ,0 
932,37.24 ,0.0136671 ,0 
933,37.28 ,0.0147093 ,0 
934,37.32 ,0.0158312 ,0 
935,37.36 ,0.0170389 ,0 
936,37.4 ,0.0183389 ,0 
937,37.44 ,0.0197382 ,0 
938,37.48 ,0.0212446 ,0 
939,37.52 ,0.0228663 ,0 
940,37.56 ,0.0246119 ,0 
941,37.6 ,0.0264912 ,0 
942,37.64 ,0.0285142 ,0 
943,37.68 ,0.0306921 ,0 
944,37.72 ,0.0330368 ,0 
945,37.76 ,0.0355609 ,0 
946,37.8 ,0.0382782 ,0 
947,37.84 ,0.0412037 ,0 
948,37.88 ,0.0443533 ,0 
949,37.92 ,0.0477441 ,0 
950,37.96 ,0.0513947 ,0 
951,38 ,0.0553251 ,0 
952,38.04 ,0.0595567 ,0 
953,38.08 ,0.0641126 ,0 
954,38.12 ,0.0690178 ,0 
955,38.16 ,0.0742991 ,0 
956,38.2 ,0.0799854 ,0 
957,38.24 ,0.0861077 ,0 
958,38.28 ,0.0926998 ,0 
959,38.32 ,0.0997975 ,0 
960,38.36 ,0.10744 ,0 
961,38.4 ,0.115669 ,0 
962,38.44 ,0.124529 ,0 
963,38.48 ,0.13407 ,0 
964,38.52 ,0.144343 ,0 
965,38.56 ,0.155404 ,0 
966,38.6 ,0.167316 ,0 
967,38.64 ,0.180142 ,0 
968,38.68 ,0.193953 ,0 
969,38.72 ,0.208826 ,0 
970,38.76 ,0.224841 ,0 
971,38.8 ,0.242088 ,0 
972,38.84 ,0.260659 ,0 
973,38.88 ,0.280659 ,0 
974,38.92 ,0.302196 ,0 
975,38.96 ,0.325389 ,0 
976,39 ,0.350365 ,0 
977,39.04 ,0.377263 ,0 
978,39.08 ,0.40623 ,0 
979,39.12 ,0.437426 ,0 
980,39.16 ,0.471021 ,0 
981,39.2 ,0.507203 ,0 
982,39.24 ,0.546169 ,0 
983,39.28 ,0.588135 ,0 
984,39.32 ,0.633332 ,0 
985,39.36 ,0.682009 ,0 
986,39.4 ,0.734434 ,0 
987,39.44 ,0.790898 ,0 
988,39.48 ,0.851711 ,0 
989,39.52 ,0.917209 ,0 
990,39.56 ,0.987754 ,0 
991,39.6 ,1.06374 ,0 
992,39.64 ,1.14557 ,0 
993,39.68 ,1.23372 ,0 
994,39.72 ,1.32866 ,0 
995,39.76 ,1.43092 ,0 
996,39.8 ,1.54107 ,0 
997,39.84 ,1.65971 ,0 
998,39.88 ,1.78751 ,0 
999,39.92 ,1.92516 ,0 
1000,39.96 ,2.07344 ,0 