
1,0 ,0.0148166 ,5.24297 
2,0.023 ,0.0148166 ,5.24296 
3,0.046 ,0.0148166 ,5.24293 
4,0.069 ,0.0222211 ,5.24289 
5,0.092 ,0.0296211 ,5.24283 
6,0.115 ,0.0370151 ,5.24275 
7,0.138 ,0.0444015 ,5.24265 
8,0.161 ,0.0517789 ,5.24254 
9,0.184 ,0.0591457 ,5.24241 
10,0.207 ,0.0665006 ,5.24226 
11,0.23 ,0.0738419 ,5.24209 
12,0.253 ,0.0811682 ,5.24191 
13,0.276 ,0.088478 ,5.24171 
14,0.299 ,0.0957698 ,5.24149 
15,0.322 ,0.103042 ,5.24126 
16,0.345 ,0.110294 ,5.24101 
17,0.368 ,0.117523 ,5.24073 
18,0.391 ,0.124728 ,5.24045 
19,0.414 ,0.131908 ,5.24014 
20,0.437 ,0.139062 ,5.23982 
21,0.46 ,0.146187 ,5.23948 
22,0.483 ,0.153283 ,5.23912 
23,0.506 ,0.160348 ,5.23875 
24,0.529 ,0.167381 ,5.23836 
25,0.552 ,0.17438 ,5.23795 
26,0.575 ,0.181343 ,5.23752 
27,0.598 ,0.188271 ,5.23707 
28,0.621 ,0.195161 ,5.23661 
29,0.644 ,0.202011 ,5.23613 
30,0.667 ,0.208822 ,5.23564 
31,0.69 ,0.21559 ,5.23512 
32,0.713 ,0.222315 ,5.23459 
33,0.736 ,0.228997 ,5.23404 
34,0.759 ,0.235632 ,5.23348 
35,0.782 ,0.242221 ,5.23289 
36,0.805 ,0.248762 ,5.23229 
37,0.828 ,0.255253 ,5.23167 
38,0.851 ,0.261694 ,5.23103 
39,0.874 ,0.268083 ,5.23038 
40,0.897 ,0.27442 ,5.22971 
41,0.92 ,0.280703 ,5.22902 
42,0.943 ,0.28693 ,5.22832 
43,0.966 ,0.293101 ,5.22759 
44,0.989 ,0.299215 ,5.22685 
45,1.012 ,0.305271 ,5.22609 
46,1.035 ,0.311267 ,5.22532 
47,1.058 ,0.317202 ,5.22452 
48,1.081 ,0.323076 ,5.22371 
49,1.104 ,0.328888 ,5.22289 
50,1.127 ,0.334636 ,5.22204 
51,1.15 ,0.340319 ,5.22118 
52,1.173 ,0.345937 ,5.2203 
53,1.196 ,0.351489 ,5.2194 
54,1.219 ,0.356974 ,5.21848 
55,1.242 ,0.36239 ,5.21755 
56,1.265 ,0.367738 ,5.2166 
57,1.288 ,0.373016 ,5.21564 
58,1.311 ,0.378223 ,5.21465 
59,1.334 ,0.383359 ,5.21365 
60,1.357 ,0.388423 ,5.21263 
61,1.38 ,0.393413 ,5.21159 
62,1.403 ,0.398331 ,5.21054 
63,1.426 ,0.403174 ,5.20946 
64,1.449 ,0.407942 ,5.20838 
65,1.472 ,0.412634 ,5.20727 
66,1.495 ,0.41725 ,5.20614 
67,1.518 ,0.421789 ,5.205 
68,1.541 ,0.426251 ,5.20384 
69,1.564 ,0.430635 ,5.20267 
70,1.587 ,0.43494 ,5.20147 
71,1.61 ,0.439166 ,5.20026 
72,1.633 ,0.443312 ,5.19903 
73,1.656 ,0.447379 ,5.19779 
74,1.679 ,0.451365 ,5.19652 
75,1.702 ,0.455271 ,5.19524 
76,1.725 ,0.459095 ,5.19394 
77,1.748 ,0.462837 ,5.19263 
78,1.771 ,0.466498 ,5.19129 
79,1.794 ,0.470076 ,5.18994 
80,1.817 ,0.473572 ,5.18857 
81,1.84 ,0.476984 ,5.18719 
82,1.863 ,0.480314 ,5.18579 
83,1.886 ,0.483561 ,5.18436 
84,1.909 ,0.486724 ,5.18293 
85,1.932 ,0.489803 ,5.18147 
86,1.955 ,0.492798 ,5.18 
87,1.978 ,0.49571 ,5.17851 
88,2.001 ,0.498537 ,5.177 
89,2.024 ,0.50128 ,5.17548 
90,2.047 ,0.503939 ,5.17393 
91,2.07 ,0.506514 ,5.17237 
92,2.093 ,0.509005 ,5.1708 
93,2.116 ,0.511411 ,5.1692 
94,2.139 ,0.513733 ,5.16759 
95,2.162 ,0.515971 ,5.16596 
96,2.185 ,0.518125 ,5.16431 
97,2.208 ,0.520195 ,5.16265 
98,2.231 ,0.522181 ,5.16096 
99,2.254 ,0.524083 ,5.15927 
100,2.277 ,0.525902 ,5.15755 
101,2.3 ,0.527637 ,5.15581 
102,2.323 ,0.529289 ,5.15406 
103,2.346 ,0.530858 ,5.15229 
104,2.369 ,0.532345 ,5.15051 
105,2.392 ,0.533749 ,5.1487 
106,2.415 ,0.535071 ,5.14688 
107,2.438 ,0.536312 ,5.14504 
108,2.461 ,0.53747 ,5.14319 
109,2.484 ,0.538548 ,5.14131 
110,2.507 ,0.539545 ,5.13942 
111,2.53 ,0.540462 ,5.13751 
112,2.553 ,0.541299 ,5.13559 
113,2.576 ,0.542056 ,5.13364 
114,2.599 ,0.542734 ,5.13168 
115,2.622 ,0.543333 ,5.1297 
116,2.645 ,0.543855 ,5.12771 
117,2.668 ,0.544299 ,5.12569 
118,2.691 ,0.544665 ,5.12366 
119,2.714 ,0.544955 ,5.12162 
120,2.737 ,0.545169 ,5.11955 
121,2.76 ,0.545308 ,5.11747 
122,2.783 ,0.545372 ,5.11537 
123,2.806 ,0.545361 ,5.11325 
124,2.829 ,0.545277 ,5.11111 
125,2.852 ,0.54512 ,5.10896 
126,2.875 ,0.54489 ,5.10679 
127,2.898 ,0.544589 ,5.1046 
128,2.921 ,0.544216 ,5.1024 
129,2.944 ,0.543774 ,5.10018 
130,2.967 ,0.543261 ,5.09794 
131,2.99 ,0.54268 ,5.09568 
132,3.013 ,0.54203 ,5.0934 
133,3.036 ,0.541313 ,5.09111 
134,3.059 ,0.540529 ,5.0888 
135,3.082 ,0.539679 ,5.08648 
136,3.105 ,0.538763 ,5.08413 
137,3.128 ,0.537783 ,5.08177 
138,3.151 ,0.53674 ,5.07939 
139,3.174 ,0.535633 ,5.07699 
140,3.197 ,0.534465 ,5.07458 
141,3.22 ,0.533235 ,5.07215 
142,3.243 ,0.531945 ,5.0697 
143,3.266 ,0.530595 ,5.06723 
144,3.289 ,0.529187 ,5.06475 
145,3.312 ,0.52772 ,5.06225 
146,3.335 ,0.526197 ,5.05973 
147,3.358 ,0.524617 ,5.05719 
148,3.381 ,0.522982 ,5.05464 
149,3.404 ,0.521293 ,5.05207 
150,3.427 ,0.51955 ,5.04948 
151,3.45 ,0.517755 ,5.04687 
152,3.473 ,0.515907 ,5.04425 
153,3.496 ,0.514009 ,5.04161 
154,3.519 ,0.512061 ,5.03895 
155,3.542 ,0.510064 ,5.03628 
156,3.565 ,0.508018 ,5.03358 
157,3.588 ,0.505926 ,5.03087 
158,3.611 ,0.503787 ,5.02814 
159,3.634 ,0.501603 ,5.0254 
160,3.657 ,0.499374 ,5.02264 
161,3.68 ,0.497102 ,5.01986 
162,3.703 ,0.494787 ,5.01706 
163,3.726 ,0.492431 ,5.01424 
164,3.749 ,0.490034 ,5.01141 
165,3.772 ,0.487597 ,5.00856 
166,3.795 ,0.485121 ,5.00569 
167,3.818 ,0.482608 ,5.00281 
168,3.841 ,0.480057 ,4.99991 
169,3.864 ,0.47747 ,4.99699 
170,3.887 ,0.474848 ,4.99405 
171,3.91 ,0.472192 ,4.9911 
172,3.933 ,0.469503 ,4.98812 
173,3.956 ,0.466781 ,4.98514 
174,3.979 ,0.464028 ,4.98213 
175,4.002 ,0.461244 ,4.9791 
176,4.025 ,0.458431 ,4.97606 
177,4.048 ,0.455589 ,4.973 
178,4.071 ,0.45272 ,4.96993 
179,4.094 ,0.449823 ,4.96683 
180,4.117 ,0.446901 ,4.96372 
181,4.14 ,0.443954 ,4.96059 
182,4.163 ,0.440982 ,4.95745 
183,4.186 ,0.437988 ,4.95428 
184,4.209 ,0.434971 ,4.9511 
185,4.232 ,0.431932 ,4.9479 
186,4.255 ,0.428873 ,4.94469 
187,4.278 ,0.425794 ,4.94145 
188,4.301 ,0.422697 ,4.9382 
189,4.324 ,0.419581 ,4.93494 
190,4.347 ,0.416449 ,4.93165 
191,4.37 ,0.4133 ,4.92835 
192,4.393 ,0.410136 ,4.92503 
193,4.416 ,0.406957 ,4.92169 
194,4.439 ,0.403764 ,4.91833 
195,4.462 ,0.400559 ,4.91496 
196,4.485 ,0.397341 ,4.91157 
197,4.508 ,0.394113 ,4.90816 
198,4.531 ,0.390873 ,4.90474 
199,4.554 ,0.387624 ,4.90129 
200,4.577 ,0.384366 ,4.89783 
201,4.6 ,0.3811 ,4.89436 
202,4.623 ,0.377827 ,4.89086 
203,4.646 ,0.374547 ,4.88735 
204,4.669 ,0.371261 ,4.88382 
205,4.692 ,0.36797 ,4.88027 
206,4.715 ,0.364675 ,4.87671 
207,4.738 ,0.361376 ,4.87313 
208,4.761 ,0.358075 ,4.86953 
209,4.784 ,0.354771 ,4.86591 
210,4.807 ,0.351465 ,4.86228 
211,4.83 ,0.348159 ,4.85863 
212,4.853 ,0.344852 ,4.85496 
213,4.876 ,0.341547 ,4.85127 
214,4.899 ,0.338242 ,4.84757 
215,4.922 ,0.334939 ,4.84384 
216,4.945 ,0.331639 ,4.84011 
217,4.968 ,0.328342 ,4.83635 
218,4.991 ,0.325048 ,4.83258 
219,5.014 ,0.321759 ,4.82878 
220,5.037 ,0.318475 ,4.82498 
221,5.06 ,0.315196 ,4.82115 
222,5.083 ,0.311924 ,4.81731 
223,5.106 ,0.308658 ,4.81345 
224,5.129 ,0.305399 ,4.80957 
225,5.152 ,0.302149 ,4.80567 
226,5.175 ,0.298906 ,4.80176 
227,5.198 ,0.295673 ,4.79783 
228,5.221 ,0.292449 ,4.79388 
229,5.244 ,0.289234 ,4.78991 
230,5.267 ,0.286031 ,4.78593 
231,5.29 ,0.282838 ,4.78193 
232,5.313 ,0.279656 ,4.77791 
233,5.336 ,0.276486 ,4.77388 
234,5.359 ,0.273329 ,4.76983 
235,5.382 ,0.270184 ,4.76576 
236,5.405 ,0.267053 ,4.76167 
237,5.428 ,0.263935 ,4.75756 
238,5.451 ,0.260831 ,4.75344 
239,5.474 ,0.257741 ,4.7493 
240,5.497 ,0.254667 ,4.74514 
241,5.52 ,0.251607 ,4.74097 
242,5.543 ,0.248563 ,4.73678 
243,5.566 ,0.245535 ,4.73257 
244,5.589 ,0.242523 ,4.72834 
245,5.612 ,0.239528 ,4.7241 
246,5.635 ,0.23655 ,4.71984 
247,5.658 ,0.233589 ,4.71556 
248,5.681 ,0.230646 ,4.71126 
249,5.704 ,0.227721 ,4.70695 
250,5.727 ,0.224813 ,4.70261 
251,5.75 ,0.221925 ,4.69827 
252,5.773 ,0.219055 ,4.6939 
253,5.796 ,0.216203 ,4.68952 
254,5.819 ,0.213372 ,4.68511 
255,5.842 ,0.210559 ,4.6807 
256,5.865 ,0.207767 ,4.67626 
257,5.888 ,0.204994 ,4.67181 
258,5.911 ,0.202242 ,4.66733 
259,5.934 ,0.19951 ,4.66285 
260,5.957 ,0.196799 ,4.65834 
261,5.98 ,0.194108 ,4.65382 
262,6.003 ,0.191438 ,4.64928 
263,6.026 ,0.18879 ,4.64472 
264,6.049 ,0.186162 ,4.64014 
265,6.072 ,0.183557 ,4.63555 
266,6.095 ,0.180972 ,4.63094 
267,6.118 ,0.17841 ,4.62631 
268,6.141 ,0.175869 ,4.62167 
269,6.164 ,0.173351 ,4.617 
270,6.187 ,0.170854 ,4.61232 
271,6.21 ,0.16838 ,4.60763 
272,6.233 ,0.165928 ,4.60291 
273,6.256 ,0.163498 ,4.59818 
274,6.279 ,0.161091 ,4.59343 
275,6.302 ,0.158706 ,4.58866 
276,6.325 ,0.156344 ,4.58388 
277,6.348 ,0.154004 ,4.57908 
278,6.371 ,0.151688 ,4.57426 
279,6.394 ,0.149394 ,4.56942 
280,6.417 ,0.147123 ,4.56457 
281,6.44 ,0.144874 ,4.55969 
282,6.463 ,0.142649 ,4.5548 
283,6.486 ,0.140446 ,4.5499 
284,6.509 ,0.138266 ,4.54497 
285,6.532 ,0.13611 ,4.54003 
286,6.555 ,0.133976 ,4.53507 
287,6.578 ,0.131865 ,4.5301 
288,6.601 ,0.129776 ,4.5251 
289,6.624 ,0.127711 ,4.52009 
290,6.647 ,0.125668 ,4.51506 
291,6.67 ,0.123649 ,4.51002 
292,6.693 ,0.121652 ,4.50495 
293,6.716 ,0.119677 ,4.49987 
294,6.739 ,0.117726 ,4.49477 
295,6.762 ,0.115797 ,4.48966 
296,6.785 ,0.11389 ,4.48452 
297,6.808 ,0.112006 ,4.47937 
298,6.831 ,0.110145 ,4.47421 
299,6.854 ,0.108306 ,4.46902 
300,6.877 ,0.106489 ,4.46382 
301,6.9 ,0.104694 ,4.4586 
302,6.923 ,0.102922 ,4.45336 
303,6.946 ,0.101171 ,4.4481 
304,6.969 ,0.0994425 ,4.44283 
305,6.992 ,0.0977357 ,4.43754 
306,7.015 ,0.0960507 ,4.43223 
307,7.038 ,0.0943873 ,4.42691 
308,7.061 ,0.0927454 ,4.42157 
309,7.084 ,0.0911249 ,4.41621 
310,7.107 ,0.0895257 ,4.41083 
311,7.13 ,0.0879476 ,4.40543 
312,7.153 ,0.0863907 ,4.40002 
313,7.176 ,0.0848546 ,4.39459 
314,7.199 ,0.0833394 ,4.38915 
315,7.222 ,0.0818448 ,4.38368 
316,7.245 ,0.0803707 ,4.3782 
317,7.268 ,0.0789171 ,4.3727 
318,7.291 ,0.0774837 ,4.36718 
319,7.314 ,0.0760704 ,4.36165 
320,7.337 ,0.0746771 ,4.3561 
321,7.36 ,0.0733036 ,4.35053 
322,7.383 ,0.0719498 ,4.34494 
323,7.406 ,0.0706155 ,4.33934 
324,7.429 ,0.0693005 ,4.33372 
325,7.452 ,0.0680048 ,4.32808 
326,7.475 ,0.0667282 ,4.32242 
327,7.498 ,0.0654704 ,4.31675 
328,7.521 ,0.0642314 ,4.31106 
329,7.544 ,0.063011 ,4.30535 
330,7.567 ,0.061809 ,4.29962 
331,7.59 ,0.0606252 ,4.29388 
332,7.613 ,0.0594596 ,4.28812 
333,7.636 ,0.0583118 ,4.28234 
334,7.659 ,0.0571818 ,4.27654 
335,7.682 ,0.0560694 ,4.27073 
336,7.705 ,0.0549744 ,4.2649 
337,7.728 ,0.0538967 ,4.25905 
338,7.751 ,0.052836 ,4.25319 
339,7.774 ,0.0517923 ,4.24731 
340,7.797 ,0.0507652 ,4.2414 
341,7.82 ,0.0497547 ,4.23549 
342,7.843 ,0.0487606 ,4.22955 
343,7.866 ,0.0477828 ,4.2236 
344,7.889 ,0.0468209 ,4.21763 
345,7.912 ,0.0458749 ,4.21164 
346,7.935 ,0.0449446 ,4.20564 
347,7.958 ,0.0440298 ,4.19962 
348,7.981 ,0.0431303 ,4.19358 
349,8.004 ,0.042246 ,4.18752 
350,8.027 ,0.0413766 ,4.18144 
351,8.05 ,0.0405221 ,4.17535 
352,8.073 ,0.0396822 ,4.16924 
353,8.096 ,0.0388568 ,4.16312 
354,8.119 ,0.0380456 ,4.15697 
355,8.142 ,0.0372486 ,4.15081 
356,8.165 ,0.0364654 ,4.14463 
357,8.188 ,0.0356961 ,4.13843 
358,8.211 ,0.0349403 ,4.13222 
359,8.234 ,0.0341979 ,4.12599 
360,8.257 ,0.0334688 ,4.11974 
361,8.28 ,0.0327528 ,4.11347 
362,8.303 ,0.0320496 ,4.10719 
363,8.326 ,0.0313592 ,4.10089 
364,8.349 ,0.0306813 ,4.09457 
365,8.372 ,0.0300158 ,4.08824 
366,8.395 ,0.0293626 ,4.08188 
367,8.418 ,0.0287214 ,4.07551 
368,8.441 ,0.0280921 ,4.06912 
369,8.464 ,0.0274745 ,4.06272 
370,8.487 ,0.0268684 ,4.05629 
371,8.51 ,0.0262738 ,4.04985 
372,8.533 ,0.0256904 ,4.0434 
373,8.556 ,0.025118 ,4.03692 
374,8.579 ,0.0245566 ,4.03043 
375,8.602 ,0.0240059 ,4.02392 
376,8.625 ,0.0234658 ,4.01739 
377,8.648 ,0.0229362 ,4.01084 
378,8.671 ,0.0224168 ,4.00428 
379,8.694 ,0.0219075 ,3.9977 
380,8.717 ,0.0214082 ,3.9911 
381,8.74 ,0.0209187 ,3.98449 
382,8.763 ,0.0204389 ,3.97786 
383,8.786 ,0.0199686 ,3.97121 
384,8.809 ,0.0195077 ,3.96454 
385,8.832 ,0.019056 ,3.95786 
386,8.855 ,0.0186134 ,3.95115 
387,8.878 ,0.0181797 ,3.94443 
388,8.901 ,0.0177547 ,3.9377 
389,8.924 ,0.0173385 ,3.93094 
390,8.947 ,0.0169307 ,3.92417 
391,8.97 ,0.0165313 ,3.91738 
392,8.993 ,0.0161401 ,3.91058 
393,9.016 ,0.015757 ,3.90375 
394,9.039 ,0.0153818 ,3.89691 
395,9.062 ,0.0150145 ,3.89005 
396,9.085 ,0.0146549 ,3.88317 
397,9.108 ,0.0143028 ,3.87628 
398,9.131 ,0.0139581 ,3.86937 
399,9.154 ,0.0136208 ,3.86244 
400,9.177 ,0.0132906 ,3.8555 
401,9.2 ,0.0129675 ,3.84853 
402,9.223 ,0.0126513 ,3.84155 
403,9.246 ,0.0123419 ,3.83455 
404,9.269 ,0.0120391 ,3.82754 
405,9.292 ,0.011743 ,3.8205 
406,9.315 ,0.0114532 ,3.81345 
407,9.338 ,0.0111698 ,3.80639 
408,9.361 ,0.0108927 ,3.7993 
409,9.384 ,0.0106216 ,3.7922 
410,9.407 ,0.0103565 ,3.78508 
411,9.43 ,0.0100973 ,3.77794 
412,9.453 ,0.00984384 ,3.77078 
413,9.476 ,0.00959605 ,3.76361 
414,9.499 ,0.00935382 ,3.75642 
415,9.522 ,0.00911704 ,3.74921 
416,9.545 ,0.00888561 ,3.74199 
417,9.568 ,0.00865943 ,3.73475 
418,9.591 ,0.00843839 ,3.72749 
419,9.614 ,0.00822239 ,3.72021 
420,9.637 ,0.00801135 ,3.71291 
421,9.66 ,0.00780516 ,3.7056 
422,9.683 ,0.00760372 ,3.69827 
423,9.706 ,0.00740695 ,3.69093 
424,9.729 ,0.00721475 ,3.68356 
425,9.752 ,0.00702704 ,3.67618 
426,9.775 ,0.00684371 ,3.66878 
427,9.798 ,0.0066647 ,3.66136 
428,9.821 ,0.0064899 ,3.65393 
429,9.844 ,0.00631923 ,3.64648 
430,9.867 ,0.00615262 ,3.63901 
431,9.89 ,0.00598997 ,3.63152 
432,9.913 ,0.00583121 ,3.62402 
433,9.936 ,0.00567625 ,3.6165 
434,9.959 ,0.00552502 ,3.60896 
435,9.982 ,0.00537744 ,3.6014 
436,10.005 ,0.00523344 ,3.59383 
437,10.028 ,0.00509294 ,3.58624 
438,10.051 ,0.00495586 ,3.57863 
439,10.074 ,0.00482214 ,3.571 
440,10.097 ,0.00469169 ,3.56336 
441,10.12 ,0.00456447 ,3.5557 
442,10.143 ,0.00444038 ,3.54802 
443,10.166 ,0.00431938 ,3.54033 
444,10.189 ,0.00420138 ,3.53261 
445,10.212 ,0.00408633 ,3.52488 
446,10.235 ,0.00397416 ,3.51714 
447,10.258 ,0.00386481 ,3.50937 
448,10.281 ,0.00375822 ,3.50159 
449,10.304 ,0.00365432 ,3.49379 
450,10.327 ,0.00355307 ,3.48601 
451,10.35 ,0.00345439 ,3.47826 
452,10.373 ,0.00335823 ,3.47055 
453,10.396 ,0.00326453 ,3.46287 
454,10.419 ,0.00317325 ,3.45523 
455,10.442 ,0.00308432 ,3.44762 
456,10.465 ,0.00299769 ,3.44004 
457,10.488 ,0.00291331 ,3.43249 
458,10.511 ,0.00283112 ,3.42498 
459,10.534 ,0.00275109 ,3.41751 
460,10.557 ,0.00267314 ,3.41006 
461,10.58 ,0.00259725 ,3.40265 
462,10.603 ,0.00252336 ,3.39527 
463,10.626 ,0.00245141 ,3.38792 
464,10.649 ,0.00238138 ,3.3806 
465,10.672 ,0.0023132 ,3.37331 
466,10.695 ,0.00224685 ,3.36606 
467,10.718 ,0.00218226 ,3.35884 
468,10.741 ,0.00211941 ,3.35164 
469,10.764 ,0.00205824 ,3.34448 
470,10.787 ,0.00199872 ,3.33735 
471,10.81 ,0.00194082 ,3.33025 
472,10.833 ,0.00188447 ,3.32318 
473,10.856 ,0.00182966 ,3.31614 
474,10.879 ,0.00177634 ,3.30913 
475,10.902 ,0.00172448 ,3.30215 
476,10.925 ,0.00167404 ,3.29519 
477,10.948 ,0.00162498 ,3.28827 
478,10.971 ,0.00157727 ,3.28138 
479,10.994 ,0.00153087 ,3.27451 
480,11.017 ,0.00148576 ,3.26768 
481,11.04 ,0.0014419 ,3.26087 
482,11.063 ,0.00139925 ,3.25409 
483,11.086 ,0.00135779 ,3.24734 
484,11.109 ,0.00131749 ,3.24062 
485,11.132 ,0.00127832 ,3.23392 
486,11.155 ,0.00124025 ,3.22725 
487,11.178 ,0.00120324 ,3.22061 
488,11.201 ,0.00116728 ,3.214 
489,11.224 ,0.00113233 ,3.20741 
490,11.247 ,0.00109837 ,3.20085 
491,11.27 ,0.00106537 ,3.19432 
492,11.293 ,0.00103332 ,3.18782 
493,11.316 ,0.00100217 ,3.18134 
494,11.339 ,0.000971913 ,3.17488 
495,11.362 ,0.000942521 ,3.16846 
496,11.385 ,0.000913972 ,3.16206 
497,11.408 ,0.000886243 ,3.15568 
498,11.431 ,0.000859312 ,3.14933 
499,11.454 ,0.000833158 ,3.14301 
500,11.477 ,0.000807759 ,3.13671 
501,11.5 ,0.000783097 ,3.13043 
502,11.523 ,0.000759149 ,3.12419 
503,11.546 ,0.000735898 ,3.11796 
504,11.569 ,0.000713325 ,3.11176 
505,11.592 ,0.00069141 ,3.10559 
506,11.615 ,0.000670136 ,3.09944 
507,11.638 ,0.000649486 ,3.09332 
508,11.661 ,0.000629442 ,3.08721 
509,11.684 ,0.000609988 ,3.08114 
510,11.707 ,0.000591107 ,3.07508 
511,11.73 ,0.000572783 ,3.06905 
512,11.753 ,0.000555002 ,3.06305 
513,11.776 ,0.000537748 ,3.05707 
514,11.799 ,0.000521005 ,3.05111 
515,11.822 ,0.000504761 ,3.04517 
516,11.845 ,0.000489001 ,3.03926 
517,11.868 ,0.000473712 ,3.03337 
518,11.891 ,0.000458879 ,3.0275 
519,11.914 ,0.000444492 ,3.02166 
520,11.937 ,0.000430535 ,3.01583 
521,11.96 ,0.000416999 ,3.01003 
522,11.983 ,0.00040387 ,3.00426 
523,12.006 ,0.000391137 ,2.9985 
524,12.029 ,0.000378789 ,2.99277 
525,12.052 ,0.000366814 ,2.98706 
526,12.075 ,0.000355203 ,2.98137 
527,12.098 ,0.000343944 ,2.9757 
528,12.121 ,0.000333028 ,2.97005 
529,12.144 ,0.000322445 ,2.96443 
530,12.167 ,0.000312184 ,2.95882 
531,12.19 ,0.000302237 ,2.95324 
532,12.213 ,0.000292595 ,2.94768 
533,12.236 ,0.000283248 ,2.94214 
534,12.259 ,0.000274188 ,2.93662 
535,12.282 ,0.000265407 ,2.93112 
536,12.305 ,0.000256897 ,2.92564 
537,12.328 ,0.000248649 ,2.92018 
538,12.351 ,0.000240656 ,2.91474 
539,12.374 ,0.000232911 ,2.90933 
540,12.397 ,0.000225405 ,2.90393 
541,12.42 ,0.000218133 ,2.89855 
542,12.443 ,0.000211087 ,2.89319 
543,12.466 ,0.00020426 ,2.88785 
544,12.489 ,0.000197646 ,2.88254 
545,12.512 ,0.000191238 ,2.87724 
546,12.535 ,0.000185031 ,2.87196 
547,12.558 ,0.000179018 ,2.8667 
548,12.581 ,0.000173194 ,2.86146 
549,12.604 ,0.000167553 ,2.85624 
550,12.627 ,0.000162089 ,2.85103 
551,12.65 ,0.000156798 ,2.84585 
552,12.673 ,0.000151673 ,2.84068 
553,12.696 ,0.00014671 ,2.83554 
554,12.719 ,0.000141904 ,2.83041 
555,12.742 ,0.000137251 ,2.8253 
556,12.765 ,0.000132744 ,2.82021 
557,12.788 ,0.000128381 ,2.81514 
558,12.811 ,0.000124157 ,2.81009 
559,12.834 ,0.000120067 ,2.80505 
560,12.857 ,0.000116108 ,2.80003 
561,12.88 ,0.000112275 ,2.79503 
562,12.903 ,0.000108565 ,2.79005 
563,12.926 ,0.000104973 ,2.78508 
564,12.949 ,0.000101497 ,2.78014 
565,12.972 ,9.81316e-05 ,2.77521 
566,12.995 ,9.48747e-05 ,2.7703 
567,13.018 ,9.17227e-05 ,2.7654 
568,13.041 ,8.86722e-05 ,2.76052 
569,13.064 ,8.572e-05 ,2.75566 
570,13.087 ,8.28632e-05 ,2.75082 
571,13.11 ,8.00988e-05 ,2.746 
572,13.133 ,7.74239e-05 ,2.74119 
573,13.156 ,7.48356e-05 ,2.73639 
574,13.179 ,7.23314e-05 ,2.73162 
575,13.202 ,6.99085e-05 ,2.72686 
576,13.225 ,6.75645e-05 ,2.72212 
577,13.248 ,6.52968e-05 ,2.71739 
578,13.271 ,6.3103e-05 ,2.71268 
579,13.294 ,6.09808e-05 ,2.70799 
580,13.317 ,5.8928e-05 ,2.70331 
581,13.34 ,5.69424e-05 ,2.69865 
582,13.363 ,5.50218e-05 ,2.69401 
583,13.386 ,5.31642e-05 ,2.68938 
584,13.409 ,5.13677e-05 ,2.68476 
585,13.432 ,4.96301e-05 ,2.68017 
586,13.455 ,4.79498e-05 ,2.67559 
587,13.478 ,4.63248e-05 ,2.67102 
588,13.501 ,4.47534e-05 ,2.66647 
589,13.524 ,4.32338e-05 ,2.66193 
590,13.547 ,4.17645e-05 ,2.65741 
591,13.57 ,4.03439e-05 ,2.65291 
592,13.593 ,3.89703e-05 ,2.64842 
593,13.616 ,3.76422e-05 ,2.64395 
594,13.639 ,3.63582e-05 ,2.63949 
595,13.662 ,3.5117e-05 ,2.63505 
596,13.685 ,3.3917e-05 ,2.63062 
597,13.708 ,3.27569e-05 ,2.6262 
598,13.731 ,3.16356e-05 ,2.6218 
599,13.754 ,3.05516e-05 ,2.61742 
600,13.777 ,2.95039e-05 ,2.61305 
601,13.8 ,2.84912e-05 ,2.6087 
602,13.823 ,2.75125e-05 ,2.60436 
603,13.846 ,2.65665e-05 ,2.60003 
604,13.869 ,2.56523e-05 ,2.59572 
605,13.892 ,2.47687e-05 ,2.59142 
606,13.915 ,2.39149e-05 ,2.58714 
607,13.938 ,2.30898e-05 ,2.58287 
608,13.961 ,2.22925e-05 ,2.57861 
609,13.984 ,2.1522e-05 ,2.57437 
610,14.007 ,2.07776e-05 ,2.57014 
611,14.03 ,2.00583e-05 ,2.56593 
612,14.053 ,1.93633e-05 ,2.56173 
613,14.076 ,1.86919e-05 ,2.55754 
614,14.099 ,1.80432e-05 ,2.55337 
615,14.122 ,1.74165e-05 ,2.54921 
616,14.145 ,1.68111e-05 ,2.54507 
617,14.168 ,1.62262e-05 ,2.54094 
618,14.191 ,1.56613e-05 ,2.53682 
619,14.214 ,1.51155e-05 ,2.53271 
620,14.237 ,1.45884e-05 ,2.52862 
621,14.26 ,1.40792e-05 ,2.52454 
622,14.283 ,1.35874e-05 ,2.52048 
623,14.306 ,1.31125e-05 ,2.51643 
624,14.329 ,1.26537e-05 ,2.51239 
625,14.352 ,1.22107e-05 ,2.50836 
626,14.375 ,1.17828e-05 ,2.50435 
627,14.398 ,1.13696e-05 ,2.50035 
628,14.421 ,1.09706e-05 ,2.49636 
629,14.444 ,1.05853e-05 ,2.49238 
630,14.467 ,1.02133e-05 ,2.48842 
631,14.49 ,9.85405e-06 ,2.48447 
632,14.513 ,9.50717e-06 ,2.48053 
633,14.536 ,9.17226e-06 ,2.47661 
634,14.559 ,8.84889e-06 ,2.4727 
635,14.582 ,8.5367e-06 ,2.4688 
636,14.605 ,8.2353e-06 ,2.46491 
637,14.628 ,7.94432e-06 ,2.46103 
638,14.651 ,7.66341e-06 ,2.45717 
639,14.674 ,7.39224e-06 ,2.45332 
640,14.697 ,7.13048e-06 ,2.44948 
641,14.72 ,6.87779e-06 ,2.44565 
642,14.743 ,6.63389e-06 ,2.44184 
643,14.766 ,6.39847e-06 ,2.43803 
644,14.789 ,6.17123e-06 ,2.43424 
645,14.812 ,5.95191e-06 ,2.43046 
646,14.835 ,5.74024e-06 ,2.42669 
647,14.858 ,5.53594e-06 ,2.42294 
648,14.881 ,5.33878e-06 ,2.41919 
649,14.904 ,5.14851e-06 ,2.41546 
650,14.927 ,4.96489e-06 ,2.41174 
651,14.95 ,4.78769e-06 ,2.40803 
652,14.973 ,4.6167e-06 ,2.40433 
653,14.996 ,4.45171e-06 ,2.40064 
654,15.019 ,4.2925e-06 ,2.39696 
655,15.042 ,4.13888e-06 ,2.3933 
656,15.065 ,3.99065e-06 ,2.38964 
657,15.088 ,3.84764e-06 ,2.386 
658,15.111 ,3.70966e-06 ,2.38237 
659,15.134 ,3.57653e-06 ,2.37875 
660,15.157 ,3.4481e-06 ,2.37514 
661,15.18 ,3.3242e-06 ,2.37154 
662,15.203 ,3.20467e-06 ,2.36795 
663,15.226 ,3.08936e-06 ,2.36438 
664,15.249 ,2.97813e-06 ,2.36081 
665,15.272 ,2.87083e-06 ,2.35726 
666,15.295 ,2.76733e-06 ,2.35371 
667,15.318 ,2.66749e-06 ,2.35018 
668,15.341 ,2.5712e-06 ,2.34665 
669,15.364 ,2.47832e-06 ,2.34314 
670,15.387 ,2.38874e-06 ,2.33964 
671,15.41 ,2.30234e-06 ,2.33615 
672,15.433 ,2.21901e-06 ,2.33266 
673,15.456 ,2.13865e-06 ,2.32919 
674,15.479 ,2.06115e-06 ,2.32573 
675,15.502 ,1.98641e-06 ,2.32228 
676,15.525 ,1.91433e-06 ,2.31884 
677,15.548 ,1.84482e-06 ,2.31541 
678,15.571 ,1.7778e-06 ,2.31199 
679,15.594 ,1.71317e-06 ,2.30858 
680,15.617 ,1.65086e-06 ,2.30518 
681,15.64 ,1.59077e-06 ,2.30179 
682,15.663 ,1.53283e-06 ,2.29841 
683,15.686 ,1.47697e-06 ,2.29504 
684,15.709 ,1.42311e-06 ,2.29168 
685,15.732 ,1.37118e-06 ,2.28833 
686,15.755 ,1.32112e-06 ,2.28499 
687,15.778 ,1.27286e-06 ,2.28166 
688,15.801 ,1.22633e-06 ,2.27834 
689,15.824 ,1.18147e-06 ,2.27503 
690,15.847 ,1.13823e-06 ,2.27172 
691,15.87 ,1.09655e-06 ,2.26843 
692,15.893 ,1.05636e-06 ,2.26515 
693,15.916 ,1.01763e-06 ,2.26187 
694,15.939 ,9.80296e-07 ,2.25861 
695,15.962 ,9.44309e-07 ,2.25536 
696,15.985 ,9.09622e-07 ,2.25211 
697,16.008 ,8.76189e-07 ,2.24888 
698,16.031 ,8.43966e-07 ,2.24565 
699,16.054 ,8.12909e-07 ,2.24243 
700,16.077 ,7.82976e-07 ,2.23922 
701,16.1 ,7.54129e-07 ,2.23602 
702,16.123 ,7.26328e-07 ,2.23284 
703,16.146 ,6.99535e-07 ,2.22965 
704,16.169 ,6.73715e-07 ,2.22648 
705,16.192 ,6.48833e-07 ,2.22332 
706,16.215 ,6.24856e-07 ,2.22017 
707,16.238 ,6.0175e-07 ,2.21702 
708,16.261 ,5.79485e-07 ,2.21389 
709,16.284 ,5.58031e-07 ,2.21076 
710,16.307 ,5.37358e-07 ,2.20764 
711,16.33 ,5.17439e-07 ,2.20453 
712,16.353 ,4.98246e-07 ,2.20143 
713,16.376 ,4.79754e-07 ,2.19834 
714,16.399 ,4.61936e-07 ,2.19526 
715,16.422 ,4.44769e-07 ,2.19218 
716,16.445 ,4.2823e-07 ,2.18912 
717,16.468 ,4.12295e-07 ,2.18606 
718,16.491 ,3.96942e-07 ,2.18301 
719,16.514 ,3.82152e-07 ,2.17997 
720,16.537 ,3.67903e-07 ,2.17694 
721,16.56 ,3.54176e-07 ,2.17391 
722,16.583 ,3.40952e-07 ,2.1709 
723,16.606 ,3.28212e-07 ,2.16789 
724,16.629 ,3.1594e-07 ,2.16489 
725,16.652 ,3.04117e-07 ,2.1619 
726,16.675 ,2.92729e-07 ,2.15892 
727,16.698 ,2.81758e-07 ,2.15595 
728,16.721 ,2.7119e-07 ,2.15298 
729,16.744 ,2.61011e-07 ,2.15002 
730,16.767 ,2.51205e-07 ,2.14707 
731,16.79 ,2.4176e-07 ,2.14413 
732,16.813 ,2.32661e-07 ,2.1412 
733,16.836 ,2.23897e-07 ,2.13828 
734,16.859 ,2.15455e-07 ,2.13536 
735,16.882 ,2.07324e-07 ,2.13245 
736,16.905 ,1.99491e-07 ,2.12955 
737,16.928 ,1.91947e-07 ,2.12665 
738,16.951 ,1.8468e-07 ,2.12377 
739,16.974 ,1.7768e-07 ,2.12089 
740,16.997 ,1.70937e-07 ,2.11802 
741,17.02 ,1.64442e-07 ,2.11516 
742,17.043 ,1.58186e-07 ,2.1123 
743,17.066 ,1.52159e-07 ,2.10946 
744,17.089 ,1.46354e-07 ,2.10662 
745,17.112 ,1.40761e-07 ,2.10379 
746,17.135 ,1.35374e-07 ,2.10096 
747,17.158 ,1.30184e-07 ,2.09815 
748,17.181 ,1.25185e-07 ,2.09534 
749,17.204 ,1.20368e-07 ,2.09254 
750,17.227 ,1.15727e-07 ,2.08974 
751,17.25 ,1.11256e-07 ,2.08696 
752,17.273 ,1.06948e-07 ,2.08418 
753,17.296 ,1.02797e-07 ,2.08141 
754,17.319 ,9.87972e-08 ,2.07864 
755,17.342 ,9.49424e-08 ,2.07589 
756,17.365 ,9.12274e-08 ,2.07314 
757,17.388 ,8.76468e-08 ,2.07039 
758,17.411 ,8.41954e-08 ,2.06766 
759,17.434 ,8.08683e-08 ,2.06493 
760,17.457 ,7.76607e-08 ,2.06221 
761,17.48 ,7.4568e-08 ,2.0595 
762,17.503 ,7.15856e-08 ,2.05679 
763,17.526 ,6.87094e-08 ,2.05409 
764,17.549 ,6.59351e-08 ,2.0514 
765,17.572 ,6.32587e-08 ,2.04871 
766,17.595 ,6.06763e-08 ,2.04604 
767,17.618 ,5.81841e-08 ,2.04336 
768,17.641 ,5.57786e-08 ,2.0407 
769,17.664 ,5.34563e-08 ,2.03804 
770,17.687 ,5.12137e-08 ,2.03539 
771,17.71 ,4.90475e-08 ,2.03275 
772,17.733 ,4.69547e-08 ,2.03011 
773,17.756 ,4.49321e-08 ,2.02748 
774,17.779 ,4.29768e-08 ,2.02486 
775,17.802 ,4.1086e-08 ,2.02224 
776,17.825 ,3.92567e-08 ,2.01964 
777,17.848 ,3.74864e-08 ,2.01703 
778,17.871 ,3.57725e-08 ,2.01444 
779,17.894 ,3.41124e-08 ,2.01185 
780,17.917 ,3.25036e-08 ,2.00926 
781,17.94 ,3.09438e-08 ,2.00669 
782,17.963 ,2.94307e-08 ,2.00412 
783,17.986 ,2.79621e-08 ,2.00156 
784,18.009 ,2.65357e-08 ,1.999 
785,18.032 ,2.51494e-08 ,1.99645 
786,18.055 ,2.38012e-08 ,1.99391 
787,18.078 ,2.24891e-08 ,1.99137 
788,18.101 ,2.1211e-08 ,1.98884 
789,18.124 ,1.99652e-08 ,1.98632 
790,18.147 ,1.87497e-08 ,1.9838 
791,18.17 ,1.75627e-08 ,1.98129 
792,18.193 ,1.64024e-08 ,1.97878 
793,18.216 ,1.52672e-08 ,1.97628 
794,18.239 ,1.41552e-08 ,1.97379 
795,18.262 ,1.30648e-08 ,1.97131 
796,18.285 ,1.19943e-08 ,1.96883 
797,18.308 ,1.09422e-08 ,1.96635 
798,18.331 ,9.90683e-09 ,1.96389 
799,18.354 ,8.88662e-09 ,1.96143 
800,18.377 ,7.88003e-09 ,1.95897 
801,18.4 ,6.88553e-09 ,1.95652 
802,18.423 ,5.90159e-09 ,1.95408 
803,18.446 ,4.92673e-09 ,1.95164 
804,18.469 ,3.95943e-09 ,1.94921 
805,18.492 ,2.99823e-09 ,1.94679 
806,18.515 ,2.04165e-09 ,1.94437 
807,18.538 ,1.08821e-09 ,1.94196 
808,18.561 ,1.36457e-10 ,1.93955 
809,18.584 ,-8.1509e-10 ,1.93715 
810,18.607 ,-1.7679e-09 ,1.93476 
811,18.63 ,-2.72344e-09 ,1.93237 
812,18.653 ,-3.68319e-09 ,1.92998 
813,18.676 ,-4.64865e-09 ,1.92761 
814,18.699 ,-5.62132e-09 ,1.92524 
815,18.722 ,-6.60272e-09 ,1.92287 
816,18.745 ,-7.59436e-09 ,1.92051 
817,18.768 ,-8.59781e-09 ,1.91816 
818,18.791 ,-9.61463e-09 ,1.91581 
819,18.814 ,-1.06464e-08 ,1.91347 
820,18.837 ,-1.16948e-08 ,1.91113 
821,18.86 ,-1.27614e-08 ,1.9088 
822,18.883 ,-1.38479e-08 ,1.90648 
823,18.906 ,-1.4956e-08 ,1.90416 
824,18.929 ,-1.60876e-08 ,1.90184 
825,18.952 ,-1.72442e-08 ,1.89954 
826,18.975 ,-1.84279e-08 ,1.89723 
827,18.998 ,-1.96404e-08 ,1.89494 
828,19.021 ,-2.08837e-08 ,1.89264 
829,19.044 ,-2.21598e-08 ,1.89036 
830,19.067 ,-2.34707e-08 ,1.88808 
831,19.09 ,-2.48184e-08 ,1.8858 
832,19.113 ,-2.62052e-08 ,1.88353 
833,19.136 ,-2.76332e-08 ,1.88127 
834,19.159 ,-2.91048e-08 ,1.87901 
835,19.182 ,-3.06222e-08 ,1.87676 
836,19.205 ,-3.21879e-08 ,1.87451 
837,19.228 ,-3.38044e-08 ,1.87227 
838,19.251 ,-3.54743e-08 ,1.87003 
839,19.274 ,-3.72003e-08 ,1.8678 
840,19.297 ,-3.89851e-08 ,1.86557 
841,19.32 ,-4.08316e-08 ,1.86335 
842,19.343 ,-4.27429e-08 ,1.86114 
843,19.366 ,-4.47219e-08 ,1.85893 
844,19.389 ,-4.67719e-08 ,1.85672 
845,19.412 ,-4.88961e-08 ,1.85452 
846,19.435 ,-5.10981e-08 ,1.85233 
847,19.458 ,-5.33812e-08 ,1.85014 
848,19.481 ,-5.57494e-08 ,1.84795 
849,19.504 ,-5.82063e-08 ,1.84578 
850,19.527 ,-6.0756e-08 ,1.8436 
851,19.55 ,-6.34025e-08 ,1.84143 
852,19.573 ,-6.61503e-08 ,1.83927 
853,19.596 ,-6.90037e-08 ,1.83711 
854,19.619 ,-7.19674e-08 ,1.83496 
855,19.642 ,-7.50462e-08 ,1.83281 
856,19.665 ,-7.82451e-08 ,1.83066 
857,19.688 ,-8.15693e-08 ,1.82852 
858,19.711 ,-8.50242e-08 ,1.82639 
859,19.734 ,-8.86156e-08 ,1.82426 
860,19.757 ,-9.23491e-08 ,1.82214 
861,19.78 ,-9.6231e-08 ,1.82002 
862,19.803 ,-1.00268e-07 ,1.81791 
863,19.826 ,-1.04465e-07 ,1.8158 
864,19.849 ,-1.08831e-07 ,1.81369 
865,19.872 ,-1.13373e-07 ,1.81159 
866,19.895 ,-1.18097e-07 ,1.8095 
867,19.918 ,-1.23011e-07 ,1.80741 
868,19.941 ,-1.28124e-07 ,1.80533 
869,19.964 ,-1.33444e-07 ,1.80325 
870,19.987 ,-1.38979e-07 ,1.80117 
871,20.01 ,-1.4474e-07 ,1.7991 
872,20.033 ,-1.50734e-07 ,1.79703 
873,20.056 ,-1.56973e-07 ,1.79497 
874,20.079 ,-1.63466e-07 ,1.79292 
875,20.102 ,-1.70224e-07 ,1.79087 
876,20.125 ,-1.77258e-07 ,1.78882 
877,20.148 ,-1.84581e-07 ,1.78678 
878,20.171 ,-1.92203e-07 ,1.78474 
879,20.194 ,-2.00137e-07 ,1.78271 
880,20.217 ,-2.08397e-07 ,1.78068 
881,20.24 ,-2.16997e-07 ,1.77866 
882,20.263 ,-2.2595e-07 ,1.77664 
883,20.286 ,-2.35271e-07 ,1.77462 
884,20.309 ,-2.44976e-07 ,1.77261 
885,20.332 ,-2.55081e-07 ,1.77061 
886,20.355 ,-2.65603e-07 ,1.76861 
887,20.378 ,-2.76559e-07 ,1.76661 
888,20.401 ,-2.87967e-07 ,1.76462 
889,20.424 ,-2.99846e-07 ,1.76263 
890,20.447 ,-3.12217e-07 ,1.76065 
891,20.47 ,-3.25099e-07 ,1.75867 
892,20.493 ,-3.38514e-07 ,1.7567 
893,20.516 ,-3.52485e-07 ,1.75473 
894,20.539 ,-3.67034e-07 ,1.75276 
895,20.562 ,-3.82186e-07 ,1.7508 
896,20.585 ,-3.97967e-07 ,1.74885 
897,20.608 ,-4.14402e-07 ,1.74689 
898,20.631 ,-4.31519e-07 ,1.74495 
899,20.654 ,-4.49347e-07 ,1.743 
900,20.677 ,-4.67916e-07 ,1.74106 
901,20.7 ,-4.87256e-07 ,1.73913 
902,20.723 ,-5.074e-07 ,1.7372 
903,20.746 ,-5.28382e-07 ,1.73527 
904,20.769 ,-5.50236e-07 ,1.73335 
905,20.792 ,-5.73001e-07 ,1.73144 
906,20.815 ,-5.96713e-07 ,1.72952 
907,20.838 ,-6.21413e-07 ,1.72761 
908,20.861 ,-6.47142e-07 ,1.72571 
909,20.884 ,-6.73943e-07 ,1.72381 
910,20.907 ,-7.01862e-07 ,1.72191 
911,20.93 ,-7.30946e-07 ,1.72002 
912,20.953 ,-7.61243e-07 ,1.71813 
913,20.976 ,-7.92804e-07 ,1.71625 
914,20.999 ,-8.25684e-07 ,1.71437 
915,21.022 ,-8.59936e-07 ,1.71249 
916,21.045 ,-8.9562e-07 ,1.71062 
917,21.068 ,-9.32795e-07 ,1.70875 
918,21.091 ,-9.71524e-07 ,1.70689 
919,21.114 ,-1.01187e-06 ,1.70503 
920,21.137 ,-1.05391e-06 ,1.70317 
921,21.16 ,-1.09771e-06 ,1.70132 
922,21.183 ,-1.14333e-06 ,1.69948 
923,21.206 ,-1.19087e-06 ,1.69763 
924,21.229 ,-1.2404e-06 ,1.69579 
925,21.252 ,-1.29201e-06 ,1.69396 
926,21.275 ,-1.34578e-06 ,1.69213 
927,21.298 ,-1.4018e-06 ,1.6903 
928,21.321 ,-1.46017e-06 ,1.68848 
929,21.344 ,-1.52099e-06 ,1.68666 
930,21.367 ,-1.58437e-06 ,1.68484 
931,21.39 ,-1.6504e-06 ,1.68303 
932,21.413 ,-1.7192e-06 ,1.68122 
933,21.436 ,-1.7909e-06 ,1.67942 
934,21.459 ,-1.8656e-06 ,1.67762 
935,21.482 ,-1.94345e-06 ,1.67582 
936,21.505 ,-2.02457e-06 ,1.67403 
937,21.528 ,-2.10909e-06 ,1.67224 
938,21.551 ,-2.19718e-06 ,1.67046 
939,21.574 ,-2.28896e-06 ,1.66868 
940,21.597 ,-2.38461e-06 ,1.6669 
941,21.62 ,-2.48429e-06 ,1.66512 
942,21.643 ,-2.58816e-06 ,1.66336 
943,21.666 ,-2.69641e-06 ,1.66159 
944,21.689 ,-2.80921e-06 ,1.65983 
945,21.712 ,-2.92677e-06 ,1.65807 
946,21.735 ,-3.04929e-06 ,1.65631 
947,21.758 ,-3.17697e-06 ,1.65456 
948,21.781 ,-3.31003e-06 ,1.65282 
949,21.804 ,-3.44871e-06 ,1.65107 
950,21.827 ,-3.59324e-06 ,1.64933 
951,21.85 ,-3.74386e-06 ,1.6476 
952,21.873 ,-3.90085e-06 ,1.64586 
953,21.896 ,-4.06447e-06 ,1.64414 
954,21.919 ,-4.23499e-06 ,1.64241 
955,21.942 ,-4.41273e-06 ,1.64069 
956,21.965 ,-4.59797e-06 ,1.63897 
957,21.988 ,-4.79104e-06 ,1.63726 
958,22.011 ,-4.99228e-06 ,1.63555 
959,22.034 ,-5.20203e-06 ,1.63384 
960,22.057 ,-5.42065e-06 ,1.63213 
961,22.08 ,-5.64852e-06 ,1.63043 
962,22.103 ,-5.88604e-06 ,1.62874 
963,22.126 ,-6.13362e-06 ,1.62705 
964,22.149 ,-6.39168e-06 ,1.62536 
965,22.172 ,-6.66067e-06 ,1.62367 
966,22.195 ,-6.94106e-06 ,1.62199 
967,22.218 ,-7.23333e-06 ,1.62031 
968,22.241 ,-7.53799e-06 ,1.61863 
969,22.264 ,-7.85557e-06 ,1.61696 
970,22.287 ,-8.18662e-06 ,1.61529 
971,22.31 ,-8.53172e-06 ,1.61363 
972,22.333 ,-8.89146e-06 ,1.61196 
973,22.356 ,-9.26647e-06 ,1.61031 
974,22.379 ,-9.6574e-06 ,1.60865 
975,22.402 ,-1.00649e-05 ,1.607 
976,22.425 ,-1.04898e-05 ,1.60535 
977,22.448 ,-1.09327e-05 ,1.60371 
978,22.471 ,-1.13944e-05 ,1.60206 
979,22.494 ,-1.18757e-05 ,1.60043 
980,22.517 ,-1.23776e-05 ,1.59879 
981,22.54 ,-1.29007e-05 ,1.59716 
982,22.563 ,-1.34461e-05 ,1.59553 
983,22.586 ,-1.40148e-05 ,1.59391 
984,22.609 ,-1.46076e-05 ,1.59229 
985,22.632 ,-1.52256e-05 ,1.59067 
986,22.655 ,-1.587e-05 ,1.58905 
987,22.678 ,-1.65419e-05 ,1.58744 
988,22.701 ,-1.72423e-05 ,1.58583 
989,22.724 ,-1.79726e-05 ,1.58423 
990,22.747 ,-1.8734e-05 ,1.58263 
991,22.77 ,-1.95279e-05 ,1.58103 
992,22.793 ,-2.03557e-05 ,1.57943 
993,22.816 ,-2.12187e-05 ,1.57784 
994,22.839 ,-2.21186e-05 ,1.57625 
995,22.862 ,-2.30569e-05 ,1.57467 
996,22.885 ,-2.40353e-05 ,1.57308 
997,22.908 ,-2.50554e-05 ,1.5715 
998,22.931 ,-2.6119e-05 ,1.56993 
999,22.954 ,-2.72282e-05 ,1.56835 
1000,22.977 ,-2.83847e-05 ,1.56678 