
1,0 ,0 ,0 
2,0.04 ,0 ,0 
3,0.08 ,0 ,0 
4,0.12 ,8.17567e-15 ,0 
5,0.16 ,1.41572e-14 ,0 
6,0.2 ,2.18962e-14 ,0 
7,0.24 ,3.13651e-14 ,0 
8,0.28 ,4.25443e-14 ,0 
9,0.32 ,5.54165e-14 ,0 
10,0.36 ,6.99635e-14 ,0 
11,0.4 ,8.61664e-14 ,0 
12,0.44 ,1.04004e-13 ,0 
13,0.48 ,1.23455e-13 ,0 
14,0.52 ,1.44494e-13 ,0 
15,0.56 ,1.67095e-13 ,0 
16,0.6 ,1.91232e-13 ,0 
17,0.64 ,2.16873e-13 ,0 
18,0.68 ,2.43988e-13 ,0 
19,0.72 ,2.72544e-13 ,0 
20,0.76 ,3.02506e-13 ,0 
21,0.8 ,3.33838e-13 ,0 
22,0.84 ,3.66502e-13 ,0 
23,0.88 ,4.00458e-13 ,0 
24,0.92 ,4.35666e-13 ,0 
25,0.96 ,4.72084e-13 ,0 
26,1 ,5.09667e-13 ,0 
27,1.04 ,5.48371e-13 ,0 
28,1.08 ,5.8815e-13 ,0 
29,1.12 ,6.28956e-13 ,0 
30,1.16 ,6.70742e-13 ,0 
31,1.2 ,7.13458e-13 ,0 
32,1.24 ,7.57054e-13 ,0 
33,1.28 ,8.01479e-13 ,0 
34,1.32 ,8.4668e-13 ,0 
35,1.36 ,8.92606e-13 ,0 
36,1.4 ,9.39203e-13 ,0 
37,1.44 ,9.86418e-13 ,0 
38,1.48 ,1.0342e-12 ,0 
39,1.52 ,1.08248e-12 ,0 
40,1.56 ,1.13122e-12 ,0 
41,1.6 ,1.18036e-12 ,0 
42,1.64 ,1.22984e-12 ,0 
43,1.68 ,1.27961e-12 ,0 
44,1.72 ,1.32961e-12 ,0 
45,1.76 ,1.37979e-12 ,0 
46,1.8 ,1.43009e-12 ,0 
47,1.84 ,1.48046e-12 ,0 
48,1.88 ,1.53083e-12 ,0 
49,1.92 ,1.58117e-12 ,0 
50,1.96 ,1.6314e-12 ,0 
51,2 ,1.68149e-12 ,0 
52,2.04 ,1.73137e-12 ,0 
53,2.08 ,1.78099e-12 ,0 
54,2.12 ,1.83031e-12 ,0 
55,2.16 ,1.87927e-12 ,0 
56,2.2 ,1.92781e-12 ,0 
57,2.24 ,1.9759e-12 ,0 
58,2.28 ,2.02348e-12 ,0 
59,2.32 ,2.07051e-12 ,0 
60,2.36 ,2.11693e-12 ,0 
61,2.4 ,2.16271e-12 ,0 
62,2.44 ,2.2078e-12 ,0 
63,2.48 ,2.25215e-12 ,0 
64,2.52 ,2.29573e-12 ,0 
65,2.56 ,2.33849e-12 ,0 
66,2.6 ,2.3804e-12 ,0 
67,2.64 ,2.42141e-12 ,0 
68,2.68 ,2.4615e-12 ,0 
69,2.72 ,2.50062e-12 ,0 
70,2.76 ,2.53874e-12 ,0 
71,2.8 ,2.57583e-12 ,0 
72,2.84 ,2.61186e-12 ,0 
73,2.88 ,2.6468e-12 ,0 
74,2.92 ,2.68062e-12 ,0 
75,2.96 ,2.71329e-12 ,0 
76,3 ,2.7448e-12 ,0 
77,3.04 ,2.77512e-12 ,0 
78,3.08 ,2.80423e-12 ,0 
79,3.12 ,2.8321e-12 ,0 
80,3.16 ,2.85872e-12 ,0 
81,3.2 ,2.88408e-12 ,0 
82,3.24 ,2.90815e-12 ,0 
83,3.28 ,2.93093e-12 ,0 
84,3.32 ,2.95241e-12 ,0 
85,3.36 ,2.97256e-12 ,0 
86,3.4 ,2.99139e-12 ,0 
87,3.44 ,3.00889e-12 ,0 
88,3.48 ,3.02506e-12 ,0 
89,3.52 ,3.03988e-12 ,0 
90,3.56 ,3.05336e-12 ,0 
91,3.6 ,3.06549e-12 ,0 
92,3.64 ,3.07628e-12 ,0 
93,3.68 ,3.08573e-12 ,0 
94,3.72 ,3.09384e-12 ,0 
95,3.76 ,3.10062e-12 ,0 
96,3.8 ,3.10607e-12 ,0 
97,3.84 ,3.1102e-12 ,0 
98,3.88 ,3.11303e-12 ,0 
99,3.92 ,3.11455e-12 ,0 
100,3.96 ,3.11479e-12 ,0 
101,4 ,3.11375e-12 ,0 
102,4.04 ,3.11145e-12 ,0 
103,4.08 ,3.1079e-12 ,0 
104,4.12 ,3.10313e-12 ,0 
105,4.16 ,3.09714e-12 ,0 
106,4.2 ,3.08995e-12 ,0 
107,4.24 ,3.0816e-12 ,0 
108,4.28 ,3.07208e-12 ,0 
109,4.32 ,3.06143e-12 ,0 
110,4.36 ,3.04967e-12 ,0 
111,4.4 ,3.03682e-12 ,0 
112,4.44 ,3.0229e-12 ,0 
113,4.48 ,3.00794e-12 ,0 
114,4.52 ,2.99196e-12 ,0 
115,4.56 ,2.97499e-12 ,0 
116,4.6 ,2.95706e-12 ,0 
117,4.64 ,2.93818e-12 ,0 
118,4.68 ,2.91839e-12 ,0 
119,4.72 ,2.89772e-12 ,0 
120,4.76 ,2.87619e-12 ,0 
121,4.8 ,2.85383e-12 ,0 
122,4.84 ,2.83066e-12 ,0 
123,4.88 ,2.80673e-12 ,0 
124,4.92 ,2.78205e-12 ,0 
125,4.96 ,2.75666e-12 ,0 
126,5 ,2.73059e-12 ,0 
127,5.04 ,2.70386e-12 ,0 
128,5.08 ,2.6765e-12 ,0 
129,5.12 ,2.64855e-12 ,0 
130,5.16 ,2.62003e-12 ,0 
131,5.2 ,2.59098e-12 ,0 
132,5.24 ,2.56142e-12 ,0 
133,5.28 ,2.53138e-12 ,0 
134,5.32 ,2.50089e-12 ,0 
135,5.36 ,2.46998e-12 ,0 
136,5.4 ,2.43869e-12 ,0 
137,5.44 ,2.40703e-12 ,0 
138,5.48 ,2.37504e-12 ,0 
139,5.52 ,2.34274e-12 ,0 
140,5.56 ,2.31016e-12 ,0 
141,5.6 ,2.27733e-12 ,0 
142,5.64 ,2.24428e-12 ,0 
143,5.68 ,2.21103e-12 ,0 
144,5.72 ,2.17762e-12 ,0 
145,5.76 ,2.14405e-12 ,0 
146,5.8 ,2.11037e-12 ,0 
147,5.84 ,2.07659e-12 ,0 
148,5.88 ,2.04274e-12 ,0 
149,5.92 ,2.00885e-12 ,0 
150,5.96 ,1.97493e-12 ,0 
151,6 ,1.94101e-12 ,0 
152,6.04 ,1.90711e-12 ,0 
153,6.08 ,1.87325e-12 ,0 
154,6.12 ,1.83946e-12 ,0 
155,6.16 ,1.80575e-12 ,0 
156,6.2 ,1.77215e-12 ,0 
157,6.24 ,1.73867e-12 ,0 
158,6.28 ,1.70533e-12 ,0 
159,6.32 ,1.67216e-12 ,0 
160,6.36 ,1.63916e-12 ,0 
161,6.4 ,1.60635e-12 ,0 
162,6.44 ,1.57375e-12 ,0 
163,6.48 ,1.54138e-12 ,0 
164,6.52 ,1.50926e-12 ,0 
165,6.56 ,1.47738e-12 ,0 
166,6.6 ,1.44578e-12 ,0 
167,6.64 ,1.41445e-12 ,0 
168,6.68 ,1.38342e-12 ,0 
169,6.72 ,1.3527e-12 ,0 
170,6.76 ,1.32229e-12 ,0 
171,6.8 ,1.29221e-12 ,0 
172,6.84 ,1.26247e-12 ,0 
173,6.88 ,1.23308e-12 ,0 
174,6.92 ,1.20404e-12 ,0 
175,6.96 ,1.17536e-12 ,0 
176,7 ,1.14706e-12 ,0 
177,7.04 ,1.11914e-12 ,0 
178,7.08 ,1.0916e-12 ,0 
179,7.12 ,1.06445e-12 ,0 
180,7.16 ,1.0377e-12 ,0 
181,7.2 ,1.01134e-12 ,0 
182,7.24 ,9.854e-13 ,0 
183,7.28 ,9.59865e-13 ,0 
184,7.32 ,9.34743e-13 ,0 
185,7.36 ,9.10038e-13 ,0 
186,7.4 ,8.85751e-13 ,0 
187,7.44 ,8.61885e-13 ,0 
188,7.48 ,8.38442e-13 ,0 
189,7.52 ,8.15422e-13 ,0 
190,7.56 ,7.92826e-13 ,0 
191,7.6 ,7.70655e-13 ,0 
192,7.64 ,7.48909e-13 ,0 
193,7.68 ,7.27586e-13 ,0 
194,7.72 ,7.06688e-13 ,0 
195,7.76 ,6.86212e-13 ,0 
196,7.8 ,6.66157e-13 ,0 
197,7.84 ,6.46521e-13 ,0 
198,7.88 ,6.27303e-13 ,0 
199,7.92 ,6.085e-13 ,0 
200,7.96 ,5.90108e-13 ,0 
201,8 ,5.72127e-13 ,0 
202,8.04 ,5.54551e-13 ,0 
203,8.08 ,5.37379e-13 ,0 
204,8.12 ,5.20606e-13 ,0 
205,8.16 ,5.04228e-13 ,0 
206,8.2 ,4.88242e-13 ,0 
207,8.24 ,4.72643e-13 ,0 
208,8.28 ,4.57427e-13 ,0 
209,8.32 ,4.42589e-13 ,0 
210,8.36 ,4.28125e-13 ,0 
211,8.4 ,4.1403e-13 ,0 
212,8.44 ,4.00298e-13 ,0 
213,8.48 ,3.86925e-13 ,0 
214,8.52 ,3.73905e-13 ,0 
215,8.56 ,3.61233e-13 ,0 
216,8.6 ,3.48904e-13 ,0 
217,8.64 ,3.36911e-13 ,0 
218,8.68 ,3.25251e-13 ,0 
219,8.72 ,3.13916e-13 ,0 
220,8.76 ,3.02901e-13 ,0 
221,8.8 ,2.922e-13 ,0 
222,8.84 ,2.81808e-13 ,0 
223,8.88 ,2.71718e-13 ,0 
224,8.92 ,2.61925e-13 ,0 
225,8.96 ,2.52424e-13 ,0 
226,9 ,2.43207e-13 ,0 
227,9.04 ,2.34269e-13 ,0 
228,9.08 ,2.25605e-13 ,0 
229,9.12 ,2.17208e-13 ,0 
230,9.16 ,2.09073e-13 ,0 
231,9.2 ,2.01193e-13 ,0 
232,9.24 ,1.93563e-13 ,0 
233,9.28 ,1.86178e-13 ,0 
234,9.32 ,1.7903e-13 ,0 
235,9.36 ,1.72116e-13 ,0 
236,9.4 ,1.65428e-13 ,0 
237,9.44 ,1.58962e-13 ,0 
238,9.48 ,1.52712e-13 ,0 
239,9.52 ,1.46672e-13 ,0 
240,9.56 ,1.40837e-13 ,0 
241,9.6 ,1.35202e-13 ,0 
242,9.64 ,1.29761e-13 ,0 
243,9.68 ,1.2451e-13 ,0 
244,9.72 ,1.19442e-13 ,0 
245,9.76 ,1.14553e-13 ,0 
246,9.8 ,1.09838e-13 ,0 
247,9.84 ,1.05291e-13 ,0 
248,9.88 ,1.00909e-13 ,0 
249,9.92 ,9.66867e-14 ,0 
250,9.96 ,9.26186e-14 ,0 
251,10 ,8.87007e-14 ,0 
252,10.04 ,8.49283e-14 ,0 
253,10.08 ,8.12971e-14 ,0 
254,10.12 ,7.78027e-14 ,0 
255,10.16 ,7.44409e-14 ,0 
256,10.2 ,7.12075e-14 ,0 
257,10.24 ,6.80985e-14 ,0 
258,10.28 ,6.51098e-14 ,0 
259,10.32 ,6.22377e-14 ,0 
260,10.36 ,5.94783e-14 ,0 
261,10.4 ,5.68278e-14 ,0 
262,10.44 ,5.42827e-14 ,0 
263,10.48 ,5.18394e-14 ,0 
264,10.52 ,4.94945e-14 ,0 
265,10.56 ,4.72446e-14 ,0 
266,10.6 ,4.50864e-14 ,0 
267,10.64 ,4.30168e-14 ,0 
268,10.68 ,4.10326e-14 ,0 
269,10.72 ,3.91307e-14 ,0 
270,10.76 ,3.73084e-14 ,0 
271,10.8 ,3.55626e-14 ,0 
272,10.84 ,3.38906e-14 ,0 
273,10.88 ,3.22897e-14 ,0 
274,10.92 ,3.07573e-14 ,0 
275,10.96 ,2.92908e-14 ,0 
276,11 ,2.78878e-14 ,0 
277,11.04 ,2.65458e-14 ,0 
278,11.08 ,2.52626e-14 ,0 
279,11.12 ,2.40358e-14 ,0 
280,11.16 ,2.28634e-14 ,0 
281,11.2 ,2.17431e-14 ,0 
282,11.24 ,2.06729e-14 ,0 
283,11.28 ,1.96509e-14 ,0 
284,11.32 ,1.86751e-14 ,0 
285,11.36 ,1.77437e-14 ,0 
286,11.4 ,1.68549e-14 ,0 
287,11.44 ,1.60069e-14 ,0 
288,11.48 ,1.51981e-14 ,0 
289,11.52 ,1.44269e-14 ,0 
290,11.56 ,1.36917e-14 ,0 
291,11.6 ,1.2991e-14 ,0 
292,11.64 ,1.23233e-14 ,0 
293,11.68 ,1.16873e-14 ,0 
294,11.72 ,1.10816e-14 ,0 
295,11.76 ,1.05049e-14 ,0 
296,11.8 ,9.95598e-15 ,0 
297,11.84 ,9.43359e-15 ,0 
298,11.88 ,8.9366e-15 ,0 
299,11.92 ,8.46388e-15 ,0 
300,11.96 ,8.01436e-15 ,0 
301,12 ,7.58702e-15 ,0 
302,12.04 ,7.18085e-15 ,0 
303,12.08 ,6.79492e-15 ,0 
304,12.12 ,6.42829e-15 ,0 
305,12.16 ,6.0801e-15 ,0 
306,12.2 ,5.7495e-15 ,0 
307,12.24 ,5.43568e-15 ,0 
308,12.28 ,5.13786e-15 ,0 
309,12.32 ,4.8553e-15 ,0 
310,12.36 ,4.58729e-15 ,0 
311,12.4 ,4.33313e-15 ,0 
312,12.44 ,4.09219e-15 ,0 
313,12.48 ,3.86382e-15 ,0 
314,12.52 ,3.64743e-15 ,0 
315,12.56 ,3.44244e-15 ,0 
316,12.6 ,3.2483e-15 ,0 
317,12.64 ,3.06448e-15 ,0 
318,12.68 ,2.89047e-15 ,0 
319,12.72 ,2.7258e-15 ,0 
320,12.76 ,2.57e-15 ,0 
321,12.8 ,2.42263e-15 ,0 
322,12.84 ,2.28326e-15 ,0 
323,12.88 ,2.15149e-15 ,0 
324,12.92 ,2.02694e-15 ,0 
325,12.96 ,1.90923e-15 ,0 
326,13 ,1.79802e-15 ,0 
327,13.04 ,1.69297e-15 ,0 
328,13.08 ,1.59376e-15 ,0 
329,13.12 ,1.50009e-15 ,0 
330,13.16 ,1.41167e-15 ,0 
331,13.2 ,1.32822e-15 ,0 
332,13.24 ,1.24948e-15 ,0 
333,13.28 ,1.1752e-15 ,0 
334,13.32 ,1.10514e-15 ,0 
335,13.36 ,1.03907e-15 ,0 
336,13.4 ,9.76785e-16 ,0 
337,13.44 ,9.18075e-16 ,0 
338,13.48 ,8.62747e-16 ,0 
339,13.52 ,8.10616e-16 ,0 
340,13.56 ,7.61507e-16 ,0 
341,13.6 ,7.15254e-16 ,0 
342,13.64 ,6.717e-16 ,0 
343,13.68 ,6.30695e-16 ,0 
344,13.72 ,5.92096e-16 ,0 
345,13.76 ,5.55771e-16 ,0 
346,13.8 ,5.2159e-16 ,0 
347,13.84 ,4.89434e-16 ,0 
348,13.88 ,4.59188e-16 ,0 
349,13.92 ,4.30744e-16 ,0 
350,13.96 ,4.04e-16 ,0 
351,14 ,3.78857e-16 ,0 
352,14.04 ,3.55225e-16 ,0 
353,14.08 ,3.33017e-16 ,0 
354,14.12 ,3.1215e-16 ,0 
355,14.16 ,2.92548e-16 ,0 
356,14.2 ,2.74135e-16 ,0 
357,14.24 ,2.56844e-16 ,0 
358,14.28 ,2.40608e-16 ,0 
359,14.32 ,2.25366e-16 ,0 
360,14.36 ,2.11059e-16 ,0 
361,14.4 ,1.97633e-16 ,0 
362,14.44 ,1.85034e-16 ,0 
363,14.48 ,1.73214e-16 ,0 
364,14.52 ,1.62126e-16 ,0 
365,14.56 ,1.51728e-16 ,0 
366,14.6 ,1.41976e-16 ,0 
367,14.64 ,1.32834e-16 ,0 
368,14.68 ,1.24263e-16 ,0 
369,14.72 ,1.16229e-16 ,0 
370,14.76 ,1.08701e-16 ,0 
371,14.8 ,1.01646e-16 ,0 
372,14.84 ,9.5037e-17 ,0 
373,14.88 ,8.88459e-17 ,0 
374,14.92 ,8.30474e-17 ,0 
375,14.96 ,7.76173e-17 ,0 
376,15 ,7.2533e-17 ,0 
377,15.04 ,6.77731e-17 ,0 
378,15.08 ,6.33176e-17 ,0 
379,15.12 ,5.91475e-17 ,0 
380,15.16 ,5.52452e-17 ,0 
381,15.2 ,5.1594e-17 ,0 
382,15.24 ,4.81782e-17 ,0 
383,15.28 ,4.4983e-17 ,0 
384,15.32 ,4.19947e-17 ,0 
385,15.36 ,3.92001e-17 ,0 
386,15.4 ,3.65872e-17 ,0 
387,15.44 ,3.41443e-17 ,0 
388,15.48 ,3.18608e-17 ,0 
389,15.52 ,2.97265e-17 ,0 
390,15.56 ,2.7732e-17 ,0 
391,15.6 ,2.58683e-17 ,0 
392,15.64 ,2.41271e-17 ,0 
393,15.68 ,2.25005e-17 ,0 
394,15.72 ,2.09812e-17 ,0 
395,15.76 ,1.95622e-17 ,0 
396,15.8 ,1.82372e-17 ,0 
397,15.84 ,1.70001e-17 ,0 
398,15.88 ,1.58451e-17 ,0 
399,15.92 ,1.4767e-17 ,0 
400,15.96 ,1.37607e-17 ,0 
401,16 ,1.28216e-17 ,0 
402,16.04 ,1.19453e-17 ,0 
403,16.08 ,1.11277e-17 ,0 
404,16.12 ,1.0365e-17 ,0 
405,16.16 ,9.65353e-18 ,0 
406,16.2 ,8.98995e-18 ,0 
407,16.24 ,8.37112e-18 ,0 
408,16.28 ,7.79408e-18 ,0 
409,16.32 ,7.25607e-18 ,0 
410,16.36 ,6.75451e-18 ,0 
411,16.4 ,6.28699e-18 ,0 
412,16.44 ,5.85123e-18 ,0 
413,16.48 ,5.44514e-18 ,0 
414,16.52 ,5.06673e-18 ,0 
415,16.56 ,4.71415e-18 ,0 
416,16.6 ,4.38568e-18 ,0 
417,16.64 ,4.07971e-18 ,0 
418,16.68 ,3.79472e-18 ,0 
419,16.72 ,3.5293e-18 ,0 
420,16.76 ,3.28214e-18 ,0 
421,16.8 ,3.05201e-18 ,0 
422,16.84 ,2.83775e-18 ,0 
423,16.88 ,2.6383e-18 ,0 
424,16.92 ,2.45265e-18 ,0 
425,16.96 ,2.27986e-18 ,0 
426,17 ,2.11906e-18 ,0 
427,17.04 ,1.96944e-18 ,0 
428,17.08 ,1.83023e-18 ,0 
429,17.12 ,1.70072e-18 ,0 
430,17.16 ,1.58026e-18 ,0 
431,17.2 ,1.46821e-18 ,0 
432,17.24 ,1.36401e-18 ,0 
433,17.28 ,1.26712e-18 ,0 
434,17.32 ,1.17704e-18 ,0 
435,17.36 ,1.09329e-18 ,0 
436,17.4 ,1.01544e-18 ,0 
437,17.44 ,9.43092e-19 ,0 
438,17.48 ,8.75858e-19 ,0 
439,17.52 ,8.13387e-19 ,0 
440,17.56 ,7.5535e-19 ,0 
441,17.6 ,7.01441e-19 ,0 
442,17.64 ,6.51375e-19 ,0 
443,17.68 ,6.04886e-19 ,0 
444,17.72 ,5.61727e-19 ,0 
445,17.76 ,5.21667e-19 ,0 
446,17.8 ,4.84492e-19 ,0 
447,17.84 ,4.50003e-19 ,0 
448,17.88 ,4.18014e-19 ,0 
449,17.92 ,3.88354e-19 ,0 
450,17.96 ,3.60861e-19 ,0 
451,18 ,3.35387e-19 ,0 
452,18.04 ,3.11793e-19 ,0 
453,18.08 ,2.89952e-19 ,0 
454,18.12 ,2.69744e-19 ,0 
455,18.16 ,2.51059e-19 ,0 
456,18.2 ,2.33794e-19 ,0 
457,18.24 ,2.17855e-19 ,0 
458,18.28 ,2.03153e-19 ,0 
459,18.32 ,1.89608e-19 ,0 
460,18.36 ,1.77145e-19 ,0 
461,18.4 ,1.65696e-19 ,0 
462,18.44 ,1.55195e-19 ,0 
463,18.48 ,1.45586e-19 ,0 
464,18.52 ,1.36815e-19 ,0 
465,18.56 ,1.28833e-19 ,0 
466,18.6 ,1.21595e-19 ,0 
467,18.64 ,1.15061e-19 ,0 
468,18.68 ,1.09195e-19 ,0 
469,18.72 ,1.03964e-19 ,0 
470,18.76 ,9.93384e-20 ,0 
471,18.8 ,9.52927e-20 ,0 
472,18.84 ,9.18044e-20 ,0 
473,18.88 ,8.8854e-20 ,0 
474,18.92 ,8.64254e-20 ,0 
475,18.96 ,8.45053e-20 ,0 
476,19 ,8.30833e-20 ,0 
477,19.04 ,8.2152e-20 ,0 
478,19.08 ,8.17068e-20 ,0 
479,19.12 ,8.17461e-20 ,0 
480,19.16 ,8.22709e-20 ,0 
481,19.2 ,8.32853e-20 ,0 
482,19.24 ,8.47963e-20 ,0 
483,19.28 ,8.68137e-20 ,0 
484,19.32 ,8.93507e-20 ,0 
485,19.36 ,9.24234e-20 ,0 
486,19.4 ,9.60512e-20 ,0 
487,19.44 ,1.00257e-19 ,0 
488,19.48 ,1.05067e-19 ,0 
489,19.52 ,1.10512e-19 ,0 
490,19.56 ,1.16625e-19 ,0 
491,19.6 ,1.23445e-19 ,0 
492,19.64 ,1.31014e-19 ,0 
493,19.68 ,1.3938e-19 ,0 
494,19.72 ,1.48595e-19 ,0 
495,19.76 ,1.58717e-19 ,0 
496,19.8 ,1.69809e-19 ,0 
497,19.84 ,1.81941e-19 ,0 
498,19.88 ,1.95189e-19 ,0 
499,19.92 ,2.09637e-19 ,0 
500,19.96 ,2.25374e-19 ,0 
501,20 ,2.42501e-19 ,0 
502,20.04 ,2.61126e-19 ,0 
503,20.08 ,2.81365e-19 ,0 
504,20.12 ,3.03348e-19 ,0 
505,20.16 ,3.27213e-19 ,0 
506,20.2 ,3.53112e-19 ,0 
507,20.24 ,3.8121e-19 ,0 
508,20.28 ,4.11685e-19 ,0 
509,20.32 ,4.44731e-19 ,0 
510,20.36 ,4.80559e-19 ,0 
511,20.4 ,5.19397e-19 ,0 
512,20.44 ,5.61496e-19 ,0 
513,20.48 ,6.07123e-19 ,0 
514,20.52 ,6.56572e-19 ,0 
515,20.56 ,7.10161e-19 ,0 
516,20.6 ,7.68234e-19 ,0 
517,20.64 ,8.31165e-19 ,0 
518,20.68 ,8.9936e-19 ,0 
519,20.72 ,9.7326e-19 ,0 
520,20.76 ,1.05334e-18 ,0 
521,20.8 ,1.14013e-18 ,0 
522,20.84 ,1.23418e-18 ,0 
523,20.88 ,1.3361e-18 ,0 
524,20.92 ,1.44656e-18 ,0 
525,20.96 ,1.56628e-18 ,0 
526,21 ,1.69604e-18 ,0 
527,21.04 ,1.83669e-18 ,0 
528,21.08 ,1.98914e-18 ,0 
529,21.12 ,2.15439e-18 ,0 
530,21.16 ,2.33354e-18 ,0 
531,21.2 ,2.52774e-18 ,0 
532,21.24 ,2.73829e-18 ,0 
533,21.28 ,2.96656e-18 ,0 
534,21.32 ,3.21406e-18 ,0 
535,21.36 ,3.48243e-18 ,0 
536,21.4 ,3.77344e-18 ,0 
537,21.44 ,4.089e-18 ,0 
538,21.48 ,4.43122e-18 ,0 
539,21.52 ,4.80237e-18 ,0 
540,21.56 ,5.2049e-18 ,0 
541,21.6 ,5.6415e-18 ,0 
542,21.64 ,6.11507e-18 ,0 
543,21.68 ,6.62877e-18 ,0 
544,21.72 ,7.18603e-18 ,0 
545,21.76 ,7.79057e-18 ,0 
546,21.8 ,8.44644e-18 ,0 
547,21.84 ,9.15804e-18 ,0 
548,21.88 ,9.93012e-18 ,0 
549,21.92 ,1.07679e-17 ,0 
550,21.96 ,1.1677e-17 ,0 
551,22 ,1.26635e-17 ,0 
552,22.04 ,1.37341e-17 ,0 
553,22.08 ,1.4896e-17 ,0 
554,22.12 ,1.6157e-17 ,0 
555,22.16 ,1.75258e-17 ,0 
556,22.2 ,1.90115e-17 ,0 
557,22.24 ,2.06242e-17 ,0 
558,22.28 ,2.23749e-17 ,0 
559,22.32 ,2.42754e-17 ,0 
560,22.36 ,2.63388e-17 ,0 
561,22.4 ,2.8579e-17 ,0 
562,22.44 ,3.10113e-17 ,0 
563,22.48 ,3.36524e-17 ,0 
564,22.52 ,3.65203e-17 ,0 
565,22.56 ,3.96345e-17 ,0 
566,22.6 ,4.30165e-17 ,0 
567,22.64 ,4.66894e-17 ,0 
568,22.68 ,5.06784e-17 ,0 
569,22.72 ,5.5011e-17 ,0 
570,22.76 ,5.9717e-17 ,0 
571,22.8 ,6.48287e-17 ,0 
572,22.84 ,7.03814e-17 ,0 
573,22.88 ,7.64135e-17 ,0 
574,22.92 ,8.29666e-17 ,0 
575,22.96 ,9.0086e-17 ,0 
576,23 ,9.78211e-17 ,0 
577,23.04 ,1.06225e-16 ,0 
578,23.08 ,1.15357e-16 ,0 
579,23.12 ,1.2528e-16 ,0 
580,23.16 ,1.36063e-16 ,0 
581,23.2 ,1.47781e-16 ,0 
582,23.24 ,1.60516e-16 ,0 
583,23.28 ,1.74357e-16 ,0 
584,23.32 ,1.89399e-16 ,0 
585,23.36 ,2.05749e-16 ,0 
586,23.4 ,2.23521e-16 ,0 
587,23.44 ,2.42839e-16 ,0 
588,23.48 ,2.63839e-16 ,0 
589,23.52 ,2.86667e-16 ,0 
590,23.56 ,3.11486e-16 ,0 
591,23.6 ,3.38468e-16 ,0 
592,23.64 ,3.67804e-16 ,0 
593,23.68 ,3.99701e-16 ,0 
594,23.72 ,4.34384e-16 ,0 
595,23.76 ,4.72097e-16 ,0 
596,23.8 ,5.13107e-16 ,0 
597,23.84 ,5.57704e-16 ,0 
598,23.88 ,6.06205e-16 ,0 
599,23.92 ,6.58952e-16 ,0 
600,23.96 ,7.1632e-16 ,0 
601,24 ,7.78717e-16 ,0 
602,24.04 ,8.46585e-16 ,0 
603,24.08 ,9.20409e-16 ,0 
604,24.12 ,1.00071e-15 ,0 
605,24.16 ,1.08807e-15 ,0 
606,24.2 ,1.1831e-15 ,0 
607,24.24 ,1.28649e-15 ,0 
608,24.28 ,1.39898e-15 ,0 
609,24.32 ,1.52136e-15 ,0 
610,24.36 ,1.65452e-15 ,0 
611,24.4 ,1.79941e-15 ,0 
612,24.44 ,1.95707e-15 ,0 
613,24.48 ,2.12863e-15 ,0 
614,24.52 ,2.31533e-15 ,0 
615,24.56 ,2.5185e-15 ,0 
616,24.6 ,2.73962e-15 ,0 
617,24.64 ,2.98027e-15 ,0 
618,24.68 ,3.2422e-15 ,0 
619,24.72 ,3.52729e-15 ,0 
620,24.76 ,3.8376e-15 ,0 
621,24.8 ,4.17538e-15 ,0 
622,24.84 ,4.54308e-15 ,0 
623,24.88 ,4.94335e-15 ,0 
624,24.92 ,5.37911e-15 ,0 
625,24.96 ,5.85351e-15 ,0 
626,25 ,6.37e-15 ,0 
627,25.04 ,6.93234e-15 ,0 
628,25.08 ,7.54462e-15 ,0 
629,25.12 ,8.21129e-15 ,0 
630,25.16 ,8.93723e-15 ,0 
631,25.2 ,9.72773e-15 ,0 
632,25.24 ,1.05886e-14 ,0 
633,25.28 ,1.1526e-14 ,0 
634,25.32 ,1.25469e-14 ,0 
635,25.36 ,1.36588e-14 ,0 
636,25.4 ,1.48698e-14 ,0 
637,25.44 ,1.61888e-14 ,0 
638,25.48 ,1.76254e-14 ,0 
639,25.52 ,1.91902e-14 ,0 
640,25.56 ,2.08948e-14 ,0 
641,25.6 ,2.27516e-14 ,0 
642,25.64 ,2.47743e-14 ,0 
643,25.68 ,2.69779e-14 ,0 
644,25.72 ,2.93786e-14 ,0 
645,25.76 ,3.19941e-14 ,0 
646,25.8 ,3.48437e-14 ,0 
647,25.84 ,3.79486e-14 ,0 
648,25.88 ,4.13316e-14 ,0 
649,25.92 ,4.50178e-14 ,0 
650,25.96 ,4.90346e-14 ,0 
651,26 ,5.34117e-14 ,0 
652,26.04 ,5.81817e-14 ,0 
653,26.08 ,6.33799e-14 ,0 
654,26.12 ,6.9045e-14 ,0 
655,26.16 ,7.52192e-14 ,0 
656,26.2 ,8.19484e-14 ,0 
657,26.24 ,8.92827e-14 ,0 
658,26.28 ,9.72769e-14 ,0 
659,26.32 ,1.05991e-13 ,0 
660,26.36 ,1.15489e-13 ,0 
661,26.4 ,1.25843e-13 ,0 
662,26.44 ,1.3713e-13 ,0 
663,26.48 ,1.49434e-13 ,0 
664,26.52 ,1.62849e-13 ,0 
665,26.56 ,1.77473e-13 ,0 
666,26.6 ,1.93418e-13 ,0 
667,26.64 ,2.10802e-13 ,0 
668,26.68 ,2.29756e-13 ,0 
669,26.72 ,2.50423e-13 ,0 
670,26.76 ,2.72959e-13 ,0 
671,26.8 ,2.97533e-13 ,0 
672,26.84 ,3.2433e-13 ,0 
673,26.88 ,3.53552e-13 ,0 
674,26.92 ,3.8542e-13 ,0 
675,26.96 ,4.20174e-13 ,0 
676,27 ,4.58077e-13 ,0 
677,27.04 ,4.99417e-13 ,0 
678,27.08 ,5.44505e-13 ,0 
679,27.12 ,5.93683e-13 ,0 
680,27.16 ,6.47323e-13 ,0 
681,27.2 ,7.05834e-13 ,0 
682,27.24 ,7.69658e-13 ,0 
683,27.28 ,8.39281e-13 ,0 
684,27.32 ,9.15231e-13 ,0 
685,27.36 ,9.98086e-13 ,0 
686,27.4 ,1.08848e-12 ,0 
687,27.44 ,1.18709e-12 ,0 
688,27.48 ,1.29468e-12 ,0 
689,27.52 ,1.41207e-12 ,0 
690,27.56 ,1.54015e-12 ,0 
691,27.6 ,1.6799e-12 ,0 
692,27.64 ,1.83239e-12 ,0 
693,27.68 ,1.99878e-12 ,0 
694,27.72 ,2.18035e-12 ,0 
695,27.76 ,2.37849e-12 ,0 
696,27.8 ,2.59472e-12 ,0 
697,27.84 ,2.83069e-12 ,0 
698,27.88 ,3.08821e-12 ,0 
699,27.92 ,3.36927e-12 ,0 
700,27.96 ,3.67601e-12 ,0 
701,28 ,4.01081e-12 ,0 
702,28.04 ,4.37623e-12 ,0 
703,28.08 ,4.7751e-12 ,0 
704,28.12 ,5.21047e-12 ,0 
705,28.16 ,5.68571e-12 ,0 
706,28.2 ,6.20448e-12 ,0 
707,28.24 ,6.77079e-12 ,0 
708,28.28 ,7.38901e-12 ,0 
709,28.32 ,8.06391e-12 ,0 
710,28.36 ,8.80072e-12 ,0 
711,28.4 ,9.60514e-12 ,0 
712,28.44 ,1.04834e-11 ,0 
713,28.48 ,1.14423e-11 ,0 
714,28.52 ,1.24893e-11 ,0 
715,28.56 ,1.36324e-11 ,0 
716,28.6 ,1.48807e-11 ,0 
717,28.64 ,1.62437e-11 ,0 
718,28.68 ,1.7732e-11 ,0 
719,28.72 ,1.93573e-11 ,0 
720,28.76 ,2.11322e-11 ,0 
721,28.8 ,2.30705e-11 ,0 
722,28.84 ,2.51873e-11 ,0 
723,28.88 ,2.7499e-11 ,0 
724,28.92 ,3.00239e-11 ,0 
725,28.96 ,3.27814e-11 ,0 
726,29 ,3.57933e-11 ,0 
727,29.04 ,3.90829e-11 ,0 
728,29.08 ,4.26761e-11 ,0 
729,29.12 ,4.6601e-11 ,0 
730,29.16 ,5.08882e-11 ,0 
731,29.2 ,5.55714e-11 ,0 
732,29.24 ,6.06873e-11 ,0 
733,29.28 ,6.62759e-11 ,0 
734,29.32 ,7.23812e-11 ,0 
735,29.36 ,7.90511e-11 ,0 
736,29.4 ,8.6338e-11 ,0 
737,29.44 ,9.42992e-11 ,0 
738,29.48 ,1.02997e-10 ,0 
739,29.52 ,1.12501e-10 ,0 
740,29.56 ,1.22884e-10 ,0 
741,29.6 ,1.3423e-10 ,0 
742,29.64 ,1.46627e-10 ,0 
743,29.68 ,1.60173e-10 ,0 
744,29.72 ,1.74976e-10 ,0 
745,29.76 ,1.91151e-10 ,0 
746,29.8 ,2.08828e-10 ,0 
747,29.84 ,2.28145e-10 ,0 
748,29.88 ,2.49255e-10 ,0 
749,29.92 ,2.72326e-10 ,0 
750,29.96 ,2.9754e-10 ,0 
751,30 ,3.25098e-10 ,0 
752,30.04 ,3.55217e-10 ,0 
753,30.08 ,3.88136e-10 ,0 
754,30.12 ,4.24117e-10 ,0 
755,30.16 ,4.63446e-10 ,0 
756,30.2 ,5.06434e-10 ,0 
757,30.24 ,5.53425e-10 ,0 
758,30.28 ,6.04791e-10 ,0 
759,30.32 ,6.60941e-10 ,0 
760,30.36 ,7.22323e-10 ,0 
761,30.4 ,7.89426e-10 ,0 
762,30.44 ,8.62784e-10 ,0 
763,30.48 ,9.42983e-10 ,0 
764,30.52 ,1.03066e-09 ,0 
765,30.56 ,1.12652e-09 ,0 
766,30.6 ,1.23133e-09 ,0 
767,30.64 ,1.34592e-09 ,0 
768,30.68 ,1.47121e-09 ,0 
769,30.72 ,1.60821e-09 ,0 
770,30.76 ,1.758e-09 ,0 
771,30.8 ,1.9218e-09 ,0 
772,30.84 ,2.10091e-09 ,0 
773,30.88 ,2.29677e-09 ,0 
774,30.92 ,2.51094e-09 ,0 
775,30.96 ,2.74516e-09 ,0 
776,31 ,3.0013e-09 ,0 
777,31.04 ,3.28141e-09 ,0 
778,31.08 ,3.58776e-09 ,0 
779,31.12 ,3.9228e-09 ,0 
780,31.16 ,4.28923e-09 ,0 
781,31.2 ,4.69e-09 ,0 
782,31.24 ,5.12834e-09 ,0 
783,31.28 ,5.60778e-09 ,0 
784,31.32 ,6.13219e-09 ,0 
785,31.36 ,6.7058e-09 ,0 
786,31.4 ,7.33324e-09 ,0 
787,31.44 ,8.01957e-09 ,0 
788,31.48 ,8.77035e-09 ,0 
789,31.52 ,9.59163e-09 ,0 
790,31.56 ,1.04901e-08 ,0 
791,31.6 ,1.14729e-08 ,0 
792,31.64 ,1.25482e-08 ,0 
793,31.68 ,1.37245e-08 ,0 
794,31.72 ,1.50115e-08 ,0 
795,31.76 ,1.64195e-08 ,0 
796,31.8 ,1.796e-08 ,0 
797,31.84 ,1.96454e-08 ,0 
798,31.88 ,2.14896e-08 ,0 
799,31.92 ,2.35073e-08 ,0 
800,31.96 ,2.57152e-08 ,0 
801,32 ,2.8131e-08 ,0 
802,32.04 ,3.07744e-08 ,0 
803,32.08 ,3.36671e-08 ,0 
804,32.12 ,3.68324e-08 ,0 
805,32.16 ,4.02963e-08 ,0 
806,32.2 ,4.40869e-08 ,0 
807,32.24 ,4.82351e-08 ,0 
808,32.28 ,5.27748e-08 ,0 
809,32.32 ,5.77431e-08 ,0 
810,32.36 ,6.31805e-08 ,0 
811,32.4 ,6.91314e-08 ,0 
812,32.44 ,7.56445e-08 ,0 
813,32.48 ,8.27731e-08 ,0 
814,32.52 ,9.05753e-08 ,0 
815,32.56 ,9.91152e-08 ,0 
816,32.6 ,1.08463e-07 ,0 
817,32.64 ,1.18694e-07 ,0 
818,32.68 ,1.29894e-07 ,0 
819,32.72 ,1.42153e-07 ,0 
820,32.76 ,1.55573e-07 ,0 
821,32.8 ,1.70263e-07 ,0 
822,32.84 ,1.86344e-07 ,0 
823,32.88 ,2.03949e-07 ,0 
824,32.92 ,2.23221e-07 ,0 
825,32.96 ,2.4432e-07 ,0 
826,33 ,2.67419e-07 ,0 
827,33.04 ,2.92708e-07 ,0 
828,33.08 ,3.20395e-07 ,0 
829,33.12 ,3.50708e-07 ,0 
830,33.16 ,3.83897e-07 ,0 
831,33.2 ,4.20236e-07 ,0 
832,33.24 ,4.60024e-07 ,0 
833,33.28 ,5.0359e-07 ,0 
834,33.32 ,5.51293e-07 ,0 
835,33.36 ,6.03528e-07 ,0 
836,33.4 ,6.60725e-07 ,0 
837,33.44 ,7.23357e-07 ,0 
838,33.48 ,7.91943e-07 ,0 
839,33.52 ,8.67049e-07 ,0 
840,33.56 ,9.49298e-07 ,0 
841,33.6 ,1.03937e-06 ,0 
842,33.64 ,1.13801e-06 ,0 
843,33.68 ,1.24604e-06 ,0 
844,33.72 ,1.36435e-06 ,0 
845,33.76 ,1.49393e-06 ,0 
846,33.8 ,1.63584e-06 ,0 
847,33.84 ,1.79127e-06 ,0 
848,33.88 ,1.9615e-06 ,0 
849,33.92 ,2.14796e-06 ,0 
850,33.96 ,2.35219e-06 ,0 
851,34 ,2.57589e-06 ,0 
852,34.04 ,2.82092e-06 ,0 
853,34.08 ,3.08932e-06 ,0 
854,34.12 ,3.38332e-06 ,0 
855,34.16 ,3.70537e-06 ,0 
856,34.2 ,4.05816e-06 ,0 
857,34.24 ,4.44462e-06 ,0 
858,34.28 ,4.86798e-06 ,0 
859,34.32 ,5.33177e-06 ,0 
860,34.36 ,5.83986e-06 ,0 
861,34.4 ,6.3965e-06 ,0 
862,34.44 ,7.00632e-06 ,0 
863,34.48 ,7.67443e-06 ,0 
864,34.52 ,8.40641e-06 ,0 
865,34.56 ,9.20838e-06 ,0 
866,34.6 ,1.00871e-05 ,0 
867,34.64 ,1.10498e-05 ,0 
868,34.68 ,1.21046e-05 ,0 
869,34.72 ,1.32604e-05 ,0 
870,34.76 ,1.45268e-05 ,0 
871,34.8 ,1.59145e-05 ,0 
872,34.84 ,1.7435e-05 ,0 
873,34.88 ,1.91012e-05 ,0 
874,34.92 ,2.0927e-05 ,0 
875,34.96 ,2.29278e-05 ,0 
876,35 ,2.51203e-05 ,0 
877,35.04 ,2.7523e-05 ,0 
878,35.08 ,3.0156e-05 ,0 
879,35.12 ,3.30416e-05 ,0 
880,35.16 ,3.62039e-05 ,0 
881,35.2 ,3.96696e-05 ,0 
882,35.24 ,4.34679e-05 ,0 
883,35.28 ,4.76307e-05 ,0 
884,35.32 ,5.21931e-05 ,0 
885,35.36 ,5.71936e-05 ,0 
886,35.4 ,6.26744e-05 ,0 
887,35.44 ,6.86815e-05 ,0 
888,35.48 ,7.52658e-05 ,0 
889,35.52 ,8.24828e-05 ,0 
890,35.56 ,9.03934e-05 ,0 
891,35.6 ,9.90645e-05 ,0 
892,35.64 ,0.000108569 ,0 
893,35.68 ,0.000118988 ,0 
894,35.72 ,0.000130409 ,0 
895,35.76 ,0.000142929 ,0 
896,35.8 ,0.000156653 ,0 
897,35.84 ,0.000171699 ,0 
898,35.88 ,0.000188193 ,0 
899,35.92 ,0.000206274 ,0 
900,35.96 ,0.000226097 ,0 
901,36 ,0.00024783 ,0 
902,36.04 ,0.000271656 ,0 
903,36.08 ,0.000297777 ,0 
904,36.12 ,0.000326416 ,0 
905,36.16 ,0.000357816 ,0 
906,36.2 ,0.000392243 ,0 
907,36.24 ,0.00042999 ,0 
908,36.28 ,0.000471378 ,0 
909,36.32 ,0.000516758 ,0 
910,36.36 ,0.000566516 ,0 
911,36.4 ,0.000621076 ,0 
912,36.44 ,0.000680902 ,0 
913,36.48 ,0.000746504 ,0 
914,36.52 ,0.000818441 ,0 
915,36.56 ,0.000897324 ,0 
916,36.6 ,0.000983827 ,0 
917,36.64 ,0.00107869 ,0 
918,36.68 ,0.00118271 ,0 
919,36.72 ,0.00129679 ,0 
920,36.76 ,0.0014219 ,0 
921,36.8 ,0.0015591 ,0 
922,36.84 ,0.00170957 ,0 
923,36.88 ,0.0018746 ,0 
924,36.92 ,0.00205558 ,0 
925,36.96 ,0.00225408 ,0 
926,37 ,0.00247179 ,0 
927,37.04 ,0.00271057 ,0 
928,37.08 ,0.00297246 ,0 
929,37.12 ,0.00325971 ,0 
930,37.16 ,0.00357478 ,0 
931,37.2 ,0.00392036 ,0 
932,37.24 ,0.00429942 ,0 
933,37.28 ,0.00471521 ,0 
934,37.32 ,0.0051713 ,0 
935,37.36 ,0.00567159 ,0 
936,37.4 ,0.00622038 ,0 
937,37.44 ,0.00682238 ,0 
938,37.48 ,0.00748276 ,0 
939,37.52 ,0.0082072 ,0 
940,37.56 ,0.00900191 ,0 
941,37.6 ,0.00987373 ,0 
942,37.64 ,0.0108302 ,0 
943,37.68 ,0.0118794 ,0 
944,37.72 ,0.0130306 ,0 
945,37.76 ,0.0142935 ,0 
946,37.8 ,0.015679 ,0 
947,37.84 ,0.0171991 ,0 
948,37.88 ,0.0188669 ,0 
949,37.92 ,0.0206967 ,0 
950,37.96 ,0.0227044 ,0 
951,38 ,0.0249072 ,0 
952,38.04 ,0.0273241 ,0 
953,38.08 ,0.0299761 ,0 
954,38.12 ,0.0328859 ,0 
955,38.16 ,0.0360787 ,0 
956,38.2 ,0.0395822 ,0 
957,38.24 ,0.0434265 ,0 
958,38.28 ,0.0476449 ,0 
959,38.32 ,0.0522738 ,0 
960,38.36 ,0.0573534 ,0 
961,38.4 ,0.0629275 ,0 
962,38.44 ,0.0690444 ,0 
963,38.48 ,0.0757571 ,0 
964,38.52 ,0.0831236 ,0 
965,38.56 ,0.0912078 ,0 
966,38.6 ,0.10008 ,0 
967,38.64 ,0.109816 ,0 
968,38.68 ,0.120502 ,0 
969,38.72 ,0.132229 ,0 
970,38.76 ,0.1451 ,0 
971,38.8 ,0.159226 ,0 
972,38.84 ,0.17473 ,0 
973,38.88 ,0.191746 ,0 
974,38.92 ,0.210422 ,0 
975,38.96 ,0.230921 ,0 
976,39 ,0.253421 ,0 
977,39.04 ,0.278117 ,0 
978,39.08 ,0.305224 ,0 
979,39.12 ,0.334977 ,0 
980,39.16 ,0.367637 ,0 
981,39.2 ,0.403487 ,0 
982,39.24 ,0.442839 ,0 
983,39.28 ,0.486036 ,0 
984,39.32 ,0.533454 ,0 
985,39.36 ,0.585508 ,0 
986,39.4 ,0.642649 ,0 
987,39.44 ,0.705377 ,0 
988,39.48 ,0.774239 ,0 
989,39.52 ,0.849836 ,0 
990,39.56 ,0.932828 ,0 
991,39.6 ,1.02394 ,0 
992,39.64 ,1.12396 ,0 
993,39.68 ,1.23378 ,0 
994,39.72 ,1.35434 ,0 
995,39.76 ,1.4867 ,0 
996,39.8 ,1.63203 ,0 
997,39.84 ,1.79158 ,0 
998,39.88 ,1.96676 ,0 
999,39.92 ,2.1591 ,0 
1000,39.96 ,2.37028 ,0 