
1,0 ,0.0996182 ,3.05344 
2,0.05 ,0.0996182 ,3.05339 
3,0.1 ,0.0996182 ,3.05327 
4,0.15 ,0.148476 ,3.05306 
5,0.2 ,0.1962 ,3.05278 
6,0.25 ,0.242426 ,3.05241 
7,0.3 ,0.286801 ,3.05195 
8,0.35 ,0.328988 ,3.05142 
9,0.4 ,0.368664 ,3.0508 
10,0.45 ,0.405528 ,3.0501 
11,0.5 ,0.439298 ,3.04932 
12,0.55 ,0.469719 ,3.04845 
13,0.6 ,0.496558 ,3.0475 
14,0.65 ,0.519613 ,3.04647 
15,0.7 ,0.53871 ,3.04536 
16,0.75 ,0.553703 ,3.04417 
17,0.8 ,0.564482 ,3.04289 
18,0.85 ,0.570965 ,3.04153 
19,0.9 ,0.573105 ,3.04009 
20,0.95 ,0.570888 ,3.03857 
21,1 ,0.564333 ,3.03696 
22,1.05 ,0.553492 ,3.03527 
23,1.1 ,0.538449 ,3.0335 
24,1.15 ,0.519322 ,3.03165 
25,1.2 ,0.496258 ,3.02971 
26,1.25 ,0.469433 ,3.02769 
27,1.3 ,0.439054 ,3.02559 
28,1.35 ,0.405353 ,3.02341 
29,1.4 ,0.368587 ,3.02114 
30,1.45 ,0.329036 ,3.0188 
31,1.5 ,0.287001 ,3.01637 
32,1.55 ,0.242802 ,3.01385 
33,1.6 ,0.196772 ,3.01126 
34,1.65 ,0.14926 ,3.00858 
35,1.7 ,0.100625 ,3.00582 
36,1.75 ,0.0512333 ,3.00298 
37,1.8 ,0.00145711 ,3.00006 
38,1.85 ,-0.0483301 ,2.99705 
39,1.9 ,-0.0977551 ,2.99396 
40,1.95 ,-0.146448 ,2.99079 
41,2 ,-0.194046 ,2.98754 
42,2.05 ,-0.240194 ,2.9842 
43,2.1 ,-0.28455 ,2.98078 
44,2.15 ,-0.326784 ,2.97728 
45,2.2 ,-0.366586 ,2.9737 
46,2.25 ,-0.403661 ,2.97003 
47,2.3 ,-0.437738 ,2.96628 
48,2.35 ,-0.468568 ,2.96245 
49,2.4 ,-0.495926 ,2.95854 
50,2.45 ,-0.519615 ,2.95454 
51,2.5 ,-0.539464 ,2.95047 
52,2.55 ,-0.555333 ,2.94631 
53,2.6 ,-0.56711 ,2.94206 
54,2.65 ,-0.574714 ,2.93774 
55,2.7 ,-0.578096 ,2.93333 
56,2.75 ,-0.577237 ,2.92884 
57,2.8 ,-0.572149 ,2.92427 
58,2.85 ,-0.562878 ,2.91962 
59,2.9 ,-0.549496 ,2.91488 
60,2.95 ,-0.532108 ,2.91006 
61,3 ,-0.510848 ,2.90516 
62,3.05 ,-0.485876 ,2.90018 
63,3.1 ,-0.457379 ,2.89511 
64,3.15 ,-0.425571 ,2.88996 
65,3.2 ,-0.390687 ,2.88473 
66,3.25 ,-0.352984 ,2.87942 
67,3.3 ,-0.312739 ,2.87402 
68,3.35 ,-0.270246 ,2.86855 
69,3.4 ,-0.225814 ,2.86299 
70,3.45 ,-0.179765 ,2.85734 
71,3.5 ,-0.132431 ,2.85162 
72,3.55 ,-0.0841527 ,2.84581 
73,3.6 ,-0.0352752 ,2.83992 
74,3.65 ,0.013853 ,2.83395 
75,3.7 ,0.0628832 ,2.82789 
76,3.75 ,0.111469 ,2.82176 
77,3.8 ,0.159268 ,2.81554 
78,3.85 ,0.205945 ,2.80924 
79,3.9 ,0.251176 ,2.80285 
80,3.95 ,0.294646 ,2.79639 
81,4 ,0.336055 ,2.78984 
82,4.05 ,0.375119 ,2.78321 
83,4.1 ,0.411572 ,2.77649 
84,4.15 ,0.445168 ,2.7697 
85,4.2 ,0.475679 ,2.76282 
86,4.25 ,0.502904 ,2.75586 
87,4.3 ,0.526662 ,2.74881 
88,4.35 ,0.546799 ,2.74169 
89,4.4 ,0.563186 ,2.73448 
90,4.45 ,0.575722 ,2.72719 
91,4.5 ,0.58433 ,2.71982 
92,4.55 ,0.588963 ,2.71236 
93,4.6 ,0.589601 ,2.70483 
94,4.65 ,0.58625 ,2.69721 
95,4.7 ,0.578943 ,2.6895 
96,4.75 ,0.567742 ,2.68172 
97,4.8 ,0.552733 ,2.67385 
98,4.85 ,0.534026 ,2.6659 
99,4.9 ,0.511759 ,2.65787 
100,4.95 ,0.486089 ,2.64976 
101,5 ,0.457197 ,2.64156 
102,5.05 ,0.425285 ,2.63328 
103,5.1 ,0.390571 ,2.62492 
104,5.15 ,0.353292 ,2.61648 
105,5.2 ,0.313701 ,2.60795 
106,5.25 ,0.272063 ,2.59935 
107,5.3 ,0.228656 ,2.59066 
108,5.35 ,0.183768 ,2.58188 
109,5.4 ,0.137692 ,2.57303 
110,5.45 ,0.0907298 ,2.56409 
111,5.5 ,0.0431855 ,2.55507 
112,5.55 ,-0.004635 ,2.54597 
113,5.6 ,-0.0524261 ,2.53678 
114,5.65 ,-0.0998848 ,2.52752 
115,5.7 ,-0.146712 ,2.51817 
116,5.75 ,-0.192615 ,2.50873 
117,5.8 ,-0.23731 ,2.49922 
118,5.85 ,-0.280521 ,2.48962 
119,5.9 ,-0.321985 ,2.47994 
120,5.95 ,-0.361452 ,2.47018 
121,6 ,-0.398686 ,2.46034 
122,6.05 ,-0.433465 ,2.45041 
123,6.1 ,-0.465588 ,2.4404 
124,6.15 ,-0.494868 ,2.43031 
125,6.2 ,-0.52114 ,2.42014 
126,6.25 ,-0.544256 ,2.40988 
127,6.3 ,-0.564091 ,2.39955 
128,6.35 ,-0.58054 ,2.38913 
129,6.4 ,-0.59352 ,2.37862 
130,6.45 ,-0.602967 ,2.36804 
131,6.5 ,-0.608842 ,2.35737 
132,6.55 ,-0.611126 ,2.34662 
133,6.6 ,-0.609823 ,2.33579 
134,6.65 ,-0.604955 ,2.32487 
135,6.7 ,-0.596569 ,2.31388 
136,6.75 ,-0.58473 ,2.3028 
137,6.8 ,-0.569521 ,2.29164 
138,6.85 ,-0.551047 ,2.28039 
139,6.9 ,-0.529428 ,2.26907 
140,6.95 ,-0.504804 ,2.25766 
141,7 ,-0.477329 ,2.24617 
142,7.05 ,-0.44717 ,2.23459 
143,7.1 ,-0.414511 ,2.22294 
144,7.15 ,-0.379547 ,2.2112 
145,7.2 ,-0.342483 ,2.19938 
146,7.25 ,-0.303533 ,2.18747 
147,7.3 ,-0.262922 ,2.17549 
148,7.35 ,-0.22088 ,2.16342 
149,7.4 ,-0.177641 ,2.15127 
150,7.45 ,-0.133447 ,2.13904 
151,7.5 ,-0.0885373 ,2.12672 
152,7.55 ,-0.0431566 ,2.11433 
153,7.6 ,0.00245266 ,2.10185 
154,7.65 ,0.0480492 ,2.08928 
155,7.7 ,0.0933949 ,2.07664 
156,7.75 ,0.138255 ,2.06391 
157,7.8 ,0.182402 ,2.0511 
158,7.85 ,0.225613 ,2.03821 
159,7.9 ,0.267673 ,2.02532 
160,7.95 ,0.308377 ,2.01258 
161,8 ,0.347527 ,2 
162,8.05 ,0.384939 ,1.98758 
163,8.1 ,0.420436 ,1.97531 
164,8.15 ,0.453854 ,1.96319 
165,8.2 ,0.485043 ,1.95122 
166,8.25 ,0.513864 ,1.93939 
167,8.3 ,0.54019 ,1.92771 
168,8.35 ,0.563911 ,1.91617 
169,8.4 ,0.584927 ,1.90476 
170,8.45 ,0.603154 ,1.89349 
171,8.5 ,0.618523 ,1.88235 
172,8.55 ,0.630979 ,1.87135 
173,8.6 ,0.640479 ,1.86047 
174,8.65 ,0.646996 ,1.84971 
175,8.7 ,0.650518 ,1.83908 
176,8.75 ,0.651046 ,1.82857 
177,8.8 ,0.648594 ,1.81818 
178,8.85 ,0.64319 ,1.80791 
179,8.9 ,0.634875 ,1.79775 
180,8.95 ,0.623703 ,1.78771 
181,9 ,0.609741 ,1.77778 
182,9.05 ,0.593065 ,1.76796 
183,9.1 ,0.573764 ,1.75824 
184,9.15 ,0.551938 ,1.74863 
185,9.2 ,0.527695 ,1.73913 
186,9.25 ,0.501156 ,1.72973 
187,9.3 ,0.472446 ,1.72043 
188,9.35 ,0.441701 ,1.71123 
189,9.4 ,0.409064 ,1.70213 
190,9.45 ,0.374684 ,1.69312 
191,9.5 ,0.338716 ,1.68421 
192,9.55 ,0.301319 ,1.67539 
193,9.6 ,0.262659 ,1.66667 
194,9.65 ,0.222902 ,1.65803 
195,9.7 ,0.18222 ,1.64948 
196,9.75 ,0.140785 ,1.64103 
197,9.8 ,0.098772 ,1.63265 
198,9.85 ,0.0563548 ,1.62437 
199,9.9 ,0.0137084 ,1.61616 
200,9.95 ,-0.0289937 ,1.60804 
201,10 ,-0.0715792 ,1.6 
202,10.05 ,-0.113878 ,1.59204 
203,10.1 ,-0.155723 ,1.58416 
204,10.15 ,-0.196951 ,1.57635 
205,10.2 ,-0.237401 ,1.56863 
206,10.25 ,-0.276919 ,1.56098 
207,10.3 ,-0.315355 ,1.5534 
208,10.35 ,-0.352565 ,1.54589 
209,10.4 ,-0.388409 ,1.53846 
210,10.45 ,-0.422758 ,1.5311 
211,10.5 ,-0.455486 ,1.52381 
212,10.55 ,-0.486477 ,1.51659 
213,10.6 ,-0.51562 ,1.50943 
214,10.65 ,-0.542814 ,1.50235 
215,10.7 ,-0.567966 ,1.49533 
216,10.75 ,-0.590991 ,1.48837 
217,10.8 ,-0.611814 ,1.48148 
218,10.85 ,-0.630368 ,1.47465 
219,10.9 ,-0.646593 ,1.46789 
220,10.95 ,-0.660442 ,1.46119 
221,11 ,-0.671874 ,1.45455 
222,11.05 ,-0.680859 ,1.44796 
223,11.1 ,-0.687375 ,1.44144 
224,11.15 ,-0.69141 ,1.43498 
225,11.2 ,-0.69296 ,1.42857 
226,11.25 ,-0.692031 ,1.42222 
227,11.3 ,-0.688638 ,1.41593 
228,11.35 ,-0.682802 ,1.40969 
229,11.4 ,-0.674555 ,1.40351 
230,11.45 ,-0.663938 ,1.39738 
231,11.5 ,-0.650997 ,1.3913 
232,11.55 ,-0.635787 ,1.38528 
233,11.6 ,-0.618372 ,1.37931 
234,11.65 ,-0.59882 ,1.37339 
235,11.7 ,-0.577209 ,1.36752 
236,11.75 ,-0.55362 ,1.3617 
237,11.8 ,-0.528144 ,1.35593 
238,11.85 ,-0.500873 ,1.35021 
239,11.9 ,-0.471909 ,1.34454 
240,11.95 ,-0.441355 ,1.33891 
241,12 ,-0.409321 ,1.33333 
242,12.05 ,-0.37592 ,1.3278 
243,12.1 ,-0.341269 ,1.32231 
244,12.15 ,-0.305487 ,1.31687 
245,12.2 ,-0.268698 ,1.31148 
246,12.25 ,-0.231026 ,1.30612 
247,12.3 ,-0.192598 ,1.30081 
248,12.35 ,-0.153542 ,1.29555 
249,12.4 ,-0.113988 ,1.29032 
250,12.45 ,-0.074065 ,1.28514 
251,12.5 ,-0.0339038 ,1.28 
252,12.55 ,0.00636614 ,1.2749 
253,12.6 ,0.0466159 ,1.26984 
254,12.65 ,0.0867174 ,1.26482 
255,12.7 ,0.126544 ,1.25984 
256,12.75 ,0.165972 ,1.2549 
257,12.8 ,0.204878 ,1.25 
258,12.85 ,0.243142 ,1.24514 
259,12.9 ,0.280648 ,1.24031 
260,12.95 ,0.317282 ,1.23552 
261,13 ,0.352934 ,1.23077 
262,13.05 ,0.387498 ,1.22605 
263,13.1 ,0.420872 ,1.22137 
264,13.15 ,0.452958 ,1.21673 
265,13.2 ,0.483663 ,1.21212 
266,13.25 ,0.5129 ,1.20755 
267,13.3 ,0.540584 ,1.20301 
268,13.35 ,0.56664 ,1.1985 
269,13.4 ,0.590994 ,1.19403 
270,13.45 ,0.61358 ,1.18959 
271,13.5 ,0.634338 ,1.18519 
272,13.55 ,0.653212 ,1.18081 
273,13.6 ,0.670153 ,1.17647 
274,13.65 ,0.685119 ,1.17216 
275,13.7 ,0.698073 ,1.16788 
276,13.75 ,0.708984 ,1.16364 
277,13.8 ,0.717828 ,1.15942 
278,13.85 ,0.724586 ,1.15523 
279,13.9 ,0.729248 ,1.15108 
280,13.95 ,0.731805 ,1.14695 
281,14 ,0.73226 ,1.14286 
282,14.05 ,0.730618 ,1.13879 
283,14.1 ,0.726891 ,1.13475 
284,14.15 ,0.721097 ,1.13074 
285,14.2 ,0.713259 ,1.12676 
286,14.25 ,0.703408 ,1.12281 
287,14.3 ,0.691578 ,1.11888 
288,14.35 ,0.677809 ,1.11498 
289,14.4 ,0.662145 ,1.11111 
290,14.45 ,0.644639 ,1.10727 
291,14.5 ,0.625343 ,1.10345 
292,14.55 ,0.604318 ,1.09966 
293,14.6 ,0.581628 ,1.09589 
294,14.65 ,0.55734 ,1.09215 
295,14.7 ,0.531527 ,1.08844 
296,14.75 ,0.504264 ,1.08475 
297,14.8 ,0.47563 ,1.08108 
298,14.85 ,0.445707 ,1.07744 
299,14.9 ,0.414581 ,1.07383 
300,14.95 ,0.382339 ,1.07023 
301,15 ,0.349071 ,1.06667 
302,15.05 ,0.31487 ,1.06312 
303,15.1 ,0.279831 ,1.0596 
304,15.15 ,0.244048 ,1.05611 
305,15.2 ,0.207619 ,1.05263 
306,15.25 ,0.170642 ,1.04918 
307,15.3 ,0.133216 ,1.04575 
308,15.35 ,0.0954413 ,1.04235 
309,15.4 ,0.0574171 ,1.03896 
310,15.45 ,0.0192433 ,1.0356 
311,15.5 ,-0.0189805 ,1.03226 
312,15.55 ,-0.0571553 ,1.02894 
313,15.6 ,-0.0951827 ,1.02564 
314,15.65 ,-0.132965 ,1.02236 
315,15.7 ,-0.170408 ,1.01911 
316,15.75 ,-0.207414 ,1.01587 
317,15.8 ,-0.243893 ,1.01266 
318,15.85 ,-0.279753 ,1.00946 
319,15.9 ,-0.314905 ,1.00629 
320,15.95 ,-0.349262 ,1.00313 
321,16 ,-0.382741 ,1 
322,16.05 ,-0.415261 ,0.996885 
323,16.1 ,-0.446744 ,0.993789 
324,16.15 ,-0.477113 ,0.990712 
325,16.2 ,-0.506298 ,0.987654 
326,16.25 ,-0.534229 ,0.984615 
327,16.3 ,-0.560841 ,0.981595 
328,16.35 ,-0.586073 ,0.978593 
329,16.4 ,-0.609868 ,0.97561 
330,16.45 ,-0.632171 ,0.972644 
331,16.5 ,-0.652933 ,0.969697 
332,16.55 ,-0.672107 ,0.966767 
333,16.6 ,-0.689653 ,0.963855 
334,16.65 ,-0.705532 ,0.960961 
335,16.7 ,-0.719711 ,0.958084 
336,16.75 ,-0.732161 ,0.955224 
337,16.8 ,-0.742858 ,0.952381 
338,16.85 ,-0.751782 ,0.949555 
339,16.9 ,-0.758915 ,0.946746 
340,16.95 ,-0.764248 ,0.943953 
341,17 ,-0.767771 ,0.941176 
342,17.05 ,-0.769483 ,0.938416 
343,17.1 ,-0.769384 ,0.935673 
344,17.15 ,-0.767481 ,0.932945 
345,17.2 ,-0.763782 ,0.930233 
346,17.25 ,-0.758302 ,0.927536 
347,17.3 ,-0.751058 ,0.924855 
348,17.35 ,-0.742072 ,0.92219 
349,17.4 ,-0.731371 ,0.91954 
350,17.45 ,-0.718983 ,0.916905 
351,17.5 ,-0.704942 ,0.914286 
352,17.55 ,-0.689285 ,0.911681 
353,17.6 ,-0.672053 ,0.909091 
354,17.65 ,-0.653288 ,0.906516 
355,17.7 ,-0.633039 ,0.903955 
356,17.75 ,-0.611354 ,0.901408 
357,17.8 ,-0.588288 ,0.898876 
358,17.85 ,-0.563895 ,0.896359 
359,17.9 ,-0.538235 ,0.893855 
360,17.95 ,-0.511369 ,0.891365 
361,18 ,-0.483359 ,0.888889 
362,18.05 ,-0.454272 ,0.886427 
363,18.1 ,-0.424175 ,0.883978 
364,18.15 ,-0.393138 ,0.881543 
365,18.2 ,-0.361232 ,0.879121 
366,18.25 ,-0.328529 ,0.876712 
367,18.3 ,-0.295104 ,0.874317 
368,18.35 ,-0.261032 ,0.871935 
369,18.4 ,-0.226389 ,0.869565 
370,18.45 ,-0.191252 ,0.867209 
371,18.5 ,-0.1557 ,0.864865 
372,18.55 ,-0.119809 ,0.862534 
373,18.6 ,-0.0836594 ,0.860215 
374,18.65 ,-0.0473293 ,0.857909 
375,18.7 ,-0.0108972 ,0.855615 
376,18.75 ,0.0255583 ,0.853333 
377,18.8 ,0.0619591 ,0.851064 
378,18.85 ,0.0982277 ,0.848806 
379,18.9 ,0.134287 ,0.846561 
380,18.95 ,0.170062 ,0.844327 
381,19 ,0.205476 ,0.842105 
382,19.05 ,0.240456 ,0.839895 
383,19.1 ,0.27493 ,0.837696 
384,19.15 ,0.308826 ,0.835509 
385,19.2 ,0.342075 ,0.833333 
386,19.25 ,0.374609 ,0.831169 
387,19.3 ,0.406363 ,0.829016 
388,19.35 ,0.437271 ,0.826873 
389,19.4 ,0.467272 ,0.824742 
390,19.45 ,0.496306 ,0.822622 
391,19.5 ,0.524317 ,0.820513 
392,19.55 ,0.551248 ,0.818414 
393,19.6 ,0.577048 ,0.816327 
394,19.65 ,0.601666 ,0.814249 
395,19.7 ,0.625055 ,0.812183 
396,19.75 ,0.647171 ,0.810127 
397,19.8 ,0.667972 ,0.808081 
398,19.85 ,0.687418 ,0.806045 
399,19.9 ,0.705475 ,0.80402 
400,19.95 ,0.722108 ,0.802005 
401,20 ,0.737289 ,0.8 
402,20.05 ,0.750991 ,0.798005 
403,20.1 ,0.763188 ,0.79602 
404,20.15 ,0.773862 ,0.794045 
405,20.2 ,0.782994 ,0.792079 
406,20.25 ,0.790571 ,0.790123 
407,20.3 ,0.79658 ,0.788177 
408,20.35 ,0.801014 ,0.786241 
409,20.4 ,0.803868 ,0.784314 
410,20.45 ,0.80514 ,0.782396 
411,20.5 ,0.804832 ,0.780488 
412,20.55 ,0.802948 ,0.778589 
413,20.6 ,0.799495 ,0.776699 
414,20.65 ,0.794485 ,0.774818 
415,20.7 ,0.787929 ,0.772947 
416,20.75 ,0.779846 ,0.771084 
417,20.8 ,0.770255 ,0.769231 
418,20.85 ,0.759176 ,0.767386 
419,20.9 ,0.746636 ,0.76555 
420,20.95 ,0.732662 ,0.763723 
421,21 ,0.717283 ,0.761905 
422,21.05 ,0.700534 ,0.760095 
423,21.1 ,0.682448 ,0.758294 
424,21.15 ,0.663064 ,0.756501 
425,21.2 ,0.642421 ,0.754717 
426,21.25 ,0.620562 ,0.752941 
427,21.3 ,0.59753 ,0.751174 
428,21.35 ,0.573372 ,0.749415 
429,21.4 ,0.548135 ,0.747664 
430,21.45 ,0.521871 ,0.745921 
431,21.5 ,0.494629 ,0.744186 
432,21.55 ,0.466464 ,0.742459 
433,21.6 ,0.437429 ,0.740741 
434,21.65 ,0.407582 ,0.73903 
435,21.7 ,0.376978 ,0.737327 
436,21.75 ,0.345677 ,0.735632 
437,21.8 ,0.313738 ,0.733945 
438,21.85 ,0.281221 ,0.732265 
439,21.9 ,0.248188 ,0.730594 
440,21.95 ,0.214699 ,0.728929 
441,22 ,0.180817 ,0.727273 
442,22.05 ,0.146605 ,0.725624 
443,22.1 ,0.112127 ,0.723982 
444,22.15 ,0.0774444 ,0.722348 
445,22.2 ,0.0426216 ,0.720721 
446,22.25 ,0.00772166 ,0.719101 
447,22.3 ,-0.0271922 ,0.717489 
448,22.35 ,-0.0620572 ,0.715884 
449,22.4 ,-0.0968107 ,0.714286 
450,22.45 ,-0.131391 ,0.712695 
451,22.5 ,-0.165736 ,0.711111 
452,22.55 ,-0.199785 ,0.709534 
453,22.6 ,-0.233478 ,0.707965 
454,22.65 ,-0.266757 ,0.706402 
455,22.7 ,-0.299562 ,0.704846 
456,22.75 ,-0.331838 ,0.703297 
457,22.8 ,-0.363528 ,0.701754 
458,22.85 ,-0.394578 ,0.700219 
459,22.9 ,-0.424934 ,0.69869 
460,22.95 ,-0.454545 ,0.697168 
461,23 ,-0.483361 ,0.695652 
462,23.05 ,-0.511332 ,0.694143 
463,23.1 ,-0.538413 ,0.692641 
464,23.15 ,-0.564558 ,0.691145 
465,23.2 ,-0.589723 ,0.689655 
466,23.25 ,-0.613867 ,0.688172 
467,23.3 ,-0.636951 ,0.686695 
468,23.35 ,-0.658937 ,0.685225 
469,23.4 ,-0.67979 ,0.683761 
470,23.45 ,-0.699475 ,0.682303 
471,23.5 ,-0.717963 ,0.680851 
472,23.55 ,-0.735224 ,0.679406 
473,23.6 ,-0.751231 ,0.677966 
474,23.65 ,-0.765959 ,0.676533 
475,23.7 ,-0.779387 ,0.675105 
476,23.75 ,-0.791493 ,0.673684 
477,23.8 ,-0.802261 ,0.672269 
478,23.85 ,-0.811675 ,0.67086 
479,23.9 ,-0.819722 ,0.669456 
480,23.95 ,-0.826391 ,0.668058 
481,24 ,-0.831675 ,0.666667 
482,24.05 ,-0.835566 ,0.665281 
483,24.1 ,-0.838062 ,0.6639 
484,24.15 ,-0.839161 ,0.662526 
485,24.2 ,-0.838864 ,0.661157 
486,24.25 ,-0.837175 ,0.659794 
487,24.3 ,-0.834099 ,0.658436 
488,24.35 ,-0.829644 ,0.657084 
489,24.4 ,-0.82382 ,0.655738 
490,24.45 ,-0.81664 ,0.654397 
491,24.5 ,-0.808118 ,0.653061 
492,24.55 ,-0.798272 ,0.651731 
493,24.6 ,-0.787119 ,0.650407 
494,24.65 ,-0.77468 ,0.649087 
495,24.7 ,-0.760979 ,0.647773 
496,24.75 ,-0.74604 ,0.646465 
497,24.8 ,-0.729891 ,0.645161 
498,24.85 ,-0.712559 ,0.643863 
499,24.9 ,-0.694075 ,0.64257 
500,24.95 ,-0.674471 ,0.641283 
501,25 ,-0.653781 ,0.64 
502,25.05 ,-0.63204 ,0.638723 
503,25.1 ,-0.609286 ,0.63745 
504,25.15 ,-0.585556 ,0.636183 
505,25.2 ,-0.560891 ,0.634921 
506,25.25 ,-0.535332 ,0.633663 
507,25.3 ,-0.50892 ,0.632411 
508,25.35 ,-0.481701 ,0.631164 
509,25.4 ,-0.453718 ,0.629921 
510,25.45 ,-0.425018 ,0.628684 
511,25.5 ,-0.395646 ,0.627451 
512,25.55 ,-0.365651 ,0.626223 
513,25.6 ,-0.335081 ,0.625 
514,25.65 ,-0.303985 ,0.623782 
515,25.7 ,-0.272413 ,0.622568 
516,25.75 ,-0.240415 ,0.621359 
517,25.8 ,-0.208041 ,0.620155 
518,25.85 ,-0.175344 ,0.618956 
519,25.9 ,-0.142374 ,0.617761 
520,25.95 ,-0.109183 ,0.61657 
521,26 ,-0.0758232 ,0.615385 
522,26.05 ,-0.0423461 ,0.614203 
523,26.1 ,-0.00880369 ,0.613027 
524,26.15 ,0.0247523 ,0.611855 
525,26.2 ,0.0582703 ,0.610687 
526,26.25 ,0.091699 ,0.609524 
527,26.3 ,0.124987 ,0.608365 
528,26.35 ,0.158085 ,0.607211 
529,26.4 ,0.190941 ,0.606061 
530,26.45 ,0.223506 ,0.604915 
531,26.5 ,0.255732 ,0.603774 
532,26.55 ,0.287571 ,0.602637 
533,26.6 ,0.318974 ,0.601504 
534,26.65 ,0.349895 ,0.600375 
535,26.7 ,0.380288 ,0.599251 
536,26.75 ,0.410109 ,0.598131 
537,26.8 ,0.439314 ,0.597015 
538,26.85 ,0.46786 ,0.595903 
539,26.9 ,0.495706 ,0.594796 
540,26.95 ,0.522811 ,0.593692 
541,27 ,0.549137 ,0.592593 
542,27.05 ,0.574645 ,0.591497 
543,27.1 ,0.5993 ,0.590406 
544,27.15 ,0.623065 ,0.589319 
545,27.2 ,0.645908 ,0.588235 
546,27.25 ,0.667797 ,0.587156 
547,27.3 ,0.688701 ,0.586081 
548,27.35 ,0.708591 ,0.585009 
549,27.4 ,0.72744 ,0.583942 
550,27.45 ,0.745221 ,0.582878 
551,27.5 ,0.761911 ,0.581818 
552,27.55 ,0.777488 ,0.580762 
553,27.6 ,0.79193 ,0.57971 
554,27.65 ,0.805219 ,0.578662 
555,27.7 ,0.817338 ,0.577617 
556,27.75 ,0.82827 ,0.576577 
557,27.8 ,0.838003 ,0.57554 
558,27.85 ,0.846524 ,0.574506 
559,27.9 ,0.853823 ,0.573477 
560,27.95 ,0.859892 ,0.572451 
561,28 ,0.864724 ,0.571429 
562,28.05 ,0.868315 ,0.57041 
563,28.1 ,0.870661 ,0.569395 
564,28.15 ,0.871762 ,0.568384 
565,28.2 ,0.871618 ,0.567376 
566,28.25 ,0.870232 ,0.566372 
567,28.3 ,0.867607 ,0.565371 
568,28.35 ,0.86375 ,0.564374 
569,28.4 ,0.858668 ,0.56338 
570,28.45 ,0.85237 ,0.56239 
571,28.5 ,0.844868 ,0.561404 
572,28.55 ,0.836174 ,0.56042 
573,28.6 ,0.826303 ,0.559441 
574,28.65 ,0.81527 ,0.558464 
575,28.7 ,0.803093 ,0.557491 
576,28.75 ,0.789791 ,0.556522 
577,28.8 ,0.775385 ,0.555556 
578,28.85 ,0.759897 ,0.554593 
579,28.9 ,0.743349 ,0.553633 
580,28.95 ,0.725767 ,0.552677 
581,29 ,0.707177 ,0.551724 
582,29.05 ,0.687607 ,0.550775 
583,29.1 ,0.667085 ,0.549828 
584,29.15 ,0.645642 ,0.548885 
585,29.2 ,0.623308 ,0.547945 
586,29.25 ,0.600115 ,0.547009 
587,29.3 ,0.576098 ,0.546075 
588,29.35 ,0.55129 ,0.545145 
589,29.4 ,0.525727 ,0.544218 
590,29.45 ,0.499445 ,0.543294 
591,29.5 ,0.472481 ,0.542373 
592,29.55 ,0.444873 ,0.541455 
593,29.6 ,0.416659 ,0.540541 
594,29.65 ,0.38788 ,0.539629 
595,29.7 ,0.358574 ,0.538721 
596,29.75 ,0.328783 ,0.537815 
597,29.8 ,0.298548 ,0.536913 
598,29.85 ,0.26791 ,0.536013 
599,29.9 ,0.236911 ,0.535117 
600,29.95 ,0.205593 ,0.534224 
601,30 ,0.173999 ,0.533333 
602,30.05 ,0.142172 ,0.532446 
603,30.1 ,0.110154 ,0.531561 
604,30.15 ,0.0779898 ,0.53068 
605,30.2 ,0.0457212 ,0.529801 
606,30.25 ,0.0133917 ,0.528926 
607,30.3 ,-0.0189556 ,0.528053 
608,30.35 ,-0.0512778 ,0.527183 
609,30.4 ,-0.083532 ,0.526316 
610,30.45 ,-0.115676 ,0.525452 
611,30.5 ,-0.147667 ,0.52459 
612,30.55 ,-0.179463 ,0.523732 
613,30.6 ,-0.211023 ,0.522876 
614,30.65 ,-0.242306 ,0.522023 
615,30.7 ,-0.27327 ,0.521173 
616,30.75 ,-0.303877 ,0.520325 
617,30.8 ,-0.334087 ,0.519481 
618,30.85 ,-0.36386 ,0.518639 
619,30.9 ,-0.393158 ,0.517799 
620,30.95 ,-0.421945 ,0.516963 
621,31 ,-0.450184 ,0.516129 
622,31.05 ,-0.477839 ,0.515298 
623,31.1 ,-0.504874 ,0.514469 
624,31.15 ,-0.531257 ,0.513644 
625,31.2 ,-0.556954 ,0.512821 
626,31.25 ,-0.581933 ,0.512 
627,31.3 ,-0.606162 ,0.511182 
628,31.35 ,-0.629613 ,0.510367 
629,31.4 ,-0.652256 ,0.509554 
630,31.45 ,-0.674064 ,0.508744 
631,31.5 ,-0.695009 ,0.507937 
632,31.55 ,-0.715067 ,0.507132 
633,31.6 ,-0.734213 ,0.506329 
634,31.65 ,-0.752425 ,0.505529 
635,31.7 ,-0.76968 ,0.504732 
636,31.75 ,-0.785959 ,0.503937 
637,31.8 ,-0.801242 ,0.503145 
638,31.85 ,-0.815511 ,0.502355 
639,31.9 ,-0.82875 ,0.501567 
640,31.95 ,-0.840945 ,0.500782 
641,32 ,-0.85208 ,0.5 
642,32.05 ,-0.862144 ,0.49922 
643,32.1 ,-0.871126 ,0.498442 
644,32.15 ,-0.879017 ,0.497667 
645,32.2 ,-0.885807 ,0.496894 
646,32.25 ,-0.891491 ,0.496124 
647,32.3 ,-0.896063 ,0.495356 
648,32.35 ,-0.899519 ,0.49459 
649,32.4 ,-0.901856 ,0.493827 
650,32.45 ,-0.903073 ,0.493066 
651,32.5 ,-0.903171 ,0.492308 
652,32.55 ,-0.90215 ,0.491551 
653,32.6 ,-0.900015 ,0.490798 
654,32.65 ,-0.896769 ,0.490046 
655,32.7 ,-0.892418 ,0.489297 
656,32.75 ,-0.886968 ,0.48855 
657,32.8 ,-0.88043 ,0.487805 
658,32.85 ,-0.872811 ,0.487062 
659,32.9 ,-0.864123 ,0.486322 
660,32.95 ,-0.854378 ,0.485584 
661,33 ,-0.843591 ,0.484848 
662,33.05 ,-0.831774 ,0.484115 
663,33.1 ,-0.818945 ,0.483384 
664,33.15 ,-0.805121 ,0.482655 
665,33.2 ,-0.790319 ,0.481928 
666,33.25 ,-0.774559 ,0.481203 
667,33.3 ,-0.757862 ,0.48048 
668,33.35 ,-0.74025 ,0.47976 
669,33.4 ,-0.721744 ,0.479042 
670,33.45 ,-0.702369 ,0.478326 
671,33.5 ,-0.682148 ,0.477612 
672,33.55 ,-0.661109 ,0.4769 
673,33.6 ,-0.639276 ,0.47619 
674,33.65 ,-0.616678 ,0.475483 
675,33.7 ,-0.593342 ,0.474777 
676,33.75 ,-0.569298 ,0.474074 
677,33.8 ,-0.544575 ,0.473373 
678,33.85 ,-0.519204 ,0.472674 
679,33.9 ,-0.493216 ,0.471976 
680,33.95 ,-0.466642 ,0.471281 
681,34 ,-0.439515 ,0.470588 
682,34.05 ,-0.411867 ,0.469897 
683,34.1 ,-0.383733 ,0.469208 
684,34.15 ,-0.355146 ,0.468521 
685,34.2 ,-0.326141 ,0.467836 
686,34.25 ,-0.296751 ,0.467153 
687,34.3 ,-0.267013 ,0.466472 
688,34.35 ,-0.236962 ,0.465793 
689,34.4 ,-0.206633 ,0.465116 
690,34.45 ,-0.176062 ,0.464441 
691,34.5 ,-0.145286 ,0.463768 
692,34.55 ,-0.11434 ,0.463097 
693,34.6 ,-0.0832609 ,0.462428 
694,34.65 ,-0.0520849 ,0.46176 
695,34.7 ,-0.0208485 ,0.461095 
696,34.75 ,0.0104122 ,0.460432 
697,34.8 ,0.0416608 ,0.45977 
698,34.85 ,0.0728612 ,0.45911 
699,34.9 ,0.103977 ,0.458453 
700,34.95 ,0.134974 ,0.457797 
701,35 ,0.165815 ,0.457143 
702,35.05 ,0.196465 ,0.456491 
703,35.1 ,0.22689 ,0.45584 
704,35.15 ,0.257054 ,0.455192 
705,35.2 ,0.286924 ,0.454545 
706,35.25 ,0.316466 ,0.453901 
707,35.3 ,0.345647 ,0.453258 
708,35.35 ,0.374434 ,0.452617 
709,35.4 ,0.402794 ,0.451977 
710,35.45 ,0.430696 ,0.45134 
711,35.5 ,0.458109 ,0.450704 
712,35.55 ,0.485003 ,0.45007 
713,35.6 ,0.511347 ,0.449438 
714,35.65 ,0.537114 ,0.448808 
715,35.7 ,0.562274 ,0.448179 
716,35.75 ,0.586799 ,0.447552 
717,35.8 ,0.610664 ,0.446927 
718,35.85 ,0.633843 ,0.446304 
719,35.9 ,0.65631 ,0.445682 
720,35.95 ,0.67804 ,0.445063 
721,36 ,0.699012 ,0.444444 
722,36.05 ,0.719202 ,0.443828 
723,36.1 ,0.738588 ,0.443213 
724,36.15 ,0.757151 ,0.4426 
725,36.2 ,0.774871 ,0.441989 
726,36.25 ,0.791729 ,0.441379 
727,36.3 ,0.807708 ,0.440771 
728,36.35 ,0.822791 ,0.440165 
729,36.4 ,0.836963 ,0.43956 
730,36.45 ,0.850209 ,0.438957 
731,36.5 ,0.862516 ,0.438356 
732,36.55 ,0.873871 ,0.437756 
733,36.6 ,0.884264 ,0.437158 
734,36.65 ,0.893684 ,0.436562 
735,36.7 ,0.902123 ,0.435967 
736,36.75 ,0.909571 ,0.435374 
737,36.8 ,0.916024 ,0.434783 
738,36.85 ,0.921474 ,0.434193 
739,36.9 ,0.925917 ,0.433604 
740,36.95 ,0.92935 ,0.433018 
741,37 ,0.93177 ,0.432432 
742,37.05 ,0.933176 ,0.431849 
743,37.1 ,0.933568 ,0.431267 
744,37.15 ,0.932947 ,0.430686 
745,37.2 ,0.931314 ,0.430108 
746,37.25 ,0.928674 ,0.42953 
747,37.3 ,0.925029 ,0.428954 
748,37.35 ,0.920386 ,0.42838 
749,37.4 ,0.914751 ,0.427807 
750,37.45 ,0.908131 ,0.427236 
751,37.5 ,0.900534 ,0.426667 
752,37.55 ,0.891971 ,0.426099 
753,37.6 ,0.882451 ,0.425532 
754,37.65 ,0.871985 ,0.424967 
755,37.7 ,0.860587 ,0.424403 
756,37.75 ,0.84827 ,0.423841 
757,37.8 ,0.835048 ,0.42328 
758,37.85 ,0.820936 ,0.422721 
759,37.9 ,0.805951 ,0.422164 
760,37.95 ,0.79011 ,0.421607 
761,38 ,0.77343 ,0.421053 
762,38.05 ,0.75593 ,0.420499 
763,38.1 ,0.73763 ,0.419948 
764,38.15 ,0.718551 ,0.419397 
765,38.2 ,0.698713 ,0.418848 
766,38.25 ,0.678138 ,0.418301 
767,38.3 ,0.65685 ,0.417755 
768,38.35 ,0.63487 ,0.41721 
769,38.4 ,0.612224 ,0.416667 
770,38.45 ,0.588936 ,0.416125 
771,38.5 ,0.565031 ,0.415584 
772,38.55 ,0.540535 ,0.415045 
773,38.6 ,0.515474 ,0.414508 
774,38.65 ,0.489875 ,0.413972 
775,38.7 ,0.463766 ,0.413437 
776,38.75 ,0.437174 ,0.412903 
777,38.8 ,0.410127 ,0.412371 
778,38.85 ,0.382655 ,0.41184 
779,38.9 ,0.354786 ,0.411311 
780,38.95 ,0.32655 ,0.410783 
781,39 ,0.297976 ,0.410256 
782,39.05 ,0.269095 ,0.409731 
783,39.1 ,0.239935 ,0.409207 
784,39.15 ,0.210529 ,0.408685 
785,39.2 ,0.180906 ,0.408163 
786,39.25 ,0.151097 ,0.407643 
787,39.3 ,0.121133 ,0.407125 
788,39.35 ,0.0910446 ,0.406607 
789,39.4 ,0.0608632 ,0.406091 
790,39.45 ,0.0306196 ,0.405577 
791,39.5 ,0.000344656 ,0.405063 
792,39.55 ,-0.0299306 ,0.404551 
793,39.6 ,-0.0601754 ,0.40404 
794,39.65 ,-0.090359 ,0.403531 
795,39.7 ,-0.120451 ,0.403023 
796,39.75 ,-0.15042 ,0.402516 
797,39.8 ,-0.180237 ,0.40201 
798,39.85 ,-0.209872 ,0.401506 
799,39.9 ,-0.239295 ,0.401003 
800,39.95 ,-0.268476 ,0.400501 
801,40 ,-0.297386 ,0.4 
802,40.05 ,-0.325997 ,0.399501 
803,40.1 ,-0.354279 ,0.399002 
804,40.15 ,-0.382206 ,0.398506 
805,40.2 ,-0.40975 ,0.39801 
806,40.25 ,-0.436882 ,0.397516 
807,40.3 ,-0.463578 ,0.397022 
808,40.35 ,-0.48981 ,0.39653 
809,40.4 ,-0.515553 ,0.39604 
810,40.45 ,-0.540781 ,0.39555 
811,40.5 ,-0.565471 ,0.395062 
812,40.55 ,-0.589599 ,0.394575 
813,40.6 ,-0.613141 ,0.394089 
814,40.65 ,-0.636074 ,0.393604 
815,40.7 ,-0.658377 ,0.39312 
816,40.75 ,-0.680028 ,0.392638 
817,40.8 ,-0.701007 ,0.392157 
818,40.85 ,-0.721293 ,0.391677 
819,40.9 ,-0.740868 ,0.391198 
820,40.95 ,-0.759713 ,0.39072 
821,41 ,-0.777811 ,0.390244 
822,41.05 ,-0.795144 ,0.389769 
823,41.1 ,-0.811696 ,0.389294 
824,41.15 ,-0.827453 ,0.388821 
825,41.2 ,-0.8424 ,0.38835 
826,41.25 ,-0.856522 ,0.387879 
827,41.3 ,-0.869808 ,0.387409 
828,41.35 ,-0.882246 ,0.386941 
829,41.4 ,-0.893823 ,0.386473 
830,41.45 ,-0.904531 ,0.386007 
831,41.5 ,-0.914359 ,0.385542 
832,41.55 ,-0.923299 ,0.385078 
833,41.6 ,-0.931344 ,0.384615 
834,41.65 ,-0.938487 ,0.384154 
835,41.7 ,-0.944721 ,0.383693 
836,41.75 ,-0.950043 ,0.383234 
837,41.8 ,-0.954447 ,0.382775 
838,41.85 ,-0.957932 ,0.382318 
839,41.9 ,-0.960494 ,0.381862 
840,41.95 ,-0.962132 ,0.381406 
841,42 ,-0.962846 ,0.380952 
842,42.05 ,-0.962635 ,0.380499 
843,42.1 ,-0.961503 ,0.380048 
844,42.15 ,-0.959449 ,0.379597 
845,42.2 ,-0.956479 ,0.379147 
846,42.25 ,-0.952595 ,0.378698 
847,42.3 ,-0.947802 ,0.378251 
848,42.35 ,-0.942106 ,0.377804 
849,42.4 ,-0.935514 ,0.377358 
850,42.45 ,-0.928032 ,0.376914 
851,42.5 ,-0.919669 ,0.376471 
852,42.55 ,-0.910434 ,0.376028 
853,42.6 ,-0.900337 ,0.375587 
854,42.65 ,-0.889388 ,0.375147 
855,42.7 ,-0.877598 ,0.374707 
856,42.75 ,-0.86498 ,0.374269 
857,42.8 ,-0.851546 ,0.373832 
858,42.85 ,-0.837311 ,0.373396 
859,42.9 ,-0.822287 ,0.37296 
860,42.95 ,-0.806491 ,0.372526 
861,43 ,-0.789939 ,0.372093 
862,43.05 ,-0.772645 ,0.371661 
863,43.1 ,-0.754629 ,0.37123 
864,43.15 ,-0.735906 ,0.3708 
865,43.2 ,-0.716496 ,0.37037 
866,43.25 ,-0.696418 ,0.369942 
867,43.3 ,-0.67569 ,0.369515 
868,43.35 ,-0.654333 ,0.369089 
869,43.4 ,-0.632368 ,0.368664 
870,43.45 ,-0.609816 ,0.368239 
871,43.5 ,-0.586697 ,0.367816 
872,43.55 ,-0.563035 ,0.367394 
873,43.6 ,-0.538852 ,0.366972 
874,43.65 ,-0.514171 ,0.366552 
875,43.7 ,-0.489014 ,0.366133 
876,43.75 ,-0.463407 ,0.365714 
877,43.8 ,-0.437373 ,0.365297 
878,43.85 ,-0.410936 ,0.36488 
879,43.9 ,-0.384121 ,0.364465 
880,43.95 ,-0.356953 ,0.36405 
881,44 ,-0.329458 ,0.363636 
882,44.05 ,-0.301661 ,0.363224 
883,44.1 ,-0.273588 ,0.362812 
884,44.15 ,-0.245265 ,0.362401 
885,44.2 ,-0.216718 ,0.361991 
886,44.25 ,-0.187973 ,0.361582 
887,44.3 ,-0.159057 ,0.361174 
888,44.35 ,-0.129996 ,0.360767 
889,44.4 ,-0.100817 ,0.36036 
890,44.45 ,-0.0715469 ,0.359955 
891,44.5 ,-0.0422115 ,0.359551 
892,44.55 ,-0.0128378 ,0.359147 
893,44.6 ,0.0165476 ,0.358744 
894,44.65 ,0.045918 ,0.358343 
895,44.7 ,0.0752469 ,0.357942 
896,44.75 ,0.104508 ,0.357542 
897,44.8 ,0.133675 ,0.357143 
898,44.85 ,0.162721 ,0.356745 
899,44.9 ,0.191622 ,0.356347 
900,44.95 ,0.22035 ,0.355951 
901,45 ,0.24888 ,0.355556 
902,45.05 ,0.277188 ,0.355161 
903,45.1 ,0.305247 ,0.354767 
904,45.15 ,0.333034 ,0.354374 
905,45.2 ,0.360523 ,0.353982 
906,45.25 ,0.38769 ,0.353591 
907,45.3 ,0.414512 ,0.353201 
908,45.35 ,0.440965 ,0.352811 
909,45.4 ,0.467026 ,0.352423 
910,45.45 ,0.492672 ,0.352035 
911,45.5 ,0.517881 ,0.351648 
912,45.55 ,0.542631 ,0.351262 
913,45.6 ,0.566901 ,0.350877 
914,45.65 ,0.590669 ,0.350493 
915,45.7 ,0.613915 ,0.350109 
916,45.75 ,0.63662 ,0.349727 
917,45.8 ,0.658763 ,0.349345 
918,45.85 ,0.680326 ,0.348964 
919,45.9 ,0.701291 ,0.348584 
920,45.95 ,0.72164 ,0.348205 
921,46 ,0.741355 ,0.347826 
922,46.05 ,0.760421 ,0.347448 
923,46.1 ,0.77882 ,0.347072 
924,46.15 ,0.796538 ,0.346696 
925,46.2 ,0.81356 ,0.34632 
926,46.25 ,0.829872 ,0.345946 
927,46.3 ,0.84546 ,0.345572 
928,46.35 ,0.860311 ,0.3452 
929,46.4 ,0.874414 ,0.344828 
930,46.45 ,0.887757 ,0.344456 
931,46.5 ,0.900329 ,0.344086 
932,46.55 ,0.91212 ,0.343716 
933,46.6 ,0.923121 ,0.343348 
934,46.65 ,0.933322 ,0.34298 
935,46.7 ,0.942717 ,0.342612 
936,46.75 ,0.951298 ,0.342246 
937,46.8 ,0.959057 ,0.34188 
938,46.85 ,0.96599 ,0.341515 
939,46.9 ,0.972092 ,0.341151 
940,46.95 ,0.977357 ,0.340788 
941,47 ,0.981783 ,0.340426 
942,47.05 ,0.985366 ,0.340064 
943,47.1 ,0.988104 ,0.339703 
944,47.15 ,0.989996 ,0.339343 
945,47.2 ,0.991041 ,0.338983 
946,47.25 ,0.991239 ,0.338624 
947,47.3 ,0.99059 ,0.338266 
948,47.35 ,0.989097 ,0.337909 
949,47.4 ,0.986761 ,0.337553 
950,47.45 ,0.983586 ,0.337197 
951,47.5 ,0.979574 ,0.336842 
952,47.55 ,0.97473 ,0.336488 
953,47.6 ,0.969059 ,0.336134 
954,47.65 ,0.962567 ,0.335782 
955,47.7 ,0.95526 ,0.33543 
956,47.75 ,0.947145 ,0.335079 
957,47.8 ,0.93823 ,0.334728 
958,47.85 ,0.928523 ,0.334378 
959,47.9 ,0.918033 ,0.334029 
960,47.95 ,0.90677 ,0.333681 
961,48 ,0.894744 ,0.333333 
962,48.05 ,0.881965 ,0.332986 
963,48.1 ,0.868447 ,0.33264 
964,48.15 ,0.854199 ,0.332295 
965,48.2 ,0.839236 ,0.33195 
966,48.25 ,0.823571 ,0.331606 
967,48.3 ,0.807217 ,0.331263 
968,48.35 ,0.790189 ,0.33092 
969,48.4 ,0.772501 ,0.330579 
970,48.45 ,0.754169 ,0.330237 
971,48.5 ,0.735209 ,0.329897 
972,48.55 ,0.715637 ,0.329557 
973,48.6 ,0.695471 ,0.329218 
974,48.65 ,0.674727 ,0.32888 
975,48.7 ,0.653424 ,0.328542 
976,48.75 ,0.631579 ,0.328205 
977,48.8 ,0.609212 ,0.327869 
978,48.85 ,0.586341 ,0.327533 
979,48.9 ,0.562985 ,0.327198 
980,48.95 ,0.539165 ,0.326864 
981,49 ,0.5149 ,0.326531 
982,49.05 ,0.490212 ,0.326198 
983,49.1 ,0.46512 ,0.325866 
984,49.15 ,0.439646 ,0.325534 
985,49.2 ,0.41381 ,0.325203 
986,49.25 ,0.387636 ,0.324873 
987,49.3 ,0.361144 ,0.324544 
988,49.35 ,0.334356 ,0.324215 
989,49.4 ,0.307295 ,0.323887 
990,49.45 ,0.279982 ,0.323559 
991,49.5 ,0.252442 ,0.323232 
992,49.55 ,0.224695 ,0.322906 
993,49.6 ,0.196765 ,0.322581 
994,49.65 ,0.168676 ,0.322256 
995,49.7 ,0.140449 ,0.321932 
996,49.75 ,0.112108 ,0.321608 
997,49.8 ,0.0836763 ,0.321285 
998,49.85 ,0.0551766 ,0.320963 
999,49.9 ,0.0266324 ,0.320641 
1000,49.95 ,-0.00193347 ,0.32032 