
1,0 ,0 ,0 
2,0.04 ,0 ,0 
3,0.08 ,0 ,0 
4,0.12 ,0.00493808 ,0 
5,0.16 ,0.00657387 ,0 
6,0.2 ,0.00820024 ,0 
7,0.24 ,0.00981485 ,0 
8,0.28 ,0.0114154 ,0 
9,0.32 ,0.0129996 ,0 
10,0.36 ,0.0145652 ,0 
11,0.4 ,0.0161099 ,0 
12,0.44 ,0.0176316 ,0 
13,0.48 ,0.0191281 ,0 
14,0.52 ,0.0205972 ,0 
15,0.56 ,0.022037 ,0 
16,0.6 ,0.0234453 ,0 
17,0.64 ,0.0248202 ,0 
18,0.68 ,0.0261598 ,0 
19,0.72 ,0.0274622 ,0 
20,0.76 ,0.0287255 ,0 
21,0.8 ,0.0299481 ,0 
22,0.84 ,0.0311282 ,0 
23,0.88 ,0.0322642 ,0 
24,0.92 ,0.0333546 ,0 
25,0.96 ,0.0343979 ,0 
26,1 ,0.0353927 ,0 
27,1.04 ,0.0363376 ,0 
28,1.08 ,0.0372315 ,0 
29,1.12 ,0.0380731 ,0 
30,1.16 ,0.0388613 ,0 
31,1.2 ,0.0395951 ,0 
32,1.24 ,0.0402737 ,0 
33,1.28 ,0.0408961 ,0 
34,1.32 ,0.0414616 ,0 
35,1.36 ,0.0419695 ,0 
36,1.4 ,0.0424192 ,0 
37,1.44 ,0.0428103 ,0 
38,1.48 ,0.0431423 ,0 
39,1.52 ,0.0434149 ,0 
40,1.56 ,0.0436279 ,0 
41,1.6 ,0.0437811 ,0 
42,1.64 ,0.0438744 ,0 
43,1.68 ,0.0439079 ,0 
44,1.72 ,0.0438817 ,0 
45,1.76 ,0.0437959 ,0 
46,1.8 ,0.0436509 ,0 
47,1.84 ,0.0434469 ,0 
48,1.88 ,0.0431846 ,0 
49,1.92 ,0.0428643 ,0 
50,1.96 ,0.0424866 ,0 
51,2 ,0.0420523 ,0 
52,2.04 ,0.0415622 ,0 
53,2.08 ,0.0410169 ,0 
54,2.12 ,0.0404175 ,0 
55,2.16 ,0.0397649 ,0 
56,2.2 ,0.0390601 ,0 
57,2.24 ,0.0383043 ,0 
58,2.28 ,0.0374986 ,0 
59,2.32 ,0.0366442 ,0 
60,2.36 ,0.0357424 ,0 
61,2.4 ,0.0347947 ,0 
62,2.44 ,0.0338022 ,0 
63,2.48 ,0.0327666 ,0 
64,2.52 ,0.0316893 ,0 
65,2.56 ,0.0305719 ,0 
66,2.6 ,0.0294158 ,0 
67,2.64 ,0.0282228 ,0 
68,2.68 ,0.0269945 ,0 
69,2.72 ,0.0257326 ,0 
70,2.76 ,0.0244387 ,0 
71,2.8 ,0.0231148 ,0 
72,2.84 ,0.0217624 ,0 
73,2.88 ,0.0203834 ,0 
74,2.92 ,0.0189797 ,0 
75,2.96 ,0.0175529 ,0 
76,3 ,0.0161051 ,0 
77,3.04 ,0.014638 ,0 
78,3.08 ,0.0131534 ,0 
79,3.12 ,0.0116532 ,0 
80,3.16 ,0.0101393 ,0 
81,3.2 ,0.00861357 ,0 
82,3.24 ,0.00707777 ,0 
83,3.28 ,0.00553377 ,0 
84,3.32 ,0.00398339 ,0 
85,3.36 ,0.00242846 ,0 
86,3.4 ,0.00087077 ,0 
87,3.44 ,-0.000687909 ,0 
88,3.48 ,-0.00224582 ,0 
89,3.52 ,-0.00380122 ,0 
90,3.56 ,-0.00535242 ,0 
91,3.6 ,-0.00689773 ,0 
92,3.64 ,-0.0084355 ,0 
93,3.68 ,-0.00996411 ,0 
94,3.72 ,-0.011482 ,0 
95,3.76 ,-0.0129876 ,0 
96,3.8 ,-0.0144794 ,0 
97,3.84 ,-0.0159559 ,0 
98,3.88 ,-0.0174158 ,0 
99,3.92 ,-0.0188576 ,0 
100,3.96 ,-0.0202799 ,0 
101,4 ,-0.0216816 ,0 
102,4.04 ,-0.0230613 ,0 
103,4.08 ,-0.0244178 ,0 
104,4.12 ,-0.02575 ,0 
105,4.16 ,-0.0270568 ,0 
106,4.2 ,-0.0283372 ,0 
107,4.24 ,-0.02959 ,0 
108,4.28 ,-0.0308144 ,0 
109,4.32 ,-0.0320095 ,0 
110,4.36 ,-0.0331744 ,0 
111,4.4 ,-0.0343084 ,0 
112,4.44 ,-0.0354106 ,0 
113,4.48 ,-0.0364804 ,0 
114,4.52 ,-0.0375172 ,0 
115,4.56 ,-0.0385204 ,0 
116,4.6 ,-0.0394894 ,0 
117,4.64 ,-0.0404238 ,0 
118,4.68 ,-0.0413231 ,0 
119,4.72 ,-0.042187 ,0 
120,4.76 ,-0.0430152 ,0 
121,4.8 ,-0.0438073 ,0 
122,4.84 ,-0.0445632 ,0 
123,4.88 ,-0.0452827 ,0 
124,4.92 ,-0.0459656 ,0 
125,4.96 ,-0.0466119 ,0 
126,5 ,-0.0472216 ,0 
127,5.04 ,-0.0477946 ,0 
128,5.08 ,-0.0483311 ,0 
129,5.12 ,-0.048831 ,0 
130,5.16 ,-0.0492947 ,0 
131,5.2 ,-0.0497223 ,0 
132,5.24 ,-0.0501139 ,0 
133,5.28 ,-0.05047 ,0 
134,5.32 ,-0.0507907 ,0 
135,5.36 ,-0.0510764 ,0 
136,5.4 ,-0.0513275 ,0 
137,5.44 ,-0.0515444 ,0 
138,5.48 ,-0.0517276 ,0 
139,5.52 ,-0.0518776 ,0 
140,5.56 ,-0.0519947 ,0 
141,5.6 ,-0.0520796 ,0 
142,5.64 ,-0.0521329 ,0 
143,5.68 ,-0.0521551 ,0 
144,5.72 ,-0.0521468 ,0 
145,5.76 ,-0.0521086 ,0 
146,5.8 ,-0.0520413 ,0 
147,5.84 ,-0.0519454 ,0 
148,5.88 ,-0.0518217 ,0 
149,5.92 ,-0.0516709 ,0 
150,5.96 ,-0.0514937 ,0 
151,6 ,-0.0512908 ,0 
152,6.04 ,-0.051063 ,0 
153,6.08 ,-0.050811 ,0 
154,6.12 ,-0.0505357 ,0 
155,6.16 ,-0.0502377 ,0 
156,6.2 ,-0.0499179 ,0 
157,6.24 ,-0.0495771 ,0 
158,6.28 ,-0.049216 ,0 
159,6.32 ,-0.0488355 ,0 
160,6.36 ,-0.0484363 ,0 
161,6.4 ,-0.0480192 ,0 
162,6.44 ,-0.0475851 ,0 
163,6.48 ,-0.0471348 ,0 
164,6.52 ,-0.046669 ,0 
165,6.56 ,-0.0461885 ,0 
166,6.6 ,-0.0456942 ,0 
167,6.64 ,-0.0451867 ,0 
168,6.68 ,-0.044667 ,0 
169,6.72 ,-0.0441357 ,0 
170,6.76 ,-0.0435936 ,0 
171,6.8 ,-0.0430414 ,0 
172,6.84 ,-0.04248 ,0 
173,6.88 ,-0.04191 ,0 
174,6.92 ,-0.0413322 ,0 
175,6.96 ,-0.0407472 ,0 
176,7 ,-0.0401558 ,0 
177,7.04 ,-0.0395587 ,0 
178,7.08 ,-0.0389564 ,0 
179,7.12 ,-0.0383498 ,0 
180,7.16 ,-0.0377394 ,0 
181,7.2 ,-0.0371258 ,0 
182,7.24 ,-0.0365097 ,0 
183,7.28 ,-0.0358916 ,0 
184,7.32 ,-0.0352722 ,0 
185,7.36 ,-0.034652 ,0 
186,7.4 ,-0.0340315 ,0 
187,7.44 ,-0.0334114 ,0 
188,7.48 ,-0.0327921 ,0 
189,7.52 ,-0.032174 ,0 
190,7.56 ,-0.0315578 ,0 
191,7.6 ,-0.0309438 ,0 
192,7.64 ,-0.0303326 ,0 
193,7.68 ,-0.0297245 ,0 
194,7.72 ,-0.0291199 ,0 
195,7.76 ,-0.0285193 ,0 
196,7.8 ,-0.0279231 ,0 
197,7.84 ,-0.0273316 ,0 
198,7.88 ,-0.0267451 ,0 
199,7.92 ,-0.0261641 ,0 
200,7.96 ,-0.0255888 ,0 
201,8 ,-0.0250194 ,0 
202,8.04 ,-0.0244564 ,0 
203,8.08 ,-0.0238998 ,0 
204,8.12 ,-0.02335 ,0 
205,8.16 ,-0.0228072 ,0 
206,8.2 ,-0.0222715 ,0 
207,8.24 ,-0.0217431 ,0 
208,8.28 ,-0.0212222 ,0 
209,8.32 ,-0.0207089 ,0 
210,8.36 ,-0.0202034 ,0 
211,8.4 ,-0.0197057 ,0 
212,8.44 ,-0.0192159 ,0 
213,8.48 ,-0.0187342 ,0 
214,8.52 ,-0.0182606 ,0 
215,8.56 ,-0.0177951 ,0 
216,8.6 ,-0.0173378 ,0 
217,8.64 ,-0.0168887 ,0 
218,8.68 ,-0.0164478 ,0 
219,8.72 ,-0.0160152 ,0 
220,8.76 ,-0.0155908 ,0 
221,8.8 ,-0.0151747 ,0 
222,8.84 ,-0.0147668 ,0 
223,8.88 ,-0.014367 ,0 
224,8.92 ,-0.0139755 ,0 
225,8.96 ,-0.013592 ,0 
226,9 ,-0.0132166 ,0 
227,9.04 ,-0.0128493 ,0 
228,9.08 ,-0.0124899 ,0 
229,9.12 ,-0.0121383 ,0 
230,9.16 ,-0.0117946 ,0 
231,9.2 ,-0.0114586 ,0 
232,9.24 ,-0.0111303 ,0 
233,9.28 ,-0.0108095 ,0 
234,9.32 ,-0.0104962 ,0 
235,9.36 ,-0.0101903 ,0 
236,9.4 ,-0.00989174 ,0 
237,9.44 ,-0.00960033 ,0 
238,9.48 ,-0.00931602 ,0 
239,9.52 ,-0.00903869 ,0 
240,9.56 ,-0.00876825 ,0 
241,9.6 ,-0.00850459 ,0 
242,9.64 ,-0.00824759 ,0 
243,9.68 ,-0.00799715 ,0 
244,9.72 ,-0.00775316 ,0 
245,9.76 ,-0.0075155 ,0 
246,9.8 ,-0.00728406 ,0 
247,9.84 ,-0.00705873 ,0 
248,9.88 ,-0.0068394 ,0 
249,9.92 ,-0.00662594 ,0 
250,9.96 ,-0.00641825 ,0 
251,10 ,-0.0062162 ,0 
252,10.04 ,-0.0060197 ,0 
253,10.08 ,-0.00582862 ,0 
254,10.12 ,-0.00564284 ,0 
255,10.16 ,-0.00546227 ,0 
256,10.2 ,-0.00528678 ,0 
257,10.24 ,-0.00511626 ,0 
258,10.28 ,-0.00495061 ,0 
259,10.32 ,-0.00478972 ,0 
260,10.36 ,-0.00463347 ,0 
261,10.4 ,-0.00448176 ,0 
262,10.44 ,-0.00433448 ,0 
263,10.48 ,-0.00419153 ,0 
264,10.52 ,-0.00405281 ,0 
265,10.56 ,-0.00391821 ,0 
266,10.6 ,-0.00378763 ,0 
267,10.64 ,-0.00366097 ,0 
268,10.68 ,-0.00353814 ,0 
269,10.72 ,-0.00341904 ,0 
270,10.76 ,-0.00330357 ,0 
271,10.8 ,-0.00319164 ,0 
272,10.84 ,-0.00308316 ,0 
273,10.88 ,-0.00297803 ,0 
274,10.92 ,-0.00287618 ,0 
275,10.96 ,-0.0027775 ,0 
276,11 ,-0.00268193 ,0 
277,11.04 ,-0.00258937 ,0 
278,11.08 ,-0.00249974 ,0 
279,11.12 ,-0.00241295 ,0 
280,11.16 ,-0.00232894 ,0 
281,11.2 ,-0.00224763 ,0 
282,11.24 ,-0.00216893 ,0 
283,11.28 ,-0.00209278 ,0 
284,11.32 ,-0.0020191 ,0 
285,11.36 ,-0.00194782 ,0 
286,11.4 ,-0.00187887 ,0 
287,11.44 ,-0.00181219 ,0 
288,11.48 ,-0.00174771 ,0 
289,11.52 ,-0.00168536 ,0 
290,11.56 ,-0.00162508 ,0 
291,11.6 ,-0.00156681 ,0 
292,11.64 ,-0.00151048 ,0 
293,11.68 ,-0.00145605 ,0 
294,11.72 ,-0.00140345 ,0 
295,11.76 ,-0.00135263 ,0 
296,11.8 ,-0.00130353 ,0 
297,11.84 ,-0.0012561 ,0 
298,11.88 ,-0.0012103 ,0 
299,11.92 ,-0.00116605 ,0 
300,11.96 ,-0.00112333 ,0 
301,12 ,-0.00108208 ,0 
302,12.04 ,-0.00104226 ,0 
303,12.08 ,-0.00100382 ,0 
304,12.12 ,-0.000966709 ,0 
305,12.16 ,-0.000930897 ,0 
306,12.2 ,-0.000896336 ,0 
307,12.24 ,-0.000862989 ,0 
308,12.28 ,-0.000830814 ,0 
309,12.32 ,-0.000799774 ,0 
310,12.36 ,-0.000769832 ,0 
311,12.4 ,-0.000740952 ,0 
312,12.44 ,-0.0007131 ,0 
313,12.48 ,-0.000686241 ,0 
314,12.52 ,-0.000660342 ,0 
315,12.56 ,-0.000635371 ,0 
316,12.6 ,-0.000611299 ,0 
317,12.64 ,-0.000588093 ,0 
318,12.68 ,-0.000565726 ,0 
319,12.72 ,-0.000544169 ,0 
320,12.76 ,-0.000523395 ,0 
321,12.8 ,-0.000503377 ,0 
322,12.84 ,-0.000484089 ,0 
323,12.88 ,-0.000465506 ,0 
324,12.92 ,-0.000447605 ,0 
325,12.96 ,-0.000430361 ,0 
326,13 ,-0.000413752 ,0 
327,13.04 ,-0.000397757 ,0 
328,13.08 ,-0.000382353 ,0 
329,13.12 ,-0.00036752 ,0 
330,13.16 ,-0.000353238 ,0 
331,13.2 ,-0.000339488 ,0 
332,13.24 ,-0.000326251 ,0 
333,13.28 ,-0.00031351 ,0 
334,13.32 ,-0.000301245 ,0 
335,13.36 ,-0.000289442 ,0 
336,13.4 ,-0.000278082 ,0 
337,13.44 ,-0.000267151 ,0 
338,13.48 ,-0.000256633 ,0 
339,13.52 ,-0.000246513 ,0 
340,13.56 ,-0.000236778 ,0 
341,13.6 ,-0.000227412 ,0 
342,13.64 ,-0.000218403 ,0 
343,13.68 ,-0.000209737 ,0 
344,13.72 ,-0.000201403 ,0 
345,13.76 ,-0.000193388 ,0 
346,13.8 ,-0.000185681 ,0 
347,13.84 ,-0.00017827 ,0 
348,13.88 ,-0.000171144 ,0 
349,13.92 ,-0.000164294 ,0 
350,13.96 ,-0.000157708 ,0 
351,14 ,-0.000151377 ,0 
352,14.04 ,-0.000145292 ,0 
353,14.08 ,-0.000139443 ,0 
354,14.12 ,-0.000133822 ,0 
355,14.16 ,-0.00012842 ,0 
356,14.2 ,-0.00012323 ,0 
357,14.24 ,-0.000118242 ,0 
358,14.28 ,-0.000113449 ,0 
359,14.32 ,-0.000108845 ,0 
360,14.36 ,-0.000104422 ,0 
361,14.4 ,-0.000100173 ,0 
362,14.44 ,-9.60916e-05 ,0 
363,14.48 ,-9.21715e-05 ,0 
364,14.52 ,-8.84065e-05 ,0 
365,14.56 ,-8.47907e-05 ,0 
366,14.6 ,-8.13184e-05 ,0 
367,14.64 ,-7.79842e-05 ,0 
368,14.68 ,-7.47827e-05 ,0 
369,14.72 ,-7.17088e-05 ,0 
370,14.76 ,-6.87577e-05 ,0 
371,14.8 ,-6.59247e-05 ,0 
372,14.84 ,-6.32051e-05 ,0 
373,14.88 ,-6.05946e-05 ,0 
374,14.92 ,-5.80889e-05 ,0 
375,14.96 ,-5.5684e-05 ,0 
376,15 ,-5.3376e-05 ,0 
377,15.04 ,-5.11611e-05 ,0 
378,15.08 ,-4.90357e-05 ,0 
379,15.12 ,-4.69963e-05 ,0 
380,15.16 ,-4.50394e-05 ,0 
381,15.2 ,-4.3162e-05 ,0 
382,15.24 ,-4.13607e-05 ,0 
383,15.28 ,-3.96328e-05 ,0 
384,15.32 ,-3.79752e-05 ,0 
385,15.36 ,-3.63852e-05 ,0 
386,15.4 ,-3.48601e-05 ,0 
387,15.44 ,-3.33974e-05 ,0 
388,15.48 ,-3.19945e-05 ,0 
389,15.52 ,-3.06492e-05 ,0 
390,15.56 ,-2.93591e-05 ,0 
391,15.6 ,-2.81219e-05 ,0 
392,15.64 ,-2.69357e-05 ,0 
393,15.68 ,-2.57984e-05 ,0 
394,15.72 ,-2.47079e-05 ,0 
395,15.76 ,-2.36625e-05 ,0 
396,15.8 ,-2.26603e-05 ,0 
397,15.84 ,-2.16996e-05 ,0 
398,15.88 ,-2.07787e-05 ,0 
399,15.92 ,-1.9896e-05 ,0 
400,15.96 ,-1.905e-05 ,0 
401,16 ,-1.82391e-05 ,0 
402,16.04 ,-1.7462e-05 ,0 
403,16.08 ,-1.67173e-05 ,0 
404,16.12 ,-1.60037e-05 ,0 
405,16.16 ,-1.53199e-05 ,0 
406,16.2 ,-1.46647e-05 ,0 
407,16.24 ,-1.4037e-05 ,0 
408,16.28 ,-1.34355e-05 ,0 
409,16.32 ,-1.28593e-05 ,0 
410,16.36 ,-1.23073e-05 ,0 
411,16.4 ,-1.17785e-05 ,0 
412,16.44 ,-1.12719e-05 ,0 
413,16.48 ,-1.07868e-05 ,0 
414,16.52 ,-1.0322e-05 ,0 
415,16.56 ,-9.87694e-06 ,0 
416,16.6 ,-9.45066e-06 ,0 
417,16.64 ,-9.04242e-06 ,0 
418,16.68 ,-8.65147e-06 ,0 
419,16.72 ,-8.27711e-06 ,0 
420,16.76 ,-7.91863e-06 ,0 
421,16.8 ,-7.57538e-06 ,0 
422,16.84 ,-7.24674e-06 ,0 
423,16.88 ,-6.93208e-06 ,0 
424,16.92 ,-6.63084e-06 ,0 
425,16.96 ,-6.34244e-06 ,0 
426,17 ,-6.06636e-06 ,0 
427,17.04 ,-5.80208e-06 ,0 
428,17.08 ,-5.54911e-06 ,0 
429,17.12 ,-5.30697e-06 ,0 
430,17.16 ,-5.0752e-06 ,0 
431,17.2 ,-4.85338e-06 ,0 
432,17.24 ,-4.64109e-06 ,0 
433,17.28 ,-4.43792e-06 ,0 
434,17.32 ,-4.24349e-06 ,0 
435,17.36 ,-4.05743e-06 ,0 
436,17.4 ,-3.8794e-06 ,0 
437,17.44 ,-3.70904e-06 ,0 
438,17.48 ,-3.54603e-06 ,0 
439,17.52 ,-3.39008e-06 ,0 
440,17.56 ,-3.24086e-06 ,0 
441,17.6 ,-3.09811e-06 ,0 
442,17.64 ,-2.96154e-06 ,0 
443,17.68 ,-2.8309e-06 ,0 
444,17.72 ,-2.70592e-06 ,0 
445,17.76 ,-2.58637e-06 ,0 
446,17.8 ,-2.47202e-06 ,0 
447,17.84 ,-2.36265e-06 ,0 
448,17.88 ,-2.25804e-06 ,0 
449,17.92 ,-2.15799e-06 ,0 
450,17.96 ,-2.0623e-06 ,0 
451,18 ,-1.97079e-06 ,0 
452,18.04 ,-1.88328e-06 ,0 
453,18.08 ,-1.7996e-06 ,0 
454,18.12 ,-1.71958e-06 ,0 
455,18.16 ,-1.64306e-06 ,0 
456,18.2 ,-1.5699e-06 ,0 
457,18.24 ,-1.49995e-06 ,0 
458,18.28 ,-1.43306e-06 ,0 
459,18.32 ,-1.36912e-06 ,0 
460,18.36 ,-1.30799e-06 ,0 
461,18.4 ,-1.24955e-06 ,0 
462,18.44 ,-1.19368e-06 ,0 
463,18.48 ,-1.14028e-06 ,0 
464,18.52 ,-1.08923e-06 ,0 
465,18.56 ,-1.04043e-06 ,0 
466,18.6 ,-9.93788e-07 ,0 
467,18.64 ,-9.49208e-07 ,0 
468,18.68 ,-9.06601e-07 ,0 
469,18.72 ,-8.6588e-07 ,0 
470,18.76 ,-8.26964e-07 ,0 
471,18.8 ,-7.89772e-07 ,0 
472,18.84 ,-7.54231e-07 ,0 
473,18.88 ,-7.20267e-07 ,0 
474,18.92 ,-6.87813e-07 ,0 
475,18.96 ,-6.56802e-07 ,0 
476,19 ,-6.2717e-07 ,0 
477,19.04 ,-5.98858e-07 ,0 
478,19.08 ,-5.71808e-07 ,0 
479,19.12 ,-5.45963e-07 ,0 
480,19.16 ,-5.21272e-07 ,0 
481,19.2 ,-4.97683e-07 ,0 
482,19.24 ,-4.75148e-07 ,0 
483,19.28 ,-4.53621e-07 ,0 
484,19.32 ,-4.33057e-07 ,0 
485,19.36 ,-4.13413e-07 ,0 
486,19.4 ,-3.9465e-07 ,0 
487,19.44 ,-3.76727e-07 ,0 
488,19.48 ,-3.59609e-07 ,0 
489,19.52 ,-3.43259e-07 ,0 
490,19.56 ,-3.27644e-07 ,0 
491,19.6 ,-3.1273e-07 ,0 
492,19.64 ,-2.98488e-07 ,0 
493,19.68 ,-2.84886e-07 ,0 
494,19.72 ,-2.71897e-07 ,0 
495,19.76 ,-2.59493e-07 ,0 
496,19.8 ,-2.47649e-07 ,0 
497,19.84 ,-2.36339e-07 ,0 
498,19.88 ,-2.25539e-07 ,0 
499,19.92 ,-2.15228e-07 ,0 
500,19.96 ,-2.05383e-07 ,0 
501,20 ,-1.95983e-07 ,0 
502,20.04 ,-1.87009e-07 ,0 
503,20.08 ,-1.78441e-07 ,0 
504,20.12 ,-1.70261e-07 ,0 
505,20.16 ,-1.62453e-07 ,0 
506,20.2 ,-1.54999e-07 ,0 
507,20.24 ,-1.47883e-07 ,0 
508,20.28 ,-1.4109e-07 ,0 
509,20.32 ,-1.34607e-07 ,0 
510,20.36 ,-1.28418e-07 ,0 
511,20.4 ,-1.22511e-07 ,0 
512,20.44 ,-1.16873e-07 ,0 
513,20.48 ,-1.11492e-07 ,0 
514,20.52 ,-1.06357e-07 ,0 
515,20.56 ,-1.01456e-07 ,0 
516,20.6 ,-9.67782e-08 ,0 
517,20.64 ,-9.23145e-08 ,0 
518,20.68 ,-8.80549e-08 ,0 
519,20.72 ,-8.39902e-08 ,0 
520,20.76 ,-8.01116e-08 ,0 
521,20.8 ,-7.64107e-08 ,0 
522,20.84 ,-7.28795e-08 ,0 
523,20.88 ,-6.95102e-08 ,0 
524,20.92 ,-6.62956e-08 ,0 
525,20.96 ,-6.32286e-08 ,0 
526,21 ,-6.03027e-08 ,0 
527,21.04 ,-5.75113e-08 ,0 
528,21.08 ,-5.48484e-08 ,0 
529,21.12 ,-5.23082e-08 ,0 
530,21.16 ,-4.98852e-08 ,0 
531,21.2 ,-4.75739e-08 ,0 
532,21.24 ,-4.53694e-08 ,0 
533,21.28 ,-4.32667e-08 ,0 
534,21.32 ,-4.12614e-08 ,0 
535,21.36 ,-3.93488e-08 ,0 
536,21.4 ,-3.7525e-08 ,0 
537,21.44 ,-3.57857e-08 ,0 
538,21.48 ,-3.41272e-08 ,0 
539,21.52 ,-3.25458e-08 ,0 
540,21.56 ,-3.1038e-08 ,0 
541,21.6 ,-2.96005e-08 ,0 
542,21.64 ,-2.823e-08 ,0 
543,21.68 ,-2.69236e-08 ,0 
544,21.72 ,-2.56783e-08 ,0 
545,21.76 ,-2.44913e-08 ,0 
546,21.8 ,-2.33601e-08 ,0 
547,21.84 ,-2.2282e-08 ,0 
548,21.88 ,-2.12548e-08 ,0 
549,21.92 ,-2.0276e-08 ,0 
550,21.96 ,-1.93435e-08 ,0 
551,22 ,-1.84552e-08 ,0 
552,22.04 ,-1.76091e-08 ,0 
553,22.08 ,-1.68033e-08 ,0 
554,22.12 ,-1.60361e-08 ,0 
555,22.16 ,-1.53056e-08 ,0 
556,22.2 ,-1.46103e-08 ,0 
557,22.24 ,-1.39485e-08 ,0 
558,22.28 ,-1.33189e-08 ,0 
559,22.32 ,-1.27199e-08 ,0 
560,22.36 ,-1.21502e-08 ,0 
561,22.4 ,-1.16085e-08 ,0 
562,22.44 ,-1.10936e-08 ,0 
563,22.48 ,-1.06044e-08 ,0 
564,22.52 ,-1.01396e-08 ,0 
565,22.56 ,-9.69836e-09 ,0 
566,22.6 ,-9.27956e-09 ,0 
567,22.64 ,-8.88227e-09 ,0 
568,22.68 ,-8.50559e-09 ,0 
569,22.72 ,-8.14867e-09 ,0 
570,22.76 ,-7.81069e-09 ,0 
571,22.8 ,-7.49088e-09 ,0 
572,22.84 ,-7.1885e-09 ,0 
573,22.88 ,-6.90288e-09 ,0 
574,22.92 ,-6.63336e-09 ,0 
575,22.96 ,-6.37933e-09 ,0 
576,23 ,-6.14019e-09 ,0 
577,23.04 ,-5.91542e-09 ,0 
578,23.08 ,-5.70448e-09 ,0 
579,23.12 ,-5.50691e-09 ,0 
580,23.16 ,-5.32224e-09 ,0 
581,23.2 ,-5.15005e-09 ,0 
582,23.24 ,-4.98996e-09 ,0 
583,23.28 ,-4.84159e-09 ,0 
584,23.32 ,-4.70461e-09 ,0 
585,23.36 ,-4.5787e-09 ,0 
586,23.4 ,-4.46357e-09 ,0 
587,23.44 ,-4.35897e-09 ,0 
588,23.48 ,-4.26464e-09 ,0 
589,23.52 ,-4.18039e-09 ,0 
590,23.56 ,-4.10601e-09 ,0 
591,23.6 ,-4.04134e-09 ,0 
592,23.64 ,-3.98623e-09 ,0 
593,23.68 ,-3.94057e-09 ,0 
594,23.72 ,-3.90424e-09 ,0 
595,23.76 ,-3.87718e-09 ,0 
596,23.8 ,-3.85932e-09 ,0 
597,23.84 ,-3.85062e-09 ,0 
598,23.88 ,-3.85108e-09 ,0 
599,23.92 ,-3.86071e-09 ,0 
600,23.96 ,-3.87952e-09 ,0 
601,24 ,-3.90758e-09 ,0 
602,24.04 ,-3.94496e-09 ,0 
603,24.08 ,-3.99175e-09 ,0 
604,24.12 ,-4.04807e-09 ,0 
605,24.16 ,-4.11406e-09 ,0 
606,24.2 ,-4.1899e-09 ,0 
607,24.24 ,-4.27576e-09 ,0 
608,24.28 ,-4.37187e-09 ,0 
609,24.32 ,-4.47845e-09 ,0 
610,24.36 ,-4.59578e-09 ,0 
611,24.4 ,-4.72413e-09 ,0 
612,24.44 ,-4.86383e-09 ,0 
613,24.48 ,-5.01523e-09 ,0 
614,24.52 ,-5.17869e-09 ,0 
615,24.56 ,-5.35461e-09 ,0 
616,24.6 ,-5.54343e-09 ,0 
617,24.64 ,-5.74562e-09 ,0 
618,24.68 ,-5.96166e-09 ,0 
619,24.72 ,-6.1921e-09 ,0 
620,24.76 ,-6.43749e-09 ,0 
621,24.8 ,-6.69845e-09 ,0 
622,24.84 ,-6.97561e-09 ,0 
623,24.88 ,-7.26965e-09 ,0 
624,24.92 ,-7.5813e-09 ,0 
625,24.96 ,-7.91133e-09 ,0 
626,25 ,-8.26055e-09 ,0 
627,25.04 ,-8.62982e-09 ,0 
628,25.08 ,-9.02004e-09 ,0 
629,25.12 ,-9.43219e-09 ,0 
630,25.16 ,-9.86729e-09 ,0 
631,25.2 ,-1.03264e-08 ,0 
632,25.24 ,-1.08106e-08 ,0 
633,25.28 ,-1.13212e-08 ,0 
634,25.32 ,-1.18594e-08 ,0 
635,25.36 ,-1.24266e-08 ,0 
636,25.4 ,-1.30241e-08 ,0 
637,25.44 ,-1.36534e-08 ,0 
638,25.48 ,-1.43161e-08 ,0 
639,25.52 ,-1.50138e-08 ,0 
640,25.56 ,-1.57483e-08 ,0 
641,25.6 ,-1.65213e-08 ,0 
642,25.64 ,-1.73349e-08 ,0 
643,25.68 ,-1.81909e-08 ,0 
644,25.72 ,-1.90916e-08 ,0 
645,25.76 ,-2.00392e-08 ,0 
646,25.8 ,-2.10361e-08 ,0 
647,25.84 ,-2.20846e-08 ,0 
648,25.88 ,-2.31875e-08 ,0 
649,25.92 ,-2.43475e-08 ,0 
650,25.96 ,-2.55675e-08 ,0 
651,26 ,-2.68505e-08 ,0 
652,26.04 ,-2.81997e-08 ,0 
653,26.08 ,-2.96186e-08 ,0 
654,26.12 ,-3.11106e-08 ,0 
655,26.16 ,-3.26794e-08 ,0 
656,26.2 ,-3.43291e-08 ,0 
657,26.24 ,-3.60637e-08 ,0 
658,26.28 ,-3.78876e-08 ,0 
659,26.32 ,-3.98053e-08 ,0 
660,26.36 ,-4.18217e-08 ,0 
661,26.4 ,-4.39418e-08 ,0 
662,26.44 ,-4.61709e-08 ,0 
663,26.48 ,-4.85147e-08 ,0 
664,26.52 ,-5.0979e-08 ,0 
665,26.56 ,-5.35701e-08 ,0 
666,26.6 ,-5.62944e-08 ,0 
667,26.64 ,-5.91588e-08 ,0 
668,26.68 ,-6.21705e-08 ,0 
669,26.72 ,-6.53372e-08 ,0 
670,26.76 ,-6.86667e-08 ,0 
671,26.8 ,-7.21675e-08 ,0 
672,26.84 ,-7.58485e-08 ,0 
673,26.88 ,-7.97189e-08 ,0 
674,26.92 ,-8.37885e-08 ,0 
675,26.96 ,-8.80676e-08 ,0 
676,27 ,-9.2567e-08 ,0 
677,27.04 ,-9.72981e-08 ,0 
678,27.08 ,-1.02273e-07 ,0 
679,27.12 ,-1.07504e-07 ,0 
680,27.16 ,-1.13005e-07 ,0 
681,27.2 ,-1.18789e-07 ,0 
682,27.24 ,-1.24871e-07 ,0 
683,27.28 ,-1.31267e-07 ,0 
684,27.32 ,-1.37993e-07 ,0 
685,27.36 ,-1.45065e-07 ,0 
686,27.4 ,-1.52503e-07 ,0 
687,27.44 ,-1.60324e-07 ,0 
688,27.48 ,-1.68549e-07 ,0 
689,27.52 ,-1.77199e-07 ,0 
690,27.56 ,-1.86296e-07 ,0 
691,27.6 ,-1.95862e-07 ,0 
692,27.64 ,-2.05923e-07 ,0 
693,27.68 ,-2.16504e-07 ,0 
694,27.72 ,-2.27631e-07 ,0 
695,27.76 ,-2.39335e-07 ,0 
696,27.8 ,-2.51643e-07 ,0 
697,27.84 ,-2.64588e-07 ,0 
698,27.88 ,-2.78203e-07 ,0 
699,27.92 ,-2.92523e-07 ,0 
700,27.96 ,-3.07584e-07 ,0 
701,28 ,-3.23425e-07 ,0 
702,28.04 ,-3.40086e-07 ,0 
703,28.08 ,-3.57611e-07 ,0 
704,28.12 ,-3.76044e-07 ,0 
705,28.16 ,-3.95432e-07 ,0 
706,28.2 ,-4.15826e-07 ,0 
707,28.24 ,-4.37277e-07 ,0 
708,28.28 ,-4.59841e-07 ,0 
709,28.32 ,-4.83576e-07 ,0 
710,28.36 ,-5.08543e-07 ,0 
711,28.4 ,-5.34805e-07 ,0 
712,28.44 ,-5.62431e-07 ,0 
713,28.48 ,-5.91493e-07 ,0 
714,28.52 ,-6.22063e-07 ,0 
715,28.56 ,-6.54223e-07 ,0 
716,28.6 ,-6.88054e-07 ,0 
717,28.64 ,-7.23643e-07 ,0 
718,28.68 ,-7.61083e-07 ,0 
719,28.72 ,-8.00471e-07 ,0 
720,28.76 ,-8.41908e-07 ,0 
721,28.8 ,-8.85501e-07 ,0 
722,28.84 ,-9.31362e-07 ,0 
723,28.88 ,-9.79612e-07 ,0 
724,28.92 ,-1.03037e-06 ,0 
725,28.96 ,-1.08378e-06 ,0 
726,29 ,-1.13997e-06 ,0 
727,29.04 ,-1.19909e-06 ,0 
728,29.08 ,-1.26128e-06 ,0 
729,29.12 ,-1.32672e-06 ,0 
730,29.16 ,-1.39558e-06 ,0 
731,29.2 ,-1.46802e-06 ,0 
732,29.24 ,-1.54424e-06 ,0 
733,29.28 ,-1.62445e-06 ,0 
734,29.32 ,-1.70883e-06 ,0 
735,29.36 ,-1.79763e-06 ,0 
736,29.4 ,-1.89106e-06 ,0 
737,29.44 ,-1.98936e-06 ,0 
738,29.48 ,-2.09281e-06 ,0 
739,29.52 ,-2.20166e-06 ,0 
740,29.56 ,-2.3162e-06 ,0 
741,29.6 ,-2.43673e-06 ,0 
742,29.64 ,-2.56356e-06 ,0 
743,29.68 ,-2.69702e-06 ,0 
744,29.72 ,-2.83747e-06 ,0 
745,29.76 ,-2.98526e-06 ,0 
746,29.8 ,-3.14079e-06 ,0 
747,29.84 ,-3.30446e-06 ,0 
748,29.88 ,-3.47671e-06 ,0 
749,29.92 ,-3.65797e-06 ,0 
750,29.96 ,-3.84872e-06 ,0 
751,30 ,-4.04947e-06 ,0 
752,30.04 ,-4.26074e-06 ,0 
753,30.08 ,-4.48309e-06 ,0 
754,30.12 ,-4.71709e-06 ,0 
755,30.16 ,-4.96336e-06 ,0 
756,30.2 ,-5.22255e-06 ,0 
757,30.24 ,-5.49534e-06 ,0 
758,30.28 ,-5.78244e-06 ,0 
759,30.32 ,-6.0846e-06 ,0 
760,30.36 ,-6.40263e-06 ,0 
761,30.4 ,-6.73736e-06 ,0 
762,30.44 ,-7.08967e-06 ,0 
763,30.48 ,-7.46049e-06 ,0 
764,30.52 ,-7.85078e-06 ,0 
765,30.56 ,-8.26159e-06 ,0 
766,30.6 ,-8.69399e-06 ,0 
767,30.64 ,-9.14912e-06 ,0 
768,30.68 ,-9.62818e-06 ,0 
769,30.72 ,-1.01324e-05 ,0 
770,30.76 ,-1.06632e-05 ,0 
771,30.8 ,-1.12219e-05 ,0 
772,30.84 ,-1.181e-05 ,0 
773,30.88 ,-1.24291e-05 ,0 
774,30.92 ,-1.30808e-05 ,0 
775,30.96 ,-1.37668e-05 ,0 
776,31 ,-1.44889e-05 ,0 
777,31.04 ,-1.5249e-05 ,0 
778,31.08 ,-1.60492e-05 ,0 
779,31.12 ,-1.68916e-05 ,0 
780,31.16 ,-1.77784e-05 ,0 
781,31.2 ,-1.87119e-05 ,0 
782,31.24 ,-1.96946e-05 ,0 
783,31.28 ,-2.07292e-05 ,0 
784,31.32 ,-2.18184e-05 ,0 
785,31.36 ,-2.2965e-05 ,0 
786,31.4 ,-2.41721e-05 ,0 
787,31.44 ,-2.5443e-05 ,0 
788,31.48 ,-2.6781e-05 ,0 
789,31.52 ,-2.81896e-05 ,0 
790,31.56 ,-2.96726e-05 ,0 
791,31.6 ,-3.12339e-05 ,0 
792,31.64 ,-3.28777e-05 ,0 
793,31.68 ,-3.46084e-05 ,0 
794,31.72 ,-3.64306e-05 ,0 
795,31.76 ,-3.83491e-05 ,0 
796,31.8 ,-4.03691e-05 ,0 
797,31.84 ,-4.24958e-05 ,0 
798,31.88 ,-4.47351e-05 ,0 
799,31.92 ,-4.70929e-05 ,0 
800,31.96 ,-4.95754e-05 ,0 
801,32 ,-5.21893e-05 ,0 
802,32.04 ,-5.49415e-05 ,0 
803,32.08 ,-5.78395e-05 ,0 
804,32.12 ,-6.0891e-05 ,0 
805,32.16 ,-6.41041e-05 ,0 
806,32.2 ,-6.74874e-05 ,0 
807,32.24 ,-7.10499e-05 ,0 
808,32.28 ,-7.48013e-05 ,0 
809,32.32 ,-7.87514e-05 ,0 
810,32.36 ,-8.29111e-05 ,0 
811,32.4 ,-8.72912e-05 ,0 
812,32.44 ,-9.19037e-05 ,0 
813,32.48 ,-9.67608e-05 ,0 
814,32.52 ,-0.000101876 ,0 
815,32.56 ,-0.000107262 ,0 
816,32.6 ,-0.000112934 ,0 
817,32.64 ,-0.000118907 ,0 
818,32.68 ,-0.000125197 ,0 
819,32.72 ,-0.000131822 ,0 
820,32.76 ,-0.000138798 ,0 
821,32.8 ,-0.000146144 ,0 
822,32.84 ,-0.000153881 ,0 
823,32.88 ,-0.00016203 ,0 
824,32.92 ,-0.000170611 ,0 
825,32.96 ,-0.000179648 ,0 
826,33 ,-0.000189166 ,0 
827,33.04 ,-0.00019919 ,0 
828,33.08 ,-0.000209747 ,0 
829,33.12 ,-0.000220866 ,0 
830,33.16 ,-0.000232576 ,0 
831,33.2 ,-0.000244909 ,0 
832,33.24 ,-0.000257899 ,0 
833,33.28 ,-0.00027158 ,0 
834,33.32 ,-0.00028599 ,0 
835,33.36 ,-0.000301167 ,0 
836,33.4 ,-0.000317152 ,0 
837,33.44 ,-0.000333989 ,0 
838,33.48 ,-0.000351723 ,0 
839,33.52 ,-0.000370402 ,0 
840,33.56 ,-0.000390076 ,0 
841,33.6 ,-0.000410799 ,0 
842,33.64 ,-0.000432627 ,0 
843,33.68 ,-0.000455618 ,0 
844,33.72 ,-0.000479836 ,0 
845,33.76 ,-0.000505346 ,0 
846,33.8 ,-0.000532216 ,0 
847,33.84 ,-0.00056052 ,0 
848,33.88 ,-0.000590335 ,0 
849,33.92 ,-0.000621741 ,0 
850,33.96 ,-0.000654824 ,0 
851,34 ,-0.000689673 ,0 
852,34.04 ,-0.000726383 ,0 
853,34.08 ,-0.000765054 ,0 
854,34.12 ,-0.00080579 ,0 
855,34.16 ,-0.000848703 ,0 
856,34.2 ,-0.000893909 ,0 
857,34.24 ,-0.000941531 ,0 
858,34.28 ,-0.000991699 ,0 
859,34.32 ,-0.00104455 ,0 
860,34.36 ,-0.00110022 ,0 
861,34.4 ,-0.00115888 ,0 
862,34.44 ,-0.00122067 ,0 
863,34.48 ,-0.00128576 ,0 
864,34.52 ,-0.00135434 ,0 
865,34.56 ,-0.00142659 ,0 
866,34.6 ,-0.00150271 ,0 
867,34.64 ,-0.0015829 ,0 
868,34.68 ,-0.00166738 ,0 
869,34.72 ,-0.00175639 ,0 
870,34.76 ,-0.00185016 ,0 
871,34.8 ,-0.00194896 ,0 
872,34.84 ,-0.00205305 ,0 
873,34.88 ,-0.00216272 ,0 
874,34.92 ,-0.00227826 ,0 
875,34.96 ,-0.0024 ,0 
876,35 ,-0.00252826 ,0 
877,35.04 ,-0.0026634 ,0 
878,35.08 ,-0.00280578 ,0 
879,35.12 ,-0.0029558 ,0 
880,35.16 ,-0.00311387 ,0 
881,35.2 ,-0.00328042 ,0 
882,35.24 ,-0.00345591 ,0 
883,35.28 ,-0.00364081 ,0 
884,35.32 ,-0.00383563 ,0 
885,35.36 ,-0.00404091 ,0 
886,35.4 ,-0.00425722 ,0 
887,35.44 ,-0.00448514 ,0 
888,35.48 ,-0.00472529 ,0 
889,35.52 ,-0.00497835 ,0 
890,35.56 ,-0.005245 ,0 
891,35.6 ,-0.00552598 ,0 
892,35.64 ,-0.00582205 ,0 
893,35.68 ,-0.00613404 ,0 
894,35.72 ,-0.0064628 ,0 
895,35.76 ,-0.00680923 ,0 
896,35.8 ,-0.00717428 ,0 
897,35.84 ,-0.00755897 ,0 
898,35.88 ,-0.00796435 ,0 
899,35.92 ,-0.00839153 ,0 
900,35.96 ,-0.00884169 ,0 
901,36 ,-0.00931607 ,0 
902,36.04 ,-0.00981599 ,0 
903,36.08 ,-0.0103428 ,0 
904,36.12 ,-0.010898 ,0 
905,36.16 ,-0.011483 ,0 
906,36.2 ,-0.0120996 ,0 
907,36.24 ,-0.0127494 ,0 
908,36.28 ,-0.0134341 ,0 
909,36.32 ,-0.0141558 ,0 
910,36.36 ,-0.0149163 ,0 
911,36.4 ,-0.0157178 ,0 
912,36.44 ,-0.0165625 ,0 
913,36.48 ,-0.0174528 ,0 
914,36.52 ,-0.018391 ,0 
915,36.56 ,-0.0193798 ,0 
916,36.6 ,-0.0204219 ,0 
917,36.64 ,-0.0215202 ,0 
918,36.68 ,-0.0226778 ,0 
919,36.72 ,-0.0238978 ,0 
920,36.76 ,-0.0251836 ,0 
921,36.8 ,-0.0265388 ,0 
922,36.84 ,-0.0279671 ,0 
923,36.88 ,-0.0294725 ,0 
924,36.92 ,-0.0310592 ,0 
925,36.96 ,-0.0327315 ,0 
926,37 ,-0.0344941 ,0 
927,37.04 ,-0.0363519 ,0 
928,37.08 ,-0.0383101 ,0 
929,37.12 ,-0.040374 ,0 
930,37.16 ,-0.0425494 ,0 
931,37.2 ,-0.0448424 ,0 
932,37.24 ,-0.0472593 ,0 
933,37.28 ,-0.0498068 ,0 
934,37.32 ,-0.052492 ,0 
935,37.36 ,-0.0553223 ,0 
936,37.4 ,-0.0583057 ,0 
937,37.44 ,-0.0614504 ,0 
938,37.48 ,-0.0647652 ,0 
939,37.52 ,-0.0682592 ,0 
940,37.56 ,-0.0719423 ,0 
941,37.6 ,-0.0758246 ,0 
942,37.64 ,-0.079917 ,0 
943,37.68 ,-0.0842309 ,0 
944,37.72 ,-0.0887783 ,0 
945,37.76 ,-0.0935718 ,0 
946,37.8 ,-0.0986248 ,0 
947,37.84 ,-0.103951 ,0 
948,37.88 ,-0.109566 ,0 
949,37.92 ,-0.115486 ,0 
950,37.96 ,-0.121725 ,0 
951,38 ,-0.128303 ,0 
952,38.04 ,-0.135237 ,0 
953,38.08 ,-0.142547 ,0 
954,38.12 ,-0.150253 ,0 
955,38.16 ,-0.158377 ,0 
956,38.2 ,-0.166941 ,0 
957,38.24 ,-0.17597 ,0 
958,38.28 ,-0.185488 ,0 
959,38.32 ,-0.195522 ,0 
960,38.36 ,-0.2061 ,0 
961,38.4 ,-0.217252 ,0 
962,38.44 ,-0.229009 ,0 
963,38.48 ,-0.241404 ,0 
964,38.52 ,-0.254471 ,0 
965,38.56 ,-0.268248 ,0 
966,38.6 ,-0.282772 ,0 
967,38.64 ,-0.298085 ,0 
968,38.68 ,-0.314229 ,0 
969,38.72 ,-0.33125 ,0 
970,38.76 ,-0.349195 ,0 
971,38.8 ,-0.368114 ,0 
972,38.84 ,-0.388061 ,0 
973,38.88 ,-0.409092 ,0 
974,38.92 ,-0.431265 ,0 
975,38.96 ,-0.454643 ,0 
976,39 ,-0.479291 ,0 
977,39.04 ,-0.505279 ,0 
978,39.08 ,-0.53268 ,0 
979,39.12 ,-0.56157 ,0 
980,39.16 ,-0.59203 ,0 
981,39.2 ,-0.624147 ,0 
982,39.24 ,-0.658011 ,0 
983,39.28 ,-0.693716 ,0 
984,39.32 ,-0.731363 ,0 
985,39.36 ,-0.771059 ,0 
986,39.4 ,-0.812914 ,0 
987,39.44 ,-0.857047 ,0 
988,39.48 ,-0.903581 ,0 
989,39.52 ,-0.952648 ,0 
990,39.56 ,-1.00439 ,0 
991,39.6 ,-1.05894 ,0 
992,39.64 ,-1.11646 ,0 
993,39.68 ,-1.17712 ,0 
994,39.72 ,-1.24108 ,0 
995,39.76 ,-1.30852 ,0 
996,39.8 ,-1.37964 ,0 
997,39.84 ,-1.45463 ,0 
998,39.88 ,-1.53371 ,0 
999,39.92 ,-1.6171 ,0 
1000,39.96 ,-1.70503 ,0 