
1,0 ,0 ,0 
2,0.04 ,0 ,0 
3,0.08 ,0 ,0 
4,0.12 ,6.47529e-05 ,0 
5,0.16 ,0.000152233 ,0 
6,0.2 ,0.000296462 ,0 
7,0.24 ,0.000511169 ,0 
8,0.28 ,0.000809912 ,0 
9,0.32 ,0.001206 ,0 
10,0.36 ,0.00171244 ,0 
11,0.4 ,0.0023419 ,0 
12,0.44 ,0.00310662 ,0 
13,0.48 ,0.00401846 ,0 
14,0.52 ,0.00508877 ,0 
15,0.56 ,0.00632841 ,0 
16,0.6 ,0.00774769 ,0 
17,0.64 ,0.00935636 ,0 
18,0.68 ,0.0111635 ,0 
19,0.72 ,0.0131777 ,0 
20,0.76 ,0.0154067 ,0 
21,0.8 ,0.0178577 ,0 
22,0.84 ,0.020537 ,0 
23,0.88 ,0.0234503 ,0 
24,0.92 ,0.0266026 ,0 
25,0.96 ,0.0299979 ,0 
26,1 ,0.0336395 ,0 
27,1.04 ,0.0375301 ,0 
28,1.08 ,0.0416712 ,0 
29,1.12 ,0.0460638 ,0 
30,1.16 ,0.0507078 ,0 
31,1.2 ,0.0556024 ,0 
32,1.24 ,0.060746 ,0 
33,1.28 ,0.066136 ,0 
34,1.32 ,0.0717692 ,0 
35,1.36 ,0.0776412 ,0 
36,1.4 ,0.0837471 ,0 
37,1.44 ,0.0900811 ,0 
38,1.48 ,0.0966365 ,0 
39,1.52 ,0.103406 ,0 
40,1.56 ,0.110381 ,0 
41,1.6 ,0.117553 ,0 
42,1.64 ,0.124911 ,0 
43,1.68 ,0.132447 ,0 
44,1.72 ,0.140148 ,0 
45,1.76 ,0.148003 ,0 
46,1.8 ,0.155999 ,0 
47,1.84 ,0.164123 ,0 
48,1.88 ,0.172362 ,0 
49,1.92 ,0.180701 ,0 
50,1.96 ,0.189126 ,0 
51,2 ,0.197622 ,0 
52,2.04 ,0.206174 ,0 
53,2.08 ,0.214764 ,0 
54,2.12 ,0.223378 ,0 
55,2.16 ,0.231998 ,0 
56,2.2 ,0.240607 ,0 
57,2.24 ,0.249189 ,0 
58,2.28 ,0.257726 ,0 
59,2.32 ,0.2662 ,0 
60,2.36 ,0.274595 ,0 
61,2.4 ,0.282892 ,0 
62,2.44 ,0.291074 ,0 
63,2.48 ,0.299122 ,0 
64,2.52 ,0.307021 ,0 
65,2.56 ,0.314751 ,0 
66,2.6 ,0.322297 ,0 
67,2.64 ,0.32964 ,0 
68,2.68 ,0.336764 ,0 
69,2.72 ,0.343653 ,0 
70,2.76 ,0.350289 ,0 
71,2.8 ,0.356658 ,0 
72,2.84 ,0.362743 ,0 
73,2.88 ,0.36853 ,0 
74,2.92 ,0.374004 ,0 
75,2.96 ,0.37915 ,0 
76,3 ,0.383955 ,0 
77,3.04 ,0.388407 ,0 
78,3.08 ,0.392492 ,0 
79,3.12 ,0.396199 ,0 
80,3.16 ,0.399517 ,0 
81,3.2 ,0.402434 ,0 
82,3.24 ,0.404942 ,0 
83,3.28 ,0.407031 ,0 
84,3.32 ,0.408692 ,0 
85,3.36 ,0.409919 ,0 
86,3.4 ,0.410704 ,0 
87,3.44 ,0.411041 ,0 
88,3.48 ,0.410925 ,0 
89,3.52 ,0.410351 ,0 
90,3.56 ,0.409316 ,0 
91,3.6 ,0.407817 ,0 
92,3.64 ,0.405851 ,0 
93,3.68 ,0.403418 ,0 
94,3.72 ,0.400517 ,0 
95,3.76 ,0.397148 ,0 
96,3.8 ,0.393314 ,0 
97,3.84 ,0.389015 ,0 
98,3.88 ,0.384255 ,0 
99,3.92 ,0.379037 ,0 
100,3.96 ,0.373366 ,0 
101,4 ,0.367246 ,0 
102,4.04 ,0.360685 ,0 
103,4.08 ,0.353688 ,0 
104,4.12 ,0.346263 ,0 
105,4.16 ,0.338418 ,0 
106,4.2 ,0.330163 ,0 
107,4.24 ,0.321505 ,0 
108,4.28 ,0.312456 ,0 
109,4.32 ,0.303026 ,0 
110,4.36 ,0.293227 ,0 
111,4.4 ,0.28307 ,0 
112,4.44 ,0.272568 ,0 
113,4.48 ,0.261733 ,0 
114,4.52 ,0.25058 ,0 
115,4.56 ,0.239122 ,0 
116,4.6 ,0.227373 ,0 
117,4.64 ,0.215348 ,0 
118,4.68 ,0.203061 ,0 
119,4.72 ,0.19053 ,0 
120,4.76 ,0.177768 ,0 
121,4.8 ,0.164791 ,0 
122,4.84 ,0.151617 ,0 
123,4.88 ,0.138261 ,0 
124,4.92 ,0.12474 ,0 
125,4.96 ,0.11107 ,0 
126,5 ,0.0972689 ,0 
127,5.04 ,0.0833524 ,0 
128,5.08 ,0.0693376 ,0 
129,5.12 ,0.0552414 ,0 
130,5.16 ,0.0410807 ,0 
131,5.2 ,0.0268721 ,0 
132,5.24 ,0.0126325 ,0 
133,5.28 ,-0.00162177 ,0 
134,5.32 ,-0.0158742 ,0 
135,5.36 ,-0.0301085 ,0 
136,5.4 ,-0.0443086 ,0 
137,5.44 ,-0.0584588 ,0 
138,5.48 ,-0.0725435 ,0 
139,5.52 ,-0.0865473 ,0 
140,5.56 ,-0.100455 ,0 
141,5.6 ,-0.114253 ,0 
142,5.64 ,-0.127926 ,0 
143,5.68 ,-0.141459 ,0 
144,5.72 ,-0.154841 ,0 
145,5.76 ,-0.168056 ,0 
146,5.8 ,-0.181094 ,0 
147,5.84 ,-0.19394 ,0 
148,5.88 ,-0.206584 ,0 
149,5.92 ,-0.219014 ,0 
150,5.96 ,-0.231218 ,0 
151,6 ,-0.243187 ,0 
152,6.04 ,-0.254911 ,0 
153,6.08 ,-0.266379 ,0 
154,6.12 ,-0.277583 ,0 
155,6.16 ,-0.288514 ,0 
156,6.2 ,-0.299165 ,0 
157,6.24 ,-0.309528 ,0 
158,6.28 ,-0.319596 ,0 
159,6.32 ,-0.329363 ,0 
160,6.36 ,-0.338822 ,0 
161,6.4 ,-0.347969 ,0 
162,6.44 ,-0.356799 ,0 
163,6.48 ,-0.365308 ,0 
164,6.52 ,-0.373491 ,0 
165,6.56 ,-0.381346 ,0 
166,6.6 ,-0.388869 ,0 
167,6.64 ,-0.39606 ,0 
168,6.68 ,-0.402915 ,0 
169,6.72 ,-0.409434 ,0 
170,6.76 ,-0.415617 ,0 
171,6.8 ,-0.421462 ,0 
172,6.84 ,-0.42697 ,0 
173,6.88 ,-0.432143 ,0 
174,6.92 ,-0.43698 ,0 
175,6.96 ,-0.441484 ,0 
176,7 ,-0.445656 ,0 
177,7.04 ,-0.4495 ,0 
178,7.08 ,-0.453017 ,0 
179,7.12 ,-0.456211 ,0 
180,7.16 ,-0.459086 ,0 
181,7.2 ,-0.461646 ,0 
182,7.24 ,-0.463894 ,0 
183,7.28 ,-0.465836 ,0 
184,7.32 ,-0.467476 ,0 
185,7.36 ,-0.468819 ,0 
186,7.4 ,-0.469872 ,0 
187,7.44 ,-0.470639 ,0 
188,7.48 ,-0.471127 ,0 
189,7.52 ,-0.471342 ,0 
190,7.56 ,-0.471291 ,0 
191,7.6 ,-0.47098 ,0 
192,7.64 ,-0.470416 ,0 
193,7.68 ,-0.469606 ,0 
194,7.72 ,-0.468557 ,0 
195,7.76 ,-0.467277 ,0 
196,7.8 ,-0.465773 ,0 
197,7.84 ,-0.464053 ,0 
198,7.88 ,-0.462124 ,0 
199,7.92 ,-0.459995 ,0 
200,7.96 ,-0.457673 ,0 
201,8 ,-0.455165 ,0 
202,8.04 ,-0.452479 ,0 
203,8.08 ,-0.449624 ,0 
204,8.12 ,-0.446606 ,0 
205,8.16 ,-0.443432 ,0 
206,8.2 ,-0.440111 ,0 
207,8.24 ,-0.436649 ,0 
208,8.28 ,-0.433054 ,0 
209,8.32 ,-0.429332 ,0 
210,8.36 ,-0.425491 ,0 
211,8.4 ,-0.421536 ,0 
212,8.44 ,-0.417476 ,0 
213,8.48 ,-0.413316 ,0 
214,8.52 ,-0.409062 ,0 
215,8.56 ,-0.404722 ,0 
216,8.6 ,-0.4003 ,0 
217,8.64 ,-0.395804 ,0 
218,8.68 ,-0.391238 ,0 
219,8.72 ,-0.386609 ,0 
220,8.76 ,-0.381922 ,0 
221,8.8 ,-0.377183 ,0 
222,8.84 ,-0.372396 ,0 
223,8.88 ,-0.367567 ,0 
224,8.92 ,-0.3627 ,0 
225,8.96 ,-0.357801 ,0 
226,9 ,-0.352874 ,0 
227,9.04 ,-0.347924 ,0 
228,9.08 ,-0.342955 ,0 
229,9.12 ,-0.337971 ,0 
230,9.16 ,-0.332976 ,0 
231,9.2 ,-0.327974 ,0 
232,9.24 ,-0.322969 ,0 
233,9.28 ,-0.317964 ,0 
234,9.32 ,-0.312964 ,0 
235,9.36 ,-0.30797 ,0 
236,9.4 ,-0.302988 ,0 
237,9.44 ,-0.298018 ,0 
238,9.48 ,-0.293066 ,0 
239,9.52 ,-0.288133 ,0 
240,9.56 ,-0.283221 ,0 
241,9.6 ,-0.278335 ,0 
242,9.64 ,-0.273475 ,0 
243,9.68 ,-0.268645 ,0 
244,9.72 ,-0.263846 ,0 
245,9.76 ,-0.259081 ,0 
246,9.8 ,-0.254352 ,0 
247,9.84 ,-0.24966 ,0 
248,9.88 ,-0.245007 ,0 
249,9.92 ,-0.240395 ,0 
250,9.96 ,-0.235826 ,0 
251,10 ,-0.231301 ,0 
252,10.04 ,-0.22682 ,0 
253,10.08 ,-0.222387 ,0 
254,10.12 ,-0.218001 ,0 
255,10.16 ,-0.213663 ,0 
256,10.2 ,-0.209376 ,0 
257,10.24 ,-0.205139 ,0 
258,10.28 ,-0.200954 ,0 
259,10.32 ,-0.196821 ,0 
260,10.36 ,-0.192741 ,0 
261,10.4 ,-0.188714 ,0 
262,10.44 ,-0.184742 ,0 
263,10.48 ,-0.180824 ,0 
264,10.52 ,-0.176962 ,0 
265,10.56 ,-0.173154 ,0 
266,10.6 ,-0.169403 ,0 
267,10.64 ,-0.165707 ,0 
268,10.68 ,-0.162068 ,0 
269,10.72 ,-0.158484 ,0 
270,10.76 ,-0.154957 ,0 
271,10.8 ,-0.151486 ,0 
272,10.84 ,-0.148072 ,0 
273,10.88 ,-0.144713 ,0 
274,10.92 ,-0.141411 ,0 
275,10.96 ,-0.138165 ,0 
276,11 ,-0.134974 ,0 
277,11.04 ,-0.13184 ,0 
278,11.08 ,-0.12876 ,0 
279,11.12 ,-0.125735 ,0 
280,11.16 ,-0.122766 ,0 
281,11.2 ,-0.11985 ,0 
282,11.24 ,-0.116989 ,0 
283,11.28 ,-0.114181 ,0 
284,11.32 ,-0.111426 ,0 
285,11.36 ,-0.108724 ,0 
286,11.4 ,-0.106074 ,0 
287,11.44 ,-0.103476 ,0 
288,11.48 ,-0.10093 ,0 
289,11.52 ,-0.0984336 ,0 
290,11.56 ,-0.0959877 ,0 
291,11.6 ,-0.0935915 ,0 
292,11.64 ,-0.0912443 ,0 
293,11.68 ,-0.0889456 ,0 
294,11.72 ,-0.0866947 ,0 
295,11.76 ,-0.0844911 ,0 
296,11.8 ,-0.0823342 ,0 
297,11.84 ,-0.0802233 ,0 
298,11.88 ,-0.0781579 ,0 
299,11.92 ,-0.0761372 ,0 
300,11.96 ,-0.0741606 ,0 
301,12 ,-0.0722275 ,0 
302,12.04 ,-0.0703372 ,0 
303,12.08 ,-0.0684891 ,0 
304,12.12 ,-0.0666825 ,0 
305,12.16 ,-0.0649168 ,0 
306,12.2 ,-0.0631913 ,0 
307,12.24 ,-0.0615054 ,0 
308,12.28 ,-0.0598583 ,0 
309,12.32 ,-0.0582495 ,0 
310,12.36 ,-0.0566782 ,0 
311,12.4 ,-0.0551438 ,0 
312,12.44 ,-0.0536457 ,0 
313,12.48 ,-0.0521832 ,0 
314,12.52 ,-0.0507557 ,0 
315,12.56 ,-0.0493625 ,0 
316,12.6 ,-0.048003 ,0 
317,12.64 ,-0.0466765 ,0 
318,12.68 ,-0.0453825 ,0 
319,12.72 ,-0.0441202 ,0 
320,12.76 ,-0.0428891 ,0 
321,12.8 ,-0.0416885 ,0 
322,12.84 ,-0.0405179 ,0 
323,12.88 ,-0.0393767 ,0 
324,12.92 ,-0.0382641 ,0 
325,12.96 ,-0.0371798 ,0 
326,13 ,-0.036123 ,0 
327,13.04 ,-0.0350932 ,0 
328,13.08 ,-0.0340898 ,0 
329,13.12 ,-0.0331122 ,0 
330,13.16 ,-0.03216 ,0 
331,13.2 ,-0.0312326 ,0 
332,13.24 ,-0.0303293 ,0 
333,13.28 ,-0.0294498 ,0 
334,13.32 ,-0.0285934 ,0 
335,13.36 ,-0.0277596 ,0 
336,13.4 ,-0.026948 ,0 
337,13.44 ,-0.026158 ,0 
338,13.48 ,-0.0253891 ,0 
339,13.52 ,-0.0246409 ,0 
340,13.56 ,-0.0239129 ,0 
341,13.6 ,-0.0232046 ,0 
342,13.64 ,-0.0225155 ,0 
343,13.68 ,-0.0218452 ,0 
344,13.72 ,-0.0211933 ,0 
345,13.76 ,-0.0205592 ,0 
346,13.8 ,-0.0199426 ,0 
347,13.84 ,-0.0193431 ,0 
348,13.88 ,-0.0187602 ,0 
349,13.92 ,-0.0181936 ,0 
350,13.96 ,-0.0176428 ,0 
351,14 ,-0.0171074 ,0 
352,14.04 ,-0.0165871 ,0 
353,14.08 ,-0.0160814 ,0 
354,14.12 ,-0.0155901 ,0 
355,14.16 ,-0.0151127 ,0 
356,14.2 ,-0.0146489 ,0 
357,14.24 ,-0.0141984 ,0 
358,14.28 ,-0.0137607 ,0 
359,14.32 ,-0.0133357 ,0 
360,14.36 ,-0.0129229 ,0 
361,14.4 ,-0.012522 ,0 
362,14.44 ,-0.0121328 ,0 
363,14.48 ,-0.0117549 ,0 
364,14.52 ,-0.011388 ,0 
365,14.56 ,-0.0110318 ,0 
366,14.6 ,-0.0106861 ,0 
367,14.64 ,-0.0103505 ,0 
368,14.68 ,-0.0100249 ,0 
369,14.72 ,-0.00970882 ,0 
370,14.76 ,-0.00940215 ,0 
371,14.8 ,-0.0091046 ,0 
372,14.84 ,-0.00881591 ,0 
373,14.88 ,-0.00853584 ,0 
374,14.92 ,-0.00826417 ,0 
375,14.96 ,-0.00800065 ,0 
376,15 ,-0.00774506 ,0 
377,15.04 ,-0.00749718 ,0 
378,15.08 ,-0.0072568 ,0 
379,15.12 ,-0.00702371 ,0 
380,15.16 ,-0.00679771 ,0 
381,15.2 ,-0.00657858 ,0 
382,15.24 ,-0.00636615 ,0 
383,15.28 ,-0.00616023 ,0 
384,15.32 ,-0.00596061 ,0 
385,15.36 ,-0.00576714 ,0 
386,15.4 ,-0.00557962 ,0 
387,15.44 ,-0.0053979 ,0 
388,15.48 ,-0.0052218 ,0 
389,15.52 ,-0.00505117 ,0 
390,15.56 ,-0.00488584 ,0 
391,15.6 ,-0.00472566 ,0 
392,15.64 ,-0.00457048 ,0 
393,15.68 ,-0.00442015 ,0 
394,15.72 ,-0.00427454 ,0 
395,15.76 ,-0.0041335 ,0 
396,15.8 ,-0.0039969 ,0 
397,15.84 ,-0.00386461 ,0 
398,15.88 ,-0.0037365 ,0 
399,15.92 ,-0.00361244 ,0 
400,15.96 ,-0.00349233 ,0 
401,16 ,-0.00337603 ,0 
402,16.04 ,-0.00326343 ,0 
403,16.08 ,-0.00315443 ,0 
404,16.12 ,-0.00304891 ,0 
405,16.16 ,-0.00294678 ,0 
406,16.2 ,-0.00284792 ,0 
407,16.24 ,-0.00275224 ,0 
408,16.28 ,-0.00265964 ,0 
409,16.32 ,-0.00257003 ,0 
410,16.36 ,-0.00248332 ,0 
411,16.4 ,-0.00239941 ,0 
412,16.44 ,-0.00231823 ,0 
413,16.48 ,-0.00223968 ,0 
414,16.52 ,-0.0021637 ,0 
415,16.56 ,-0.00209019 ,0 
416,16.6 ,-0.00201908 ,0 
417,16.64 ,-0.0019503 ,0 
418,16.68 ,-0.00188377 ,0 
419,16.72 ,-0.00181943 ,0 
420,16.76 ,-0.0017572 ,0 
421,16.8 ,-0.00169702 ,0 
422,16.84 ,-0.00163883 ,0 
423,16.88 ,-0.00158256 ,0 
424,16.92 ,-0.00152816 ,0 
425,16.96 ,-0.00147556 ,0 
426,17 ,-0.0014247 ,0 
427,17.04 ,-0.00137554 ,0 
428,17.08 ,-0.00132801 ,0 
429,17.12 ,-0.00128207 ,0 
430,17.16 ,-0.00123766 ,0 
431,17.2 ,-0.00119474 ,0 
432,17.24 ,-0.00115326 ,0 
433,17.28 ,-0.00111317 ,0 
434,17.32 ,-0.00107442 ,0 
435,17.36 ,-0.00103699 ,0 
436,17.4 ,-0.00100081 ,0 
437,17.44 ,-0.000965854 ,0 
438,17.48 ,-0.00093208 ,0 
439,17.52 ,-0.000899449 ,0 
440,17.56 ,-0.000867924 ,0 
441,17.6 ,-0.00083747 ,0 
442,17.64 ,-0.000808051 ,0 
443,17.68 ,-0.000779634 ,0 
444,17.72 ,-0.000752185 ,0 
445,17.76 ,-0.000725673 ,0 
446,17.8 ,-0.000700068 ,0 
447,17.84 ,-0.000675338 ,0 
448,17.88 ,-0.000651457 ,0 
449,17.92 ,-0.000628395 ,0 
450,17.96 ,-0.000606125 ,0 
451,18 ,-0.000584622 ,0 
452,18.04 ,-0.000563859 ,0 
453,18.08 ,-0.000543813 ,0 
454,18.12 ,-0.000524459 ,0 
455,18.16 ,-0.000505774 ,0 
456,18.2 ,-0.000487736 ,0 
457,18.24 ,-0.000470324 ,0 
458,18.28 ,-0.000453516 ,0 
459,18.32 ,-0.000437292 ,0 
460,18.36 ,-0.000421633 ,0 
461,18.4 ,-0.000406519 ,0 
462,18.44 ,-0.000391933 ,0 
463,18.48 ,-0.000377856 ,0 
464,18.52 ,-0.000364271 ,0 
465,18.56 ,-0.000351162 ,0 
466,18.6 ,-0.000338512 ,0 
467,18.64 ,-0.000326306 ,0 
468,18.68 ,-0.000314529 ,0 
469,18.72 ,-0.000303166 ,0 
470,18.76 ,-0.000292203 ,0 
471,18.8 ,-0.000281627 ,0 
472,18.84 ,-0.000271423 ,0 
473,18.88 ,-0.000261581 ,0 
474,18.92 ,-0.000252086 ,0 
475,18.96 ,-0.000242927 ,0 
476,19 ,-0.000234093 ,0 
477,19.04 ,-0.000225573 ,0 
478,19.08 ,-0.000217355 ,0 
479,19.12 ,-0.00020943 ,0 
480,19.16 ,-0.000201786 ,0 
481,19.2 ,-0.000194415 ,0 
482,19.24 ,-0.000187307 ,0 
483,19.28 ,-0.000180453 ,0 
484,19.32 ,-0.000173843 ,0 
485,19.36 ,-0.000167471 ,0 
486,19.4 ,-0.000161326 ,0 
487,19.44 ,-0.000155402 ,0 
488,19.48 ,-0.000149691 ,0 
489,19.52 ,-0.000144184 ,0 
490,19.56 ,-0.000138876 ,0 
491,19.6 ,-0.000133759 ,0 
492,19.64 ,-0.000128826 ,0 
493,19.68 ,-0.000124071 ,0 
494,19.72 ,-0.000119488 ,0 
495,19.76 ,-0.000115071 ,0 
496,19.8 ,-0.000110813 ,0 
497,19.84 ,-0.00010671 ,0 
498,19.88 ,-0.000102755 ,0 
499,19.92 ,-9.89439e-05 ,0 
500,19.96 ,-9.52711e-05 ,0 
501,20 ,-9.17318e-05 ,0 
502,20.04 ,-8.83213e-05 ,0 
503,20.08 ,-8.50349e-05 ,0 
504,20.12 ,-8.18684e-05 ,0 
505,20.16 ,-7.88174e-05 ,0 
506,20.2 ,-7.58778e-05 ,0 
507,20.24 ,-7.30457e-05 ,0 
508,20.28 ,-7.03171e-05 ,0 
509,20.32 ,-6.76885e-05 ,0 
510,20.36 ,-6.51562e-05 ,0 
511,20.4 ,-6.27168e-05 ,0 
512,20.44 ,-6.03669e-05 ,0 
513,20.48 ,-5.81034e-05 ,0 
514,20.52 ,-5.59232e-05 ,0 
515,20.56 ,-5.38232e-05 ,0 
516,20.6 ,-5.18006e-05 ,0 
517,20.64 ,-4.98525e-05 ,0 
518,20.68 ,-4.79763e-05 ,0 
519,20.72 ,-4.61695e-05 ,0 
520,20.76 ,-4.44294e-05 ,0 
521,20.8 ,-4.27537e-05 ,0 
522,20.84 ,-4.114e-05 ,0 
523,20.88 ,-3.95861e-05 ,0 
524,20.92 ,-3.80899e-05 ,0 
525,20.96 ,-3.66492e-05 ,0 
526,21 ,-3.5262e-05 ,0 
527,21.04 ,-3.39264e-05 ,0 
528,21.08 ,-3.26405e-05 ,0 
529,21.12 ,-3.14025e-05 ,0 
530,21.16 ,-3.02106e-05 ,0 
531,21.2 ,-2.90632e-05 ,0 
532,21.24 ,-2.79586e-05 ,0 
533,21.28 ,-2.68952e-05 ,0 
534,21.32 ,-2.58717e-05 ,0 
535,21.36 ,-2.48864e-05 ,0 
536,21.4 ,-2.3938e-05 ,0 
537,21.44 ,-2.30251e-05 ,0 
538,21.48 ,-2.21465e-05 ,0 
539,21.52 ,-2.13008e-05 ,0 
540,21.56 ,-2.04869e-05 ,0 
541,21.6 ,-1.97036e-05 ,0 
542,21.64 ,-1.89497e-05 ,0 
543,21.68 ,-1.82242e-05 ,0 
544,21.72 ,-1.75261e-05 ,0 
545,21.76 ,-1.68542e-05 ,0 
546,21.8 ,-1.62078e-05 ,0 
547,21.84 ,-1.55857e-05 ,0 
548,21.88 ,-1.49871e-05 ,0 
549,21.92 ,-1.44111e-05 ,0 
550,21.96 ,-1.38569e-05 ,0 
551,22 ,-1.33237e-05 ,0 
552,22.04 ,-1.28107e-05 ,0 
553,22.08 ,-1.23172e-05 ,0 
554,22.12 ,-1.18424e-05 ,0 
555,22.16 ,-1.13856e-05 ,0 
556,22.2 ,-1.09461e-05 ,0 
557,22.24 ,-1.05234e-05 ,0 
558,22.28 ,-1.01167e-05 ,0 
559,22.32 ,-9.72557e-06 ,0 
560,22.36 ,-9.3493e-06 ,0 
561,22.4 ,-8.98736e-06 ,0 
562,22.44 ,-8.63924e-06 ,0 
563,22.48 ,-8.3044e-06 ,0 
564,22.52 ,-7.98235e-06 ,0 
565,22.56 ,-7.67261e-06 ,0 
566,22.6 ,-7.37472e-06 ,0 
567,22.64 ,-7.08823e-06 ,0 
568,22.68 ,-6.8127e-06 ,0 
569,22.72 ,-6.54774e-06 ,0 
570,22.76 ,-6.29294e-06 ,0 
571,22.8 ,-6.04791e-06 ,0 
572,22.84 ,-5.81229e-06 ,0 
573,22.88 ,-5.58573e-06 ,0 
574,22.92 ,-5.36787e-06 ,0 
575,22.96 ,-5.15839e-06 ,0 
576,23 ,-4.95698e-06 ,0 
577,23.04 ,-4.76332e-06 ,0 
578,23.08 ,-4.57713e-06 ,0 
579,23.12 ,-4.39812e-06 ,0 
580,23.16 ,-4.22601e-06 ,0 
581,23.2 ,-4.06055e-06 ,0 
582,23.24 ,-3.90148e-06 ,0 
583,23.28 ,-3.74856e-06 ,0 
584,23.32 ,-3.60156e-06 ,0 
585,23.36 ,-3.46025e-06 ,0 
586,23.4 ,-3.3244e-06 ,0 
587,23.44 ,-3.19383e-06 ,0 
588,23.48 ,-3.06831e-06 ,0 
589,23.52 ,-2.94767e-06 ,0 
590,23.56 ,-2.8317e-06 ,0 
591,23.6 ,-2.72024e-06 ,0 
592,23.64 ,-2.61312e-06 ,0 
593,23.68 ,-2.51016e-06 ,0 
594,23.72 ,-2.4112e-06 ,0 
595,23.76 ,-2.3161e-06 ,0 
596,23.8 ,-2.2247e-06 ,0 
597,23.84 ,-2.13686e-06 ,0 
598,23.88 ,-2.05245e-06 ,0 
599,23.92 ,-1.97133e-06 ,0 
600,23.96 ,-1.89338e-06 ,0 
601,24 ,-1.81848e-06 ,0 
602,24.04 ,-1.7465e-06 ,0 
603,24.08 ,-1.67733e-06 ,0 
604,24.12 ,-1.61088e-06 ,0 
605,24.16 ,-1.54702e-06 ,0 
606,24.2 ,-1.48566e-06 ,0 
607,24.24 ,-1.42671e-06 ,0 
608,24.28 ,-1.37007e-06 ,0 
609,24.32 ,-1.31566e-06 ,0 
610,24.36 ,-1.26338e-06 ,0 
611,24.4 ,-1.21315e-06 ,0 
612,24.44 ,-1.16489e-06 ,0 
613,24.48 ,-1.11853e-06 ,0 
614,24.52 ,-1.074e-06 ,0 
615,24.56 ,-1.03122e-06 ,0 
616,24.6 ,-9.90121e-07 ,0 
617,24.64 ,-9.50643e-07 ,0 
618,24.68 ,-9.12721e-07 ,0 
619,24.72 ,-8.76293e-07 ,0 
620,24.76 ,-8.41303e-07 ,0 
621,24.8 ,-8.07695e-07 ,0 
622,24.84 ,-7.75413e-07 ,0 
623,24.88 ,-7.44407e-07 ,0 
624,24.92 ,-7.14626e-07 ,0 
625,24.96 ,-6.86023e-07 ,0 
626,25 ,-6.58552e-07 ,0 
627,25.04 ,-6.32168e-07 ,0 
628,25.08 ,-6.06829e-07 ,0 
629,25.12 ,-5.82494e-07 ,0 
630,25.16 ,-5.59124e-07 ,0 
631,25.2 ,-5.36681e-07 ,0 
632,25.24 ,-5.15127e-07 ,0 
633,25.28 ,-4.9443e-07 ,0 
634,25.32 ,-4.74554e-07 ,0 
635,25.36 ,-4.55468e-07 ,0 
636,25.4 ,-4.3714e-07 ,0 
637,25.44 ,-4.19541e-07 ,0 
638,25.48 ,-4.02642e-07 ,0 
639,25.52 ,-3.86415e-07 ,0 
640,25.56 ,-3.70834e-07 ,0 
641,25.6 ,-3.55874e-07 ,0 
642,25.64 ,-3.41509e-07 ,0 
643,25.68 ,-3.27717e-07 ,0 
644,25.72 ,-3.14475e-07 ,0 
645,25.76 ,-3.01761e-07 ,0 
646,25.8 ,-2.89554e-07 ,0 
647,25.84 ,-2.77834e-07 ,0 
648,25.88 ,-2.66581e-07 ,0 
649,25.92 ,-2.55778e-07 ,0 
650,25.96 ,-2.45406e-07 ,0 
651,26 ,-2.35449e-07 ,0 
652,26.04 ,-2.25889e-07 ,0 
653,26.08 ,-2.16711e-07 ,0 
654,26.12 ,-2.079e-07 ,0 
655,26.16 ,-1.99441e-07 ,0 
656,26.2 ,-1.91321e-07 ,0 
657,26.24 ,-1.83525e-07 ,0 
658,26.28 ,-1.7604e-07 ,0 
659,26.32 ,-1.68855e-07 ,0 
660,26.36 ,-1.61957e-07 ,0 
661,26.4 ,-1.55335e-07 ,0 
662,26.44 ,-1.48977e-07 ,0 
663,26.48 ,-1.42874e-07 ,0 
664,26.52 ,-1.37014e-07 ,0 
665,26.56 ,-1.31388e-07 ,0 
666,26.6 ,-1.25987e-07 ,0 
667,26.64 ,-1.20802e-07 ,0 
668,26.68 ,-1.15823e-07 ,0 
669,26.72 ,-1.11043e-07 ,0 
670,26.76 ,-1.06454e-07 ,0 
671,26.8 ,-1.02047e-07 ,0 
672,26.84 ,-9.78155e-08 ,0 
673,26.88 ,-9.37522e-08 ,0 
674,26.92 ,-8.98503e-08 ,0 
675,26.96 ,-8.61031e-08 ,0 
676,27 ,-8.25042e-08 ,0 
677,27.04 ,-7.90477e-08 ,0 
678,27.08 ,-7.57277e-08 ,0 
679,27.12 ,-7.25384e-08 ,0 
680,27.16 ,-6.94746e-08 ,0 
681,27.2 ,-6.65311e-08 ,0 
682,27.24 ,-6.37027e-08 ,0 
683,27.28 ,-6.09847e-08 ,0 
684,27.32 ,-5.83725e-08 ,0 
685,27.36 ,-5.58616e-08 ,0 
686,27.4 ,-5.34478e-08 ,0 
687,27.44 ,-5.11268e-08 ,0 
688,27.48 ,-4.88949e-08 ,0 
689,27.52 ,-4.6748e-08 ,0 
690,27.56 ,-4.46826e-08 ,0 
691,27.6 ,-4.26951e-08 ,0 
692,27.64 ,-4.07821e-08 ,0 
693,27.68 ,-3.89403e-08 ,0 
694,27.72 ,-3.71666e-08 ,0 
695,27.76 ,-3.54579e-08 ,0 
696,27.8 ,-3.38112e-08 ,0 
697,27.84 ,-3.22237e-08 ,0 
698,27.88 ,-3.06928e-08 ,0 
699,27.92 ,-2.92156e-08 ,0 
700,27.96 ,-2.77898e-08 ,0 
701,28 ,-2.64127e-08 ,0 
702,28.04 ,-2.50821e-08 ,0 
703,28.08 ,-2.37956e-08 ,0 
704,28.12 ,-2.2551e-08 ,0 
705,28.16 ,-2.13462e-08 ,0 
706,28.2 ,-2.01789e-08 ,0 
707,28.24 ,-1.90473e-08 ,0 
708,28.28 ,-1.79493e-08 ,0 
709,28.32 ,-1.6883e-08 ,0 
710,28.36 ,-1.58466e-08 ,0 
711,28.4 ,-1.48381e-08 ,0 
712,28.44 ,-1.3856e-08 ,0 
713,28.48 ,-1.28984e-08 ,0 
714,28.52 ,-1.19637e-08 ,0 
715,28.56 ,-1.10502e-08 ,0 
716,28.6 ,-1.01563e-08 ,0 
717,28.64 ,-9.28043e-09 ,0 
718,28.68 ,-8.42108e-09 ,0 
719,28.72 ,-7.57672e-09 ,0 
720,28.76 ,-6.74584e-09 ,0 
721,28.8 ,-5.92698e-09 ,0 
722,28.84 ,-5.11868e-09 ,0 
723,28.88 ,-4.31952e-09 ,0 
724,28.92 ,-3.52807e-09 ,0 
725,28.96 ,-2.74291e-09 ,0 
726,29 ,-1.96266e-09 ,0 
727,29.04 ,-1.18592e-09 ,0 
728,29.08 ,-4.11306e-10 ,0 
729,29.12 ,3.62575e-10 ,0 
730,29.16 ,1.13711e-09 ,0 
731,29.2 ,1.91368e-09 ,0 
732,29.24 ,2.69368e-09 ,0 
733,29.28 ,3.47852e-09 ,0 
734,29.32 ,4.26961e-09 ,0 
735,29.36 ,5.06838e-09 ,0 
736,29.4 ,5.87627e-09 ,0 
737,29.44 ,6.69474e-09 ,0 
738,29.48 ,7.52527e-09 ,0 
739,29.52 ,8.36936e-09 ,0 
740,29.56 ,9.22855e-09 ,0 
741,29.6 ,1.01044e-08 ,0 
742,29.64 ,1.09985e-08 ,0 
743,29.68 ,1.19125e-08 ,0 
744,29.72 ,1.2848e-08 ,0 
745,29.76 ,1.38067e-08 ,0 
746,29.8 ,1.47905e-08 ,0 
747,29.84 ,1.5801e-08 ,0 
748,29.88 ,1.68402e-08 ,0 
749,29.92 ,1.791e-08 ,0 
750,29.96 ,1.90122e-08 ,0 
751,30 ,2.0149e-08 ,0 
752,30.04 ,2.13224e-08 ,0 
753,30.08 ,2.25346e-08 ,0 
754,30.12 ,2.37878e-08 ,0 
755,30.16 ,2.50842e-08 ,0 
756,30.2 ,2.64264e-08 ,0 
757,30.24 ,2.78168e-08 ,0 
758,30.28 ,2.92579e-08 ,0 
759,30.32 ,3.07523e-08 ,0 
760,30.36 ,3.2303e-08 ,0 
761,30.4 ,3.39126e-08 ,0 
762,30.44 ,3.55843e-08 ,0 
763,30.48 ,3.7321e-08 ,0 
764,30.52 ,3.91261e-08 ,0 
765,30.56 ,4.10028e-08 ,0 
766,30.6 ,4.29547e-08 ,0 
767,30.64 ,4.49853e-08 ,0 
768,30.68 ,4.70984e-08 ,0 
769,30.72 ,4.92981e-08 ,0 
770,30.76 ,5.15882e-08 ,0 
771,30.8 ,5.39732e-08 ,0 
772,30.84 ,5.64574e-08 ,0 
773,30.88 ,5.90455e-08 ,0 
774,30.92 ,6.17423e-08 ,0 
775,30.96 ,6.45529e-08 ,0 
776,31 ,6.74824e-08 ,0 
777,31.04 ,7.05364e-08 ,0 
778,31.08 ,7.37205e-08 ,0 
779,31.12 ,7.70407e-08 ,0 
780,31.16 ,8.05033e-08 ,0 
781,31.2 ,8.41146e-08 ,0 
782,31.24 ,8.78815e-08 ,0 
783,31.28 ,9.1811e-08 ,0 
784,31.32 ,9.59104e-08 ,0 
785,31.36 ,1.00188e-07 ,0 
786,31.4 ,1.0465e-07 ,0 
787,31.44 ,1.09307e-07 ,0 
788,31.48 ,1.14167e-07 ,0 
789,31.52 ,1.19239e-07 ,0 
790,31.56 ,1.24532e-07 ,0 
791,31.6 ,1.30056e-07 ,0 
792,31.64 ,1.35823e-07 ,0 
793,31.68 ,1.41842e-07 ,0 
794,31.72 ,1.48125e-07 ,0 
795,31.76 ,1.54684e-07 ,0 
796,31.8 ,1.61531e-07 ,0 
797,31.84 ,1.68679e-07 ,0 
798,31.88 ,1.76142e-07 ,0 
799,31.92 ,1.83934e-07 ,0 
800,31.96 ,1.92069e-07 ,0 
801,32 ,2.00564e-07 ,0 
802,32.04 ,2.09433e-07 ,0 
803,32.08 ,2.18693e-07 ,0 
804,32.12 ,2.28363e-07 ,0 
805,32.16 ,2.38461e-07 ,0 
806,32.2 ,2.49005e-07 ,0 
807,32.24 ,2.60016e-07 ,0 
808,32.28 ,2.71515e-07 ,0 
809,32.32 ,2.83522e-07 ,0 
810,32.36 ,2.96063e-07 ,0 
811,32.4 ,3.09159e-07 ,0 
812,32.44 ,3.22836e-07 ,0 
813,32.48 ,3.3712e-07 ,0 
814,32.52 ,3.52037e-07 ,0 
815,32.56 ,3.67618e-07 ,0 
816,32.6 ,3.83891e-07 ,0 
817,32.64 ,4.00886e-07 ,0 
818,32.68 ,4.18638e-07 ,0 
819,32.72 ,4.37178e-07 ,0 
820,32.76 ,4.56544e-07 ,0 
821,32.8 ,4.76771e-07 ,0 
822,32.84 ,4.97898e-07 ,0 
823,32.88 ,5.19967e-07 ,0 
824,32.92 ,5.43018e-07 ,0 
825,32.96 ,5.67096e-07 ,0 
826,33 ,5.92247e-07 ,0 
827,33.04 ,6.18519e-07 ,0 
828,33.08 ,6.45962e-07 ,0 
829,33.12 ,6.7463e-07 ,0 
830,33.16 ,7.04576e-07 ,0 
831,33.2 ,7.35859e-07 ,0 
832,33.24 ,7.68539e-07 ,0 
833,33.28 ,8.02677e-07 ,0 
834,33.32 ,8.3834e-07 ,0 
835,33.36 ,8.75596e-07 ,0 
836,33.4 ,9.14517e-07 ,0 
837,33.44 ,9.55177e-07 ,0 
838,33.48 ,9.97655e-07 ,0 
839,33.52 ,1.04203e-06 ,0 
840,33.56 ,1.08839e-06 ,0 
841,33.6 ,1.13683e-06 ,0 
842,33.64 ,1.18743e-06 ,0 
843,33.68 ,1.2403e-06 ,0 
844,33.72 ,1.29554e-06 ,0 
845,33.76 ,1.35325e-06 ,0 
846,33.8 ,1.41354e-06 ,0 
847,33.84 ,1.47654e-06 ,0 
848,33.88 ,1.54236e-06 ,0 
849,33.92 ,1.61112e-06 ,0 
850,33.96 ,1.68298e-06 ,0 
851,34 ,1.75805e-06 ,0 
852,34.04 ,1.83649e-06 ,0 
853,34.08 ,1.91845e-06 ,0 
854,34.12 ,2.00409e-06 ,0 
855,34.16 ,2.09357e-06 ,0 
856,34.2 ,2.18707e-06 ,0 
857,34.24 ,2.28476e-06 ,0 
858,34.28 ,2.38685e-06 ,0 
859,34.32 ,2.49352e-06 ,0 
860,34.36 ,2.60498e-06 ,0 
861,34.4 ,2.72146e-06 ,0 
862,34.44 ,2.84317e-06 ,0 
863,34.48 ,2.97035e-06 ,0 
864,34.52 ,3.10325e-06 ,0 
865,34.56 ,3.24213e-06 ,0 
866,34.6 ,3.38726e-06 ,0 
867,34.64 ,3.53892e-06 ,0 
868,34.68 ,3.6974e-06 ,0 
869,34.72 ,3.86302e-06 ,0 
870,34.76 ,4.0361e-06 ,0 
871,34.8 ,4.21697e-06 ,0 
872,34.84 ,4.406e-06 ,0 
873,34.88 ,4.60354e-06 ,0 
874,34.92 ,4.80998e-06 ,0 
875,34.96 ,5.02573e-06 ,0 
876,35 ,5.2512e-06 ,0 
877,35.04 ,5.48685e-06 ,0 
878,35.08 ,5.73312e-06 ,0 
879,35.12 ,5.99051e-06 ,0 
880,35.16 ,6.25951e-06 ,0 
881,35.2 ,6.54065e-06 ,0 
882,35.24 ,6.83448e-06 ,0 
883,35.28 ,7.14158e-06 ,0 
884,35.32 ,7.46255e-06 ,0 
885,35.36 ,7.79802e-06 ,0 
886,35.4 ,8.14864e-06 ,0 
887,35.44 ,8.51511e-06 ,0 
888,35.48 ,8.89815e-06 ,0 
889,35.52 ,9.2985e-06 ,0 
890,35.56 ,9.71695e-06 ,0 
891,35.6 ,1.01543e-05 ,0 
892,35.64 ,1.06115e-05 ,0 
893,35.68 ,1.10893e-05 ,0 
894,35.72 ,1.15888e-05 ,0 
895,35.76 ,1.21109e-05 ,0 
896,35.8 ,1.26566e-05 ,0 
897,35.84 ,1.3227e-05 ,0 
898,35.88 ,1.38233e-05 ,0 
899,35.92 ,1.44466e-05 ,0 
900,35.96 ,1.50981e-05 ,0 
901,36 ,1.57791e-05 ,0 
902,36.04 ,1.6491e-05 ,0 
903,36.08 ,1.72352e-05 ,0 
904,36.12 ,1.80131e-05 ,0 
905,36.16 ,1.88263e-05 ,0 
906,36.2 ,1.96764e-05 ,0 
907,36.24 ,2.05651e-05 ,0 
908,36.28 ,2.14941e-05 ,0 
909,36.32 ,2.24652e-05 ,0 
910,36.36 ,2.34805e-05 ,0 
911,36.4 ,2.45418e-05 ,0 
912,36.44 ,2.56513e-05 ,0 
913,36.48 ,2.68113e-05 ,0 
914,36.52 ,2.80239e-05 ,0 
915,36.56 ,2.92916e-05 ,0 
916,36.6 ,3.06169e-05 ,0 
917,36.64 ,3.20025e-05 ,0 
918,36.68 ,3.34511e-05 ,0 
919,36.72 ,3.49656e-05 ,0 
920,36.76 ,3.65489e-05 ,0 
921,36.8 ,3.82043e-05 ,0 
922,36.84 ,3.99349e-05 ,0 
923,36.88 ,4.17444e-05 ,0 
924,36.92 ,4.36362e-05 ,0 
925,36.96 ,4.56141e-05 ,0 
926,37 ,4.76821e-05 ,0 
927,37.04 ,4.98442e-05 ,0 
928,37.08 ,5.21049e-05 ,0 
929,37.12 ,5.44685e-05 ,0 
930,37.16 ,5.69398e-05 ,0 
931,37.2 ,5.95238e-05 ,0 
932,37.24 ,6.22255e-05 ,0 
933,37.28 ,6.50504e-05 ,0 
934,37.32 ,6.80041e-05 ,0 
935,37.36 ,7.10926e-05 ,0 
936,37.4 ,7.43219e-05 ,0 
937,37.44 ,7.76986e-05 ,0 
938,37.48 ,8.12293e-05 ,0 
939,37.52 ,8.49212e-05 ,0 
940,37.56 ,8.87816e-05 ,0 
941,37.6 ,9.28182e-05 ,0 
942,37.64 ,9.70392e-05 ,0 
943,37.68 ,0.000101453 ,0 
944,37.72 ,0.000106068 ,0 
945,37.76 ,0.000110895 ,0 
946,37.8 ,0.000115941 ,0 
947,37.84 ,0.000121219 ,0 
948,37.88 ,0.000126738 ,0 
949,37.92 ,0.000132509 ,0 
950,37.96 ,0.000138544 ,0 
951,38 ,0.000144855 ,0 
952,38.04 ,0.000151454 ,0 
953,38.08 ,0.000158356 ,0 
954,38.12 ,0.000165573 ,0 
955,38.16 ,0.000173121 ,0 
956,38.2 ,0.000181014 ,0 
957,38.24 ,0.000189269 ,0 
958,38.28 ,0.000197901 ,0 
959,38.32 ,0.000206929 ,0 
960,38.36 ,0.000216371 ,0 
961,38.4 ,0.000226245 ,0 
962,38.44 ,0.000236572 ,0 
963,38.48 ,0.000247371 ,0 
964,38.52 ,0.000258666 ,0 
965,38.56 ,0.000270479 ,0 
966,38.6 ,0.000282833 ,0 
967,38.64 ,0.000295754 ,0 
968,38.68 ,0.000309268 ,0 
969,38.72 ,0.000323401 ,0 
970,38.76 ,0.000338183 ,0 
971,38.8 ,0.000353644 ,0 
972,38.84 ,0.000369814 ,0 
973,38.88 ,0.000386726 ,0 
974,38.92 ,0.000404415 ,0 
975,38.96 ,0.000422916 ,0 
976,39 ,0.000442267 ,0 
977,39.04 ,0.000462507 ,0 
978,39.08 ,0.000483676 ,0 
979,39.12 ,0.000505819 ,0 
980,39.16 ,0.000528979 ,0 
981,39.2 ,0.000553204 ,0 
982,39.24 ,0.000578542 ,0 
983,39.28 ,0.000605046 ,0 
984,39.32 ,0.000632768 ,0 
985,39.36 ,0.000661765 ,0 
986,39.4 ,0.000692097 ,0 
987,39.44 ,0.000723824 ,0 
988,39.48 ,0.000757011 ,0 
989,39.52 ,0.000791726 ,0 
990,39.56 ,0.000828038 ,0 
991,39.6 ,0.000866022 ,0 
992,39.64 ,0.000905756 ,0 
993,39.68 ,0.000947319 ,0 
994,39.72 ,0.000990797 ,0 
995,39.76 ,0.00103628 ,0 
996,39.8 ,0.00108385 ,0 
997,39.84 ,0.00113362 ,0 
998,39.88 ,0.00118569 ,0 
999,39.92 ,0.00124015 ,0 
1000,39.96 ,0.00129712 ,0 