
1,0 ,0 ,0 
2,0.04 ,0 ,0 
3,0.08 ,0 ,0 
4,0.12 ,2.45877e-07 ,0 
5,0.16 ,7.76581e-07 ,0 
6,0.2 ,1.89435e-06 ,0 
7,0.24 ,3.92407e-06 ,0 
8,0.28 ,7.26098e-06 ,0 
9,0.32 ,1.23695e-05 ,0 
10,0.36 ,1.9782e-05 ,0 
11,0.4 ,3.00973e-05 ,0 
12,0.44 ,4.39789e-05 ,0 
13,0.48 ,6.21531e-05 ,0 
14,0.52 ,8.54072e-05 ,0 
15,0.56 ,0.000114587 ,0 
16,0.6 ,0.000150594 ,0 
17,0.64 ,0.000194385 ,0 
18,0.68 ,0.000246966 ,0 
19,0.72 ,0.000309392 ,0 
20,0.76 ,0.000382762 ,0 
21,0.8 ,0.00046822 ,0 
22,0.84 ,0.000566945 ,0 
23,0.88 ,0.000680154 ,0 
24,0.92 ,0.000809095 ,0 
25,0.96 ,0.000955045 ,0 
26,1 ,0.00111931 ,0 
27,1.04 ,0.0013032 ,0 
28,1.08 ,0.00150807 ,0 
29,1.12 ,0.00173527 ,0 
30,1.16 ,0.00198615 ,0 
31,1.2 ,0.0022621 ,0 
32,1.24 ,0.00256448 ,0 
33,1.28 ,0.00289466 ,0 
34,1.32 ,0.00325401 ,0 
35,1.36 ,0.00364387 ,0 
36,1.4 ,0.00406558 ,0 
37,1.44 ,0.00452047 ,0 
38,1.48 ,0.00500984 ,0 
39,1.52 ,0.00553496 ,0 
40,1.56 ,0.00609708 ,0 
41,1.6 ,0.0066974 ,0 
42,1.64 ,0.0073371 ,0 
43,1.68 ,0.00801732 ,0 
44,1.72 ,0.00873915 ,0 
45,1.76 ,0.00950364 ,0 
46,1.8 ,0.0103118 ,0 
47,1.84 ,0.0111645 ,0 
48,1.88 ,0.0120627 ,0 
49,1.92 ,0.0130072 ,0 
50,1.96 ,0.0139987 ,0 
51,2 ,0.0150381 ,0 
52,2.04 ,0.0161258 ,0 
53,2.08 ,0.0172625 ,0 
54,2.12 ,0.0184486 ,0 
55,2.16 ,0.0196846 ,0 
56,2.2 ,0.0209709 ,0 
57,2.24 ,0.0223076 ,0 
58,2.28 ,0.023695 ,0 
59,2.32 ,0.0251332 ,0 
60,2.36 ,0.0266222 ,0 
61,2.4 ,0.0281619 ,0 
62,2.44 ,0.0297524 ,0 
63,2.48 ,0.0313932 ,0 
64,2.52 ,0.0330842 ,0 
65,2.56 ,0.0348249 ,0 
66,2.6 ,0.0366149 ,0 
67,2.64 ,0.0384537 ,0 
68,2.68 ,0.0403406 ,0 
69,2.72 ,0.042275 ,0 
70,2.76 ,0.0442559 ,0 
71,2.8 ,0.0462827 ,0 
72,2.84 ,0.0483543 ,0 
73,2.88 ,0.0504697 ,0 
74,2.92 ,0.0526278 ,0 
75,2.96 ,0.0548275 ,0 
76,3 ,0.0570676 ,0 
77,3.04 ,0.0593466 ,0 
78,3.08 ,0.0616633 ,0 
79,3.12 ,0.0640162 ,0 
80,3.16 ,0.0664038 ,0 
81,3.2 ,0.0688246 ,0 
82,3.24 ,0.0712769 ,0 
83,3.28 ,0.073759 ,0 
84,3.32 ,0.0762693 ,0 
85,3.36 ,0.0788059 ,0 
86,3.4 ,0.0813671 ,0 
87,3.44 ,0.083951 ,0 
88,3.48 ,0.0865557 ,0 
89,3.52 ,0.0891792 ,0 
90,3.56 ,0.0918196 ,0 
91,3.6 ,0.0944749 ,0 
92,3.64 ,0.0971431 ,0 
93,3.68 ,0.0998222 ,0 
94,3.72 ,0.10251 ,0 
95,3.76 ,0.105205 ,0 
96,3.8 ,0.107904 ,0 
97,3.84 ,0.110605 ,0 
98,3.88 ,0.113308 ,0 
99,3.92 ,0.116008 ,0 
100,3.96 ,0.118705 ,0 
101,4 ,0.121396 ,0 
102,4.04 ,0.124079 ,0 
103,4.08 ,0.126752 ,0 
104,4.12 ,0.129413 ,0 
105,4.16 ,0.13206 ,0 
106,4.2 ,0.134692 ,0 
107,4.24 ,0.137305 ,0 
108,4.28 ,0.139898 ,0 
109,4.32 ,0.14247 ,0 
110,4.36 ,0.145017 ,0 
111,4.4 ,0.14754 ,0 
112,4.44 ,0.150035 ,0 
113,4.48 ,0.152501 ,0 
114,4.52 ,0.154937 ,0 
115,4.56 ,0.15734 ,0 
116,4.6 ,0.15971 ,0 
117,4.64 ,0.162044 ,0 
118,4.68 ,0.164341 ,0 
119,4.72 ,0.1666 ,0 
120,4.76 ,0.168819 ,0 
121,4.8 ,0.170997 ,0 
122,4.84 ,0.173134 ,0 
123,4.88 ,0.175227 ,0 
124,4.92 ,0.177276 ,0 
125,4.96 ,0.17928 ,0 
126,5 ,0.181237 ,0 
127,5.04 ,0.183147 ,0 
128,5.08 ,0.18501 ,0 
129,5.12 ,0.186823 ,0 
130,5.16 ,0.188587 ,0 
131,5.2 ,0.190301 ,0 
132,5.24 ,0.191963 ,0 
133,5.28 ,0.193574 ,0 
134,5.32 ,0.195132 ,0 
135,5.36 ,0.196637 ,0 
136,5.4 ,0.198088 ,0 
137,5.44 ,0.199484 ,0 
138,5.48 ,0.200826 ,0 
139,5.52 ,0.202112 ,0 
140,5.56 ,0.203342 ,0 
141,5.6 ,0.204516 ,0 
142,5.64 ,0.205633 ,0 
143,5.68 ,0.206692 ,0 
144,5.72 ,0.207694 ,0 
145,5.76 ,0.208637 ,0 
146,5.8 ,0.209522 ,0 
147,5.84 ,0.210348 ,0 
148,5.88 ,0.211115 ,0 
149,5.92 ,0.211823 ,0 
150,5.96 ,0.212471 ,0 
151,6 ,0.213059 ,0 
152,6.04 ,0.213588 ,0 
153,6.08 ,0.214056 ,0 
154,6.12 ,0.214464 ,0 
155,6.16 ,0.214812 ,0 
156,6.2 ,0.2151 ,0 
157,6.24 ,0.215327 ,0 
158,6.28 ,0.215494 ,0 
159,6.32 ,0.2156 ,0 
160,6.36 ,0.215647 ,0 
161,6.4 ,0.215632 ,0 
162,6.44 ,0.215558 ,0 
163,6.48 ,0.215424 ,0 
164,6.52 ,0.215229 ,0 
165,6.56 ,0.214975 ,0 
166,6.6 ,0.214661 ,0 
167,6.64 ,0.214288 ,0 
168,6.68 ,0.213855 ,0 
169,6.72 ,0.213364 ,0 
170,6.76 ,0.212814 ,0 
171,6.8 ,0.212205 ,0 
172,6.84 ,0.211539 ,0 
173,6.88 ,0.210814 ,0 
174,6.92 ,0.210032 ,0 
175,6.96 ,0.209193 ,0 
176,7 ,0.208297 ,0 
177,7.04 ,0.207345 ,0 
178,7.08 ,0.206337 ,0 
179,7.12 ,0.205274 ,0 
180,7.16 ,0.204156 ,0 
181,7.2 ,0.202983 ,0 
182,7.24 ,0.201755 ,0 
183,7.28 ,0.200475 ,0 
184,7.32 ,0.199141 ,0 
185,7.36 ,0.197755 ,0 
186,7.4 ,0.196316 ,0 
187,7.44 ,0.194827 ,0 
188,7.48 ,0.193286 ,0 
189,7.52 ,0.191695 ,0 
190,7.56 ,0.190054 ,0 
191,7.6 ,0.188364 ,0 
192,7.64 ,0.186626 ,0 
193,7.68 ,0.184839 ,0 
194,7.72 ,0.183006 ,0 
195,7.76 ,0.181126 ,0 
196,7.8 ,0.179199 ,0 
197,7.84 ,0.177228 ,0 
198,7.88 ,0.175212 ,0 
199,7.92 ,0.173152 ,0 
200,7.96 ,0.171048 ,0 
201,8 ,0.168902 ,0 
202,8.04 ,0.166715 ,0 
203,8.08 ,0.164486 ,0 
204,8.12 ,0.162216 ,0 
205,8.16 ,0.159907 ,0 
206,8.2 ,0.157559 ,0 
207,8.24 ,0.155172 ,0 
208,8.28 ,0.152748 ,0 
209,8.32 ,0.150288 ,0 
210,8.36 ,0.147791 ,0 
211,8.4 ,0.145259 ,0 
212,8.44 ,0.142692 ,0 
213,8.48 ,0.140092 ,0 
214,8.52 ,0.137458 ,0 
215,8.56 ,0.134793 ,0 
216,8.6 ,0.132096 ,0 
217,8.64 ,0.129368 ,0 
218,8.68 ,0.12661 ,0 
219,8.72 ,0.123823 ,0 
220,8.76 ,0.121008 ,0 
221,8.8 ,0.118165 ,0 
222,8.84 ,0.115295 ,0 
223,8.88 ,0.112399 ,0 
224,8.92 ,0.109478 ,0 
225,8.96 ,0.106532 ,0 
226,9 ,0.103563 ,0 
227,9.04 ,0.10057 ,0 
228,9.08 ,0.0975554 ,0 
229,9.12 ,0.0945192 ,0 
230,9.16 ,0.0914624 ,0 
231,9.2 ,0.0883856 ,0 
232,9.24 ,0.0852896 ,0 
233,9.28 ,0.0821753 ,0 
234,9.32 ,0.0790433 ,0 
235,9.36 ,0.0758945 ,0 
236,9.4 ,0.0727295 ,0 
237,9.44 ,0.0695492 ,0 
238,9.48 ,0.0663542 ,0 
239,9.52 ,0.0631453 ,0 
240,9.56 ,0.0599232 ,0 
241,9.6 ,0.0566887 ,0 
242,9.64 ,0.0534426 ,0 
243,9.68 ,0.0501854 ,0 
244,9.72 ,0.0469181 ,0 
245,9.76 ,0.0436412 ,0 
246,9.8 ,0.0403554 ,0 
247,9.84 ,0.0370616 ,0 
248,9.88 ,0.0337603 ,0 
249,9.92 ,0.0304523 ,0 
250,9.96 ,0.0271383 ,0 
251,10 ,0.023819 ,0 
252,10.04 ,0.020495 ,0 
253,10.08 ,0.0171669 ,0 
254,10.12 ,0.0138356 ,0 
255,10.16 ,0.0105016 ,0 
256,10.2 ,0.00716555 ,0 
257,10.24 ,0.00382815 ,0 
258,10.28 ,0.000490026 ,0 
259,10.32 ,-0.00284819 ,0 
260,10.36 ,-0.00618587 ,0 
261,10.4 ,-0.0095224 ,0 
262,10.44 ,-0.0128572 ,0 
263,10.48 ,-0.0161895 ,0 
264,10.52 ,-0.019519 ,0 
265,10.56 ,-0.0228448 ,0 
266,10.6 ,-0.0261665 ,0 
267,10.64 ,-0.0294834 ,0 
268,10.68 ,-0.0327951 ,0 
269,10.72 ,-0.0361009 ,0 
270,10.76 ,-0.0394003 ,0 
271,10.8 ,-0.0426927 ,0 
272,10.84 ,-0.0459776 ,0 
273,10.88 ,-0.0492544 ,0 
274,10.92 ,-0.0525227 ,0 
275,10.96 ,-0.0557819 ,0 
276,11 ,-0.0590315 ,0 
277,11.04 ,-0.062271 ,0 
278,11.08 ,-0.0654999 ,0 
279,11.12 ,-0.0687177 ,0 
280,11.16 ,-0.071924 ,0 
281,11.2 ,-0.0751183 ,0 
282,11.24 ,-0.0783 ,0 
283,11.28 ,-0.0814688 ,0 
284,11.32 ,-0.0846243 ,0 
285,11.36 ,-0.0877658 ,0 
286,11.4 ,-0.0908932 ,0 
287,11.44 ,-0.0940058 ,0 
288,11.48 ,-0.0971033 ,0 
289,11.52 ,-0.100185 ,0 
290,11.56 ,-0.103251 ,0 
291,11.6 ,-0.106301 ,0 
292,11.64 ,-0.109334 ,0 
293,11.68 ,-0.11235 ,0 
294,11.72 ,-0.115349 ,0 
295,11.76 ,-0.11833 ,0 
296,11.8 ,-0.121293 ,0 
297,11.84 ,-0.124237 ,0 
298,11.88 ,-0.127162 ,0 
299,11.92 ,-0.130069 ,0 
300,11.96 ,-0.132955 ,0 
301,12 ,-0.135822 ,0 
302,12.04 ,-0.138669 ,0 
303,12.08 ,-0.141496 ,0 
304,12.12 ,-0.144302 ,0 
305,12.16 ,-0.147087 ,0 
306,12.2 ,-0.14985 ,0 
307,12.24 ,-0.152592 ,0 
308,12.28 ,-0.155313 ,0 
309,12.32 ,-0.158011 ,0 
310,12.36 ,-0.160687 ,0 
311,12.4 ,-0.163341 ,0 
312,12.44 ,-0.165972 ,0 
313,12.48 ,-0.168579 ,0 
314,12.52 ,-0.171164 ,0 
315,12.56 ,-0.173725 ,0 
316,12.6 ,-0.176263 ,0 
317,12.64 ,-0.178777 ,0 
318,12.68 ,-0.181267 ,0 
319,12.72 ,-0.183733 ,0 
320,12.76 ,-0.186175 ,0 
321,12.8 ,-0.188592 ,0 
322,12.84 ,-0.190984 ,0 
323,12.88 ,-0.193351 ,0 
324,12.92 ,-0.195694 ,0 
325,12.96 ,-0.198012 ,0 
326,13 ,-0.200304 ,0 
327,13.04 ,-0.202571 ,0 
328,13.08 ,-0.204812 ,0 
329,13.12 ,-0.207028 ,0 
330,13.16 ,-0.209218 ,0 
331,13.2 ,-0.211382 ,0 
332,13.24 ,-0.213521 ,0 
333,13.28 ,-0.215633 ,0 
334,13.32 ,-0.217719 ,0 
335,13.36 ,-0.21978 ,0 
336,13.4 ,-0.221813 ,0 
337,13.44 ,-0.223821 ,0 
338,13.48 ,-0.225802 ,0 
339,13.52 ,-0.227757 ,0 
340,13.56 ,-0.229685 ,0 
341,13.6 ,-0.231587 ,0 
342,13.64 ,-0.233462 ,0 
343,13.68 ,-0.235311 ,0 
344,13.72 ,-0.237133 ,0 
345,13.76 ,-0.238928 ,0 
346,13.8 ,-0.240697 ,0 
347,13.84 ,-0.242439 ,0 
348,13.88 ,-0.244154 ,0 
349,13.92 ,-0.245843 ,0 
350,13.96 ,-0.247505 ,0 
351,14 ,-0.24914 ,0 
352,14.04 ,-0.250748 ,0 
353,14.08 ,-0.25233 ,0 
354,14.12 ,-0.253885 ,0 
355,14.16 ,-0.255414 ,0 
356,14.2 ,-0.256916 ,0 
357,14.24 ,-0.258391 ,0 
358,14.28 ,-0.25984 ,0 
359,14.32 ,-0.261262 ,0 
360,14.36 ,-0.262658 ,0 
361,14.4 ,-0.264028 ,0 
362,14.44 ,-0.265371 ,0 
363,14.48 ,-0.266688 ,0 
364,14.52 ,-0.267979 ,0 
365,14.56 ,-0.269243 ,0 
366,14.6 ,-0.270481 ,0 
367,14.64 ,-0.271694 ,0 
368,14.68 ,-0.27288 ,0 
369,14.72 ,-0.274041 ,0 
370,14.76 ,-0.275176 ,0 
371,14.8 ,-0.276285 ,0 
372,14.84 ,-0.277368 ,0 
373,14.88 ,-0.278426 ,0 
374,14.92 ,-0.279459 ,0 
375,14.96 ,-0.280466 ,0 
376,15 ,-0.281448 ,0 
377,15.04 ,-0.282405 ,0 
378,15.08 ,-0.283337 ,0 
379,15.12 ,-0.284244 ,0 
380,15.16 ,-0.285126 ,0 
381,15.2 ,-0.285983 ,0 
382,15.24 ,-0.286816 ,0 
383,15.28 ,-0.287625 ,0 
384,15.32 ,-0.288409 ,0 
385,15.36 ,-0.289169 ,0 
386,15.4 ,-0.289905 ,0 
387,15.44 ,-0.290617 ,0 
388,15.48 ,-0.291305 ,0 
389,15.52 ,-0.291969 ,0 
390,15.56 ,-0.29261 ,0 
391,15.6 ,-0.293228 ,0 
392,15.64 ,-0.293822 ,0 
393,15.68 ,-0.294393 ,0 
394,15.72 ,-0.294942 ,0 
395,15.76 ,-0.295467 ,0 
396,15.8 ,-0.29597 ,0 
397,15.84 ,-0.29645 ,0 
398,15.88 ,-0.296908 ,0 
399,15.92 ,-0.297344 ,0 
400,15.96 ,-0.297757 ,0 
401,16 ,-0.298149 ,0 
402,16.04 ,-0.298519 ,0 
403,16.08 ,-0.298868 ,0 
404,16.12 ,-0.299195 ,0 
405,16.16 ,-0.2995 ,0 
406,16.2 ,-0.299785 ,0 
407,16.24 ,-0.300049 ,0 
408,16.28 ,-0.300292 ,0 
409,16.32 ,-0.300514 ,0 
410,16.36 ,-0.300716 ,0 
411,16.4 ,-0.300898 ,0 
412,16.44 ,-0.301059 ,0 
413,16.48 ,-0.301201 ,0 
414,16.52 ,-0.301323 ,0 
415,16.56 ,-0.301425 ,0 
416,16.6 ,-0.301508 ,0 
417,16.64 ,-0.301571 ,0 
418,16.68 ,-0.301616 ,0 
419,16.72 ,-0.301642 ,0 
420,16.76 ,-0.301649 ,0 
421,16.8 ,-0.301637 ,0 
422,16.84 ,-0.301607 ,0 
423,16.88 ,-0.301559 ,0 
424,16.92 ,-0.301493 ,0 
425,16.96 ,-0.301409 ,0 
426,17 ,-0.301308 ,0 
427,17.04 ,-0.301189 ,0 
428,17.08 ,-0.301052 ,0 
429,17.12 ,-0.300899 ,0 
430,17.16 ,-0.300729 ,0 
431,17.2 ,-0.300542 ,0 
432,17.24 ,-0.300338 ,0 
433,17.28 ,-0.300118 ,0 
434,17.32 ,-0.299882 ,0 
435,17.36 ,-0.29963 ,0 
436,17.4 ,-0.299362 ,0 
437,17.44 ,-0.299078 ,0 
438,17.48 ,-0.298779 ,0 
439,17.52 ,-0.298464 ,0 
440,17.56 ,-0.298134 ,0 
441,17.6 ,-0.29779 ,0 
442,17.64 ,-0.297431 ,0 
443,17.68 ,-0.297057 ,0 
444,17.72 ,-0.296668 ,0 
445,17.76 ,-0.296266 ,0 
446,17.8 ,-0.295849 ,0 
447,17.84 ,-0.295419 ,0 
448,17.88 ,-0.294974 ,0 
449,17.92 ,-0.294517 ,0 
450,17.96 ,-0.294046 ,0 
451,18 ,-0.293561 ,0 
452,18.04 ,-0.293064 ,0 
453,18.08 ,-0.292554 ,0 
454,18.12 ,-0.292032 ,0 
455,18.16 ,-0.291497 ,0 
456,18.2 ,-0.290949 ,0 
457,18.24 ,-0.29039 ,0 
458,18.28 ,-0.289819 ,0 
459,18.32 ,-0.289235 ,0 
460,18.36 ,-0.288641 ,0 
461,18.4 ,-0.288035 ,0 
462,18.44 ,-0.287417 ,0 
463,18.48 ,-0.286789 ,0 
464,18.52 ,-0.286149 ,0 
465,18.56 ,-0.285499 ,0 
466,18.6 ,-0.284839 ,0 
467,18.64 ,-0.284168 ,0 
468,18.68 ,-0.283486 ,0 
469,18.72 ,-0.282795 ,0 
470,18.76 ,-0.282094 ,0 
471,18.8 ,-0.281383 ,0 
472,18.84 ,-0.280662 ,0 
473,18.88 ,-0.279932 ,0 
474,18.92 ,-0.279193 ,0 
475,18.96 ,-0.278444 ,0 
476,19 ,-0.277687 ,0 
477,19.04 ,-0.276921 ,0 
478,19.08 ,-0.276146 ,0 
479,19.12 ,-0.275363 ,0 
480,19.16 ,-0.274572 ,0 
481,19.2 ,-0.273772 ,0 
482,19.24 ,-0.272965 ,0 
483,19.28 ,-0.27215 ,0 
484,19.32 ,-0.271327 ,0 
485,19.36 ,-0.270496 ,0 
486,19.4 ,-0.269658 ,0 
487,19.44 ,-0.268813 ,0 
488,19.48 ,-0.267961 ,0 
489,19.52 ,-0.267101 ,0 
490,19.56 ,-0.266235 ,0 
491,19.6 ,-0.265363 ,0 
492,19.64 ,-0.264484 ,0 
493,19.68 ,-0.263598 ,0 
494,19.72 ,-0.262707 ,0 
495,19.76 ,-0.261809 ,0 
496,19.8 ,-0.260905 ,0 
497,19.84 ,-0.259996 ,0 
498,19.88 ,-0.259081 ,0 
499,19.92 ,-0.25816 ,0 
500,19.96 ,-0.257234 ,0 
501,20 ,-0.256303 ,0 
502,20.04 ,-0.255366 ,0 
503,20.08 ,-0.254425 ,0 
504,20.12 ,-0.253479 ,0 
505,20.16 ,-0.252528 ,0 
506,20.2 ,-0.251573 ,0 
507,20.24 ,-0.250613 ,0 
508,20.28 ,-0.249649 ,0 
509,20.32 ,-0.24868 ,0 
510,20.36 ,-0.247708 ,0 
511,20.4 ,-0.246731 ,0 
512,20.44 ,-0.245751 ,0 
513,20.48 ,-0.244767 ,0 
514,20.52 ,-0.243779 ,0 
515,20.56 ,-0.242788 ,0 
516,20.6 ,-0.241794 ,0 
517,20.64 ,-0.240796 ,0 
518,20.68 ,-0.239796 ,0 
519,20.72 ,-0.238792 ,0 
520,20.76 ,-0.237785 ,0 
521,20.8 ,-0.236776 ,0 
522,20.84 ,-0.235764 ,0 
523,20.88 ,-0.234749 ,0 
524,20.92 ,-0.233732 ,0 
525,20.96 ,-0.232713 ,0 
526,21 ,-0.231691 ,0 
527,21.04 ,-0.230667 ,0 
528,21.08 ,-0.229642 ,0 
529,21.12 ,-0.228614 ,0 
530,21.16 ,-0.227585 ,0 
531,21.2 ,-0.226553 ,0 
532,21.24 ,-0.225521 ,0 
533,21.28 ,-0.224486 ,0 
534,21.32 ,-0.223451 ,0 
535,21.36 ,-0.222414 ,0 
536,21.4 ,-0.221376 ,0 
537,21.44 ,-0.220336 ,0 
538,21.48 ,-0.219296 ,0 
539,21.52 ,-0.218255 ,0 
540,21.56 ,-0.217212 ,0 
541,21.6 ,-0.21617 ,0 
542,21.64 ,-0.215126 ,0 
543,21.68 ,-0.214082 ,0 
544,21.72 ,-0.213037 ,0 
545,21.76 ,-0.211992 ,0 
546,21.8 ,-0.210947 ,0 
547,21.84 ,-0.209901 ,0 
548,21.88 ,-0.208856 ,0 
549,21.92 ,-0.20781 ,0 
550,21.96 ,-0.206764 ,0 
551,22 ,-0.205718 ,0 
552,22.04 ,-0.204673 ,0 
553,22.08 ,-0.203628 ,0 
554,22.12 ,-0.202583 ,0 
555,22.16 ,-0.201538 ,0 
556,22.2 ,-0.200494 ,0 
557,22.24 ,-0.199451 ,0 
558,22.28 ,-0.198408 ,0 
559,22.32 ,-0.197365 ,0 
560,22.36 ,-0.196324 ,0 
561,22.4 ,-0.195283 ,0 
562,22.44 ,-0.194244 ,0 
563,22.48 ,-0.193205 ,0 
564,22.52 ,-0.192167 ,0 
565,22.56 ,-0.191131 ,0 
566,22.6 ,-0.190095 ,0 
567,22.64 ,-0.189061 ,0 
568,22.68 ,-0.188028 ,0 
569,22.72 ,-0.186997 ,0 
570,22.76 ,-0.185967 ,0 
571,22.8 ,-0.184938 ,0 
572,22.84 ,-0.183911 ,0 
573,22.88 ,-0.182886 ,0 
574,22.92 ,-0.181862 ,0 
575,22.96 ,-0.18084 ,0 
576,23 ,-0.179819 ,0 
577,23.04 ,-0.178801 ,0 
578,23.08 ,-0.177784 ,0 
579,23.12 ,-0.176769 ,0 
580,23.16 ,-0.175756 ,0 
581,23.2 ,-0.174746 ,0 
582,23.24 ,-0.173737 ,0 
583,23.28 ,-0.17273 ,0 
584,23.32 ,-0.171726 ,0 
585,23.36 ,-0.170724 ,0 
586,23.4 ,-0.169724 ,0 
587,23.44 ,-0.168726 ,0 
588,23.48 ,-0.167731 ,0 
589,23.52 ,-0.166738 ,0 
590,23.56 ,-0.165748 ,0 
591,23.6 ,-0.16476 ,0 
592,23.64 ,-0.163775 ,0 
593,23.68 ,-0.162792 ,0 
594,23.72 ,-0.161812 ,0 
595,23.76 ,-0.160834 ,0 
596,23.8 ,-0.15986 ,0 
597,23.84 ,-0.158887 ,0 
598,23.88 ,-0.157918 ,0 
599,23.92 ,-0.156952 ,0 
600,23.96 ,-0.155988 ,0 
601,24 ,-0.155027 ,0 
602,24.04 ,-0.154069 ,0 
603,24.08 ,-0.153114 ,0 
604,24.12 ,-0.152162 ,0 
605,24.16 ,-0.151213 ,0 
606,24.2 ,-0.150267 ,0 
607,24.24 ,-0.149324 ,0 
608,24.28 ,-0.148385 ,0 
609,24.32 ,-0.147448 ,0 
610,24.36 ,-0.146514 ,0 
611,24.4 ,-0.145584 ,0 
612,24.44 ,-0.144657 ,0 
613,24.48 ,-0.143733 ,0 
614,24.52 ,-0.142812 ,0 
615,24.56 ,-0.141895 ,0 
616,24.6 ,-0.140981 ,0 
617,24.64 ,-0.14007 ,0 
618,24.68 ,-0.139163 ,0 
619,24.72 ,-0.138259 ,0 
620,24.76 ,-0.137358 ,0 
621,24.8 ,-0.136461 ,0 
622,24.84 ,-0.135567 ,0 
623,24.88 ,-0.134677 ,0 
624,24.92 ,-0.13379 ,0 
625,24.96 ,-0.132907 ,0 
626,25 ,-0.132027 ,0 
627,25.04 ,-0.131151 ,0 
628,25.08 ,-0.130278 ,0 
629,25.12 ,-0.129409 ,0 
630,25.16 ,-0.128544 ,0 
631,25.2 ,-0.127682 ,0 
632,25.24 ,-0.126823 ,0 
633,25.28 ,-0.125969 ,0 
634,25.32 ,-0.125118 ,0 
635,25.36 ,-0.12427 ,0 
636,25.4 ,-0.123427 ,0 
637,25.44 ,-0.122587 ,0 
638,25.48 ,-0.121751 ,0 
639,25.52 ,-0.120918 ,0 
640,25.56 ,-0.120089 ,0 
641,25.6 ,-0.119264 ,0 
642,25.64 ,-0.118443 ,0 
643,25.68 ,-0.117625 ,0 
644,25.72 ,-0.116811 ,0 
645,25.76 ,-0.116001 ,0 
646,25.8 ,-0.115195 ,0 
647,25.84 ,-0.114392 ,0 
648,25.88 ,-0.113593 ,0 
649,25.92 ,-0.112798 ,0 
650,25.96 ,-0.112007 ,0 
651,26 ,-0.11122 ,0 
652,26.04 ,-0.110436 ,0 
653,26.08 ,-0.109657 ,0 
654,26.12 ,-0.108881 ,0 
655,26.16 ,-0.108109 ,0 
656,26.2 ,-0.107341 ,0 
657,26.24 ,-0.106576 ,0 
658,26.28 ,-0.105816 ,0 
659,26.32 ,-0.105059 ,0 
660,26.36 ,-0.104306 ,0 
661,26.4 ,-0.103557 ,0 
662,26.44 ,-0.102812 ,0 
663,26.48 ,-0.102071 ,0 
664,26.52 ,-0.101334 ,0 
665,26.56 ,-0.1006 ,0 
666,26.6 ,-0.0998704 ,0 
667,26.64 ,-0.0991445 ,0 
668,26.68 ,-0.0984226 ,0 
669,26.72 ,-0.0977044 ,0 
670,26.76 ,-0.0969901 ,0 
671,26.8 ,-0.0962797 ,0 
672,26.84 ,-0.0955732 ,0 
673,26.88 ,-0.0948704 ,0 
674,26.92 ,-0.0941716 ,0 
675,26.96 ,-0.0934765 ,0 
676,27 ,-0.0927853 ,0 
677,27.04 ,-0.092098 ,0 
678,27.08 ,-0.0914145 ,0 
679,27.12 ,-0.0907348 ,0 
680,27.16 ,-0.090059 ,0 
681,27.2 ,-0.0893869 ,0 
682,27.24 ,-0.0887187 ,0 
683,27.28 ,-0.0880543 ,0 
684,27.32 ,-0.0873937 ,0 
685,27.36 ,-0.086737 ,0 
686,27.4 ,-0.086084 ,0 
687,27.44 ,-0.0854348 ,0 
688,27.48 ,-0.0847894 ,0 
689,27.52 ,-0.0841478 ,0 
690,27.56 ,-0.08351 ,0 
691,27.6 ,-0.0828759 ,0 
692,27.64 ,-0.0822456 ,0 
693,27.68 ,-0.081619 ,0 
694,27.72 ,-0.0809962 ,0 
695,27.76 ,-0.0803772 ,0 
696,27.8 ,-0.0797618 ,0 
697,27.84 ,-0.0791502 ,0 
698,27.88 ,-0.0785423 ,0 
699,27.92 ,-0.0779382 ,0 
700,27.96 ,-0.0773377 ,0 
701,28 ,-0.0767409 ,0 
702,28.04 ,-0.0761478 ,0 
703,28.08 ,-0.0755584 ,0 
704,28.12 ,-0.0749726 ,0 
705,28.16 ,-0.0743905 ,0 
706,28.2 ,-0.073812 ,0 
707,28.24 ,-0.0732372 ,0 
708,28.28 ,-0.072666 ,0 
709,28.32 ,-0.0720984 ,0 
710,28.36 ,-0.0715344 ,0 
711,28.4 ,-0.0709741 ,0 
712,28.44 ,-0.0704173 ,0 
713,28.48 ,-0.069864 ,0 
714,28.52 ,-0.0693144 ,0 
715,28.56 ,-0.0687683 ,0 
716,28.6 ,-0.0682257 ,0 
717,28.64 ,-0.0676867 ,0 
718,28.68 ,-0.0671512 ,0 
719,28.72 ,-0.0666192 ,0 
720,28.76 ,-0.0660907 ,0 
721,28.8 ,-0.0655657 ,0 
722,28.84 ,-0.0650442 ,0 
723,28.88 ,-0.0645261 ,0 
724,28.92 ,-0.0640115 ,0 
725,28.96 ,-0.0635003 ,0 
726,29 ,-0.0629926 ,0 
727,29.04 ,-0.0624882 ,0 
728,29.08 ,-0.0619873 ,0 
729,29.12 ,-0.0614898 ,0 
730,29.16 ,-0.0609956 ,0 
731,29.2 ,-0.0605048 ,0 
732,29.24 ,-0.0600174 ,0 
733,29.28 ,-0.0595332 ,0 
734,29.32 ,-0.0590525 ,0 
735,29.36 ,-0.058575 ,0 
736,29.4 ,-0.0581008 ,0 
737,29.44 ,-0.05763 ,0 
738,29.48 ,-0.0571624 ,0 
739,29.52 ,-0.056698 ,0 
740,29.56 ,-0.0562369 ,0 
741,29.6 ,-0.0557791 ,0 
742,29.64 ,-0.0553245 ,0 
743,29.68 ,-0.054873 ,0 
744,29.72 ,-0.0544248 ,0 
745,29.76 ,-0.0539798 ,0 
746,29.8 ,-0.0535379 ,0 
747,29.84 ,-0.0530992 ,0 
748,29.88 ,-0.0526636 ,0 
749,29.92 ,-0.0522312 ,0 
750,29.96 ,-0.0518018 ,0 
751,30 ,-0.0513756 ,0 
752,30.04 ,-0.0509524 ,0 
753,30.08 ,-0.0505324 ,0 
754,30.12 ,-0.0501154 ,0 
755,30.16 ,-0.0497014 ,0 
756,30.2 ,-0.0492904 ,0 
757,30.24 ,-0.0488825 ,0 
758,30.28 ,-0.0484776 ,0 
759,30.32 ,-0.0480757 ,0 
760,30.36 ,-0.0476767 ,0 
761,30.4 ,-0.0472807 ,0 
762,30.44 ,-0.0468877 ,0 
763,30.48 ,-0.0464975 ,0 
764,30.52 ,-0.0461103 ,0 
765,30.56 ,-0.045726 ,0 
766,30.6 ,-0.0453446 ,0 
767,30.64 ,-0.0449661 ,0 
768,30.68 ,-0.0445904 ,0 
769,30.72 ,-0.0442176 ,0 
770,30.76 ,-0.0438476 ,0 
771,30.8 ,-0.0434805 ,0 
772,30.84 ,-0.0431161 ,0 
773,30.88 ,-0.0427546 ,0 
774,30.92 ,-0.0423958 ,0 
775,30.96 ,-0.0420397 ,0 
776,31 ,-0.0416865 ,0 
777,31.04 ,-0.0413359 ,0 
778,31.08 ,-0.0409881 ,0 
779,31.12 ,-0.040643 ,0 
780,31.16 ,-0.0403005 ,0 
781,31.2 ,-0.0399608 ,0 
782,31.24 ,-0.0396237 ,0 
783,31.28 ,-0.0392893 ,0 
784,31.32 ,-0.0389575 ,0 
785,31.36 ,-0.0386283 ,0 
786,31.4 ,-0.0383018 ,0 
787,31.44 ,-0.0379778 ,0 
788,31.48 ,-0.0376564 ,0 
789,31.52 ,-0.0373376 ,0 
790,31.56 ,-0.0370213 ,0 
791,31.6 ,-0.0367076 ,0 
792,31.64 ,-0.0363963 ,0 
793,31.68 ,-0.0360876 ,0 
794,31.72 ,-0.0357814 ,0 
795,31.76 ,-0.0354777 ,0 
796,31.8 ,-0.0351765 ,0 
797,31.84 ,-0.0348777 ,0 
798,31.88 ,-0.0345813 ,0 
799,31.92 ,-0.0342874 ,0 
800,31.96 ,-0.0339959 ,0 
801,32 ,-0.0337068 ,0 
802,32.04 ,-0.0334201 ,0 
803,32.08 ,-0.0331357 ,0 
804,32.12 ,-0.0328537 ,0 
805,32.16 ,-0.0325741 ,0 
806,32.2 ,-0.0322968 ,0 
807,32.24 ,-0.0320218 ,0 
808,32.28 ,-0.0317491 ,0 
809,32.32 ,-0.0314787 ,0 
810,32.36 ,-0.0312106 ,0 
811,32.4 ,-0.0309448 ,0 
812,32.44 ,-0.0306812 ,0 
813,32.48 ,-0.0304198 ,0 
814,32.52 ,-0.0301607 ,0 
815,32.56 ,-0.0299038 ,0 
816,32.6 ,-0.0296491 ,0 
817,32.64 ,-0.0293966 ,0 
818,32.68 ,-0.0291462 ,0 
819,32.72 ,-0.0288981 ,0 
820,32.76 ,-0.028652 ,0 
821,32.8 ,-0.0284082 ,0 
822,32.84 ,-0.0281664 ,0 
823,32.88 ,-0.0279268 ,0 
824,32.92 ,-0.0276892 ,0 
825,32.96 ,-0.0274537 ,0 
826,33 ,-0.0272203 ,0 
827,33.04 ,-0.026989 ,0 
828,33.08 ,-0.0267597 ,0 
829,33.12 ,-0.0265325 ,0 
830,33.16 ,-0.0263073 ,0 
831,33.2 ,-0.0260841 ,0 
832,33.24 ,-0.0258629 ,0 
833,33.28 ,-0.0256437 ,0 
834,33.32 ,-0.0254265 ,0 
835,33.36 ,-0.0252112 ,0 
836,33.4 ,-0.0249979 ,0 
837,33.44 ,-0.0247865 ,0 
838,33.48 ,-0.0245771 ,0 
839,33.52 ,-0.0243696 ,0 
840,33.56 ,-0.0241639 ,0 
841,33.6 ,-0.0239602 ,0 
842,33.64 ,-0.0237584 ,0 
843,33.68 ,-0.0235584 ,0 
844,33.72 ,-0.0233603 ,0 
845,33.76 ,-0.023164 ,0 
846,33.8 ,-0.0229696 ,0 
847,33.84 ,-0.022777 ,0 
848,33.88 ,-0.0225863 ,0 
849,33.92 ,-0.0223973 ,0 
850,33.96 ,-0.0222101 ,0 
851,34 ,-0.0220247 ,0 
852,34.04 ,-0.0218411 ,0 
853,34.08 ,-0.0216592 ,0 
854,34.12 ,-0.0214791 ,0 
855,34.16 ,-0.0213008 ,0 
856,34.2 ,-0.0211241 ,0 
857,34.24 ,-0.0209492 ,0 
858,34.28 ,-0.020776 ,0 
859,34.32 ,-0.0206045 ,0 
860,34.36 ,-0.0204346 ,0 
861,34.4 ,-0.0202665 ,0 
862,34.44 ,-0.0201 ,0 
863,34.48 ,-0.0199352 ,0 
864,34.52 ,-0.019772 ,0 
865,34.56 ,-0.0196104 ,0 
866,34.6 ,-0.0194505 ,0 
867,34.64 ,-0.0192922 ,0 
868,34.68 ,-0.0191355 ,0 
869,34.72 ,-0.0189804 ,0 
870,34.76 ,-0.0188269 ,0 
871,34.8 ,-0.018675 ,0 
872,34.84 ,-0.0185246 ,0 
873,34.88 ,-0.0183758 ,0 
874,34.92 ,-0.0182286 ,0 
875,34.96 ,-0.0180829 ,0 
876,35 ,-0.0179387 ,0 
877,35.04 ,-0.017796 ,0 
878,35.08 ,-0.0176549 ,0 
879,35.12 ,-0.0175152 ,0 
880,35.16 ,-0.0173771 ,0 
881,35.2 ,-0.0172404 ,0 
882,35.24 ,-0.0171053 ,0 
883,35.28 ,-0.0169716 ,0 
884,35.32 ,-0.0168393 ,0 
885,35.36 ,-0.0167085 ,0 
886,35.4 ,-0.0165792 ,0 
887,35.44 ,-0.0164513 ,0 
888,35.48 ,-0.0163248 ,0 
889,35.52 ,-0.0161997 ,0 
890,35.56 ,-0.0160761 ,0 
891,35.6 ,-0.0159538 ,0 
892,35.64 ,-0.015833 ,0 
893,35.68 ,-0.0157135 ,0 
894,35.72 ,-0.0155954 ,0 
895,35.76 ,-0.0154787 ,0 
896,35.8 ,-0.0153634 ,0 
897,35.84 ,-0.0152494 ,0 
898,35.88 ,-0.0151367 ,0 
899,35.92 ,-0.0150254 ,0 
900,35.96 ,-0.0149154 ,0 
901,36 ,-0.0148068 ,0 
902,36.04 ,-0.0146995 ,0 
903,36.08 ,-0.0145934 ,0 
904,36.12 ,-0.0144887 ,0 
905,36.16 ,-0.0143853 ,0 
906,36.2 ,-0.0142832 ,0 
907,36.24 ,-0.0141824 ,0 
908,36.28 ,-0.0140828 ,0 
909,36.32 ,-0.0139845 ,0 
910,36.36 ,-0.0138875 ,0 
911,36.4 ,-0.0137918 ,0 
912,36.44 ,-0.0136972 ,0 
913,36.48 ,-0.013604 ,0 
914,36.52 ,-0.013512 ,0 
915,36.56 ,-0.0134212 ,0 
916,36.6 ,-0.0133316 ,0 
917,36.64 ,-0.0132432 ,0 
918,36.68 ,-0.0131561 ,0 
919,36.72 ,-0.0130702 ,0 
920,36.76 ,-0.0129855 ,0 
921,36.8 ,-0.0129019 ,0 
922,36.84 ,-0.0128196 ,0 
923,36.88 ,-0.0127385 ,0 
924,36.92 ,-0.0126585 ,0 
925,36.96 ,-0.0125797 ,0 
926,37 ,-0.0125021 ,0 
927,37.04 ,-0.0124256 ,0 
928,37.08 ,-0.0123503 ,0 
929,37.12 ,-0.0122762 ,0 
930,37.16 ,-0.0122032 ,0 
931,37.2 ,-0.0121313 ,0 
932,37.24 ,-0.0120606 ,0 
933,37.28 ,-0.011991 ,0 
934,37.32 ,-0.0119226 ,0 
935,37.36 ,-0.0118553 ,0 
936,37.4 ,-0.0117891 ,0 
937,37.44 ,-0.011724 ,0 
938,37.48 ,-0.01166 ,0 
939,37.52 ,-0.0115971 ,0 
940,37.56 ,-0.0115354 ,0 
941,37.6 ,-0.0114747 ,0 
942,37.64 ,-0.0114151 ,0 
943,37.68 ,-0.0113567 ,0 
944,37.72 ,-0.0112993 ,0 
945,37.76 ,-0.011243 ,0 
946,37.8 ,-0.0111877 ,0 
947,37.84 ,-0.0111336 ,0 
948,37.88 ,-0.0110805 ,0 
949,37.92 ,-0.0110285 ,0 
950,37.96 ,-0.0109775 ,0 
951,38 ,-0.0109277 ,0 
952,38.04 ,-0.0108788 ,0 
953,38.08 ,-0.0108311 ,0 
954,38.12 ,-0.0107844 ,0 
955,38.16 ,-0.0107387 ,0 
956,38.2 ,-0.0106941 ,0 
957,38.24 ,-0.0106505 ,0 
958,38.28 ,-0.010608 ,0 
959,38.32 ,-0.0105665 ,0 
960,38.36 ,-0.0105261 ,0 
961,38.4 ,-0.0104866 ,0 
962,38.44 ,-0.0104483 ,0 
963,38.48 ,-0.0104109 ,0 
964,38.52 ,-0.0103746 ,0 
965,38.56 ,-0.0103393 ,0 
966,38.6 ,-0.010305 ,0 
967,38.64 ,-0.0102717 ,0 
968,38.68 ,-0.0102395 ,0 
969,38.72 ,-0.0102083 ,0 
970,38.76 ,-0.0101781 ,0 
971,38.8 ,-0.0101489 ,0 
972,38.84 ,-0.0101207 ,0 
973,38.88 ,-0.0100936 ,0 
974,38.92 ,-0.0100674 ,0 
975,38.96 ,-0.0100423 ,0 
976,39 ,-0.0100182 ,0 
977,39.04 ,-0.00999504 ,0 
978,39.08 ,-0.00997293 ,0 
979,39.12 ,-0.00995182 ,0 
980,39.16 ,-0.00993172 ,0 
981,39.2 ,-0.00991262 ,0 
982,39.24 ,-0.00989453 ,0 
983,39.28 ,-0.00987744 ,0 
984,39.32 ,-0.00986135 ,0 
985,39.36 ,-0.00984627 ,0 
986,39.4 ,-0.00983219 ,0 
987,39.44 ,-0.00981911 ,0 
988,39.48 ,-0.00980703 ,0 
989,39.52 ,-0.00979596 ,0 
990,39.56 ,-0.0097859 ,0 
991,39.6 ,-0.00977683 ,0 
992,39.64 ,-0.00976877 ,0 
993,39.68 ,-0.00976172 ,0 
994,39.72 ,-0.00975567 ,0 
995,39.76 ,-0.00975062 ,0 
996,39.8 ,-0.00974658 ,0 
997,39.84 ,-0.00974355 ,0 
998,39.88 ,-0.00974153 ,0 
999,39.92 ,-0.00974052 ,0 
1000,39.96 ,-0.00974052 ,0 