
1,0 ,0 ,0 
2,0.04 ,0 ,0 
3,0.08 ,0 ,0 
4,0.12 ,2.44033e-05 ,0 
5,0.16 ,5.73983e-05 ,0 
6,0.2 ,0.000111846 ,0 
7,0.24 ,0.000192987 ,0 
8,0.28 ,0.000306035 ,0 
9,0.32 ,0.000456152 ,0 
10,0.36 ,0.000648429 ,0 
11,0.4 ,0.000887885 ,0 
12,0.44 ,0.00117945 ,0 
13,0.48 ,0.00152794 ,0 
14,0.52 ,0.0019381 ,0 
15,0.56 ,0.00241454 ,0 
16,0.6 ,0.00296173 ,0 
17,0.64 ,0.00358404 ,0 
18,0.68 ,0.00428569 ,0 
19,0.72 ,0.00507073 ,0 
20,0.76 ,0.00594309 ,0 
21,0.8 ,0.00690652 ,0 
22,0.84 ,0.0079646 ,0 
23,0.88 ,0.00912075 ,0 
24,0.92 ,0.0103782 ,0 
25,0.96 ,0.01174 ,0 
26,1 ,0.0132089 ,0 
27,1.04 ,0.0147877 ,0 
28,1.08 ,0.0164788 ,0 
29,1.12 ,0.0182844 ,0 
30,1.16 ,0.0202065 ,0 
31,1.2 ,0.0222471 ,0 
32,1.24 ,0.0244076 ,0 
33,1.28 ,0.0266896 ,0 
34,1.32 ,0.0290941 ,0 
35,1.36 ,0.0316221 ,0 
36,1.4 ,0.0342743 ,0 
37,1.44 ,0.0370513 ,0 
38,1.48 ,0.0399533 ,0 
39,1.52 ,0.0429803 ,0 
40,1.56 ,0.0461322 ,0 
41,1.6 ,0.0494086 ,0 
42,1.64 ,0.0528089 ,0 
43,1.68 ,0.0563322 ,0 
44,1.72 ,0.0599775 ,0 
45,1.76 ,0.0637436 ,0 
46,1.8 ,0.0676289 ,0 
47,1.84 ,0.0716317 ,0 
48,1.88 ,0.0757502 ,0 
49,1.92 ,0.0799823 ,0 
50,1.96 ,0.0843256 ,0 
51,2 ,0.0887777 ,0 
52,2.04 ,0.0933359 ,0 
53,2.08 ,0.0979975 ,0 
54,2.12 ,0.102759 ,0 
55,2.16 ,0.107618 ,0 
56,2.2 ,0.112571 ,0 
57,2.24 ,0.117613 ,0 
58,2.28 ,0.122742 ,0 
59,2.32 ,0.127954 ,0 
60,2.36 ,0.133245 ,0 
61,2.4 ,0.13861 ,0 
62,2.44 ,0.144046 ,0 
63,2.48 ,0.149548 ,0 
64,2.52 ,0.155112 ,0 
65,2.56 ,0.160733 ,0 
66,2.6 ,0.166406 ,0 
67,2.64 ,0.172128 ,0 
68,2.68 ,0.177893 ,0 
69,2.72 ,0.183696 ,0 
70,2.76 ,0.189533 ,0 
71,2.8 ,0.195398 ,0 
72,2.84 ,0.201288 ,0 
73,2.88 ,0.207195 ,0 
74,2.92 ,0.213117 ,0 
75,2.96 ,0.219047 ,0 
76,3 ,0.224981 ,0 
77,3.04 ,0.230914 ,0 
78,3.08 ,0.23684 ,0 
79,3.12 ,0.242755 ,0 
80,3.16 ,0.248654 ,0 
81,3.2 ,0.254531 ,0 
82,3.24 ,0.260382 ,0 
83,3.28 ,0.266203 ,0 
84,3.32 ,0.271987 ,0 
85,3.36 ,0.277732 ,0 
86,3.4 ,0.283431 ,0 
87,3.44 ,0.289081 ,0 
88,3.48 ,0.294677 ,0 
89,3.52 ,0.300215 ,0 
90,3.56 ,0.30569 ,0 
91,3.6 ,0.311098 ,0 
92,3.64 ,0.316435 ,0 
93,3.68 ,0.321698 ,0 
94,3.72 ,0.326882 ,0 
95,3.76 ,0.331985 ,0 
96,3.8 ,0.337001 ,0 
97,3.84 ,0.341928 ,0 
98,3.88 ,0.346763 ,0 
99,3.92 ,0.351503 ,0 
100,3.96 ,0.356144 ,0 
101,4 ,0.360683 ,0 
102,4.04 ,0.365119 ,0 
103,4.08 ,0.369448 ,0 
104,4.12 ,0.373669 ,0 
105,4.16 ,0.377779 ,0 
106,4.2 ,0.381775 ,0 
107,4.24 ,0.385657 ,0 
108,4.28 ,0.389423 ,0 
109,4.32 ,0.39307 ,0 
110,4.36 ,0.396599 ,0 
111,4.4 ,0.400006 ,0 
112,4.44 ,0.403293 ,0 
113,4.48 ,0.406457 ,0 
114,4.52 ,0.409498 ,0 
115,4.56 ,0.412415 ,0 
116,4.6 ,0.415209 ,0 
117,4.64 ,0.417879 ,0 
118,4.68 ,0.420425 ,0 
119,4.72 ,0.422847 ,0 
120,4.76 ,0.425146 ,0 
121,4.8 ,0.427322 ,0 
122,4.84 ,0.429376 ,0 
123,4.88 ,0.431309 ,0 
124,4.92 ,0.433121 ,0 
125,4.96 ,0.434814 ,0 
126,5 ,0.436389 ,0 
127,5.04 ,0.437848 ,0 
128,5.08 ,0.439191 ,0 
129,5.12 ,0.440421 ,0 
130,5.16 ,0.441538 ,0 
131,5.2 ,0.442545 ,0 
132,5.24 ,0.443442 ,0 
133,5.28 ,0.444232 ,0 
134,5.32 ,0.444916 ,0 
135,5.36 ,0.445495 ,0 
136,5.4 ,0.445971 ,0 
137,5.44 ,0.446346 ,0 
138,5.48 ,0.446622 ,0 
139,5.52 ,0.446799 ,0 
140,5.56 ,0.44688 ,0 
141,5.6 ,0.446867 ,0 
142,5.64 ,0.44676 ,0 
143,5.68 ,0.446563 ,0 
144,5.72 ,0.446276 ,0 
145,5.76 ,0.445901 ,0 
146,5.8 ,0.445441 ,0 
147,5.84 ,0.444896 ,0 
148,5.88 ,0.444268 ,0 
149,5.92 ,0.44356 ,0 
150,5.96 ,0.442773 ,0 
151,6 ,0.441908 ,0 
152,6.04 ,0.440968 ,0 
153,6.08 ,0.439954 ,0 
154,6.12 ,0.438867 ,0 
155,6.16 ,0.437711 ,0 
156,6.2 ,0.436485 ,0 
157,6.24 ,0.435193 ,0 
158,6.28 ,0.433835 ,0 
159,6.32 ,0.432413 ,0 
160,6.36 ,0.430929 ,0 
161,6.4 ,0.429385 ,0 
162,6.44 ,0.427783 ,0 
163,6.48 ,0.426123 ,0 
164,6.52 ,0.424408 ,0 
165,6.56 ,0.422638 ,0 
166,6.6 ,0.420817 ,0 
167,6.64 ,0.418945 ,0 
168,6.68 ,0.417024 ,0 
169,6.72 ,0.415055 ,0 
170,6.76 ,0.413041 ,0 
171,6.8 ,0.410981 ,0 
172,6.84 ,0.408879 ,0 
173,6.88 ,0.406735 ,0 
174,6.92 ,0.404552 ,0 
175,6.96 ,0.402329 ,0 
176,7 ,0.400069 ,0 
177,7.04 ,0.397774 ,0 
178,7.08 ,0.395444 ,0 
179,7.12 ,0.393081 ,0 
180,7.16 ,0.390686 ,0 
181,7.2 ,0.388261 ,0 
182,7.24 ,0.385807 ,0 
183,7.28 ,0.383326 ,0 
184,7.32 ,0.380817 ,0 
185,7.36 ,0.378284 ,0 
186,7.4 ,0.375726 ,0 
187,7.44 ,0.373146 ,0 
188,7.48 ,0.370544 ,0 
189,7.52 ,0.367922 ,0 
190,7.56 ,0.36528 ,0 
191,7.6 ,0.362621 ,0 
192,7.64 ,0.359944 ,0 
193,7.68 ,0.357251 ,0 
194,7.72 ,0.354543 ,0 
195,7.76 ,0.351822 ,0 
196,7.8 ,0.349088 ,0 
197,7.84 ,0.346341 ,0 
198,7.88 ,0.343585 ,0 
199,7.92 ,0.340818 ,0 
200,7.96 ,0.338042 ,0 
201,8 ,0.335258 ,0 
202,8.04 ,0.332468 ,0 
203,8.08 ,0.329671 ,0 
204,8.12 ,0.326868 ,0 
205,8.16 ,0.324062 ,0 
206,8.2 ,0.321251 ,0 
207,8.24 ,0.318438 ,0 
208,8.28 ,0.315623 ,0 
209,8.32 ,0.312806 ,0 
210,8.36 ,0.309989 ,0 
211,8.4 ,0.307172 ,0 
212,8.44 ,0.304356 ,0 
213,8.48 ,0.301542 ,0 
214,8.52 ,0.29873 ,0 
215,8.56 ,0.295921 ,0 
216,8.6 ,0.293116 ,0 
217,8.64 ,0.290315 ,0 
218,8.68 ,0.287518 ,0 
219,8.72 ,0.284728 ,0 
220,8.76 ,0.281943 ,0 
221,8.8 ,0.279165 ,0 
222,8.84 ,0.276394 ,0 
223,8.88 ,0.27363 ,0 
224,8.92 ,0.270875 ,0 
225,8.96 ,0.268129 ,0 
226,9 ,0.265392 ,0 
227,9.04 ,0.262664 ,0 
228,9.08 ,0.259946 ,0 
229,9.12 ,0.257239 ,0 
230,9.16 ,0.254543 ,0 
231,9.2 ,0.251858 ,0 
232,9.24 ,0.249185 ,0 
233,9.28 ,0.246525 ,0 
234,9.32 ,0.243876 ,0 
235,9.36 ,0.241241 ,0 
236,9.4 ,0.238618 ,0 
237,9.44 ,0.23601 ,0 
238,9.48 ,0.233415 ,0 
239,9.52 ,0.230834 ,0 
240,9.56 ,0.228268 ,0 
241,9.6 ,0.225716 ,0 
242,9.64 ,0.223179 ,0 
243,9.68 ,0.220658 ,0 
244,9.72 ,0.218152 ,0 
245,9.76 ,0.215662 ,0 
246,9.8 ,0.213188 ,0 
247,9.84 ,0.210729 ,0 
248,9.88 ,0.208288 ,0 
249,9.92 ,0.205863 ,0 
250,9.96 ,0.203454 ,0 
251,10 ,0.201063 ,0 
252,10.04 ,0.198688 ,0 
253,10.08 ,0.196331 ,0 
254,10.12 ,0.193991 ,0 
255,10.16 ,0.191669 ,0 
256,10.2 ,0.189364 ,0 
257,10.24 ,0.187077 ,0 
258,10.28 ,0.184808 ,0 
259,10.32 ,0.182557 ,0 
260,10.36 ,0.180323 ,0 
261,10.4 ,0.178108 ,0 
262,10.44 ,0.175912 ,0 
263,10.48 ,0.173733 ,0 
264,10.52 ,0.171573 ,0 
265,10.56 ,0.169431 ,0 
266,10.6 ,0.167308 ,0 
267,10.64 ,0.165203 ,0 
268,10.68 ,0.163117 ,0 
269,10.72 ,0.161049 ,0 
270,10.76 ,0.159 ,0 
271,10.8 ,0.15697 ,0 
272,10.84 ,0.154958 ,0 
273,10.88 ,0.152964 ,0 
274,10.92 ,0.15099 ,0 
275,10.96 ,0.149034 ,0 
276,11 ,0.147096 ,0 
277,11.04 ,0.145178 ,0 
278,11.08 ,0.143277 ,0 
279,11.12 ,0.141396 ,0 
280,11.16 ,0.139532 ,0 
281,11.2 ,0.137688 ,0 
282,11.24 ,0.135862 ,0 
283,11.28 ,0.134054 ,0 
284,11.32 ,0.132264 ,0 
285,11.36 ,0.130493 ,0 
286,11.4 ,0.12874 ,0 
287,11.44 ,0.127006 ,0 
288,11.48 ,0.125289 ,0 
289,11.52 ,0.123591 ,0 
290,11.56 ,0.12191 ,0 
291,11.6 ,0.120248 ,0 
292,11.64 ,0.118603 ,0 
293,11.68 ,0.116976 ,0 
294,11.72 ,0.115367 ,0 
295,11.76 ,0.113775 ,0 
296,11.8 ,0.112201 ,0 
297,11.84 ,0.110644 ,0 
298,11.88 ,0.109105 ,0 
299,11.92 ,0.107583 ,0 
300,11.96 ,0.106078 ,0 
301,12 ,0.104591 ,0 
302,12.04 ,0.10312 ,0 
303,12.08 ,0.101666 ,0 
304,12.12 ,0.100229 ,0 
305,12.16 ,0.0988083 ,0 
306,12.2 ,0.0974043 ,0 
307,12.24 ,0.0960168 ,0 
308,12.28 ,0.0946456 ,0 
309,12.32 ,0.0932906 ,0 
310,12.36 ,0.0919518 ,0 
311,12.4 ,0.0906289 ,0 
312,12.44 ,0.0893219 ,0 
313,12.48 ,0.0880307 ,0 
314,12.52 ,0.0867552 ,0 
315,12.56 ,0.0854951 ,0 
316,12.6 ,0.0842505 ,0 
317,12.64 ,0.0830211 ,0 
318,12.68 ,0.0818069 ,0 
319,12.72 ,0.0806078 ,0 
320,12.76 ,0.0794235 ,0 
321,12.8 ,0.0782541 ,0 
322,12.84 ,0.0770993 ,0 
323,12.88 ,0.0759591 ,0 
324,12.92 ,0.0748333 ,0 
325,12.96 ,0.0737218 ,0 
326,13 ,0.0726245 ,0 
327,13.04 ,0.0715412 ,0 
328,13.08 ,0.0704718 ,0 
329,13.12 ,0.0694163 ,0 
330,13.16 ,0.0683744 ,0 
331,13.2 ,0.067346 ,0 
332,13.24 ,0.0663311 ,0 
333,13.28 ,0.0653294 ,0 
334,13.32 ,0.0643409 ,0 
335,13.36 ,0.0633654 ,0 
336,13.4 ,0.0624028 ,0 
337,13.44 ,0.061453 ,0 
338,13.48 ,0.0605159 ,0 
339,13.52 ,0.0595912 ,0 
340,13.56 ,0.058679 ,0 
341,13.6 ,0.0577791 ,0 
342,13.64 ,0.0568912 ,0 
343,13.68 ,0.0560155 ,0 
344,13.72 ,0.0551516 ,0 
345,13.76 ,0.0542994 ,0 
346,13.8 ,0.053459 ,0 
347,13.84 ,0.05263 ,0 
348,13.88 ,0.0518125 ,0 
349,13.92 ,0.0510062 ,0 
350,13.96 ,0.050211 ,0 
351,14 ,0.049427 ,0 
352,14.04 ,0.0486538 ,0 
353,14.08 ,0.0478914 ,0 
354,14.12 ,0.0471396 ,0 
355,14.16 ,0.0463985 ,0 
356,14.2 ,0.0456677 ,0 
357,14.24 ,0.0449473 ,0 
358,14.28 ,0.0442371 ,0 
359,14.32 ,0.0435369 ,0 
360,14.36 ,0.0428467 ,0 
361,14.4 ,0.0421663 ,0 
362,14.44 ,0.0414957 ,0 
363,14.48 ,0.0408347 ,0 
364,14.52 ,0.0401832 ,0 
365,14.56 ,0.0395411 ,0 
366,14.6 ,0.0389082 ,0 
367,14.64 ,0.0382845 ,0 
368,14.68 ,0.0376699 ,0 
369,14.72 ,0.0370643 ,0 
370,14.76 ,0.0364674 ,0 
371,14.8 ,0.0358793 ,0 
372,14.84 ,0.0352998 ,0 
373,14.88 ,0.0347288 ,0 
374,14.92 ,0.0341663 ,0 
375,14.96 ,0.033612 ,0 
376,15 ,0.033066 ,0 
377,15.04 ,0.032528 ,0 
378,15.08 ,0.031998 ,0 
379,15.12 ,0.031476 ,0 
380,15.16 ,0.0309617 ,0 
381,15.2 ,0.0304551 ,0 
382,15.24 ,0.0299561 ,0 
383,15.28 ,0.0294646 ,0 
384,15.32 ,0.0289806 ,0 
385,15.36 ,0.0285038 ,0 
386,15.4 ,0.0280342 ,0 
387,15.44 ,0.0275717 ,0 
388,15.48 ,0.0271163 ,0 
389,15.52 ,0.0266678 ,0 
390,15.56 ,0.0262261 ,0 
391,15.6 ,0.0257912 ,0 
392,15.64 ,0.0253629 ,0 
393,15.68 ,0.0249412 ,0 
394,15.72 ,0.024526 ,0 
395,15.76 ,0.0241172 ,0 
396,15.8 ,0.0237147 ,0 
397,15.84 ,0.0233184 ,0 
398,15.88 ,0.0229282 ,0 
399,15.92 ,0.0225441 ,0 
400,15.96 ,0.0221659 ,0 
401,16 ,0.0217937 ,0 
402,16.04 ,0.0214272 ,0 
403,16.08 ,0.0210665 ,0 
404,16.12 ,0.0207114 ,0 
405,16.16 ,0.0203619 ,0 
406,16.2 ,0.0200179 ,0 
407,16.24 ,0.0196793 ,0 
408,16.28 ,0.019346 ,0 
409,16.32 ,0.019018 ,0 
410,16.36 ,0.0186951 ,0 
411,16.4 ,0.0183774 ,0 
412,16.44 ,0.0180648 ,0 
413,16.48 ,0.0177571 ,0 
414,16.52 ,0.0174543 ,0 
415,16.56 ,0.0171563 ,0 
416,16.6 ,0.0168631 ,0 
417,16.64 ,0.0165746 ,0 
418,16.68 ,0.0162907 ,0 
419,16.72 ,0.0160113 ,0 
420,16.76 ,0.0157365 ,0 
421,16.8 ,0.0154661 ,0 
422,16.84 ,0.0152 ,0 
423,16.88 ,0.0149383 ,0 
424,16.92 ,0.0146807 ,0 
425,16.96 ,0.0144274 ,0 
426,17 ,0.0141781 ,0 
427,17.04 ,0.0139329 ,0 
428,17.08 ,0.0136917 ,0 
429,17.12 ,0.0134544 ,0 
430,17.16 ,0.013221 ,0 
431,17.2 ,0.0129914 ,0 
432,17.24 ,0.0127656 ,0 
433,17.28 ,0.0125435 ,0 
434,17.32 ,0.012325 ,0 
435,17.36 ,0.0121101 ,0 
436,17.4 ,0.0118988 ,0 
437,17.44 ,0.0116909 ,0 
438,17.48 ,0.0114864 ,0 
439,17.52 ,0.0112854 ,0 
440,17.56 ,0.0110877 ,0 
441,17.6 ,0.0108932 ,0 
442,17.64 ,0.010702 ,0 
443,17.68 ,0.0105139 ,0 
444,17.72 ,0.010329 ,0 
445,17.76 ,0.0101472 ,0 
446,17.8 ,0.00996836 ,0 
447,17.84 ,0.00979254 ,0 
448,17.88 ,0.00961966 ,0 
449,17.92 ,0.00944968 ,0 
450,17.96 ,0.00928255 ,0 
451,18 ,0.00911822 ,0 
452,18.04 ,0.00895666 ,0 
453,18.08 ,0.00879781 ,0 
454,18.12 ,0.00864165 ,0 
455,18.16 ,0.00848812 ,0 
456,18.2 ,0.00833718 ,0 
457,18.24 ,0.0081888 ,0 
458,18.28 ,0.00804293 ,0 
459,18.32 ,0.00789953 ,0 
460,18.36 ,0.00775856 ,0 
461,18.4 ,0.00762 ,0 
462,18.44 ,0.00748379 ,0 
463,18.48 ,0.0073499 ,0 
464,18.52 ,0.00721829 ,0 
465,18.56 ,0.00708893 ,0 
466,18.6 ,0.00696179 ,0 
467,18.64 ,0.00683682 ,0 
468,18.68 ,0.00671399 ,0 
469,18.72 ,0.00659326 ,0 
470,18.76 ,0.00647461 ,0 
471,18.8 ,0.006358 ,0 
472,18.84 ,0.0062434 ,0 
473,18.88 ,0.00613077 ,0 
474,18.92 ,0.00602009 ,0 
475,18.96 ,0.00591131 ,0 
476,19 ,0.00580442 ,0 
477,19.04 ,0.00569937 ,0 
478,19.08 ,0.00559614 ,0 
479,19.12 ,0.00549471 ,0 
480,19.16 ,0.00539503 ,0 
481,19.2 ,0.00529709 ,0 
482,19.24 ,0.00520085 ,0 
483,19.28 ,0.00510629 ,0 
484,19.32 ,0.00501337 ,0 
485,19.36 ,0.00492208 ,0 
486,19.4 ,0.00483238 ,0 
487,19.44 ,0.00474424 ,0 
488,19.48 ,0.00465765 ,0 
489,19.52 ,0.00457258 ,0 
490,19.56 ,0.004489 ,0 
491,19.6 ,0.00440689 ,0 
492,19.64 ,0.00432621 ,0 
493,19.68 ,0.00424696 ,0 
494,19.72 ,0.0041691 ,0 
495,19.76 ,0.00409262 ,0 
496,19.8 ,0.00401748 ,0 
497,19.84 ,0.00394367 ,0 
498,19.88 ,0.00387116 ,0 
499,19.92 ,0.00379994 ,0 
500,19.96 ,0.00372998 ,0 
501,20 ,0.00366125 ,0 
502,20.04 ,0.00359375 ,0 
503,20.08 ,0.00352744 ,0 
504,20.12 ,0.00346231 ,0 
505,20.16 ,0.00339834 ,0 
506,20.2 ,0.00333551 ,0 
507,20.24 ,0.0032738 ,0 
508,20.28 ,0.00321319 ,0 
509,20.32 ,0.00315366 ,0 
510,20.36 ,0.00309519 ,0 
511,20.4 ,0.00303777 ,0 
512,20.44 ,0.00298138 ,0 
513,20.48 ,0.002926 ,0 
514,20.52 ,0.00287161 ,0 
515,20.56 ,0.00281819 ,0 
516,20.6 ,0.00276574 ,0 
517,20.64 ,0.00271422 ,0 
518,20.68 ,0.00266364 ,0 
519,20.72 ,0.00261396 ,0 
520,20.76 ,0.00256518 ,0 
521,20.8 ,0.00251728 ,0 
522,20.84 ,0.00247024 ,0 
523,20.88 ,0.00242406 ,0 
524,20.92 ,0.0023787 ,0 
525,20.96 ,0.00233417 ,0 
526,21 ,0.00229045 ,0 
527,21.04 ,0.00224751 ,0 
528,21.08 ,0.00220536 ,0 
529,21.12 ,0.00216397 ,0 
530,21.16 ,0.00212333 ,0 
531,21.2 ,0.00208343 ,0 
532,21.24 ,0.00204426 ,0 
533,21.28 ,0.0020058 ,0 
534,21.32 ,0.00196804 ,0 
535,21.36 ,0.00193097 ,0 
536,21.4 ,0.00189457 ,0 
537,21.44 ,0.00185884 ,0 
538,21.48 ,0.00182377 ,0 
539,21.52 ,0.00178933 ,0 
540,21.56 ,0.00175552 ,0 
541,21.6 ,0.00172234 ,0 
542,21.64 ,0.00168976 ,0 
543,21.68 ,0.00165778 ,0 
544,21.72 ,0.00162639 ,0 
545,21.76 ,0.00159557 ,0 
546,21.8 ,0.00156532 ,0 
547,21.84 ,0.00153563 ,0 
548,21.88 ,0.00150648 ,0 
549,21.92 ,0.00147787 ,0 
550,21.96 ,0.00144979 ,0 
551,22 ,0.00142223 ,0 
552,22.04 ,0.00139517 ,0 
553,22.08 ,0.00136862 ,0 
554,22.12 ,0.00134255 ,0 
555,22.16 ,0.00131697 ,0 
556,22.2 ,0.00129186 ,0 
557,22.24 ,0.00126722 ,0 
558,22.28 ,0.00124303 ,0 
559,22.32 ,0.0012193 ,0 
560,22.36 ,0.001196 ,0 
561,22.4 ,0.00117313 ,0 
562,22.44 ,0.0011507 ,0 
563,22.48 ,0.00112867 ,0 
564,22.52 ,0.00110706 ,0 
565,22.56 ,0.00108585 ,0 
566,22.6 ,0.00106504 ,0 
567,22.64 ,0.00104461 ,0 
568,22.68 ,0.00102457 ,0 
569,22.72 ,0.0010049 ,0 
570,22.76 ,0.000985598 ,0 
571,22.8 ,0.000966657 ,0 
572,22.84 ,0.00094807 ,0 
573,22.88 ,0.000929832 ,0 
574,22.92 ,0.000911935 ,0 
575,22.96 ,0.000894373 ,0 
576,23 ,0.000877141 ,0 
577,23.04 ,0.000860233 ,0 
578,23.08 ,0.000843642 ,0 
579,23.12 ,0.000827363 ,0 
580,23.16 ,0.00081139 ,0 
581,23.2 ,0.000795717 ,0 
582,23.24 ,0.00078034 ,0 
583,23.28 ,0.000765253 ,0 
584,23.32 ,0.00075045 ,0 
585,23.36 ,0.000735926 ,0 
586,23.4 ,0.000721676 ,0 
587,23.44 ,0.000707696 ,0 
588,23.48 ,0.00069398 ,0 
589,23.52 ,0.000680523 ,0 
590,23.56 ,0.000667321 ,0 
591,23.6 ,0.000654368 ,0 
592,23.64 ,0.000641661 ,0 
593,23.68 ,0.000629195 ,0 
594,23.72 ,0.000616966 ,0 
595,23.76 ,0.000604968 ,0 
596,23.8 ,0.000593198 ,0 
597,23.84 ,0.000581652 ,0 
598,23.88 ,0.000570325 ,0 
599,23.92 ,0.000559214 ,0 
600,23.96 ,0.000548314 ,0 
601,24 ,0.000537622 ,0 
602,24.04 ,0.000527134 ,0 
603,24.08 ,0.000516845 ,0 
604,24.12 ,0.000506753 ,0 
605,24.16 ,0.000496853 ,0 
606,24.2 ,0.000487142 ,0 
607,24.24 ,0.000477617 ,0 
608,24.28 ,0.000468274 ,0 
609,24.32 ,0.000459109 ,0 
610,24.36 ,0.00045012 ,0 
611,24.4 ,0.000441303 ,0 
612,24.44 ,0.000432655 ,0 
613,24.48 ,0.000424173 ,0 
614,24.52 ,0.000415853 ,0 
615,24.56 ,0.000407693 ,0 
616,24.6 ,0.00039969 ,0 
617,24.64 ,0.00039184 ,0 
618,24.68 ,0.000384141 ,0 
619,24.72 ,0.000376591 ,0 
620,24.76 ,0.000369185 ,0 
621,24.8 ,0.000361922 ,0 
622,24.84 ,0.000354799 ,0 
623,24.88 ,0.000347813 ,0 
624,24.92 ,0.000340962 ,0 
625,24.96 ,0.000334243 ,0 
626,25 ,0.000327654 ,0 
627,25.04 ,0.000321192 ,0 
628,25.08 ,0.000314854 ,0 
629,25.12 ,0.000308639 ,0 
630,25.16 ,0.000302545 ,0 
631,25.2 ,0.000296568 ,0 
632,25.24 ,0.000290707 ,0 
633,25.28 ,0.000284959 ,0 
634,25.32 ,0.000279323 ,0 
635,25.36 ,0.000273796 ,0 
636,25.4 ,0.000268376 ,0 
637,25.44 ,0.000263061 ,0 
638,25.48 ,0.00025785 ,0 
639,25.52 ,0.00025274 ,0 
640,25.56 ,0.000247729 ,0 
641,25.6 ,0.000242815 ,0 
642,25.64 ,0.000237997 ,0 
643,25.68 ,0.000233273 ,0 
644,25.72 ,0.00022864 ,0 
645,25.76 ,0.000224098 ,0 
646,25.8 ,0.000219645 ,0 
647,25.84 ,0.000215278 ,0 
648,25.88 ,0.000210996 ,0 
649,25.92 ,0.000206798 ,0 
650,25.96 ,0.000202682 ,0 
651,26 ,0.000198646 ,0 
652,26.04 ,0.000194689 ,0 
653,26.08 ,0.00019081 ,0 
654,26.12 ,0.000187006 ,0 
655,26.16 ,0.000183277 ,0 
656,26.2 ,0.000179621 ,0 
657,26.24 ,0.000176036 ,0 
658,26.28 ,0.000172522 ,0 
659,26.32 ,0.000169076 ,0 
660,26.36 ,0.000165698 ,0 
661,26.4 ,0.000162386 ,0 
662,26.44 ,0.00015914 ,0 
663,26.48 ,0.000155957 ,0 
664,26.52 ,0.000152836 ,0 
665,26.56 ,0.000149777 ,0 
666,26.6 ,0.000146778 ,0 
667,26.64 ,0.000143838 ,0 
668,26.68 ,0.000140956 ,0 
669,26.72 ,0.000138131 ,0 
670,26.76 ,0.000135361 ,0 
671,26.8 ,0.000132646 ,0 
672,26.84 ,0.000129984 ,0 
673,26.88 ,0.000127375 ,0 
674,26.92 ,0.000124817 ,0 
675,26.96 ,0.00012231 ,0 
676,27 ,0.000119852 ,0 
677,27.04 ,0.000117443 ,0 
678,27.08 ,0.000115082 ,0 
679,27.12 ,0.000112767 ,0 
680,27.16 ,0.000110498 ,0 
681,27.2 ,0.000108273 ,0 
682,27.24 ,0.000106093 ,0 
683,27.28 ,0.000103956 ,0 
684,27.32 ,0.000101862 ,0 
685,27.36 ,9.98084e-05 ,0 
686,27.4 ,9.77959e-05 ,0 
687,27.44 ,9.58233e-05 ,0 
688,27.48 ,9.38899e-05 ,0 
689,27.52 ,9.19949e-05 ,0 
690,27.56 ,9.01375e-05 ,0 
691,27.6 ,8.83169e-05 ,0 
692,27.64 ,8.65326e-05 ,0 
693,27.68 ,8.47837e-05 ,0 
694,27.72 ,8.30696e-05 ,0 
695,27.76 ,8.13896e-05 ,0 
696,27.8 ,7.97431e-05 ,0 
697,27.84 ,7.81293e-05 ,0 
698,27.88 ,7.65477e-05 ,0 
699,27.92 ,7.49976e-05 ,0 
700,27.96 ,7.34784e-05 ,0 
701,28 ,7.19895e-05 ,0 
702,28.04 ,7.05303e-05 ,0 
703,28.08 ,6.91002e-05 ,0 
704,28.12 ,6.76986e-05 ,0 
705,28.16 ,6.63251e-05 ,0 
706,28.2 ,6.4979e-05 ,0 
707,28.24 ,6.36597e-05 ,0 
708,28.28 ,6.23669e-05 ,0 
709,28.32 ,6.10999e-05 ,0 
710,28.36 ,5.98583e-05 ,0 
711,28.4 ,5.86415e-05 ,0 
712,28.44 ,5.74491e-05 ,0 
713,28.48 ,5.62806e-05 ,0 
714,28.52 ,5.51355e-05 ,0 
715,28.56 ,5.40133e-05 ,0 
716,28.6 ,5.29137e-05 ,0 
717,28.64 ,5.18361e-05 ,0 
718,28.68 ,5.07801e-05 ,0 
719,28.72 ,4.97453e-05 ,0 
720,28.76 ,4.87313e-05 ,0 
721,28.8 ,4.77377e-05 ,0 
722,28.84 ,4.6764e-05 ,0 
723,28.88 ,4.581e-05 ,0 
724,28.92 ,4.48751e-05 ,0 
725,28.96 ,4.3959e-05 ,0 
726,29 ,4.30613e-05 ,0 
727,29.04 ,4.21817e-05 ,0 
728,29.08 ,4.13198e-05 ,0 
729,29.12 ,4.04753e-05 ,0 
730,29.16 ,3.96478e-05 ,0 
731,29.2 ,3.8837e-05 ,0 
732,29.24 ,3.80425e-05 ,0 
733,29.28 ,3.72641e-05 ,0 
734,29.32 ,3.65013e-05 ,0 
735,29.36 ,3.5754e-05 ,0 
736,29.4 ,3.50218e-05 ,0 
737,29.44 ,3.43043e-05 ,0 
738,29.48 ,3.36013e-05 ,0 
739,29.52 ,3.29126e-05 ,0 
740,29.56 ,3.22378e-05 ,0 
741,29.6 ,3.15766e-05 ,0 
742,29.64 ,3.09288e-05 ,0 
743,29.68 ,3.02941e-05 ,0 
744,29.72 ,2.96723e-05 ,0 
745,29.76 ,2.9063e-05 ,0 
746,29.8 ,2.84661e-05 ,0 
747,29.84 ,2.78813e-05 ,0 
748,29.88 ,2.73084e-05 ,0 
749,29.92 ,2.6747e-05 ,0 
750,29.96 ,2.61971e-05 ,0 
751,30 ,2.56583e-05 ,0 
752,30.04 ,2.51305e-05 ,0 
753,30.08 ,2.46133e-05 ,0 
754,30.12 ,2.41067e-05 ,0 
755,30.16 ,2.36104e-05 ,0 
756,30.2 ,2.31241e-05 ,0 
757,30.24 ,2.26478e-05 ,0 
758,30.28 ,2.21811e-05 ,0 
759,30.32 ,2.17239e-05 ,0 
760,30.36 ,2.12761e-05 ,0 
761,30.4 ,2.08373e-05 ,0 
762,30.44 ,2.04075e-05 ,0 
763,30.48 ,1.99864e-05 ,0 
764,30.52 ,1.95739e-05 ,0 
765,30.56 ,1.91699e-05 ,0 
766,30.6 ,1.8774e-05 ,0 
767,30.64 ,1.83863e-05 ,0 
768,30.68 ,1.80064e-05 ,0 
769,30.72 ,1.76343e-05 ,0 
770,30.76 ,1.72698e-05 ,0 
771,30.8 ,1.69127e-05 ,0 
772,30.84 ,1.6563e-05 ,0 
773,30.88 ,1.62203e-05 ,0 
774,30.92 ,1.58847e-05 ,0 
775,30.96 ,1.5556e-05 ,0 
776,31 ,1.52339e-05 ,0 
777,31.04 ,1.49185e-05 ,0 
778,31.08 ,1.46095e-05 ,0 
779,31.12 ,1.43068e-05 ,0 
780,31.16 ,1.40104e-05 ,0 
781,31.2 ,1.372e-05 ,0 
782,31.24 ,1.34355e-05 ,0 
783,31.28 ,1.31569e-05 ,0 
784,31.32 ,1.2884e-05 ,0 
785,31.36 ,1.26167e-05 ,0 
786,31.4 ,1.23549e-05 ,0 
787,31.44 ,1.20984e-05 ,0 
788,31.48 ,1.18472e-05 ,0 
789,31.52 ,1.16012e-05 ,0 
790,31.56 ,1.13602e-05 ,0 
791,31.6 ,1.11242e-05 ,0 
792,31.64 ,1.0893e-05 ,0 
793,31.68 ,1.06665e-05 ,0 
794,31.72 ,1.04448e-05 ,0 
795,31.76 ,1.02276e-05 ,0 
796,31.8 ,1.00148e-05 ,0 
797,31.84 ,9.80645e-06 ,0 
798,31.88 ,9.60237e-06 ,0 
799,31.92 ,9.4025e-06 ,0 
800,31.96 ,9.20674e-06 ,0 
801,32 ,9.01502e-06 ,0 
802,32.04 ,8.82724e-06 ,0 
803,32.08 ,8.64334e-06 ,0 
804,32.12 ,8.46323e-06 ,0 
805,32.16 ,8.28683e-06 ,0 
806,32.2 ,8.11408e-06 ,0 
807,32.24 ,7.94488e-06 ,0 
808,32.28 ,7.77919e-06 ,0 
809,32.32 ,7.61691e-06 ,0 
810,32.36 ,7.45799e-06 ,0 
811,32.4 ,7.30235e-06 ,0 
812,32.44 ,7.14992e-06 ,0 
813,32.48 ,7.00065e-06 ,0 
814,32.52 ,6.85446e-06 ,0 
815,32.56 ,6.7113e-06 ,0 
816,32.6 ,6.5711e-06 ,0 
817,32.64 ,6.43381e-06 ,0 
818,32.68 ,6.29935e-06 ,0 
819,32.72 ,6.16768e-06 ,0 
820,32.76 ,6.03874e-06 ,0 
821,32.8 ,5.91247e-06 ,0 
822,32.84 ,5.78882e-06 ,0 
823,32.88 ,5.66773e-06 ,0 
824,32.92 ,5.54916e-06 ,0 
825,32.96 ,5.43304e-06 ,0 
826,33 ,5.31934e-06 ,0 
827,33.04 ,5.20799e-06 ,0 
828,33.08 ,5.09896e-06 ,0 
829,33.12 ,4.99219e-06 ,0 
830,33.16 ,4.88764e-06 ,0 
831,33.2 ,4.78527e-06 ,0 
832,33.24 ,4.68502e-06 ,0 
833,33.28 ,4.58686e-06 ,0 
834,33.32 ,4.49074e-06 ,0 
835,33.36 ,4.39662e-06 ,0 
836,33.4 ,4.30446e-06 ,0 
837,33.44 ,4.21422e-06 ,0 
838,33.48 ,4.12586e-06 ,0 
839,33.52 ,4.03934e-06 ,0 
840,33.56 ,3.95463e-06 ,0 
841,33.6 ,3.87168e-06 ,0 
842,33.64 ,3.79046e-06 ,0 
843,33.68 ,3.71094e-06 ,0 
844,33.72 ,3.63308e-06 ,0 
845,33.76 ,3.55684e-06 ,0 
846,33.8 ,3.48219e-06 ,0 
847,33.84 ,3.40911e-06 ,0 
848,33.88 ,3.33755e-06 ,0 
849,33.92 ,3.26749e-06 ,0 
850,33.96 ,3.1989e-06 ,0 
851,34 ,3.13174e-06 ,0 
852,34.04 ,3.06599e-06 ,0 
853,34.08 ,3.00161e-06 ,0 
854,34.12 ,2.93859e-06 ,0 
855,34.16 ,2.87688e-06 ,0 
856,34.2 ,2.81647e-06 ,0 
857,34.24 ,2.75733e-06 ,0 
858,34.28 ,2.69942e-06 ,0 
859,34.32 ,2.64274e-06 ,0 
860,34.36 ,2.58724e-06 ,0 
861,34.4 ,2.53291e-06 ,0 
862,34.44 ,2.47972e-06 ,0 
863,34.48 ,2.42766e-06 ,0 
864,34.52 ,2.37668e-06 ,0 
865,34.56 ,2.32678e-06 ,0 
866,34.6 ,2.27793e-06 ,0 
867,34.64 ,2.23012e-06 ,0 
868,34.68 ,2.18331e-06 ,0 
869,34.72 ,2.13748e-06 ,0 
870,34.76 ,2.09263e-06 ,0 
871,34.8 ,2.04872e-06 ,0 
872,34.84 ,2.00574e-06 ,0 
873,34.88 ,1.96367e-06 ,0 
874,34.92 ,1.92249e-06 ,0 
875,34.96 ,1.88218e-06 ,0 
876,35 ,1.84272e-06 ,0 
877,35.04 ,1.8041e-06 ,0 
878,35.08 ,1.7663e-06 ,0 
879,35.12 ,1.7293e-06 ,0 
880,35.16 ,1.69309e-06 ,0 
881,35.2 ,1.65765e-06 ,0 
882,35.24 ,1.62296e-06 ,0 
883,35.28 ,1.58901e-06 ,0 
884,35.32 ,1.55579e-06 ,0 
885,35.36 ,1.52327e-06 ,0 
886,35.4 ,1.49145e-06 ,0 
887,35.44 ,1.4603e-06 ,0 
888,35.48 ,1.42983e-06 ,0 
889,35.52 ,1.4e-06 ,0 
890,35.56 ,1.37081e-06 ,0 
891,35.6 ,1.34225e-06 ,0 
892,35.64 ,1.31431e-06 ,0 
893,35.68 ,1.28696e-06 ,0 
894,35.72 ,1.2602e-06 ,0 
895,35.76 ,1.23402e-06 ,0 
896,35.8 ,1.2084e-06 ,0 
897,35.84 ,1.18333e-06 ,0 
898,35.88 ,1.15881e-06 ,0 
899,35.92 ,1.13482e-06 ,0 
900,35.96 ,1.11134e-06 ,0 
901,36 ,1.08838e-06 ,0 
902,36.04 ,1.06592e-06 ,0 
903,36.08 ,1.04394e-06 ,0 
904,36.12 ,1.02244e-06 ,0 
905,36.16 ,1.00142e-06 ,0 
906,36.2 ,9.8085e-07 ,0 
907,36.24 ,9.60733e-07 ,0 
908,36.28 ,9.41059e-07 ,0 
909,36.32 ,9.21816e-07 ,0 
910,36.36 ,9.02998e-07 ,0 
911,36.4 ,8.84596e-07 ,0 
912,36.44 ,8.666e-07 ,0 
913,36.48 ,8.49004e-07 ,0 
914,36.52 ,8.31799e-07 ,0 
915,36.56 ,8.14977e-07 ,0 
916,36.6 ,7.98531e-07 ,0 
917,36.64 ,7.82453e-07 ,0 
918,36.68 ,7.66736e-07 ,0 
919,36.72 ,7.51374e-07 ,0 
920,36.76 ,7.36358e-07 ,0 
921,36.8 ,7.21682e-07 ,0 
922,36.84 ,7.0734e-07 ,0 
923,36.88 ,6.93324e-07 ,0 
924,36.92 ,6.79629e-07 ,0 
925,36.96 ,6.66249e-07 ,0 
926,37 ,6.53177e-07 ,0 
927,37.04 ,6.40408e-07 ,0 
928,37.08 ,6.27935e-07 ,0 
929,37.12 ,6.15753e-07 ,0 
930,37.16 ,6.03856e-07 ,0 
931,37.2 ,5.92239e-07 ,0 
932,37.24 ,5.80897e-07 ,0 
933,37.28 ,5.69825e-07 ,0 
934,37.32 ,5.59017e-07 ,0 
935,37.36 ,5.48468e-07 ,0 
936,37.4 ,5.38174e-07 ,0 
937,37.44 ,5.28131e-07 ,0 
938,37.48 ,5.18333e-07 ,0 
939,37.52 ,5.08775e-07 ,0 
940,37.56 ,4.99455e-07 ,0 
941,37.6 ,4.90367e-07 ,0 
942,37.64 ,4.81507e-07 ,0 
943,37.68 ,4.72872e-07 ,0 
944,37.72 ,4.64456e-07 ,0 
945,37.76 ,4.56257e-07 ,0 
946,37.8 ,4.48271e-07 ,0 
947,37.84 ,4.40494e-07 ,0 
948,37.88 ,4.32922e-07 ,0 
949,37.92 ,4.25553e-07 ,0 
950,37.96 ,4.18382e-07 ,0 
951,38 ,4.11406e-07 ,0 
952,38.04 ,4.04623e-07 ,0 
953,38.08 ,3.98028e-07 ,0 
954,38.12 ,3.9162e-07 ,0 
955,38.16 ,3.85395e-07 ,0 
956,38.2 ,3.7935e-07 ,0 
957,38.24 ,3.73483e-07 ,0 
958,38.28 ,3.6779e-07 ,0 
959,38.32 ,3.6227e-07 ,0 
960,38.36 ,3.56919e-07 ,0 
961,38.4 ,3.51736e-07 ,0 
962,38.44 ,3.46718e-07 ,0 
963,38.48 ,3.41862e-07 ,0 
964,38.52 ,3.37166e-07 ,0 
965,38.56 ,3.32629e-07 ,0 
966,38.6 ,3.28248e-07 ,0 
967,38.64 ,3.24021e-07 ,0 
968,38.68 ,3.19946e-07 ,0 
969,38.72 ,3.16022e-07 ,0 
970,38.76 ,3.12246e-07 ,0 
971,38.8 ,3.08616e-07 ,0 
972,38.84 ,3.05132e-07 ,0 
973,38.88 ,3.01792e-07 ,0 
974,38.92 ,2.98594e-07 ,0 
975,38.96 ,2.95536e-07 ,0 
976,39 ,2.92617e-07 ,0 
977,39.04 ,2.89837e-07 ,0 
978,39.08 ,2.87192e-07 ,0 
979,39.12 ,2.84684e-07 ,0 
980,39.16 ,2.82309e-07 ,0 
981,39.2 ,2.80068e-07 ,0 
982,39.24 ,2.77959e-07 ,0 
983,39.28 ,2.75981e-07 ,0 
984,39.32 ,2.74133e-07 ,0 
985,39.36 ,2.72415e-07 ,0 
986,39.4 ,2.70825e-07 ,0 
987,39.44 ,2.69364e-07 ,0 
988,39.48 ,2.6803e-07 ,0 
989,39.52 ,2.66823e-07 ,0 
990,39.56 ,2.65742e-07 ,0 
991,39.6 ,2.64786e-07 ,0 
992,39.64 ,2.63956e-07 ,0 
993,39.68 ,2.63252e-07 ,0 
994,39.72 ,2.62671e-07 ,0 
995,39.76 ,2.62216e-07 ,0 
996,39.8 ,2.61884e-07 ,0 
997,39.84 ,2.61677e-07 ,0 
998,39.88 ,2.61594e-07 ,0 
999,39.92 ,2.61635e-07 ,0 
1000,39.96 ,2.618e-07 ,0 