
1,0 ,0 ,0 
2,0.025 ,0 ,0 
3,0.05 ,0 ,0 
4,0.075 ,1.89074e-05 ,0 
5,0.1 ,4.44721e-05 ,0 
6,0.125 ,8.66587e-05 ,0 
7,0.15 ,0.00014953 ,0 
8,0.175 ,0.000237126 ,0 
9,0.2 ,0.000353447 ,0 
10,0.225 ,0.000502443 ,0 
11,0.25 ,0.000688003 ,0 
12,0.275 ,0.000913949 ,0 
13,0.3 ,0.00118403 ,0 
14,0.325 ,0.00150191 ,0 
15,0.35 ,0.00187116 ,0 
16,0.375 ,0.00229528 ,0 
17,0.4 ,0.00277763 ,0 
18,0.425 ,0.0033215 ,0 
19,0.45 ,0.00393003 ,0 
20,0.475 ,0.00460626 ,0 
21,0.5 ,0.0053531 ,0 
22,0.525 ,0.00617333 ,0 
23,0.55 ,0.00706959 ,0 
24,0.575 ,0.00804437 ,0 
25,0.6 ,0.00910001 ,0 
26,0.625 ,0.0102387 ,0 
27,0.65 ,0.0114625 ,0 
28,0.675 ,0.0127733 ,0 
29,0.7 ,0.0141728 ,0 
30,0.725 ,0.0156625 ,0 
31,0.75 ,0.0172438 ,0 
32,0.775 ,0.0189179 ,0 
33,0.8 ,0.0206857 ,0 
34,0.825 ,0.0225482 ,0 
35,0.85 ,0.024506 ,0 
36,0.875 ,0.0265594 ,0 
37,0.9 ,0.0287089 ,0 
38,0.925 ,0.0309544 ,0 
39,0.95 ,0.0332959 ,0 
40,0.975 ,0.0357331 ,0 
41,1 ,0.0382654 ,0 
42,1.025 ,0.0408922 ,0 
43,1.05 ,0.0436125 ,0 
44,1.075 ,0.0464254 ,0 
45,1.1 ,0.0493296 ,0 
46,1.125 ,0.0523235 ,0 
47,1.15 ,0.0554056 ,0 
48,1.175 ,0.058574 ,0 
49,1.2 ,0.0618266 ,0 
50,1.225 ,0.0651614 ,0 
51,1.25 ,0.0685759 ,0 
52,1.275 ,0.0720675 ,0 
53,1.3 ,0.0756335 ,0 
54,1.325 ,0.079271 ,0 
55,1.35 ,0.0829769 ,0 
56,1.375 ,0.0867479 ,0 
57,1.4 ,0.0905807 ,0 
58,1.425 ,0.0944717 ,0 
59,1.45 ,0.0984171 ,0 
60,1.475 ,0.102413 ,0 
61,1.5 ,0.106456 ,0 
62,1.525 ,0.110541 ,0 
63,1.55 ,0.114664 ,0 
64,1.575 ,0.118821 ,0 
65,1.6 ,0.123007 ,0 
66,1.625 ,0.127218 ,0 
67,1.65 ,0.131449 ,0 
68,1.675 ,0.135695 ,0 
69,1.7 ,0.13995 ,0 
70,1.725 ,0.144211 ,0 
71,1.75 ,0.148472 ,0 
72,1.775 ,0.152728 ,0 
73,1.8 ,0.156973 ,0 
74,1.825 ,0.161203 ,0 
75,1.85 ,0.165411 ,0 
76,1.875 ,0.169593 ,0 
77,1.9 ,0.173743 ,0 
78,1.925 ,0.177856 ,0 
79,1.95 ,0.181925 ,0 
80,1.975 ,0.185947 ,0 
81,2 ,0.189915 ,0 
82,2.025 ,0.193823 ,0 
83,2.05 ,0.197666 ,0 
84,2.075 ,0.20144 ,0 
85,2.1 ,0.205137 ,0 
86,2.125 ,0.208754 ,0 
87,2.15 ,0.212284 ,0 
88,2.175 ,0.215722 ,0 
89,2.2 ,0.219063 ,0 
90,2.225 ,0.222303 ,0 
91,2.25 ,0.225434 ,0 
92,2.275 ,0.228454 ,0 
93,2.3 ,0.231356 ,0 
94,2.325 ,0.234137 ,0 
95,2.35 ,0.23679 ,0 
96,2.375 ,0.239312 ,0 
97,2.4 ,0.241698 ,0 
98,2.425 ,0.243944 ,0 
99,2.45 ,0.246045 ,0 
100,2.475 ,0.247998 ,0 
101,2.5 ,0.249797 ,0 
102,2.525 ,0.251441 ,0 
103,2.55 ,0.252924 ,0 
104,2.575 ,0.254243 ,0 
105,2.6 ,0.255395 ,0 
106,2.625 ,0.256377 ,0 
107,2.65 ,0.257186 ,0 
108,2.675 ,0.257818 ,0 
109,2.7 ,0.258272 ,0 
110,2.725 ,0.258545 ,0 
111,2.75 ,0.258634 ,0 
112,2.775 ,0.258538 ,0 
113,2.8 ,0.258254 ,0 
114,2.825 ,0.257782 ,0 
115,2.85 ,0.257119 ,0 
116,2.875 ,0.256264 ,0 
117,2.9 ,0.255216 ,0 
118,2.925 ,0.253975 ,0 
119,2.95 ,0.25254 ,0 
120,2.975 ,0.25091 ,0 
121,3 ,0.249085 ,0 
122,3.025 ,0.247066 ,0 
123,3.05 ,0.244852 ,0 
124,3.075 ,0.242444 ,0 
125,3.1 ,0.239844 ,0 
126,3.125 ,0.23705 ,0 
127,3.15 ,0.234066 ,0 
128,3.175 ,0.230892 ,0 
129,3.2 ,0.227529 ,0 
130,3.225 ,0.223981 ,0 
131,3.25 ,0.220247 ,0 
132,3.275 ,0.216332 ,0 
133,3.3 ,0.212237 ,0 
134,3.325 ,0.207965 ,0 
135,3.35 ,0.203518 ,0 
136,3.375 ,0.1989 ,0 
137,3.4 ,0.194115 ,0 
138,3.425 ,0.189165 ,0 
139,3.45 ,0.184054 ,0 
140,3.475 ,0.178785 ,0 
141,3.5 ,0.173364 ,0 
142,3.525 ,0.167794 ,0 
143,3.55 ,0.16208 ,0 
144,3.575 ,0.156225 ,0 
145,3.6 ,0.150235 ,0 
146,3.625 ,0.144115 ,0 
147,3.65 ,0.13787 ,0 
148,3.675 ,0.131504 ,0 
149,3.7 ,0.125023 ,0 
150,3.725 ,0.118432 ,0 
151,3.75 ,0.111738 ,0 
152,3.775 ,0.104945 ,0 
153,3.8 ,0.0980604 ,0 
154,3.825 ,0.0910888 ,0 
155,3.85 ,0.0840366 ,0 
156,3.875 ,0.0769101 ,0 
157,3.9 ,0.0697153 ,0 
158,3.925 ,0.0624587 ,0 
159,3.95 ,0.0551465 ,0 
160,3.975 ,0.0477853 ,0 
161,4 ,0.0403815 ,0 
162,4.025 ,0.0329417 ,0 
163,4.05 ,0.0254725 ,0 
164,4.075 ,0.0179805 ,0 
165,4.1 ,0.0104725 ,0 
166,4.125 ,0.00295504 ,0 
167,4.15 ,-0.00456502 ,0 
168,4.175 ,-0.012081 ,0 
169,4.2 ,-0.0195861 ,0 
170,4.225 ,-0.0270737 ,0 
171,4.25 ,-0.034537 ,0 
172,4.275 ,-0.0419693 ,0 
173,4.3 ,-0.049364 ,0 
174,4.325 ,-0.0567143 ,0 
175,4.35 ,-0.0640137 ,0 
176,4.375 ,-0.0712556 ,0 
177,4.4 ,-0.0784335 ,0 
178,4.425 ,-0.085541 ,0 
179,4.45 ,-0.0925717 ,0 
180,4.475 ,-0.0995193 ,0 
181,4.5 ,-0.106378 ,0 
182,4.525 ,-0.11314 ,0 
183,4.55 ,-0.119802 ,0 
184,4.575 ,-0.126356 ,0 
185,4.6 ,-0.132796 ,0 
186,4.625 ,-0.139118 ,0 
187,4.65 ,-0.145315 ,0 
188,4.675 ,-0.151382 ,0 
189,4.7 ,-0.157314 ,0 
190,4.725 ,-0.163105 ,0 
191,4.75 ,-0.168751 ,0 
192,4.775 ,-0.174245 ,0 
193,4.8 ,-0.179585 ,0 
194,4.825 ,-0.184764 ,0 
195,4.85 ,-0.189779 ,0 
196,4.875 ,-0.194626 ,0 
197,4.9 ,-0.199299 ,0 
198,4.925 ,-0.203795 ,0 
199,4.95 ,-0.208111 ,0 
200,4.975 ,-0.212242 ,0 
201,5 ,-0.216186 ,0 
202,5.025 ,-0.219939 ,0 
203,5.05 ,-0.223497 ,0 
204,5.075 ,-0.226859 ,0 
205,5.1 ,-0.230021 ,0 
206,5.125 ,-0.232981 ,0 
207,5.15 ,-0.235736 ,0 
208,5.175 ,-0.238285 ,0 
209,5.2 ,-0.240625 ,0 
210,5.225 ,-0.242755 ,0 
211,5.25 ,-0.244673 ,0 
212,5.275 ,-0.246377 ,0 
213,5.3 ,-0.247868 ,0 
214,5.325 ,-0.249144 ,0 
215,5.35 ,-0.250203 ,0 
216,5.375 ,-0.251046 ,0 
217,5.4 ,-0.251672 ,0 
218,5.425 ,-0.252081 ,0 
219,5.45 ,-0.252274 ,0 
220,5.475 ,-0.252249 ,0 
221,5.5 ,-0.252009 ,0 
222,5.525 ,-0.251552 ,0 
223,5.55 ,-0.250881 ,0 
224,5.575 ,-0.249997 ,0 
225,5.6 ,-0.248899 ,0 
226,5.625 ,-0.247591 ,0 
227,5.65 ,-0.246073 ,0 
228,5.675 ,-0.244347 ,0 
229,5.7 ,-0.242415 ,0 
230,5.725 ,-0.240279 ,0 
231,5.75 ,-0.237941 ,0 
232,5.775 ,-0.235405 ,0 
233,5.8 ,-0.232671 ,0 
234,5.825 ,-0.229744 ,0 
235,5.85 ,-0.226626 ,0 
236,5.875 ,-0.22332 ,0 
237,5.9 ,-0.21983 ,0 
238,5.925 ,-0.216158 ,0 
239,5.95 ,-0.212308 ,0 
240,5.975 ,-0.208284 ,0 
241,6 ,-0.20409 ,0 
242,6.025 ,-0.199729 ,0 
243,6.05 ,-0.195205 ,0 
244,6.075 ,-0.190523 ,0 
245,6.1 ,-0.185687 ,0 
246,6.125 ,-0.180701 ,0 
247,6.15 ,-0.17557 ,0 
248,6.175 ,-0.170297 ,0 
249,6.2 ,-0.164889 ,0 
250,6.225 ,-0.159349 ,0 
251,6.25 ,-0.153682 ,0 
252,6.275 ,-0.147893 ,0 
253,6.3 ,-0.141988 ,0 
254,6.325 ,-0.135971 ,0 
255,6.35 ,-0.129846 ,0 
256,6.375 ,-0.123621 ,0 
257,6.4 ,-0.117298 ,0 
258,6.425 ,-0.110885 ,0 
259,6.45 ,-0.104386 ,0 
260,6.475 ,-0.0978055 ,0 
261,6.5 ,-0.0911502 ,0 
262,6.525 ,-0.0844249 ,0 
263,6.55 ,-0.0776351 ,0 
264,6.575 ,-0.0707861 ,0 
265,6.6 ,-0.0638834 ,0 
266,6.625 ,-0.0569324 ,0 
267,6.65 ,-0.0499384 ,0 
268,6.675 ,-0.042907 ,0 
269,6.7 ,-0.0358435 ,0 
270,6.725 ,-0.0287532 ,0 
271,6.75 ,-0.0216416 ,0 
272,6.775 ,-0.014514 ,0 
273,6.8 ,-0.00737569 ,0 
274,6.825 ,-0.000231977 ,0 
275,6.85 ,0.00691191 ,0 
276,6.875 ,0.0140508 ,0 
277,6.9 ,0.0211795 ,0 
278,6.925 ,0.0282928 ,0 
279,6.95 ,0.0353859 ,0 
280,6.975 ,0.0424536 ,0 
281,7 ,0.0494911 ,0 
282,7.025 ,0.0564934 ,0 
283,7.05 ,0.0634558 ,0 
284,7.075 ,0.0703735 ,0 
285,7.1 ,0.077242 ,0 
286,7.125 ,0.0840565 ,0 
287,7.15 ,0.0908127 ,0 
288,7.175 ,0.0975062 ,0 
289,7.2 ,0.104133 ,0 
290,7.225 ,0.110688 ,0 
291,7.25 ,0.117167 ,0 
292,7.275 ,0.123567 ,0 
293,7.3 ,0.129884 ,0 
294,7.325 ,0.136113 ,0 
295,7.35 ,0.142252 ,0 
296,7.375 ,0.148295 ,0 
297,7.4 ,0.154241 ,0 
298,7.425 ,0.160085 ,0 
299,7.45 ,0.165824 ,0 
300,7.475 ,0.171455 ,0 
301,7.5 ,0.176975 ,0 
302,7.525 ,0.182381 ,0 
303,7.55 ,0.187669 ,0 
304,7.575 ,0.192838 ,0 
305,7.6 ,0.197884 ,0 
306,7.625 ,0.202806 ,0 
307,7.65 ,0.2076 ,0 
308,7.675 ,0.212265 ,0 
309,7.7 ,0.216797 ,0 
310,7.725 ,0.221196 ,0 
311,7.75 ,0.22546 ,0 
312,7.775 ,0.229585 ,0 
313,7.8 ,0.233572 ,0 
314,7.825 ,0.237417 ,0 
315,7.85 ,0.241121 ,0 
316,7.875 ,0.24468 ,0 
317,7.9 ,0.248095 ,0 
318,7.925 ,0.251364 ,0 
319,7.95 ,0.254486 ,0 
320,7.975 ,0.25746 ,0 
321,8 ,0.260285 ,0 
322,8.025 ,0.262961 ,0 
323,8.05 ,0.265487 ,0 
324,8.075 ,0.267863 ,0 
325,8.1 ,0.270087 ,0 
326,8.125 ,0.27216 ,0 
327,8.15 ,0.274082 ,0 
328,8.175 ,0.275852 ,0 
329,8.2 ,0.277471 ,0 
330,8.225 ,0.278937 ,0 
331,8.25 ,0.280253 ,0 
332,8.275 ,0.281417 ,0 
333,8.3 ,0.28243 ,0 
334,8.325 ,0.283293 ,0 
335,8.35 ,0.284006 ,0 
336,8.375 ,0.284569 ,0 
337,8.4 ,0.284983 ,0 
338,8.425 ,0.285249 ,0 
339,8.45 ,0.285368 ,0 
340,8.475 ,0.28534 ,0 
341,8.5 ,0.285167 ,0 
342,8.525 ,0.284848 ,0 
343,8.55 ,0.284387 ,0 
344,8.575 ,0.283783 ,0 
345,8.6 ,0.283037 ,0 
346,8.625 ,0.282152 ,0 
347,8.65 ,0.281128 ,0 
348,8.675 ,0.279966 ,0 
349,8.7 ,0.278669 ,0 
350,8.725 ,0.277237 ,0 
351,8.75 ,0.275672 ,0 
352,8.775 ,0.273976 ,0 
353,8.8 ,0.27215 ,0 
354,8.825 ,0.270196 ,0 
355,8.85 ,0.268116 ,0 
356,8.875 ,0.265911 ,0 
357,8.9 ,0.263583 ,0 
358,8.925 ,0.261135 ,0 
359,8.95 ,0.258567 ,0 
360,8.975 ,0.255882 ,0 
361,9 ,0.253082 ,0 
362,9.025 ,0.250169 ,0 
363,9.05 ,0.247144 ,0 
364,9.075 ,0.24401 ,0 
365,9.1 ,0.24077 ,0 
366,9.125 ,0.237424 ,0 
367,9.15 ,0.233975 ,0 
368,9.175 ,0.230425 ,0 
369,9.2 ,0.226777 ,0 
370,9.225 ,0.223032 ,0 
371,9.25 ,0.219193 ,0 
372,9.275 ,0.215262 ,0 
373,9.3 ,0.211242 ,0 
374,9.325 ,0.207133 ,0 
375,9.35 ,0.20294 ,0 
376,9.375 ,0.198663 ,0 
377,9.4 ,0.194305 ,0 
378,9.425 ,0.189869 ,0 
379,9.45 ,0.185357 ,0 
380,9.475 ,0.180771 ,0 
381,9.5 ,0.176113 ,0 
382,9.525 ,0.171386 ,0 
383,9.55 ,0.166592 ,0 
384,9.575 ,0.161733 ,0 
385,9.6 ,0.156812 ,0 
386,9.625 ,0.15183 ,0 
387,9.65 ,0.146791 ,0 
388,9.675 ,0.141696 ,0 
389,9.7 ,0.136548 ,0 
390,9.725 ,0.131349 ,0 
391,9.75 ,0.1261 ,0 
392,9.775 ,0.120806 ,0 
393,9.8 ,0.115467 ,0 
394,9.825 ,0.110086 ,0 
395,9.85 ,0.104666 ,0 
396,9.875 ,0.0992073 ,0 
397,9.9 ,0.0937137 ,0 
398,9.925 ,0.0881868 ,0 
399,9.95 ,0.0826289 ,0 
400,9.975 ,0.077042 ,0 
401,10 ,0.0714284 ,0 
402,10.025 ,0.0657902 ,0 
403,10.05 ,0.0601294 ,0 
404,10.075 ,0.0544481 ,0 
405,10.1 ,0.0487484 ,0 
406,10.125 ,0.0430323 ,0 
407,10.15 ,0.0373018 ,0 
408,10.175 ,0.031559 ,0 
409,10.2 ,0.0258058 ,0 
410,10.225 ,0.0200441 ,0 
411,10.25 ,0.014276 ,0 
412,10.275 ,0.00850321 ,0 
413,10.3 ,0.00272772 ,0 
414,10.325 ,-0.00304865 ,0 
415,10.35 ,-0.00882405 ,0 
416,10.375 ,-0.0145967 ,0 
417,10.4 ,-0.0203648 ,0 
418,10.425 ,-0.0261266 ,0 
419,10.45 ,-0.0318803 ,0 
420,10.475 ,-0.0376244 ,0 
421,10.5 ,-0.043357 ,0 
422,10.525 ,-0.0490766 ,0 
423,10.55 ,-0.0547815 ,0 
424,10.575 ,-0.0604701 ,0 
425,10.6 ,-0.066141 ,0 
426,10.625 ,-0.0717925 ,0 
427,10.65 ,-0.0774231 ,0 
428,10.675 ,-0.0830314 ,0 
429,10.7 ,-0.0886159 ,0 
430,10.725 ,-0.0941752 ,0 
431,10.75 ,-0.0997079 ,0 
432,10.775 ,-0.105213 ,0 
433,10.8 ,-0.110688 ,0 
434,10.825 ,-0.116133 ,0 
435,10.85 ,-0.121546 ,0 
436,10.875 ,-0.126926 ,0 
437,10.9 ,-0.132271 ,0 
438,10.925 ,-0.137581 ,0 
439,10.95 ,-0.142855 ,0 
440,10.975 ,-0.14809 ,0 
441,11 ,-0.153287 ,0 
442,11.025 ,-0.158444 ,0 
443,11.05 ,-0.163559 ,0 
444,11.075 ,-0.168633 ,0 
445,11.1 ,-0.173664 ,0 
446,11.125 ,-0.178651 ,0 
447,11.15 ,-0.183592 ,0 
448,11.175 ,-0.188489 ,0 
449,11.2 ,-0.193338 ,0 
450,11.225 ,-0.19814 ,0 
451,11.25 ,-0.202894 ,0 
452,11.275 ,-0.207598 ,0 
453,11.3 ,-0.212253 ,0 
454,11.325 ,-0.216857 ,0 
455,11.35 ,-0.22141 ,0 
456,11.375 ,-0.225911 ,0 
457,11.4 ,-0.23036 ,0 
458,11.425 ,-0.234755 ,0 
459,11.45 ,-0.239096 ,0 
460,11.475 ,-0.243383 ,0 
461,11.5 ,-0.247615 ,0 
462,11.525 ,-0.251792 ,0 
463,11.55 ,-0.255913 ,0 
464,11.575 ,-0.259977 ,0 
465,11.6 ,-0.263985 ,0 
466,11.625 ,-0.267935 ,0 
467,11.65 ,-0.271828 ,0 
468,11.675 ,-0.275663 ,0 
469,11.7 ,-0.279439 ,0 
470,11.725 ,-0.283157 ,0 
471,11.75 ,-0.286816 ,0 
472,11.775 ,-0.290415 ,0 
473,11.8 ,-0.293955 ,0 
474,11.825 ,-0.297436 ,0 
475,11.85 ,-0.300856 ,0 
476,11.875 ,-0.304216 ,0 
477,11.9 ,-0.307516 ,0 
478,11.925 ,-0.310756 ,0 
479,11.95 ,-0.313935 ,0 
480,11.975 ,-0.317053 ,0 
481,12 ,-0.320111 ,0 
482,12.025 ,-0.323108 ,0 
483,12.05 ,-0.326044 ,0 
484,12.075 ,-0.328919 ,0 
485,12.1 ,-0.331733 ,0 
486,12.125 ,-0.334487 ,0 
487,12.15 ,-0.337179 ,0 
488,12.175 ,-0.339811 ,0 
489,12.2 ,-0.342382 ,0 
490,12.225 ,-0.344892 ,0 
491,12.25 ,-0.347342 ,0 
492,12.275 ,-0.349732 ,0 
493,12.3 ,-0.352061 ,0 
494,12.325 ,-0.35433 ,0 
495,12.35 ,-0.356539 ,0 
496,12.375 ,-0.358688 ,0 
497,12.4 ,-0.360778 ,0 
498,12.425 ,-0.362808 ,0 
499,12.45 ,-0.364779 ,0 
500,12.475 ,-0.366691 ,0 
501,12.5 ,-0.368544 ,0 
502,12.525 ,-0.370339 ,0 
503,12.55 ,-0.372076 ,0 
504,12.575 ,-0.373755 ,0 
505,12.6 ,-0.375376 ,0 
506,12.625 ,-0.376939 ,0 
507,12.65 ,-0.378446 ,0 
508,12.675 ,-0.379896 ,0 
509,12.7 ,-0.38129 ,0 
510,12.725 ,-0.382628 ,0 
511,12.75 ,-0.38391 ,0 
512,12.775 ,-0.385137 ,0 
513,12.8 ,-0.38631 ,0 
514,12.825 ,-0.387427 ,0 
515,12.85 ,-0.388491 ,0 
516,12.875 ,-0.389501 ,0 
517,12.9 ,-0.390458 ,0 
518,12.925 ,-0.391362 ,0 
519,12.95 ,-0.392213 ,0 
520,12.975 ,-0.393013 ,0 
521,13 ,-0.393761 ,0 
522,13.025 ,-0.394458 ,0 
523,13.05 ,-0.395104 ,0 
524,13.075 ,-0.3957 ,0 
525,13.1 ,-0.396247 ,0 
526,13.125 ,-0.396744 ,0 
527,13.15 ,-0.397193 ,0 
528,13.175 ,-0.397593 ,0 
529,13.2 ,-0.397946 ,0 
530,13.225 ,-0.398252 ,0 
531,13.25 ,-0.39851 ,0 
532,13.275 ,-0.398723 ,0 
533,13.3 ,-0.39889 ,0 
534,13.325 ,-0.399011 ,0 
535,13.35 ,-0.399088 ,0 
536,13.375 ,-0.399121 ,0 
537,13.4 ,-0.39911 ,0 
538,13.425 ,-0.399056 ,0 
539,13.45 ,-0.39896 ,0 
540,13.475 ,-0.398821 ,0 
541,13.5 ,-0.398641 ,0 
542,13.525 ,-0.39842 ,0 
543,13.55 ,-0.398158 ,0 
544,13.575 ,-0.397857 ,0 
545,13.6 ,-0.397516 ,0 
546,13.625 ,-0.397136 ,0 
547,13.65 ,-0.396719 ,0 
548,13.675 ,-0.396263 ,0 
549,13.7 ,-0.39577 ,0 
550,13.725 ,-0.395241 ,0 
551,13.75 ,-0.394675 ,0 
552,13.775 ,-0.394074 ,0 
553,13.8 ,-0.393438 ,0 
554,13.825 ,-0.392767 ,0 
555,13.85 ,-0.392063 ,0 
556,13.875 ,-0.391325 ,0 
557,13.9 ,-0.390554 ,0 
558,13.925 ,-0.389751 ,0 
559,13.95 ,-0.388917 ,0 
560,13.975 ,-0.388051 ,0 
561,14 ,-0.387154 ,0 
562,14.025 ,-0.386228 ,0 
563,14.05 ,-0.385271 ,0 
564,14.075 ,-0.384286 ,0 
565,14.1 ,-0.383272 ,0 
566,14.125 ,-0.382231 ,0 
567,14.15 ,-0.381161 ,0 
568,14.175 ,-0.380065 ,0 
569,14.2 ,-0.378943 ,0 
570,14.225 ,-0.377794 ,0 
571,14.25 ,-0.376621 ,0 
572,14.275 ,-0.375422 ,0 
573,14.3 ,-0.374199 ,0 
574,14.325 ,-0.372953 ,0 
575,14.35 ,-0.371683 ,0 
576,14.375 ,-0.37039 ,0 
577,14.4 ,-0.369075 ,0 
578,14.425 ,-0.367738 ,0 
579,14.45 ,-0.36638 ,0 
580,14.475 ,-0.365001 ,0 
581,14.5 ,-0.363602 ,0 
582,14.525 ,-0.362183 ,0 
583,14.55 ,-0.360745 ,0 
584,14.575 ,-0.359288 ,0 
585,14.6 ,-0.357812 ,0 
586,14.625 ,-0.356319 ,0 
587,14.65 ,-0.354808 ,0 
588,14.675 ,-0.353281 ,0 
589,14.7 ,-0.351736 ,0 
590,14.725 ,-0.350176 ,0 
591,14.75 ,-0.348601 ,0 
592,14.775 ,-0.34701 ,0 
593,14.8 ,-0.345404 ,0 
594,14.825 ,-0.343784 ,0 
595,14.85 ,-0.342151 ,0 
596,14.875 ,-0.340504 ,0 
597,14.9 ,-0.338844 ,0 
598,14.925 ,-0.337172 ,0 
599,14.95 ,-0.335487 ,0 
600,14.975 ,-0.333791 ,0 
601,15 ,-0.332084 ,0 
602,15.025 ,-0.330366 ,0 
603,15.05 ,-0.328637 ,0 
604,15.075 ,-0.326899 ,0 
605,15.1 ,-0.32515 ,0 
606,15.125 ,-0.323393 ,0 
607,15.15 ,-0.321627 ,0 
608,15.175 ,-0.319852 ,0 
609,15.2 ,-0.318069 ,0 
610,15.225 ,-0.316278 ,0 
611,15.25 ,-0.31448 ,0 
612,15.275 ,-0.312675 ,0 
613,15.3 ,-0.310863 ,0 
614,15.325 ,-0.309045 ,0 
615,15.35 ,-0.307222 ,0 
616,15.375 ,-0.305392 ,0 
617,15.4 ,-0.303557 ,0 
618,15.425 ,-0.301718 ,0 
619,15.45 ,-0.299874 ,0 
620,15.475 ,-0.298025 ,0 
621,15.5 ,-0.296173 ,0 
622,15.525 ,-0.294317 ,0 
623,15.55 ,-0.292457 ,0 
624,15.575 ,-0.290595 ,0 
625,15.6 ,-0.28873 ,0 
626,15.625 ,-0.286863 ,0 
627,15.65 ,-0.284993 ,0 
628,15.675 ,-0.283122 ,0 
629,15.7 ,-0.281249 ,0 
630,15.725 ,-0.279375 ,0 
631,15.75 ,-0.277501 ,0 
632,15.775 ,-0.275625 ,0 
633,15.8 ,-0.273749 ,0 
634,15.825 ,-0.271873 ,0 
635,15.85 ,-0.269997 ,0 
636,15.875 ,-0.268121 ,0 
637,15.9 ,-0.266246 ,0 
638,15.925 ,-0.264372 ,0 
639,15.95 ,-0.262499 ,0 
640,15.975 ,-0.260627 ,0 
641,16 ,-0.258757 ,0 
642,16.025 ,-0.256889 ,0 
643,16.05 ,-0.255022 ,0 
644,16.075 ,-0.253158 ,0 
645,16.1 ,-0.251297 ,0 
646,16.125 ,-0.249438 ,0 
647,16.15 ,-0.247582 ,0 
648,16.175 ,-0.245729 ,0 
649,16.2 ,-0.24388 ,0 
650,16.225 ,-0.242034 ,0 
651,16.25 ,-0.240192 ,0 
652,16.275 ,-0.238353 ,0 
653,16.3 ,-0.236519 ,0 
654,16.325 ,-0.234689 ,0 
655,16.35 ,-0.232863 ,0 
656,16.375 ,-0.231042 ,0 
657,16.4 ,-0.229226 ,0 
658,16.425 ,-0.227414 ,0 
659,16.45 ,-0.225608 ,0 
660,16.475 ,-0.223807 ,0 
661,16.5 ,-0.222011 ,0 
662,16.525 ,-0.220221 ,0 
663,16.55 ,-0.218437 ,0 
664,16.575 ,-0.216659 ,0 
665,16.6 ,-0.214886 ,0 
666,16.625 ,-0.21312 ,0 
667,16.65 ,-0.21136 ,0 
668,16.675 ,-0.209606 ,0 
669,16.7 ,-0.207859 ,0 
670,16.725 ,-0.206119 ,0 
671,16.75 ,-0.204385 ,0 
672,16.775 ,-0.202658 ,0 
673,16.8 ,-0.200939 ,0 
674,16.825 ,-0.199226 ,0 
675,16.85 ,-0.19752 ,0 
676,16.875 ,-0.195822 ,0 
677,16.9 ,-0.194132 ,0 
678,16.925 ,-0.192449 ,0 
679,16.95 ,-0.190773 ,0 
680,16.975 ,-0.189105 ,0 
681,17 ,-0.187445 ,0 
682,17.025 ,-0.185793 ,0 
683,17.05 ,-0.184149 ,0 
684,17.075 ,-0.182513 ,0 
685,17.1 ,-0.180885 ,0 
686,17.125 ,-0.179265 ,0 
687,17.15 ,-0.177654 ,0 
688,17.175 ,-0.176051 ,0 
689,17.2 ,-0.174456 ,0 
690,17.225 ,-0.17287 ,0 
691,17.25 ,-0.171292 ,0 
692,17.275 ,-0.169723 ,0 
693,17.3 ,-0.168163 ,0 
694,17.325 ,-0.166611 ,0 
695,17.35 ,-0.165068 ,0 
696,17.375 ,-0.163534 ,0 
697,17.4 ,-0.162009 ,0 
698,17.425 ,-0.160493 ,0 
699,17.45 ,-0.158985 ,0 
700,17.475 ,-0.157487 ,0 
701,17.5 ,-0.155998 ,0 
702,17.525 ,-0.154518 ,0 
703,17.55 ,-0.153047 ,0 
704,17.575 ,-0.151585 ,0 
705,17.6 ,-0.150132 ,0 
706,17.625 ,-0.148688 ,0 
707,17.65 ,-0.147254 ,0 
708,17.675 ,-0.145829 ,0 
709,17.7 ,-0.144413 ,0 
710,17.725 ,-0.143007 ,0 
711,17.75 ,-0.141609 ,0 
712,17.775 ,-0.140222 ,0 
713,17.8 ,-0.138843 ,0 
714,17.825 ,-0.137474 ,0 
715,17.85 ,-0.136114 ,0 
716,17.875 ,-0.134764 ,0 
717,17.9 ,-0.133423 ,0 
718,17.925 ,-0.132091 ,0 
719,17.95 ,-0.130769 ,0 
720,17.975 ,-0.129456 ,0 
721,18 ,-0.128153 ,0 
722,18.025 ,-0.126859 ,0 
723,18.05 ,-0.125574 ,0 
724,18.075 ,-0.124299 ,0 
725,18.1 ,-0.123033 ,0 
726,18.125 ,-0.121777 ,0 
727,18.15 ,-0.120529 ,0 
728,18.175 ,-0.119292 ,0 
729,18.2 ,-0.118063 ,0 
730,18.225 ,-0.116845 ,0 
731,18.25 ,-0.115635 ,0 
732,18.275 ,-0.114435 ,0 
733,18.3 ,-0.113244 ,0 
734,18.325 ,-0.112062 ,0 
735,18.35 ,-0.11089 ,0 
736,18.375 ,-0.109727 ,0 
737,18.4 ,-0.108573 ,0 
738,18.425 ,-0.107428 ,0 
739,18.45 ,-0.106293 ,0 
740,18.475 ,-0.105166 ,0 
741,18.5 ,-0.104049 ,0 
742,18.525 ,-0.102941 ,0 
743,18.55 ,-0.101842 ,0 
744,18.575 ,-0.100753 ,0 
745,18.6 ,-0.0996718 ,0 
746,18.625 ,-0.0986001 ,0 
747,18.65 ,-0.0975374 ,0 
748,18.675 ,-0.0964837 ,0 
749,18.7 ,-0.0954389 ,0 
750,18.725 ,-0.094403 ,0 
751,18.75 ,-0.0933759 ,0 
752,18.775 ,-0.0923578 ,0 
753,18.8 ,-0.0913484 ,0 
754,18.825 ,-0.0903478 ,0 
755,18.85 ,-0.089356 ,0 
756,18.875 ,-0.0883728 ,0 
757,18.9 ,-0.0873984 ,0 
758,18.925 ,-0.0864325 ,0 
759,18.95 ,-0.0854753 ,0 
760,18.975 ,-0.0845266 ,0 
761,19 ,-0.0835864 ,0 
762,19.025 ,-0.0826547 ,0 
763,19.05 ,-0.0817314 ,0 
764,19.075 ,-0.0808166 ,0 
765,19.1 ,-0.0799101 ,0 
766,19.125 ,-0.0790119 ,0 
767,19.15 ,-0.078122 ,0 
768,19.175 ,-0.0772403 ,0 
769,19.2 ,-0.0763668 ,0 
770,19.225 ,-0.0755015 ,0 
771,19.25 ,-0.0746443 ,0 
772,19.275 ,-0.0737951 ,0 
773,19.3 ,-0.072954 ,0 
774,19.325 ,-0.0721208 ,0 
775,19.35 ,-0.0712955 ,0 
776,19.375 ,-0.0704782 ,0 
777,19.4 ,-0.0696687 ,0 
778,19.425 ,-0.0688669 ,0 
779,19.45 ,-0.0680729 ,0 
780,19.475 ,-0.0672867 ,0 
781,19.5 ,-0.066508 ,0 
782,19.525 ,-0.065737 ,0 
783,19.55 ,-0.0649736 ,0 
784,19.575 ,-0.0642176 ,0 
785,19.6 ,-0.0634692 ,0 
786,19.625 ,-0.0627281 ,0 
787,19.65 ,-0.0619944 ,0 
788,19.675 ,-0.0612681 ,0 
789,19.7 ,-0.060549 ,0 
790,19.725 ,-0.0598372 ,0 
791,19.75 ,-0.0591325 ,0 
792,19.775 ,-0.058435 ,0 
793,19.8 ,-0.0577446 ,0 
794,19.825 ,-0.0570612 ,0 
795,19.85 ,-0.0563848 ,0 
796,19.875 ,-0.0557153 ,0 
797,19.9 ,-0.0550527 ,0 
798,19.925 ,-0.054397 ,0 
799,19.95 ,-0.053748 ,0 
800,19.975 ,-0.0531059 ,0 
801,20 ,-0.0524704 ,0 
802,20.025 ,-0.0518415 ,0 
803,20.05 ,-0.0512193 ,0 
804,20.075 ,-0.0506036 ,0 
805,20.1 ,-0.0499944 ,0 
806,20.125 ,-0.0493917 ,0 
807,20.15 ,-0.0487954 ,0 
808,20.175 ,-0.0482054 ,0 
809,20.2 ,-0.0476218 ,0 
810,20.225 ,-0.0470444 ,0 
811,20.25 ,-0.0464732 ,0 
812,20.275 ,-0.0459082 ,0 
813,20.3 ,-0.0453493 ,0 
814,20.325 ,-0.0447965 ,0 
815,20.35 ,-0.0442497 ,0 
816,20.375 ,-0.0437089 ,0 
817,20.4 ,-0.043174 ,0 
818,20.425 ,-0.042645 ,0 
819,20.45 ,-0.0421218 ,0 
820,20.475 ,-0.0416044 ,0 
821,20.5 ,-0.0410927 ,0 
822,20.525 ,-0.0405868 ,0 
823,20.55 ,-0.0400865 ,0 
824,20.575 ,-0.0395917 ,0 
825,20.6 ,-0.0391026 ,0 
826,20.625 ,-0.0386189 ,0 
827,20.65 ,-0.0381407 ,0 
828,20.675 ,-0.0376679 ,0 
829,20.7 ,-0.0372004 ,0 
830,20.725 ,-0.0367383 ,0 
831,20.75 ,-0.0362815 ,0 
832,20.775 ,-0.0358299 ,0 
833,20.8 ,-0.0353834 ,0 
834,20.825 ,-0.0349422 ,0 
835,20.85 ,-0.034506 ,0 
836,20.875 ,-0.0340748 ,0 
837,20.9 ,-0.0336487 ,0 
838,20.925 ,-0.0332275 ,0 
839,20.95 ,-0.0328113 ,0 
840,20.975 ,-0.0323999 ,0 
841,21 ,-0.0319934 ,0 
842,21.025 ,-0.0315916 ,0 
843,21.05 ,-0.0311946 ,0 
844,21.075 ,-0.0308023 ,0 
845,21.1 ,-0.0304146 ,0 
846,21.125 ,-0.0300316 ,0 
847,21.15 ,-0.0296532 ,0 
848,21.175 ,-0.0292792 ,0 
849,21.2 ,-0.0289098 ,0 
850,21.225 ,-0.0285449 ,0 
851,21.25 ,-0.0281843 ,0 
852,21.275 ,-0.0278281 ,0 
853,21.3 ,-0.0274763 ,0 
854,21.325 ,-0.0271287 ,0 
855,21.35 ,-0.0267854 ,0 
856,21.375 ,-0.0264463 ,0 
857,21.4 ,-0.0261113 ,0 
858,21.425 ,-0.0257805 ,0 
859,21.45 ,-0.0254538 ,0 
860,21.475 ,-0.0251312 ,0 
861,21.5 ,-0.0248125 ,0 
862,21.525 ,-0.0244979 ,0 
863,21.55 ,-0.0241872 ,0 
864,21.575 ,-0.0238804 ,0 
865,21.6 ,-0.0235774 ,0 
866,21.625 ,-0.0232783 ,0 
867,21.65 ,-0.022983 ,0 
868,21.675 ,-0.0226914 ,0 
869,21.7 ,-0.0224036 ,0 
870,21.725 ,-0.0221194 ,0 
871,21.75 ,-0.0218389 ,0 
872,21.775 ,-0.021562 ,0 
873,21.8 ,-0.0212887 ,0 
874,21.825 ,-0.0210189 ,0 
875,21.85 ,-0.0207527 ,0 
876,21.875 ,-0.0204899 ,0 
877,21.9 ,-0.0202306 ,0 
878,21.925 ,-0.0199746 ,0 
879,21.95 ,-0.0197221 ,0 
880,21.975 ,-0.0194729 ,0 
881,22 ,-0.019227 ,0 
882,22.025 ,-0.0189844 ,0 
883,22.05 ,-0.018745 ,0 
884,22.075 ,-0.0185089 ,0 
885,22.1 ,-0.0182759 ,0 
886,22.125 ,-0.0180461 ,0 
887,22.15 ,-0.0178194 ,0 
888,22.175 ,-0.0175958 ,0 
889,22.2 ,-0.0173753 ,0 
890,22.225 ,-0.0171578 ,0 
891,22.25 ,-0.0169433 ,0 
892,22.275 ,-0.0167318 ,0 
893,22.3 ,-0.0165232 ,0 
894,22.325 ,-0.0163175 ,0 
895,22.35 ,-0.0161148 ,0 
896,22.375 ,-0.0159148 ,0 
897,22.4 ,-0.0157178 ,0 
898,22.425 ,-0.0155235 ,0 
899,22.45 ,-0.015332 ,0 
900,22.475 ,-0.0151432 ,0 
901,22.5 ,-0.0149572 ,0 
902,22.525 ,-0.0147739 ,0 
903,22.55 ,-0.0145932 ,0 
904,22.575 ,-0.0144152 ,0 
905,22.6 ,-0.0142398 ,0 
906,22.625 ,-0.014067 ,0 
907,22.65 ,-0.0138968 ,0 
908,22.675 ,-0.0137291 ,0 
909,22.7 ,-0.0135639 ,0 
910,22.725 ,-0.0134012 ,0 
911,22.75 ,-0.013241 ,0 
912,22.775 ,-0.0130833 ,0 
913,22.8 ,-0.012928 ,0 
914,22.825 ,-0.0127751 ,0 
915,22.85 ,-0.0126246 ,0 
916,22.875 ,-0.0124764 ,0 
917,22.9 ,-0.0123305 ,0 
918,22.925 ,-0.012187 ,0 
919,22.95 ,-0.0120458 ,0 
920,22.975 ,-0.0119069 ,0 
921,23 ,-0.0117702 ,0 
922,23.025 ,-0.0116357 ,0 
923,23.05 ,-0.0115035 ,0 
924,23.075 ,-0.0113734 ,0 
925,23.1 ,-0.0112455 ,0 
926,23.125 ,-0.0111198 ,0 
927,23.15 ,-0.0109962 ,0 
928,23.175 ,-0.0108747 ,0 
929,23.2 ,-0.0107553 ,0 
930,23.225 ,-0.010638 ,0 
931,23.25 ,-0.0105228 ,0 
932,23.275 ,-0.0104096 ,0 
933,23.3 ,-0.0102984 ,0 
934,23.325 ,-0.0101893 ,0 
935,23.35 ,-0.0100821 ,0 
936,23.375 ,-0.00997688 ,0 
937,23.4 ,-0.00987365 ,0 
938,23.425 ,-0.00977235 ,0 
939,23.45 ,-0.00967299 ,0 
940,23.475 ,-0.00957554 ,0 
941,23.5 ,-0.00947998 ,0 
942,23.525 ,-0.00938631 ,0 
943,23.55 ,-0.00929451 ,0 
944,23.575 ,-0.00920456 ,0 
945,23.6 ,-0.00911646 ,0 
946,23.625 ,-0.00903017 ,0 
947,23.65 ,-0.00894571 ,0 
948,23.675 ,-0.00886304 ,0 
949,23.7 ,-0.00878216 ,0 
950,23.725 ,-0.00870305 ,0 
951,23.75 ,-0.00862571 ,0 
952,23.775 ,-0.00855012 ,0 
953,23.8 ,-0.00847627 ,0 
954,23.825 ,-0.00840414 ,0 
955,23.85 ,-0.00833373 ,0 
956,23.875 ,-0.00826503 ,0 
957,23.9 ,-0.00819802 ,0 
958,23.925 ,-0.0081327 ,0 
959,23.95 ,-0.00806905 ,0 
960,23.975 ,-0.00800707 ,0 
961,24 ,-0.00794674 ,0 
962,24.025 ,-0.00788806 ,0 
963,24.05 ,-0.00783102 ,0 
964,24.075 ,-0.00777561 ,0 
965,24.1 ,-0.00772181 ,0 
966,24.125 ,-0.00766963 ,0 
967,24.15 ,-0.00761906 ,0 
968,24.175 ,-0.00757008 ,0 
969,24.2 ,-0.0075227 ,0 
970,24.225 ,-0.0074769 ,0 
971,24.25 ,-0.00743267 ,0 
972,24.275 ,-0.00739002 ,0 
973,24.3 ,-0.00734893 ,0 
974,24.325 ,-0.0073094 ,0 
975,24.35 ,-0.00727143 ,0 
976,24.375 ,-0.007235 ,0 
977,24.4 ,-0.00720012 ,0 
978,24.425 ,-0.00716678 ,0 
979,24.45 ,-0.00713497 ,0 
980,24.475 ,-0.0071047 ,0 
981,24.5 ,-0.00707595 ,0 
982,24.525 ,-0.00704873 ,0 
983,24.55 ,-0.00702303 ,0 
984,24.575 ,-0.00699885 ,0 
985,24.6 ,-0.00697618 ,0 
986,24.625 ,-0.00695503 ,0 
987,24.65 ,-0.00693539 ,0 
988,24.675 ,-0.00691726 ,0 
989,24.7 ,-0.00690064 ,0 
990,24.725 ,-0.00688553 ,0 
991,24.75 ,-0.00687193 ,0 
992,24.775 ,-0.00685984 ,0 
993,24.8 ,-0.00684925 ,0 
994,24.825 ,-0.00684017 ,0 
995,24.85 ,-0.00683261 ,0 
996,24.875 ,-0.00682655 ,0 
997,24.9 ,-0.006822 ,0 
998,24.925 ,-0.00681897 ,0 
999,24.95 ,-0.00681745 ,0 
1000,24.975 ,-0.00681745 ,0 