
1,0 ,0 ,0 
2,0.04 ,0 ,0 
3,0.08 ,0 ,0 
4,0.12 ,1.29948e-09 ,0 
5,0.16 ,4.10274e-09 ,0 
6,0.2 ,1.00031e-08 ,0 
7,0.24 ,2.07086e-08 ,0 
8,0.28 ,3.82912e-08 ,0 
9,0.32 ,6.5178e-08 ,0 
10,0.36 ,1.04139e-07 ,0 
11,0.4 ,1.58278e-07 ,0 
12,0.44 ,2.31013e-07 ,0 
13,0.48 ,3.26068e-07 ,0 
14,0.52 ,4.47449e-07 ,0 
15,0.56 ,5.99431e-07 ,0 
16,0.6 ,7.86538e-07 ,0 
17,0.64 ,1.01352e-06 ,0 
18,0.68 ,1.28533e-06 ,0 
19,0.72 ,1.60711e-06 ,0 
20,0.76 ,1.98416e-06 ,0 
21,0.8 ,2.42191e-06 ,0 
22,0.84 ,2.92591e-06 ,0 
23,0.88 ,3.50177e-06 ,0 
24,0.92 ,4.15518e-06 ,0 
25,0.96 ,4.89186e-06 ,0 
26,1 ,5.71751e-06 ,0 
27,1.04 ,6.63783e-06 ,0 
28,1.08 ,7.65846e-06 ,0 
29,1.12 ,8.78494e-06 ,0 
30,1.16 ,1.00227e-05 ,0 
31,1.2 ,1.13771e-05 ,0 
32,1.24 ,1.28533e-05 ,0 
33,1.28 ,1.44561e-05 ,0 
34,1.32 ,1.61904e-05 ,0 
35,1.36 ,1.80606e-05 ,0 
36,1.4 ,2.0071e-05 ,0 
37,1.44 ,2.22254e-05 ,0 
38,1.48 ,2.45276e-05 ,0 
39,1.52 ,2.69806e-05 ,0 
40,1.56 ,2.95875e-05 ,0 
41,1.6 ,3.23507e-05 ,0 
42,1.64 ,3.52724e-05 ,0 
43,1.68 ,3.83543e-05 ,0 
44,1.72 ,4.15975e-05 ,0 
45,1.76 ,4.50029e-05 ,0 
46,1.8 ,4.85709e-05 ,0 
47,1.84 ,5.23011e-05 ,0 
48,1.88 ,5.6193e-05 ,0 
49,1.92 ,6.02455e-05 ,0 
50,1.96 ,6.44568e-05 ,0 
51,2 ,6.88247e-05 ,0 
52,2.04 ,7.33466e-05 ,0 
53,2.08 ,7.80192e-05 ,0 
54,2.12 ,8.28387e-05 ,0 
55,2.16 ,8.78008e-05 ,0 
56,2.2 ,9.29007e-05 ,0 
57,2.24 ,9.8133e-05 ,0 
58,2.28 ,0.000103492 ,0 
59,2.32 ,0.000108971 ,0 
60,2.36 ,0.000114564 ,0 
61,2.4 ,0.000120262 ,0 
62,2.44 ,0.000126059 ,0 
63,2.48 ,0.000131946 ,0 
64,2.52 ,0.000137914 ,0 
65,2.56 ,0.000143954 ,0 
66,2.6 ,0.000150057 ,0 
67,2.64 ,0.000156212 ,0 
68,2.68 ,0.000162409 ,0 
69,2.72 ,0.000168638 ,0 
70,2.76 ,0.000174887 ,0 
71,2.8 ,0.000181145 ,0 
72,2.84 ,0.000187402 ,0 
73,2.88 ,0.000193644 ,0 
74,2.92 ,0.00019986 ,0 
75,2.96 ,0.000206038 ,0 
76,3 ,0.000212165 ,0 
77,3.04 ,0.000218228 ,0 
78,3.08 ,0.000224217 ,0 
79,3.12 ,0.000230116 ,0 
80,3.16 ,0.000235915 ,0 
81,3.2 ,0.0002416 ,0 
82,3.24 ,0.000247159 ,0 
83,3.28 ,0.000252578 ,0 
84,3.32 ,0.000257846 ,0 
85,3.36 ,0.00026295 ,0 
86,3.4 ,0.000267878 ,0 
87,3.44 ,0.000272618 ,0 
88,3.48 ,0.000277157 ,0 
89,3.52 ,0.000281485 ,0 
90,3.56 ,0.000285591 ,0 
91,3.6 ,0.000289462 ,0 
92,3.64 ,0.000293088 ,0 
93,3.68 ,0.00029646 ,0 
94,3.72 ,0.000299567 ,0 
95,3.76 ,0.0003024 ,0 
96,3.8 ,0.000304949 ,0 
97,3.84 ,0.000307206 ,0 
98,3.88 ,0.000309162 ,0 
99,3.92 ,0.000310811 ,0 
100,3.96 ,0.000312145 ,0 
101,4 ,0.000313157 ,0 
102,4.04 ,0.000313842 ,0 
103,4.08 ,0.000314193 ,0 
104,4.12 ,0.000314207 ,0 
105,4.16 ,0.000313878 ,0 
106,4.2 ,0.000313203 ,0 
107,4.24 ,0.000312179 ,0 
108,4.28 ,0.000310803 ,0 
109,4.32 ,0.000309074 ,0 
110,4.36 ,0.000306991 ,0 
111,4.4 ,0.000304552 ,0 
112,4.44 ,0.000301758 ,0 
113,4.48 ,0.00029861 ,0 
114,4.52 ,0.000295108 ,0 
115,4.56 ,0.000291256 ,0 
116,4.6 ,0.000287055 ,0 
117,4.64 ,0.000282509 ,0 
118,4.68 ,0.000277621 ,0 
119,4.72 ,0.000272396 ,0 
120,4.76 ,0.000266839 ,0 
121,4.8 ,0.000260956 ,0 
122,4.84 ,0.000254753 ,0 
123,4.88 ,0.000248235 ,0 
124,4.92 ,0.000241412 ,0 
125,4.96 ,0.00023429 ,0 
126,5 ,0.000226878 ,0 
127,5.04 ,0.000219184 ,0 
128,5.08 ,0.000211217 ,0 
129,5.12 ,0.000202988 ,0 
130,5.16 ,0.000194507 ,0 
131,5.2 ,0.000185783 ,0 
132,5.24 ,0.000176828 ,0 
133,5.28 ,0.000167652 ,0 
134,5.32 ,0.000158269 ,0 
135,5.36 ,0.000148688 ,0 
136,5.4 ,0.000138922 ,0 
137,5.44 ,0.000128984 ,0 
138,5.48 ,0.000118887 ,0 
139,5.52 ,0.000108642 ,0 
140,5.56 ,9.82627e-05 ,0 
141,5.6 ,8.77627e-05 ,0 
142,5.64 ,7.71547e-05 ,0 
143,5.68 ,6.64522e-05 ,0 
144,5.72 ,5.56684e-05 ,0 
145,5.76 ,4.48168e-05 ,0 
146,5.8 ,3.39107e-05 ,0 
147,5.84 ,2.29635e-05 ,0 
148,5.88 ,1.19886e-05 ,0 
149,5.92 ,9.99379e-07 ,0 
150,5.96 ,-9.9911e-06 ,0 
151,6 ,-2.09697e-05 ,0 
152,6.04 ,-3.19234e-05 ,0 
153,6.08 ,-4.28395e-05 ,0 
154,6.12 ,-5.37052e-05 ,0 
155,6.16 ,-6.45083e-05 ,0 
156,6.2 ,-7.52364e-05 ,0 
157,6.24 ,-8.58776e-05 ,0 
158,6.28 ,-9.64202e-05 ,0 
159,6.32 ,-0.000106853 ,0 
160,6.36 ,-0.000117164 ,0 
161,6.4 ,-0.000127343 ,0 
162,6.44 ,-0.00013738 ,0 
163,6.48 ,-0.000147264 ,0 
164,6.52 ,-0.000156985 ,0 
165,6.56 ,-0.000166534 ,0 
166,6.6 ,-0.000175903 ,0 
167,6.64 ,-0.000185081 ,0 
168,6.68 ,-0.000194061 ,0 
169,6.72 ,-0.000202836 ,0 
170,6.76 ,-0.000211397 ,0 
171,6.8 ,-0.000219737 ,0 
172,6.84 ,-0.00022785 ,0 
173,6.88 ,-0.00023573 ,0 
174,6.92 ,-0.00024337 ,0 
175,6.96 ,-0.000250766 ,0 
176,7 ,-0.000257913 ,0 
177,7.04 ,-0.000264805 ,0 
178,7.08 ,-0.00027144 ,0 
179,7.12 ,-0.000277813 ,0 
180,7.16 ,-0.000283921 ,0 
181,7.2 ,-0.000289761 ,0 
182,7.24 ,-0.000295332 ,0 
183,7.28 ,-0.000300631 ,0 
184,7.32 ,-0.000305657 ,0 
185,7.36 ,-0.000310409 ,0 
186,7.4 ,-0.000314885 ,0 
187,7.44 ,-0.000319087 ,0 
188,7.48 ,-0.000323013 ,0 
189,7.52 ,-0.000326665 ,0 
190,7.56 ,-0.000330043 ,0 
191,7.6 ,-0.000333148 ,0 
192,7.64 ,-0.000335983 ,0 
193,7.68 ,-0.000338549 ,0 
194,7.72 ,-0.000340848 ,0 
195,7.76 ,-0.000342882 ,0 
196,7.8 ,-0.000344656 ,0 
197,7.84 ,-0.000346171 ,0 
198,7.88 ,-0.000347432 ,0 
199,7.92 ,-0.000348442 ,0 
200,7.96 ,-0.000349205 ,0 
201,8 ,-0.000349725 ,0 
202,8.04 ,-0.000350007 ,0 
203,8.08 ,-0.000350056 ,0 
204,8.12 ,-0.000349876 ,0 
205,8.16 ,-0.000349472 ,0 
206,8.2 ,-0.00034885 ,0 
207,8.24 ,-0.000348015 ,0 
208,8.28 ,-0.000346973 ,0 
209,8.32 ,-0.000345729 ,0 
210,8.36 ,-0.00034429 ,0 
211,8.4 ,-0.000342661 ,0 
212,8.44 ,-0.000340848 ,0 
213,8.48 ,-0.000338857 ,0 
214,8.52 ,-0.000336696 ,0 
215,8.56 ,-0.000334369 ,0 
216,8.6 ,-0.000331883 ,0 
217,8.64 ,-0.000329245 ,0 
218,8.68 ,-0.000326461 ,0 
219,8.72 ,-0.000323538 ,0 
220,8.76 ,-0.000320482 ,0 
221,8.8 ,-0.000317298 ,0 
222,8.84 ,-0.000313995 ,0 
223,8.88 ,-0.000310578 ,0 
224,8.92 ,-0.000307053 ,0 
225,8.96 ,-0.000303427 ,0 
226,9 ,-0.000299706 ,0 
227,9.04 ,-0.000295897 ,0 
228,9.08 ,-0.000292004 ,0 
229,9.12 ,-0.000288036 ,0 
230,9.16 ,-0.000283996 ,0 
231,9.2 ,-0.000279893 ,0 
232,9.24 ,-0.00027573 ,0 
233,9.28 ,-0.000271514 ,0 
234,9.32 ,-0.00026725 ,0 
235,9.36 ,-0.000262945 ,0 
236,9.4 ,-0.000258602 ,0 
237,9.44 ,-0.000254228 ,0 
238,9.48 ,-0.000249828 ,0 
239,9.52 ,-0.000245406 ,0 
240,9.56 ,-0.000240968 ,0 
241,9.6 ,-0.000236518 ,0 
242,9.64 ,-0.000232061 ,0 
243,9.68 ,-0.000227601 ,0 
244,9.72 ,-0.000223142 ,0 
245,9.76 ,-0.000218689 ,0 
246,9.8 ,-0.000214246 ,0 
247,9.84 ,-0.000209816 ,0 
248,9.88 ,-0.000205404 ,0 
249,9.92 ,-0.000201012 ,0 
250,9.96 ,-0.000196645 ,0 
251,10 ,-0.000192305 ,0 
252,10.04 ,-0.000187996 ,0 
253,10.08 ,-0.000183721 ,0 
254,10.12 ,-0.000179482 ,0 
255,10.16 ,-0.000175283 ,0 
256,10.2 ,-0.000171125 ,0 
257,10.24 ,-0.000167012 ,0 
258,10.28 ,-0.000162945 ,0 
259,10.32 ,-0.000158927 ,0 
260,10.36 ,-0.00015496 ,0 
261,10.4 ,-0.000151045 ,0 
262,10.44 ,-0.000147185 ,0 
263,10.48 ,-0.00014338 ,0 
264,10.52 ,-0.000139633 ,0 
265,10.56 ,-0.000135944 ,0 
266,10.6 ,-0.000132315 ,0 
267,10.64 ,-0.000128746 ,0 
268,10.68 ,-0.000125239 ,0 
269,10.72 ,-0.000121793 ,0 
270,10.76 ,-0.000118411 ,0 
271,10.8 ,-0.000115091 ,0 
272,10.84 ,-0.000111835 ,0 
273,10.88 ,-0.000108643 ,0 
274,10.92 ,-0.000105514 ,0 
275,10.96 ,-0.00010245 ,0 
276,11 ,-9.94496e-05 ,0 
277,11.04 ,-9.65132e-05 ,0 
278,11.08 ,-9.36405e-05 ,0 
279,11.12 ,-9.08314e-05 ,0 
280,11.16 ,-8.80854e-05 ,0 
281,11.2 ,-8.54023e-05 ,0 
282,11.24 ,-8.27816e-05 ,0 
283,11.28 ,-8.02228e-05 ,0 
284,11.32 ,-7.77254e-05 ,0 
285,11.36 ,-7.52888e-05 ,0 
286,11.4 ,-7.29123e-05 ,0 
287,11.44 ,-7.05953e-05 ,0 
288,11.48 ,-6.8337e-05 ,0 
289,11.52 ,-6.61367e-05 ,0 
290,11.56 ,-6.39936e-05 ,0 
291,11.6 ,-6.1907e-05 ,0 
292,11.64 ,-5.98759e-05 ,0 
293,11.68 ,-5.78996e-05 ,0 
294,11.72 ,-5.5977e-05 ,0 
295,11.76 ,-5.41074e-05 ,0 
296,11.8 ,-5.22898e-05 ,0 
297,11.84 ,-5.05233e-05 ,0 
298,11.88 ,-4.8807e-05 ,0 
299,11.92 ,-4.71399e-05 ,0 
300,11.96 ,-4.5521e-05 ,0 
301,12 ,-4.39493e-05 ,0 
302,12.04 ,-4.2424e-05 ,0 
303,12.08 ,-4.09441e-05 ,0 
304,12.12 ,-3.95085e-05 ,0 
305,12.16 ,-3.81164e-05 ,0 
306,12.2 ,-3.67666e-05 ,0 
307,12.24 ,-3.54584e-05 ,0 
308,12.28 ,-3.41907e-05 ,0 
309,12.32 ,-3.29626e-05 ,0 
310,12.36 ,-3.1773e-05 ,0 
311,12.4 ,-3.06212e-05 ,0 
312,12.44 ,-2.95061e-05 ,0 
313,12.48 ,-2.84269e-05 ,0 
314,12.52 ,-2.73825e-05 ,0 
315,12.56 ,-2.63722e-05 ,0 
316,12.6 ,-2.5395e-05 ,0 
317,12.64 ,-2.44501e-05 ,0 
318,12.68 ,-2.35366e-05 ,0 
319,12.72 ,-2.26536e-05 ,0 
320,12.76 ,-2.18003e-05 ,0 
321,12.8 ,-2.09759e-05 ,0 
322,12.84 ,-2.01795e-05 ,0 
323,12.88 ,-1.94104e-05 ,0 
324,12.92 ,-1.86678e-05 ,0 
325,12.96 ,-1.79509e-05 ,0 
326,13 ,-1.72589e-05 ,0 
327,13.04 ,-1.65912e-05 ,0 
328,13.08 ,-1.59469e-05 ,0 
329,13.12 ,-1.53255e-05 ,0 
330,13.16 ,-1.47262e-05 ,0 
331,13.2 ,-1.41483e-05 ,0 
332,13.24 ,-1.35911e-05 ,0 
333,13.28 ,-1.3054e-05 ,0 
334,13.32 ,-1.25365e-05 ,0 
335,13.36 ,-1.20378e-05 ,0 
336,13.4 ,-1.15573e-05 ,0 
337,13.44 ,-1.10945e-05 ,0 
338,13.48 ,-1.06488e-05 ,0 
339,13.52 ,-1.02197e-05 ,0 
340,13.56 ,-9.80656e-06 ,0 
341,13.6 ,-9.40889e-06 ,0 
342,13.64 ,-9.02616e-06 ,0 
343,13.68 ,-8.65789e-06 ,0 
344,13.72 ,-8.30358e-06 ,0 
345,13.76 ,-7.96276e-06 ,0 
346,13.8 ,-7.63497e-06 ,0 
347,13.84 ,-7.31975e-06 ,0 
348,13.88 ,-7.01668e-06 ,0 
349,13.92 ,-6.72534e-06 ,0 
350,13.96 ,-6.4453e-06 ,0 
351,14 ,-6.17617e-06 ,0 
352,14.04 ,-5.91757e-06 ,0 
353,14.08 ,-5.66913e-06 ,0 
354,14.12 ,-5.43047e-06 ,0 
355,14.16 ,-5.20124e-06 ,0 
356,14.2 ,-4.98112e-06 ,0 
357,14.24 ,-4.76976e-06 ,0 
358,14.28 ,-4.56684e-06 ,0 
359,14.32 ,-4.37206e-06 ,0 
360,14.36 ,-4.18511e-06 ,0 
361,14.4 ,-4.0057e-06 ,0 
362,14.44 ,-3.83356e-06 ,0 
363,14.48 ,-3.66841e-06 ,0 
364,14.52 ,-3.51e-06 ,0 
365,14.56 ,-3.35805e-06 ,0 
366,14.6 ,-3.21234e-06 ,0 
367,14.64 ,-3.07262e-06 ,0 
368,14.68 ,-2.93866e-06 ,0 
369,14.72 ,-2.81025e-06 ,0 
370,14.76 ,-2.68716e-06 ,0 
371,14.8 ,-2.5692e-06 ,0 
372,14.84 ,-2.45616e-06 ,0 
373,14.88 ,-2.34786e-06 ,0 
374,14.92 ,-2.2441e-06 ,0 
375,14.96 ,-2.14471e-06 ,0 
376,15 ,-2.04951e-06 ,0 
377,15.04 ,-1.95835e-06 ,0 
378,15.08 ,-1.87105e-06 ,0 
379,15.12 ,-1.78747e-06 ,0 
380,15.16 ,-1.70745e-06 ,0 
381,15.2 ,-1.63086e-06 ,0 
382,15.24 ,-1.55756e-06 ,0 
383,15.28 ,-1.4874e-06 ,0 
384,15.32 ,-1.42027e-06 ,0 
385,15.36 ,-1.35604e-06 ,0 
386,15.4 ,-1.2946e-06 ,0 
387,15.44 ,-1.23582e-06 ,0 
388,15.48 ,-1.1796e-06 ,0 
389,15.52 ,-1.12584e-06 ,0 
390,15.56 ,-1.07443e-06 ,0 
391,15.6 ,-1.02527e-06 ,0 
392,15.64 ,-9.78274e-07 ,0 
393,15.68 ,-9.33348e-07 ,0 
394,15.72 ,-8.90406e-07 ,0 
395,15.76 ,-8.49364e-07 ,0 
396,15.8 ,-8.10142e-07 ,0 
397,15.84 ,-7.72664e-07 ,0 
398,15.88 ,-7.36856e-07 ,0 
399,15.92 ,-7.02647e-07 ,0 
400,15.96 ,-6.69968e-07 ,0 
401,16 ,-6.38755e-07 ,0 
402,16.04 ,-6.08945e-07 ,0 
403,16.08 ,-5.80476e-07 ,0 
404,16.12 ,-5.53293e-07 ,0 
405,16.16 ,-5.27338e-07 ,0 
406,16.2 ,-5.0256e-07 ,0 
407,16.24 ,-4.78907e-07 ,0 
408,16.28 ,-4.56329e-07 ,0 
409,16.32 ,-4.34781e-07 ,0 
410,16.36 ,-4.14217e-07 ,0 
411,16.4 ,-3.94594e-07 ,0 
412,16.44 ,-3.7587e-07 ,0 
413,16.48 ,-3.58007e-07 ,0 
414,16.52 ,-3.40966e-07 ,0 
415,16.56 ,-3.2471e-07 ,0 
416,16.6 ,-3.09206e-07 ,0 
417,16.64 ,-2.94419e-07 ,0 
418,16.68 ,-2.80318e-07 ,0 
419,16.72 ,-2.66872e-07 ,0 
420,16.76 ,-2.54051e-07 ,0 
421,16.8 ,-2.41829e-07 ,0 
422,16.84 ,-2.30177e-07 ,0 
423,16.88 ,-2.1907e-07 ,0 
424,16.92 ,-2.08483e-07 ,0 
425,16.96 ,-1.98394e-07 ,0 
426,17 ,-1.88779e-07 ,0 
427,17.04 ,-1.79617e-07 ,0 
428,17.08 ,-1.70887e-07 ,0 
429,17.12 ,-1.6257e-07 ,0 
430,17.16 ,-1.54646e-07 ,0 
431,17.2 ,-1.47099e-07 ,0 
432,17.24 ,-1.39909e-07 ,0 
433,17.28 ,-1.33062e-07 ,0 
434,17.32 ,-1.26541e-07 ,0 
435,17.36 ,-1.20331e-07 ,0 
436,17.4 ,-1.14419e-07 ,0 
437,17.44 ,-1.08789e-07 ,0 
438,17.48 ,-1.03429e-07 ,0 
439,17.52 ,-9.83262e-08 ,0 
440,17.56 ,-9.34691e-08 ,0 
441,17.6 ,-8.88459e-08 ,0 
442,17.64 ,-8.44458e-08 ,0 
443,17.68 ,-8.02583e-08 ,0 
444,17.72 ,-7.62733e-08 ,0 
445,17.76 ,-7.24815e-08 ,0 
446,17.8 ,-6.88736e-08 ,0 
447,17.84 ,-6.54411e-08 ,0 
448,17.88 ,-6.21757e-08 ,0 
449,17.92 ,-5.90694e-08 ,0 
450,17.96 ,-5.61146e-08 ,0 
451,18 ,-5.33043e-08 ,0 
452,18.04 ,-5.06316e-08 ,0 
453,18.08 ,-4.80898e-08 ,0 
454,18.12 ,-4.56727e-08 ,0 
455,18.16 ,-4.33745e-08 ,0 
456,18.2 ,-4.11893e-08 ,0 
457,18.24 ,-3.91119e-08 ,0 
458,18.28 ,-3.71369e-08 ,0 
459,18.32 ,-3.52595e-08 ,0 
460,18.36 ,-3.3475e-08 ,0 
461,18.4 ,-3.17788e-08 ,0 
462,18.44 ,-3.01668e-08 ,0 
463,18.48 ,-2.86349e-08 ,0 
464,18.52 ,-2.71792e-08 ,0 
465,18.56 ,-2.57959e-08 ,0 
466,18.6 ,-2.44816e-08 ,0 
467,18.64 ,-2.32329e-08 ,0 
468,18.68 ,-2.20466e-08 ,0 
469,18.72 ,-2.09197e-08 ,0 
470,18.76 ,-1.98492e-08 ,0 
471,18.8 ,-1.88324e-08 ,0 
472,18.84 ,-1.78667e-08 ,0 
473,18.88 ,-1.69496e-08 ,0 
474,18.92 ,-1.60786e-08 ,0 
475,18.96 ,-1.52515e-08 ,0 
476,19 ,-1.44662e-08 ,0 
477,19.04 ,-1.37205e-08 ,0 
478,19.08 ,-1.30126e-08 ,0 
479,19.12 ,-1.23405e-08 ,0 
480,19.16 ,-1.17025e-08 ,0 
481,19.2 ,-1.10968e-08 ,0 
482,19.24 ,-1.0522e-08 ,0 
483,19.28 ,-9.97635e-09 ,0 
484,19.32 ,-9.45851e-09 ,0 
485,19.36 ,-8.96707e-09 ,0 
486,19.4 ,-8.50072e-09 ,0 
487,19.44 ,-8.05819e-09 ,0 
488,19.48 ,-7.6383e-09 ,0 
489,19.52 ,-7.23991e-09 ,0 
490,19.56 ,-6.86195e-09 ,0 
491,19.6 ,-6.50337e-09 ,0 
492,19.64 ,-6.16322e-09 ,0 
493,19.68 ,-5.84056e-09 ,0 
494,19.72 ,-5.53451e-09 ,0 
495,19.76 ,-5.24423e-09 ,0 
496,19.8 ,-4.96893e-09 ,0 
497,19.84 ,-4.70784e-09 ,0 
498,19.88 ,-4.46024e-09 ,0 
499,19.92 ,-4.22546e-09 ,0 
500,19.96 ,-4.00284e-09 ,0 
501,20 ,-3.79177e-09 ,0 
502,20.04 ,-3.59164e-09 ,0 
503,20.08 ,-3.40192e-09 ,0 
504,20.12 ,-3.22206e-09 ,0 
505,20.16 ,-3.05156e-09 ,0 
506,20.2 ,-2.88995e-09 ,0 
507,20.24 ,-2.73676e-09 ,0 
508,20.28 ,-2.59158e-09 ,0 
509,20.32 ,-2.45398e-09 ,0 
510,20.36 ,-2.32358e-09 ,0 
511,20.4 ,-2.2e-09 ,0 
512,20.44 ,-2.08291e-09 ,0 
513,20.48 ,-1.97195e-09 ,0 
514,20.52 ,-1.86682e-09 ,0 
515,20.56 ,-1.76722e-09 ,0 
516,20.6 ,-1.67286e-09 ,0 
517,20.64 ,-1.58346e-09 ,0 
518,20.68 ,-1.49878e-09 ,0 
519,20.72 ,-1.41857e-09 ,0 
520,20.76 ,-1.34259e-09 ,0 
521,20.8 ,-1.27062e-09 ,0 
522,20.84 ,-1.20247e-09 ,0 
523,20.88 ,-1.13792e-09 ,0 
524,20.92 ,-1.0768e-09 ,0 
525,20.96 ,-1.01891e-09 ,0 
526,21 ,-9.64106e-10 ,0 
527,21.04 ,-9.12212e-10 ,0 
528,21.08 ,-8.63078e-10 ,0 
529,21.12 ,-8.16562e-10 ,0 
530,21.16 ,-7.72525e-10 ,0 
531,21.2 ,-7.30838e-10 ,0 
532,21.24 ,-6.91379e-10 ,0 
533,21.28 ,-6.54029e-10 ,0 
534,21.32 ,-6.18679e-10 ,0 
535,21.36 ,-5.85222e-10 ,0 
536,21.4 ,-5.53561e-10 ,0 
537,21.44 ,-5.236e-10 ,0 
538,21.48 ,-4.9525e-10 ,0 
539,21.52 ,-4.68425e-10 ,0 
540,21.56 ,-4.43047e-10 ,0 
541,21.6 ,-4.19038e-10 ,0 
542,21.64 ,-3.96326e-10 ,0 
543,21.68 ,-3.74843e-10 ,0 
544,21.72 ,-3.54524e-10 ,0 
545,21.76 ,-3.35307e-10 ,0 
546,21.8 ,-3.17135e-10 ,0 
547,21.84 ,-2.99952e-10 ,0 
548,21.88 ,-2.83707e-10 ,0 
549,21.92 ,-2.68349e-10 ,0 
550,21.96 ,-2.53832e-10 ,0 
551,22 ,-2.40111e-10 ,0 
552,22.04 ,-2.27145e-10 ,0 
553,22.08 ,-2.14894e-10 ,0 
554,22.12 ,-2.03321e-10 ,0 
555,22.16 ,-1.92389e-10 ,0 
556,22.2 ,-1.82065e-10 ,0 
557,22.24 ,-1.72318e-10 ,0 
558,22.28 ,-1.63117e-10 ,0 
559,22.32 ,-1.54434e-10 ,0 
560,22.36 ,-1.46242e-10 ,0 
561,22.4 ,-1.38515e-10 ,0 
562,22.44 ,-1.3123e-10 ,0 
563,22.48 ,-1.24364e-10 ,0 
564,22.52 ,-1.17896e-10 ,0 
565,22.56 ,-1.11805e-10 ,0 
566,22.6 ,-1.06072e-10 ,0 
567,22.64 ,-1.0068e-10 ,0 
568,22.68 ,-9.56116e-11 ,0 
569,22.72 ,-9.0851e-11 ,0 
570,22.76 ,-8.63832e-11 ,0 
571,22.8 ,-8.21943e-11 ,0 
572,22.84 ,-7.8271e-11 ,0 
573,22.88 ,-7.4601e-11 ,0 
574,22.92 ,-7.11728e-11 ,0 
575,22.96 ,-6.79755e-11 ,0 
576,23 ,-6.4999e-11 ,0 
577,23.04 ,-6.22341e-11 ,0 
578,23.08 ,-5.96718e-11 ,0 
579,23.12 ,-5.73042e-11 ,0 
580,23.16 ,-5.51238e-11 ,0 
581,23.2 ,-5.31236e-11 ,0 
582,23.24 ,-5.12973e-11 ,0 
583,23.28 ,-4.96392e-11 ,0 
584,23.32 ,-4.81441e-11 ,0 
585,23.36 ,-4.68072e-11 ,0 
586,23.4 ,-4.56244e-11 ,0 
587,23.44 ,-4.45919e-11 ,0 
588,23.48 ,-4.37064e-11 ,0 
589,23.52 ,-4.29654e-11 ,0 
590,23.56 ,-4.23664e-11 ,0 
591,23.6 ,-4.19078e-11 ,0 
592,23.64 ,-4.1588e-11 ,0 
593,23.68 ,-4.14063e-11 ,0 
594,23.72 ,-4.13622e-11 ,0 
595,23.76 ,-4.14558e-11 ,0 
596,23.8 ,-4.16874e-11 ,0 
597,23.84 ,-4.20581e-11 ,0 
598,23.88 ,-4.25692e-11 ,0 
599,23.92 ,-4.32226e-11 ,0 
600,23.96 ,-4.40207e-11 ,0 
601,24 ,-4.49663e-11 ,0 
602,24.04 ,-4.60627e-11 ,0 
603,24.08 ,-4.73139e-11 ,0 
604,24.12 ,-4.87241e-11 ,0 
605,24.16 ,-5.02984e-11 ,0 
606,24.2 ,-5.20422e-11 ,0 
607,24.24 ,-5.39616e-11 ,0 
608,24.28 ,-5.60633e-11 ,0 
609,24.32 ,-5.83545e-11 ,0 
610,24.36 ,-6.08434e-11 ,0 
611,24.4 ,-6.35384e-11 ,0 
612,24.44 ,-6.6449e-11 ,0 
613,24.48 ,-6.95854e-11 ,0 
614,24.52 ,-7.29584e-11 ,0 
615,24.56 ,-7.65798e-11 ,0 
616,24.6 ,-8.04621e-11 ,0 
617,24.64 ,-8.4619e-11 ,0 
618,24.68 ,-8.90649e-11 ,0 
619,24.72 ,-9.38153e-11 ,0 
620,24.76 ,-9.88869e-11 ,0 
621,24.8 ,-1.04297e-10 ,0 
622,24.84 ,-1.10065e-10 ,0 
623,24.88 ,-1.16211e-10 ,0 
624,24.92 ,-1.22757e-10 ,0 
625,24.96 ,-1.29725e-10 ,0 
626,25 ,-1.3714e-10 ,0 
627,25.04 ,-1.45028e-10 ,0 
628,25.08 ,-1.53416e-10 ,0 
629,25.12 ,-1.62334e-10 ,0 
630,25.16 ,-1.71814e-10 ,0 
631,25.2 ,-1.81889e-10 ,0 
632,25.24 ,-1.92595e-10 ,0 
633,25.28 ,-2.03968e-10 ,0 
634,25.32 ,-2.1605e-10 ,0 
635,25.36 ,-2.28883e-10 ,0 
636,25.4 ,-2.42513e-10 ,0 
637,25.44 ,-2.56987e-10 ,0 
638,25.48 ,-2.72358e-10 ,0 
639,25.52 ,-2.88679e-10 ,0 
640,25.56 ,-3.06009e-10 ,0 
641,25.6 ,-3.24409e-10 ,0 
642,25.64 ,-3.43945e-10 ,0 
643,25.68 ,-3.64686e-10 ,0 
644,25.72 ,-3.86707e-10 ,0 
645,25.76 ,-4.10085e-10 ,0 
646,25.8 ,-4.34904e-10 ,0 
647,25.84 ,-4.61254e-10 ,0 
648,25.88 ,-4.89227e-10 ,0 
649,25.92 ,-5.18925e-10 ,0 
650,25.96 ,-5.50454e-10 ,0 
651,26 ,-5.83926e-10 ,0 
652,26.04 ,-6.19463e-10 ,0 
653,26.08 ,-6.57191e-10 ,0 
654,26.12 ,-6.97246e-10 ,0 
655,26.16 ,-7.39773e-10 ,0 
656,26.2 ,-7.84924e-10 ,0 
657,26.24 ,-8.32862e-10 ,0 
658,26.28 ,-8.83761e-10 ,0 
659,26.32 ,-9.37805e-10 ,0 
660,26.36 ,-9.95187e-10 ,0 
661,26.4 ,-1.05612e-09 ,0 
662,26.44 ,-1.12081e-09 ,0 
663,26.48 ,-1.18951e-09 ,0 
664,26.52 ,-1.26246e-09 ,0 
665,26.56 ,-1.33993e-09 ,0 
666,26.6 ,-1.42219e-09 ,0 
667,26.64 ,-1.50955e-09 ,0 
668,26.68 ,-1.60232e-09 ,0 
669,26.72 ,-1.70085e-09 ,0 
670,26.76 ,-1.80548e-09 ,0 
671,26.8 ,-1.91661e-09 ,0 
672,26.84 ,-2.03464e-09 ,0 
673,26.88 ,-2.16e-09 ,0 
674,26.92 ,-2.29314e-09 ,0 
675,26.96 ,-2.43456e-09 ,0 
676,27 ,-2.58477e-09 ,0 
677,27.04 ,-2.74432e-09 ,0 
678,27.08 ,-2.9138e-09 ,0 
679,27.12 ,-3.09384e-09 ,0 
680,27.16 ,-3.28508e-09 ,0 
681,27.2 ,-3.48824e-09 ,0 
682,27.24 ,-3.70406e-09 ,0 
683,27.28 ,-3.93334e-09 ,0 
684,27.32 ,-4.17692e-09 ,0 
685,27.36 ,-4.43569e-09 ,0 
686,27.4 ,-4.71063e-09 ,0 
687,27.44 ,-5.00273e-09 ,0 
688,27.48 ,-5.31309e-09 ,0 
689,27.52 ,-5.64284e-09 ,0 
690,27.56 ,-5.99321e-09 ,0 
691,27.6 ,-6.3655e-09 ,0 
692,27.64 ,-6.76109e-09 ,0 
693,27.68 ,-7.18144e-09 ,0 
694,27.72 ,-7.62812e-09 ,0 
695,27.76 ,-8.10278e-09 ,0 
696,27.8 ,-8.60719e-09 ,0 
697,27.84 ,-9.14324e-09 ,0 
698,27.88 ,-9.7129e-09 ,0 
699,27.92 ,-1.03183e-08 ,0 
700,27.96 ,-1.09617e-08 ,0 
701,28 ,-1.16456e-08 ,0 
702,28.04 ,-1.23723e-08 ,0 
703,28.08 ,-1.31448e-08 ,0 
704,28.12 ,-1.39658e-08 ,0 
705,28.16 ,-1.48385e-08 ,0 
706,28.2 ,-1.57661e-08 ,0 
707,28.24 ,-1.67521e-08 ,0 
708,28.28 ,-1.78001e-08 ,0 
709,28.32 ,-1.89142e-08 ,0 
710,28.36 ,-2.00985e-08 ,0 
711,28.4 ,-2.13574e-08 ,0 
712,28.44 ,-2.26957e-08 ,0 
713,28.48 ,-2.41185e-08 ,0 
714,28.52 ,-2.5631e-08 ,0 
715,28.56 ,-2.72391e-08 ,0 
716,28.6 ,-2.89487e-08 ,0 
717,28.64 ,-3.07663e-08 ,0 
718,28.68 ,-3.26988e-08 ,0 
719,28.72 ,-3.47534e-08 ,0 
720,28.76 ,-3.69381e-08 ,0 
721,28.8 ,-3.92609e-08 ,0 
722,28.84 ,-4.17308e-08 ,0 
723,28.88 ,-4.43571e-08 ,0 
724,28.92 ,-4.71497e-08 ,0 
725,28.96 ,-5.01193e-08 ,0 
726,29 ,-5.32771e-08 ,0 
727,29.04 ,-5.66352e-08 ,0 
728,29.08 ,-6.02063e-08 ,0 
729,29.12 ,-6.40039e-08 ,0 
730,29.16 ,-6.80426e-08 ,0 
731,29.2 ,-7.23378e-08 ,0 
732,29.24 ,-7.69058e-08 ,0 
733,29.28 ,-8.17641e-08 ,0 
734,29.32 ,-8.69312e-08 ,0 
735,29.36 ,-9.24268e-08 ,0 
736,29.4 ,-9.8272e-08 ,0 
737,29.44 ,-1.04489e-07 ,0 
738,29.48 ,-1.11102e-07 ,0 
739,29.52 ,-1.18136e-07 ,0 
740,29.56 ,-1.25618e-07 ,0 
741,29.6 ,-1.33577e-07 ,0 
742,29.64 ,-1.42043e-07 ,0 
743,29.68 ,-1.51049e-07 ,0 
744,29.72 ,-1.60629e-07 ,0 
745,29.76 ,-1.70821e-07 ,0 
746,29.8 ,-1.81663e-07 ,0 
747,29.84 ,-1.93197e-07 ,0 
748,29.88 ,-2.05468e-07 ,0 
749,29.92 ,-2.18523e-07 ,0 
750,29.96 ,-2.32412e-07 ,0 
751,30 ,-2.47189e-07 ,0 
752,30.04 ,-2.62911e-07 ,0 
753,30.08 ,-2.79639e-07 ,0 
754,30.12 ,-2.97438e-07 ,0 
755,30.16 ,-3.16375e-07 ,0 
756,30.2 ,-3.36526e-07 ,0 
757,30.24 ,-3.57967e-07 ,0 
758,30.28 ,-3.80782e-07 ,0 
759,30.32 ,-4.0506e-07 ,0 
760,30.36 ,-4.30894e-07 ,0 
761,30.4 ,-4.58385e-07 ,0 
762,30.44 ,-4.8764e-07 ,0 
763,30.48 ,-5.18773e-07 ,0 
764,30.52 ,-5.51904e-07 ,0 
765,30.56 ,-5.87163e-07 ,0 
766,30.6 ,-6.24686e-07 ,0 
767,30.64 ,-6.64621e-07 ,0 
768,30.68 ,-7.07123e-07 ,0 
769,30.72 ,-7.52358e-07 ,0 
770,30.76 ,-8.00503e-07 ,0 
771,30.8 ,-8.51745e-07 ,0 
772,30.84 ,-9.06284e-07 ,0 
773,30.88 ,-9.64336e-07 ,0 
774,30.92 ,-1.02612e-06 ,0 
775,30.96 ,-1.09189e-06 ,0 
776,31 ,-1.1619e-06 ,0 
777,31.04 ,-1.23642e-06 ,0 
778,31.08 ,-1.31575e-06 ,0 
779,31.12 ,-1.40019e-06 ,0 
780,31.16 ,-1.49008e-06 ,0 
781,31.2 ,-1.58577e-06 ,0 
782,31.24 ,-1.68764e-06 ,0 
783,31.28 ,-1.79608e-06 ,0 
784,31.32 ,-1.91153e-06 ,0 
785,31.36 ,-2.03444e-06 ,0 
786,31.4 ,-2.16529e-06 ,0 
787,31.44 ,-2.30461e-06 ,0 
788,31.48 ,-2.45293e-06 ,0 
789,31.52 ,-2.61084e-06 ,0 
790,31.56 ,-2.77898e-06 ,0 
791,31.6 ,-2.958e-06 ,0 
792,31.64 ,-3.1486e-06 ,0 
793,31.68 ,-3.35155e-06 ,0 
794,31.72 ,-3.56765e-06 ,0 
795,31.76 ,-3.79776e-06 ,0 
796,31.8 ,-4.04277e-06 ,0 
797,31.84 ,-4.30368e-06 ,0 
798,31.88 ,-4.5815e-06 ,0 
799,31.92 ,-4.87735e-06 ,0 
800,31.96 ,-5.19239e-06 ,0 
801,32 ,-5.52789e-06 ,0 
802,32.04 ,-5.88517e-06 ,0 
803,32.08 ,-6.26565e-06 ,0 
804,32.12 ,-6.67085e-06 ,0 
805,32.16 ,-7.10238e-06 ,0 
806,32.2 ,-7.56196e-06 ,0 
807,32.24 ,-8.05142e-06 ,0 
808,32.28 ,-8.57272e-06 ,0 
809,32.32 ,-9.12793e-06 ,0 
810,32.36 ,-9.71927e-06 ,0 
811,32.4 ,-1.03491e-05 ,0 
812,32.44 ,-1.10199e-05 ,0 
813,32.48 ,-1.17345e-05 ,0 
814,32.52 ,-1.24955e-05 ,0 
815,32.56 ,-1.33062e-05 ,0 
816,32.6 ,-1.41697e-05 ,0 
817,32.64 ,-1.50895e-05 ,0 
818,32.68 ,-1.60693e-05 ,0 
819,32.72 ,-1.7113e-05 ,0 
820,32.76 ,-1.82248e-05 ,0 
821,32.8 ,-1.94091e-05 ,0 
822,32.84 ,-2.06708e-05 ,0 
823,32.88 ,-2.20148e-05 ,0 
824,32.92 ,-2.34467e-05 ,0 
825,32.96 ,-2.49721e-05 ,0 
826,33 ,-2.65972e-05 ,0 
827,33.04 ,-2.83285e-05 ,0 
828,33.08 ,-3.0173e-05 ,0 
829,33.12 ,-3.21382e-05 ,0 
830,33.16 ,-3.42319e-05 ,0 
831,33.2 ,-3.64627e-05 ,0 
832,33.24 ,-3.88394e-05 ,0 
833,33.28 ,-4.13717e-05 ,0 
834,33.32 ,-4.40699e-05 ,0 
835,33.36 ,-4.69449e-05 ,0 
836,33.4 ,-5.00082e-05 ,0 
837,33.44 ,-5.32722e-05 ,0 
838,33.48 ,-5.67502e-05 ,0 
839,33.52 ,-6.04563e-05 ,0 
840,33.56 ,-6.44055e-05 ,0 
841,33.6 ,-6.86137e-05 ,0 
842,33.64 ,-7.30981e-05 ,0 
843,33.68 ,-7.78768e-05 ,0 
844,33.72 ,-8.29693e-05 ,0 
845,33.76 ,-8.83961e-05 ,0 
846,33.8 ,-9.41795e-05 ,0 
847,33.84 ,-0.000100343 ,0 
848,33.88 ,-0.000106911 ,0 
849,33.92 ,-0.000113911 ,0 
850,33.96 ,-0.000121372 ,0 
851,34 ,-0.000129323 ,0 
852,34.04 ,-0.000137797 ,0 
853,34.08 ,-0.000146828 ,0 
854,34.12 ,-0.000156454 ,0 
855,34.16 ,-0.000166714 ,0 
856,34.2 ,-0.000177649 ,0 
857,34.24 ,-0.000189305 ,0 
858,34.28 ,-0.000201728 ,0 
859,34.32 ,-0.00021497 ,0 
860,34.36 ,-0.000229085 ,0 
861,34.4 ,-0.00024413 ,0 
862,34.44 ,-0.000260167 ,0 
863,34.48 ,-0.000277262 ,0 
864,34.52 ,-0.000295485 ,0 
865,34.56 ,-0.00031491 ,0 
866,34.6 ,-0.000335617 ,0 
867,34.64 ,-0.000357692 ,0 
868,34.68 ,-0.000381224 ,0 
869,34.72 ,-0.00040631 ,0 
870,34.76 ,-0.000433053 ,0 
871,34.8 ,-0.000461564 ,0 
872,34.84 ,-0.000491959 ,0 
873,34.88 ,-0.000524364 ,0 
874,34.92 ,-0.000558911 ,0 
875,34.96 ,-0.000595743 ,0 
876,35 ,-0.000635012 ,0 
877,35.04 ,-0.000676879 ,0 
878,35.08 ,-0.000721517 ,0 
879,35.12 ,-0.000769111 ,0 
880,35.16 ,-0.000819855 ,0 
881,35.2 ,-0.000873961 ,0 
882,35.24 ,-0.00093165 ,0 
883,35.28 ,-0.000993162 ,0 
884,35.32 ,-0.00105875 ,0 
885,35.36 ,-0.00112869 ,0 
886,35.4 ,-0.00120326 ,0 
887,35.44 ,-0.00128278 ,0 
888,35.48 ,-0.00136757 ,0 
889,35.52 ,-0.00145799 ,0 
890,35.56 ,-0.00155441 ,0 
891,35.6 ,-0.00165723 ,0 
892,35.64 ,-0.00176688 ,0 
893,35.68 ,-0.00188381 ,0 
894,35.72 ,-0.0020085 ,0 
895,35.76 ,-0.00214148 ,0 
896,35.8 ,-0.0022833 ,0 
897,35.84 ,-0.00243454 ,0 
898,35.88 ,-0.00259583 ,0 
899,35.92 ,-0.00276785 ,0 
900,35.96 ,-0.00295131 ,0 
901,36 ,-0.00314697 ,0 
902,36.04 ,-0.00335565 ,0 
903,36.08 ,-0.00357822 ,0 
904,36.12 ,-0.0038156 ,0 
905,36.16 ,-0.00406879 ,0 
906,36.2 ,-0.00433884 ,0 
907,36.24 ,-0.00462688 ,0 
908,36.28 ,-0.0049341 ,0 
909,36.32 ,-0.00526179 ,0 
910,36.36 ,-0.00561133 ,0 
911,36.4 ,-0.00598416 ,0 
912,36.44 ,-0.00638185 ,0 
913,36.48 ,-0.00680607 ,0 
914,36.52 ,-0.00725858 ,0 
915,36.56 ,-0.00774128 ,0 
916,36.6 ,-0.00825619 ,0 
917,36.64 ,-0.00880547 ,0 
918,36.68 ,-0.00939141 ,0 
919,36.72 ,-0.0100165 ,0 
920,36.76 ,-0.0106833 ,0 
921,36.8 ,-0.0113946 ,0 
922,36.84 ,-0.0121535 ,0 
923,36.88 ,-0.0129631 ,0 
924,36.92 ,-0.0138268 ,0 
925,36.96 ,-0.0147483 ,0 
926,37 ,-0.0157313 ,0 
927,37.04 ,-0.0167801 ,0 
928,37.08 ,-0.0178991 ,0 
929,37.12 ,-0.0190929 ,0 
930,37.16 ,-0.0203666 ,0 
931,37.2 ,-0.0217256 ,0 
932,37.24 ,-0.0231756 ,0 
933,37.28 ,-0.0247226 ,0 
934,37.32 ,-0.0263732 ,0 
935,37.36 ,-0.0281344 ,0 
936,37.4 ,-0.0300136 ,0 
937,37.44 ,-0.0320187 ,0 
938,37.48 ,-0.0341582 ,0 
939,37.52 ,-0.0364412 ,0 
940,37.56 ,-0.0388772 ,0 
941,37.6 ,-0.0414766 ,0 
942,37.64 ,-0.0442503 ,0 
943,37.68 ,-0.0472101 ,0 
944,37.72 ,-0.0503685 ,0 
945,37.76 ,-0.0537389 ,0 
946,37.8 ,-0.0573356 ,0 
947,37.84 ,-0.0611737 ,0 
948,37.88 ,-0.0652696 ,0 
949,37.92 ,-0.0696405 ,0 
950,37.96 ,-0.0743051 ,0 
951,38 ,-0.0792831 ,0 
952,38.04 ,-0.0845957 ,0 
953,38.08 ,-0.0902653 ,0 
954,38.12 ,-0.0963161 ,0 
955,38.16 ,-0.102774 ,0 
956,38.2 ,-0.109666 ,0 
957,38.24 ,-0.117021 ,0 
958,38.28 ,-0.124872 ,0 
959,38.32 ,-0.13325 ,0 
960,38.36 ,-0.142193 ,0 
961,38.4 ,-0.151737 ,0 
962,38.44 ,-0.161925 ,0 
963,38.48 ,-0.172798 ,0 
964,38.52 ,-0.184403 ,0 
965,38.56 ,-0.196791 ,0 
966,38.6 ,-0.210013 ,0 
967,38.64 ,-0.224126 ,0 
968,38.68 ,-0.23919 ,0 
969,38.72 ,-0.25527 ,0 
970,38.76 ,-0.272434 ,0 
971,38.8 ,-0.290755 ,0 
972,38.84 ,-0.310312 ,0 
973,38.88 ,-0.331189 ,0 
974,38.92 ,-0.353474 ,0 
975,38.96 ,-0.377264 ,0 
976,39 ,-0.402659 ,0 
977,39.04 ,-0.429768 ,0 
978,39.08 ,-0.458708 ,0 
979,39.12 ,-0.489602 ,0 
980,39.16 ,-0.522583 ,0 
981,39.2 ,-0.557792 ,0 
982,39.24 ,-0.595381 ,0 
983,39.28 ,-0.635509 ,0 
984,39.32 ,-0.67835 ,0 
985,39.36 ,-0.724088 ,0 
986,39.4 ,-0.772917 ,0 
987,39.44 ,-0.82505 ,0 
988,39.48 ,-0.880708 ,0 
989,39.52 ,-0.940132 ,0 
990,39.56 ,-1.00358 ,0 
991,39.6 ,-1.07131 ,0 
992,39.64 ,-1.14364 ,0 
993,39.68 ,-1.22086 ,0 
994,39.72 ,-1.30331 ,0 
995,39.76 ,-1.39134 ,0 
996,39.8 ,-1.48533 ,0 
997,39.84 ,-1.58569 ,0 
998,39.88 ,-1.69285 ,0 
999,39.92 ,-1.80728 ,0 
1000,39.96 ,-1.92946 ,0 