
1,0 ,0 ,0 
2,0.04 ,0 ,0 
3,0.08 ,0 ,0 
4,0.12 ,4.07528e-05 ,0 
5,0.16 ,5.42041e-05 ,0 
6,0.2 ,6.7533e-05 ,0 
7,0.24 ,8.07096e-05 ,0 
8,0.28 ,9.3704e-05 ,0 
9,0.32 ,0.000106487 ,0 
10,0.36 ,0.00011903 ,0 
11,0.4 ,0.000131304 ,0 
12,0.44 ,0.000143283 ,0 
13,0.48 ,0.000154939 ,0 
14,0.52 ,0.000166246 ,0 
15,0.56 ,0.000177178 ,0 
16,0.6 ,0.000187712 ,0 
17,0.64 ,0.000197824 ,0 
18,0.68 ,0.000207492 ,0 
19,0.72 ,0.000216693 ,0 
20,0.76 ,0.000225409 ,0 
21,0.8 ,0.000233618 ,0 
22,0.84 ,0.000241304 ,0 
23,0.88 ,0.00024845 ,0 
24,0.92 ,0.00025504 ,0 
25,0.96 ,0.000261059 ,0 
26,1 ,0.000266496 ,0 
27,1.04 ,0.000271338 ,0 
28,1.08 ,0.000275574 ,0 
29,1.12 ,0.000279197 ,0 
30,1.16 ,0.000282199 ,0 
31,1.2 ,0.000284574 ,0 
32,1.24 ,0.000286317 ,0 
33,1.28 ,0.000287425 ,0 
34,1.32 ,0.000287896 ,0 
35,1.36 ,0.000287731 ,0 
36,1.4 ,0.00028693 ,0 
37,1.44 ,0.000285495 ,0 
38,1.48 ,0.000283432 ,0 
39,1.52 ,0.000280745 ,0 
40,1.56 ,0.000277442 ,0 
41,1.6 ,0.000273529 ,0 
42,1.64 ,0.000269018 ,0 
43,1.68 ,0.000263918 ,0 
44,1.72 ,0.000258242 ,0 
45,1.76 ,0.000252002 ,0 
46,1.8 ,0.000245215 ,0 
47,1.84 ,0.000237894 ,0 
48,1.88 ,0.000230058 ,0 
49,1.92 ,0.000221724 ,0 
50,1.96 ,0.00021291 ,0 
51,2 ,0.000203637 ,0 
52,2.04 ,0.000193926 ,0 
53,2.08 ,0.000183799 ,0 
54,2.12 ,0.000173277 ,0 
55,2.16 ,0.000162385 ,0 
56,2.2 ,0.000151145 ,0 
57,2.24 ,0.000139584 ,0 
58,2.28 ,0.000127726 ,0 
59,2.32 ,0.000115597 ,0 
60,2.36 ,0.000103224 ,0 
61,2.4 ,9.06324e-05 ,0 
62,2.44 ,7.78501e-05 ,0 
63,2.48 ,6.49042e-05 ,0 
64,2.52 ,5.18222e-05 ,0 
65,2.56 ,3.86319e-05 ,0 
66,2.6 ,2.5361e-05 ,0 
67,2.64 ,1.20374e-05 ,0 
68,2.68 ,-1.31122e-06 ,0 
69,2.72 ,-1.46571e-05 ,0 
70,2.76 ,-2.79728e-05 ,0 
71,2.8 ,-4.1231e-05 ,0 
72,2.84 ,-5.44046e-05 ,0 
73,2.88 ,-6.74669e-05 ,0 
74,2.92 ,-8.03917e-05 ,0 
75,2.96 ,-9.3153e-05 ,0 
76,3 ,-0.000105725 ,0 
77,3.04 ,-0.000118084 ,0 
78,3.08 ,-0.000130205 ,0 
79,3.12 ,-0.000142065 ,0 
80,3.16 ,-0.00015364 ,0 
81,3.2 ,-0.000164909 ,0 
82,3.24 ,-0.00017585 ,0 
83,3.28 ,-0.000186442 ,0 
84,3.32 ,-0.000196666 ,0 
85,3.36 ,-0.000206504 ,0 
86,3.4 ,-0.000215936 ,0 
87,3.44 ,-0.000224947 ,0 
88,3.48 ,-0.00023352 ,0 
89,3.52 ,-0.00024164 ,0 
90,3.56 ,-0.000249294 ,0 
91,3.6 ,-0.000256468 ,0 
92,3.64 ,-0.00026315 ,0 
93,3.68 ,-0.00026933 ,0 
94,3.72 ,-0.000274999 ,0 
95,3.76 ,-0.000280146 ,0 
96,3.8 ,-0.000284765 ,0 
97,3.84 ,-0.00028885 ,0 
98,3.88 ,-0.000292394 ,0 
99,3.92 ,-0.000295395 ,0 
100,3.96 ,-0.000297848 ,0 
101,4 ,-0.000299751 ,0 
102,4.04 ,-0.000301104 ,0 
103,4.08 ,-0.000301907 ,0 
104,4.12 ,-0.000302161 ,0 
105,4.16 ,-0.000301867 ,0 
106,4.2 ,-0.000301029 ,0 
107,4.24 ,-0.000299652 ,0 
108,4.28 ,-0.00029774 ,0 
109,4.32 ,-0.000295299 ,0 
110,4.36 ,-0.000292337 ,0 
111,4.4 ,-0.000288861 ,0 
112,4.44 ,-0.00028488 ,0 
113,4.48 ,-0.000280404 ,0 
114,4.52 ,-0.000275443 ,0 
115,4.56 ,-0.000270009 ,0 
116,4.6 ,-0.000264112 ,0 
117,4.64 ,-0.000257767 ,0 
118,4.68 ,-0.000250986 ,0 
119,4.72 ,-0.000243783 ,0 
120,4.76 ,-0.000236172 ,0 
121,4.8 ,-0.00022817 ,0 
122,4.84 ,-0.00021979 ,0 
123,4.88 ,-0.00021105 ,0 
124,4.92 ,-0.000201966 ,0 
125,4.96 ,-0.000192555 ,0 
126,5 ,-0.000182833 ,0 
127,5.04 ,-0.00017282 ,0 
128,5.08 ,-0.000162531 ,0 
129,5.12 ,-0.000151987 ,0 
130,5.16 ,-0.000141204 ,0 
131,5.2 ,-0.000130201 ,0 
132,5.24 ,-0.000118997 ,0 
133,5.28 ,-0.00010761 ,0 
134,5.32 ,-9.60595e-05 ,0 
135,5.36 ,-8.43637e-05 ,0 
136,5.4 ,-7.25412e-05 ,0 
137,5.44 ,-6.06106e-05 ,0 
138,5.48 ,-4.85904e-05 ,0 
139,5.52 ,-3.64989e-05 ,0 
140,5.56 ,-2.43543e-05 ,0 
141,5.6 ,-1.21745e-05 ,0 
142,5.64 ,2.27191e-08 ,0 
143,5.68 ,1.222e-05 ,0 
144,5.72 ,2.44e-05 ,0 
145,5.76 ,3.6546e-05 ,0 
146,5.8 ,4.86415e-05 ,0 
147,5.84 ,6.06703e-05 ,0 
148,5.88 ,7.26166e-05 ,0 
149,5.92 ,8.44652e-05 ,0 
150,5.96 ,9.62011e-05 ,0 
151,6 ,0.00010781 ,0 
152,6.04 ,0.000119277 ,0 
153,6.08 ,0.00013059 ,0 
154,6.12 ,0.000141736 ,0 
155,6.16 ,0.000152701 ,0 
156,6.2 ,0.000163474 ,0 
157,6.24 ,0.000174044 ,0 
158,6.28 ,0.000184399 ,0 
159,6.32 ,0.00019453 ,0 
160,6.36 ,0.000204426 ,0 
161,6.4 ,0.000214078 ,0 
162,6.44 ,0.000223478 ,0 
163,6.48 ,0.000232618 ,0 
164,6.52 ,0.00024149 ,0 
165,6.56 ,0.000250087 ,0 
166,6.6 ,0.000258403 ,0 
167,6.64 ,0.000266433 ,0 
168,6.68 ,0.00027417 ,0 
169,6.72 ,0.000281611 ,0 
170,6.76 ,0.000288751 ,0 
171,6.8 ,0.000295586 ,0 
172,6.84 ,0.000302115 ,0 
173,6.88 ,0.000308333 ,0 
174,6.92 ,0.000314241 ,0 
175,6.96 ,0.000319835 ,0 
176,7 ,0.000325115 ,0 
177,7.04 ,0.000330081 ,0 
178,7.08 ,0.000334733 ,0 
179,7.12 ,0.000339071 ,0 
180,7.16 ,0.000343097 ,0 
181,7.2 ,0.000346811 ,0 
182,7.24 ,0.000350217 ,0 
183,7.28 ,0.000353315 ,0 
184,7.32 ,0.000356109 ,0 
185,7.36 ,0.000358601 ,0 
186,7.4 ,0.000360796 ,0 
187,7.44 ,0.000362697 ,0 
188,7.48 ,0.000364308 ,0 
189,7.52 ,0.000365633 ,0 
190,7.56 ,0.000366678 ,0 
191,7.6 ,0.000367447 ,0 
192,7.64 ,0.000367946 ,0 
193,7.68 ,0.00036818 ,0 
194,7.72 ,0.000368155 ,0 
195,7.76 ,0.000367877 ,0 
196,7.8 ,0.000367351 ,0 
197,7.84 ,0.000366586 ,0 
198,7.88 ,0.000365586 ,0 
199,7.92 ,0.00036436 ,0 
200,7.96 ,0.000362913 ,0 
201,8 ,0.000361252 ,0 
202,8.04 ,0.000359385 ,0 
203,8.08 ,0.000357319 ,0 
204,8.12 ,0.000355061 ,0 
205,8.16 ,0.000352617 ,0 
206,8.2 ,0.000349997 ,0 
207,8.24 ,0.000347206 ,0 
208,8.28 ,0.000344253 ,0 
209,8.32 ,0.000341144 ,0 
210,8.36 ,0.000337888 ,0 
211,8.4 ,0.000334491 ,0 
212,8.44 ,0.00033096 ,0 
213,8.48 ,0.000327303 ,0 
214,8.52 ,0.000323528 ,0 
215,8.56 ,0.000319641 ,0 
216,8.6 ,0.00031565 ,0 
217,8.64 ,0.000311561 ,0 
218,8.68 ,0.000307382 ,0 
219,8.72 ,0.000303118 ,0 
220,8.76 ,0.000298778 ,0 
221,8.8 ,0.000294367 ,0 
222,8.84 ,0.000289893 ,0 
223,8.88 ,0.000285361 ,0 
224,8.92 ,0.000280777 ,0 
225,8.96 ,0.000276149 ,0 
226,9 ,0.000271481 ,0 
227,9.04 ,0.000266779 ,0 
228,9.08 ,0.00026205 ,0 
229,9.12 ,0.000257298 ,0 
230,9.16 ,0.00025253 ,0 
231,9.2 ,0.00024775 ,0 
232,9.24 ,0.000242962 ,0 
233,9.28 ,0.000238173 ,0 
234,9.32 ,0.000233387 ,0 
235,9.36 ,0.000228608 ,0 
236,9.4 ,0.000223841 ,0 
237,9.44 ,0.000219089 ,0 
238,9.48 ,0.000214357 ,0 
239,9.52 ,0.000209649 ,0 
240,9.56 ,0.000204968 ,0 
241,9.6 ,0.000200319 ,0 
242,9.64 ,0.000195703 ,0 
243,9.68 ,0.000191125 ,0 
244,9.72 ,0.000186587 ,0 
245,9.76 ,0.000182093 ,0 
246,9.8 ,0.000177644 ,0 
247,9.84 ,0.000173244 ,0 
248,9.88 ,0.000168895 ,0 
249,9.92 ,0.000164599 ,0 
250,9.96 ,0.000160358 ,0 
251,10 ,0.000156175 ,0 
252,10.04 ,0.00015205 ,0 
253,10.08 ,0.000147986 ,0 
254,10.12 ,0.000143984 ,0 
255,10.16 ,0.000140046 ,0 
256,10.2 ,0.000136172 ,0 
257,10.24 ,0.000132365 ,0 
258,10.28 ,0.000128624 ,0 
259,10.32 ,0.000124951 ,0 
260,10.36 ,0.000121346 ,0 
261,10.4 ,0.000117811 ,0 
262,10.44 ,0.000114346 ,0 
263,10.48 ,0.00011095 ,0 
264,10.52 ,0.000107625 ,0 
265,10.56 ,0.000104371 ,0 
266,10.6 ,0.000101187 ,0 
267,10.64 ,9.80734e-05 ,0 
268,10.68 ,9.50301e-05 ,0 
269,10.72 ,9.20569e-05 ,0 
270,10.76 ,8.91534e-05 ,0 
271,10.8 ,8.63192e-05 ,0 
272,10.84 ,8.35537e-05 ,0 
273,10.88 ,8.08565e-05 ,0 
274,10.92 ,7.82269e-05 ,0 
275,10.96 ,7.56643e-05 ,0 
276,11 ,7.31678e-05 ,0 
277,11.04 ,7.07367e-05 ,0 
278,11.08 ,6.83702e-05 ,0 
279,11.12 ,6.60674e-05 ,0 
280,11.16 ,6.38274e-05 ,0 
281,11.2 ,6.16493e-05 ,0 
282,11.24 ,5.9532e-05 ,0 
283,11.28 ,5.74746e-05 ,0 
284,11.32 ,5.5476e-05 ,0 
285,11.36 ,5.35352e-05 ,0 
286,11.4 ,5.16512e-05 ,0 
287,11.44 ,4.98229e-05 ,0 
288,11.48 ,4.80491e-05 ,0 
289,11.52 ,4.63288e-05 ,0 
290,11.56 ,4.46609e-05 ,0 
291,11.6 ,4.30442e-05 ,0 
292,11.64 ,4.14776e-05 ,0 
293,11.68 ,3.99601e-05 ,0 
294,11.72 ,3.84905e-05 ,0 
295,11.76 ,3.70677e-05 ,0 
296,11.8 ,3.56905e-05 ,0 
297,11.84 ,3.4358e-05 ,0 
298,11.88 ,3.30689e-05 ,0 
299,11.92 ,3.18222e-05 ,0 
300,11.96 ,3.06168e-05 ,0 
301,12 ,2.94517e-05 ,0 
302,12.04 ,2.83257e-05 ,0 
303,12.08 ,2.72379e-05 ,0 
304,12.12 ,2.61871e-05 ,0 
305,12.16 ,2.51725e-05 ,0 
306,12.2 ,2.41929e-05 ,0 
307,12.24 ,2.32475e-05 ,0 
308,12.28 ,2.23351e-05 ,0 
309,12.32 ,2.14549e-05 ,0 
310,12.36 ,2.06059e-05 ,0 
311,12.4 ,1.97872e-05 ,0 
312,12.44 ,1.89979e-05 ,0 
313,12.48 ,1.82371e-05 ,0 
314,12.52 ,1.7504e-05 ,0 
315,12.56 ,1.67976e-05 ,0 
316,12.6 ,1.61171e-05 ,0 
317,12.64 ,1.54618e-05 ,0 
318,12.68 ,1.48308e-05 ,0 
319,12.72 ,1.42234e-05 ,0 
320,12.76 ,1.36387e-05 ,0 
321,12.8 ,1.30761e-05 ,0 
322,12.84 ,1.25348e-05 ,0 
323,12.88 ,1.20141e-05 ,0 
324,12.92 ,1.15134e-05 ,0 
325,12.96 ,1.10319e-05 ,0 
326,13 ,1.0569e-05 ,0 
327,13.04 ,1.0124e-05 ,0 
328,13.08 ,9.69646e-06 ,0 
329,13.12 ,9.28561e-06 ,0 
330,13.16 ,8.89092e-06 ,0 
331,13.2 ,8.51183e-06 ,0 
332,13.24 ,8.14777e-06 ,0 
333,13.28 ,7.79822e-06 ,0 
334,13.32 ,7.46265e-06 ,0 
335,13.36 ,7.14056e-06 ,0 
336,13.4 ,6.83145e-06 ,0 
337,13.44 ,6.53487e-06 ,0 
338,13.48 ,6.25034e-06 ,0 
339,13.52 ,5.97741e-06 ,0 
340,13.56 ,5.71567e-06 ,0 
341,13.6 ,5.46469e-06 ,0 
342,13.64 ,5.22407e-06 ,0 
343,13.68 ,4.99341e-06 ,0 
344,13.72 ,4.77234e-06 ,0 
345,13.76 ,4.56049e-06 ,0 
346,13.8 ,4.3575e-06 ,0 
347,13.84 ,4.16305e-06 ,0 
348,13.88 ,3.97679e-06 ,0 
349,13.92 ,3.79841e-06 ,0 
350,13.96 ,3.62759e-06 ,0 
351,14 ,3.46405e-06 ,0 
352,14.04 ,3.30749e-06 ,0 
353,14.08 ,3.15764e-06 ,0 
354,14.12 ,3.01423e-06 ,0 
355,14.16 ,2.877e-06 ,0 
356,14.2 ,2.74571e-06 ,0 
357,14.24 ,2.62011e-06 ,0 
358,14.28 ,2.49998e-06 ,0 
359,14.32 ,2.38509e-06 ,0 
360,14.36 ,2.27523e-06 ,0 
361,14.4 ,2.17019e-06 ,0 
362,14.44 ,2.06978e-06 ,0 
363,14.48 ,1.97379e-06 ,0 
364,14.52 ,1.88206e-06 ,0 
365,14.56 ,1.7944e-06 ,0 
366,14.6 ,1.71064e-06 ,0 
367,14.64 ,1.63062e-06 ,0 
368,14.68 ,1.55418e-06 ,0 
369,14.72 ,1.48117e-06 ,0 
370,14.76 ,1.41145e-06 ,0 
371,14.8 ,1.34487e-06 ,0 
372,14.84 ,1.2813e-06 ,0 
373,14.88 ,1.22061e-06 ,0 
374,14.92 ,1.16268e-06 ,0 
375,14.96 ,1.10739e-06 ,0 
376,15 ,1.05463e-06 ,0 
377,15.04 ,1.00428e-06 ,0 
378,15.08 ,9.56242e-07 ,0 
379,15.12 ,9.10414e-07 ,0 
380,15.16 ,8.667e-07 ,0 
381,15.2 ,8.25006e-07 ,0 
382,15.24 ,7.85243e-07 ,0 
383,15.28 ,7.47327e-07 ,0 
384,15.32 ,7.11175e-07 ,0 
385,15.36 ,6.7671e-07 ,0 
386,15.4 ,6.43855e-07 ,0 
387,15.44 ,6.1254e-07 ,0 
388,15.48 ,5.82695e-07 ,0 
389,15.52 ,5.54254e-07 ,0 
390,15.56 ,5.27154e-07 ,0 
391,15.6 ,5.01334e-07 ,0 
392,15.64 ,4.76737e-07 ,0 
393,15.68 ,4.53307e-07 ,0 
394,15.72 ,4.30991e-07 ,0 
395,15.76 ,4.09738e-07 ,0 
396,15.8 ,3.89499e-07 ,0 
397,15.84 ,3.70228e-07 ,0 
398,15.88 ,3.51881e-07 ,0 
399,15.92 ,3.34415e-07 ,0 
400,15.96 ,3.17789e-07 ,0 
401,16 ,3.01965e-07 ,0 
402,16.04 ,2.86904e-07 ,0 
403,16.08 ,2.72573e-07 ,0 
404,16.12 ,2.58936e-07 ,0 
405,16.16 ,2.45961e-07 ,0 
406,16.2 ,2.33618e-07 ,0 
407,16.24 ,2.21876e-07 ,0 
408,16.28 ,2.10707e-07 ,0 
409,16.32 ,2.00085e-07 ,0 
410,16.36 ,1.89983e-07 ,0 
411,16.4 ,1.80377e-07 ,0 
412,16.44 ,1.71244e-07 ,0 
413,16.48 ,1.6256e-07 ,0 
414,16.52 ,1.54305e-07 ,0 
415,16.56 ,1.46458e-07 ,0 
416,16.6 ,1.39e-07 ,0 
417,16.64 ,1.31911e-07 ,0 
418,16.68 ,1.25174e-07 ,0 
419,16.72 ,1.18773e-07 ,0 
420,16.76 ,1.1269e-07 ,0 
421,16.8 ,1.06911e-07 ,0 
422,16.84 ,1.01421e-07 ,0 
423,16.88 ,9.62062e-08 ,0 
424,16.92 ,9.12527e-08 ,0 
425,16.96 ,8.6548e-08 ,0 
426,17 ,8.208e-08 ,0 
427,17.04 ,7.7837e-08 ,0 
428,17.08 ,7.38082e-08 ,0 
429,17.12 ,6.9983e-08 ,0 
430,17.16 ,6.63514e-08 ,0 
431,17.2 ,6.29038e-08 ,0 
432,17.24 ,5.96313e-08 ,0 
433,17.28 ,5.65251e-08 ,0 
434,17.32 ,5.35771e-08 ,0 
435,17.36 ,5.07793e-08 ,0 
436,17.4 ,4.81244e-08 ,0 
437,17.44 ,4.56052e-08 ,0 
438,17.48 ,4.3215e-08 ,0 
439,17.52 ,4.09474e-08 ,0 
440,17.56 ,3.87962e-08 ,0 
441,17.6 ,3.67555e-08 ,0 
442,17.64 ,3.482e-08 ,0 
443,17.68 ,3.29842e-08 ,0 
444,17.72 ,3.12432e-08 ,0 
445,17.76 ,2.95922e-08 ,0 
446,17.8 ,2.80266e-08 ,0 
447,17.84 ,2.65421e-08 ,0 
448,17.88 ,2.51347e-08 ,0 
449,17.92 ,2.38005e-08 ,0 
450,17.96 ,2.25356e-08 ,0 
451,18 ,2.13366e-08 ,0 
452,18.04 ,2.02002e-08 ,0 
453,18.08 ,1.91231e-08 ,0 
454,18.12 ,1.81024e-08 ,0 
455,18.16 ,1.71351e-08 ,0 
456,18.2 ,1.62185e-08 ,0 
457,18.24 ,1.535e-08 ,0 
458,18.28 ,1.45271e-08 ,0 
459,18.32 ,1.37475e-08 ,0 
460,18.36 ,1.3009e-08 ,0 
461,18.4 ,1.23094e-08 ,0 
462,18.44 ,1.16468e-08 ,0 
463,18.48 ,1.10192e-08 ,0 
464,18.52 ,1.04248e-08 ,0 
465,18.56 ,9.8619e-09 ,0 
466,18.6 ,9.32886e-09 ,0 
467,18.64 ,8.82412e-09 ,0 
468,18.68 ,8.34622e-09 ,0 
469,18.72 ,7.89375e-09 ,0 
470,18.76 ,7.46539e-09 ,0 
471,18.8 ,7.05988e-09 ,0 
472,18.84 ,6.67602e-09 ,0 
473,18.88 ,6.31269e-09 ,0 
474,18.92 ,5.9688e-09 ,0 
475,18.96 ,5.64333e-09 ,0 
476,19 ,5.33532e-09 ,0 
477,19.04 ,5.04384e-09 ,0 
478,19.08 ,4.76803e-09 ,0 
479,19.12 ,4.50706e-09 ,0 
480,19.16 ,4.26015e-09 ,0 
481,19.2 ,4.02655e-09 ,0 
482,19.24 ,3.80555e-09 ,0 
483,19.28 ,3.59649e-09 ,0 
484,19.32 ,3.39874e-09 ,0 
485,19.36 ,3.2117e-09 ,0 
486,19.4 ,3.03479e-09 ,0 
487,19.44 ,2.86748e-09 ,0 
488,19.48 ,2.70925e-09 ,0 
489,19.52 ,2.55962e-09 ,0 
490,19.56 ,2.41813e-09 ,0 
491,19.6 ,2.28434e-09 ,0 
492,19.64 ,2.15785e-09 ,0 
493,19.68 ,2.03826e-09 ,0 
494,19.72 ,1.92521e-09 ,0 
495,19.76 ,1.81833e-09 ,0 
496,19.8 ,1.7173e-09 ,0 
497,19.84 ,1.6218e-09 ,0 
498,19.88 ,1.53154e-09 ,0 
499,19.92 ,1.44623e-09 ,0 
500,19.96 ,1.3656e-09 ,0 
501,20 ,1.28941e-09 ,0 
502,20.04 ,1.21741e-09 ,0 
503,20.08 ,1.14938e-09 ,0 
504,20.12 ,1.08509e-09 ,0 
505,20.16 ,1.02435e-09 ,0 
506,20.2 ,9.66968e-10 ,0 
507,20.24 ,9.12754e-10 ,0 
508,20.28 ,8.61539e-10 ,0 
509,20.32 ,8.1316e-10 ,0 
510,20.36 ,7.67461e-10 ,0 
511,20.4 ,7.24296e-10 ,0 
512,20.44 ,6.83527e-10 ,0 
513,20.48 ,6.45023e-10 ,0 
514,20.52 ,6.08659e-10 ,0 
515,20.56 ,5.74318e-10 ,0 
516,20.6 ,5.4189e-10 ,0 
517,20.64 ,5.11269e-10 ,0 
518,20.68 ,4.82356e-10 ,0 
519,20.72 ,4.55057e-10 ,0 
520,20.76 ,4.29283e-10 ,0 
521,20.8 ,4.0495e-10 ,0 
522,20.84 ,3.81978e-10 ,0 
523,20.88 ,3.60293e-10 ,0 
524,20.92 ,3.39822e-10 ,0 
525,20.96 ,3.205e-10 ,0 
526,21 ,3.02262e-10 ,0 
527,21.04 ,2.85048e-10 ,0 
528,21.08 ,2.68801e-10 ,0 
529,21.12 ,2.53468e-10 ,0 
530,21.16 ,2.38998e-10 ,0 
531,21.2 ,2.25342e-10 ,0 
532,21.24 ,2.12456e-10 ,0 
533,21.28 ,2.00296e-10 ,0 
534,21.32 ,1.88823e-10 ,0 
535,21.36 ,1.77997e-10 ,0 
536,21.4 ,1.67782e-10 ,0 
537,21.44 ,1.58144e-10 ,0 
538,21.48 ,1.49051e-10 ,0 
539,21.52 ,1.40473e-10 ,0 
540,21.56 ,1.32379e-10 ,0 
541,21.6 ,1.24744e-10 ,0 
542,21.64 ,1.1754e-10 ,0 
543,21.68 ,1.10745e-10 ,0 
544,21.72 ,1.04334e-10 ,0 
545,21.76 ,9.82866e-11 ,0 
546,21.8 ,9.25814e-11 ,0 
547,21.84 ,8.71992e-11 ,0 
548,21.88 ,8.21217e-11 ,0 
549,21.92 ,7.73316e-11 ,0 
550,21.96 ,7.28123e-11 ,0 
551,22 ,6.85485e-11 ,0 
552,22.04 ,6.45255e-11 ,0 
553,22.08 ,6.07296e-11 ,0 
554,22.12 ,5.71475e-11 ,0 
555,22.16 ,5.3767e-11 ,0 
556,22.2 ,5.05765e-11 ,0 
557,22.24 ,4.75648e-11 ,0 
558,22.28 ,4.47215e-11 ,0 
559,22.32 ,4.20369e-11 ,0 
560,22.36 ,3.95015e-11 ,0 
561,22.4 ,3.71065e-11 ,0 
562,22.44 ,3.48436e-11 ,0 
563,22.48 ,3.2705e-11 ,0 
564,22.52 ,3.0683e-11 ,0 
565,22.56 ,2.87707e-11 ,0 
566,22.6 ,2.69614e-11 ,0 
567,22.64 ,2.52486e-11 ,0 
568,22.68 ,2.36265e-11 ,0 
569,22.72 ,2.20891e-11 ,0 
570,22.76 ,2.06313e-11 ,0 
571,22.8 ,1.92477e-11 ,0 
572,22.84 ,1.79334e-11 ,0 
573,22.88 ,1.6684e-11 ,0 
574,22.92 ,1.54948e-11 ,0 
575,22.96 ,1.43617e-11 ,0 
576,23 ,1.32806e-11 ,0 
577,23.04 ,1.22476e-11 ,0 
578,23.08 ,1.12592e-11 ,0 
579,23.12 ,1.03117e-11 ,0 
580,23.16 ,9.40169e-12 ,0 
581,23.2 ,8.52597e-12 ,0 
582,23.24 ,7.68136e-12 ,0 
583,23.28 ,6.86481e-12 ,0 
584,23.32 ,6.07337e-12 ,0 
585,23.36 ,5.30416e-12 ,0 
586,23.4 ,4.55439e-12 ,0 
587,23.44 ,3.82134e-12 ,0 
588,23.48 ,3.10233e-12 ,0 
589,23.52 ,2.39473e-12 ,0 
590,23.56 ,1.69594e-12 ,0 
591,23.6 ,1.00341e-12 ,0 
592,23.64 ,3.14582e-13 ,0 
593,23.68 ,-3.73084e-13 ,0 
594,23.72 ,-1.06213e-12 ,0 
595,23.76 ,-1.75511e-12 ,0 
596,23.8 ,-2.4546e-12 ,0 
597,23.84 ,-3.1632e-12 ,0 
598,23.88 ,-3.88355e-12 ,0 
599,23.92 ,-4.61835e-12 ,0 
600,23.96 ,-5.37034e-12 ,0 
601,24 ,-6.14235e-12 ,0 
602,24.04 ,-6.93728e-12 ,0 
603,24.08 ,-7.75813e-12 ,0 
604,24.12 ,-8.60799e-12 ,0 
605,24.16 ,-9.49007e-12 ,0 
606,24.2 ,-1.04077e-11 ,0 
607,24.24 ,-1.13644e-11 ,0 
608,24.28 ,-1.23638e-11 ,0 
609,24.32 ,-1.34096e-11 ,0 
610,24.36 ,-1.45059e-11 ,0 
611,24.4 ,-1.56569e-11 ,0 
612,24.44 ,-1.68669e-11 ,0 
613,24.48 ,-1.81405e-11 ,0 
614,24.52 ,-1.94827e-11 ,0 
615,24.56 ,-2.08986e-11 ,0 
616,24.6 ,-2.23937e-11 ,0 
617,24.64 ,-2.39736e-11 ,0 
618,24.68 ,-2.56444e-11 ,0 
619,24.72 ,-2.74127e-11 ,0 
620,24.76 ,-2.92851e-11 ,0 
621,24.8 ,-3.1269e-11 ,0 
622,24.84 ,-3.3372e-11 ,0 
623,24.88 ,-3.56022e-11 ,0 
624,24.92 ,-3.79684e-11 ,0 
625,24.96 ,-4.04795e-11 ,0 
626,25 ,-4.31455e-11 ,0 
627,25.04 ,-4.59765e-11 ,0 
628,25.08 ,-4.89838e-11 ,0 
629,25.12 ,-5.21789e-11 ,0 
630,25.16 ,-5.55743e-11 ,0 
631,25.2 ,-5.91832e-11 ,0 
632,25.24 ,-6.30197e-11 ,0 
633,25.28 ,-6.70988e-11 ,0 
634,25.32 ,-7.14365e-11 ,0 
635,25.36 ,-7.60496e-11 ,0 
636,25.4 ,-8.09564e-11 ,0 
637,25.44 ,-8.61759e-11 ,0 
638,25.48 ,-9.17288e-11 ,0 
639,25.52 ,-9.76367e-11 ,0 
640,25.56 ,-1.03923e-10 ,0 
641,25.6 ,-1.10612e-10 ,0 
642,25.64 ,-1.17731e-10 ,0 
643,25.68 ,-1.25307e-10 ,0 
644,25.72 ,-1.3337e-10 ,0 
645,25.76 ,-1.41952e-10 ,0 
646,25.8 ,-1.51088e-10 ,0 
647,25.84 ,-1.60812e-10 ,0 
648,25.88 ,-1.71164e-10 ,0 
649,25.92 ,-1.82185e-10 ,0 
650,25.96 ,-1.93918e-10 ,0 
651,26 ,-2.06409e-10 ,0 
652,26.04 ,-2.19709e-10 ,0 
653,26.08 ,-2.3387e-10 ,0 
654,26.12 ,-2.48949e-10 ,0 
655,26.16 ,-2.65005e-10 ,0 
656,26.2 ,-2.82103e-10 ,0 
657,26.24 ,-3.0031e-10 ,0 
658,26.28 ,-3.19699e-10 ,0 
659,26.32 ,-3.40348e-10 ,0 
660,26.36 ,-3.62339e-10 ,0 
661,26.4 ,-3.8576e-10 ,0 
662,26.44 ,-4.10704e-10 ,0 
663,26.48 ,-4.37272e-10 ,0 
664,26.52 ,-4.65571e-10 ,0 
665,26.56 ,-4.95712e-10 ,0 
666,26.6 ,-5.27818e-10 ,0 
667,26.64 ,-5.62018e-10 ,0 
668,26.68 ,-5.98449e-10 ,0 
669,26.72 ,-6.37257e-10 ,0 
670,26.76 ,-6.78599e-10 ,0 
671,26.8 ,-7.22641e-10 ,0 
672,26.84 ,-7.69561e-10 ,0 
673,26.88 ,-8.19548e-10 ,0 
674,26.92 ,-8.72805e-10 ,0 
675,26.96 ,-9.29545e-10 ,0 
676,27 ,-9.89999e-10 ,0 
677,27.04 ,-1.05441e-09 ,0 
678,27.08 ,-1.12304e-09 ,0 
679,27.12 ,-1.19617e-09 ,0 
680,27.16 ,-1.2741e-09 ,0 
681,27.2 ,-1.35713e-09 ,0 
682,27.24 ,-1.44561e-09 ,0 
683,27.28 ,-1.5399e-09 ,0 
684,27.32 ,-1.64038e-09 ,0 
685,27.36 ,-1.74746e-09 ,0 
686,27.4 ,-1.86157e-09 ,0 
687,27.44 ,-1.98319e-09 ,0 
688,27.48 ,-2.1128e-09 ,0 
689,27.52 ,-2.25094e-09 ,0 
690,27.56 ,-2.39818e-09 ,0 
691,27.6 ,-2.5551e-09 ,0 
692,27.64 ,-2.72236e-09 ,0 
693,27.68 ,-2.90064e-09 ,0 
694,27.72 ,-3.09067e-09 ,0 
695,27.76 ,-3.29322e-09 ,0 
696,27.8 ,-3.50914e-09 ,0 
697,27.84 ,-3.7393e-09 ,0 
698,27.88 ,-3.98466e-09 ,0 
699,27.92 ,-4.24622e-09 ,0 
700,27.96 ,-4.52505e-09 ,0 
701,28 ,-4.82231e-09 ,0 
702,28.04 ,-5.13921e-09 ,0 
703,28.08 ,-5.47707e-09 ,0 
704,28.12 ,-5.83728e-09 ,0 
705,28.16 ,-6.22133e-09 ,0 
706,28.2 ,-6.6308e-09 ,0 
707,28.24 ,-7.06738e-09 ,0 
708,28.28 ,-7.53289e-09 ,0 
709,28.32 ,-8.02924e-09 ,0 
710,28.36 ,-8.55849e-09 ,0 
711,28.4 ,-9.12284e-09 ,0 
712,28.44 ,-9.72463e-09 ,0 
713,28.48 ,-1.03663e-08 ,0 
714,28.52 ,-1.10507e-08 ,0 
715,28.56 ,-1.17804e-08 ,0 
716,28.6 ,-1.25587e-08 ,0 
717,28.64 ,-1.33886e-08 ,0 
718,28.68 ,-1.42737e-08 ,0 
719,28.72 ,-1.52177e-08 ,0 
720,28.76 ,-1.62245e-08 ,0 
721,28.8 ,-1.72982e-08 ,0 
722,28.84 ,-1.84435e-08 ,0 
723,28.88 ,-1.96649e-08 ,0 
724,28.92 ,-2.09678e-08 ,0 
725,28.96 ,-2.23574e-08 ,0 
726,29 ,-2.38397e-08 ,0 
727,29.04 ,-2.54208e-08 ,0 
728,29.08 ,-2.71074e-08 ,0 
729,29.12 ,-2.89065e-08 ,0 
730,29.16 ,-3.08256e-08 ,0 
731,29.2 ,-3.28729e-08 ,0 
732,29.24 ,-3.50569e-08 ,0 
733,29.28 ,-3.73868e-08 ,0 
734,29.32 ,-3.98724e-08 ,0 
735,29.36 ,-4.25242e-08 ,0 
736,29.4 ,-4.53533e-08 ,0 
737,29.44 ,-4.83717e-08 ,0 
738,29.48 ,-5.1592e-08 ,0 
739,29.52 ,-5.50278e-08 ,0 
740,29.56 ,-5.86937e-08 ,0 
741,29.6 ,-6.26051e-08 ,0 
742,29.64 ,-6.67786e-08 ,0 
743,29.68 ,-7.12318e-08 ,0 
744,29.72 ,-7.59836e-08 ,0 
745,29.76 ,-8.10539e-08 ,0 
746,29.8 ,-8.64645e-08 ,0 
747,29.84 ,-9.2238e-08 ,0 
748,29.88 ,-9.83992e-08 ,0 
749,29.92 ,-1.04974e-07 ,0 
750,29.96 ,-1.1199e-07 ,0 
751,30 ,-1.19478e-07 ,0 
752,30.04 ,-1.27469e-07 ,0 
753,30.08 ,-1.35997e-07 ,0 
754,30.12 ,-1.45099e-07 ,0 
755,30.16 ,-1.54813e-07 ,0 
756,30.2 ,-1.65181e-07 ,0 
757,30.24 ,-1.76246e-07 ,0 
758,30.28 ,-1.88056e-07 ,0 
759,30.32 ,-2.00662e-07 ,0 
760,30.36 ,-2.14117e-07 ,0 
761,30.4 ,-2.28479e-07 ,0 
762,30.44 ,-2.43809e-07 ,0 
763,30.48 ,-2.60172e-07 ,0 
764,30.52 ,-2.7764e-07 ,0 
765,30.56 ,-2.96285e-07 ,0 
766,30.6 ,-3.16189e-07 ,0 
767,30.64 ,-3.37437e-07 ,0 
768,30.68 ,-3.60119e-07 ,0 
769,30.72 ,-3.84334e-07 ,0 
770,30.76 ,-4.10184e-07 ,0 
771,30.8 ,-4.37782e-07 ,0 
772,30.84 ,-4.67245e-07 ,0 
773,30.88 ,-4.98701e-07 ,0 
774,30.92 ,-5.32284e-07 ,0 
775,30.96 ,-5.6814e-07 ,0 
776,31 ,-6.06423e-07 ,0 
777,31.04 ,-6.47297e-07 ,0 
778,31.08 ,-6.90939e-07 ,0 
779,31.12 ,-7.37538e-07 ,0 
780,31.16 ,-7.87294e-07 ,0 
781,31.2 ,-8.40422e-07 ,0 
782,31.24 ,-8.97152e-07 ,0 
783,31.28 ,-9.57729e-07 ,0 
784,31.32 ,-1.02242e-06 ,0 
785,31.36 ,-1.09149e-06 ,0 
786,31.4 ,-1.16525e-06 ,0 
787,31.44 ,-1.24403e-06 ,0 
788,31.48 ,-1.32815e-06 ,0 
789,31.52 ,-1.41798e-06 ,0 
790,31.56 ,-1.51392e-06 ,0 
791,31.6 ,-1.61638e-06 ,0 
792,31.64 ,-1.7258e-06 ,0 
793,31.68 ,-1.84266e-06 ,0 
794,31.72 ,-1.96747e-06 ,0 
795,31.76 ,-2.10078e-06 ,0 
796,31.8 ,-2.24315e-06 ,0 
797,31.84 ,-2.39522e-06 ,0 
798,31.88 ,-2.55764e-06 ,0 
799,31.92 ,-2.73113e-06 ,0 
800,31.96 ,-2.91643e-06 ,0 
801,32 ,-3.11436e-06 ,0 
802,32.04 ,-3.32578e-06 ,0 
803,32.08 ,-3.55162e-06 ,0 
804,32.12 ,-3.79285e-06 ,0 
805,32.16 ,-4.05055e-06 ,0 
806,32.2 ,-4.32582e-06 ,0 
807,32.24 ,-4.61989e-06 ,0 
808,32.28 ,-4.93402e-06 ,0 
809,32.32 ,-5.26961e-06 ,0 
810,32.36 ,-5.62812e-06 ,0 
811,32.4 ,-6.01113e-06 ,0 
812,32.44 ,-6.4203e-06 ,0 
813,32.48 ,-6.85745e-06 ,0 
814,32.52 ,-7.32448e-06 ,0 
815,32.56 ,-7.82346e-06 ,0 
816,32.6 ,-8.35657e-06 ,0 
817,32.64 ,-8.92615e-06 ,0 
818,32.68 ,-9.53472e-06 ,0 
819,32.72 ,-1.01849e-05 ,0 
820,32.76 ,-1.08797e-05 ,0 
821,32.8 ,-1.1622e-05 ,0 
822,32.84 ,-1.24152e-05 ,0 
823,32.88 ,-1.32628e-05 ,0 
824,32.92 ,-1.41684e-05 ,0 
825,32.96 ,-1.51361e-05 ,0 
826,33 ,-1.61702e-05 ,0 
827,33.04 ,-1.72753e-05 ,0 
828,33.08 ,-1.84561e-05 ,0 
829,33.12 ,-1.9718e-05 ,0 
830,33.16 ,-2.10665e-05 ,0 
831,33.2 ,-2.25075e-05 ,0 
832,33.24 ,-2.40476e-05 ,0 
833,33.28 ,-2.56934e-05 ,0 
834,33.32 ,-2.74523e-05 ,0 
835,33.36 ,-2.93321e-05 ,0 
836,33.4 ,-3.13411e-05 ,0 
837,33.44 ,-3.34883e-05 ,0 
838,33.48 ,-3.57831e-05 ,0 
839,33.52 ,-3.82358e-05 ,0 
840,33.56 ,-4.08572e-05 ,0 
841,33.6 ,-4.3659e-05 ,0 
842,33.64 ,-4.66537e-05 ,0 
843,33.68 ,-4.98546e-05 ,0 
844,33.72 ,-5.3276e-05 ,0 
845,33.76 ,-5.6933e-05 ,0 
846,33.8 ,-6.0842e-05 ,0 
847,33.84 ,-6.50205e-05 ,0 
848,33.88 ,-6.94869e-05 ,0 
849,33.92 ,-7.42613e-05 ,0 
850,33.96 ,-7.9365e-05 ,0 
851,34 ,-8.48207e-05 ,0 
852,34.04 ,-9.06528e-05 ,0 
853,34.08 ,-9.68874e-05 ,0 
854,34.12 ,-0.000103552 ,0 
855,34.16 ,-0.000110678 ,0 
856,34.2 ,-0.000118295 ,0 
857,34.24 ,-0.000126438 ,0 
858,34.28 ,-0.000135144 ,0 
859,34.32 ,-0.000144452 ,0 
860,34.36 ,-0.000154403 ,0 
861,34.4 ,-0.000165042 ,0 
862,34.44 ,-0.000176416 ,0 
863,34.48 ,-0.000188578 ,0 
864,34.52 ,-0.00020158 ,0 
865,34.56 ,-0.000215483 ,0 
866,34.6 ,-0.000230347 ,0 
867,34.64 ,-0.000246241 ,0 
868,34.68 ,-0.000263235 ,0 
869,34.72 ,-0.000281406 ,0 
870,34.76 ,-0.000300836 ,0 
871,34.8 ,-0.000321612 ,0 
872,34.84 ,-0.000343828 ,0 
873,34.88 ,-0.000367584 ,0 
874,34.92 ,-0.000392986 ,0 
875,34.96 ,-0.000420151 ,0 
876,35 ,-0.000449199 ,0 
877,35.04 ,-0.000480263 ,0 
878,35.08 ,-0.000513482 ,0 
879,35.12 ,-0.000549007 ,0 
880,35.16 ,-0.000586998 ,0 
881,35.2 ,-0.000627627 ,0 
882,35.24 ,-0.000671077 ,0 
883,35.28 ,-0.000717546 ,0 
884,35.32 ,-0.000767243 ,0 
885,35.36 ,-0.000820394 ,0 
886,35.4 ,-0.000877239 ,0 
887,35.44 ,-0.000938035 ,0 
888,35.48 ,-0.00100306 ,0 
889,35.52 ,-0.00107261 ,0 
890,35.56 ,-0.00114699 ,0 
891,35.6 ,-0.00122655 ,0 
892,35.64 ,-0.00131165 ,0 
893,35.68 ,-0.00140267 ,0 
894,35.72 ,-0.00150003 ,0 
895,35.76 ,-0.00160416 ,0 
896,35.8 ,-0.00171555 ,0 
897,35.84 ,-0.0018347 ,0 
898,35.88 ,-0.00196215 ,0 
899,35.92 ,-0.00209848 ,0 
900,35.96 ,-0.00224432 ,0 
901,36 ,-0.00240032 ,0 
902,36.04 ,-0.0025672 ,0 
903,36.08 ,-0.00274573 ,0 
904,36.12 ,-0.0029367 ,0 
905,36.16 ,-0.003141 ,0 
906,36.2 ,-0.00335956 ,0 
907,36.24 ,-0.00359337 ,0 
908,36.28 ,-0.0038435 ,0 
909,36.32 ,-0.00411111 ,0 
910,36.36 ,-0.0043974 ,0 
911,36.4 ,-0.00470369 ,0 
912,36.44 ,-0.00503138 ,0 
913,36.48 ,-0.00538197 ,0 
914,36.52 ,-0.00575707 ,0 
915,36.56 ,-0.00615839 ,0 
916,36.6 ,-0.00658777 ,0 
917,36.64 ,-0.00704718 ,0 
918,36.68 ,-0.00753872 ,0 
919,36.72 ,-0.00806465 ,0 
920,36.76 ,-0.00862739 ,0 
921,36.8 ,-0.00922951 ,0 
922,36.84 ,-0.00987379 ,0 
923,36.88 ,-0.0105632 ,0 
924,36.92 ,-0.0113008 ,0 
925,36.96 ,-0.0120901 ,0 
926,37 ,-0.0129348 ,0 
927,37.04 ,-0.0138386 ,0 
928,37.08 ,-0.0148057 ,0 
929,37.12 ,-0.0158406 ,0 
930,37.16 ,-0.0169481 ,0 
931,37.2 ,-0.0181333 ,0 
932,37.24 ,-0.0194015 ,0 
933,37.28 ,-0.0207588 ,0 
934,37.32 ,-0.0222112 ,0 
935,37.36 ,-0.0237656 ,0 
936,37.4 ,-0.025429 ,0 
937,37.44 ,-0.0272093 ,0 
938,37.48 ,-0.0291145 ,0 
939,37.52 ,-0.0311535 ,0 
940,37.56 ,-0.0333357 ,0 
941,37.6 ,-0.0356712 ,0 
942,37.64 ,-0.0381709 ,0 
943,37.68 ,-0.0408461 ,0 
944,37.72 ,-0.0437094 ,0 
945,37.76 ,-0.046774 ,0 
946,37.8 ,-0.0500541 ,0 
947,37.84 ,-0.0535648 ,0 
948,37.88 ,-0.0573225 ,0 
949,37.92 ,-0.0613444 ,0 
950,37.96 ,-0.0656494 ,0 
951,38 ,-0.0702574 ,0 
952,38.04 ,-0.0751897 ,0 
953,38.08 ,-0.0804692 ,0 
954,38.12 ,-0.0861204 ,0 
955,38.16 ,-0.0921696 ,0 
956,38.2 ,-0.0986448 ,0 
957,38.24 ,-0.105576 ,0 
958,38.28 ,-0.112996 ,0 
959,38.32 ,-0.120939 ,0 
960,38.36 ,-0.129441 ,0 
961,38.4 ,-0.138543 ,0 
962,38.44 ,-0.148287 ,0 
963,38.48 ,-0.158718 ,0 
964,38.52 ,-0.169884 ,0 
965,38.56 ,-0.181838 ,0 
966,38.6 ,-0.194636 ,0 
967,38.64 ,-0.208337 ,0 
968,38.68 ,-0.223004 ,0 
969,38.72 ,-0.238707 ,0 
970,38.76 ,-0.255519 ,0 
971,38.8 ,-0.273518 ,0 
972,38.84 ,-0.292788 ,0 
973,38.88 ,-0.31342 ,0 
974,38.92 ,-0.335509 ,0 
975,38.96 ,-0.359159 ,0 
976,39 ,-0.38448 ,0 
977,39.04 ,-0.411591 ,0 
978,39.08 ,-0.440619 ,0 
979,39.12 ,-0.471699 ,0 
980,39.16 ,-0.504977 ,0 
981,39.2 ,-0.54061 ,0 
982,39.24 ,-0.578762 ,0 
983,39.28 ,-0.619615 ,0 
984,39.32 ,-0.663358 ,0 
985,39.36 ,-0.710198 ,0 
986,39.4 ,-0.760353 ,0 
987,39.44 ,-0.814059 ,0 
988,39.48 ,-0.871568 ,0 
989,39.52 ,-0.93315 ,0 
990,39.56 ,-0.999095 ,0 
991,39.6 ,-1.06971 ,0 
992,39.64 ,-1.14533 ,0 
993,39.68 ,-1.22631 ,0 
994,39.72 ,-1.31303 ,0 
995,39.76 ,-1.4059 ,0 
996,39.8 ,-1.50535 ,0 
997,39.84 ,-1.61185 ,0 
998,39.88 ,-1.72591 ,0 
999,39.92 ,-1.84806 ,0 
1000,39.96 ,-1.97887 ,0 