
1,0 ,0 ,0 
2,0.025 ,0 ,0 
3,0.05 ,0 ,0 
4,0.075 ,9.0431e-06 ,0 
5,0.1 ,2.12782e-05 ,0 
6,0.125 ,4.14824e-05 ,0 
7,0.15 ,7.1619e-05 ,0 
8,0.175 ,0.000113651 ,0 
9,0.2 ,0.000169536 ,0 
10,0.225 ,0.000241218 ,0 
11,0.25 ,0.000330632 ,0 
12,0.275 ,0.000439697 ,0 
13,0.3 ,0.000570317 ,0 
14,0.325 ,0.00072438 ,0 
15,0.35 ,0.000903753 ,0 
16,0.375 ,0.00111028 ,0 
17,0.4 ,0.0013458 ,0 
18,0.425 ,0.0016121 ,0 
19,0.45 ,0.00191097 ,0 
20,0.475 ,0.00224416 ,0 
21,0.5 ,0.00261339 ,0 
22,0.525 ,0.00302036 ,0 
23,0.55 ,0.00346673 ,0 
24,0.575 ,0.00395414 ,0 
25,0.6 ,0.0044842 ,0 
26,0.625 ,0.00505846 ,0 
27,0.65 ,0.00567846 ,0 
28,0.675 ,0.0063457 ,0 
29,0.7 ,0.00706164 ,0 
30,0.725 ,0.00782769 ,0 
31,0.75 ,0.00864523 ,0 
32,0.775 ,0.0095156 ,0 
33,0.8 ,0.0104401 ,0 
34,0.825 ,0.01142 ,0 
35,0.85 ,0.0124565 ,0 
36,0.875 ,0.0135507 ,0 
37,0.9 ,0.0147038 ,0 
38,0.925 ,0.0159168 ,0 
39,0.95 ,0.0171908 ,0 
40,0.975 ,0.0185268 ,0 
41,1 ,0.0199256 ,0 
42,1.025 ,0.0213882 ,0 
43,1.05 ,0.0229153 ,0 
44,1.075 ,0.0245078 ,0 
45,1.1 ,0.0261663 ,0 
46,1.125 ,0.0278916 ,0 
47,1.15 ,0.0296842 ,0 
48,1.175 ,0.0315448 ,0 
49,1.2 ,0.0334738 ,0 
50,1.225 ,0.0354716 ,0 
51,1.25 ,0.0375388 ,0 
52,1.275 ,0.0396756 ,0 
53,1.3 ,0.0418823 ,0 
54,1.325 ,0.0441592 ,0 
55,1.35 ,0.0465064 ,0 
56,1.375 ,0.0489241 ,0 
57,1.4 ,0.0514123 ,0 
58,1.425 ,0.0539711 ,0 
59,1.45 ,0.0566004 ,0 
60,1.475 ,0.0593002 ,0 
61,1.5 ,0.0620702 ,0 
62,1.525 ,0.0649102 ,0 
63,1.55 ,0.0678201 ,0 
64,1.575 ,0.0707995 ,0 
65,1.6 ,0.0738479 ,0 
66,1.625 ,0.0769651 ,0 
67,1.65 ,0.0801505 ,0 
68,1.675 ,0.0834035 ,0 
69,1.7 ,0.0867237 ,0 
70,1.725 ,0.0901103 ,0 
71,1.75 ,0.0935626 ,0 
72,1.775 ,0.09708 ,0 
73,1.8 ,0.100662 ,0 
74,1.825 ,0.104307 ,0 
75,1.85 ,0.108014 ,0 
76,1.875 ,0.111783 ,0 
77,1.9 ,0.115613 ,0 
78,1.925 ,0.119502 ,0 
79,1.95 ,0.12345 ,0 
80,1.975 ,0.127455 ,0 
81,2 ,0.131516 ,0 
82,2.025 ,0.135632 ,0 
83,2.05 ,0.139802 ,0 
84,2.075 ,0.144024 ,0 
85,2.1 ,0.148297 ,0 
86,2.125 ,0.15262 ,0 
87,2.15 ,0.156991 ,0 
88,2.175 ,0.161408 ,0 
89,2.2 ,0.165871 ,0 
90,2.225 ,0.170378 ,0 
91,2.25 ,0.174927 ,0 
92,2.275 ,0.179516 ,0 
93,2.3 ,0.184145 ,0 
94,2.325 ,0.18881 ,0 
95,2.35 ,0.193512 ,0 
96,2.375 ,0.198247 ,0 
97,2.4 ,0.203014 ,0 
98,2.425 ,0.207811 ,0 
99,2.45 ,0.212637 ,0 
100,2.475 ,0.21749 ,0 
101,2.5 ,0.222367 ,0 
102,2.525 ,0.227268 ,0 
103,2.55 ,0.23219 ,0 
104,2.575 ,0.23713 ,0 
105,2.6 ,0.242089 ,0 
106,2.625 ,0.247062 ,0 
107,2.65 ,0.252049 ,0 
108,2.675 ,0.257047 ,0 
109,2.7 ,0.262055 ,0 
110,2.725 ,0.26707 ,0 
111,2.75 ,0.272091 ,0 
112,2.775 ,0.277115 ,0 
113,2.8 ,0.28214 ,0 
114,2.825 ,0.287165 ,0 
115,2.85 ,0.292188 ,0 
116,2.875 ,0.297206 ,0 
117,2.9 ,0.302217 ,0 
118,2.925 ,0.30722 ,0 
119,2.95 ,0.312212 ,0 
120,2.975 ,0.317191 ,0 
121,3 ,0.322156 ,0 
122,3.025 ,0.327104 ,0 
123,3.05 ,0.332034 ,0 
124,3.075 ,0.336943 ,0 
125,3.1 ,0.341829 ,0 
126,3.125 ,0.346691 ,0 
127,3.15 ,0.351526 ,0 
128,3.175 ,0.356333 ,0 
129,3.2 ,0.36111 ,0 
130,3.225 ,0.365854 ,0 
131,3.25 ,0.370564 ,0 
132,3.275 ,0.375238 ,0 
133,3.3 ,0.379875 ,0 
134,3.325 ,0.384471 ,0 
135,3.35 ,0.389026 ,0 
136,3.375 ,0.393538 ,0 
137,3.4 ,0.398005 ,0 
138,3.425 ,0.402425 ,0 
139,3.45 ,0.406796 ,0 
140,3.475 ,0.411117 ,0 
141,3.5 ,0.415387 ,0 
142,3.525 ,0.419603 ,0 
143,3.55 ,0.423764 ,0 
144,3.575 ,0.427868 ,0 
145,3.6 ,0.431914 ,0 
146,3.625 ,0.435901 ,0 
147,3.65 ,0.439826 ,0 
148,3.675 ,0.443689 ,0 
149,3.7 ,0.447487 ,0 
150,3.725 ,0.451221 ,0 
151,3.75 ,0.454887 ,0 
152,3.775 ,0.458486 ,0 
153,3.8 ,0.462015 ,0 
154,3.825 ,0.465474 ,0 
155,3.85 ,0.468861 ,0 
156,3.875 ,0.472175 ,0 
157,3.9 ,0.475416 ,0 
158,3.925 ,0.478581 ,0 
159,3.95 ,0.48167 ,0 
160,3.975 ,0.484682 ,0 
161,4 ,0.487617 ,0 
162,4.025 ,0.490472 ,0 
163,4.05 ,0.493248 ,0 
164,4.075 ,0.495942 ,0 
165,4.1 ,0.498556 ,0 
166,4.125 ,0.501087 ,0 
167,4.15 ,0.503536 ,0 
168,4.175 ,0.5059 ,0 
169,4.2 ,0.508181 ,0 
170,4.225 ,0.510377 ,0 
171,4.25 ,0.512488 ,0 
172,4.275 ,0.514513 ,0 
173,4.3 ,0.516452 ,0 
174,4.325 ,0.518304 ,0 
175,4.35 ,0.520069 ,0 
176,4.375 ,0.521746 ,0 
177,4.4 ,0.523337 ,0 
178,4.425 ,0.524839 ,0 
179,4.45 ,0.526253 ,0 
180,4.475 ,0.527579 ,0 
181,4.5 ,0.528816 ,0 
182,4.525 ,0.529965 ,0 
183,4.55 ,0.531026 ,0 
184,4.575 ,0.531998 ,0 
185,4.6 ,0.532881 ,0 
186,4.625 ,0.533676 ,0 
187,4.65 ,0.534383 ,0 
188,4.675 ,0.535002 ,0 
189,4.7 ,0.535533 ,0 
190,4.725 ,0.535976 ,0 
191,4.75 ,0.536332 ,0 
192,4.775 ,0.5366 ,0 
193,4.8 ,0.536782 ,0 
194,4.825 ,0.536878 ,0 
195,4.85 ,0.536887 ,0 
196,4.875 ,0.536811 ,0 
197,4.9 ,0.53665 ,0 
198,4.925 ,0.536404 ,0 
199,4.95 ,0.536074 ,0 
200,4.975 ,0.535661 ,0 
201,5 ,0.535165 ,0 
202,5.025 ,0.534587 ,0 
203,5.05 ,0.533927 ,0 
204,5.075 ,0.533187 ,0 
205,5.1 ,0.532366 ,0 
206,5.125 ,0.531466 ,0 
207,5.15 ,0.530488 ,0 
208,5.175 ,0.529432 ,0 
209,5.2 ,0.528299 ,0 
210,5.225 ,0.52709 ,0 
211,5.25 ,0.525806 ,0 
212,5.275 ,0.524447 ,0 
213,5.3 ,0.523016 ,0 
214,5.325 ,0.521512 ,0 
215,5.35 ,0.519937 ,0 
216,5.375 ,0.518291 ,0 
217,5.4 ,0.516576 ,0 
218,5.425 ,0.514793 ,0 
219,5.45 ,0.512943 ,0 
220,5.475 ,0.511027 ,0 
221,5.5 ,0.509045 ,0 
222,5.525 ,0.507 ,0 
223,5.55 ,0.504892 ,0 
224,5.575 ,0.502723 ,0 
225,5.6 ,0.500492 ,0 
226,5.625 ,0.498203 ,0 
227,5.65 ,0.495855 ,0 
228,5.675 ,0.493451 ,0 
229,5.7 ,0.490991 ,0 
230,5.725 ,0.488476 ,0 
231,5.75 ,0.485908 ,0 
232,5.775 ,0.483288 ,0 
233,5.8 ,0.480617 ,0 
234,5.825 ,0.477897 ,0 
235,5.85 ,0.475128 ,0 
236,5.875 ,0.472313 ,0 
237,5.9 ,0.469451 ,0 
238,5.925 ,0.466545 ,0 
239,5.95 ,0.463596 ,0 
240,5.975 ,0.460604 ,0 
241,6 ,0.457573 ,0 
242,6.025 ,0.454501 ,0 
243,6.05 ,0.451392 ,0 
244,6.075 ,0.448245 ,0 
245,6.1 ,0.445064 ,0 
246,6.125 ,0.441847 ,0 
247,6.15 ,0.438598 ,0 
248,6.175 ,0.435317 ,0 
249,6.2 ,0.432006 ,0 
250,6.225 ,0.428665 ,0 
251,6.25 ,0.425297 ,0 
252,6.275 ,0.421901 ,0 
253,6.3 ,0.418481 ,0 
254,6.325 ,0.415036 ,0 
255,6.35 ,0.411568 ,0 
256,6.375 ,0.408078 ,0 
257,6.4 ,0.404568 ,0 
258,6.425 ,0.401039 ,0 
259,6.45 ,0.397491 ,0 
260,6.475 ,0.393927 ,0 
261,6.5 ,0.390347 ,0 
262,6.525 ,0.386753 ,0 
263,6.55 ,0.383145 ,0 
264,6.575 ,0.379525 ,0 
265,6.6 ,0.375893 ,0 
266,6.625 ,0.372252 ,0 
267,6.65 ,0.368603 ,0 
268,6.675 ,0.364945 ,0 
269,6.7 ,0.361281 ,0 
270,6.725 ,0.357611 ,0 
271,6.75 ,0.353937 ,0 
272,6.775 ,0.35026 ,0 
273,6.8 ,0.34658 ,0 
274,6.825 ,0.342899 ,0 
275,6.85 ,0.339218 ,0 
276,6.875 ,0.335538 ,0 
277,6.9 ,0.331859 ,0 
278,6.925 ,0.328182 ,0 
279,6.95 ,0.32451 ,0 
280,6.975 ,0.320842 ,0 
281,7 ,0.317179 ,0 
282,7.025 ,0.313523 ,0 
283,7.05 ,0.309874 ,0 
284,7.075 ,0.306233 ,0 
285,7.1 ,0.302601 ,0 
286,7.125 ,0.298979 ,0 
287,7.15 ,0.295368 ,0 
288,7.175 ,0.291768 ,0 
289,7.2 ,0.28818 ,0 
290,7.225 ,0.284606 ,0 
291,7.25 ,0.281045 ,0 
292,7.275 ,0.277498 ,0 
293,7.3 ,0.273967 ,0 
294,7.325 ,0.270452 ,0 
295,7.35 ,0.266953 ,0 
296,7.375 ,0.263472 ,0 
297,7.4 ,0.260008 ,0 
298,7.425 ,0.256563 ,0 
299,7.45 ,0.253137 ,0 
300,7.475 ,0.249731 ,0 
301,7.5 ,0.246346 ,0 
302,7.525 ,0.242981 ,0 
303,7.55 ,0.239638 ,0 
304,7.575 ,0.236316 ,0 
305,7.6 ,0.233018 ,0 
306,7.625 ,0.229742 ,0 
307,7.65 ,0.22649 ,0 
308,7.675 ,0.223261 ,0 
309,7.7 ,0.220057 ,0 
310,7.725 ,0.216878 ,0 
311,7.75 ,0.213724 ,0 
312,7.775 ,0.210596 ,0 
313,7.8 ,0.207493 ,0 
314,7.825 ,0.204417 ,0 
315,7.85 ,0.201368 ,0 
316,7.875 ,0.198346 ,0 
317,7.9 ,0.195351 ,0 
318,7.925 ,0.192384 ,0 
319,7.95 ,0.189445 ,0 
320,7.975 ,0.186534 ,0 
321,8 ,0.183651 ,0 
322,8.025 ,0.180797 ,0 
323,8.05 ,0.177972 ,0 
324,8.075 ,0.175176 ,0 
325,8.1 ,0.172409 ,0 
326,8.125 ,0.169672 ,0 
327,8.15 ,0.166964 ,0 
328,8.175 ,0.164285 ,0 
329,8.2 ,0.161636 ,0 
330,8.225 ,0.159017 ,0 
331,8.25 ,0.156428 ,0 
332,8.275 ,0.153868 ,0 
333,8.3 ,0.151338 ,0 
334,8.325 ,0.148838 ,0 
335,8.35 ,0.146367 ,0 
336,8.375 ,0.143927 ,0 
337,8.4 ,0.141516 ,0 
338,8.425 ,0.139135 ,0 
339,8.45 ,0.136784 ,0 
340,8.475 ,0.134462 ,0 
341,8.5 ,0.13217 ,0 
342,8.525 ,0.129907 ,0 
343,8.55 ,0.127674 ,0 
344,8.575 ,0.12547 ,0 
345,8.6 ,0.123295 ,0 
346,8.625 ,0.121149 ,0 
347,8.65 ,0.119032 ,0 
348,8.675 ,0.116943 ,0 
349,8.7 ,0.114884 ,0 
350,8.725 ,0.112852 ,0 
351,8.75 ,0.110849 ,0 
352,8.775 ,0.108874 ,0 
353,8.8 ,0.106927 ,0 
354,8.825 ,0.105008 ,0 
355,8.85 ,0.103116 ,0 
356,8.875 ,0.101252 ,0 
357,8.9 ,0.0994149 ,0 
358,8.925 ,0.0976047 ,0 
359,8.95 ,0.0958213 ,0 
360,8.975 ,0.0940643 ,0 
361,9 ,0.0923337 ,0 
362,9.025 ,0.0906292 ,0 
363,9.05 ,0.0889505 ,0 
364,9.075 ,0.0872975 ,0 
365,9.1 ,0.0856699 ,0 
366,9.125 ,0.0840675 ,0 
367,9.15 ,0.08249 ,0 
368,9.175 ,0.0809371 ,0 
369,9.2 ,0.0794088 ,0 
370,9.225 ,0.0779046 ,0 
371,9.25 ,0.0764244 ,0 
372,9.275 ,0.0749679 ,0 
373,9.3 ,0.0735348 ,0 
374,9.325 ,0.072125 ,0 
375,9.35 ,0.070738 ,0 
376,9.375 ,0.0693738 ,0 
377,9.4 ,0.068032 ,0 
378,9.425 ,0.0667124 ,0 
379,9.45 ,0.0654148 ,0 
380,9.475 ,0.0641388 ,0 
381,9.5 ,0.0628841 ,0 
382,9.525 ,0.0616507 ,0 
383,9.55 ,0.0604381 ,0 
384,9.575 ,0.0592462 ,0 
385,9.6 ,0.0580747 ,0 
386,9.625 ,0.0569232 ,0 
387,9.65 ,0.0557917 ,0 
388,9.675 ,0.0546797 ,0 
389,9.7 ,0.0535871 ,0 
390,9.725 ,0.0525136 ,0 
391,9.75 ,0.0514589 ,0 
392,9.775 ,0.0504228 ,0 
393,9.8 ,0.0494051 ,0 
394,9.825 ,0.0484054 ,0 
395,9.85 ,0.0474236 ,0 
396,9.875 ,0.0464593 ,0 
397,9.9 ,0.0455124 ,0 
398,9.925 ,0.0445826 ,0 
399,9.95 ,0.0436697 ,0 
400,9.975 ,0.0427733 ,0 
401,10 ,0.0418933 ,0 
402,10.025 ,0.0410295 ,0 
403,10.05 ,0.0401815 ,0 
404,10.075 ,0.0393492 ,0 
405,10.1 ,0.0385323 ,0 
406,10.125 ,0.0377305 ,0 
407,10.15 ,0.0369438 ,0 
408,10.175 ,0.0361717 ,0 
409,10.2 ,0.0354142 ,0 
410,10.225 ,0.0346709 ,0 
411,10.25 ,0.0339417 ,0 
412,10.275 ,0.0332263 ,0 
413,10.3 ,0.0325246 ,0 
414,10.325 ,0.0318362 ,0 
415,10.35 ,0.031161 ,0 
416,10.375 ,0.0304988 ,0 
417,10.4 ,0.0298493 ,0 
418,10.425 ,0.0292124 ,0 
419,10.45 ,0.0285879 ,0 
420,10.475 ,0.0279755 ,0 
421,10.5 ,0.027375 ,0 
422,10.525 ,0.0267863 ,0 
423,10.55 ,0.0262091 ,0 
424,10.575 ,0.0256433 ,0 
425,10.6 ,0.0250886 ,0 
426,10.625 ,0.024545 ,0 
427,10.65 ,0.0240121 ,0 
428,10.675 ,0.0234898 ,0 
429,10.7 ,0.0229779 ,0 
430,10.725 ,0.0224763 ,0 
431,10.75 ,0.0219847 ,0 
432,10.775 ,0.021503 ,0 
433,10.8 ,0.0210311 ,0 
434,10.825 ,0.0205686 ,0 
435,10.85 ,0.0201156 ,0 
436,10.875 ,0.0196717 ,0 
437,10.9 ,0.0192369 ,0 
438,10.925 ,0.018811 ,0 
439,10.95 ,0.0183937 ,0 
440,10.975 ,0.0179851 ,0 
441,11 ,0.0175848 ,0 
442,11.025 ,0.0171928 ,0 
443,11.05 ,0.0168089 ,0 
444,11.075 ,0.016433 ,0 
445,11.1 ,0.0160649 ,0 
446,11.125 ,0.0157044 ,0 
447,11.15 ,0.0153515 ,0 
448,11.175 ,0.0150059 ,0 
449,11.2 ,0.0146676 ,0 
450,11.225 ,0.0143363 ,0 
451,11.25 ,0.0140121 ,0 
452,11.275 ,0.0136947 ,0 
453,11.3 ,0.013384 ,0 
454,11.325 ,0.0130799 ,0 
455,11.35 ,0.0127822 ,0 
456,11.375 ,0.0124909 ,0 
457,11.4 ,0.0122057 ,0 
458,11.425 ,0.0119267 ,0 
459,11.45 ,0.0116537 ,0 
460,11.475 ,0.0113865 ,0 
461,11.5 ,0.011125 ,0 
462,11.525 ,0.0108692 ,0 
463,11.55 ,0.0106189 ,0 
464,11.575 ,0.0103741 ,0 
465,11.6 ,0.0101345 ,0 
466,11.625 ,0.0099001 ,0 
467,11.65 ,0.00967083 ,0 
468,11.675 ,0.00944655 ,0 
469,11.7 ,0.00922717 ,0 
470,11.725 ,0.00901259 ,0 
471,11.75 ,0.00880271 ,0 
472,11.775 ,0.00859744 ,0 
473,11.8 ,0.00839668 ,0 
474,11.825 ,0.00820035 ,0 
475,11.85 ,0.00800836 ,0 
476,11.875 ,0.00782061 ,0 
477,11.9 ,0.00763702 ,0 
478,11.925 ,0.00745751 ,0 
479,11.95 ,0.00728198 ,0 
480,11.975 ,0.00711037 ,0 
481,12 ,0.00694259 ,0 
482,12.025 ,0.00677855 ,0 
483,12.05 ,0.00661819 ,0 
484,12.075 ,0.00646143 ,0 
485,12.1 ,0.00630818 ,0 
486,12.125 ,0.00615839 ,0 
487,12.15 ,0.00601197 ,0 
488,12.175 ,0.00586885 ,0 
489,12.2 ,0.00572897 ,0 
490,12.225 ,0.00559226 ,0 
491,12.25 ,0.00545865 ,0 
492,12.275 ,0.00532808 ,0 
493,12.3 ,0.00520048 ,0 
494,12.325 ,0.00507578 ,0 
495,12.35 ,0.00495393 ,0 
496,12.375 ,0.00483487 ,0 
497,12.4 ,0.00471854 ,0 
498,12.425 ,0.00460487 ,0 
499,12.45 ,0.00449381 ,0 
500,12.475 ,0.00438531 ,0 
501,12.5 ,0.0042793 ,0 
502,12.525 ,0.00417574 ,0 
503,12.55 ,0.00407458 ,0 
504,12.575 ,0.00397575 ,0 
505,12.6 ,0.00387921 ,0 
506,12.625 ,0.00378492 ,0 
507,12.65 ,0.00369281 ,0 
508,12.675 ,0.00360285 ,0 
509,12.7 ,0.00351499 ,0 
510,12.725 ,0.00342917 ,0 
511,12.75 ,0.00334536 ,0 
512,12.775 ,0.00326351 ,0 
513,12.8 ,0.00318358 ,0 
514,12.825 ,0.00310552 ,0 
515,12.85 ,0.0030293 ,0 
516,12.875 ,0.00295487 ,0 
517,12.9 ,0.0028822 ,0 
518,12.925 ,0.00281123 ,0 
519,12.95 ,0.00274195 ,0 
520,12.975 ,0.0026743 ,0 
521,13 ,0.00260826 ,0 
522,13.025 ,0.00254378 ,0 
523,13.05 ,0.00248083 ,0 
524,13.075 ,0.00241938 ,0 
525,13.1 ,0.00235939 ,0 
526,13.125 ,0.00230083 ,0 
527,13.15 ,0.00224367 ,0 
528,13.175 ,0.00218787 ,0 
529,13.2 ,0.00213341 ,0 
530,13.225 ,0.00208025 ,0 
531,13.25 ,0.00202837 ,0 
532,13.275 ,0.00197773 ,0 
533,13.3 ,0.00192831 ,0 
534,13.325 ,0.00188008 ,0 
535,13.35 ,0.00183301 ,0 
536,13.375 ,0.00178708 ,0 
537,13.4 ,0.00174226 ,0 
538,13.425 ,0.00169851 ,0 
539,13.45 ,0.00165583 ,0 
540,13.475 ,0.00161419 ,0 
541,13.5 ,0.00157355 ,0 
542,13.525 ,0.0015339 ,0 
543,13.55 ,0.00149522 ,0 
544,13.575 ,0.00145747 ,0 
545,13.6 ,0.00142065 ,0 
546,13.625 ,0.00138472 ,0 
547,13.65 ,0.00134968 ,0 
548,13.675 ,0.00131549 ,0 
549,13.7 ,0.00128213 ,0 
550,13.725 ,0.0012496 ,0 
551,13.75 ,0.00121786 ,0 
552,13.775 ,0.0011869 ,0 
553,13.8 ,0.0011567 ,0 
554,13.825 ,0.00112725 ,0 
555,13.85 ,0.00109852 ,0 
556,13.875 ,0.0010705 ,0 
557,13.9 ,0.00104317 ,0 
558,13.925 ,0.00101652 ,0 
559,13.95 ,0.000990523 ,0 
560,13.975 ,0.000965173 ,0 
561,14 ,0.000940451 ,0 
562,14.025 ,0.000916343 ,0 
563,14.05 ,0.000892834 ,0 
564,14.075 ,0.000869909 ,0 
565,14.1 ,0.000847555 ,0 
566,14.125 ,0.000825758 ,0 
567,14.15 ,0.000804504 ,0 
568,14.175 ,0.000783781 ,0 
569,14.2 ,0.000763576 ,0 
570,14.225 ,0.000743876 ,0 
571,14.25 ,0.000724669 ,0 
572,14.275 ,0.000705944 ,0 
573,14.3 ,0.000687688 ,0 
574,14.325 ,0.000669891 ,0 
575,14.35 ,0.00065254 ,0 
576,14.375 ,0.000635627 ,0 
577,14.4 ,0.000619139 ,0 
578,14.425 ,0.000603066 ,0 
579,14.45 ,0.000587399 ,0 
580,14.475 ,0.000572128 ,0 
581,14.5 ,0.000557242 ,0 
582,14.525 ,0.000542733 ,0 
583,14.55 ,0.000528591 ,0 
584,14.575 ,0.000514808 ,0 
585,14.6 ,0.000501374 ,0 
586,14.625 ,0.000488281 ,0 
587,14.65 ,0.000475521 ,0 
588,14.675 ,0.000463085 ,0 
589,14.7 ,0.000450965 ,0 
590,14.725 ,0.000439155 ,0 
591,14.75 ,0.000427645 ,0 
592,14.775 ,0.000416429 ,0 
593,14.8 ,0.0004055 ,0 
594,14.825 ,0.00039485 ,0 
595,14.85 ,0.000384472 ,0 
596,14.875 ,0.00037436 ,0 
597,14.9 ,0.000364507 ,0 
598,14.925 ,0.000354907 ,0 
599,14.95 ,0.000345553 ,0 
600,14.975 ,0.00033644 ,0 
601,15 ,0.000327561 ,0 
602,15.025 ,0.00031891 ,0 
603,15.05 ,0.000310482 ,0 
604,15.075 ,0.000302271 ,0 
605,15.1 ,0.000294272 ,0 
606,15.125 ,0.00028648 ,0 
607,15.15 ,0.000278888 ,0 
608,15.175 ,0.000271493 ,0 
609,15.2 ,0.00026429 ,0 
610,15.225 ,0.000257273 ,0 
611,15.25 ,0.000250438 ,0 
612,15.275 ,0.00024378 ,0 
613,15.3 ,0.000237294 ,0 
614,15.325 ,0.000230978 ,0 
615,15.35 ,0.000224825 ,0 
616,15.375 ,0.000218833 ,0 
617,15.4 ,0.000212996 ,0 
618,15.425 ,0.000207312 ,0 
619,15.45 ,0.000201776 ,0 
620,15.475 ,0.000196384 ,0 
621,15.5 ,0.000191133 ,0 
622,15.525 ,0.000186019 ,0 
623,15.55 ,0.000181039 ,0 
624,15.575 ,0.00017619 ,0 
625,15.6 ,0.000171467 ,0 
626,15.625 ,0.000166868 ,0 
627,15.65 ,0.00016239 ,0 
628,15.675 ,0.000158029 ,0 
629,15.7 ,0.000153783 ,0 
630,15.725 ,0.000149648 ,0 
631,15.75 ,0.000145622 ,0 
632,15.775 ,0.000141703 ,0 
633,15.8 ,0.000137886 ,0 
634,15.825 ,0.00013417 ,0 
635,15.85 ,0.000130552 ,0 
636,15.875 ,0.000127029 ,0 
637,15.9 ,0.0001236 ,0 
638,15.925 ,0.000120261 ,0 
639,15.95 ,0.00011701 ,0 
640,15.975 ,0.000113846 ,0 
641,16 ,0.000110765 ,0 
642,16.025 ,0.000107766 ,0 
643,16.05 ,0.000104847 ,0 
644,16.075 ,0.000102005 ,0 
645,16.1 ,9.9238e-05 ,0 
646,16.125 ,9.65449e-05 ,0 
647,16.15 ,9.39235e-05 ,0 
648,16.175 ,9.13718e-05 ,0 
649,16.2 ,8.88881e-05 ,0 
650,16.225 ,8.64705e-05 ,0 
651,16.25 ,8.41174e-05 ,0 
652,16.275 ,8.1827e-05 ,0 
653,16.3 ,7.95978e-05 ,0 
654,16.325 ,7.74281e-05 ,0 
655,16.35 ,7.53165e-05 ,0 
656,16.375 ,7.32613e-05 ,0 
657,16.4 ,7.12611e-05 ,0 
658,16.425 ,6.93145e-05 ,0 
659,16.45 ,6.742e-05 ,0 
660,16.475 ,6.55763e-05 ,0 
661,16.5 ,6.37821e-05 ,0 
662,16.525 ,6.20361e-05 ,0 
663,16.55 ,6.03369e-05 ,0 
664,16.575 ,5.86835e-05 ,0 
665,16.6 ,5.70745e-05 ,0 
666,16.625 ,5.55088e-05 ,0 
667,16.65 ,5.39852e-05 ,0 
668,16.675 ,5.25028e-05 ,0 
669,16.7 ,5.10602e-05 ,0 
670,16.725 ,4.96566e-05 ,0 
671,16.75 ,4.82909e-05 ,0 
672,16.775 ,4.69621e-05 ,0 
673,16.8 ,4.56692e-05 ,0 
674,16.825 ,4.44112e-05 ,0 
675,16.85 ,4.31873e-05 ,0 
676,16.875 ,4.19965e-05 ,0 
677,16.9 ,4.08379e-05 ,0 
678,16.925 ,3.97108e-05 ,0 
679,16.95 ,3.86142e-05 ,0 
680,16.975 ,3.75474e-05 ,0 
681,17 ,3.65095e-05 ,0 
682,17.025 ,3.54999e-05 ,0 
683,17.05 ,3.45176e-05 ,0 
684,17.075 ,3.35621e-05 ,0 
685,17.1 ,3.26326e-05 ,0 
686,17.125 ,3.17284e-05 ,0 
687,17.15 ,3.08489e-05 ,0 
688,17.175 ,2.99933e-05 ,0 
689,17.2 ,2.9161e-05 ,0 
690,17.225 ,2.83514e-05 ,0 
691,17.25 ,2.7564e-05 ,0 
692,17.275 ,2.6798e-05 ,0 
693,17.3 ,2.6053e-05 ,0 
694,17.325 ,2.53284e-05 ,0 
695,17.35 ,2.46236e-05 ,0 
696,17.375 ,2.3938e-05 ,0 
697,17.4 ,2.32713e-05 ,0 
698,17.425 ,2.26228e-05 ,0 
699,17.45 ,2.19921e-05 ,0 
700,17.475 ,2.13787e-05 ,0 
701,17.5 ,2.07822e-05 ,0 
702,17.525 ,2.0202e-05 ,0 
703,17.55 ,1.96378e-05 ,0 
704,17.575 ,1.9089e-05 ,0 
705,17.6 ,1.85554e-05 ,0 
706,17.625 ,1.80365e-05 ,0 
707,17.65 ,1.75318e-05 ,0 
708,17.675 ,1.70411e-05 ,0 
709,17.7 ,1.65638e-05 ,0 
710,17.725 ,1.60998e-05 ,0 
711,17.75 ,1.56485e-05 ,0 
712,17.775 ,1.52097e-05 ,0 
713,17.8 ,1.4783e-05 ,0 
714,17.825 ,1.43681e-05 ,0 
715,17.85 ,1.39646e-05 ,0 
716,17.875 ,1.35724e-05 ,0 
717,17.9 ,1.31909e-05 ,0 
718,17.925 ,1.28201e-05 ,0 
719,17.95 ,1.24595e-05 ,0 
720,17.975 ,1.21089e-05 ,0 
721,18 ,1.1768e-05 ,0 
722,18.025 ,1.14366e-05 ,0 
723,18.05 ,1.11144e-05 ,0 
724,18.075 ,1.08011e-05 ,0 
725,18.1 ,1.04965e-05 ,0 
726,18.125 ,1.02004e-05 ,0 
727,18.15 ,9.91253e-06 ,0 
728,18.175 ,9.63266e-06 ,0 
729,18.2 ,9.36058e-06 ,0 
730,18.225 ,9.09607e-06 ,0 
731,18.25 ,8.83894e-06 ,0 
732,18.275 ,8.58897e-06 ,0 
733,18.3 ,8.34597e-06 ,0 
734,18.325 ,8.10975e-06 ,0 
735,18.35 ,7.88012e-06 ,0 
736,18.375 ,7.65691e-06 ,0 
737,18.4 ,7.43993e-06 ,0 
738,18.425 ,7.22901e-06 ,0 
739,18.45 ,7.02399e-06 ,0 
740,18.475 ,6.82471e-06 ,0 
741,18.5 ,6.631e-06 ,0 
742,18.525 ,6.44271e-06 ,0 
743,18.55 ,6.2597e-06 ,0 
744,18.575 ,6.08182e-06 ,0 
745,18.6 ,5.90893e-06 ,0 
746,18.625 ,5.74088e-06 ,0 
747,18.65 ,5.57755e-06 ,0 
748,18.675 ,5.41881e-06 ,0 
749,18.7 ,5.26452e-06 ,0 
750,18.725 ,5.11457e-06 ,0 
751,18.75 ,4.96884e-06 ,0 
752,18.775 ,4.8272e-06 ,0 
753,18.8 ,4.68954e-06 ,0 
754,18.825 ,4.55577e-06 ,0 
755,18.85 ,4.42575e-06 ,0 
756,18.875 ,4.29941e-06 ,0 
757,18.9 ,4.17662e-06 ,0 
758,18.925 ,4.05729e-06 ,0 
759,18.95 ,3.94133e-06 ,0 
760,18.975 ,3.82864e-06 ,0 
761,19 ,3.71913e-06 ,0 
762,19.025 ,3.61272e-06 ,0 
763,19.05 ,3.50931e-06 ,0 
764,19.075 ,3.40882e-06 ,0 
765,19.1 ,3.31118e-06 ,0 
766,19.125 ,3.2163e-06 ,0 
767,19.15 ,3.1241e-06 ,0 
768,19.175 ,3.03451e-06 ,0 
769,19.2 ,2.94746e-06 ,0 
770,19.225 ,2.86288e-06 ,0 
771,19.25 ,2.78069e-06 ,0 
772,19.275 ,2.70084e-06 ,0 
773,19.3 ,2.62325e-06 ,0 
774,19.325 ,2.54786e-06 ,0 
775,19.35 ,2.47461e-06 ,0 
776,19.375 ,2.40345e-06 ,0 
777,19.4 ,2.3343e-06 ,0 
778,19.425 ,2.26712e-06 ,0 
779,19.45 ,2.20185e-06 ,0 
780,19.475 ,2.13844e-06 ,0 
781,19.5 ,2.07683e-06 ,0 
782,19.525 ,2.01698e-06 ,0 
783,19.55 ,1.95883e-06 ,0 
784,19.575 ,1.90234e-06 ,0 
785,19.6 ,1.84746e-06 ,0 
786,19.625 ,1.79414e-06 ,0 
787,19.65 ,1.74234e-06 ,0 
788,19.675 ,1.69202e-06 ,0 
789,19.7 ,1.64314e-06 ,0 
790,19.725 ,1.59565e-06 ,0 
791,19.75 ,1.54952e-06 ,0 
792,19.775 ,1.50471e-06 ,0 
793,19.8 ,1.46118e-06 ,0 
794,19.825 ,1.4189e-06 ,0 
795,19.85 ,1.37782e-06 ,0 
796,19.875 ,1.33792e-06 ,0 
797,19.9 ,1.29916e-06 ,0 
798,19.925 ,1.26151e-06 ,0 
799,19.95 ,1.22495e-06 ,0 
800,19.975 ,1.18942e-06 ,0 
801,20 ,1.15492e-06 ,0 
802,20.025 ,1.12141e-06 ,0 
803,20.05 ,1.08886e-06 ,0 
804,20.075 ,1.05724e-06 ,0 
805,20.1 ,1.02653e-06 ,0 
806,20.125 ,9.96704e-07 ,0 
807,20.15 ,9.67733e-07 ,0 
808,20.175 ,9.39596e-07 ,0 
809,20.2 ,9.12267e-07 ,0 
810,20.225 ,8.85725e-07 ,0 
811,20.25 ,8.59946e-07 ,0 
812,20.275 ,8.34909e-07 ,0 
813,20.3 ,8.10592e-07 ,0 
814,20.325 ,7.86977e-07 ,0 
815,20.35 ,7.64041e-07 ,0 
816,20.375 ,7.41767e-07 ,0 
817,20.4 ,7.20135e-07 ,0 
818,20.425 ,6.99126e-07 ,0 
819,20.45 ,6.78724e-07 ,0 
820,20.475 ,6.5891e-07 ,0 
821,20.5 ,6.39669e-07 ,0 
822,20.525 ,6.20983e-07 ,0 
823,20.55 ,6.02836e-07 ,0 
824,20.575 ,5.85214e-07 ,0 
825,20.6 ,5.68102e-07 ,0 
826,20.625 ,5.51484e-07 ,0 
827,20.65 ,5.35346e-07 ,0 
828,20.675 ,5.19676e-07 ,0 
829,20.7 ,5.04459e-07 ,0 
830,20.725 ,4.89682e-07 ,0 
831,20.75 ,4.75334e-07 ,0 
832,20.775 ,4.614e-07 ,0 
833,20.8 ,4.47871e-07 ,0 
834,20.825 ,4.34733e-07 ,0 
835,20.85 ,4.21977e-07 ,0 
836,20.875 ,4.0959e-07 ,0 
837,20.9 ,3.97562e-07 ,0 
838,20.925 ,3.85884e-07 ,0 
839,20.95 ,3.74544e-07 ,0 
840,20.975 ,3.63533e-07 ,0 
841,21 ,3.52842e-07 ,0 
842,21.025 ,3.42462e-07 ,0 
843,21.05 ,3.32382e-07 ,0 
844,21.075 ,3.22596e-07 ,0 
845,21.1 ,3.13094e-07 ,0 
846,21.125 ,3.03868e-07 ,0 
847,21.15 ,2.9491e-07 ,0 
848,21.175 ,2.86213e-07 ,0 
849,21.2 ,2.77769e-07 ,0 
850,21.225 ,2.6957e-07 ,0 
851,21.25 ,2.6161e-07 ,0 
852,21.275 ,2.53881e-07 ,0 
853,21.3 ,2.46377e-07 ,0 
854,21.325 ,2.39091e-07 ,0 
855,21.35 ,2.32018e-07 ,0 
856,21.375 ,2.2515e-07 ,0 
857,21.4 ,2.18482e-07 ,0 
858,21.425 ,2.12009e-07 ,0 
859,21.45 ,2.05724e-07 ,0 
860,21.475 ,1.99621e-07 ,0 
861,21.5 ,1.93697e-07 ,0 
862,21.525 ,1.87945e-07 ,0 
863,21.55 ,1.8236e-07 ,0 
864,21.575 ,1.76938e-07 ,0 
865,21.6 ,1.71674e-07 ,0 
866,21.625 ,1.66563e-07 ,0 
867,21.65 ,1.61601e-07 ,0 
868,21.675 ,1.56783e-07 ,0 
869,21.7 ,1.52105e-07 ,0 
870,21.725 ,1.47564e-07 ,0 
871,21.75 ,1.43154e-07 ,0 
872,21.775 ,1.38873e-07 ,0 
873,21.8 ,1.34716e-07 ,0 
874,21.825 ,1.3068e-07 ,0 
875,21.85 ,1.26762e-07 ,0 
876,21.875 ,1.22957e-07 ,0 
877,21.9 ,1.19262e-07 ,0 
878,21.925 ,1.15675e-07 ,0 
879,21.95 ,1.12191e-07 ,0 
880,21.975 ,1.08809e-07 ,0 
881,22 ,1.05524e-07 ,0 
882,22.025 ,1.02335e-07 ,0 
883,22.05 ,9.92379e-08 ,0 
884,22.075 ,9.62302e-08 ,0 
885,22.1 ,9.33093e-08 ,0 
886,22.125 ,9.04726e-08 ,0 
887,22.15 ,8.77177e-08 ,0 
888,22.175 ,8.5042e-08 ,0 
889,22.2 ,8.24432e-08 ,0 
890,22.225 ,7.9919e-08 ,0 
891,22.25 ,7.74671e-08 ,0 
892,22.275 ,7.50854e-08 ,0 
893,22.3 ,7.27717e-08 ,0 
894,22.325 ,7.0524e-08 ,0 
895,22.35 ,6.83403e-08 ,0 
896,22.375 ,6.62186e-08 ,0 
897,22.4 ,6.4157e-08 ,0 
898,22.425 ,6.21537e-08 ,0 
899,22.45 ,6.02069e-08 ,0 
900,22.475 ,5.83148e-08 ,0 
901,22.5 ,5.64759e-08 ,0 
902,22.525 ,5.46883e-08 ,0 
903,22.55 ,5.29506e-08 ,0 
904,22.575 ,5.12611e-08 ,0 
905,22.6 ,4.96184e-08 ,0 
906,22.625 ,4.80209e-08 ,0 
907,22.65 ,4.64673e-08 ,0 
908,22.675 ,4.49561e-08 ,0 
909,22.7 ,4.3486e-08 ,0 
910,22.725 ,4.20556e-08 ,0 
911,22.75 ,4.06637e-08 ,0 
912,22.775 ,3.9309e-08 ,0 
913,22.8 ,3.79904e-08 ,0 
914,22.825 ,3.67065e-08 ,0 
915,22.85 ,3.54562e-08 ,0 
916,22.875 ,3.42385e-08 ,0 
917,22.9 ,3.30522e-08 ,0 
918,22.925 ,3.18963e-08 ,0 
919,22.95 ,3.07696e-08 ,0 
920,22.975 ,2.96712e-08 ,0 
921,23 ,2.86001e-08 ,0 
922,23.025 ,2.75552e-08 ,0 
923,23.05 ,2.65358e-08 ,0 
924,23.075 ,2.55408e-08 ,0 
925,23.1 ,2.45693e-08 ,0 
926,23.125 ,2.36204e-08 ,0 
927,23.15 ,2.26933e-08 ,0 
928,23.175 ,2.17872e-08 ,0 
929,23.2 ,2.09012e-08 ,0 
930,23.225 ,2.00344e-08 ,0 
931,23.25 ,1.91862e-08 ,0 
932,23.275 ,1.83557e-08 ,0 
933,23.3 ,1.75422e-08 ,0 
934,23.325 ,1.67449e-08 ,0 
935,23.35 ,1.59632e-08 ,0 
936,23.375 ,1.51962e-08 ,0 
937,23.4 ,1.44432e-08 ,0 
938,23.425 ,1.37037e-08 ,0 
939,23.45 ,1.29769e-08 ,0 
940,23.475 ,1.22621e-08 ,0 
941,23.5 ,1.15587e-08 ,0 
942,23.525 ,1.08661e-08 ,0 
943,23.55 ,1.01835e-08 ,0 
944,23.575 ,9.5104e-09 ,0 
945,23.6 ,8.84614e-09 ,0 
946,23.625 ,8.19012e-09 ,0 
947,23.65 ,7.54173e-09 ,0 
948,23.675 ,6.90035e-09 ,0 
949,23.7 ,6.26541e-09 ,0 
950,23.725 ,5.63631e-09 ,0 
951,23.75 ,5.01246e-09 ,0 
952,23.775 ,4.39329e-09 ,0 
953,23.8 ,3.77823e-09 ,0 
954,23.825 ,3.16669e-09 ,0 
955,23.85 ,2.55811e-09 ,0 
956,23.875 ,1.95192e-09 ,0 
957,23.9 ,1.34755e-09 ,0 
958,23.925 ,7.44452e-10 ,0 
959,23.95 ,1.42046e-10 ,0 
960,23.975 ,-4.60227e-10 ,0 
961,24 ,-1.06293e-09 ,0 
962,24.025 ,-1.66663e-09 ,0 
963,24.05 ,-2.27189e-09 ,0 
964,24.075 ,-2.87929e-09 ,0 
965,24.1 ,-3.48939e-09 ,0 
966,24.125 ,-4.10276e-09 ,0 
967,24.15 ,-4.71999e-09 ,0 
968,24.175 ,-5.34165e-09 ,0 
969,24.2 ,-5.96834e-09 ,0 
970,24.225 ,-6.60064e-09 ,0 
971,24.25 ,-7.23916e-09 ,0 
972,24.275 ,-7.88448e-09 ,0 
973,24.3 ,-8.53724e-09 ,0 
974,24.325 ,-9.19804e-09 ,0 
975,24.35 ,-9.86751e-09 ,0 
976,24.375 ,-1.05463e-08 ,0 
977,24.4 ,-1.1235e-08 ,0 
978,24.425 ,-1.19344e-08 ,0 
979,24.45 ,-1.2645e-08 ,0 
980,24.475 ,-1.33675e-08 ,0 
981,24.5 ,-1.41027e-08 ,0 
982,24.525 ,-1.48512e-08 ,0 
983,24.55 ,-1.56138e-08 ,0 
984,24.575 ,-1.63911e-08 ,0 
985,24.6 ,-1.7184e-08 ,0 
986,24.625 ,-1.79931e-08 ,0 
987,24.65 ,-1.88193e-08 ,0 
988,24.675 ,-1.96634e-08 ,0 
989,24.7 ,-2.05261e-08 ,0 
990,24.725 ,-2.14082e-08 ,0 
991,24.75 ,-2.23107e-08 ,0 
992,24.775 ,-2.32343e-08 ,0 
993,24.8 ,-2.41801e-08 ,0 
994,24.825 ,-2.51488e-08 ,0 
995,24.85 ,-2.61414e-08 ,0 
996,24.875 ,-2.71589e-08 ,0 
997,24.9 ,-2.82022e-08 ,0 
998,24.925 ,-2.92724e-08 ,0 
999,24.95 ,-3.03705e-08 ,0 
1000,24.975 ,-3.14975e-08 ,0 