
1,0 ,0 ,0 
2,0.04 ,0 ,0 
3,0.08 ,0 ,0 
4,0.12 ,0.00012964 ,0 
5,0.16 ,0.000304529 ,0 
6,0.2 ,0.000592429 ,0 
7,0.24 ,0.00102018 ,0 
8,0.28 ,0.00161397 ,0 
9,0.32 ,0.0023991 ,0 
10,0.36 ,0.00339984 ,0 
11,0.4 ,0.00463926 ,0 
12,0.44 ,0.00613911 ,0 
13,0.48 ,0.00791969 ,0 
14,0.52 ,0.00999973 ,0 
15,0.56 ,0.0123963 ,0 
16,0.6 ,0.0151247 ,0 
17,0.64 ,0.0181982 ,0 
18,0.68 ,0.0216284 ,0 
19,0.72 ,0.0254246 ,0 
20,0.76 ,0.0295942 ,0 
21,0.8 ,0.0341421 ,0 
22,0.84 ,0.0390714 ,0 
23,0.88 ,0.0443827 ,0 
24,0.92 ,0.0500744 ,0 
25,0.96 ,0.0561426 ,0 
26,1 ,0.0625811 ,0 
27,1.04 ,0.0693813 ,0 
28,1.08 ,0.0765326 ,0 
29,1.12 ,0.084022 ,0 
30,1.16 ,0.0918341 ,0 
31,1.2 ,0.0999517 ,0 
32,1.24 ,0.108355 ,0 
33,1.28 ,0.117023 ,0 
34,1.32 ,0.125932 ,0 
35,1.36 ,0.135057 ,0 
36,1.4 ,0.14437 ,0 
37,1.44 ,0.153842 ,0 
38,1.48 ,0.163445 ,0 
39,1.52 ,0.173145 ,0 
40,1.56 ,0.182909 ,0 
41,1.6 ,0.192705 ,0 
42,1.64 ,0.202495 ,0 
43,1.68 ,0.212244 ,0 
44,1.72 ,0.221916 ,0 
45,1.76 ,0.231472 ,0 
46,1.8 ,0.240875 ,0 
47,1.84 ,0.250087 ,0 
48,1.88 ,0.25907 ,0 
49,1.92 ,0.267785 ,0 
50,1.96 ,0.276195 ,0 
51,2 ,0.284261 ,0 
52,2.04 ,0.291948 ,0 
53,2.08 ,0.299219 ,0 
54,2.12 ,0.306038 ,0 
55,2.16 ,0.312372 ,0 
56,2.2 ,0.318186 ,0 
57,2.24 ,0.32345 ,0 
58,2.28 ,0.328133 ,0 
59,2.32 ,0.332206 ,0 
60,2.36 ,0.335643 ,0 
61,2.4 ,0.338418 ,0 
62,2.44 ,0.340509 ,0 
63,2.48 ,0.341894 ,0 
64,2.52 ,0.342554 ,0 
65,2.56 ,0.342474 ,0 
66,2.6 ,0.341639 ,0 
67,2.64 ,0.340038 ,0 
68,2.68 ,0.337662 ,0 
69,2.72 ,0.334503 ,0 
70,2.76 ,0.330559 ,0 
71,2.8 ,0.325828 ,0 
72,2.84 ,0.320312 ,0 
73,2.88 ,0.314014 ,0 
74,2.92 ,0.306943 ,0 
75,2.96 ,0.299107 ,0 
76,3 ,0.290519 ,0 
77,3.04 ,0.281193 ,0 
78,3.08 ,0.271148 ,0 
79,3.12 ,0.260404 ,0 
80,3.16 ,0.248983 ,0 
81,3.2 ,0.236911 ,0 
82,3.24 ,0.224214 ,0 
83,3.28 ,0.210924 ,0 
84,3.32 ,0.197071 ,0 
85,3.36 ,0.18269 ,0 
86,3.4 ,0.167817 ,0 
87,3.44 ,0.15249 ,0 
88,3.48 ,0.136749 ,0 
89,3.52 ,0.120634 ,0 
90,3.56 ,0.104189 ,0 
91,3.6 ,0.0874569 ,0 
92,3.64 ,0.0704839 ,0 
93,3.68 ,0.0533159 ,0 
94,3.72 ,0.0359999 ,0 
95,3.76 ,0.0185837 ,0 
96,3.8 ,0.00111577 ,0 
97,3.84 ,-0.0163553 ,0 
98,3.88 ,-0.0337806 ,0 
99,3.92 ,-0.051111 ,0 
100,3.96 ,-0.0682977 ,0 
101,4 ,-0.0852921 ,0 
102,4.04 ,-0.102046 ,0 
103,4.08 ,-0.118512 ,0 
104,4.12 ,-0.134643 ,0 
105,4.16 ,-0.150393 ,0 
106,4.2 ,-0.165717 ,0 
107,4.24 ,-0.180572 ,0 
108,4.28 ,-0.194915 ,0 
109,4.32 ,-0.208706 ,0 
110,4.36 ,-0.221906 ,0 
111,4.4 ,-0.234476 ,0 
112,4.44 ,-0.246381 ,0 
113,4.48 ,-0.257588 ,0 
114,4.52 ,-0.268065 ,0 
115,4.56 ,-0.277782 ,0 
116,4.6 ,-0.286713 ,0 
117,4.64 ,-0.294832 ,0 
118,4.68 ,-0.302118 ,0 
119,4.72 ,-0.30855 ,0 
120,4.76 ,-0.314111 ,0 
121,4.8 ,-0.318786 ,0 
122,4.84 ,-0.322563 ,0 
123,4.88 ,-0.325432 ,0 
124,4.92 ,-0.327386 ,0 
125,4.96 ,-0.328422 ,0 
126,5 ,-0.328537 ,0 
127,5.04 ,-0.327733 ,0 
128,5.08 ,-0.326013 ,0 
129,5.12 ,-0.323384 ,0 
130,5.16 ,-0.319854 ,0 
131,5.2 ,-0.315436 ,0 
132,5.24 ,-0.310142 ,0 
133,5.28 ,-0.30399 ,0 
134,5.32 ,-0.296999 ,0 
135,5.36 ,-0.289189 ,0 
136,5.4 ,-0.280583 ,0 
137,5.44 ,-0.271208 ,0 
138,5.48 ,-0.261091 ,0 
139,5.52 ,-0.25026 ,0 
140,5.56 ,-0.238749 ,0 
141,5.6 ,-0.226588 ,0 
142,5.64 ,-0.213814 ,0 
143,5.68 ,-0.200463 ,0 
144,5.72 ,-0.186571 ,0 
145,5.76 ,-0.172178 ,0 
146,5.8 ,-0.157325 ,0 
147,5.84 ,-0.142051 ,0 
148,5.88 ,-0.126399 ,0 
149,5.92 ,-0.110412 ,0 
150,5.96 ,-0.0941334 ,0 
151,6 ,-0.0776064 ,0 
152,6.04 ,-0.0608756 ,0 
153,6.08 ,-0.0439855 ,0 
154,6.12 ,-0.0269807 ,0 
155,6.16 ,-0.0099058 ,0 
156,6.2 ,0.00719479 ,0 
157,6.24 ,0.0242769 ,0 
158,6.28 ,0.0412966 ,0 
159,6.32 ,0.0582107 ,0 
160,6.36 ,0.0749765 ,0 
161,6.4 ,0.0915521 ,0 
162,6.44 ,0.107896 ,0 
163,6.48 ,0.123969 ,0 
164,6.52 ,0.139731 ,0 
165,6.56 ,0.155144 ,0 
166,6.6 ,0.170172 ,0 
167,6.64 ,0.18478 ,0 
168,6.68 ,0.198932 ,0 
169,6.72 ,0.212597 ,0 
170,6.76 ,0.225743 ,0 
171,6.8 ,0.238342 ,0 
172,6.84 ,0.250365 ,0 
173,6.88 ,0.261787 ,0 
174,6.92 ,0.272582 ,0 
175,6.96 ,0.28273 ,0 
176,7 ,0.292208 ,0 
177,7.04 ,0.300998 ,0 
178,7.08 ,0.309084 ,0 
179,7.12 ,0.316449 ,0 
180,7.16 ,0.323082 ,0 
181,7.2 ,0.328971 ,0 
182,7.24 ,0.334107 ,0 
183,7.28 ,0.338481 ,0 
184,7.32 ,0.34209 ,0 
185,7.36 ,0.344929 ,0 
186,7.4 ,0.346997 ,0 
187,7.44 ,0.348293 ,0 
188,7.48 ,0.34882 ,0 
189,7.52 ,0.348581 ,0 
190,7.56 ,0.347581 ,0 
191,7.6 ,0.345829 ,0 
192,7.64 ,0.343332 ,0 
193,7.68 ,0.3401 ,0 
194,7.72 ,0.336147 ,0 
195,7.76 ,0.331484 ,0 
196,7.8 ,0.326126 ,0 
197,7.84 ,0.32009 ,0 
198,7.88 ,0.313394 ,0 
199,7.92 ,0.306054 ,0 
200,7.96 ,0.298092 ,0 
201,8 ,0.289527 ,0 
202,8.04 ,0.280382 ,0 
203,8.08 ,0.270679 ,0 
204,8.12 ,0.260442 ,0 
205,8.16 ,0.249695 ,0 
206,8.2 ,0.238463 ,0 
207,8.24 ,0.226771 ,0 
208,8.28 ,0.214647 ,0 
209,8.32 ,0.202115 ,0 
210,8.36 ,0.189204 ,0 
211,8.4 ,0.17594 ,0 
212,8.44 ,0.162352 ,0 
213,8.48 ,0.148467 ,0 
214,8.52 ,0.134312 ,0 
215,8.56 ,0.119916 ,0 
216,8.6 ,0.105307 ,0 
217,8.64 ,0.0905119 ,0 
218,8.68 ,0.075559 ,0 
219,8.72 ,0.0604754 ,0 
220,8.76 ,0.0452883 ,0 
221,8.8 ,0.0300245 ,0 
222,8.84 ,0.0147103 ,0 
223,8.88 ,-0.000628429 ,0 
224,8.92 ,-0.0159661 ,0 
225,8.96 ,-0.0312779 ,0 
226,9 ,-0.0465396 ,0 
227,9.04 ,-0.0617273 ,0 
228,9.08 ,-0.0768182 ,0 
229,9.12 ,-0.0917899 ,0 
230,9.16 ,-0.106621 ,0 
231,9.2 ,-0.12129 ,0 
232,9.24 ,-0.135778 ,0 
233,9.28 ,-0.150065 ,0 
234,9.32 ,-0.164133 ,0 
235,9.36 ,-0.177964 ,0 
236,9.4 ,-0.191542 ,0 
237,9.44 ,-0.204852 ,0 
238,9.48 ,-0.217877 ,0 
239,9.52 ,-0.230605 ,0 
240,9.56 ,-0.243023 ,0 
241,9.6 ,-0.255117 ,0 
242,9.64 ,-0.266878 ,0 
243,9.68 ,-0.278295 ,0 
244,9.72 ,-0.289359 ,0 
245,9.76 ,-0.300061 ,0 
246,9.8 ,-0.310394 ,0 
247,9.84 ,-0.320351 ,0 
248,9.88 ,-0.329927 ,0 
249,9.92 ,-0.339117 ,0 
250,9.96 ,-0.347917 ,0 
251,10 ,-0.356323 ,0 
252,10.04 ,-0.364334 ,0 
253,10.08 ,-0.371949 ,0 
254,10.12 ,-0.379165 ,0 
255,10.16 ,-0.385984 ,0 
256,10.2 ,-0.392406 ,0 
257,10.24 ,-0.398433 ,0 
258,10.28 ,-0.404067 ,0 
259,10.32 ,-0.40931 ,0 
260,10.36 ,-0.414168 ,0 
261,10.4 ,-0.418642 ,0 
262,10.44 ,-0.422739 ,0 
263,10.48 ,-0.426463 ,0 
264,10.52 ,-0.429819 ,0 
265,10.56 ,-0.432813 ,0 
266,10.6 ,-0.435451 ,0 
267,10.64 ,-0.437741 ,0 
268,10.68 ,-0.439688 ,0 
269,10.72 ,-0.4413 ,0 
270,10.76 ,-0.442584 ,0 
271,10.8 ,-0.443547 ,0 
272,10.84 ,-0.444199 ,0 
273,10.88 ,-0.444546 ,0 
274,10.92 ,-0.444597 ,0 
275,10.96 ,-0.44436 ,0 
276,11 ,-0.443843 ,0 
277,11.04 ,-0.443056 ,0 
278,11.08 ,-0.442006 ,0 
279,11.12 ,-0.440703 ,0 
280,11.16 ,-0.439155 ,0 
281,11.2 ,-0.43737 ,0 
282,11.24 ,-0.435359 ,0 
283,11.28 ,-0.433129 ,0 
284,11.32 ,-0.430689 ,0 
285,11.36 ,-0.428049 ,0 
286,11.4 ,-0.425216 ,0 
287,11.44 ,-0.422199 ,0 
288,11.48 ,-0.419007 ,0 
289,11.52 ,-0.415648 ,0 
290,11.56 ,-0.412131 ,0 
291,11.6 ,-0.408464 ,0 
292,11.64 ,-0.404655 ,0 
293,11.68 ,-0.400712 ,0 
294,11.72 ,-0.396642 ,0 
295,11.76 ,-0.392455 ,0 
296,11.8 ,-0.388157 ,0 
297,11.84 ,-0.383756 ,0 
298,11.88 ,-0.379259 ,0 
299,11.92 ,-0.374673 ,0 
300,11.96 ,-0.370006 ,0 
301,12 ,-0.365264 ,0 
302,12.04 ,-0.360453 ,0 
303,12.08 ,-0.355581 ,0 
304,12.12 ,-0.350654 ,0 
305,12.16 ,-0.345677 ,0 
306,12.2 ,-0.340657 ,0 
307,12.24 ,-0.335599 ,0 
308,12.28 ,-0.33051 ,0 
309,12.32 ,-0.325393 ,0 
310,12.36 ,-0.320256 ,0 
311,12.4 ,-0.315102 ,0 
312,12.44 ,-0.309937 ,0 
313,12.48 ,-0.304766 ,0 
314,12.52 ,-0.299592 ,0 
315,12.56 ,-0.29442 ,0 
316,12.6 ,-0.289255 ,0 
317,12.64 ,-0.2841 ,0 
318,12.68 ,-0.278959 ,0 
319,12.72 ,-0.273836 ,0 
320,12.76 ,-0.268734 ,0 
321,12.8 ,-0.263656 ,0 
322,12.84 ,-0.258607 ,0 
323,12.88 ,-0.253588 ,0 
324,12.92 ,-0.248603 ,0 
325,12.96 ,-0.243654 ,0 
326,13 ,-0.238744 ,0 
327,13.04 ,-0.233875 ,0 
328,13.08 ,-0.229049 ,0 
329,13.12 ,-0.224269 ,0 
330,13.16 ,-0.219537 ,0 
331,13.2 ,-0.214854 ,0 
332,13.24 ,-0.210223 ,0 
333,13.28 ,-0.205644 ,0 
334,13.32 ,-0.201119 ,0 
335,13.36 ,-0.19665 ,0 
336,13.4 ,-0.192238 ,0 
337,13.44 ,-0.187883 ,0 
338,13.48 ,-0.183588 ,0 
339,13.52 ,-0.179353 ,0 
340,13.56 ,-0.175178 ,0 
341,13.6 ,-0.171065 ,0 
342,13.64 ,-0.167014 ,0 
343,13.68 ,-0.163026 ,0 
344,13.72 ,-0.159101 ,0 
345,13.76 ,-0.155239 ,0 
346,13.8 ,-0.151441 ,0 
347,13.84 ,-0.147708 ,0 
348,13.88 ,-0.144038 ,0 
349,13.92 ,-0.140433 ,0 
350,13.96 ,-0.136892 ,0 
351,14 ,-0.133416 ,0 
352,14.04 ,-0.130004 ,0 
353,14.08 ,-0.126656 ,0 
354,14.12 ,-0.123371 ,0 
355,14.16 ,-0.120151 ,0 
356,14.2 ,-0.116993 ,0 
357,14.24 ,-0.113899 ,0 
358,14.28 ,-0.110867 ,0 
359,14.32 ,-0.107897 ,0 
360,14.36 ,-0.104989 ,0 
361,14.4 ,-0.102142 ,0 
362,14.44 ,-0.0993552 ,0 
363,14.48 ,-0.0966286 ,0 
364,14.52 ,-0.0939615 ,0 
365,14.56 ,-0.091353 ,0 
366,14.6 ,-0.0888027 ,0 
367,14.64 ,-0.0863098 ,0 
368,14.68 ,-0.0838736 ,0 
369,14.72 ,-0.0814933 ,0 
370,14.76 ,-0.0791683 ,0 
371,14.8 ,-0.0768979 ,0 
372,14.84 ,-0.0746811 ,0 
373,14.88 ,-0.0725172 ,0 
374,14.92 ,-0.0704055 ,0 
375,14.96 ,-0.0683452 ,0 
376,15 ,-0.0663354 ,0 
377,15.04 ,-0.0643752 ,0 
378,15.08 ,-0.062464 ,0 
379,15.12 ,-0.0606008 ,0 
380,15.16 ,-0.0587848 ,0 
381,15.2 ,-0.0570152 ,0 
382,15.24 ,-0.0552912 ,0 
383,15.28 ,-0.0536118 ,0 
384,15.32 ,-0.0519763 ,0 
385,15.36 ,-0.0503839 ,0 
386,15.4 ,-0.0488336 ,0 
387,15.44 ,-0.0473247 ,0 
388,15.48 ,-0.0458563 ,0 
389,15.52 ,-0.0444276 ,0 
390,15.56 ,-0.0430378 ,0 
391,15.6 ,-0.0416861 ,0 
392,15.64 ,-0.0403716 ,0 
393,15.68 ,-0.0390936 ,0 
394,15.72 ,-0.0378512 ,0 
395,15.76 ,-0.0366438 ,0 
396,15.8 ,-0.0354704 ,0 
397,15.84 ,-0.0343303 ,0 
398,15.88 ,-0.0332228 ,0 
399,15.92 ,-0.0321472 ,0 
400,15.96 ,-0.0311026 ,0 
401,16 ,-0.0300883 ,0 
402,16.04 ,-0.0291037 ,0 
403,16.08 ,-0.0281479 ,0 
404,16.12 ,-0.0272203 ,0 
405,16.16 ,-0.0263203 ,0 
406,16.2 ,-0.0254471 ,0 
407,16.24 ,-0.0246 ,0 
408,16.28 ,-0.0237784 ,0 
409,16.32 ,-0.0229817 ,0 
410,16.36 ,-0.0222091 ,0 
411,16.4 ,-0.0214602 ,0 
412,16.44 ,-0.0207342 ,0 
413,16.48 ,-0.0200306 ,0 
414,16.52 ,-0.0193487 ,0 
415,16.56 ,-0.0186881 ,0 
416,16.6 ,-0.018048 ,0 
417,16.64 ,-0.0174281 ,0 
418,16.68 ,-0.0168276 ,0 
419,16.72 ,-0.0162461 ,0 
420,16.76 ,-0.0156831 ,0 
421,16.8 ,-0.0151381 ,0 
422,16.84 ,-0.0146104 ,0 
423,16.88 ,-0.0140998 ,0 
424,16.92 ,-0.0136055 ,0 
425,16.96 ,-0.0131273 ,0 
426,17 ,-0.0126647 ,0 
427,17.04 ,-0.0122171 ,0 
428,17.08 ,-0.0117842 ,0 
429,17.12 ,-0.0113655 ,0 
430,17.16 ,-0.0109606 ,0 
431,17.2 ,-0.0105691 ,0 
432,17.24 ,-0.0101906 ,0 
433,17.28 ,-0.00982477 ,0 
434,17.32 ,-0.00947114 ,0 
435,17.36 ,-0.00912939 ,0 
436,17.4 ,-0.00879914 ,0 
437,17.44 ,-0.00848005 ,0 
438,17.48 ,-0.00817178 ,0 
439,17.52 ,-0.00787399 ,0 
440,17.56 ,-0.00758636 ,0 
441,17.6 ,-0.00730858 ,0 
442,17.64 ,-0.00704033 ,0 
443,17.68 ,-0.00678133 ,0 
444,17.72 ,-0.00653127 ,0 
445,17.76 ,-0.00628988 ,0 
446,17.8 ,-0.00605687 ,0 
447,17.84 ,-0.00583199 ,0 
448,17.88 ,-0.00561498 ,0 
449,17.92 ,-0.00540557 ,0 
450,17.96 ,-0.00520353 ,0 
451,18 ,-0.00500862 ,0 
452,18.04 ,-0.00482059 ,0 
453,18.08 ,-0.00463924 ,0 
454,18.12 ,-0.00446434 ,0 
455,18.16 ,-0.00429567 ,0 
456,18.2 ,-0.00413304 ,0 
457,18.24 ,-0.00397624 ,0 
458,18.28 ,-0.00382507 ,0 
459,18.32 ,-0.00367936 ,0 
460,18.36 ,-0.00353891 ,0 
461,18.4 ,-0.00340354 ,0 
462,18.44 ,-0.0032731 ,0 
463,18.48 ,-0.00314741 ,0 
464,18.52 ,-0.0030263 ,0 
465,18.56 ,-0.00290963 ,0 
466,18.6 ,-0.00279724 ,0 
467,18.64 ,-0.00268898 ,0 
468,18.68 ,-0.00258472 ,0 
469,18.72 ,-0.00248431 ,0 
470,18.76 ,-0.00238761 ,0 
471,18.8 ,-0.00229451 ,0 
472,18.84 ,-0.00220487 ,0 
473,18.88 ,-0.00211858 ,0 
474,18.92 ,-0.00203551 ,0 
475,18.96 ,-0.00195556 ,0 
476,19 ,-0.00187861 ,0 
477,19.04 ,-0.00180455 ,0 
478,19.08 ,-0.00173329 ,0 
479,19.12 ,-0.00166472 ,0 
480,19.16 ,-0.00159875 ,0 
481,19.2 ,-0.00153529 ,0 
482,19.24 ,-0.00147424 ,0 
483,19.28 ,-0.00141552 ,0 
484,19.32 ,-0.00135904 ,0 
485,19.36 ,-0.00130472 ,0 
486,19.4 ,-0.00125249 ,0 
487,19.44 ,-0.00120227 ,0 
488,19.48 ,-0.00115398 ,0 
489,19.52 ,-0.00110755 ,0 
490,19.56 ,-0.00106292 ,0 
491,19.6 ,-0.00102002 ,0 
492,19.64 ,-0.000978788 ,0 
493,19.68 ,-0.000939158 ,0 
494,19.72 ,-0.000901073 ,0 
495,19.76 ,-0.000864475 ,0 
496,19.8 ,-0.000829309 ,0 
497,19.84 ,-0.000795522 ,0 
498,19.88 ,-0.000763062 ,0 
499,19.92 ,-0.000731878 ,0 
500,19.96 ,-0.000701924 ,0 
501,20 ,-0.000673153 ,0 
502,20.04 ,-0.00064552 ,0 
503,20.08 ,-0.000618982 ,0 
504,20.12 ,-0.000593498 ,0 
505,20.16 ,-0.000569028 ,0 
506,20.2 ,-0.000545532 ,0 
507,20.24 ,-0.000522974 ,0 
508,20.28 ,-0.000501318 ,0 
509,20.32 ,-0.000480529 ,0 
510,20.36 ,-0.000460574 ,0 
511,20.4 ,-0.000441421 ,0 
512,20.44 ,-0.000423039 ,0 
513,20.48 ,-0.000405398 ,0 
514,20.52 ,-0.000388469 ,0 
515,20.56 ,-0.000372225 ,0 
516,20.6 ,-0.000356639 ,0 
517,20.64 ,-0.000341686 ,0 
518,20.68 ,-0.00032734 ,0 
519,20.72 ,-0.000313579 ,0 
520,20.76 ,-0.000300378 ,0 
521,20.8 ,-0.000287717 ,0 
522,20.84 ,-0.000275573 ,0 
523,20.88 ,-0.000263927 ,0 
524,20.92 ,-0.000252759 ,0 
525,20.96 ,-0.000242049 ,0 
526,21 ,-0.000231781 ,0 
527,21.04 ,-0.000221935 ,0 
528,21.08 ,-0.000212496 ,0 
529,21.12 ,-0.000203447 ,0 
530,21.16 ,-0.000194772 ,0 
531,21.2 ,-0.000186457 ,0 
532,21.24 ,-0.000178488 ,0 
533,21.28 ,-0.000170849 ,0 
534,21.32 ,-0.000163529 ,0 
535,21.36 ,-0.000156514 ,0 
536,21.4 ,-0.000149791 ,0 
537,21.44 ,-0.00014335 ,0 
538,21.48 ,-0.000137179 ,0 
539,21.52 ,-0.000131266 ,0 
540,21.56 ,-0.000125601 ,0 
541,21.6 ,-0.000120175 ,0 
542,21.64 ,-0.000114977 ,0 
543,21.68 ,-0.000109998 ,0 
544,21.72 ,-0.000105229 ,0 
545,21.76 ,-0.000100662 ,0 
546,21.8 ,-9.62881e-05 ,0 
547,21.84 ,-9.20996e-05 ,0 
548,21.88 ,-8.80888e-05 ,0 
549,21.92 ,-8.42483e-05 ,0 
550,21.96 ,-8.05713e-05 ,0 
551,22 ,-7.70509e-05 ,0 
552,22.04 ,-7.36806e-05 ,0 
553,22.08 ,-7.04542e-05 ,0 
554,22.12 ,-6.73658e-05 ,0 
555,22.16 ,-6.44096e-05 ,0 
556,22.2 ,-6.15801e-05 ,0 
557,22.24 ,-5.88721e-05 ,0 
558,22.28 ,-5.62804e-05 ,0 
559,22.32 ,-5.38001e-05 ,0 
560,22.36 ,-5.14268e-05 ,0 
561,22.4 ,-4.91557e-05 ,0 
562,22.44 ,-4.69827e-05 ,0 
563,22.48 ,-4.49036e-05 ,0 
564,22.52 ,-4.29146e-05 ,0 
565,22.56 ,-4.10116e-05 ,0 
566,22.6 ,-3.91913e-05 ,0 
567,22.64 ,-3.74499e-05 ,0 
568,22.68 ,-3.57843e-05 ,0 
569,22.72 ,-3.41912e-05 ,0 
570,22.76 ,-3.26675e-05 ,0 
571,22.8 ,-3.12103e-05 ,0 
572,22.84 ,-2.98167e-05 ,0 
573,22.88 ,-2.8484e-05 ,0 
574,22.92 ,-2.72097e-05 ,0 
575,22.96 ,-2.59912e-05 ,0 
576,23 ,-2.48262e-05 ,0 
577,23.04 ,-2.37123e-05 ,0 
578,23.08 ,-2.26474e-05 ,0 
579,23.12 ,-2.16294e-05 ,0 
580,23.16 ,-2.06562e-05 ,0 
581,23.2 ,-1.97259e-05 ,0 
582,23.24 ,-1.88367e-05 ,0 
583,23.28 ,-1.79869e-05 ,0 
584,23.32 ,-1.71746e-05 ,0 
585,23.36 ,-1.63982e-05 ,0 
586,23.4 ,-1.56563e-05 ,0 
587,23.44 ,-1.49474e-05 ,0 
588,23.48 ,-1.42699e-05 ,0 
589,23.52 ,-1.36225e-05 ,0 
590,23.56 ,-1.3004e-05 ,0 
591,23.6 ,-1.2413e-05 ,0 
592,23.64 ,-1.18484e-05 ,0 
593,23.68 ,-1.1309e-05 ,0 
594,23.72 ,-1.07937e-05 ,0 
595,23.76 ,-1.03014e-05 ,0 
596,23.8 ,-9.83123e-06 ,0 
597,23.84 ,-9.38211e-06 ,0 
598,23.88 ,-8.95313e-06 ,0 
599,23.92 ,-8.54342e-06 ,0 
600,23.96 ,-8.15213e-06 ,0 
601,24 ,-7.77844e-06 ,0 
602,24.04 ,-7.42158e-06 ,0 
603,24.08 ,-7.08081e-06 ,0 
604,24.12 ,-6.75542e-06 ,0 
605,24.16 ,-6.44472e-06 ,0 
606,24.2 ,-6.14807e-06 ,0 
607,24.24 ,-5.86484e-06 ,0 
608,24.28 ,-5.59444e-06 ,0 
609,24.32 ,-5.3363e-06 ,0 
610,24.36 ,-5.08987e-06 ,0 
611,24.4 ,-4.85463e-06 ,0 
612,24.44 ,-4.63008e-06 ,0 
613,24.48 ,-4.41575e-06 ,0 
614,24.52 ,-4.21117e-06 ,0 
615,24.56 ,-4.01592e-06 ,0 
616,24.6 ,-3.82958e-06 ,0 
617,24.64 ,-3.65174e-06 ,0 
618,24.68 ,-3.48203e-06 ,0 
619,24.72 ,-3.32008e-06 ,0 
620,24.76 ,-3.16555e-06 ,0 
621,24.8 ,-3.01809e-06 ,0 
622,24.84 ,-2.87739e-06 ,0 
623,24.88 ,-2.74315e-06 ,0 
624,24.92 ,-2.61508e-06 ,0 
625,24.96 ,-2.49289e-06 ,0 
626,25 ,-2.37632e-06 ,0 
627,25.04 ,-2.26512e-06 ,0 
628,25.08 ,-2.15904e-06 ,0 
629,25.12 ,-2.05786e-06 ,0 
630,25.16 ,-1.96134e-06 ,0 
631,25.2 ,-1.86929e-06 ,0 
632,25.24 ,-1.78148e-06 ,0 
633,25.28 ,-1.69774e-06 ,0 
634,25.32 ,-1.61788e-06 ,0 
635,25.36 ,-1.54172e-06 ,0 
636,25.4 ,-1.46909e-06 ,0 
637,25.44 ,-1.39983e-06 ,0 
638,25.48 ,-1.33378e-06 ,0 
639,25.52 ,-1.27081e-06 ,0 
640,25.56 ,-1.21076e-06 ,0 
641,25.6 ,-1.15351e-06 ,0 
642,25.64 ,-1.09892e-06 ,0 
643,25.68 ,-1.04688e-06 ,0 
644,25.72 ,-9.97272e-07 ,0 
645,25.76 ,-9.49974e-07 ,0 
646,25.8 ,-9.04886e-07 ,0 
647,25.84 ,-8.61906e-07 ,0 
648,25.88 ,-8.20935e-07 ,0 
649,25.92 ,-7.81883e-07 ,0 
650,25.96 ,-7.44659e-07 ,0 
651,26 ,-7.09179e-07 ,0 
652,26.04 ,-6.75364e-07 ,0 
653,26.08 ,-6.43135e-07 ,0 
654,26.12 ,-6.12418e-07 ,0 
655,26.16 ,-5.83145e-07 ,0 
656,26.2 ,-5.55248e-07 ,0 
657,26.24 ,-5.28662e-07 ,0 
658,26.28 ,-5.03327e-07 ,0 
659,26.32 ,-4.79185e-07 ,0 
660,26.36 ,-4.5618e-07 ,0 
661,26.4 ,-4.34258e-07 ,0 
662,26.44 ,-4.1337e-07 ,0 
663,26.48 ,-3.93466e-07 ,0 
664,26.52 ,-3.74501e-07 ,0 
665,26.56 ,-3.5643e-07 ,0 
666,26.6 ,-3.39212e-07 ,0 
667,26.64 ,-3.22807e-07 ,0 
668,26.68 ,-3.07176e-07 ,0 
669,26.72 ,-2.92283e-07 ,0 
670,26.76 ,-2.78092e-07 ,0 
671,26.8 ,-2.64571e-07 ,0 
672,26.84 ,-2.51689e-07 ,0 
673,26.88 ,-2.39413e-07 ,0 
674,26.92 ,-2.27717e-07 ,0 
675,26.96 ,-2.16572e-07 ,0 
676,27 ,-2.05952e-07 ,0 
677,27.04 ,-1.95831e-07 ,0 
678,27.08 ,-1.86187e-07 ,0 
679,27.12 ,-1.76995e-07 ,0 
680,27.16 ,-1.68235e-07 ,0 
681,27.2 ,-1.59885e-07 ,0 
682,27.24 ,-1.51926e-07 ,0 
683,27.28 ,-1.44338e-07 ,0 
684,27.32 ,-1.37104e-07 ,0 
685,27.36 ,-1.30206e-07 ,0 
686,27.4 ,-1.23627e-07 ,0 
687,27.44 ,-1.17352e-07 ,0 
688,27.48 ,-1.11366e-07 ,0 
689,27.52 ,-1.05655e-07 ,0 
690,27.56 ,-1.00204e-07 ,0 
691,27.6 ,-9.50002e-08 ,0 
692,27.64 ,-9.00316e-08 ,0 
693,27.68 ,-8.5286e-08 ,0 
694,27.72 ,-8.07517e-08 ,0 
695,27.76 ,-7.64178e-08 ,0 
696,27.8 ,-7.22738e-08 ,0 
697,27.84 ,-6.83096e-08 ,0 
698,27.88 ,-6.45156e-08 ,0 
699,27.92 ,-6.08824e-08 ,0 
700,27.96 ,-5.74012e-08 ,0 
701,28 ,-5.40634e-08 ,0 
702,28.04 ,-5.0861e-08 ,0 
703,28.08 ,-4.77859e-08 ,0 
704,28.12 ,-4.48307e-08 ,0 
705,28.16 ,-4.19881e-08 ,0 
706,28.2 ,-3.9251e-08 ,0 
707,28.24 ,-3.66127e-08 ,0 
708,28.28 ,-3.40666e-08 ,0 
709,28.32 ,-3.16065e-08 ,0 
710,28.36 ,-2.92262e-08 ,0 
711,28.4 ,-2.69198e-08 ,0 
712,28.44 ,-2.46815e-08 ,0 
713,28.48 ,-2.25057e-08 ,0 
714,28.52 ,-2.03871e-08 ,0 
715,28.56 ,-1.83202e-08 ,0 
716,28.6 ,-1.62998e-08 ,0 
717,28.64 ,-1.4321e-08 ,0 
718,28.68 ,-1.23786e-08 ,0 
719,28.72 ,-1.04678e-08 ,0 
720,28.76 ,-8.58378e-09 ,0 
721,28.8 ,-6.72166e-09 ,0 
722,28.84 ,-4.87674e-09 ,0 
723,28.88 ,-3.0443e-09 ,0 
724,28.92 ,-1.21967e-09 ,0 
725,28.96 ,6.01825e-10 ,0 
726,29 ,2.42487e-09 ,0 
727,29.04 ,4.25415e-09 ,0 
728,29.08 ,6.09439e-09 ,0 
729,29.12 ,7.95035e-09 ,0 
730,29.16 ,9.82681e-09 ,0 
731,29.2 ,1.17287e-08 ,0 
732,29.24 ,1.36609e-08 ,0 
733,29.28 ,1.56284e-08 ,0 
734,29.32 ,1.76364e-08 ,0 
735,29.36 ,1.96902e-08 ,0 
736,29.4 ,2.17952e-08 ,0 
737,29.44 ,2.39567e-08 ,0 
738,29.48 ,2.61806e-08 ,0 
739,29.52 ,2.84727e-08 ,0 
740,29.56 ,3.0839e-08 ,0 
741,29.6 ,3.32858e-08 ,0 
742,29.64 ,3.58196e-08 ,0 
743,29.68 ,3.8447e-08 ,0 
744,29.72 ,4.1175e-08 ,0 
745,29.76 ,4.40109e-08 ,0 
746,29.8 ,4.69623e-08 ,0 
747,29.84 ,5.00369e-08 ,0 
748,29.88 ,5.32431e-08 ,0 
749,29.92 ,5.65892e-08 ,0 
750,29.96 ,6.00844e-08 ,0 
751,30 ,6.37379e-08 ,0 
752,30.04 ,6.75595e-08 ,0 
753,30.08 ,7.15596e-08 ,0 
754,30.12 ,7.57487e-08 ,0 
755,30.16 ,8.01383e-08 ,0 
756,30.2 ,8.474e-08 ,0 
757,30.24 ,8.95664e-08 ,0 
758,30.28 ,9.46304e-08 ,0 
759,30.32 ,9.99457e-08 ,0 
760,30.36 ,1.05527e-07 ,0 
761,30.4 ,1.11388e-07 ,0 
762,30.44 ,1.17547e-07 ,0 
763,30.48 ,1.24018e-07 ,0 
764,30.52 ,1.30821e-07 ,0 
765,30.56 ,1.37972e-07 ,0 
766,30.6 ,1.45493e-07 ,0 
767,30.64 ,1.53403e-07 ,0 
768,30.68 ,1.61723e-07 ,0 
769,30.72 ,1.70477e-07 ,0 
770,30.76 ,1.79689e-07 ,0 
771,30.8 ,1.89382e-07 ,0 
772,30.84 ,1.99585e-07 ,0 
773,30.88 ,2.10324e-07 ,0 
774,30.92 ,2.2163e-07 ,0 
775,30.96 ,2.33533e-07 ,0 
776,31 ,2.46066e-07 ,0 
777,31.04 ,2.59262e-07 ,0 
778,31.08 ,2.7316e-07 ,0 
779,31.12 ,2.87796e-07 ,0 
780,31.16 ,3.0321e-07 ,0 
781,31.2 ,3.19446e-07 ,0 
782,31.24 ,3.36548e-07 ,0 
783,31.28 ,3.54564e-07 ,0 
784,31.32 ,3.73542e-07 ,0 
785,31.36 ,3.93535e-07 ,0 
786,31.4 ,4.14599e-07 ,0 
787,31.44 ,4.36792e-07 ,0 
788,31.48 ,4.60175e-07 ,0 
789,31.52 ,4.84813e-07 ,0 
790,31.56 ,5.10774e-07 ,0 
791,31.6 ,5.38131e-07 ,0 
792,31.64 ,5.66959e-07 ,0 
793,31.68 ,5.97338e-07 ,0 
794,31.72 ,6.29354e-07 ,0 
795,31.76 ,6.63094e-07 ,0 
796,31.8 ,6.98654e-07 ,0 
797,31.84 ,7.36131e-07 ,0 
798,31.88 ,7.75632e-07 ,0 
799,31.92 ,8.17265e-07 ,0 
800,31.96 ,8.61148e-07 ,0 
801,32 ,9.07402e-07 ,0 
802,32.04 ,9.56158e-07 ,0 
803,32.08 ,1.00755e-06 ,0 
804,32.12 ,1.06173e-06 ,0 
805,32.16 ,1.11884e-06 ,0 
806,32.2 ,1.17904e-06 ,0 
807,32.24 ,1.24251e-06 ,0 
808,32.28 ,1.30942e-06 ,0 
809,32.32 ,1.37996e-06 ,0 
810,32.36 ,1.45433e-06 ,0 
811,32.4 ,1.53273e-06 ,0 
812,32.44 ,1.6154e-06 ,0 
813,32.48 ,1.70255e-06 ,0 
814,32.52 ,1.79445e-06 ,0 
815,32.56 ,1.89134e-06 ,0 
816,32.6 ,1.9935e-06 ,0 
817,32.64 ,2.10123e-06 ,0 
818,32.68 ,2.21482e-06 ,0 
819,32.72 ,2.3346e-06 ,0 
820,32.76 ,2.46091e-06 ,0 
821,32.8 ,2.5941e-06 ,0 
822,32.84 ,2.73456e-06 ,0 
823,32.88 ,2.88268e-06 ,0 
824,32.92 ,3.03888e-06 ,0 
825,32.96 ,3.20361e-06 ,0 
826,33 ,3.37734e-06 ,0 
827,33.04 ,3.56056e-06 ,0 
828,33.08 ,3.7538e-06 ,0 
829,33.12 ,3.9576e-06 ,0 
830,33.16 ,4.17256e-06 ,0 
831,33.2 ,4.39927e-06 ,0 
832,33.24 ,4.6384e-06 ,0 
833,33.28 ,4.89062e-06 ,0 
834,33.32 ,5.15666e-06 ,0 
835,33.36 ,5.43728e-06 ,0 
836,33.4 ,5.73328e-06 ,0 
837,33.44 ,6.04551e-06 ,0 
838,33.48 ,6.37488e-06 ,0 
839,33.52 ,6.72232e-06 ,0 
840,33.56 ,7.08883e-06 ,0 
841,33.6 ,7.47548e-06 ,0 
842,33.64 ,7.88337e-06 ,0 
843,33.68 ,8.31367e-06 ,0 
844,33.72 ,8.76763e-06 ,0 
845,33.76 ,9.24656e-06 ,0 
846,33.8 ,9.75184e-06 ,0 
847,33.84 ,1.02849e-05 ,0 
848,33.88 ,1.08474e-05 ,0 
849,33.92 ,1.14408e-05 ,0 
850,33.96 ,1.20669e-05 ,0 
851,34 ,1.27275e-05 ,0 
852,34.04 ,1.34245e-05 ,0 
853,34.08 ,1.416e-05 ,0 
854,34.12 ,1.4936e-05 ,0 
855,34.16 ,1.57549e-05 ,0 
856,34.2 ,1.6619e-05 ,0 
857,34.24 ,1.75308e-05 ,0 
858,34.28 ,1.8493e-05 ,0 
859,34.32 ,1.95083e-05 ,0 
860,34.36 ,2.05798e-05 ,0 
861,34.4 ,2.17105e-05 ,0 
862,34.44 ,2.29038e-05 ,0 
863,34.48 ,2.41631e-05 ,0 
864,34.52 ,2.54921e-05 ,0 
865,34.56 ,2.68947e-05 ,0 
866,34.6 ,2.8375e-05 ,0 
867,34.64 ,2.99374e-05 ,0 
868,34.68 ,3.15863e-05 ,0 
869,34.72 ,3.33266e-05 ,0 
870,34.76 ,3.51635e-05 ,0 
871,34.8 ,3.71023e-05 ,0 
872,34.84 ,3.91487e-05 ,0 
873,34.88 ,4.13087e-05 ,0 
874,34.92 ,4.35886e-05 ,0 
875,34.96 ,4.59953e-05 ,0 
876,35 ,4.85356e-05 ,0 
877,35.04 ,5.12172e-05 ,0 
878,35.08 ,5.40479e-05 ,0 
879,35.12 ,5.7036e-05 ,0 
880,35.16 ,6.01904e-05 ,0 
881,35.2 ,6.35204e-05 ,0 
882,35.24 ,6.70357e-05 ,0 
883,35.28 ,7.07469e-05 ,0 
884,35.32 ,7.46648e-05 ,0 
885,35.36 ,7.88011e-05 ,0 
886,35.4 ,8.31679e-05 ,0 
887,35.44 ,8.77782e-05 ,0 
888,35.48 ,9.26458e-05 ,0 
889,35.52 ,9.77849e-05 ,0 
890,35.56 ,0.000103211 ,0 
891,35.6 ,0.00010894 ,0 
892,35.64 ,0.000114989 ,0 
893,35.68 ,0.000121375 ,0 
894,35.72 ,0.000128119 ,0 
895,35.76 ,0.00013524 ,0 
896,35.8 ,0.000142759 ,0 
897,35.84 ,0.000150698 ,0 
898,35.88 ,0.000159082 ,0 
899,35.92 ,0.000167934 ,0 
900,35.96 ,0.000177283 ,0 
901,36 ,0.000187155 ,0 
902,36.04 ,0.00019758 ,0 
903,36.08 ,0.000208589 ,0 
904,36.12 ,0.000220215 ,0 
905,36.16 ,0.000232493 ,0 
906,36.2 ,0.00024546 ,0 
907,36.24 ,0.000259154 ,0 
908,36.28 ,0.000273617 ,0 
909,36.32 ,0.000288891 ,0 
910,36.36 ,0.000305023 ,0 
911,36.4 ,0.000322062 ,0 
912,36.44 ,0.000340057 ,0 
913,36.48 ,0.000359064 ,0 
914,36.52 ,0.000379139 ,0 
915,36.56 ,0.000400343 ,0 
916,36.6 ,0.00042274 ,0 
917,36.64 ,0.000446397 ,0 
918,36.68 ,0.000471385 ,0 
919,36.72 ,0.00049778 ,0 
920,36.76 ,0.000525661 ,0 
921,36.8 ,0.000555113 ,0 
922,36.84 ,0.000586224 ,0 
923,36.88 ,0.000619089 ,0 
924,36.92 ,0.000653806 ,0 
925,36.96 ,0.000690481 ,0 
926,37 ,0.000729225 ,0 
927,37.04 ,0.000770155 ,0 
928,37.08 ,0.000813394 ,0 
929,37.12 ,0.000859075 ,0 
930,37.16 ,0.000907335 ,0 
931,37.2 ,0.000958321 ,0 
932,37.24 ,0.00101219 ,0 
933,37.28 ,0.0010691 ,0 
934,37.32 ,0.00112923 ,0 
935,37.36 ,0.00119276 ,0 
936,37.4 ,0.00125988 ,0 
937,37.44 ,0.0013308 ,0 
938,37.48 ,0.00140573 ,0 
939,37.52 ,0.0014849 ,0 
940,37.56 ,0.00156856 ,0 
941,37.6 ,0.00165696 ,0 
942,37.64 ,0.00175036 ,0 
943,37.68 ,0.00184906 ,0 
944,37.72 ,0.00195335 ,0 
945,37.76 ,0.00206355 ,0 
946,37.8 ,0.00218001 ,0 
947,37.84 ,0.00230307 ,0 
948,37.88 ,0.00243311 ,0 
949,37.92 ,0.00257053 ,0 
950,37.96 ,0.00271576 ,0 
951,38 ,0.00286923 ,0 
952,38.04 ,0.00303142 ,0 
953,38.08 ,0.00320283 ,0 
954,38.12 ,0.00338397 ,0 
955,38.16 ,0.00357542 ,0 
956,38.2 ,0.00377775 ,0 
957,38.24 ,0.00399159 ,0 
958,38.28 ,0.00421759 ,0 
959,38.32 ,0.00445645 ,0 
960,38.36 ,0.00470891 ,0 
961,38.4 ,0.00497575 ,0 
962,38.44 ,0.00525778 ,0 
963,38.48 ,0.00555587 ,0 
964,38.52 ,0.00587095 ,0 
965,38.56 ,0.00620399 ,0 
966,38.6 ,0.00655601 ,0 
967,38.64 ,0.0069281 ,0 
968,38.68 ,0.00732142 ,0 
969,38.72 ,0.00773717 ,0 
970,38.76 ,0.00817665 ,0 
971,38.8 ,0.00864122 ,0 
972,38.84 ,0.0091323 ,0 
973,38.88 ,0.00965143 ,0 
974,38.92 ,0.0102002 ,0 
975,38.96 ,0.0107803 ,0 
976,39 ,0.0113936 ,0 
977,39.04 ,0.012042 ,0 
978,39.08 ,0.0127274 ,0 
979,39.12 ,0.013452 ,0 
980,39.16 ,0.0142181 ,0 
981,39.2 ,0.015028 ,0 
982,39.24 ,0.0158842 ,0 
983,39.28 ,0.0167895 ,0 
984,39.32 ,0.0177466 ,0 
985,39.36 ,0.0187585 ,0 
986,39.4 ,0.0198284 ,0 
987,39.44 ,0.0209596 ,0 
988,39.48 ,0.0221556 ,0 
989,39.52 ,0.0234202 ,0 
990,39.56 ,0.0247573 ,0 
991,39.6 ,0.026171 ,0 
992,39.64 ,0.0276659 ,0 
993,39.68 ,0.0292466 ,0 
994,39.72 ,0.030918 ,0 
995,39.76 ,0.0326853 ,0 
996,39.8 ,0.0345542 ,0 
997,39.84 ,0.0365303 ,0 
998,39.88 ,0.03862 ,0 
999,39.92 ,0.0408298 ,0 
1000,39.96 ,0.0431665 ,0 