
1,0 ,0 ,0 
2,0.025 ,0 ,0 
3,0.05 ,0 ,0 
4,0.075 ,7.52642e-08 ,0 
5,0.1 ,2.37802e-07 ,0 
6,0.125 ,5.80351e-07 ,0 
7,0.15 ,1.20286e-06 ,0 
8,0.175 ,2.22723e-06 ,0 
9,0.2 ,3.79716e-06 ,0 
10,0.225 ,6.07798e-06 ,0 
11,0.25 ,9.2564e-06 ,0 
12,0.275 ,1.35403e-05 ,0 
13,0.3 ,1.91586e-05 ,0 
14,0.325 ,2.63607e-05 ,0 
15,0.35 ,3.54162e-05 ,0 
16,0.375 ,4.6615e-05 ,0 
17,0.4 ,6.02664e-05 ,0 
18,0.425 ,7.66988e-05 ,0 
19,0.45 ,9.62596e-05 ,0 
20,0.475 ,0.000119314 ,0 
21,0.5 ,0.000146247 ,0 
22,0.525 ,0.000177458 ,0 
23,0.55 ,0.000213366 ,0 
24,0.575 ,0.000254404 ,0 
25,0.6 ,0.000301023 ,0 
26,0.625 ,0.000353688 ,0 
27,0.65 ,0.000412878 ,0 
28,0.675 ,0.000479089 ,0 
29,0.7 ,0.000552827 ,0 
30,0.725 ,0.000634612 ,0 
31,0.75 ,0.000724977 ,0 
32,0.775 ,0.000824465 ,0 
33,0.8 ,0.00093363 ,0 
34,0.825 ,0.00105304 ,0 
35,0.85 ,0.00118326 ,0 
36,0.875 ,0.00132488 ,0 
37,0.9 ,0.00147849 ,0 
38,0.925 ,0.00164468 ,0 
39,0.95 ,0.00182406 ,0 
40,0.975 ,0.00201723 ,0 
41,1 ,0.00222482 ,0 
42,1.025 ,0.00244743 ,0 
43,1.05 ,0.00268569 ,0 
44,1.075 ,0.00294022 ,0 
45,1.1 ,0.00321164 ,0 
46,1.125 ,0.00350058 ,0 
47,1.15 ,0.00380766 ,0 
48,1.175 ,0.00413351 ,0 
49,1.2 ,0.00447874 ,0 
50,1.225 ,0.00484398 ,0 
51,1.25 ,0.00522984 ,0 
52,1.275 ,0.00563694 ,0 
53,1.3 ,0.00606587 ,0 
54,1.325 ,0.00651723 ,0 
55,1.35 ,0.00699163 ,0 
56,1.375 ,0.00748964 ,0 
57,1.4 ,0.00801184 ,0 
58,1.425 ,0.00855881 ,0 
59,1.45 ,0.00913108 ,0 
60,1.475 ,0.00972923 ,0 
61,1.5 ,0.0103538 ,0 
62,1.525 ,0.0110052 ,0 
63,1.55 ,0.0116841 ,0 
64,1.575 ,0.0123909 ,0 
65,1.6 ,0.0131262 ,0 
66,1.625 ,0.0138903 ,0 
67,1.65 ,0.0146837 ,0 
68,1.675 ,0.0155069 ,0 
69,1.7 ,0.0163602 ,0 
70,1.725 ,0.0172441 ,0 
71,1.75 ,0.018159 ,0 
72,1.775 ,0.0191052 ,0 
73,1.8 ,0.020083 ,0 
74,1.825 ,0.0210928 ,0 
75,1.85 ,0.0221348 ,0 
76,1.875 ,0.0232094 ,0 
77,1.9 ,0.0243168 ,0 
78,1.925 ,0.0254573 ,0 
79,1.95 ,0.0266309 ,0 
80,1.975 ,0.027838 ,0 
81,2 ,0.0290787 ,0 
82,2.025 ,0.0303531 ,0 
83,2.05 ,0.0316614 ,0 
84,2.075 ,0.0330036 ,0 
85,2.1 ,0.0343797 ,0 
86,2.125 ,0.0357899 ,0 
87,2.15 ,0.0372341 ,0 
88,2.175 ,0.0387124 ,0 
89,2.2 ,0.0402246 ,0 
90,2.225 ,0.0417708 ,0 
91,2.25 ,0.0433507 ,0 
92,2.275 ,0.0449644 ,0 
93,2.3 ,0.0466116 ,0 
94,2.325 ,0.0482922 ,0 
95,2.35 ,0.0500059 ,0 
96,2.375 ,0.0517526 ,0 
97,2.4 ,0.0535319 ,0 
98,2.425 ,0.0553437 ,0 
99,2.45 ,0.0571875 ,0 
100,2.475 ,0.0590631 ,0 
101,2.5 ,0.06097 ,0 
102,2.525 ,0.0629079 ,0 
103,2.55 ,0.0648763 ,0 
104,2.575 ,0.0668749 ,0 
105,2.6 ,0.0689031 ,0 
106,2.625 ,0.0709604 ,0 
107,2.65 ,0.0730463 ,0 
108,2.675 ,0.0751602 ,0 
109,2.7 ,0.0773017 ,0 
110,2.725 ,0.07947 ,0 
111,2.75 ,0.0816645 ,0 
112,2.775 ,0.0838846 ,0 
113,2.8 ,0.0861296 ,0 
114,2.825 ,0.0883989 ,0 
115,2.85 ,0.0906916 ,0 
116,2.875 ,0.093007 ,0 
117,2.9 ,0.0953444 ,0 
118,2.925 ,0.097703 ,0 
119,2.95 ,0.100082 ,0 
120,2.975 ,0.10248 ,0 
121,3 ,0.104898 ,0 
122,3.025 ,0.107333 ,0 
123,3.05 ,0.109784 ,0 
124,3.075 ,0.112252 ,0 
125,3.1 ,0.114735 ,0 
126,3.125 ,0.117232 ,0 
127,3.15 ,0.119742 ,0 
128,3.175 ,0.122265 ,0 
129,3.2 ,0.124798 ,0 
130,3.225 ,0.127342 ,0 
131,3.25 ,0.129895 ,0 
132,3.275 ,0.132456 ,0 
133,3.3 ,0.135024 ,0 
134,3.325 ,0.137598 ,0 
135,3.35 ,0.140177 ,0 
136,3.375 ,0.14276 ,0 
137,3.4 ,0.145346 ,0 
138,3.425 ,0.147933 ,0 
139,3.45 ,0.150521 ,0 
140,3.475 ,0.153109 ,0 
141,3.5 ,0.155694 ,0 
142,3.525 ,0.158277 ,0 
143,3.55 ,0.160856 ,0 
144,3.575 ,0.16343 ,0 
145,3.6 ,0.165998 ,0 
146,3.625 ,0.168559 ,0 
147,3.65 ,0.17111 ,0 
148,3.675 ,0.173653 ,0 
149,3.7 ,0.176184 ,0 
150,3.725 ,0.178704 ,0 
151,3.75 ,0.181211 ,0 
152,3.775 ,0.183703 ,0 
153,3.8 ,0.186181 ,0 
154,3.825 ,0.188642 ,0 
155,3.85 ,0.191085 ,0 
156,3.875 ,0.193509 ,0 
157,3.9 ,0.195914 ,0 
158,3.925 ,0.198298 ,0 
159,3.95 ,0.20066 ,0 
160,3.975 ,0.202999 ,0 
161,4 ,0.205314 ,0 
162,4.025 ,0.207603 ,0 
163,4.05 ,0.209867 ,0 
164,4.075 ,0.212103 ,0 
165,4.1 ,0.21431 ,0 
166,4.125 ,0.216488 ,0 
167,4.15 ,0.218636 ,0 
168,4.175 ,0.220753 ,0 
169,4.2 ,0.222837 ,0 
170,4.225 ,0.224888 ,0 
171,4.25 ,0.226904 ,0 
172,4.275 ,0.228886 ,0 
173,4.3 ,0.230831 ,0 
174,4.325 ,0.23274 ,0 
175,4.35 ,0.23461 ,0 
176,4.375 ,0.236442 ,0 
177,4.4 ,0.238234 ,0 
178,4.425 ,0.239986 ,0 
179,4.45 ,0.241696 ,0 
180,4.475 ,0.243365 ,0 
181,4.5 ,0.244991 ,0 
182,4.525 ,0.246573 ,0 
183,4.55 ,0.248111 ,0 
184,4.575 ,0.249604 ,0 
185,4.6 ,0.251052 ,0 
186,4.625 ,0.252454 ,0 
187,4.65 ,0.253809 ,0 
188,4.675 ,0.255116 ,0 
189,4.7 ,0.256376 ,0 
190,4.725 ,0.257586 ,0 
191,4.75 ,0.258748 ,0 
192,4.775 ,0.259861 ,0 
193,4.8 ,0.260923 ,0 
194,4.825 ,0.261934 ,0 
195,4.85 ,0.262895 ,0 
196,4.875 ,0.263805 ,0 
197,4.9 ,0.264663 ,0 
198,4.925 ,0.265468 ,0 
199,4.95 ,0.266222 ,0 
200,4.975 ,0.266922 ,0 
201,5 ,0.26757 ,0 
202,5.025 ,0.268164 ,0 
203,5.05 ,0.268705 ,0 
204,5.075 ,0.269193 ,0 
205,5.1 ,0.269626 ,0 
206,5.125 ,0.270005 ,0 
207,5.15 ,0.27033 ,0 
208,5.175 ,0.2706 ,0 
209,5.2 ,0.270816 ,0 
210,5.225 ,0.270977 ,0 
211,5.25 ,0.271083 ,0 
212,5.275 ,0.271134 ,0 
213,5.3 ,0.27113 ,0 
214,5.325 ,0.27107 ,0 
215,5.35 ,0.270956 ,0 
216,5.375 ,0.270786 ,0 
217,5.4 ,0.27056 ,0 
218,5.425 ,0.270279 ,0 
219,5.45 ,0.269943 ,0 
220,5.475 ,0.269552 ,0 
221,5.5 ,0.269105 ,0 
222,5.525 ,0.268603 ,0 
223,5.55 ,0.268045 ,0 
224,5.575 ,0.267433 ,0 
225,5.6 ,0.266765 ,0 
226,5.625 ,0.266042 ,0 
227,5.65 ,0.265264 ,0 
228,5.675 ,0.264432 ,0 
229,5.7 ,0.263545 ,0 
230,5.725 ,0.262603 ,0 
231,5.75 ,0.261607 ,0 
232,5.775 ,0.260557 ,0 
233,5.8 ,0.259454 ,0 
234,5.825 ,0.258296 ,0 
235,5.85 ,0.257085 ,0 
236,5.875 ,0.25582 ,0 
237,5.9 ,0.254503 ,0 
238,5.925 ,0.253133 ,0 
239,5.95 ,0.25171 ,0 
240,5.975 ,0.250236 ,0 
241,6 ,0.248709 ,0 
242,6.025 ,0.247131 ,0 
243,6.05 ,0.245502 ,0 
244,6.075 ,0.243821 ,0 
245,6.1 ,0.242091 ,0 
246,6.125 ,0.24031 ,0 
247,6.15 ,0.238479 ,0 
248,6.175 ,0.236599 ,0 
249,6.2 ,0.23467 ,0 
250,6.225 ,0.232692 ,0 
251,6.25 ,0.230666 ,0 
252,6.275 ,0.228592 ,0 
253,6.3 ,0.226472 ,0 
254,6.325 ,0.224304 ,0 
255,6.35 ,0.22209 ,0 
256,6.375 ,0.21983 ,0 
257,6.4 ,0.217524 ,0 
258,6.425 ,0.215174 ,0 
259,6.45 ,0.212779 ,0 
260,6.475 ,0.210341 ,0 
261,6.5 ,0.207859 ,0 
262,6.525 ,0.205334 ,0 
263,6.55 ,0.202767 ,0 
264,6.575 ,0.200158 ,0 
265,6.6 ,0.197508 ,0 
266,6.625 ,0.194817 ,0 
267,6.65 ,0.192087 ,0 
268,6.675 ,0.189317 ,0 
269,6.7 ,0.186508 ,0 
270,6.725 ,0.18366 ,0 
271,6.75 ,0.180776 ,0 
272,6.775 ,0.177854 ,0 
273,6.8 ,0.174896 ,0 
274,6.825 ,0.171902 ,0 
275,6.85 ,0.168873 ,0 
276,6.875 ,0.16581 ,0 
277,6.9 ,0.162712 ,0 
278,6.925 ,0.159582 ,0 
279,6.95 ,0.156419 ,0 
280,6.975 ,0.153224 ,0 
281,7 ,0.149998 ,0 
282,7.025 ,0.146742 ,0 
283,7.05 ,0.143456 ,0 
284,7.075 ,0.140141 ,0 
285,7.1 ,0.136797 ,0 
286,7.125 ,0.133426 ,0 
287,7.15 ,0.130028 ,0 
288,7.175 ,0.126604 ,0 
289,7.2 ,0.123154 ,0 
290,7.225 ,0.119679 ,0 
291,7.25 ,0.11618 ,0 
292,7.275 ,0.112658 ,0 
293,7.3 ,0.109113 ,0 
294,7.325 ,0.105546 ,0 
295,7.35 ,0.101959 ,0 
296,7.375 ,0.0983503 ,0 
297,7.4 ,0.0947223 ,0 
298,7.425 ,0.0910754 ,0 
299,7.45 ,0.0874103 ,0 
300,7.475 ,0.0837278 ,0 
301,7.5 ,0.0800286 ,0 
302,7.525 ,0.0763135 ,0 
303,7.55 ,0.0725833 ,0 
304,7.575 ,0.0688386 ,0 
305,7.6 ,0.0650803 ,0 
306,7.625 ,0.0613091 ,0 
307,7.65 ,0.0575257 ,0 
308,7.675 ,0.053731 ,0 
309,7.7 ,0.0499257 ,0 
310,7.725 ,0.0461105 ,0 
311,7.75 ,0.0422863 ,0 
312,7.775 ,0.0384538 ,0 
313,7.8 ,0.0346137 ,0 
314,7.825 ,0.0307668 ,0 
315,7.85 ,0.0269138 ,0 
316,7.875 ,0.0230557 ,0 
317,7.9 ,0.019193 ,0 
318,7.925 ,0.0153265 ,0 
319,7.95 ,0.0114571 ,0 
320,7.975 ,0.00758543 ,0 
321,8 ,0.0037123 ,0 
322,8.025 ,-0.000161562 ,0 
323,8.05 ,-0.00403539 ,0 
324,8.075 ,-0.00790843 ,0 
325,8.1 ,-0.0117799 ,0 
326,8.125 ,-0.0156492 ,0 
327,8.15 ,-0.0195154 ,0 
328,8.175 ,-0.0233779 ,0 
329,8.2 ,-0.0272358 ,0 
330,8.225 ,-0.0310885 ,0 
331,8.25 ,-0.0349353 ,0 
332,8.275 ,-0.0387753 ,0 
333,8.3 ,-0.042608 ,0 
334,8.325 ,-0.0464324 ,0 
335,8.35 ,-0.050248 ,0 
336,8.375 ,-0.054054 ,0 
337,8.4 ,-0.0578498 ,0 
338,8.425 ,-0.0616345 ,0 
339,8.45 ,-0.0654075 ,0 
340,8.475 ,-0.0691681 ,0 
341,8.5 ,-0.0729155 ,0 
342,8.525 ,-0.0766492 ,0 
343,8.55 ,-0.0803684 ,0 
344,8.575 ,-0.0840724 ,0 
345,8.6 ,-0.0877606 ,0 
346,8.625 ,-0.0914323 ,0 
347,8.65 ,-0.0950868 ,0 
348,8.675 ,-0.0987234 ,0 
349,8.7 ,-0.102341 ,0 
350,8.725 ,-0.10594 ,0 
351,8.75 ,-0.10952 ,0 
352,8.775 ,-0.113078 ,0 
353,8.8 ,-0.116616 ,0 
354,8.825 ,-0.120132 ,0 
355,8.85 ,-0.123625 ,0 
356,8.875 ,-0.127096 ,0 
357,8.9 ,-0.130543 ,0 
358,8.925 ,-0.133966 ,0 
359,8.95 ,-0.137364 ,0 
360,8.975 ,-0.140737 ,0 
361,9 ,-0.144084 ,0 
362,9.025 ,-0.147404 ,0 
363,9.05 ,-0.150697 ,0 
364,9.075 ,-0.153963 ,0 
365,9.1 ,-0.1572 ,0 
366,9.125 ,-0.160408 ,0 
367,9.15 ,-0.163587 ,0 
368,9.175 ,-0.166737 ,0 
369,9.2 ,-0.169856 ,0 
370,9.225 ,-0.172944 ,0 
371,9.25 ,-0.176 ,0 
372,9.275 ,-0.179025 ,0 
373,9.3 ,-0.182017 ,0 
374,9.325 ,-0.184976 ,0 
375,9.35 ,-0.187902 ,0 
376,9.375 ,-0.190793 ,0 
377,9.4 ,-0.193651 ,0 
378,9.425 ,-0.196473 ,0 
379,9.45 ,-0.199261 ,0 
380,9.475 ,-0.202012 ,0 
381,9.5 ,-0.204727 ,0 
382,9.525 ,-0.207406 ,0 
383,9.55 ,-0.210047 ,0 
384,9.575 ,-0.212651 ,0 
385,9.6 ,-0.215217 ,0 
386,9.625 ,-0.217745 ,0 
387,9.65 ,-0.220234 ,0 
388,9.675 ,-0.222684 ,0 
389,9.7 ,-0.225095 ,0 
390,9.725 ,-0.227466 ,0 
391,9.75 ,-0.229796 ,0 
392,9.775 ,-0.232086 ,0 
393,9.8 ,-0.234335 ,0 
394,9.825 ,-0.236543 ,0 
395,9.85 ,-0.238709 ,0 
396,9.875 ,-0.240834 ,0 
397,9.9 ,-0.242916 ,0 
398,9.925 ,-0.244956 ,0 
399,9.95 ,-0.246953 ,0 
400,9.975 ,-0.248907 ,0 
401,10 ,-0.250817 ,0 
402,10.025 ,-0.252684 ,0 
403,10.05 ,-0.254507 ,0 
404,10.075 ,-0.256286 ,0 
405,10.1 ,-0.25802 ,0 
406,10.125 ,-0.25971 ,0 
407,10.15 ,-0.261355 ,0 
408,10.175 ,-0.262955 ,0 
409,10.2 ,-0.26451 ,0 
410,10.225 ,-0.266019 ,0 
411,10.25 ,-0.267482 ,0 
412,10.275 ,-0.2689 ,0 
413,10.3 ,-0.270271 ,0 
414,10.325 ,-0.271597 ,0 
415,10.35 ,-0.272876 ,0 
416,10.375 ,-0.274108 ,0 
417,10.4 ,-0.275294 ,0 
418,10.425 ,-0.276433 ,0 
419,10.45 ,-0.277525 ,0 
420,10.475 ,-0.27857 ,0 
421,10.5 ,-0.279568 ,0 
422,10.525 ,-0.280519 ,0 
423,10.55 ,-0.281422 ,0 
424,10.575 ,-0.282278 ,0 
425,10.6 ,-0.283086 ,0 
426,10.625 ,-0.283847 ,0 
427,10.65 ,-0.28456 ,0 
428,10.675 ,-0.285225 ,0 
429,10.7 ,-0.285843 ,0 
430,10.725 ,-0.286413 ,0 
431,10.75 ,-0.286935 ,0 
432,10.775 ,-0.28741 ,0 
433,10.8 ,-0.287836 ,0 
434,10.825 ,-0.288215 ,0 
435,10.85 ,-0.288546 ,0 
436,10.875 ,-0.288829 ,0 
437,10.9 ,-0.289065 ,0 
438,10.925 ,-0.289252 ,0 
439,10.95 ,-0.289392 ,0 
440,10.975 ,-0.289485 ,0 
441,11 ,-0.289529 ,0 
442,11.025 ,-0.289526 ,0 
443,11.05 ,-0.289476 ,0 
444,11.075 ,-0.289378 ,0 
445,11.1 ,-0.289233 ,0 
446,11.125 ,-0.289041 ,0 
447,11.15 ,-0.288801 ,0 
448,11.175 ,-0.288515 ,0 
449,11.2 ,-0.288182 ,0 
450,11.225 ,-0.287801 ,0 
451,11.25 ,-0.287374 ,0 
452,11.275 ,-0.286901 ,0 
453,11.3 ,-0.286381 ,0 
454,11.325 ,-0.285815 ,0 
455,11.35 ,-0.285203 ,0 
456,11.375 ,-0.284545 ,0 
457,11.4 ,-0.283842 ,0 
458,11.425 ,-0.283092 ,0 
459,11.45 ,-0.282298 ,0 
460,11.475 ,-0.281458 ,0 
461,11.5 ,-0.280573 ,0 
462,11.525 ,-0.279643 ,0 
463,11.55 ,-0.278669 ,0 
464,11.575 ,-0.27765 ,0 
465,11.6 ,-0.276588 ,0 
466,11.625 ,-0.275481 ,0 
467,11.65 ,-0.274331 ,0 
468,11.675 ,-0.273137 ,0 
469,11.7 ,-0.2719 ,0 
470,11.725 ,-0.27062 ,0 
471,11.75 ,-0.269298 ,0 
472,11.775 ,-0.267933 ,0 
473,11.8 ,-0.266526 ,0 
474,11.825 ,-0.265077 ,0 
475,11.85 ,-0.263587 ,0 
476,11.875 ,-0.262055 ,0 
477,11.9 ,-0.260483 ,0 
478,11.925 ,-0.25887 ,0 
479,11.95 ,-0.257216 ,0 
480,11.975 ,-0.255523 ,0 
481,12 ,-0.253789 ,0 
482,12.025 ,-0.252017 ,0 
483,12.05 ,-0.250205 ,0 
484,12.075 ,-0.248355 ,0 
485,12.1 ,-0.246466 ,0 
486,12.125 ,-0.244539 ,0 
487,12.15 ,-0.242574 ,0 
488,12.175 ,-0.240573 ,0 
489,12.2 ,-0.238534 ,0 
490,12.225 ,-0.236458 ,0 
491,12.25 ,-0.234347 ,0 
492,12.275 ,-0.232199 ,0 
493,12.3 ,-0.230016 ,0 
494,12.325 ,-0.227798 ,0 
495,12.35 ,-0.225545 ,0 
496,12.375 ,-0.223258 ,0 
497,12.4 ,-0.220937 ,0 
498,12.425 ,-0.218582 ,0 
499,12.45 ,-0.216194 ,0 
500,12.475 ,-0.213774 ,0 
501,12.5 ,-0.211321 ,0 
502,12.525 ,-0.208836 ,0 
503,12.55 ,-0.20632 ,0 
504,12.575 ,-0.203773 ,0 
505,12.6 ,-0.201195 ,0 
506,12.625 ,-0.198587 ,0 
507,12.65 ,-0.195949 ,0 
508,12.675 ,-0.193282 ,0 
509,12.7 ,-0.190586 ,0 
510,12.725 ,-0.187861 ,0 
511,12.75 ,-0.185108 ,0 
512,12.775 ,-0.182328 ,0 
513,12.8 ,-0.179521 ,0 
514,12.825 ,-0.176687 ,0 
515,12.85 ,-0.173827 ,0 
516,12.875 ,-0.170941 ,0 
517,12.9 ,-0.16803 ,0 
518,12.925 ,-0.165094 ,0 
519,12.95 ,-0.162134 ,0 
520,12.975 ,-0.15915 ,0 
521,13 ,-0.156142 ,0 
522,13.025 ,-0.153112 ,0 
523,13.05 ,-0.150059 ,0 
524,13.075 ,-0.146984 ,0 
525,13.1 ,-0.143888 ,0 
526,13.125 ,-0.14077 ,0 
527,13.15 ,-0.137632 ,0 
528,13.175 ,-0.134474 ,0 
529,13.2 ,-0.131297 ,0 
530,13.225 ,-0.1281 ,0 
531,13.25 ,-0.124885 ,0 
532,13.275 ,-0.121651 ,0 
533,13.3 ,-0.1184 ,0 
534,13.325 ,-0.115132 ,0 
535,13.35 ,-0.111848 ,0 
536,13.375 ,-0.108547 ,0 
537,13.4 ,-0.10523 ,0 
538,13.425 ,-0.101899 ,0 
539,13.45 ,-0.0985526 ,0 
540,13.475 ,-0.0951923 ,0 
541,13.5 ,-0.0918184 ,0 
542,13.525 ,-0.0884313 ,0 
543,13.55 ,-0.0850316 ,0 
544,13.575 ,-0.0816198 ,0 
545,13.6 ,-0.0781964 ,0 
546,13.625 ,-0.0747618 ,0 
547,13.65 ,-0.0713166 ,0 
548,13.675 ,-0.0678613 ,0 
549,13.7 ,-0.0643964 ,0 
550,13.725 ,-0.0609224 ,0 
551,13.75 ,-0.0574398 ,0 
552,13.775 ,-0.053949 ,0 
553,13.8 ,-0.0504507 ,0 
554,13.825 ,-0.0469453 ,0 
555,13.85 ,-0.0434332 ,0 
556,13.875 ,-0.0399151 ,0 
557,13.9 ,-0.0363914 ,0 
558,13.925 ,-0.0328626 ,0 
559,13.95 ,-0.0293291 ,0 
560,13.975 ,-0.0257916 ,0 
561,14 ,-0.0222505 ,0 
562,14.025 ,-0.0187063 ,0 
563,14.05 ,-0.0151595 ,0 
564,14.075 ,-0.0116106 ,0 
565,14.1 ,-0.0080601 ,0 
566,14.125 ,-0.00450846 ,0 
567,14.15 ,-0.000956201 ,0 
568,14.175 ,0.00259619 ,0 
569,14.2 ,0.00614823 ,0 
570,14.225 ,0.00969941 ,0 
571,14.25 ,0.0132493 ,0 
572,14.275 ,0.0167973 ,0 
573,14.3 ,0.020343 ,0 
574,14.325 ,0.023886 ,0 
575,14.35 ,0.0274256 ,0 
576,14.375 ,0.0309615 ,0 
577,14.4 ,0.0344932 ,0 
578,14.425 ,0.0380202 ,0 
579,14.45 ,0.041542 ,0 
580,14.475 ,0.0450582 ,0 
581,14.5 ,0.0485682 ,0 
582,14.525 ,0.0520716 ,0 
583,14.55 ,0.055568 ,0 
584,14.575 ,0.0590569 ,0 
585,14.6 ,0.0625378 ,0 
586,14.625 ,0.0660102 ,0 
587,14.65 ,0.0694738 ,0 
588,14.675 ,0.072928 ,0 
589,14.7 ,0.0763723 ,0 
590,14.725 ,0.0798065 ,0 
591,14.75 ,0.0832299 ,0 
592,14.775 ,0.0866421 ,0 
593,14.8 ,0.0900428 ,0 
594,14.825 ,0.0934315 ,0 
595,14.85 ,0.0968076 ,0 
596,14.875 ,0.100171 ,0 
597,14.9 ,0.103521 ,0 
598,14.925 ,0.106857 ,0 
599,14.95 ,0.110179 ,0 
600,14.975 ,0.113486 ,0 
601,15 ,0.116779 ,0 
602,15.025 ,0.120056 ,0 
603,15.05 ,0.123317 ,0 
604,15.075 ,0.126561 ,0 
605,15.1 ,0.12979 ,0 
606,15.125 ,0.133001 ,0 
607,15.15 ,0.136194 ,0 
608,15.175 ,0.13937 ,0 
609,15.2 ,0.142527 ,0 
610,15.225 ,0.145666 ,0 
611,15.25 ,0.148785 ,0 
612,15.275 ,0.151886 ,0 
613,15.3 ,0.154966 ,0 
614,15.325 ,0.158026 ,0 
615,15.35 ,0.161066 ,0 
616,15.375 ,0.164085 ,0 
617,15.4 ,0.167082 ,0 
618,15.425 ,0.170058 ,0 
619,15.45 ,0.173011 ,0 
620,15.475 ,0.175943 ,0 
621,15.5 ,0.178851 ,0 
622,15.525 ,0.181737 ,0 
623,15.55 ,0.184599 ,0 
624,15.575 ,0.187437 ,0 
625,15.6 ,0.190252 ,0 
626,15.625 ,0.193042 ,0 
627,15.65 ,0.195807 ,0 
628,15.675 ,0.198547 ,0 
629,15.7 ,0.201261 ,0 
630,15.725 ,0.20395 ,0 
631,15.75 ,0.206613 ,0 
632,15.775 ,0.20925 ,0 
633,15.8 ,0.21186 ,0 
634,15.825 ,0.214443 ,0 
635,15.85 ,0.216998 ,0 
636,15.875 ,0.219527 ,0 
637,15.9 ,0.222027 ,0 
638,15.925 ,0.224499 ,0 
639,15.95 ,0.226943 ,0 
640,15.975 ,0.229359 ,0 
641,16 ,0.231745 ,0 
642,16.025 ,0.234102 ,0 
643,16.05 ,0.23643 ,0 
644,16.075 ,0.238728 ,0 
645,16.1 ,0.240996 ,0 
646,16.125 ,0.243234 ,0 
647,16.15 ,0.245442 ,0 
648,16.175 ,0.247619 ,0 
649,16.2 ,0.249765 ,0 
650,16.225 ,0.251879 ,0 
651,16.25 ,0.253963 ,0 
652,16.275 ,0.256015 ,0 
653,16.3 ,0.258035 ,0 
654,16.325 ,0.260023 ,0 
655,16.35 ,0.261979 ,0 
656,16.375 ,0.263902 ,0 
657,16.4 ,0.265793 ,0 
658,16.425 ,0.267651 ,0 
659,16.45 ,0.269475 ,0 
660,16.475 ,0.271267 ,0 
661,16.5 ,0.273025 ,0 
662,16.525 ,0.27475 ,0 
663,16.55 ,0.276441 ,0 
664,16.575 ,0.278098 ,0 
665,16.6 ,0.279721 ,0 
666,16.625 ,0.28131 ,0 
667,16.65 ,0.282865 ,0 
668,16.675 ,0.284385 ,0 
669,16.7 ,0.28587 ,0 
670,16.725 ,0.28732 ,0 
671,16.75 ,0.288736 ,0 
672,16.775 ,0.290116 ,0 
673,16.8 ,0.291462 ,0 
674,16.825 ,0.292772 ,0 
675,16.85 ,0.294046 ,0 
676,16.875 ,0.295285 ,0 
677,16.9 ,0.296488 ,0 
678,16.925 ,0.297656 ,0 
679,16.95 ,0.298788 ,0 
680,16.975 ,0.299883 ,0 
681,17 ,0.300943 ,0 
682,17.025 ,0.301967 ,0 
683,17.05 ,0.302954 ,0 
684,17.075 ,0.303905 ,0 
685,17.1 ,0.30482 ,0 
686,17.125 ,0.305698 ,0 
687,17.15 ,0.30654 ,0 
688,17.175 ,0.307345 ,0 
689,17.2 ,0.308114 ,0 
690,17.225 ,0.308846 ,0 
691,17.25 ,0.309541 ,0 
692,17.275 ,0.310199 ,0 
693,17.3 ,0.310821 ,0 
694,17.325 ,0.311406 ,0 
695,17.35 ,0.311954 ,0 
696,17.375 ,0.312466 ,0 
697,17.4 ,0.31294 ,0 
698,17.425 ,0.313378 ,0 
699,17.45 ,0.313778 ,0 
700,17.475 ,0.314142 ,0 
701,17.5 ,0.314469 ,0 
702,17.525 ,0.314759 ,0 
703,17.55 ,0.315012 ,0 
704,17.575 ,0.315229 ,0 
705,17.6 ,0.315408 ,0 
706,17.625 ,0.315551 ,0 
707,17.65 ,0.315656 ,0 
708,17.675 ,0.315725 ,0 
709,17.7 ,0.315758 ,0 
710,17.725 ,0.315753 ,0 
711,17.75 ,0.315712 ,0 
712,17.775 ,0.315634 ,0 
713,17.8 ,0.31552 ,0 
714,17.825 ,0.315369 ,0 
715,17.85 ,0.315182 ,0 
716,17.875 ,0.314958 ,0 
717,17.9 ,0.314698 ,0 
718,17.925 ,0.314402 ,0 
719,17.95 ,0.314069 ,0 
720,17.975 ,0.313701 ,0 
721,18 ,0.313296 ,0 
722,18.025 ,0.312856 ,0 
723,18.05 ,0.312379 ,0 
724,18.075 ,0.311867 ,0 
725,18.1 ,0.31132 ,0 
726,18.125 ,0.310736 ,0 
727,18.15 ,0.310118 ,0 
728,18.175 ,0.309464 ,0 
729,18.2 ,0.308774 ,0 
730,18.225 ,0.30805 ,0 
731,18.25 ,0.307291 ,0 
732,18.275 ,0.306497 ,0 
733,18.3 ,0.305668 ,0 
734,18.325 ,0.304804 ,0 
735,18.35 ,0.303906 ,0 
736,18.375 ,0.302974 ,0 
737,18.4 ,0.302008 ,0 
738,18.425 ,0.301007 ,0 
739,18.45 ,0.299973 ,0 
740,18.475 ,0.298905 ,0 
741,18.5 ,0.297803 ,0 
742,18.525 ,0.296668 ,0 
743,18.55 ,0.2955 ,0 
744,18.575 ,0.294299 ,0 
745,18.6 ,0.293064 ,0 
746,18.625 ,0.291797 ,0 
747,18.65 ,0.290498 ,0 
748,18.675 ,0.289166 ,0 
749,18.7 ,0.287802 ,0 
750,18.725 ,0.286406 ,0 
751,18.75 ,0.284978 ,0 
752,18.775 ,0.283519 ,0 
753,18.8 ,0.282028 ,0 
754,18.825 ,0.280505 ,0 
755,18.85 ,0.278952 ,0 
756,18.875 ,0.277368 ,0 
757,18.9 ,0.275754 ,0 
758,18.925 ,0.274109 ,0 
759,18.95 ,0.272434 ,0 
760,18.975 ,0.270729 ,0 
761,19 ,0.268994 ,0 
762,19.025 ,0.267229 ,0 
763,19.05 ,0.265436 ,0 
764,19.075 ,0.263613 ,0 
765,19.1 ,0.261761 ,0 
766,19.125 ,0.259881 ,0 
767,19.15 ,0.257973 ,0 
768,19.175 ,0.256036 ,0 
769,19.2 ,0.254071 ,0 
770,19.225 ,0.252079 ,0 
771,19.25 ,0.250059 ,0 
772,19.275 ,0.248013 ,0 
773,19.3 ,0.245939 ,0 
774,19.325 ,0.243839 ,0 
775,19.35 ,0.241712 ,0 
776,19.375 ,0.239559 ,0 
777,19.4 ,0.23738 ,0 
778,19.425 ,0.235176 ,0 
779,19.45 ,0.232946 ,0 
780,19.475 ,0.230692 ,0 
781,19.5 ,0.228412 ,0 
782,19.525 ,0.226108 ,0 
783,19.55 ,0.22378 ,0 
784,19.575 ,0.221427 ,0 
785,19.6 ,0.219051 ,0 
786,19.625 ,0.216652 ,0 
787,19.65 ,0.214229 ,0 
788,19.675 ,0.211784 ,0 
789,19.7 ,0.209316 ,0 
790,19.725 ,0.206825 ,0 
791,19.75 ,0.204313 ,0 
792,19.775 ,0.201779 ,0 
793,19.8 ,0.199223 ,0 
794,19.825 ,0.196647 ,0 
795,19.85 ,0.194049 ,0 
796,19.875 ,0.191431 ,0 
797,19.9 ,0.188793 ,0 
798,19.925 ,0.186134 ,0 
799,19.95 ,0.183457 ,0 
800,19.975 ,0.180759 ,0 
801,20 ,0.178043 ,0 
802,20.025 ,0.175308 ,0 
803,20.05 ,0.172555 ,0 
804,20.075 ,0.169783 ,0 
805,20.1 ,0.166994 ,0 
806,20.125 ,0.164187 ,0 
807,20.15 ,0.161363 ,0 
808,20.175 ,0.158522 ,0 
809,20.2 ,0.155665 ,0 
810,20.225 ,0.152791 ,0 
811,20.25 ,0.149901 ,0 
812,20.275 ,0.146996 ,0 
813,20.3 ,0.144076 ,0 
814,20.325 ,0.14114 ,0 
815,20.35 ,0.13819 ,0 
816,20.375 ,0.135226 ,0 
817,20.4 ,0.132247 ,0 
818,20.425 ,0.129255 ,0 
819,20.45 ,0.12625 ,0 
820,20.475 ,0.123231 ,0 
821,20.5 ,0.1202 ,0 
822,20.525 ,0.117156 ,0 
823,20.55 ,0.114101 ,0 
824,20.575 ,0.111033 ,0 
825,20.6 ,0.107954 ,0 
826,20.625 ,0.104864 ,0 
827,20.65 ,0.101764 ,0 
828,20.675 ,0.0986527 ,0 
829,20.7 ,0.0955315 ,0 
830,20.725 ,0.0924005 ,0 
831,20.75 ,0.0892602 ,0 
832,20.775 ,0.0861107 ,0 
833,20.8 ,0.0829524 ,0 
834,20.825 ,0.0797857 ,0 
835,20.85 ,0.0766109 ,0 
836,20.875 ,0.0734283 ,0 
837,20.9 ,0.0702383 ,0 
838,20.925 ,0.0670411 ,0 
839,20.95 ,0.0638371 ,0 
840,20.975 ,0.0606267 ,0 
841,21 ,0.0574102 ,0 
842,21.025 ,0.0541878 ,0 
843,21.05 ,0.05096 ,0 
844,21.075 ,0.0477271 ,0 
845,21.1 ,0.0444893 ,0 
846,21.125 ,0.0412471 ,0 
847,21.15 ,0.0380007 ,0 
848,21.175 ,0.0347505 ,0 
849,21.2 ,0.0314968 ,0 
850,21.225 ,0.02824 ,0 
851,21.25 ,0.0249803 ,0 
852,21.275 ,0.0217182 ,0 
853,21.3 ,0.0184538 ,0 
854,21.325 ,0.0151877 ,0 
855,21.35 ,0.01192 ,0 
856,21.375 ,0.00865113 ,0 
857,21.4 ,0.0053814 ,0 
858,21.425 ,0.00211114 ,0 
859,21.45 ,-0.00115934 ,0 
860,21.475 ,-0.00442969 ,0 
861,21.5 ,-0.00769961 ,0 
862,21.525 ,-0.0109688 ,0 
863,21.55 ,-0.0142368 ,0 
864,21.575 ,-0.0175035 ,0 
865,21.6 ,-0.0207684 ,0 
866,21.625 ,-0.0240313 ,0 
867,21.65 ,-0.0272919 ,0 
868,21.675 ,-0.0305497 ,0 
869,21.7 ,-0.0338045 ,0 
870,21.725 ,-0.037056 ,0 
871,21.75 ,-0.0403039 ,0 
872,21.775 ,-0.0435478 ,0 
873,21.8 ,-0.0467875 ,0 
874,21.825 ,-0.0500226 ,0 
875,21.85 ,-0.0532528 ,0 
876,21.875 ,-0.0564778 ,0 
877,21.9 ,-0.0596973 ,0 
878,21.925 ,-0.0629109 ,0 
879,21.95 ,-0.0661185 ,0 
880,21.975 ,-0.0693196 ,0 
881,22 ,-0.0725139 ,0 
882,22.025 ,-0.0757013 ,0 
883,22.05 ,-0.0788813 ,0 
884,22.075 ,-0.0820536 ,0 
885,22.1 ,-0.085218 ,0 
886,22.125 ,-0.0883742 ,0 
887,22.15 ,-0.0915218 ,0 
888,22.175 ,-0.0946606 ,0 
889,22.2 ,-0.0977902 ,0 
890,22.225 ,-0.10091 ,0 
891,22.25 ,-0.104021 ,0 
892,22.275 ,-0.107122 ,0 
893,22.3 ,-0.110212 ,0 
894,22.325 ,-0.113291 ,0 
895,22.35 ,-0.11636 ,0 
896,22.375 ,-0.119418 ,0 
897,22.4 ,-0.122464 ,0 
898,22.425 ,-0.125499 ,0 
899,22.45 ,-0.128521 ,0 
900,22.475 ,-0.131531 ,0 
901,22.5 ,-0.134529 ,0 
902,22.525 ,-0.137514 ,0 
903,22.55 ,-0.140486 ,0 
904,22.575 ,-0.143444 ,0 
905,22.6 ,-0.146389 ,0 
906,22.625 ,-0.14932 ,0 
907,22.65 ,-0.152237 ,0 
908,22.675 ,-0.155139 ,0 
909,22.7 ,-0.158027 ,0 
910,22.725 ,-0.1609 ,0 
911,22.75 ,-0.163757 ,0 
912,22.775 ,-0.166599 ,0 
913,22.8 ,-0.169426 ,0 
914,22.825 ,-0.172236 ,0 
915,22.85 ,-0.175031 ,0 
916,22.875 ,-0.177808 ,0 
917,22.9 ,-0.18057 ,0 
918,22.925 ,-0.183314 ,0 
919,22.95 ,-0.186041 ,0 
920,22.975 ,-0.18875 ,0 
921,23 ,-0.191442 ,0 
922,23.025 ,-0.194116 ,0 
923,23.05 ,-0.196772 ,0 
924,23.075 ,-0.19941 ,0 
925,23.1 ,-0.202029 ,0 
926,23.125 ,-0.204629 ,0 
927,23.15 ,-0.20721 ,0 
928,23.175 ,-0.209772 ,0 
929,23.2 ,-0.212314 ,0 
930,23.225 ,-0.214837 ,0 
931,23.25 ,-0.21734 ,0 
932,23.275 ,-0.219822 ,0 
933,23.3 ,-0.222284 ,0 
934,23.325 ,-0.224726 ,0 
935,23.35 ,-0.227147 ,0 
936,23.375 ,-0.229547 ,0 
937,23.4 ,-0.231926 ,0 
938,23.425 ,-0.234284 ,0 
939,23.45 ,-0.23662 ,0 
940,23.475 ,-0.238934 ,0 
941,23.5 ,-0.241226 ,0 
942,23.525 ,-0.243496 ,0 
943,23.55 ,-0.245744 ,0 
944,23.575 ,-0.24797 ,0 
945,23.6 ,-0.250172 ,0 
946,23.625 ,-0.252352 ,0 
947,23.65 ,-0.254509 ,0 
948,23.675 ,-0.256642 ,0 
949,23.7 ,-0.258752 ,0 
950,23.725 ,-0.260839 ,0 
951,23.75 ,-0.262902 ,0 
952,23.775 ,-0.264941 ,0 
953,23.8 ,-0.266955 ,0 
954,23.825 ,-0.268946 ,0 
955,23.85 ,-0.270912 ,0 
956,23.875 ,-0.272854 ,0 
957,23.9 ,-0.274771 ,0 
958,23.925 ,-0.276663 ,0 
959,23.95 ,-0.27853 ,0 
960,23.975 ,-0.280372 ,0 
961,24 ,-0.282189 ,0 
962,24.025 ,-0.28398 ,0 
963,24.05 ,-0.285746 ,0 
964,24.075 ,-0.287486 ,0 
965,24.1 ,-0.2892 ,0 
966,24.125 ,-0.290889 ,0 
967,24.15 ,-0.292551 ,0 
968,24.175 ,-0.294187 ,0 
969,24.2 ,-0.295796 ,0 
970,24.225 ,-0.29738 ,0 
971,24.25 ,-0.298936 ,0 
972,24.275 ,-0.300466 ,0 
973,24.3 ,-0.301969 ,0 
974,24.325 ,-0.303445 ,0 
975,24.35 ,-0.304894 ,0 
976,24.375 ,-0.306317 ,0 
977,24.4 ,-0.307711 ,0 
978,24.425 ,-0.309079 ,0 
979,24.45 ,-0.310419 ,0 
980,24.475 ,-0.311731 ,0 
981,24.5 ,-0.313016 ,0 
982,24.525 ,-0.314274 ,0 
983,24.55 ,-0.315503 ,0 
984,24.575 ,-0.316705 ,0 
985,24.6 ,-0.317878 ,0 
986,24.625 ,-0.319024 ,0 
987,24.65 ,-0.320141 ,0 
988,24.675 ,-0.321231 ,0 
989,24.7 ,-0.322292 ,0 
990,24.725 ,-0.323324 ,0 
991,24.75 ,-0.324329 ,0 
992,24.775 ,-0.325305 ,0 
993,24.8 ,-0.326252 ,0 
994,24.825 ,-0.327171 ,0 
995,24.85 ,-0.328061 ,0 
996,24.875 ,-0.328923 ,0 
997,24.9 ,-0.329756 ,0 
998,24.925 ,-0.33056 ,0 
999,24.95 ,-0.331335 ,0 
1000,24.975 ,-0.332081 ,0 