
1,0 ,0 ,0 
2,0.04 ,0 ,0 
3,0.08 ,0 ,0 
4,0.12 ,5.51494e-17 ,0 
5,0.16 ,1.74174e-16 ,0 
6,0.2 ,4.24835e-16 ,0 
7,0.24 ,8.79944e-16 ,0 
8,0.28 ,1.62803e-15 ,0 
9,0.32 ,2.77307e-15 ,0 
10,0.36 ,4.43418e-15 ,0 
11,0.4 ,6.74521e-15 ,0 
12,0.44 ,9.85439e-15 ,0 
13,0.48 ,1.39238e-14 ,0 
14,0.52 ,1.9129e-14 ,0 
15,0.56 ,2.56582e-14 ,0 
16,0.6 ,3.37121e-14 ,0 
17,0.64 ,4.3503e-14 ,0 
18,0.68 ,5.52539e-14 ,0 
19,0.72 ,6.91985e-14 ,0 
20,0.76 ,8.55797e-14 ,0 
21,0.8 ,1.04649e-13 ,0 
22,0.84 ,1.26668e-13 ,0 
23,0.88 ,1.51901e-13 ,0 
24,0.92 ,1.80624e-13 ,0 
25,0.96 ,2.13115e-13 ,0 
26,1 ,2.49657e-13 ,0 
27,1.04 ,2.90538e-13 ,0 
28,1.08 ,3.36047e-13 ,0 
29,1.12 ,3.86478e-13 ,0 
30,1.16 ,4.42123e-13 ,0 
31,1.2 ,5.03274e-13 ,0 
32,1.24 ,5.70225e-13 ,0 
33,1.28 ,6.43265e-13 ,0 
34,1.32 ,7.22682e-13 ,0 
35,1.36 ,8.08759e-13 ,0 
36,1.4 ,9.01776e-13 ,0 
37,1.44 ,1.00201e-12 ,0 
38,1.48 ,1.10972e-12 ,0 
39,1.52 ,1.22516e-12 ,0 
40,1.56 ,1.3486e-12 ,0 
41,1.6 ,1.48028e-12 ,0 
42,1.64 ,1.62042e-12 ,0 
43,1.68 ,1.76924e-12 ,0 
44,1.72 ,1.92696e-12 ,0 
45,1.76 ,2.09378e-12 ,0 
46,1.8 ,2.26987e-12 ,0 
47,1.84 ,2.45541e-12 ,0 
48,1.88 ,2.65055e-12 ,0 
49,1.92 ,2.85544e-12 ,0 
50,1.96 ,3.0702e-12 ,0 
51,2 ,3.29494e-12 ,0 
52,2.04 ,3.52975e-12 ,0 
53,2.08 ,3.77471e-12 ,0 
54,2.12 ,4.02987e-12 ,0 
55,2.16 ,4.29528e-12 ,0 
56,2.2 ,4.57095e-12 ,0 
57,2.24 ,4.85688e-12 ,0 
58,2.28 ,5.15307e-12 ,0 
59,2.32 ,5.45946e-12 ,0 
60,2.36 ,5.77601e-12 ,0 
61,2.4 ,6.10265e-12 ,0 
62,2.44 ,6.43927e-12 ,0 
63,2.48 ,6.78577e-12 ,0 
64,2.52 ,7.142e-12 ,0 
65,2.56 ,7.50783e-12 ,0 
66,2.6 ,7.88306e-12 ,0 
67,2.64 ,8.26752e-12 ,0 
68,2.68 ,8.66099e-12 ,0 
69,2.72 ,9.06325e-12 ,0 
70,2.76 ,9.47404e-12 ,0 
71,2.8 ,9.89309e-12 ,0 
72,2.84 ,1.03201e-11 ,0 
73,2.88 ,1.07549e-11 ,0 
74,2.92 ,1.1197e-11 ,0 
75,2.96 ,1.16461e-11 ,0 
76,3 ,1.21019e-11 ,0 
77,3.04 ,1.2564e-11 ,0 
78,3.08 ,1.30321e-11 ,0 
79,3.12 ,1.35057e-11 ,0 
80,3.16 ,1.39845e-11 ,0 
81,3.2 ,1.4468e-11 ,0 
82,3.24 ,1.49557e-11 ,0 
83,3.28 ,1.54474e-11 ,0 
84,3.32 ,1.59424e-11 ,0 
85,3.36 ,1.64403e-11 ,0 
86,3.4 ,1.69407e-11 ,0 
87,3.44 ,1.74431e-11 ,0 
88,3.48 ,1.79471e-11 ,0 
89,3.52 ,1.8452e-11 ,0 
90,3.56 ,1.89574e-11 ,0 
91,3.6 ,1.94628e-11 ,0 
92,3.64 ,1.99678e-11 ,0 
93,3.68 ,2.04718e-11 ,0 
94,3.72 ,2.09742e-11 ,0 
95,3.76 ,2.14746e-11 ,0 
96,3.8 ,2.19725e-11 ,0 
97,3.84 ,2.24674e-11 ,0 
98,3.88 ,2.29588e-11 ,0 
99,3.92 ,2.34461e-11 ,0 
100,3.96 ,2.39288e-11 ,0 
101,4 ,2.44065e-11 ,0 
102,4.04 ,2.48787e-11 ,0 
103,4.08 ,2.53449e-11 ,0 
104,4.12 ,2.58046e-11 ,0 
105,4.16 ,2.62573e-11 ,0 
106,4.2 ,2.67026e-11 ,0 
107,4.24 ,2.714e-11 ,0 
108,4.28 ,2.75691e-11 ,0 
109,4.32 ,2.79895e-11 ,0 
110,4.36 ,2.84007e-11 ,0 
111,4.4 ,2.88023e-11 ,0 
112,4.44 ,2.9194e-11 ,0 
113,4.48 ,2.95753e-11 ,0 
114,4.52 ,2.99458e-11 ,0 
115,4.56 ,3.03053e-11 ,0 
116,4.6 ,3.06534e-11 ,0 
117,4.64 ,3.09897e-11 ,0 
118,4.68 ,3.1314e-11 ,0 
119,4.72 ,3.16259e-11 ,0 
120,4.76 ,3.19252e-11 ,0 
121,4.8 ,3.22117e-11 ,0 
122,4.84 ,3.2485e-11 ,0 
123,4.88 ,3.27449e-11 ,0 
124,4.92 ,3.29913e-11 ,0 
125,4.96 ,3.32239e-11 ,0 
126,5 ,3.34426e-11 ,0 
127,5.04 ,3.36472e-11 ,0 
128,5.08 ,3.38375e-11 ,0 
129,5.12 ,3.40135e-11 ,0 
130,5.16 ,3.41751e-11 ,0 
131,5.2 ,3.43221e-11 ,0 
132,5.24 ,3.44546e-11 ,0 
133,5.28 ,3.45724e-11 ,0 
134,5.32 ,3.46754e-11 ,0 
135,5.36 ,3.47639e-11 ,0 
136,5.4 ,3.48376e-11 ,0 
137,5.44 ,3.48966e-11 ,0 
138,5.48 ,3.4941e-11 ,0 
139,5.52 ,3.49708e-11 ,0 
140,5.56 ,3.49861e-11 ,0 
141,5.6 ,3.4987e-11 ,0 
142,5.64 ,3.49736e-11 ,0 
143,5.68 ,3.49459e-11 ,0 
144,5.72 ,3.49042e-11 ,0 
145,5.76 ,3.48486e-11 ,0 
146,5.8 ,3.47791e-11 ,0 
147,5.84 ,3.46961e-11 ,0 
148,5.88 ,3.45997e-11 ,0 
149,5.92 ,3.44901e-11 ,0 
150,5.96 ,3.43675e-11 ,0 
151,6 ,3.42322e-11 ,0 
152,6.04 ,3.40843e-11 ,0 
153,6.08 ,3.39241e-11 ,0 
154,6.12 ,3.37519e-11 ,0 
155,6.16 ,3.3568e-11 ,0 
156,6.2 ,3.33725e-11 ,0 
157,6.24 ,3.31659e-11 ,0 
158,6.28 ,3.29483e-11 ,0 
159,6.32 ,3.27202e-11 ,0 
160,6.36 ,3.24818e-11 ,0 
161,6.4 ,3.22333e-11 ,0 
162,6.44 ,3.19752e-11 ,0 
163,6.48 ,3.17078e-11 ,0 
164,6.52 ,3.14314e-11 ,0 
165,6.56 ,3.11462e-11 ,0 
166,6.6 ,3.08528e-11 ,0 
167,6.64 ,3.05513e-11 ,0 
168,6.68 ,3.02422e-11 ,0 
169,6.72 ,2.99258e-11 ,0 
170,6.76 ,2.96024e-11 ,0 
171,6.8 ,2.92724e-11 ,0 
172,6.84 ,2.89361e-11 ,0 
173,6.88 ,2.85939e-11 ,0 
174,6.92 ,2.82461e-11 ,0 
175,6.96 ,2.78931e-11 ,0 
176,7 ,2.75352e-11 ,0 
177,7.04 ,2.71727e-11 ,0 
178,7.08 ,2.68061e-11 ,0 
179,7.12 ,2.64356e-11 ,0 
180,7.16 ,2.60616e-11 ,0 
181,7.2 ,2.56844e-11 ,0 
182,7.24 ,2.53044e-11 ,0 
183,7.28 ,2.49218e-11 ,0 
184,7.32 ,2.45369e-11 ,0 
185,7.36 ,2.41502e-11 ,0 
186,7.4 ,2.37619e-11 ,0 
187,7.44 ,2.33723e-11 ,0 
188,7.48 ,2.29817e-11 ,0 
189,7.52 ,2.25904e-11 ,0 
190,7.56 ,2.21987e-11 ,0 
191,7.6 ,2.18069e-11 ,0 
192,7.64 ,2.14152e-11 ,0 
193,7.68 ,2.10239e-11 ,0 
194,7.72 ,2.06333e-11 ,0 
195,7.76 ,2.02436e-11 ,0 
196,7.8 ,1.98551e-11 ,0 
197,7.84 ,1.9468e-11 ,0 
198,7.88 ,1.90825e-11 ,0 
199,7.92 ,1.86989e-11 ,0 
200,7.96 ,1.83174e-11 ,0 
201,8 ,1.79382e-11 ,0 
202,8.04 ,1.75614e-11 ,0 
203,8.08 ,1.71874e-11 ,0 
204,8.12 ,1.68162e-11 ,0 
205,8.16 ,1.6448e-11 ,0 
206,8.2 ,1.60831e-11 ,0 
207,8.24 ,1.57215e-11 ,0 
208,8.28 ,1.53635e-11 ,0 
209,8.32 ,1.50091e-11 ,0 
210,8.36 ,1.46585e-11 ,0 
211,8.4 ,1.43119e-11 ,0 
212,8.44 ,1.39693e-11 ,0 
213,8.48 ,1.36309e-11 ,0 
214,8.52 ,1.32968e-11 ,0 
215,8.56 ,1.29671e-11 ,0 
216,8.6 ,1.26418e-11 ,0 
217,8.64 ,1.23211e-11 ,0 
218,8.68 ,1.20051e-11 ,0 
219,8.72 ,1.16937e-11 ,0 
220,8.76 ,1.13872e-11 ,0 
221,8.8 ,1.10854e-11 ,0 
222,8.84 ,1.07886e-11 ,0 
223,8.88 ,1.04967e-11 ,0 
224,8.92 ,1.02097e-11 ,0 
225,8.96 ,9.92781e-12 ,0 
226,9 ,9.65092e-12 ,0 
227,9.04 ,9.37907e-12 ,0 
228,9.08 ,9.1123e-12 ,0 
229,9.12 ,8.85062e-12 ,0 
230,9.16 ,8.59402e-12 ,0 
231,9.2 ,8.34251e-12 ,0 
232,9.24 ,8.09609e-12 ,0 
233,9.28 ,7.85474e-12 ,0 
234,9.32 ,7.61846e-12 ,0 
235,9.36 ,7.38722e-12 ,0 
236,9.4 ,7.16101e-12 ,0 
237,9.44 ,6.9398e-12 ,0 
238,9.48 ,6.72355e-12 ,0 
239,9.52 ,6.51225e-12 ,0 
240,9.56 ,6.30584e-12 ,0 
241,9.6 ,6.1043e-12 ,0 
242,9.64 ,5.90757e-12 ,0 
243,9.68 ,5.71561e-12 ,0 
244,9.72 ,5.52838e-12 ,0 
245,9.76 ,5.34583e-12 ,0 
246,9.8 ,5.16789e-12 ,0 
247,9.84 ,4.99452e-12 ,0 
248,9.88 ,4.82565e-12 ,0 
249,9.92 ,4.66123e-12 ,0 
250,9.96 ,4.5012e-12 ,0 
251,10 ,4.34548e-12 ,0 
252,10.04 ,4.19403e-12 ,0 
253,10.08 ,4.04676e-12 ,0 
254,10.12 ,3.90362e-12 ,0 
255,10.16 ,3.76453e-12 ,0 
256,10.2 ,3.62943e-12 ,0 
257,10.24 ,3.49825e-12 ,0 
258,10.28 ,3.3709e-12 ,0 
259,10.32 ,3.24733e-12 ,0 
260,10.36 ,3.12746e-12 ,0 
261,10.4 ,3.01122e-12 ,0 
262,10.44 ,2.89853e-12 ,0 
263,10.48 ,2.78932e-12 ,0 
264,10.52 ,2.68352e-12 ,0 
265,10.56 ,2.58106e-12 ,0 
266,10.6 ,2.48185e-12 ,0 
267,10.64 ,2.38583e-12 ,0 
268,10.68 ,2.29293e-12 ,0 
269,10.72 ,2.20307e-12 ,0 
270,10.76 ,2.11618e-12 ,0 
271,10.8 ,2.03218e-12 ,0 
272,10.84 ,1.95102e-12 ,0 
273,10.88 ,1.8726e-12 ,0 
274,10.92 ,1.79688e-12 ,0 
275,10.96 ,1.72377e-12 ,0 
276,11 ,1.65321e-12 ,0 
277,11.04 ,1.58513e-12 ,0 
278,11.08 ,1.51946e-12 ,0 
279,11.12 ,1.45613e-12 ,0 
280,11.16 ,1.39509e-12 ,0 
281,11.2 ,1.33627e-12 ,0 
282,11.24 ,1.2796e-12 ,0 
283,11.28 ,1.22502e-12 ,0 
284,11.32 ,1.17246e-12 ,0 
285,11.36 ,1.12188e-12 ,0 
286,11.4 ,1.07321e-12 ,0 
287,11.44 ,1.02639e-12 ,0 
288,11.48 ,9.81361e-13 ,0 
289,11.52 ,9.38073e-13 ,0 
290,11.56 ,8.96468e-13 ,0 
291,11.6 ,8.56493e-13 ,0 
292,11.64 ,8.18096e-13 ,0 
293,11.68 ,7.81224e-13 ,0 
294,11.72 ,7.45827e-13 ,0 
295,11.76 ,7.11857e-13 ,0 
296,11.8 ,6.79265e-13 ,0 
297,11.84 ,6.48005e-13 ,0 
298,11.88 ,6.1803e-13 ,0 
299,11.92 ,5.89296e-13 ,0 
300,11.96 ,5.6176e-13 ,0 
301,12 ,5.35379e-13 ,0 
302,12.04 ,5.10113e-13 ,0 
303,12.08 ,4.8592e-13 ,0 
304,12.12 ,4.62763e-13 ,0 
305,12.16 ,4.40602e-13 ,0 
306,12.2 ,4.19402e-13 ,0 
307,12.24 ,3.99127e-13 ,0 
308,12.28 ,3.79741e-13 ,0 
309,12.32 ,3.61211e-13 ,0 
310,12.36 ,3.43504e-13 ,0 
311,12.4 ,3.26589e-13 ,0 
312,12.44 ,3.10435e-13 ,0 
313,12.48 ,2.95013e-13 ,0 
314,12.52 ,2.80292e-13 ,0 
315,12.56 ,2.66246e-13 ,0 
316,12.6 ,2.52848e-13 ,0 
317,12.64 ,2.4007e-13 ,0 
318,12.68 ,2.27888e-13 ,0 
319,12.72 ,2.16278e-13 ,0 
320,12.76 ,2.05215e-13 ,0 
321,12.8 ,1.94676e-13 ,0 
322,12.84 ,1.84639e-13 ,0 
323,12.88 ,1.75084e-13 ,0 
324,12.92 ,1.65988e-13 ,0 
325,12.96 ,1.57333e-13 ,0 
326,13 ,1.49098e-13 ,0 
327,13.04 ,1.41267e-13 ,0 
328,13.08 ,1.33819e-13 ,0 
329,13.12 ,1.2674e-13 ,0 
330,13.16 ,1.20011e-13 ,0 
331,13.2 ,1.13618e-13 ,0 
332,13.24 ,1.07544e-13 ,0 
333,13.28 ,1.01775e-13 ,0 
334,13.32 ,9.62982e-14 ,0 
335,13.36 ,9.10986e-14 ,0 
336,13.4 ,8.61637e-14 ,0 
337,13.44 ,8.14811e-14 ,0 
338,13.48 ,7.70389e-14 ,0 
339,13.52 ,7.28257e-14 ,0 
340,13.56 ,6.88304e-14 ,0 
341,13.6 ,6.50428e-14 ,0 
342,13.64 ,6.14527e-14 ,0 
343,13.68 ,5.80506e-14 ,0 
344,13.72 ,5.48273e-14 ,0 
345,13.76 ,5.1774e-14 ,0 
346,13.8 ,4.88824e-14 ,0 
347,13.84 ,4.61445e-14 ,0 
348,13.88 ,4.35526e-14 ,0 
349,13.92 ,4.10994e-14 ,0 
350,13.96 ,3.87779e-14 ,0 
351,14 ,3.65816e-14 ,0 
352,14.04 ,3.4504e-14 ,0 
353,14.08 ,3.25392e-14 ,0 
354,14.12 ,3.06813e-14 ,0 
355,14.16 ,2.89249e-14 ,0 
356,14.2 ,2.72648e-14 ,0 
357,14.24 ,2.56959e-14 ,0 
358,14.28 ,2.42135e-14 ,0 
359,14.32 ,2.28131e-14 ,0 
360,14.36 ,2.14904e-14 ,0 
361,14.4 ,2.02413e-14 ,0 
362,14.44 ,1.90619e-14 ,0 
363,14.48 ,1.79486e-14 ,0 
364,14.52 ,1.68978e-14 ,0 
365,14.56 ,1.59061e-14 ,0 
366,14.6 ,1.49705e-14 ,0 
367,14.64 ,1.40878e-14 ,0 
368,14.68 ,1.32553e-14 ,0 
369,14.72 ,1.24702e-14 ,0 
370,14.76 ,1.17299e-14 ,0 
371,14.8 ,1.1032e-14 ,0 
372,14.84 ,1.03742e-14 ,0 
373,14.88 ,9.75423e-15 ,0 
374,14.92 ,9.17006e-15 ,0 
375,14.96 ,8.61969e-15 ,0 
376,15 ,8.10125e-15 ,0 
377,15.04 ,7.61296e-15 ,0 
378,15.08 ,7.15315e-15 ,0 
379,15.12 ,6.72021e-15 ,0 
380,15.16 ,6.31263e-15 ,0 
381,15.2 ,5.929e-15 ,0 
382,15.24 ,5.56796e-15 ,0 
383,15.28 ,5.22822e-15 ,0 
384,15.32 ,4.90858e-15 ,0 
385,15.36 ,4.60789e-15 ,0 
386,15.4 ,4.32508e-15 ,0 
387,15.44 ,4.05911e-15 ,0 
388,15.48 ,3.80901e-15 ,0 
389,15.52 ,3.57389e-15 ,0 
390,15.56 ,3.35286e-15 ,0 
391,15.6 ,3.14512e-15 ,0 
392,15.64 ,2.94988e-15 ,0 
393,15.68 ,2.76644e-15 ,0 
394,15.72 ,2.59408e-15 ,0 
395,15.76 ,2.43218e-15 ,0 
396,15.8 ,2.28011e-15 ,0 
397,15.84 ,2.13729e-15 ,0 
398,15.88 ,2.00319e-15 ,0 
399,15.92 ,1.87728e-15 ,0 
400,15.96 ,1.75908e-15 ,0 
401,16 ,1.64814e-15 ,0 
402,16.04 ,1.54401e-15 ,0 
403,16.08 ,1.4463e-15 ,0 
404,16.12 ,1.35463e-15 ,0 
405,16.16 ,1.26862e-15 ,0 
406,16.2 ,1.18793e-15 ,0 
407,16.24 ,1.11226e-15 ,0 
408,16.28 ,1.0413e-15 ,0 
409,16.32 ,9.7475e-16 ,0 
410,16.36 ,9.12358e-16 ,0 
411,16.4 ,8.53868e-16 ,0 
412,16.44 ,7.99042e-16 ,0 
413,16.48 ,7.47657e-16 ,0 
414,16.52 ,6.99503e-16 ,0 
415,16.56 ,6.54381e-16 ,0 
416,16.6 ,6.12106e-16 ,0 
417,16.64 ,5.72502e-16 ,0 
418,16.68 ,5.35406e-16 ,0 
419,16.72 ,5.00662e-16 ,0 
420,16.76 ,4.68125e-16 ,0 
421,16.8 ,4.37658e-16 ,0 
422,16.84 ,4.09134e-16 ,0 
423,16.88 ,3.8243e-16 ,0 
424,16.92 ,3.57433e-16 ,0 
425,16.96 ,3.34038e-16 ,0 
426,17 ,3.12143e-16 ,0 
427,17.04 ,2.91655e-16 ,0 
428,17.08 ,2.72486e-16 ,0 
429,17.12 ,2.54552e-16 ,0 
430,17.16 ,2.37775e-16 ,0 
431,17.2 ,2.22084e-16 ,0 
432,17.24 ,2.07409e-16 ,0 
433,17.28 ,1.93685e-16 ,0 
434,17.32 ,1.80853e-16 ,0 
435,17.36 ,1.68855e-16 ,0 
436,17.4 ,1.5764e-16 ,0 
437,17.44 ,1.47156e-16 ,0 
438,17.48 ,1.37357e-16 ,0 
439,17.52 ,1.28199e-16 ,0 
440,17.56 ,1.19642e-16 ,0 
441,17.6 ,1.11646e-16 ,0 
442,17.64 ,1.04176e-16 ,0 
443,17.68 ,9.71978e-17 ,0 
444,17.72 ,9.06797e-17 ,0 
445,17.76 ,8.45919e-17 ,0 
446,17.8 ,7.89068e-17 ,0 
447,17.84 ,7.35982e-17 ,0 
448,17.88 ,6.86417e-17 ,0 
449,17.92 ,6.40145e-17 ,0 
450,17.96 ,5.96952e-17 ,0 
451,18 ,5.56637e-17 ,0 
452,18.04 ,5.19014e-17 ,0 
453,18.08 ,4.83906e-17 ,0 
454,18.12 ,4.5115e-17 ,0 
455,18.16 ,4.20591e-17 ,0 
456,18.2 ,3.92086e-17 ,0 
457,18.24 ,3.65501e-17 ,0 
458,18.28 ,3.4071e-17 ,0 
459,18.32 ,3.17595e-17 ,0 
460,18.36 ,2.96046e-17 ,0 
461,18.4 ,2.75961e-17 ,0 
462,18.44 ,2.57244e-17 ,0 
463,18.48 ,2.39805e-17 ,0 
464,18.52 ,2.23559e-17 ,0 
465,18.56 ,2.0843e-17 ,0 
466,18.6 ,1.94343e-17 ,0 
467,18.64 ,1.8123e-17 ,0 
468,18.68 ,1.69029e-17 ,0 
469,18.72 ,1.57679e-17 ,0 
470,18.76 ,1.47125e-17 ,0 
471,18.8 ,1.37316e-17 ,0 
472,18.84 ,1.28203e-17 ,0 
473,18.88 ,1.19742e-17 ,0 
474,18.92 ,1.11891e-17 ,0 
475,18.96 ,1.04611e-17 ,0 
476,19 ,9.78661e-18 ,0 
477,19.04 ,9.16235e-18 ,0 
478,19.08 ,8.58516e-18 ,0 
479,19.12 ,8.0522e-18 ,0 
480,19.16 ,7.56079e-18 ,0 
481,19.2 ,7.1085e-18 ,0 
482,19.24 ,6.69304e-18 ,0 
483,19.28 ,6.31236e-18 ,0 
484,19.32 ,5.96452e-18 ,0 
485,19.36 ,5.6478e-18 ,0 
486,19.4 ,5.36059e-18 ,0 
487,19.44 ,5.10146e-18 ,0 
488,19.48 ,4.86911e-18 ,0 
489,19.52 ,4.66235e-18 ,0 
490,19.56 ,4.48016e-18 ,0 
491,19.6 ,4.32163e-18 ,0 
492,19.64 ,4.18596e-18 ,0 
493,19.68 ,4.07247e-18 ,0 
494,19.72 ,3.98062e-18 ,0 
495,19.76 ,3.90995e-18 ,0 
496,19.8 ,3.86012e-18 ,0 
497,19.84 ,3.83092e-18 ,0 
498,19.88 ,3.82221e-18 ,0 
499,19.92 ,3.83401e-18 ,0 
500,19.96 ,3.8664e-18 ,0 
501,20 ,3.91961e-18 ,0 
502,20.04 ,3.99395e-18 ,0 
503,20.08 ,4.08987e-18 ,0 
504,20.12 ,4.20793e-18 ,0 
505,20.16 ,4.34881e-18 ,0 
506,20.2 ,4.51332e-18 ,0 
507,20.24 ,4.70239e-18 ,0 
508,20.28 ,4.9171e-18 ,0 
509,20.32 ,5.15866e-18 ,0 
510,20.36 ,5.42846e-18 ,0 
511,20.4 ,5.72801e-18 ,0 
512,20.44 ,6.05902e-18 ,0 
513,20.48 ,6.42336e-18 ,0 
514,20.52 ,6.8231e-18 ,0 
515,20.56 ,7.26051e-18 ,0 
516,20.6 ,7.73806e-18 ,0 
517,20.64 ,8.25848e-18 ,0 
518,20.68 ,8.82473e-18 ,0 
519,20.72 ,9.44002e-18 ,0 
520,20.76 ,1.01079e-17 ,0 
521,20.8 ,1.08321e-17 ,0 
522,20.84 ,1.16168e-17 ,0 
523,20.88 ,1.24666e-17 ,0 
524,20.92 ,1.33862e-17 ,0 
525,20.96 ,1.4381e-17 ,0 
526,21 ,1.54566e-17 ,0 
527,21.04 ,1.66193e-17 ,0 
528,21.08 ,1.78758e-17 ,0 
529,21.12 ,1.92332e-17 ,0 
530,21.16 ,2.06995e-17 ,0 
531,21.2 ,2.22832e-17 ,0 
532,21.24 ,2.39934e-17 ,0 
533,21.28 ,2.584e-17 ,0 
534,21.32 ,2.78338e-17 ,0 
535,21.36 ,2.99863e-17 ,0 
536,21.4 ,3.23102e-17 ,0 
537,21.44 ,3.4819e-17 ,0 
538,21.48 ,3.75273e-17 ,0 
539,21.52 ,4.0451e-17 ,0 
540,21.56 ,4.36073e-17 ,0 
541,21.6 ,4.70145e-17 ,0 
542,21.64 ,5.06929e-17 ,0 
543,21.68 ,5.46639e-17 ,0 
544,21.72 ,5.89511e-17 ,0 
545,21.76 ,6.35797e-17 ,0 
546,21.8 ,6.85771e-17 ,0 
547,21.84 ,7.39727e-17 ,0 
548,21.88 ,7.97987e-17 ,0 
549,21.92 ,8.60895e-17 ,0 
550,21.96 ,9.28825e-17 ,0 
551,22 ,1.00218e-16 ,0 
552,22.04 ,1.0814e-16 ,0 
553,22.08 ,1.16696e-16 ,0 
554,22.12 ,1.25936e-16 ,0 
555,22.16 ,1.35916e-16 ,0 
556,22.2 ,1.46696e-16 ,0 
557,22.24 ,1.5834e-16 ,0 
558,22.28 ,1.70918e-16 ,0 
559,22.32 ,1.84506e-16 ,0 
560,22.36 ,1.99186e-16 ,0 
561,22.4 ,2.15046e-16 ,0 
562,22.44 ,2.32181e-16 ,0 
563,22.48 ,2.50696e-16 ,0 
564,22.52 ,2.70701e-16 ,0 
565,22.56 ,2.92319e-16 ,0 
566,22.6 ,3.15681e-16 ,0 
567,22.64 ,3.40928e-16 ,0 
568,22.68 ,3.68213e-16 ,0 
569,22.72 ,3.97704e-16 ,0 
570,22.76 ,4.29578e-16 ,0 
571,22.8 ,4.64032e-16 ,0 
572,22.84 ,5.01275e-16 ,0 
573,22.88 ,5.41536e-16 ,0 
574,22.92 ,5.8506e-16 ,0 
575,22.96 ,6.32114e-16 ,0 
576,23 ,6.82987e-16 ,0 
577,23.04 ,7.37993e-16 ,0 
578,23.08 ,7.97469e-16 ,0 
579,23.12 ,8.61781e-16 ,0 
580,23.16 ,9.31326e-16 ,0 
581,23.2 ,1.00653e-15 ,0 
582,23.24 ,1.08787e-15 ,0 
583,23.28 ,1.17583e-15 ,0 
584,23.32 ,1.27097e-15 ,0 
585,23.36 ,1.37388e-15 ,0 
586,23.4 ,1.48519e-15 ,0 
587,23.44 ,1.6056e-15 ,0 
588,23.48 ,1.73585e-15 ,0 
589,23.52 ,1.87676e-15 ,0 
590,23.56 ,2.0292e-15 ,0 
591,23.6 ,2.19413e-15 ,0 
592,23.64 ,2.37258e-15 ,0 
593,23.68 ,2.56567e-15 ,0 
594,23.72 ,2.7746e-15 ,0 
595,23.76 ,3.00068e-15 ,0 
596,23.8 ,3.24534e-15 ,0 
597,23.84 ,3.51011e-15 ,0 
598,23.88 ,3.79666e-15 ,0 
599,23.92 ,4.10679e-15 ,0 
600,23.96 ,4.44245e-15 ,0 
601,24 ,4.80578e-15 ,0 
602,24.04 ,5.19905e-15 ,0 
603,24.08 ,5.62476e-15 ,0 
604,24.12 ,6.08561e-15 ,0 
605,24.16 ,6.58451e-15 ,0 
606,24.2 ,7.12463e-15 ,0 
607,24.24 ,7.7094e-15 ,0 
608,24.28 ,8.34254e-15 ,0 
609,24.32 ,9.02808e-15 ,0 
610,24.36 ,9.77039e-15 ,0 
611,24.4 ,1.05742e-14 ,0 
612,24.44 ,1.14446e-14 ,0 
613,24.48 ,1.23873e-14 ,0 
614,24.52 ,1.34081e-14 ,0 
615,24.56 ,1.45137e-14 ,0 
616,24.6 ,1.57112e-14 ,0 
617,24.64 ,1.70082e-14 ,0 
618,24.68 ,1.8413e-14 ,0 
619,24.72 ,1.99348e-14 ,0 
620,24.76 ,2.15832e-14 ,0 
621,24.8 ,2.33689e-14 ,0 
622,24.84 ,2.53034e-14 ,0 
623,24.88 ,2.73993e-14 ,0 
624,24.92 ,2.96699e-14 ,0 
625,24.96 ,3.21301e-14 ,0 
626,25 ,3.47958e-14 ,0 
627,25.04 ,3.76841e-14 ,0 
628,25.08 ,4.08139e-14 ,0 
629,25.12 ,4.42055e-14 ,0 
630,25.16 ,4.78808e-14 ,0 
631,25.2 ,5.18638e-14 ,0 
632,25.24 ,5.61805e-14 ,0 
633,25.28 ,6.08589e-14 ,0 
634,25.32 ,6.59296e-14 ,0 
635,25.36 ,7.14256e-14 ,0 
636,25.4 ,7.73829e-14 ,0 
637,25.44 ,8.38404e-14 ,0 
638,25.48 ,9.08403e-14 ,0 
639,25.52 ,9.84287e-14 ,0 
640,25.56 ,1.06655e-13 ,0 
641,25.6 ,1.15574e-13 ,0 
642,25.64 ,1.25243e-13 ,0 
643,25.68 ,1.35726e-13 ,0 
644,25.72 ,1.47093e-13 ,0 
645,25.76 ,1.59418e-13 ,0 
646,25.8 ,1.72782e-13 ,0 
647,25.84 ,1.87274e-13 ,0 
648,25.88 ,2.02989e-13 ,0 
649,25.92 ,2.20031e-13 ,0 
650,25.96 ,2.38513e-13 ,0 
651,26 ,2.58557e-13 ,0 
652,26.04 ,2.80296e-13 ,0 
653,26.08 ,3.03875e-13 ,0 
654,26.12 ,3.2945e-13 ,0 
655,26.16 ,3.5719e-13 ,0 
656,26.2 ,3.8728e-13 ,0 
657,26.24 ,4.19921e-13 ,0 
658,26.28 ,4.5533e-13 ,0 
659,26.32 ,4.93743e-13 ,0 
660,26.36 ,5.35416e-13 ,0 
661,26.4 ,5.80628e-13 ,0 
662,26.44 ,6.2968e-13 ,0 
663,26.48 ,6.82901e-13 ,0 
664,26.52 ,7.40648e-13 ,0 
665,26.56 ,8.03307e-13 ,0 
666,26.6 ,8.71298e-13 ,0 
667,26.64 ,9.45077e-13 ,0 
668,26.68 ,1.02514e-12 ,0 
669,26.72 ,1.11203e-12 ,0 
670,26.76 ,1.20632e-12 ,0 
671,26.8 ,1.30865e-12 ,0 
672,26.84 ,1.41972e-12 ,0 
673,26.88 ,1.54027e-12 ,0 
674,26.92 ,1.67111e-12 ,0 
675,26.96 ,1.81312e-12 ,0 
676,27 ,1.96728e-12 ,0 
677,27.04 ,2.13462e-12 ,0 
678,27.08 ,2.31627e-12 ,0 
679,27.12 ,2.51346e-12 ,0 
680,27.16 ,2.72754e-12 ,0 
681,27.2 ,2.95995e-12 ,0 
682,27.24 ,3.21227e-12 ,0 
683,27.28 ,3.48622e-12 ,0 
684,27.32 ,3.78367e-12 ,0 
685,27.36 ,4.10662e-12 ,0 
686,27.4 ,4.4573e-12 ,0 
687,27.44 ,4.83808e-12 ,0 
688,27.48 ,5.25157e-12 ,0 
689,27.52 ,5.70059e-12 ,0 
690,27.56 ,6.1882e-12 ,0 
691,27.6 ,6.71775e-12 ,0 
692,27.64 ,7.29285e-12 ,0 
693,27.68 ,7.91744e-12 ,0 
694,27.72 ,8.59581e-12 ,0 
695,27.76 ,9.33261e-12 ,0 
696,27.8 ,1.01329e-11 ,0 
697,27.84 ,1.10021e-11 ,0 
698,27.88 ,1.19464e-11 ,0 
699,27.92 ,1.2972e-11 ,0 
700,27.96 ,1.40862e-11 ,0 
701,28 ,1.52966e-11 ,0 
702,28.04 ,1.66115e-11 ,0 
703,28.08 ,1.804e-11 ,0 
704,28.12 ,1.9592e-11 ,0 
705,28.16 ,2.12781e-11 ,0 
706,28.2 ,2.31101e-11 ,0 
707,28.24 ,2.51007e-11 ,0 
708,28.28 ,2.72635e-11 ,0 
709,28.32 ,2.96136e-11 ,0 
710,28.36 ,3.21673e-11 ,0 
711,28.4 ,3.49423e-11 ,0 
712,28.44 ,3.79578e-11 ,0 
713,28.48 ,4.12349e-11 ,0 
714,28.52 ,4.47962e-11 ,0 
715,28.56 ,4.86667e-11 ,0 
716,28.6 ,5.28731e-11 ,0 
717,28.64 ,5.74449e-11 ,0 
718,28.68 ,6.24139e-11 ,0 
719,28.72 ,6.78147e-11 ,0 
720,28.76 ,7.36851e-11 ,0 
721,28.8 ,8.00661e-11 ,0 
722,28.84 ,8.70022e-11 ,0 
723,28.88 ,9.45421e-11 ,0 
724,28.92 ,1.02738e-10 ,0 
725,28.96 ,1.11649e-10 ,0 
726,29 ,1.21335e-10 ,0 
727,29.04 ,1.31866e-10 ,0 
728,29.08 ,1.43315e-10 ,0 
729,29.12 ,1.55763e-10 ,0 
730,29.16 ,1.69296e-10 ,0 
731,29.2 ,1.84011e-10 ,0 
732,29.24 ,2.00011e-10 ,0 
733,29.28 ,2.17408e-10 ,0 
734,29.32 ,2.36326e-10 ,0 
735,29.36 ,2.56896e-10 ,0 
736,29.4 ,2.79266e-10 ,0 
737,29.44 ,3.03591e-10 ,0 
738,29.48 ,3.30045e-10 ,0 
739,29.52 ,3.58815e-10 ,0 
740,29.56 ,3.90103e-10 ,0 
741,29.6 ,4.24131e-10 ,0 
742,29.64 ,4.61141e-10 ,0 
743,29.68 ,5.01394e-10 ,0 
744,29.72 ,5.45176e-10 ,0 
745,29.76 ,5.92797e-10 ,0 
746,29.8 ,6.44596e-10 ,0 
747,29.84 ,7.00941e-10 ,0 
748,29.88 ,7.62232e-10 ,0 
749,29.92 ,8.28905e-10 ,0 
750,29.96 ,9.01435e-10 ,0 
751,30 ,9.80339e-10 ,0 
752,30.04 ,1.06618e-09 ,0 
753,30.08 ,1.15956e-09 ,0 
754,30.12 ,1.26116e-09 ,0 
755,30.16 ,1.3717e-09 ,0 
756,30.2 ,1.49197e-09 ,0 
757,30.24 ,1.62283e-09 ,0 
758,30.28 ,1.76521e-09 ,0 
759,30.32 ,1.92013e-09 ,0 
760,30.36 ,2.08871e-09 ,0 
761,30.4 ,2.27215e-09 ,0 
762,30.44 ,2.47176e-09 ,0 
763,30.48 ,2.68898e-09 ,0 
764,30.52 ,2.92536e-09 ,0 
765,30.56 ,3.18261e-09 ,0 
766,30.6 ,3.46258e-09 ,0 
767,30.64 ,3.76727e-09 ,0 
768,30.68 ,4.09887e-09 ,0 
769,30.72 ,4.45978e-09 ,0 
770,30.76 ,4.8526e-09 ,0 
771,30.8 ,5.28014e-09 ,0 
772,30.84 ,5.74551e-09 ,0 
773,30.88 ,6.25205e-09 ,0 
774,30.92 ,6.80343e-09 ,0 
775,30.96 ,7.40362e-09 ,0 
776,31 ,8.05696e-09 ,0 
777,31.04 ,8.76818e-09 ,0 
778,31.08 ,9.54242e-09 ,0 
779,31.12 ,1.03853e-08 ,0 
780,31.16 ,1.13029e-08 ,0 
781,31.2 ,1.23019e-08 ,0 
782,31.24 ,1.33895e-08 ,0 
783,31.28 ,1.45736e-08 ,0 
784,31.32 ,1.58629e-08 ,0 
785,31.36 ,1.72666e-08 ,0 
786,31.4 ,1.8795e-08 ,0 
787,31.44 ,2.04592e-08 ,0 
788,31.48 ,2.22713e-08 ,0 
789,31.52 ,2.42445e-08 ,0 
790,31.56 ,2.63932e-08 ,0 
791,31.6 ,2.8733e-08 ,0 
792,31.64 ,3.1281e-08 ,0 
793,31.68 ,3.40558e-08 ,0 
794,31.72 ,3.70776e-08 ,0 
795,31.76 ,4.03684e-08 ,0 
796,31.8 ,4.39525e-08 ,0 
797,31.84 ,4.78558e-08 ,0 
798,31.88 ,5.21071e-08 ,0 
799,31.92 ,5.67374e-08 ,0 
800,31.96 ,6.17806e-08 ,0 
801,32 ,6.72736e-08 ,0 
802,32.04 ,7.32568e-08 ,0 
803,32.08 ,7.9774e-08 ,0 
804,32.12 ,8.68731e-08 ,0 
805,32.16 ,9.4606e-08 ,0 
806,32.2 ,1.0303e-07 ,0 
807,32.24 ,1.12206e-07 ,0 
808,32.28 ,1.22203e-07 ,0 
809,32.32 ,1.33093e-07 ,0 
810,32.36 ,1.44957e-07 ,0 
811,32.4 ,1.57882e-07 ,0 
812,32.44 ,1.71964e-07 ,0 
813,32.48 ,1.87306e-07 ,0 
814,32.52 ,2.04021e-07 ,0 
815,32.56 ,2.22233e-07 ,0 
816,32.6 ,2.42076e-07 ,0 
817,32.64 ,2.63697e-07 ,0 
818,32.68 ,2.87256e-07 ,0 
819,32.72 ,3.12926e-07 ,0 
820,32.76 ,3.40899e-07 ,0 
821,32.8 ,3.71379e-07 ,0 
822,32.84 ,4.04594e-07 ,0 
823,32.88 ,4.4079e-07 ,0 
824,32.92 ,4.80234e-07 ,0 
825,32.96 ,5.2322e-07 ,0 
826,33 ,5.70066e-07 ,0 
827,33.04 ,6.2112e-07 ,0 
828,33.08 ,6.76761e-07 ,0 
829,33.12 ,7.37403e-07 ,0 
830,33.16 ,8.03496e-07 ,0 
831,33.2 ,8.75532e-07 ,0 
832,33.24 ,9.54047e-07 ,0 
833,33.28 ,1.03963e-06 ,0 
834,33.32 ,1.1329e-06 ,0 
835,33.36 ,1.23458e-06 ,0 
836,33.4 ,1.34541e-06 ,0 
837,33.44 ,1.46622e-06 ,0 
838,33.48 ,1.59791e-06 ,0 
839,33.52 ,1.74147e-06 ,0 
840,33.56 ,1.89797e-06 ,0 
841,33.6 ,2.06857e-06 ,0 
842,33.64 ,2.25455e-06 ,0 
843,33.68 ,2.45731e-06 ,0 
844,33.72 ,2.67837e-06 ,0 
845,33.76 ,2.91936e-06 ,0 
846,33.8 ,3.18211e-06 ,0 
847,33.84 ,3.46858e-06 ,0 
848,33.88 ,3.78092e-06 ,0 
849,33.92 ,4.12146e-06 ,0 
850,33.96 ,4.49278e-06 ,0 
851,34 ,4.89765e-06 ,0 
852,34.04 ,5.33911e-06 ,0 
853,34.08 ,5.82048e-06 ,0 
854,34.12 ,6.34539e-06 ,0 
855,34.16 ,6.91777e-06 ,0 
856,34.2 ,7.54194e-06 ,0 
857,34.24 ,8.2226e-06 ,0 
858,34.28 ,8.96486e-06 ,0 
859,34.32 ,9.77433e-06 ,0 
860,34.36 ,1.06571e-05 ,0 
861,34.4 ,1.16198e-05 ,0 
862,34.44 ,1.26698e-05 ,0 
863,34.48 ,1.38149e-05 ,0 
864,34.52 ,1.50638e-05 ,0 
865,34.56 ,1.6426e-05 ,0 
866,34.6 ,1.79116e-05 ,0 
867,34.64 ,1.9532e-05 ,0 
868,34.68 ,2.12995e-05 ,0 
869,34.72 ,2.32273e-05 ,0 
870,34.76 ,2.53302e-05 ,0 
871,34.8 ,2.76239e-05 ,0 
872,34.84 ,3.0126e-05 ,0 
873,34.88 ,3.28553e-05 ,0 
874,34.92 ,3.58325e-05 ,0 
875,34.96 ,3.90804e-05 ,0 
876,35 ,4.26234e-05 ,0 
877,35.04 ,4.64885e-05 ,0 
878,35.08 ,5.07051e-05 ,0 
879,35.12 ,5.53053e-05 ,0 
880,35.16 ,6.03239e-05 ,0 
881,35.2 ,6.57992e-05 ,0 
882,35.24 ,7.17729e-05 ,0 
883,35.28 ,7.82903e-05 ,0 
884,35.32 ,8.54012e-05 ,0 
885,35.36 ,9.31598e-05 ,0 
886,35.4 ,0.000101625 ,0 
887,35.44 ,0.000110862 ,0 
888,35.48 ,0.00012094 ,0 
889,35.52 ,0.000131937 ,0 
890,35.56 ,0.000143937 ,0 
891,35.6 ,0.000157031 ,0 
892,35.64 ,0.00017132 ,0 
893,35.68 ,0.000186912 ,0 
894,35.72 ,0.000203927 ,0 
895,35.76 ,0.000222495 ,0 
896,35.8 ,0.000242758 ,0 
897,35.84 ,0.000264871 ,0 
898,35.88 ,0.000289004 ,0 
899,35.92 ,0.000315342 ,0 
900,35.96 ,0.000344086 ,0 
901,36 ,0.000375457 ,0 
902,36.04 ,0.000409695 ,0 
903,36.08 ,0.000447064 ,0 
904,36.12 ,0.000487851 ,0 
905,36.16 ,0.000532368 ,0 
906,36.2 ,0.000580957 ,0 
907,36.24 ,0.000633993 ,0 
908,36.28 ,0.000691883 ,0 
909,36.32 ,0.000755072 ,0 
910,36.36 ,0.000824047 ,0 
911,36.4 ,0.000899339 ,0 
912,36.44 ,0.000981527 ,0 
913,36.48 ,0.00107125 ,0 
914,36.52 ,0.00116919 ,0 
915,36.56 ,0.0012761 ,0 
916,36.6 ,0.00139282 ,0 
917,36.64 ,0.00152024 ,0 
918,36.68 ,0.00165935 ,0 
919,36.72 ,0.00181121 ,0 
920,36.76 ,0.00197701 ,0 
921,36.8 ,0.00215803 ,0 
922,36.84 ,0.00235566 ,0 
923,36.88 ,0.00257143 ,0 
924,36.92 ,0.00280702 ,0 
925,36.96 ,0.00306424 ,0 
926,37 ,0.00334509 ,0 
927,37.04 ,0.00365174 ,0 
928,37.08 ,0.00398657 ,0 
929,37.12 ,0.00435218 ,0 
930,37.16 ,0.0047514 ,0 
931,37.2 ,0.00518732 ,0 
932,37.24 ,0.00566334 ,0 
933,37.28 ,0.00618314 ,0 
934,37.32 ,0.00675077 ,0 
935,37.36 ,0.00737063 ,0 
936,37.4 ,0.00804754 ,0 
937,37.44 ,0.00878676 ,0 
938,37.48 ,0.00959404 ,0 
939,37.52 ,0.0104757 ,0 
940,37.56 ,0.0114385 ,0 
941,37.6 ,0.01249 ,0 
942,37.64 ,0.0136385 ,0 
943,37.68 ,0.0148927 ,0 
944,37.72 ,0.0162626 ,0 
945,37.76 ,0.0177588 ,0 
946,37.8 ,0.019393 ,0 
947,37.84 ,0.0211779 ,0 
948,37.88 ,0.0231274 ,0 
949,37.92 ,0.0252568 ,0 
950,37.96 ,0.0275827 ,0 
951,38 ,0.0301233 ,0 
952,38.04 ,0.0328984 ,0 
953,38.08 ,0.0359298 ,0 
954,38.12 ,0.0392411 ,0 
955,38.16 ,0.0428583 ,0 
956,38.2 ,0.0468097 ,0 
957,38.24 ,0.0511262 ,0 
958,38.28 ,0.0558416 ,0 
959,38.32 ,0.0609929 ,0 
960,38.36 ,0.0666204 ,0 
961,38.4 ,0.0727683 ,0 
962,38.44 ,0.0794848 ,0 
963,38.48 ,0.0868226 ,0 
964,38.52 ,0.0948393 ,0 
965,38.56 ,0.103598 ,0 
966,38.6 ,0.113167 ,0 
967,38.64 ,0.123622 ,0 
968,38.68 ,0.135045 ,0 
969,38.72 ,0.147526 ,0 
970,38.76 ,0.161163 ,0 
971,38.8 ,0.176063 ,0 
972,38.84 ,0.192343 ,0 
973,38.88 ,0.210133 ,0 
974,38.92 ,0.229571 ,0 
975,38.96 ,0.250811 ,0 
976,39 ,0.27402 ,0 
977,39.04 ,0.299382 ,0 
978,39.08 ,0.327096 ,0 
979,39.12 ,0.357381 ,0 
980,39.16 ,0.390475 ,0 
981,39.2 ,0.426641 ,0 
982,39.24 ,0.466164 ,0 
983,39.28 ,0.509356 ,0 
984,39.32 ,0.556557 ,0 
985,39.36 ,0.608142 ,0 
986,39.4 ,0.664519 ,0 
987,39.44 ,0.726132 ,0 
988,39.48 ,0.79347 ,0 
989,39.52 ,0.867065 ,0 
990,39.56 ,0.9475 ,0 
991,39.6 ,1.03541 ,0 
992,39.64 ,1.1315 ,0 
993,39.68 ,1.23652 ,0 
994,39.72 ,1.35131 ,0 
995,39.76 ,1.47677 ,0 
996,39.8 ,1.61391 ,0 
997,39.84 ,1.76381 ,0 
998,39.88 ,1.92766 ,0 
999,39.92 ,2.10677 ,0 
1000,39.96 ,2.30254 ,0 