
1,0 ,0 ,0 
2,0.04 ,0 ,0 
3,0.08 ,0 ,0 
4,0.12 ,3.73764e-06 ,0 
5,0.16 ,1.17935e-05 ,0 
6,0.2 ,2.87322e-05 ,0 
7,0.24 ,5.94263e-05 ,0 
8,0.28 ,0.000109761 ,0 
9,0.32 ,0.000186592 ,0 
10,0.36 ,0.000297699 ,0 
11,0.4 ,0.000451729 ,0 
12,0.44 ,0.000658134 ,0 
13,0.48 ,0.000927105 ,0 
14,0.52 ,0.0012695 ,0 
15,0.56 ,0.00169676 ,0 
16,0.6 ,0.00222083 ,0 
17,0.64 ,0.00285407 ,0 
18,0.68 ,0.00360917 ,0 
19,0.72 ,0.00449905 ,0 
20,0.76 ,0.00553673 ,0 
21,0.8 ,0.00673531 ,0 
22,0.84 ,0.00810778 ,0 
23,0.88 ,0.00966697 ,0 
24,0.92 ,0.0114254 ,0 
25,0.96 ,0.0133953 ,0 
26,1 ,0.0155884 ,0 
27,1.04 ,0.0180157 ,0 
28,1.08 ,0.0206876 ,0 
29,1.12 ,0.0236138 ,0 
30,1.16 ,0.0268031 ,0 
31,1.2 ,0.0302631 ,0 
32,1.24 ,0.0340008 ,0 
33,1.28 ,0.0380216 ,0 
34,1.32 ,0.0423299 ,0 
35,1.36 ,0.0469289 ,0 
36,1.4 ,0.0518203 ,0 
37,1.44 ,0.0570044 ,0 
38,1.48 ,0.06248 ,0 
39,1.52 ,0.0682446 ,0 
40,1.56 ,0.074294 ,0 
41,1.6 ,0.0806224 ,0 
42,1.64 ,0.0872224 ,0 
43,1.68 ,0.0940851 ,0 
44,1.72 ,0.1012 ,0 
45,1.76 ,0.108554 ,0 
46,1.8 ,0.116135 ,0 
47,1.84 ,0.123926 ,0 
48,1.88 ,0.131911 ,0 
49,1.92 ,0.140071 ,0 
50,1.96 ,0.148387 ,0 
51,2 ,0.156836 ,0 
52,2.04 ,0.165396 ,0 
53,2.08 ,0.174043 ,0 
54,2.12 ,0.182753 ,0 
55,2.16 ,0.191497 ,0 
56,2.2 ,0.200249 ,0 
57,2.24 ,0.208981 ,0 
58,2.28 ,0.217663 ,0 
59,2.32 ,0.226265 ,0 
60,2.36 ,0.234757 ,0 
61,2.4 ,0.243108 ,0 
62,2.44 ,0.251285 ,0 
63,2.48 ,0.259258 ,0 
64,2.52 ,0.266994 ,0 
65,2.56 ,0.274462 ,0 
66,2.6 ,0.281629 ,0 
67,2.64 ,0.288465 ,0 
68,2.68 ,0.294938 ,0 
69,2.72 ,0.301017 ,0 
70,2.76 ,0.306674 ,0 
71,2.8 ,0.311877 ,0 
72,2.84 ,0.316601 ,0 
73,2.88 ,0.320817 ,0 
74,2.92 ,0.324499 ,0 
75,2.96 ,0.327623 ,0 
76,3 ,0.330166 ,0 
77,3.04 ,0.332107 ,0 
78,3.08 ,0.333425 ,0 
79,3.12 ,0.334102 ,0 
80,3.16 ,0.334121 ,0 
81,3.2 ,0.33347 ,0 
82,3.24 ,0.332134 ,0 
83,3.28 ,0.330104 ,0 
84,3.32 ,0.327371 ,0 
85,3.36 ,0.32393 ,0 
86,3.4 ,0.319778 ,0 
87,3.44 ,0.314912 ,0 
88,3.48 ,0.309334 ,0 
89,3.52 ,0.303047 ,0 
90,3.56 ,0.296058 ,0 
91,3.6 ,0.288373 ,0 
92,3.64 ,0.280004 ,0 
93,3.68 ,0.270964 ,0 
94,3.72 ,0.261268 ,0 
95,3.76 ,0.250934 ,0 
96,3.8 ,0.239981 ,0 
97,3.84 ,0.228431 ,0 
98,3.88 ,0.216309 ,0 
99,3.92 ,0.203642 ,0 
100,3.96 ,0.190456 ,0 
101,4 ,0.176784 ,0 
102,4.04 ,0.162657 ,0 
103,4.08 ,0.148108 ,0 
104,4.12 ,0.133174 ,0 
105,4.16 ,0.117892 ,0 
106,4.2 ,0.102299 ,0 
107,4.24 ,0.0864359 ,0 
108,4.28 ,0.0703436 ,0 
109,4.32 ,0.0540638 ,0 
110,4.36 ,0.0376395 ,0 
111,4.4 ,0.0211141 ,0 
112,4.44 ,0.00453183 ,0 
113,4.48 ,-0.0120626 ,0 
114,4.52 ,-0.0286244 ,0 
115,4.56 ,-0.0451084 ,0 
116,4.6 ,-0.0614694 ,0 
117,4.64 ,-0.0776626 ,0 
118,4.68 ,-0.0936432 ,0 
119,4.72 ,-0.109367 ,0 
120,4.76 ,-0.12479 ,0 
121,4.8 ,-0.139871 ,0 
122,4.84 ,-0.154565 ,0 
123,4.88 ,-0.168834 ,0 
124,4.92 ,-0.182636 ,0 
125,4.96 ,-0.195933 ,0 
126,5 ,-0.208688 ,0 
127,5.04 ,-0.220865 ,0 
128,5.08 ,-0.23243 ,0 
129,5.12 ,-0.243351 ,0 
130,5.16 ,-0.253597 ,0 
131,5.2 ,-0.26314 ,0 
132,5.24 ,-0.271954 ,0 
133,5.28 ,-0.280013 ,0 
134,5.32 ,-0.287296 ,0 
135,5.36 ,-0.293783 ,0 
136,5.4 ,-0.299456 ,0 
137,5.44 ,-0.3043 ,0 
138,5.48 ,-0.308302 ,0 
139,5.52 ,-0.311451 ,0 
140,5.56 ,-0.31374 ,0 
141,5.6 ,-0.315163 ,0 
142,5.64 ,-0.315718 ,0 
143,5.68 ,-0.315402 ,0 
144,5.72 ,-0.31422 ,0 
145,5.76 ,-0.312174 ,0 
146,5.8 ,-0.309272 ,0 
147,5.84 ,-0.305523 ,0 
148,5.88 ,-0.300939 ,0 
149,5.92 ,-0.295534 ,0 
150,5.96 ,-0.289323 ,0 
151,6 ,-0.282326 ,0 
152,6.04 ,-0.274563 ,0 
153,6.08 ,-0.266056 ,0 
154,6.12 ,-0.25683 ,0 
155,6.16 ,-0.246912 ,0 
156,6.2 ,-0.23633 ,0 
157,6.24 ,-0.225114 ,0 
158,6.28 ,-0.213295 ,0 
159,6.32 ,-0.200906 ,0 
160,6.36 ,-0.187983 ,0 
161,6.4 ,-0.174561 ,0 
162,6.44 ,-0.160676 ,0 
163,6.48 ,-0.146368 ,0 
164,6.52 ,-0.131674 ,0 
165,6.56 ,-0.116634 ,0 
166,6.6 ,-0.10129 ,0 
167,6.64 ,-0.0856811 ,0 
168,6.68 ,-0.0698499 ,0 
169,6.72 ,-0.0538378 ,0 
170,6.76 ,-0.0376868 ,0 
171,6.8 ,-0.0214388 ,0 
172,6.84 ,-0.00513588 ,0 
173,6.88 ,0.0111802 ,0 
174,6.92 ,0.0274678 ,0 
175,6.96 ,0.043686 ,0 
176,7 ,0.0597939 ,0 
177,7.04 ,0.0757516 ,0 
178,7.08 ,0.0915198 ,0 
179,7.12 ,0.10706 ,0 
180,7.16 ,0.122335 ,0 
181,7.2 ,0.137307 ,0 
182,7.24 ,0.151942 ,0 
183,7.28 ,0.166205 ,0 
184,7.32 ,0.180063 ,0 
185,7.36 ,0.193484 ,0 
186,7.4 ,0.206438 ,0 
187,7.44 ,0.218897 ,0 
188,7.48 ,0.230832 ,0 
189,7.52 ,0.242218 ,0 
190,7.56 ,0.253032 ,0 
191,7.6 ,0.26325 ,0 
192,7.64 ,0.272851 ,0 
193,7.68 ,0.281817 ,0 
194,7.72 ,0.290131 ,0 
195,7.76 ,0.297777 ,0 
196,7.8 ,0.30474 ,0 
197,7.84 ,0.31101 ,0 
198,7.88 ,0.316576 ,0 
199,7.92 ,0.321429 ,0 
200,7.96 ,0.325564 ,0 
201,8 ,0.328975 ,0 
202,8.04 ,0.331659 ,0 
203,8.08 ,0.333616 ,0 
204,8.12 ,0.334844 ,0 
205,8.16 ,0.335347 ,0 
206,8.2 ,0.335128 ,0 
207,8.24 ,0.334193 ,0 
208,8.28 ,0.332548 ,0 
209,8.32 ,0.330201 ,0 
210,8.36 ,0.327163 ,0 
211,8.4 ,0.323445 ,0 
212,8.44 ,0.319059 ,0 
213,8.48 ,0.31402 ,0 
214,8.52 ,0.308341 ,0 
215,8.56 ,0.302041 ,0 
216,8.6 ,0.295136 ,0 
217,8.64 ,0.287644 ,0 
218,8.68 ,0.279585 ,0 
219,8.72 ,0.270979 ,0 
220,8.76 ,0.261848 ,0 
221,8.8 ,0.252213 ,0 
222,8.84 ,0.242098 ,0 
223,8.88 ,0.231524 ,0 
224,8.92 ,0.220517 ,0 
225,8.96 ,0.209099 ,0 
226,9 ,0.197297 ,0 
227,9.04 ,0.185135 ,0 
228,9.08 ,0.172639 ,0 
229,9.12 ,0.159833 ,0 
230,9.16 ,0.146744 ,0 
231,9.2 ,0.133397 ,0 
232,9.24 ,0.119819 ,0 
233,9.28 ,0.106034 ,0 
234,9.32 ,0.0920681 ,0 
235,9.36 ,0.0779473 ,0 
236,9.4 ,0.0636965 ,0 
237,9.44 ,0.0493405 ,0 
238,9.48 ,0.034904 ,0 
239,9.52 ,0.0204111 ,0 
240,9.56 ,0.00588562 ,0 
241,9.6 ,-0.00864921 ,0 
242,9.64 ,-0.0231706 ,0 
243,9.68 ,-0.0376564 ,0 
244,9.72 ,-0.0520849 ,0 
245,9.76 ,-0.0664351 ,0 
246,9.8 ,-0.0806869 ,0 
247,9.84 ,-0.0948205 ,0 
248,9.88 ,-0.108817 ,0 
249,9.92 ,-0.122658 ,0 
250,9.96 ,-0.136327 ,0 
251,10 ,-0.149807 ,0 
252,10.04 ,-0.163082 ,0 
253,10.08 ,-0.176136 ,0 
254,10.12 ,-0.188957 ,0 
255,10.16 ,-0.20153 ,0 
256,10.2 ,-0.213844 ,0 
257,10.24 ,-0.225886 ,0 
258,10.28 ,-0.237646 ,0 
259,10.32 ,-0.249114 ,0 
260,10.36 ,-0.260281 ,0 
261,10.4 ,-0.271138 ,0 
262,10.44 ,-0.281679 ,0 
263,10.48 ,-0.291896 ,0 
264,10.52 ,-0.301784 ,0 
265,10.56 ,-0.311337 ,0 
266,10.6 ,-0.32055 ,0 
267,10.64 ,-0.32942 ,0 
268,10.68 ,-0.337944 ,0 
269,10.72 ,-0.346119 ,0 
270,10.76 ,-0.353943 ,0 
271,10.8 ,-0.361415 ,0 
272,10.84 ,-0.368534 ,0 
273,10.88 ,-0.3753 ,0 
274,10.92 ,-0.381713 ,0 
275,10.96 ,-0.387775 ,0 
276,11 ,-0.393486 ,0 
277,11.04 ,-0.398849 ,0 
278,11.08 ,-0.403866 ,0 
279,11.12 ,-0.40854 ,0 
280,11.16 ,-0.412873 ,0 
281,11.2 ,-0.416871 ,0 
282,11.24 ,-0.420535 ,0 
283,11.28 ,-0.423872 ,0 
284,11.32 ,-0.426885 ,0 
285,11.36 ,-0.42958 ,0 
286,11.4 ,-0.431961 ,0 
287,11.44 ,-0.434034 ,0 
288,11.48 ,-0.435806 ,0 
289,11.52 ,-0.437281 ,0 
290,11.56 ,-0.438466 ,0 
291,11.6 ,-0.439368 ,0 
292,11.64 ,-0.439992 ,0 
293,11.68 ,-0.440346 ,0 
294,11.72 ,-0.440437 ,0 
295,11.76 ,-0.440271 ,0 
296,11.8 ,-0.439856 ,0 
297,11.84 ,-0.439198 ,0 
298,11.88 ,-0.438304 ,0 
299,11.92 ,-0.437183 ,0 
300,11.96 ,-0.435841 ,0 
301,12 ,-0.434285 ,0 
302,12.04 ,-0.432524 ,0 
303,12.08 ,-0.430564 ,0 
304,12.12 ,-0.428412 ,0 
305,12.16 ,-0.426077 ,0 
306,12.2 ,-0.423564 ,0 
307,12.24 ,-0.420883 ,0 
308,12.28 ,-0.418039 ,0 
309,12.32 ,-0.415039 ,0 
310,12.36 ,-0.411892 ,0 
311,12.4 ,-0.408604 ,0 
312,12.44 ,-0.405182 ,0 
313,12.48 ,-0.401632 ,0 
314,12.52 ,-0.397963 ,0 
315,12.56 ,-0.394179 ,0 
316,12.6 ,-0.390288 ,0 
317,12.64 ,-0.386296 ,0 
318,12.68 ,-0.38221 ,0 
319,12.72 ,-0.378035 ,0 
320,12.76 ,-0.373779 ,0 
321,12.8 ,-0.369446 ,0 
322,12.84 ,-0.365042 ,0 
323,12.88 ,-0.360574 ,0 
324,12.92 ,-0.356047 ,0 
325,12.96 ,-0.351466 ,0 
326,13 ,-0.346836 ,0 
327,13.04 ,-0.342163 ,0 
328,13.08 ,-0.337452 ,0 
329,13.12 ,-0.332707 ,0 
330,13.16 ,-0.327934 ,0 
331,13.2 ,-0.323136 ,0 
332,13.24 ,-0.318318 ,0 
333,13.28 ,-0.313485 ,0 
334,13.32 ,-0.308641 ,0 
335,13.36 ,-0.303789 ,0 
336,13.4 ,-0.298933 ,0 
337,13.44 ,-0.294078 ,0 
338,13.48 ,-0.289226 ,0 
339,13.52 ,-0.284382 ,0 
340,13.56 ,-0.279548 ,0 
341,13.6 ,-0.274728 ,0 
342,13.64 ,-0.269925 ,0 
343,13.68 ,-0.265141 ,0 
344,13.72 ,-0.260379 ,0 
345,13.76 ,-0.255642 ,0 
346,13.8 ,-0.250933 ,0 
347,13.84 ,-0.246254 ,0 
348,13.88 ,-0.241607 ,0 
349,13.92 ,-0.236994 ,0 
350,13.96 ,-0.232418 ,0 
351,14 ,-0.227879 ,0 
352,14.04 ,-0.223381 ,0 
353,14.08 ,-0.218925 ,0 
354,14.12 ,-0.214512 ,0 
355,14.16 ,-0.210144 ,0 
356,14.2 ,-0.205822 ,0 
357,14.24 ,-0.201548 ,0 
358,14.28 ,-0.197322 ,0 
359,14.32 ,-0.193146 ,0 
360,14.36 ,-0.189022 ,0 
361,14.4 ,-0.184949 ,0 
362,14.44 ,-0.180928 ,0 
363,14.48 ,-0.176961 ,0 
364,14.52 ,-0.173049 ,0 
365,14.56 ,-0.169191 ,0 
366,14.6 ,-0.165388 ,0 
367,14.64 ,-0.161641 ,0 
368,14.68 ,-0.15795 ,0 
369,14.72 ,-0.154315 ,0 
370,14.76 ,-0.150738 ,0 
371,14.8 ,-0.147217 ,0 
372,14.84 ,-0.143754 ,0 
373,14.88 ,-0.140347 ,0 
374,14.92 ,-0.136998 ,0 
375,14.96 ,-0.133706 ,0 
376,15 ,-0.130472 ,0 
377,15.04 ,-0.127294 ,0 
378,15.08 ,-0.124173 ,0 
379,15.12 ,-0.121109 ,0 
380,15.16 ,-0.118102 ,0 
381,15.2 ,-0.115151 ,0 
382,15.24 ,-0.112256 ,0 
383,15.28 ,-0.109416 ,0 
384,15.32 ,-0.106632 ,0 
385,15.36 ,-0.103902 ,0 
386,15.4 ,-0.101227 ,0 
387,15.44 ,-0.0986058 ,0 
388,15.48 ,-0.096038 ,0 
389,15.52 ,-0.0935232 ,0 
390,15.56 ,-0.0910609 ,0 
391,15.6 ,-0.0886504 ,0 
392,15.64 ,-0.0862912 ,0 
393,15.68 ,-0.0839827 ,0 
394,15.72 ,-0.0817244 ,0 
395,15.76 ,-0.0795156 ,0 
396,15.8 ,-0.0773556 ,0 
397,15.84 ,-0.0752439 ,0 
398,15.88 ,-0.0731798 ,0 
399,15.92 ,-0.0711626 ,0 
400,15.96 ,-0.0691916 ,0 
401,16 ,-0.0672662 ,0 
402,16.04 ,-0.0653857 ,0 
403,16.08 ,-0.0635493 ,0 
404,16.12 ,-0.0617565 ,0 
405,16.16 ,-0.0600064 ,0 
406,16.2 ,-0.0582985 ,0 
407,16.24 ,-0.0566319 ,0 
408,16.28 ,-0.055006 ,0 
409,16.32 ,-0.05342 ,0 
410,16.36 ,-0.0518734 ,0 
411,16.4 ,-0.0503652 ,0 
412,16.44 ,-0.0488949 ,0 
413,16.48 ,-0.0474618 ,0 
414,16.52 ,-0.0460651 ,0 
415,16.56 ,-0.0447041 ,0 
416,16.6 ,-0.0433782 ,0 
417,16.64 ,-0.0420866 ,0 
418,16.68 ,-0.0408287 ,0 
419,16.72 ,-0.0396038 ,0 
420,16.76 ,-0.0384112 ,0 
421,16.8 ,-0.0372503 ,0 
422,16.84 ,-0.0361203 ,0 
423,16.88 ,-0.0350206 ,0 
424,16.92 ,-0.0339507 ,0 
425,16.96 ,-0.0329097 ,0 
426,17 ,-0.0318972 ,0 
427,17.04 ,-0.0309124 ,0 
428,17.08 ,-0.0299547 ,0 
429,17.12 ,-0.0290236 ,0 
430,17.16 ,-0.0281184 ,0 
431,17.2 ,-0.0272386 ,0 
432,17.24 ,-0.0263835 ,0 
433,17.28 ,-0.0255525 ,0 
434,17.32 ,-0.0247451 ,0 
435,17.36 ,-0.0239608 ,0 
436,17.4 ,-0.0231989 ,0 
437,17.44 ,-0.022459 ,0 
438,17.48 ,-0.0217405 ,0 
439,17.52 ,-0.0210428 ,0 
440,17.56 ,-0.0203655 ,0 
441,17.6 ,-0.019708 ,0 
442,17.64 ,-0.0190699 ,0 
443,17.68 ,-0.0184506 ,0 
444,17.72 ,-0.0178497 ,0 
445,17.76 ,-0.0172667 ,0 
446,17.8 ,-0.0167011 ,0 
447,17.84 ,-0.0161525 ,0 
448,17.88 ,-0.0156205 ,0 
449,17.92 ,-0.0151045 ,0 
450,17.96 ,-0.0146043 ,0 
451,18 ,-0.0141192 ,0 
452,18.04 ,-0.0136491 ,0 
453,18.08 ,-0.0131934 ,0 
454,18.12 ,-0.0127517 ,0 
455,18.16 ,-0.0123237 ,0 
456,18.2 ,-0.011909 ,0 
457,18.24 ,-0.0115072 ,0 
458,18.28 ,-0.011118 ,0 
459,18.32 ,-0.010741 ,0 
460,18.36 ,-0.0103759 ,0 
461,18.4 ,-0.0100223 ,0 
462,18.44 ,-0.0096799 ,0 
463,18.48 ,-0.00934841 ,0 
464,18.52 ,-0.00902751 ,0 
465,18.56 ,-0.00871687 ,0 
466,18.6 ,-0.00841622 ,0 
467,18.64 ,-0.00812525 ,0 
468,18.68 ,-0.00784368 ,0 
469,18.72 ,-0.00757125 ,0 
470,18.76 ,-0.00730767 ,0 
471,18.8 ,-0.00705269 ,0 
472,18.84 ,-0.00680605 ,0 
473,18.88 ,-0.00656751 ,0 
474,18.92 ,-0.00633681 ,0 
475,18.96 ,-0.00611373 ,0 
476,19 ,-0.00589804 ,0 
477,19.04 ,-0.0056895 ,0 
478,19.08 ,-0.0054879 ,0 
479,19.12 ,-0.00529304 ,0 
480,19.16 ,-0.00510469 ,0 
481,19.2 ,-0.00492267 ,0 
482,19.24 ,-0.00474677 ,0 
483,19.28 ,-0.00457681 ,0 
484,19.32 ,-0.0044126 ,0 
485,19.36 ,-0.00425396 ,0 
486,19.4 ,-0.00410071 ,0 
487,19.44 ,-0.00395269 ,0 
488,19.48 ,-0.00380973 ,0 
489,19.52 ,-0.00367167 ,0 
490,19.56 ,-0.00353835 ,0 
491,19.6 ,-0.00340962 ,0 
492,19.64 ,-0.00328534 ,0 
493,19.68 ,-0.00316536 ,0 
494,19.72 ,-0.00304954 ,0 
495,19.76 ,-0.00293776 ,0 
496,19.8 ,-0.00282986 ,0 
497,19.84 ,-0.00272574 ,0 
498,19.88 ,-0.00262526 ,0 
499,19.92 ,-0.00252832 ,0 
500,19.96 ,-0.00243478 ,0 
501,20 ,-0.00234454 ,0 
502,20.04 ,-0.00225749 ,0 
503,20.08 ,-0.00217352 ,0 
504,20.12 ,-0.00209254 ,0 
505,20.16 ,-0.00201443 ,0 
506,20.2 ,-0.00193911 ,0 
507,20.24 ,-0.00186648 ,0 
508,20.28 ,-0.00179646 ,0 
509,20.32 ,-0.00172894 ,0 
510,20.36 ,-0.00166386 ,0 
511,20.4 ,-0.00160111 ,0 
512,20.44 ,-0.00154064 ,0 
513,20.48 ,-0.00148235 ,0 
514,20.52 ,-0.00142618 ,0 
515,20.56 ,-0.00137204 ,0 
516,20.6 ,-0.00131988 ,0 
517,20.64 ,-0.00126962 ,0 
518,20.68 ,-0.00122119 ,0 
519,20.72 ,-0.00117454 ,0 
520,20.76 ,-0.0011296 ,0 
521,20.8 ,-0.00108632 ,0 
522,20.84 ,-0.00104462 ,0 
523,20.88 ,-0.00100447 ,0 
524,20.92 ,-0.000965797 ,0 
525,20.96 ,-0.000928559 ,0 
526,21 ,-0.000892702 ,0 
527,21.04 ,-0.000858178 ,0 
528,21.08 ,-0.00082494 ,0 
529,21.12 ,-0.000792941 ,0 
530,21.16 ,-0.000762139 ,0 
531,21.2 ,-0.00073249 ,0 
532,21.24 ,-0.000703952 ,0 
533,21.28 ,-0.000676487 ,0 
534,21.32 ,-0.000650056 ,0 
535,21.36 ,-0.000624621 ,0 
536,21.4 ,-0.000600147 ,0 
537,21.44 ,-0.000576598 ,0 
538,21.48 ,-0.000553942 ,0 
539,21.52 ,-0.000532146 ,0 
540,21.56 ,-0.000511178 ,0 
541,21.6 ,-0.000491009 ,0 
542,21.64 ,-0.00047161 ,0 
543,21.68 ,-0.000452951 ,0 
544,21.72 ,-0.000435007 ,0 
545,21.76 ,-0.00041775 ,0 
546,21.8 ,-0.000401156 ,0 
547,21.84 ,-0.0003852 ,0 
548,21.88 ,-0.000369859 ,0 
549,21.92 ,-0.000355109 ,0 
550,21.96 ,-0.000340929 ,0 
551,22 ,-0.000327298 ,0 
552,22.04 ,-0.000314194 ,0 
553,22.08 ,-0.0003016 ,0 
554,22.12 ,-0.000289495 ,0 
555,22.16 ,-0.000277861 ,0 
556,22.2 ,-0.000266681 ,0 
557,22.24 ,-0.000255937 ,0 
558,22.28 ,-0.000245613 ,0 
559,22.32 ,-0.000235694 ,0 
560,22.36 ,-0.000226163 ,0 
561,22.4 ,-0.000217007 ,0 
562,22.44 ,-0.00020821 ,0 
563,22.48 ,-0.000199761 ,0 
564,22.52 ,-0.000191644 ,0 
565,22.56 ,-0.000183848 ,0 
566,22.6 ,-0.00017636 ,0 
567,22.64 ,-0.000169169 ,0 
568,22.68 ,-0.000162263 ,0 
569,22.72 ,-0.000155631 ,0 
570,22.76 ,-0.000149263 ,0 
571,22.8 ,-0.000143148 ,0 
572,22.84 ,-0.000137277 ,0 
573,22.88 ,-0.000131641 ,0 
574,22.92 ,-0.00012623 ,0 
575,22.96 ,-0.000121035 ,0 
576,23 ,-0.000116049 ,0 
577,23.04 ,-0.000111263 ,0 
578,23.08 ,-0.000106669 ,0 
579,23.12 ,-0.00010226 ,0 
580,23.16 ,-9.80281e-05 ,0 
581,23.2 ,-9.39674e-05 ,0 
582,23.24 ,-9.00706e-05 ,0 
583,23.28 ,-8.63314e-05 ,0 
584,23.32 ,-8.27437e-05 ,0 
585,23.36 ,-7.93013e-05 ,0 
586,23.4 ,-7.59987e-05 ,0 
587,23.44 ,-7.28303e-05 ,0 
588,23.48 ,-6.97908e-05 ,0 
589,23.52 ,-6.68752e-05 ,0 
590,23.56 ,-6.40784e-05 ,0 
591,23.6 ,-6.13959e-05 ,0 
592,23.64 ,-5.8823e-05 ,0 
593,23.68 ,-5.63554e-05 ,0 
594,23.72 ,-5.3989e-05 ,0 
595,23.76 ,-5.17196e-05 ,0 
596,23.8 ,-4.95434e-05 ,0 
597,23.84 ,-4.74567e-05 ,0 
598,23.88 ,-4.5456e-05 ,0 
599,23.92 ,-4.35376e-05 ,0 
600,23.96 ,-4.16985e-05 ,0 
601,24 ,-3.99353e-05 ,0 
602,24.04 ,-3.8245e-05 ,0 
603,24.08 ,-3.66247e-05 ,0 
604,24.12 ,-3.50715e-05 ,0 
605,24.16 ,-3.35828e-05 ,0 
606,24.2 ,-3.2156e-05 ,0 
607,24.24 ,-3.07884e-05 ,0 
608,24.28 ,-2.94778e-05 ,0 
609,24.32 ,-2.82218e-05 ,0 
610,24.36 ,-2.70182e-05 ,0 
611,24.4 ,-2.58648e-05 ,0 
612,24.44 ,-2.47597e-05 ,0 
613,24.48 ,-2.37008e-05 ,0 
614,24.52 ,-2.26862e-05 ,0 
615,24.56 ,-2.17143e-05 ,0 
616,24.6 ,-2.07831e-05 ,0 
617,24.64 ,-1.9891e-05 ,0 
618,24.68 ,-1.90365e-05 ,0 
619,24.72 ,-1.82179e-05 ,0 
620,24.76 ,-1.74339e-05 ,0 
621,24.8 ,-1.66829e-05 ,0 
622,24.84 ,-1.59636e-05 ,0 
623,24.88 ,-1.52748e-05 ,0 
624,24.92 ,-1.46151e-05 ,0 
625,24.96 ,-1.39833e-05 ,0 
626,25 ,-1.33783e-05 ,0 
627,25.04 ,-1.2799e-05 ,0 
628,25.08 ,-1.22444e-05 ,0 
629,25.12 ,-1.17133e-05 ,0 
630,25.16 ,-1.12048e-05 ,0 
631,25.2 ,-1.07179e-05 ,0 
632,25.24 ,-1.02519e-05 ,0 
633,25.28 ,-9.80571e-06 ,0 
634,25.32 ,-9.3786e-06 ,0 
635,25.36 ,-8.96976e-06 ,0 
636,25.4 ,-8.57841e-06 ,0 
637,25.44 ,-8.20384e-06 ,0 
638,25.48 ,-7.84533e-06 ,0 
639,25.52 ,-7.5022e-06 ,0 
640,25.56 ,-7.17382e-06 ,0 
641,25.6 ,-6.85955e-06 ,0 
642,25.64 ,-6.55882e-06 ,0 
643,25.68 ,-6.27104e-06 ,0 
644,25.72 ,-5.99566e-06 ,0 
645,25.76 ,-5.73217e-06 ,0 
646,25.8 ,-5.48006e-06 ,0 
647,25.84 ,-5.23885e-06 ,0 
648,25.88 ,-5.00808e-06 ,0 
649,25.92 ,-4.7873e-06 ,0 
650,25.96 ,-4.57609e-06 ,0 
651,26 ,-4.37404e-06 ,0 
652,26.04 ,-4.18076e-06 ,0 
653,26.08 ,-3.99589e-06 ,0 
654,26.12 ,-3.81905e-06 ,0 
655,26.16 ,-3.64991e-06 ,0 
656,26.2 ,-3.48814e-06 ,0 
657,26.24 ,-3.33342e-06 ,0 
658,26.28 ,-3.18545e-06 ,0 
659,26.32 ,-3.04395e-06 ,0 
660,26.36 ,-2.90862e-06 ,0 
661,26.4 ,-2.77922e-06 ,0 
662,26.44 ,-2.65548e-06 ,0 
663,26.48 ,-2.53717e-06 ,0 
664,26.52 ,-2.42404e-06 ,0 
665,26.56 ,-2.31588e-06 ,0 
666,26.6 ,-2.21246e-06 ,0 
667,26.64 ,-2.11359e-06 ,0 
668,26.68 ,-2.01907e-06 ,0 
669,26.72 ,-1.92871e-06 ,0 
670,26.76 ,-1.84233e-06 ,0 
671,26.8 ,-1.75976e-06 ,0 
672,26.84 ,-1.68083e-06 ,0 
673,26.88 ,-1.60539e-06 ,0 
674,26.92 ,-1.53328e-06 ,0 
675,26.96 ,-1.46435e-06 ,0 
676,27 ,-1.39848e-06 ,0 
677,27.04 ,-1.33552e-06 ,0 
678,27.08 ,-1.27535e-06 ,0 
679,27.12 ,-1.21785e-06 ,0 
680,27.16 ,-1.16291e-06 ,0 
681,27.2 ,-1.1104e-06 ,0 
682,27.24 ,-1.06022e-06 ,0 
683,27.28 ,-1.01227e-06 ,0 
684,27.32 ,-9.66461e-07 ,0 
685,27.36 ,-9.22687e-07 ,0 
686,27.4 ,-8.80863e-07 ,0 
687,27.44 ,-8.40902e-07 ,0 
688,27.48 ,-8.02724e-07 ,0 
689,27.52 ,-7.66248e-07 ,0 
690,27.56 ,-7.31401e-07 ,0 
691,27.6 ,-6.9811e-07 ,0 
692,27.64 ,-6.66307e-07 ,0 
693,27.68 ,-6.35925e-07 ,0 
694,27.72 ,-6.06903e-07 ,0 
695,27.76 ,-5.79178e-07 ,0 
696,27.8 ,-5.52695e-07 ,0 
697,27.84 ,-5.27398e-07 ,0 
698,27.88 ,-5.03233e-07 ,0 
699,27.92 ,-4.80151e-07 ,0 
700,27.96 ,-4.58104e-07 ,0 
701,28 ,-4.37044e-07 ,0 
702,28.04 ,-4.16929e-07 ,0 
703,28.08 ,-3.97715e-07 ,0 
704,28.12 ,-3.79363e-07 ,0 
705,28.16 ,-3.61833e-07 ,0 
706,28.2 ,-3.45089e-07 ,0 
707,28.24 ,-3.29096e-07 ,0 
708,28.28 ,-3.13818e-07 ,0 
709,28.32 ,-2.99225e-07 ,0 
710,28.36 ,-2.85285e-07 ,0 
711,28.4 ,-2.71968e-07 ,0 
712,28.44 ,-2.59247e-07 ,0 
713,28.48 ,-2.47093e-07 ,0 
714,28.52 ,-2.35482e-07 ,0 
715,28.56 ,-2.24387e-07 ,0 
716,28.6 ,-2.13787e-07 ,0 
717,28.64 ,-2.03657e-07 ,0 
718,28.68 ,-1.93976e-07 ,0 
719,28.72 ,-1.84723e-07 ,0 
720,28.76 ,-1.75879e-07 ,0 
721,28.8 ,-1.67423e-07 ,0 
722,28.84 ,-1.59339e-07 ,0 
723,28.88 ,-1.51609e-07 ,0 
724,28.92 ,-1.44215e-07 ,0 
725,28.96 ,-1.37141e-07 ,0 
726,29 ,-1.30373e-07 ,0 
727,29.04 ,-1.23896e-07 ,0 
728,29.08 ,-1.17695e-07 ,0 
729,29.12 ,-1.11758e-07 ,0 
730,29.16 ,-1.0607e-07 ,0 
731,29.2 ,-1.0062e-07 ,0 
732,29.24 ,-9.53951e-08 ,0 
733,29.28 ,-9.03847e-08 ,0 
734,29.32 ,-8.55776e-08 ,0 
735,29.36 ,-8.0963e-08 ,0 
736,29.4 ,-7.65308e-08 ,0 
737,29.44 ,-7.22712e-08 ,0 
738,29.48 ,-6.81749e-08 ,0 
739,29.52 ,-6.42327e-08 ,0 
740,29.56 ,-6.04358e-08 ,0 
741,29.6 ,-5.6776e-08 ,0 
742,29.64 ,-5.32449e-08 ,0 
743,29.68 ,-4.98347e-08 ,0 
744,29.72 ,-4.65379e-08 ,0 
745,29.76 ,-4.3347e-08 ,0 
746,29.8 ,-4.02548e-08 ,0 
747,29.84 ,-3.72545e-08 ,0 
748,29.88 ,-3.43393e-08 ,0 
749,29.92 ,-3.15026e-08 ,0 
750,29.96 ,-2.8738e-08 ,0 
751,30 ,-2.60393e-08 ,0 
752,30.04 ,-2.34003e-08 ,0 
753,30.08 ,-2.0815e-08 ,0 
754,30.12 ,-1.82776e-08 ,0 
755,30.16 ,-1.57822e-08 ,0 
756,30.2 ,-1.33232e-08 ,0 
757,30.24 ,-1.0895e-08 ,0 
758,30.28 ,-8.49186e-09 ,0 
759,30.32 ,-6.10838e-09 ,0 
760,30.36 ,-3.73903e-09 ,0 
761,30.4 ,-1.37833e-09 ,0 
762,30.44 ,9.79167e-10 ,0 
763,30.48 ,3.33894e-09 ,0 
764,30.52 ,5.70647e-09 ,0 
765,30.56 ,8.08728e-09 ,0 
766,30.6 ,1.04869e-08 ,0 
767,30.64 ,1.2911e-08 ,0 
768,30.68 ,1.53652e-08 ,0 
769,30.72 ,1.78553e-08 ,0 
770,30.76 ,2.03871e-08 ,0 
771,30.8 ,2.29667e-08 ,0 
772,30.84 ,2.56001e-08 ,0 
773,30.88 ,2.82935e-08 ,0 
774,30.92 ,3.10533e-08 ,0 
775,30.96 ,3.38861e-08 ,0 
776,31 ,3.67986e-08 ,0 
777,31.04 ,3.97977e-08 ,0 
778,31.08 ,4.28907e-08 ,0 
779,31.12 ,4.60848e-08 ,0 
780,31.16 ,4.93878e-08 ,0 
781,31.2 ,5.28075e-08 ,0 
782,31.24 ,5.63522e-08 ,0 
783,31.28 ,6.00304e-08 ,0 
784,31.32 ,6.38508e-08 ,0 
785,31.36 ,6.78229e-08 ,0 
786,31.4 ,7.1956e-08 ,0 
787,31.44 ,7.62602e-08 ,0 
788,31.48 ,8.07459e-08 ,0 
789,31.52 ,8.5424e-08 ,0 
790,31.56 ,9.03058e-08 ,0 
791,31.6 ,9.54032e-08 ,0 
792,31.64 ,1.00728e-07 ,0 
793,31.68 ,1.06295e-07 ,0 
794,31.72 ,1.12115e-07 ,0 
795,31.76 ,1.18204e-07 ,0 
796,31.8 ,1.24577e-07 ,0 
797,31.84 ,1.31249e-07 ,0 
798,31.88 ,1.38236e-07 ,0 
799,31.92 ,1.45555e-07 ,0 
800,31.96 ,1.53225e-07 ,0 
801,32 ,1.61264e-07 ,0 
802,32.04 ,1.69692e-07 ,0 
803,32.08 ,1.7853e-07 ,0 
804,32.12 ,1.87798e-07 ,0 
805,32.16 ,1.97521e-07 ,0 
806,32.2 ,2.07722e-07 ,0 
807,32.24 ,2.18426e-07 ,0 
808,32.28 ,2.2966e-07 ,0 
809,32.32 ,2.41451e-07 ,0 
810,32.36 ,2.53829e-07 ,0 
811,32.4 ,2.66823e-07 ,0 
812,32.44 ,2.80467e-07 ,0 
813,32.48 ,2.94794e-07 ,0 
814,32.52 ,3.09839e-07 ,0 
815,32.56 ,3.25641e-07 ,0 
816,32.6 ,3.42237e-07 ,0 
817,32.64 ,3.5967e-07 ,0 
818,32.68 ,3.77983e-07 ,0 
819,32.72 ,3.97221e-07 ,0 
820,32.76 ,4.17432e-07 ,0 
821,32.8 ,4.38667e-07 ,0 
822,32.84 ,4.60979e-07 ,0 
823,32.88 ,4.84423e-07 ,0 
824,32.92 ,5.09058e-07 ,0 
825,32.96 ,5.34946e-07 ,0 
826,33 ,5.62151e-07 ,0 
827,33.04 ,5.90742e-07 ,0 
828,33.08 ,6.2079e-07 ,0 
829,33.12 ,6.52372e-07 ,0 
830,33.16 ,6.85565e-07 ,0 
831,33.2 ,7.20453e-07 ,0 
832,33.24 ,7.57125e-07 ,0 
833,33.28 ,7.95673e-07 ,0 
834,33.32 ,8.36193e-07 ,0 
835,33.36 ,8.78788e-07 ,0 
836,33.4 ,9.23566e-07 ,0 
837,33.44 ,9.70639e-07 ,0 
838,33.48 ,1.02013e-06 ,0 
839,33.52 ,1.07215e-06 ,0 
840,33.56 ,1.12685e-06 ,0 
841,33.6 ,1.18436e-06 ,0 
842,33.64 ,1.24482e-06 ,0 
843,33.68 ,1.30839e-06 ,0 
844,33.72 ,1.37524e-06 ,0 
845,33.76 ,1.44552e-06 ,0 
846,33.8 ,1.51942e-06 ,0 
847,33.84 ,1.59713e-06 ,0 
848,33.88 ,1.67884e-06 ,0 
849,33.92 ,1.76477e-06 ,0 
850,33.96 ,1.85513e-06 ,0 
851,34 ,1.95015e-06 ,0 
852,34.04 ,2.05007e-06 ,0 
853,34.08 ,2.15516e-06 ,0 
854,34.12 ,2.26567e-06 ,0 
855,34.16 ,2.3819e-06 ,0 
856,34.2 ,2.50413e-06 ,0 
857,34.24 ,2.63269e-06 ,0 
858,34.28 ,2.7679e-06 ,0 
859,34.32 ,2.91012e-06 ,0 
860,34.36 ,3.05969e-06 ,0 
861,34.4 ,3.21702e-06 ,0 
862,34.44 ,3.3825e-06 ,0 
863,34.48 ,3.55655e-06 ,0 
864,34.52 ,3.73964e-06 ,0 
865,34.56 ,3.93223e-06 ,0 
866,34.6 ,4.13481e-06 ,0 
867,34.64 ,4.34791e-06 ,0 
868,34.68 ,4.57208e-06 ,0 
869,34.72 ,4.8079e-06 ,0 
870,34.76 ,5.05598e-06 ,0 
871,34.8 ,5.31696e-06 ,0 
872,34.84 ,5.59152e-06 ,0 
873,34.88 ,5.88036e-06 ,0 
874,34.92 ,6.18424e-06 ,0 
875,34.96 ,6.50395e-06 ,0 
876,35 ,6.84031e-06 ,0 
877,35.04 ,7.19421e-06 ,0 
878,35.08 ,7.56655e-06 ,0 
879,35.12 ,7.95831e-06 ,0 
880,35.16 ,8.37051e-06 ,0 
881,35.2 ,8.80422e-06 ,0 
882,35.24 ,9.26058e-06 ,0 
883,35.28 ,9.74077e-06 ,0 
884,35.32 ,1.02461e-05 ,0 
885,35.36 ,1.07777e-05 ,0 
886,35.4 ,1.13372e-05 ,0 
887,35.44 ,1.1926e-05 ,0 
888,35.48 ,1.25455e-05 ,0 
889,35.52 ,1.31975e-05 ,0 
890,35.56 ,1.38836e-05 ,0 
891,35.6 ,1.46056e-05 ,0 
892,35.64 ,1.53655e-05 ,0 
893,35.68 ,1.61652e-05 ,0 
894,35.72 ,1.70068e-05 ,0 
895,35.76 ,1.78926e-05 ,0 
896,35.8 ,1.88248e-05 ,0 
897,35.84 ,1.98059e-05 ,0 
898,35.88 ,2.08386e-05 ,0 
899,35.92 ,2.19255e-05 ,0 
900,35.96 ,2.30694e-05 ,0 
901,36 ,2.42735e-05 ,0 
902,36.04 ,2.55409e-05 ,0 
903,36.08 ,2.6875e-05 ,0 
904,36.12 ,2.82792e-05 ,0 
905,36.16 ,2.97573e-05 ,0 
906,36.2 ,3.13132e-05 ,0 
907,36.24 ,3.2951e-05 ,0 
908,36.28 ,3.46751e-05 ,0 
909,36.32 ,3.649e-05 ,0 
910,36.36 ,3.84006e-05 ,0 
911,36.4 ,4.04119e-05 ,0 
912,36.44 ,4.25293e-05 ,0 
913,36.48 ,4.47584e-05 ,0 
914,36.52 ,4.71051e-05 ,0 
915,36.56 ,4.95757e-05 ,0 
916,36.6 ,5.21768e-05 ,0 
917,36.64 ,5.49153e-05 ,0 
918,36.68 ,5.77985e-05 ,0 
919,36.72 ,6.08341e-05 ,0 
920,36.76 ,6.40302e-05 ,0 
921,36.8 ,6.73954e-05 ,0 
922,36.84 ,7.09385e-05 ,0 
923,36.88 ,7.46693e-05 ,0 
924,36.92 ,7.85975e-05 ,0 
925,36.96 ,8.27337e-05 ,0 
926,37 ,8.70891e-05 ,0 
927,37.04 ,9.16752e-05 ,0 
928,37.08 ,9.65045e-05 ,0 
929,37.12 ,0.00010159 ,0 
930,37.16 ,0.000106945 ,0 
931,37.2 ,0.000112584 ,0 
932,37.24 ,0.000118522 ,0 
933,37.28 ,0.000124776 ,0 
934,37.32 ,0.000131362 ,0 
935,37.36 ,0.000138298 ,0 
936,37.4 ,0.000145602 ,0 
937,37.44 ,0.000153294 ,0 
938,37.48 ,0.000161396 ,0 
939,37.52 ,0.000169928 ,0 
940,37.56 ,0.000178914 ,0 
941,37.6 ,0.000188378 ,0 
942,37.64 ,0.000198347 ,0 
943,37.68 ,0.000208846 ,0 
944,37.72 ,0.000219904 ,0 
945,37.76 ,0.000231551 ,0 
946,37.8 ,0.00024382 ,0 
947,37.84 ,0.000256742 ,0 
948,37.88 ,0.000270353 ,0 
949,37.92 ,0.000284691 ,0 
950,37.96 ,0.000299793 ,0 
951,38 ,0.000315701 ,0 
952,38.04 ,0.000332459 ,0 
953,38.08 ,0.000350112 ,0 
954,38.12 ,0.000368708 ,0 
955,38.16 ,0.000388297 ,0 
956,38.2 ,0.000408934 ,0 
957,38.24 ,0.000430674 ,0 
958,38.28 ,0.000453576 ,0 
959,38.32 ,0.000477704 ,0 
960,38.36 ,0.000503123 ,0 
961,38.4 ,0.000529903 ,0 
962,38.44 ,0.000558116 ,0 
963,38.48 ,0.00058784 ,0 
964,38.52 ,0.000619157 ,0 
965,38.56 ,0.000652152 ,0 
966,38.6 ,0.000686916 ,0 
967,38.64 ,0.000723544 ,0 
968,38.68 ,0.000762136 ,0 
969,38.72 ,0.000802798 ,0 
970,38.76 ,0.000845642 ,0 
971,38.8 ,0.000890786 ,0 
972,38.84 ,0.000938355 ,0 
973,38.88 ,0.000988477 ,0 
974,38.92 ,0.00104129 ,0 
975,38.96 ,0.00109695 ,0 
976,39 ,0.00115559 ,0 
977,39.04 ,0.00121739 ,0 
978,39.08 ,0.00128251 ,0 
979,39.12 ,0.00135114 ,0 
980,39.16 ,0.00142345 ,0 
981,39.2 ,0.00149966 ,0 
982,39.24 ,0.00157998 ,0 
983,39.28 ,0.00166461 ,0 
984,39.32 ,0.00175381 ,0 
985,39.36 ,0.00184781 ,0 
986,39.4 ,0.00194688 ,0 
987,39.44 ,0.00205129 ,0 
988,39.48 ,0.00216134 ,0 
989,39.52 ,0.00227731 ,0 
990,39.56 ,0.00239954 ,0 
991,39.6 ,0.00252837 ,0 
992,39.64 ,0.00266416 ,0 
993,39.68 ,0.00280728 ,0 
994,39.72 ,0.00295812 ,0 
995,39.76 ,0.00311712 ,0 
996,39.8 ,0.0032847 ,0 
997,39.84 ,0.00346135 ,0 
998,39.88 ,0.00364754 ,0 
999,39.92 ,0.00384381 ,0 
1000,39.96 ,0.00405069 ,0 