N_e = 20
1,0.025 ,0.0858815 ,0 ,1.40606 
2,0.05 ,0.0858815 ,0 ,1.40606 
3,0.075 ,0.0858413 ,0 ,1.40628 
4,0.1 ,0.0857713 ,0.00146122 ,1.40666 
5,0.125 ,0.085676 ,0.00116898 ,1.40718 
6,0.15 ,0.0855573 ,0.00464102 ,1.40783 
7,0.175 ,0.085416 ,0.00397802 ,1.40861 
8,0.2 ,0.0852529 ,0.00958314 ,1.40951 
9,0.225 ,0.0850684 ,0.00851835 ,1.41053 
10,0.25 ,0.084863 ,0.0162799 ,1.41166 
11,0.275 ,0.0846373 ,0.0147999 ,1.41292 
12,0.3 ,0.0843918 ,0.0247098 ,1.41429 
13,0.325 ,0.084127 ,0.0228091 ,1.41577 
14,0.35 ,0.0838435 ,0.0348436 ,1.41736 
15,0.375 ,0.0835419 ,0.0325207 ,1.41907 
16,0.4 ,0.0832228 ,0.0466457 ,1.42088 
17,0.425 ,0.0828869 ,0.0439018 ,1.42279 
18,0.45 ,0.0825349 ,0.0600755 ,1.42481 
19,0.475 ,0.0821675 ,0.0569137 ,1.42693 
20,0.5 ,0.0817854 ,0.0750881 ,1.42915 
21,0.525 ,0.0813895 ,0.0715125 ,1.43147 
22,0.55 ,0.0809804 ,0.0916349 ,1.43387 
23,0.575 ,0.0805591 ,0.0876508 ,1.43637 
24,0.6 ,0.0801262 ,0.109664 ,1.43895 
25,0.625 ,0.0796829 ,0.105278 ,1.44161 
26,0.65 ,0.0792297 ,0.129123 ,1.44436 
27,0.675 ,0.0787677 ,0.124341 ,1.44718 
28,0.7 ,0.0782976 ,0.149957 ,1.45007 
29,0.725 ,0.0778205 ,0.144786 ,1.45302 
30,0.75 ,0.0773371 ,0.172109 ,1.45604 
31,0.775 ,0.0768485 ,0.166557 ,1.45912 
32,0.8 ,0.0763553 ,0.195527 ,1.46226 
33,0.825 ,0.0758587 ,0.189601 ,1.46544 
34,0.85 ,0.0753593 ,0.220154 ,1.46867 
35,0.875 ,0.0748582 ,0.213864 ,1.47194 
36,0.9 ,0.0743561 ,0.245941 ,1.47525 
37,0.925 ,0.073854 ,0.239294 ,1.47858 
38,0.95 ,0.0733526 ,0.272836 ,1.48194 
39,0.975 ,0.0728528 ,0.26584 ,1.48533 
40,1 ,0.0723554 ,0.300794 ,1.48872 
41,1.025 ,0.0718612 ,0.293458 ,1.49213 
42,1.05 ,0.0713708 ,0.329772 ,1.49554 
43,1.075 ,0.0708851 ,0.322103 ,1.49894 
44,1.1 ,0.0704047 ,0.359732 ,1.50235 
45,1.125 ,0.0699304 ,0.351738 ,1.50573 
46,1.15 ,0.0694627 ,0.39064 ,1.50911 
47,1.175 ,0.0690024 ,0.382329 ,1.51245 
48,1.2 ,0.0685499 ,0.422467 ,1.51578 
49,1.225 ,0.0681058 ,0.413846 ,1.51906 
50,1.25 ,0.0676706 ,0.45519 ,1.52231 
51,1.275 ,0.0672448 ,0.446265 ,1.52552 
52,1.3 ,0.0668288 ,0.488791 ,1.52868 
53,1.325 ,0.0664231 ,0.479568 ,1.53178 
54,1.35 ,0.0660279 ,0.523256 ,1.53483 
55,1.375 ,0.0656437 ,0.513743 ,1.53782 
56,1.4 ,0.0652705 ,0.558579 ,1.54075 
57,1.425 ,0.0649088 ,0.548779 ,1.5436 
58,1.45 ,0.0645587 ,0.594756 ,1.54639 
59,1.475 ,0.0642203 ,0.584676 ,1.5491 
60,1.5 ,0.0638938 ,0.631792 ,1.55174 
61,1.525 ,0.0635792 ,0.621434 ,1.55429 
62,1.55 ,0.0632765 ,0.669691 ,1.55676 
63,1.575 ,0.0629858 ,0.659061 ,1.55916 
64,1.6 ,0.0627069 ,0.708466 ,1.56146 
65,1.625 ,0.0624399 ,0.697567 ,1.56369 
66,1.65 ,0.0621845 ,0.748131 ,1.56582 
67,1.675 ,0.0619405 ,0.736965 ,1.56788 
68,1.7 ,0.0617078 ,0.788704 ,1.56985 
69,1.725 ,0.0614862 ,0.777273 ,1.57173 
70,1.75 ,0.0612752 ,0.830203 ,1.57353 
71,1.775 ,0.0610747 ,0.81851 ,1.57525 
72,1.8 ,0.0608841 ,0.87265 ,1.57689 
73,1.825 ,0.0607033 ,0.860696 ,1.57846 
74,1.85 ,0.0605317 ,0.916066 ,1.57995 
75,1.875 ,0.060369 ,0.903852 ,1.58137 
76,1.9 ,0.0602146 ,0.960473 ,1.58272 
77,1.925 ,0.0600681 ,0.948 ,1.584 
78,1.95 ,0.0599288 ,1.00589 ,1.58523 
79,1.975 ,0.0597964 ,0.993158 ,1.5864 
80,2 ,0.0596701 ,1.05234 ,1.58752 
81,2.025 ,0.0595495 ,1.03935 ,1.58859 
82,2.05 ,0.0594339 ,1.09983 ,1.58962 
83,2.075 ,0.0593229 ,1.08658 ,1.59061 
84,2.1 ,0.0592155 ,1.14838 ,1.59157 
85,2.125 ,0.0591113 ,1.13487 ,1.5925 
86,2.15 ,0.0590096 ,1.19799 ,1.59342 
87,2.175 ,0.0589098 ,1.18422 ,1.59432 
88,2.2 ,0.0588111 ,1.24867 ,1.59521 
89,2.225 ,0.0587131 ,1.23464 ,1.5961 
90,2.25 ,0.0586148 ,1.30041 ,1.59699 
91,2.275 ,0.0585158 ,1.28612 ,1.59789 
92,2.3 ,0.0584152 ,1.35321 ,1.5988 
93,2.325 ,0.0583126 ,1.33866 ,1.59974 
94,2.35 ,0.0582071 ,1.40704 ,1.60071 
95,2.375 ,0.0580984 ,1.39223 ,1.6017 
96,2.4 ,0.0579854 ,1.46188 ,1.60274 
97,2.425 ,0.0578679 ,1.44681 ,1.60383 
98,2.45 ,0.057745 ,1.5177 ,1.60497 
99,2.475 ,0.0576163 ,1.50237 ,1.60616 
100,2.5 ,0.057481 ,1.57446 ,1.60742 
101,2.525 ,0.0573389 ,1.55888 ,1.60875 
102,2.55 ,0.057189 ,1.63211 ,1.61015 
103,2.575 ,0.0570312 ,1.61627 ,1.61163 
104,2.6 ,0.0568646 ,1.69059 ,1.61321 
105,2.625 ,0.0566891 ,1.67449 ,1.61487 
106,2.65 ,0.056504 ,1.74984 ,1.61663 
107,2.675 ,0.056309 ,1.73348 ,1.61849 
108,2.7 ,0.0561036 ,1.80977 ,1.62047 
109,2.725 ,0.0558875 ,1.79317 ,1.62255 
110,2.75 ,0.0556602 ,1.87031 ,1.62476 
111,2.775 ,0.0554217 ,1.85346 ,1.62709 
112,2.8 ,0.0551713 ,1.93136 ,1.62954 
113,2.825 ,0.0549091 ,1.91427 ,1.63213 
114,2.85 ,0.0546346 ,1.99284 ,1.63486 
115,2.875 ,0.0543479 ,1.97551 ,1.63773 
116,2.9 ,0.0540484 ,2.05462 ,1.64075 
117,2.925 ,0.0537363 ,2.03706 ,1.64392 
118,2.95 ,0.0534113 ,2.11661 ,1.64725 
119,2.975 ,0.0530735 ,2.09882 ,1.65074 
120,3 ,0.0527227 ,2.17867 ,1.65439 
121,3.025 ,0.052359 ,2.16067 ,1.65821 
122,3.05 ,0.0519822 ,2.2407 ,1.66221 
123,3.075 ,0.0515926 ,2.22249 ,1.66638 
124,3.1 ,0.05119 ,2.30257 ,1.67074 
125,3.125 ,0.0507747 ,2.28415 ,1.67528 
126,3.15 ,0.0503467 ,2.36414 ,1.68002 
127,3.175 ,0.0499064 ,2.34552 ,1.68494 
128,3.2 ,0.0494535 ,2.42528 ,1.69007 
129,3.225 ,0.0489887 ,2.40648 ,1.6954 
130,3.25 ,0.0485119 ,2.48586 ,1.70093 
131,3.275 ,0.0480236 ,2.46689 ,1.70668 
132,3.3 ,0.0475238 ,2.54576 ,1.71264 
133,3.325 ,0.0470131 ,2.52661 ,1.71882 
134,3.35 ,0.0464916 ,2.60482 ,1.72523 
135,3.375 ,0.0459597 ,2.58552 ,1.73185 
136,3.4 ,0.0454177 ,2.66293 ,1.73872 
137,3.425 ,0.0448662 ,2.64349 ,1.74581 
138,3.45 ,0.0443053 ,2.71994 ,1.75315 
139,3.475 ,0.0437356 ,2.70038 ,1.76073 
140,3.5 ,0.0431574 ,2.77575 ,1.76855 
141,3.525 ,0.0425714 ,2.75606 ,1.77663 
142,3.55 ,0.0419777 ,2.83022 ,1.78497 
143,3.575 ,0.041377 ,2.81043 ,1.79357 
144,3.6 ,0.0407696 ,2.88323 ,1.80243 
145,3.625 ,0.0401562 ,2.86335 ,1.81156 
146,3.65 ,0.0395371 ,2.93469 ,1.82097 
147,3.675 ,0.0389129 ,2.91472 ,1.83065 
148,3.7 ,0.038284 ,2.98447 ,1.84062 
149,3.725 ,0.037651 ,2.96444 ,1.85088 
150,3.75 ,0.0370143 ,3.03248 ,1.86143 
151,3.775 ,0.0363745 ,3.0124 ,1.87228 
152,3.8 ,0.035732 ,3.07864 ,1.88344 
153,3.825 ,0.0350876 ,3.05852 ,1.8949 
154,3.85 ,0.0344413 ,3.12286 ,1.90668 
155,3.875 ,0.0337941 ,3.10271 ,1.91877 
156,3.9 ,0.0331461 ,3.16506 ,1.9312 
157,3.925 ,0.0324982 ,3.1449 ,1.94395 
158,3.95 ,0.0318504 ,3.20519 ,1.95704 
159,3.975 ,0.0312036 ,3.18503 ,1.97047 
160,4 ,0.030558 ,3.24318 ,1.98425 
161,4.025 ,0.0299143 ,3.22303 ,1.99838 
162,4.05 ,0.0292726 ,3.27899 ,2.01287 
163,4.075 ,0.0286338 ,3.25887 ,2.02773 
164,4.1 ,0.0279979 ,3.31258 ,2.04297 
165,4.125 ,0.0273657 ,3.2925 ,2.05858 
166,4.15 ,0.0267372 ,3.34392 ,2.07459 
167,4.175 ,0.0261132 ,3.32389 ,2.09098 
168,4.2 ,0.0254938 ,3.37299 ,2.10778 
169,4.225 ,0.0248796 ,3.35304 ,2.12499 
170,4.25 ,0.0242707 ,3.39979 ,2.14261 
171,4.275 ,0.0236677 ,3.37991 ,2.16065 
172,4.3 ,0.0230706 ,3.42432 ,2.17914 
173,4.325 ,0.0224801 ,3.40452 ,2.19805 
174,4.35 ,0.0218962 ,3.44657 ,2.21742 
175,4.375 ,0.0213193 ,3.42687 ,2.23724 
176,4.4 ,0.0207496 ,3.46657 ,2.25753 
177,4.425 ,0.0201876 ,3.44698 ,2.27829 
178,4.45 ,0.0196331 ,3.48433 ,2.29954 
179,4.475 ,0.0190868 ,3.46487 ,2.32127 
180,4.5 ,0.0185485 ,3.4999 ,2.34351 
181,4.525 ,0.0180186 ,3.48057 ,2.36626 
182,4.55 ,0.0174972 ,3.51331 ,2.38954 
183,4.575 ,0.0169846 ,3.49411 ,2.41334 
184,4.6 ,0.0164807 ,3.5246 ,2.43769 
185,4.625 ,0.0159859 ,3.50555 ,2.46259 
186,4.65 ,0.0155 ,3.53382 ,2.48805 
187,4.675 ,0.0150234 ,3.51492 ,2.51409 
188,4.7 ,0.014556 ,3.54103 ,2.54072 
189,4.725 ,0.014098 ,3.5223 ,2.56794 
190,4.75 ,0.0136492 ,3.54629 ,2.59578 
191,4.775 ,0.01321 ,3.52772 ,2.62423 
192,4.8 ,0.0127802 ,3.54966 ,2.65333 
193,4.825 ,0.0123599 ,3.53127 ,2.68307 
194,4.85 ,0.0119491 ,3.55122 ,2.71347 
195,4.875 ,0.0115478 ,3.533 ,2.74455 
196,4.9 ,0.0111559 ,3.55102 ,2.77632 
197,4.925 ,0.0107734 ,3.533 ,2.80879 
198,4.95 ,0.0104004 ,3.54915 ,2.84198 
199,4.975 ,0.0100367 ,3.53132 ,2.8759 
200,5 ,0.00968227 ,3.54569 ,2.91057 
201,5.025 ,0.00933713 ,3.52805 ,2.946 
202,5.05 ,0.00900108 ,3.5407 ,2.98221 
203,5.075 ,0.00867416 ,3.52326 ,3.01922 
204,5.1 ,0.00835615 ,3.53427 ,3.05704 
205,5.125 ,0.00804708 ,3.51703 ,3.09569 
206,5.15 ,0.00774674 ,3.52647 ,3.13519 
207,5.175 ,0.0074551 ,3.50944 ,3.17555 
208,5.2 ,0.00717197 ,3.51739 ,3.2168 
209,5.225 ,0.0068973 ,3.50056 ,3.25895 
210,5.25 ,0.00663088 ,3.5071 ,3.30202 
211,5.275 ,0.00637267 ,3.49048 ,3.34603 
212,5.3 ,0.00612244 ,3.49569 ,3.39101 
213,5.325 ,0.00588014 ,3.47928 ,3.43696 
214,5.35 ,0.00564554 ,3.48322 ,3.48392 
215,5.375 ,0.00541858 ,3.46702 ,3.5319 
216,5.4 ,0.00519902 ,3.46977 ,3.58094 
217,5.425 ,0.00498679 ,3.45378 ,3.63103 
218,5.45 ,0.00478166 ,3.45542 ,3.68223 
219,5.475 ,0.00458355 ,3.43964 ,3.73453 
220,5.5 ,0.00439223 ,3.44023 ,3.78799 
221,5.525 ,0.00420762 ,3.42466 ,3.8426 
222,5.55 ,0.00402948 ,3.42428 ,3.89841 
223,5.575 ,0.00385773 ,3.40893 ,3.95542 
224,5.6 ,0.00369214 ,3.40763 ,4.01369 
225,5.625 ,0.00353262 ,3.39249 ,4.07322 
226,5.65 ,0.00337894 ,3.39036 ,4.13406 
227,5.675 ,0.00323101 ,3.37542 ,4.19622 
228,5.7 ,0.00308862 ,3.37251 ,4.25973 
229,5.725 ,0.00295165 ,3.35778 ,4.32463 
230,5.75 ,0.00281992 ,3.35415 ,4.39095 
231,5.775 ,0.00269331 ,3.33963 ,4.4587 
232,5.8 ,0.00257163 ,3.33534 ,4.52795 
233,5.825 ,0.00245476 ,3.32102 ,4.59869 
234,5.85 ,0.00234253 ,3.31612 ,4.67099 
235,5.875 ,0.00223482 ,3.30201 ,4.74485 
236,5.9 ,0.00213146 ,3.29656 ,4.82034 
237,5.925 ,0.00203234 ,3.28265 ,4.89747 
238,5.95 ,0.00193729 ,3.27669 ,4.97629 
239,5.975 ,0.0018462 ,3.26298 ,5.05682 
240,6 ,0.00175891 ,3.25657 ,5.13912 
241,6.025 ,0.00167533 ,3.24306 ,5.22321 
242,6.05 ,0.00159528 ,3.23624 ,5.30915 
243,6.075 ,0.00151868 ,3.22292 ,5.39695 
244,6.1 ,0.00144537 ,3.21572 ,5.48669 
245,6.125 ,0.00137527 ,3.2026 ,5.57837 
246,6.15 ,0.00130823 ,3.19508 ,5.67208 
247,6.175 ,0.00124416 ,3.18214 ,5.76782 
248,6.2 ,0.00118293 ,3.17433 ,5.86567 
249,6.225 ,0.00112445 ,3.16158 ,5.96565 
250,6.25 ,0.00106859 ,3.1535 ,6.06783 
251,6.275 ,0.00101528 ,3.14094 ,6.17223 
252,6.3 ,0.000964392 ,3.13264 ,6.27894 
253,6.325 ,0.00091585 ,3.12026 ,6.38796 
254,6.35 ,0.000869548 ,3.11176 ,6.49939 
255,6.375 ,0.000825405 ,3.09956 ,6.61325 
256,6.4 ,0.000783324 ,3.09089 ,6.72961 
257,6.425 ,0.000743229 ,3.07887 ,6.84851 
258,6.45 ,0.000705028 ,3.07006 ,6.97004 
259,6.475 ,0.000668652 ,3.05821 ,7.09421 
260,6.5 ,0.000634014 ,3.04928 ,7.22111 
261,6.525 ,0.000601048 ,3.0376 ,7.35079 
262,6.55 ,0.000569676 ,3.02857 ,7.48332 
263,6.575 ,0.000539834 ,3.01706 ,7.61875 
264,6.6 ,0.00051145 ,3.00796 ,7.75716 
265,6.625 ,0.000484465 ,2.99661 ,7.89859 
266,6.65 ,0.000458811 ,2.98745 ,8.04314 
267,6.675 ,0.000434435 ,2.97626 ,8.19085 
268,6.7 ,0.000411274 ,2.96706 ,8.34181 
269,6.725 ,0.000389277 ,2.95603 ,8.49606 
270,6.75 ,0.000368386 ,2.9468 ,8.65372 
271,6.775 ,0.000348556 ,2.93592 ,8.81481 
272,6.8 ,0.000329732 ,2.92668 ,8.97946 
273,6.825 ,0.000311871 ,2.91596 ,9.1477 
274,6.85 ,0.000294926 ,2.90672 ,9.31965 
275,6.875 ,0.000278855 ,2.89615 ,9.49535 
276,6.9 ,0.000263614 ,2.88691 ,9.67492 
277,6.925 ,0.000249167 ,2.87649 ,9.85841 
278,6.95 ,0.000235472 ,2.86728 ,10.0459 
279,6.975 ,0.000222495 ,2.857 ,10.2376 
280,7 ,0.0002102 ,2.84782 ,10.4334 
281,7.025 ,0.000198554 ,2.83769 ,10.6335 
282,7.05 ,0.000187524 ,2.82854 ,10.8381 
283,7.075 ,0.000177082 ,2.81855 ,11.047 
284,7.1 ,0.000167196 ,2.80945 ,11.2606 
285,7.125 ,0.00015784 ,2.79959 ,11.4788 
286,7.15 ,0.000148986 ,2.79054 ,11.7019 
287,7.175 ,0.00014061 ,2.78082 ,11.9298 
288,7.2 ,0.000132686 ,2.77183 ,12.1627 
289,7.225 ,0.000125193 ,2.76224 ,12.4006 
290,7.25 ,0.000118107 ,2.75331 ,12.6438 
291,7.275 ,0.000111408 ,2.74385 ,12.8923 
292,7.3 ,0.000105076 ,2.73499 ,13.1463 
293,7.325 ,9.90916e-05 ,2.72565 ,13.4058 
294,7.35 ,9.34367e-05 ,2.71686 ,13.6709 
295,7.375 ,8.80946e-05 ,2.70765 ,13.9419 
296,7.4 ,8.3048e-05 ,2.69893 ,14.2187 
297,7.425 ,7.82821e-05 ,2.68984 ,14.5016 
298,7.45 ,7.37812e-05 ,2.6812 ,14.7907 
299,7.475 ,6.95321e-05 ,2.67223 ,15.086 
300,7.5 ,6.55204e-05 ,2.66367 ,15.3879 
301,7.525 ,6.17341e-05 ,2.65482 ,15.6962 
302,7.55 ,5.81606e-05 ,2.64634 ,16.0113 
303,7.575 ,5.47888e-05 ,2.6376 ,16.3333 
304,7.6 ,5.16073e-05 ,2.6292 ,16.6622 
305,7.625 ,4.86063e-05 ,2.62058 ,16.9983 
306,7.65 ,4.57754e-05 ,2.61226 ,17.3418 
307,7.675 ,4.31058e-05 ,2.60375 ,17.6926 
308,7.7 ,4.05882e-05 ,2.59552 ,18.0511 
309,7.725 ,3.82146e-05 ,2.58712 ,18.4174 
310,7.75 ,3.59767e-05 ,2.57897 ,18.7916 
311,7.775 ,3.38673e-05 ,2.57067 ,19.1739 
312,7.8 ,3.1879e-05 ,2.56261 ,19.5645 
313,7.825 ,3.00053e-05 ,2.55442 ,19.9636 
314,7.85 ,2.82395e-05 ,2.54644 ,20.3713 
315,7.875 ,2.65759e-05 ,2.53836 ,20.7878 
316,7.9 ,2.50084e-05 ,2.53046 ,21.2133 
317,7.925 ,2.35319e-05 ,2.52248 ,21.648 
318,7.95 ,2.21411e-05 ,2.51467 ,22.0921 
319,7.975 ,2.08313e-05 ,2.50679 ,22.5458 
320,8 ,1.95976e-05 ,2.49907 ,23.0093 
321,8.025 ,1.8436e-05 ,2.49128 ,23.4827 
322,8.05 ,1.73422e-05 ,2.48364 ,23.9664 
323,8.075 ,1.63125e-05 ,2.47595 ,24.4604 
324,8.1 ,1.5343e-05 ,2.4684 ,24.9651 
325,8.125 ,1.44304e-05 ,2.4608 ,25.4807 
326,8.15 ,1.35715e-05 ,2.45333 ,26.0073 
327,8.175 ,1.2763e-05 ,2.44583 ,26.5452 
328,8.2 ,1.20022e-05 ,2.43844 ,27.0947 
329,8.225 ,1.12862e-05 ,2.43103 ,27.6559 
330,8.25 ,1.06124e-05 ,2.42372 ,28.2292 
331,8.275 ,9.97854e-06 ,2.4164 ,28.8148 
332,8.3 ,9.3821e-06 ,2.40918 ,29.4129 
333,8.325 ,8.821e-06 ,2.40194 ,30.0237 
334,8.35 ,8.29314e-06 ,2.3948 ,30.6477 
335,8.375 ,7.79661e-06 ,2.38765 ,31.2849 
336,8.4 ,7.32955e-06 ,2.38059 ,31.9358 
337,8.425 ,6.89027e-06 ,2.37352 ,32.6006 
338,8.45 ,6.47711e-06 ,2.36654 ,33.2795 
339,8.475 ,6.08856e-06 ,2.35956 ,33.9729 
340,8.5 ,5.72315e-06 ,2.35265 ,34.681 
341,8.525 ,5.37954e-06 ,2.34576 ,35.4042 
342,8.55 ,5.05643e-06 ,2.33893 ,36.1429 
343,8.575 ,4.75262e-06 ,2.33211 ,36.8971 
344,8.6 ,4.46696e-06 ,2.32536 ,37.6675 
345,8.625 ,4.1984e-06 ,2.31862 ,38.4541 
346,8.65 ,3.94589e-06 ,2.31194 ,39.2575 
347,8.675 ,3.70851e-06 ,2.30528 ,40.0778 
348,8.7 ,3.48534e-06 ,2.29867 ,40.9156 
349,8.725 ,3.27556e-06 ,2.29209 ,41.771 
350,8.75 ,3.07836e-06 ,2.28556 ,42.6446 
351,8.775 ,2.89299e-06 ,2.27904 ,43.5366 
352,8.8 ,2.71874e-06 ,2.27259 ,44.4475 
353,8.825 ,2.55497e-06 ,2.26615 ,45.3776 
354,8.85 ,2.40103e-06 ,2.25976 ,46.3274 
355,8.875 ,2.25635e-06 ,2.2534 ,47.2972 
356,8.9 ,2.12036e-06 ,2.24708 ,48.2874 
357,8.925 ,1.99256e-06 ,2.24079 ,49.2984 
358,8.95 ,1.87245e-06 ,2.23454 ,50.3308 
359,8.975 ,1.75957e-06 ,2.22831 ,51.3848 
360,9 ,1.65348e-06 ,2.22213 ,52.4611 
361,9.025 ,1.55379e-06 ,2.21598 ,53.5599 
362,9.05 ,1.4601e-06 ,2.20987 ,54.6819 
363,9.075 ,1.37205e-06 ,2.20378 ,55.8273 
364,9.1 ,1.28931e-06 ,2.19773 ,56.9969 
365,9.125 ,1.21157e-06 ,2.19171 ,58.1909 
366,9.15 ,1.1385e-06 ,2.18573 ,59.4099 
367,9.175 ,1.06985e-06 ,2.17978 ,60.6545 
368,9.2 ,1.00533e-06 ,2.17386 ,61.9252 
369,9.225 ,9.44711e-07 ,2.16797 ,63.2224 
370,9.25 ,8.87746e-07 ,2.16211 ,64.5467 
371,9.275 ,8.34218e-07 ,2.15629 ,65.8988 
372,9.3 ,7.8392e-07 ,2.15049 ,67.2791 
373,9.325 ,7.36658e-07 ,2.14473 ,68.6882 
374,9.35 ,6.92247e-07 ,2.139 ,70.1267 
375,9.375 ,6.50518e-07 ,2.1333 ,71.5952 
376,9.4 ,6.11307e-07 ,2.12763 ,73.0944 
377,9.425 ,5.74463e-07 ,2.12198 ,74.6248 
378,9.45 ,5.39843e-07 ,2.11637 ,76.1871 
379,9.475 ,5.07312e-07 ,2.11079 ,77.7819 
380,9.5 ,4.76745e-07 ,2.10524 ,79.41 
381,9.525 ,4.48023e-07 ,2.09971 ,81.0719 
382,9.55 ,4.21035e-07 ,2.09422 ,82.7684 
383,9.575 ,3.95675e-07 ,2.08875 ,84.5001 
384,9.6 ,3.71846e-07 ,2.08331 ,86.2679 
385,9.625 ,3.49455e-07 ,2.0779 ,88.0724 
386,9.65 ,3.28415e-07 ,2.07252 ,89.9144 
387,9.675 ,3.08645e-07 ,2.06716 ,91.7946 
388,9.7 ,2.90068e-07 ,2.06184 ,93.7139 
389,9.725 ,2.72611e-07 ,2.05654 ,95.673 
390,9.75 ,2.56207e-07 ,2.05127 ,97.6727 
391,9.775 ,2.40793e-07 ,2.04602 ,99.7139 
392,9.8 ,2.26309e-07 ,2.0408 ,101.797 
393,9.825 ,2.12698e-07 ,2.03561 ,103.924 
394,9.85 ,1.99907e-07 ,2.03045 ,106.095 
395,9.875 ,1.87888e-07 ,2.0253 ,108.311 
396,9.9 ,1.76593e-07 ,2.02019 ,110.572 
397,9.925 ,1.65979e-07 ,2.0151 ,112.881 
398,9.95 ,1.56005e-07 ,2.01004 ,115.237 
399,9.975 ,1.46631e-07 ,2.005 ,117.642 
400,10 ,1.37823e-07 ,1.99999 ,120.096 
401,10.025 ,1.29545e-07 ,1.995 ,122.602 
402,10.05 ,1.21765e-07 ,1.99004 ,125.159 
403,10.075 ,1.14454e-07 ,1.9851 ,127.769 
404,10.1 ,1.07583e-07 ,1.98019 ,130.433 
405,10.125 ,1.01126e-07 ,1.9753 ,133.153 
406,10.15 ,9.50574e-08 ,1.97044 ,135.928 
407,10.175 ,8.9354e-08 ,1.9656 ,138.76 
408,10.2 ,8.39937e-08 ,1.96078 ,141.652 
409,10.225 ,7.89559e-08 ,1.95598 ,144.602 
410,10.25 ,7.42211e-08 ,1.95121 ,147.614 
411,10.275 ,6.97711e-08 ,1.94647 ,150.688 
412,10.3 ,6.55886e-08 ,1.94174 ,153.825 
413,10.325 ,6.16575e-08 ,1.93704 ,157.027 
414,10.35 ,5.79627e-08 ,1.93236 ,160.295 
415,10.375 ,5.449e-08 ,1.92771 ,163.631 
416,10.4 ,5.12259e-08 ,1.92307 ,167.035 
417,10.425 ,4.81579e-08 ,1.91846 ,170.509 
418,10.45 ,4.52742e-08 ,1.91387 ,174.055 
419,10.475 ,4.25637e-08 ,1.9093 ,177.674 
420,10.5 ,4.00159e-08 ,1.90476 ,181.367 
421,10.525 ,3.76211e-08 ,1.90023 ,185.137 
422,10.55 ,3.53701e-08 ,1.89573 ,188.984 
423,10.575 ,3.32541e-08 ,1.89125 ,192.91 
424,10.6 ,3.12651e-08 ,1.88679 ,196.917 
425,10.625 ,2.93955e-08 ,1.88235 ,201.007 
426,10.65 ,2.7638e-08 ,1.87793 ,205.18 
427,10.675 ,2.59859e-08 ,1.87353 ,209.439 
428,10.7 ,2.44329e-08 ,1.86916 ,213.786 
429,10.725 ,2.2973e-08 ,1.8648 ,218.222 
430,10.75 ,2.16007e-08 ,1.86046 ,222.748 
431,10.775 ,2.03106e-08 ,1.85615 ,227.368 
432,10.8 ,1.90978e-08 ,1.85185 ,232.083 
433,10.825 ,1.79577e-08 ,1.84757 ,236.894 
434,10.85 ,1.68859e-08 ,1.84332 ,241.803 
435,10.875 ,1.58783e-08 ,1.83908 ,246.813 
436,10.9 ,1.49311e-08 ,1.83486 ,251.926 
437,10.925 ,1.40406e-08 ,1.83066 ,257.143 
438,10.95 ,1.32034e-08 ,1.82648 ,262.467 
439,10.975 ,1.24163e-08 ,1.82232 ,267.9 
440,11 ,1.16763e-08 ,1.81818 ,273.444 
441,11.025 ,1.09806e-08 ,1.81406 ,279.102 
442,11.05 ,1.03265e-08 ,1.80995 ,284.874 
443,11.075 ,9.71147e-09 ,1.80587 ,290.765 
444,11.1 ,9.13325e-09 ,1.8018 ,296.776 
445,11.125 ,8.5896e-09 ,1.79775 ,302.909 
446,11.15 ,8.07844e-09 ,1.79372 ,309.168 
447,11.175 ,7.59782e-09 ,1.78971 ,315.554 
448,11.2 ,7.14591e-09 ,1.78571 ,322.071 
449,11.225 ,6.721e-09 ,1.78174 ,328.72 
450,11.25 ,6.32145e-09 ,1.77778 ,335.504 
451,11.275 ,5.94575e-09 ,1.77384 ,342.427 
452,11.3 ,5.59247e-09 ,1.76991 ,349.491 
453,11.325 ,5.26028e-09 ,1.766 ,356.698 
454,11.35 ,4.94789e-09 ,1.76211 ,364.052 
455,11.375 ,4.65414e-09 ,1.75824 ,371.556 
456,11.4 ,4.3779e-09 ,1.75439 ,379.212 
457,11.425 ,4.11812e-09 ,1.75055 ,387.024 
458,11.45 ,3.87382e-09 ,1.74672 ,394.994 
459,11.475 ,3.64408e-09 ,1.74292 ,403.126 
460,11.5 ,3.42802e-09 ,1.73913 ,411.424 
461,11.525 ,3.22483e-09 ,1.73536 ,419.889 
462,11.55 ,3.03373e-09 ,1.7316 ,428.527 
463,11.575 ,2.854e-09 ,1.72786 ,437.34 
464,11.6 ,2.68497e-09 ,1.72414 ,446.332 
465,11.625 ,2.52599e-09 ,1.72043 ,455.505 
466,11.65 ,2.37646e-09 ,1.71674 ,464.865 
467,11.675 ,2.23582e-09 ,1.71306 ,474.415 
468,11.7 ,2.10354e-09 ,1.7094 ,484.158 
469,11.725 ,1.97912e-09 ,1.70576 ,494.098 
470,11.75 ,1.86209e-09 ,1.70213 ,504.239 
471,11.775 ,1.75201e-09 ,1.69851 ,514.586 
472,11.8 ,1.64847e-09 ,1.69491 ,525.142 
473,11.825 ,1.55107e-09 ,1.69133 ,535.912 
474,11.85 ,1.45945e-09 ,1.68776 ,546.899 
475,11.875 ,1.37327e-09 ,1.68421 ,558.109 
476,11.9 ,1.29219e-09 ,1.68067 ,569.545 
477,11.925 ,1.21592e-09 ,1.67715 ,581.213 
478,11.95 ,1.14418e-09 ,1.67364 ,593.116 
479,11.975 ,1.07668e-09 ,1.67015 ,605.259 
480,12 ,1.01318e-09 ,1.66667 ,617.648 
481,12.025 ,9.53448e-10 ,1.6632 ,630.287 
482,12.05 ,8.97248e-10 ,1.65975 ,643.181 
483,12.075 ,8.44374e-10 ,1.65631 ,656.335 
484,12.1 ,7.9463e-10 ,1.65289 ,669.754 
485,12.125 ,7.47828e-10 ,1.64948 ,683.445 
486,12.15 ,7.03794e-10 ,1.64609 ,697.411 
487,12.175 ,6.62363e-10 ,1.64271 ,711.659 
488,12.2 ,6.23382e-10 ,1.63934 ,726.194 
489,12.225 ,5.86704e-10 ,1.63599 ,741.021 
490,12.25 ,5.52193e-10 ,1.63265 ,756.148 
491,12.275 ,5.1972e-10 ,1.62933 ,771.579 
492,12.3 ,4.89165e-10 ,1.62602 ,787.321 
493,12.325 ,4.60414e-10 ,1.62272 ,803.38 
494,12.35 ,4.33359e-10 ,1.61943 ,819.762 
495,12.375 ,4.079e-10 ,1.61616 ,836.474 
496,12.4 ,3.83943e-10 ,1.6129 ,853.522 
497,12.425 ,3.61399e-10 ,1.60966 ,870.913 
498,12.45 ,3.40184e-10 ,1.60643 ,888.654 
499,12.475 ,3.20219e-10 ,1.60321 ,906.751 
500,12.5 ,3.0143e-10 ,1.6 ,925.213 
501,12.525 ,2.83749e-10 ,1.59681 ,944.045 
502,12.55 ,2.67108e-10 ,1.59363 ,963.255 
503,12.575 ,2.51447e-10 ,1.59046 ,982.852 
504,12.6 ,2.36708e-10 ,1.5873 ,1002.84 
505,12.625 ,2.22837e-10 ,1.58416 ,1023.23 
506,12.65 ,2.09781e-10 ,1.58103 ,1044.04 
507,12.675 ,1.97493e-10 ,1.57791 ,1065.25 
508,12.7 ,1.85928e-10 ,1.5748 ,1086.9 
509,12.725 ,1.75043e-10 ,1.57171 ,1108.98 
510,12.75 ,1.64797e-10 ,1.56863 ,1131.5 
511,12.775 ,1.55153e-10 ,1.56556 ,1154.47 
512,12.8 ,1.46076e-10 ,1.5625 ,1177.91 
513,12.825 ,1.37532e-10 ,1.55945 ,1201.81 
514,12.85 ,1.29489e-10 ,1.55642 ,1226.19 
515,12.875 ,1.21919e-10 ,1.5534 ,1251.07 
516,12.9 ,1.14793e-10 ,1.55039 ,1276.44 
517,12.925 ,1.08084e-10 ,1.54739 ,1302.32 
518,12.95 ,1.0177e-10 ,1.5444 ,1328.71 
519,12.975 ,9.58253e-11 ,1.54143 ,1355.64 
520,13 ,9.02293e-11 ,1.53846 ,1383.1 
521,13.025 ,8.49613e-11 ,1.53551 ,1411.12 
522,13.05 ,8.0002e-11 ,1.53257 ,1439.69 
523,13.075 ,7.53332e-11 ,1.52964 ,1468.84 
524,13.1 ,7.09379e-11 ,1.52672 ,1498.57 
525,13.125 ,6.67999e-11 ,1.52381 ,1528.9 
526,13.15 ,6.29041e-11 ,1.52091 ,1559.83 
527,13.175 ,5.92364e-11 ,1.51803 ,1591.38 
528,13.2 ,5.57832e-11 ,1.51515 ,1623.56 
529,13.225 ,5.25321e-11 ,1.51229 ,1656.39 
530,13.25 ,4.94711e-11 ,1.50943 ,1689.87 
531,13.275 ,4.6589e-11 ,1.50659 ,1724.02 
532,13.3 ,4.38755e-11 ,1.50376 ,1758.85 
533,13.325 ,4.13205e-11 ,1.50094 ,1794.38 
534,13.35 ,3.89148e-11 ,1.49813 ,1830.62 
535,13.375 ,3.66497e-11 ,1.49533 ,1867.59 
536,13.4 ,3.45168e-11 ,1.49254 ,1905.29 
537,13.425 ,3.25085e-11 ,1.48976 ,1943.74 
538,13.45 ,3.06174e-11 ,1.48699 ,1982.96 
539,13.475 ,2.88367e-11 ,1.48423 ,2022.97 
540,13.5 ,2.71599e-11 ,1.48148 ,2063.77 
541,13.525 ,2.55809e-11 ,1.47874 ,2105.39 
542,13.55 ,2.4094e-11 ,1.47601 ,2147.83 
543,13.575 ,2.26939e-11 ,1.4733 ,2191.13 
544,13.6 ,2.13753e-11 ,1.47059 ,2235.29 
545,13.625 ,2.01336e-11 ,1.46789 ,2280.32 
546,13.65 ,1.89643e-11 ,1.4652 ,2326.26 
547,13.675 ,1.78631e-11 ,1.46252 ,2373.11 
548,13.7 ,1.6826e-11 ,1.45985 ,2420.9 
549,13.725 ,1.58494e-11 ,1.45719 ,2469.64 
550,13.75 ,1.49296e-11 ,1.45455 ,2519.35 
551,13.775 ,1.40633e-11 ,1.45191 ,2570.05 
552,13.8 ,1.32475e-11 ,1.44928 ,2621.76 
553,13.825 ,1.24791e-11 ,1.44665 ,2674.5 
554,13.85 ,1.17555e-11 ,1.44404 ,2728.29 
555,13.875 ,1.10739e-11 ,1.44144 ,2783.15 
556,13.9 ,1.0432e-11 ,1.43885 ,2839.1 
557,13.925 ,9.82739e-12 ,1.43627 ,2896.17 
558,13.95 ,9.25793e-12 ,1.43369 ,2954.38 
559,13.975 ,8.72156e-12 ,1.43113 ,3013.74 
560,14 ,8.21637e-12 ,1.42857 ,3074.28 
561,14.025 ,7.74052e-12 ,1.42602 ,3136.03 
562,14.05 ,7.29231e-12 ,1.42349 ,3199.01 
563,14.075 ,6.87013e-12 ,1.42096 ,3263.24 
564,14.1 ,6.47246e-12 ,1.41844 ,3328.75 
565,14.125 ,6.09788e-12 ,1.41593 ,3395.56 
566,14.15 ,5.74504e-12 ,1.41343 ,3463.69 
567,14.175 ,5.41267e-12 ,1.41093 ,3533.19 
568,14.2 ,5.09959e-12 ,1.40845 ,3604.06 
569,14.225 ,4.80467e-12 ,1.40598 ,3676.34 
570,14.25 ,4.52685e-12 ,1.40351 ,3750.06 
571,14.275 ,4.26514e-12 ,1.40105 ,3825.25 
572,14.3 ,4.0186e-12 ,1.3986 ,3901.92 
573,14.325 ,3.78635e-12 ,1.39616 ,3980.13 
574,14.35 ,3.56756e-12 ,1.39373 ,4059.88 
575,14.375 ,3.36145e-12 ,1.3913 ,4141.22 
576,14.4 ,3.16728e-12 ,1.38889 ,4224.17 
577,14.425 ,2.98435e-12 ,1.38648 ,4308.77 
578,14.45 ,2.81202e-12 ,1.38408 ,4395.05 
579,14.475 ,2.64967e-12 ,1.38169 ,4483.05 
580,14.5 ,2.49671e-12 ,1.37931 ,4572.79 
581,14.525 ,2.35261e-12 ,1.37694 ,4664.31 
582,14.55 ,2.21685e-12 ,1.37457 ,4757.64 
583,14.575 ,2.08894e-12 ,1.37221 ,4852.83 
584,14.6 ,1.96843e-12 ,1.36986 ,4949.91 
585,14.625 ,1.85489e-12 ,1.36752 ,5048.91 
586,14.65 ,1.74792e-12 ,1.36519 ,5149.88 
587,14.675 ,1.64713e-12 ,1.36286 ,5252.84 
588,14.7 ,1.55217e-12 ,1.36054 ,5357.85 
589,14.725 ,1.4627e-12 ,1.35823 ,5464.94 
590,14.75 ,1.37839e-12 ,1.35593 ,5574.16 
591,14.775 ,1.29896e-12 ,1.35364 ,5685.54 
592,14.8 ,1.22412e-12 ,1.35135 ,5799.13 
593,14.825 ,1.1536e-12 ,1.34907 ,5914.96 
594,14.85 ,1.08715e-12 ,1.3468 ,6033.1 
595,14.875 ,1.02454e-12 ,1.34454 ,6153.57 
596,14.9 ,9.65546e-13 ,1.34228 ,6276.43 
597,14.925 ,9.09956e-13 ,1.34003 ,6401.73 
598,14.95 ,8.57574e-13 ,1.33779 ,6529.5 
599,14.975 ,8.08214e-13 ,1.33556 ,6659.81 
600,15 ,7.61703e-13 ,1.33333 ,6792.69 
601,15.025 ,7.17874e-13 ,1.33111 ,6928.21 
602,15.05 ,6.76573e-13 ,1.3289 ,7066.41 
603,15.075 ,6.37654e-13 ,1.3267 ,7207.35 
604,15.1 ,6.00979e-13 ,1.3245 ,7351.07 
605,15.125 ,5.66418e-13 ,1.32231 ,7497.64 
606,15.15 ,5.3385e-13 ,1.32013 ,7647.11 
607,15.175 ,5.03158e-13 ,1.31796 ,7799.54 
608,15.2 ,4.74235e-13 ,1.31579 ,7954.98 
609,15.225 ,4.46979e-13 ,1.31363 ,8113.5 
610,15.25 ,4.21292e-13 ,1.31148 ,8275.15 
611,15.275 ,3.97085e-13 ,1.30933 ,8440 
612,15.3 ,3.74272e-13 ,1.30719 ,8608.12 
613,15.325 ,3.52772e-13 ,1.30506 ,8779.55 
614,15.35 ,3.32511e-13 ,1.30293 ,8954.37 
615,15.375 ,3.13415e-13 ,1.30081 ,9132.66 
616,15.4 ,2.95419e-13 ,1.2987 ,9314.46 
617,15.425 ,2.78458e-13 ,1.2966 ,9499.86 
618,15.45 ,2.62473e-13 ,1.2945 ,9688.92 
619,15.475 ,2.47408e-13 ,1.29241 ,9881.72 
620,15.5 ,2.33209e-13 ,1.29032 ,10078.3 
621,15.525 ,2.19827e-13 ,1.28824 ,10278.8 
622,15.55 ,2.07215e-13 ,1.28617 ,10483.3 
623,15.575 ,1.95327e-13 ,1.28411 ,10691.8 
624,15.6 ,1.84123e-13 ,1.28205 ,10904.4 
625,15.625 ,1.73563e-13 ,1.28 ,11121.2 
626,15.65 ,1.6361e-13 ,1.27796 ,11342.3 
627,15.675 ,1.54229e-13 ,1.27592 ,11567.7 
628,15.7 ,1.45387e-13 ,1.27389 ,11797.6 
629,15.725 ,1.37053e-13 ,1.27186 ,12032.1 
630,15.75 ,1.29198e-13 ,1.26984 ,12271.2 
631,15.775 ,1.21793e-13 ,1.26783 ,12515 
632,15.8 ,1.14814e-13 ,1.26582 ,12763.6 
633,15.825 ,1.08236e-13 ,1.26382 ,13017.1 
634,15.85 ,1.02035e-13 ,1.26183 ,13275.6 
635,15.875 ,9.61905e-14 ,1.25984 ,13539.2 
636,15.9 ,9.06813e-14 ,1.25786 ,13808 
637,15.925 ,8.54882e-14 ,1.25589 ,14082.1 
638,15.95 ,8.05931e-14 ,1.25392 ,14361.7 
639,15.975 ,7.59788e-14 ,1.25196 ,14646.7 
640,16 ,7.16292e-14 ,1.25 ,14937.4 
641,16.025 ,6.75291e-14 ,1.24805 ,15233.7 
642,16.05 ,6.36642e-14 ,1.24611 ,15536 
643,16.075 ,6.00209e-14 ,1.24417 ,15844.2 
644,16.1 ,5.65865e-14 ,1.24224 ,16158.4 
645,16.125 ,5.33489e-14 ,1.24031 ,16478.9 
646,16.15 ,5.0297e-14 ,1.23839 ,16805.7 
647,16.175 ,4.742e-14 ,1.23648 ,17138.9 
648,16.2 ,4.47078e-14 ,1.23457 ,17478.7 
649,16.225 ,4.21511e-14 ,1.23267 ,17825.2 
650,16.25 ,3.97408e-14 ,1.23077 ,18178.5 
651,16.275 ,3.74687e-14 ,1.22888 ,18538.8 
652,16.3 ,3.53266e-14 ,1.22699 ,18906.1 
653,16.325 ,3.33073e-14 ,1.22511 ,19280.8 
654,16.35 ,3.14036e-14 ,1.22324 ,19662.7 
655,16.375 ,2.96089e-14 ,1.22137 ,20052.3 
656,16.4 ,2.79169e-14 ,1.21951 ,20449.4 
657,16.425 ,2.63218e-14 ,1.21766 ,20854.4 
658,16.45 ,2.4818e-14 ,1.21581 ,21267.4 
659,16.475 ,2.34003e-14 ,1.21396 ,21688.5 
660,16.5 ,2.20637e-14 ,1.21212 ,22117.9 
661,16.525 ,2.08036e-14 ,1.21029 ,22555.8 
662,16.55 ,1.96156e-14 ,1.20846 ,23002.2 
663,16.575 ,1.84955e-14 ,1.20664 ,23457.5 
664,16.6 ,1.74395e-14 ,1.20482 ,23921.7 
665,16.625 ,1.64439e-14 ,1.20301 ,24395.1 
666,16.65 ,1.55053e-14 ,1.2012 ,24877.7 
667,16.675 ,1.46203e-14 ,1.1994 ,25369.9 
668,16.7 ,1.37859e-14 ,1.1976 ,25871.7 
669,16.725 ,1.29992e-14 ,1.19581 ,26383.5 
670,16.75 ,1.22575e-14 ,1.19403 ,26905.2 
671,16.775 ,1.15581e-14 ,1.19225 ,27437.3 
672,16.8 ,1.08988e-14 ,1.19048 ,27979.8 
673,16.825 ,1.02771e-14 ,1.18871 ,28533 
674,16.85 ,9.69095e-15 ,1.18694 ,29097 
675,16.875 ,9.13827e-15 ,1.18518 ,29672.2 
676,16.9 ,8.61718e-15 ,1.18343 ,30258.6 
677,16.925 ,8.12584e-15 ,1.18168 ,30856.6 
678,16.95 ,7.66257e-15 ,1.17994 ,31466.3 
679,16.975 ,7.22576e-15 ,1.1782 ,32088 
680,17 ,6.81389e-15 ,1.17647 ,32721.9 
681,17.025 ,6.42554e-15 ,1.17474 ,33368.3 
682,17.05 ,6.05936e-15 ,1.17302 ,34027.4 
683,17.075 ,5.71409e-15 ,1.1713 ,34699.4 
684,17.1 ,5.38853e-15 ,1.16959 ,35384.6 
685,17.125 ,5.08155e-15 ,1.16788 ,36083.2 
686,17.15 ,4.79209e-15 ,1.16618 ,36795.6 
687,17.175 ,4.51915e-15 ,1.16448 ,37521.9 
688,17.2 ,4.26179e-15 ,1.16279 ,38262.5 
689,17.225 ,4.01912e-15 ,1.1611 ,39017.6 
690,17.25 ,3.79029e-15 ,1.15942 ,39787.5 
691,17.275 ,3.57452e-15 ,1.15774 ,40572.4 
692,17.3 ,3.37106e-15 ,1.15607 ,41372.8 
693,17.325 ,3.17921e-15 ,1.1544 ,42188.8 
694,17.35 ,2.99831e-15 ,1.15274 ,43020.8 
695,17.375 ,2.82773e-15 ,1.15108 ,43869 
696,17.4 ,2.66688e-15 ,1.14943 ,44733.8 
697,17.425 ,2.5152e-15 ,1.14778 ,45615.5 
698,17.45 ,2.37219e-15 ,1.14613 ,46514.4 
699,17.475 ,2.23733e-15 ,1.14449 ,47430.8 
700,17.5 ,2.11017e-15 ,1.14286 ,48365 
701,17.525 ,1.99027e-15 ,1.14123 ,49317.4 
702,17.55 ,1.87721e-15 ,1.1396 ,50288.2 
703,17.575 ,1.7706e-15 ,1.13798 ,51277.9 
704,17.6 ,1.67008e-15 ,1.13636 ,52286.7 
705,17.625 ,1.57531e-15 ,1.13475 ,53314.9 
706,17.65 ,1.48594e-15 ,1.13314 ,54362.9 
707,17.675 ,1.40169e-15 ,1.13154 ,55431.1 
708,17.7 ,1.32225e-15 ,1.12994 ,56519.6 
709,17.725 ,1.24736e-15 ,1.12835 ,57628.9 
710,17.75 ,1.17675e-15 ,1.12676 ,58759.2 
711,17.775 ,1.11018e-15 ,1.12518 ,59910.9 
712,17.8 ,1.04743e-15 ,1.1236 ,61084.2 
713,17.825 ,9.88279e-16 ,1.12202 ,62279.3 
714,17.85 ,9.32522e-16 ,1.12045 ,63496.7 
715,17.875 ,8.79969e-16 ,1.11888 ,64736.3 
716,17.9 ,8.30439e-16 ,1.11732 ,65998.6 
717,17.925 ,7.83764e-16 ,1.11576 ,67283.5 
718,17.95 ,7.39782e-16 ,1.11421 ,68591.3 
719,17.975 ,6.98343e-16 ,1.11266 ,69922.1 
720,18 ,6.59305e-16 ,1.11111 ,71275.7 
721,18.025 ,6.22534e-16 ,1.10957 ,72652.3 
722,18.05 ,5.87904e-16 ,1.10803 ,74051.7 
723,18.075 ,5.55298e-16 ,1.1065 ,75473.6 
724,18.1 ,5.24603e-16 ,1.10497 ,76917.8 
725,18.125 ,4.95715e-16 ,1.10345 ,78383.8 
726,18.15 ,4.68535e-16 ,1.10193 ,79871.1 
727,18.175 ,4.42971e-16 ,1.10041 ,81379 
728,18.2 ,4.18935e-16 ,1.0989 ,82906.4 
729,18.225 ,3.96346e-16 ,1.09739 ,84452.4 
730,18.25 ,3.75128e-16 ,1.09589 ,86015.6 
731,18.275 ,3.55208e-16 ,1.09439 ,87594.3 
732,18.3 ,3.3652e-16 ,1.0929 ,89186.7 
733,18.325 ,3.18999e-16 ,1.09141 ,90790.5 
734,18.35 ,3.02588e-16 ,1.08992 ,92403.1 
735,18.375 ,2.8723e-16 ,1.08844 ,94021.5 
736,18.4 ,2.72876e-16 ,1.08696 ,95642.1 
737,18.425 ,2.59476e-16 ,1.08548 ,97260.9 
738,18.45 ,2.46986e-16 ,1.08401 ,98873.4 
739,18.475 ,2.35366e-16 ,1.08254 ,100475 
740,18.5 ,2.24576e-16 ,1.08108 ,102059 
741,18.525 ,2.14582e-16 ,1.07962 ,103619 
742,18.55 ,2.05352e-16 ,1.07817 ,105149 
743,18.575 ,1.96856e-16 ,1.07672 ,106640 
744,18.6 ,1.89067e-16 ,1.07527 ,108085 
745,18.625 ,1.81961e-16 ,1.07383 ,109474 
746,18.65 ,1.75515e-16 ,1.07239 ,110798 
747,18.675 ,1.69711e-16 ,1.07095 ,112047 
748,18.7 ,1.64532e-16 ,1.06952 ,113211 
749,18.725 ,1.59963e-16 ,1.06809 ,114278 
750,18.75 ,1.55992e-16 ,1.06667 ,115240 
751,18.775 ,1.52608e-16 ,1.06525 ,116086 
752,18.8 ,1.49804e-16 ,1.06383 ,116805 
753,18.825 ,1.47574e-16 ,1.06242 ,117391 
754,18.85 ,1.45916e-16 ,1.06101 ,117834 
755,18.875 ,1.44828e-16 ,1.0596 ,118128 
756,18.9 ,1.44311e-16 ,1.0582 ,118269 
757,18.925 ,1.44369e-16 ,1.0568 ,118253 
758,18.95 ,1.45009e-16 ,1.05541 ,118079 
759,18.975 ,1.46238e-16 ,1.05402 ,117747 
760,19 ,1.48068e-16 ,1.05263 ,117260 
761,19.025 ,1.50511e-16 ,1.05125 ,116622 
762,19.05 ,1.53583e-16 ,1.04987 ,115839 
763,19.075 ,1.57305e-16 ,1.04849 ,114918 
764,19.1 ,1.61696e-16 ,1.04712 ,113869 
765,19.125 ,1.66781e-16 ,1.04575 ,112699 
766,19.15 ,1.72588e-16 ,1.04439 ,111421 
767,19.175 ,1.79148e-16 ,1.04302 ,110044 
768,19.2 ,1.86493e-16 ,1.04167 ,108580 
769,19.225 ,1.94663e-16 ,1.04031 ,107039 
770,19.25 ,2.03698e-16 ,1.03896 ,105433 
771,19.275 ,2.13643e-16 ,1.03761 ,103771 
772,19.3 ,2.24547e-16 ,1.03627 ,102063 
773,19.325 ,2.36465e-16 ,1.03493 ,100319 
774,19.35 ,2.49454e-16 ,1.03359 ,98546.3 
775,19.375 ,2.63577e-16 ,1.03226 ,96753.7 
776,19.4 ,2.78904e-16 ,1.03093 ,94947.9 
777,19.425 ,2.95507e-16 ,1.0296 ,93135.3 
778,19.45 ,3.13468e-16 ,1.02828 ,91321.4 
779,19.475 ,3.32872e-16 ,1.02696 ,89511.4 
780,19.5 ,3.53811e-16 ,1.02564 ,87709.5 
781,19.525 ,3.76387e-16 ,1.02433 ,85919.6 
782,19.55 ,4.00707e-16 ,1.02302 ,84145 
783,19.575 ,4.26887e-16 ,1.02171 ,82388.4 
784,19.6 ,4.55051e-16 ,1.02041 ,80652.4 
785,19.625 ,4.85333e-16 ,1.01911 ,78938.8 
786,19.65 ,5.17878e-16 ,1.01781 ,77249.3 
787,19.675 ,5.52839e-16 ,1.01652 ,75585.3 
788,19.7 ,5.90384e-16 ,1.01523 ,73947.9 
789,19.725 ,6.30689e-16 ,1.01394 ,72337.8 
790,19.75 ,6.73946e-16 ,1.01266 ,70755.8 
791,19.775 ,7.2036e-16 ,1.01138 ,69202.3 
792,19.8 ,7.70151e-16 ,1.0101 ,67677.6 
793,19.825 ,8.23555e-16 ,1.00883 ,66182 
794,19.85 ,8.80825e-16 ,1.00756 ,64715.4 
795,19.875 ,9.42231e-16 ,1.00629 ,63277.8 
796,19.9 ,1.00807e-15 ,1.00502 ,61869.1 
797,19.925 ,1.07864e-15 ,1.00376 ,60489.2 
798,19.95 ,1.15429e-15 ,1.00251 ,59137.8 
799,19.975 ,1.23537e-15 ,1.00125 ,57814.6 
800,20 ,1.32227e-15 ,1 ,56519.3 
801,20.025 ,1.4154e-15 ,0.998751 ,55251.5 
802,20.05 ,1.51519e-15 ,0.997506 ,54010.9 
803,20.075 ,1.62213e-15 ,0.996264 ,52796.9 
804,20.1 ,1.73672e-15 ,0.995025 ,51609.2 
805,20.125 ,1.8595e-15 ,0.993789 ,50447.3 
806,20.15 ,1.99106e-15 ,0.992556 ,49310.8 
807,20.175 ,2.13202e-15 ,0.991326 ,48199.2 
808,20.2 ,2.28304e-15 ,0.990099 ,47112.1 
809,20.225 ,2.44485e-15 ,0.988875 ,46049 
810,20.25 ,2.61821e-15 ,0.987654 ,45009.3 
811,20.275 ,2.80394e-15 ,0.986436 ,43992.7 
812,20.3 ,3.00294e-15 ,0.985222 ,42998.7 
813,20.325 ,3.21613e-15 ,0.98401 ,42026.8 
814,20.35 ,3.44453e-15 ,0.982801 ,41076.5 
815,20.375 ,3.68924e-15 ,0.981595 ,40147.5 
816,20.4 ,3.95141e-15 ,0.980392 ,39239.2 
817,20.425 ,4.23228e-15 ,0.979192 ,38351.2 
818,20.45 ,4.5332e-15 ,0.977995 ,37483.1 
819,20.475 ,4.85559e-15 ,0.976801 ,36634.5 
820,20.5 ,5.20099e-15 ,0.97561 ,35804.9 
821,20.525 ,5.57103e-15 ,0.974421 ,34993.9 
822,20.55 ,5.96749e-15 ,0.973236 ,34201.1 
823,20.575 ,6.39224e-15 ,0.972053 ,33426.1 
824,20.6 ,6.84731e-15 ,0.970874 ,32668.6 
825,20.625 ,7.33487e-15 ,0.969697 ,31928.1 
826,20.65 ,7.85723e-15 ,0.968523 ,31204.3 
827,20.675 ,8.41689e-15 ,0.967352 ,30496.7 
828,20.7 ,9.01651e-15 ,0.966183 ,29805.1 
829,20.725 ,9.65895e-15 ,0.965018 ,29129.1 
830,20.75 ,1.03473e-14 ,0.963855 ,28468.3 
831,20.775 ,1.10847e-14 ,0.962695 ,27822.4 
832,20.8 ,1.18749e-14 ,0.961538 ,27191.1 
833,20.825 ,1.27215e-14 ,0.960384 ,26574 
834,20.85 ,1.36286e-14 ,0.959232 ,25970.9 
835,20.875 ,1.46005e-14 ,0.958084 ,25381.3 
836,20.9 ,1.56419e-14 ,0.956938 ,24805.1 
837,20.925 ,1.67576e-14 ,0.955794 ,24241.9 
838,20.95 ,1.79532e-14 ,0.954654 ,23691.4 
839,20.975 ,1.92342e-14 ,0.953516 ,23153.3 
840,21 ,2.06068e-14 ,0.952381 ,22627.4 
841,21.025 ,2.20775e-14 ,0.951248 ,22113.3 
842,21.05 ,2.36533e-14 ,0.950119 ,21610.9 
843,21.075 ,2.53419e-14 ,0.948992 ,21119.8 
844,21.1 ,2.71513e-14 ,0.947867 ,20639.9 
845,21.125 ,2.90901e-14 ,0.946745 ,20170.8 
846,21.15 ,3.11675e-14 ,0.945626 ,19712.3 
847,21.175 ,3.33936e-14 ,0.94451 ,19264.1 
848,21.2 ,3.5779e-14 ,0.943396 ,18826.1 
849,21.225 ,3.83351e-14 ,0.942285 ,18398 
850,21.25 ,4.10742e-14 ,0.941176 ,17979.6 
851,21.275 ,4.40093e-14 ,0.94007 ,17570.7 
852,21.3 ,4.71545e-14 ,0.938967 ,17171 
853,21.325 ,5.05249e-14 ,0.937866 ,16780.4 
854,21.35 ,5.41366e-14 ,0.936768 ,16398.6 
855,21.375 ,5.80069e-14 ,0.935672 ,16025.5 
856,21.4 ,6.21544e-14 ,0.934579 ,15660.8 
857,21.425 ,6.6599e-14 ,0.933489 ,15304.3 
858,21.45 ,7.13619e-14 ,0.932401 ,14956 
859,21.475 ,7.64661e-14 ,0.931315 ,14615.5 
860,21.5 ,8.19359e-14 ,0.930232 ,14282.8 
861,21.525 ,8.77977e-14 ,0.929152 ,13957.6 
862,21.55 ,9.40796e-14 ,0.928074 ,13639.7 
863,21.575 ,1.00812e-13 ,0.926999 ,13329.1 
864,21.6 ,1.08026e-13 ,0.925926 ,13025.5 
865,21.625 ,1.15758e-13 ,0.924855 ,12728.8 
866,21.65 ,1.24044e-13 ,0.923787 ,12438.8 
867,21.675 ,1.32924e-13 ,0.922722 ,12155.4 
868,21.7 ,1.42441e-13 ,0.921659 ,11878.4 
869,21.725 ,1.52641e-13 ,0.920598 ,11607.7 
870,21.75 ,1.63572e-13 ,0.91954 ,11343.2 
871,21.775 ,1.75286e-13 ,0.918484 ,11084.6 
872,21.8 ,1.87842e-13 ,0.917431 ,10831.9 
873,21.825 ,2.01298e-13 ,0.91638 ,10585 
874,21.85 ,2.15719e-13 ,0.915332 ,10343.7 
875,21.875 ,2.31176e-13 ,0.914286 ,10107.8 
876,21.9 ,2.47741e-13 ,0.913242 ,9877.29 
877,21.925 ,2.65496e-13 ,0.912201 ,9652.01 
878,21.95 ,2.84525e-13 ,0.911162 ,9431.86 
879,21.975 ,3.0492e-13 ,0.910125 ,9216.7 
880,22 ,3.26779e-13 ,0.909091 ,9006.43 
881,22.025 ,3.50207e-13 ,0.908059 ,8800.94 
882,22.05 ,3.75318e-13 ,0.907029 ,8600.11 
883,22.075 ,4.02231e-13 ,0.906002 ,8403.85 
884,22.1 ,4.31078e-13 ,0.904977 ,8212.05 
885,22.125 ,4.61997e-13 ,0.903955 ,8024.61 
886,22.15 ,4.95137e-13 ,0.902934 ,7841.43 
887,22.175 ,5.30657e-13 ,0.901916 ,7662.42 
888,22.2 ,5.68729e-13 ,0.900901 ,7487.47 
889,22.225 ,6.09537e-13 ,0.899887 ,7316.51 
890,22.25 ,6.53278e-13 ,0.898876 ,7149.43 
891,22.275 ,7.00161e-13 ,0.897867 ,6986.15 
892,22.3 ,7.50414e-13 ,0.896861 ,6826.58 
893,22.325 ,8.0428e-13 ,0.895857 ,6670.65 
894,22.35 ,8.62017e-13 ,0.894854 ,6518.26 
895,22.375 ,9.23905e-13 ,0.893855 ,6369.34 
896,22.4 ,9.90243e-13 ,0.892857 ,6223.81 
897,22.425 ,1.06135e-12 ,0.891862 ,6081.59 
898,22.45 ,1.13757e-12 ,0.890868 ,5942.61 
899,22.475 ,1.21927e-12 ,0.889878 ,5806.8 
900,22.5 ,1.30685e-12 ,0.888889 ,5674.07 
901,22.525 ,1.40073e-12 ,0.887902 ,5544.37 
902,22.55 ,1.50136e-12 ,0.886918 ,5417.62 
903,22.575 ,1.60923e-12 ,0.885936 ,5293.76 
904,22.6 ,1.72487e-12 ,0.884956 ,5172.72 
905,22.625 ,1.84882e-12 ,0.883978 ,5054.43 
906,22.65 ,1.98169e-12 ,0.883002 ,4938.84 
907,22.675 ,2.12412e-12 ,0.882029 ,4825.89 
908,22.7 ,2.27681e-12 ,0.881057 ,4715.51 
909,22.725 ,2.44048e-12 ,0.880088 ,4607.64 
910,22.75 ,2.61594e-12 ,0.879121 ,4502.23 
911,22.775 ,2.80403e-12 ,0.878156 ,4399.23 
912,22.8 ,3.00566e-12 ,0.877193 ,4298.57 
913,22.825 ,3.22181e-12 ,0.876232 ,4200.21 
914,22.85 ,3.45352e-12 ,0.875273 ,4104.09 
915,22.875 ,3.70192e-12 ,0.874317 ,4010.16 
916,22.9 ,3.9682e-12 ,0.873362 ,3918.37 
917,22.925 ,4.25367e-12 ,0.87241 ,3828.68 
918,22.95 ,4.5597e-12 ,0.87146 ,3741.03 
919,22.975 ,4.88777e-12 ,0.870511 ,3655.39 
920,23 ,5.23948e-12 ,0.869565 ,3571.69 
921,23.025 ,5.61653e-12 ,0.868621 ,3489.91 
922,23.05 ,6.02075e-12 ,0.867679 ,3409.99 
923,23.075 ,6.4541e-12 ,0.866739 ,3331.9 
924,23.1 ,6.91867e-12 ,0.865801 ,3255.59 
925,23.125 ,7.41673e-12 ,0.864865 ,3181.02 
926,23.15 ,7.95068e-12 ,0.863931 ,3108.15 
927,23.175 ,8.52313e-12 ,0.862999 ,3036.95 
928,23.2 ,9.13684e-12 ,0.862069 ,2967.37 
929,23.225 ,9.79479e-12 ,0.861141 ,2899.38 
930,23.25 ,1.05002e-11 ,0.860215 ,2832.95 
931,23.275 ,1.12564e-11 ,0.859291 ,2768.03 
932,23.3 ,1.20672e-11 ,0.858369 ,2704.59 
933,23.325 ,1.29365e-11 ,0.857449 ,2642.6 
934,23.35 ,1.38684e-11 ,0.856531 ,2582.03 
935,23.375 ,1.48676e-11 ,0.855615 ,2522.84 
936,23.4 ,1.59388e-11 ,0.854701 ,2465.01 
937,23.425 ,1.70873e-11 ,0.853789 ,2408.5 
938,23.45 ,1.83187e-11 ,0.852878 ,2353.27 
939,23.475 ,1.96389e-11 ,0.85197 ,2299.31 
940,23.5 ,2.10543e-11 ,0.851064 ,2246.59 
941,23.525 ,2.25719e-11 ,0.850159 ,2195.07 
942,23.55 ,2.4199e-11 ,0.849257 ,2144.72 
943,23.575 ,2.59435e-11 ,0.848356 ,2095.53 
944,23.6 ,2.7814e-11 ,0.847457 ,2047.46 
945,23.625 ,2.98194e-11 ,0.846561 ,2000.49 
946,23.65 ,3.19696e-11 ,0.845666 ,1954.6 
947,23.675 ,3.4275e-11 ,0.844773 ,1909.76 
948,23.7 ,3.67469e-11 ,0.843882 ,1865.94 
949,23.725 ,3.93972e-11 ,0.842992 ,1823.12 
950,23.75 ,4.22388e-11 ,0.842105 ,1781.28 
951,23.775 ,4.52857e-11 ,0.84122 ,1740.4 
952,23.8 ,4.85525e-11 ,0.840336 ,1700.46 
953,23.825 ,5.20553e-11 ,0.839454 ,1661.43 
954,23.85 ,5.58111e-11 ,0.838574 ,1623.29 
955,23.875 ,5.98382e-11 ,0.837696 ,1586.03 
956,23.9 ,6.41561e-11 ,0.83682 ,1549.62 
957,23.925 ,6.8786e-11 ,0.835946 ,1514.04 
958,23.95 ,7.37503e-11 ,0.835073 ,1479.28 
959,23.975 ,7.90732e-11 ,0.834202 ,1445.31 
960,24 ,8.47808e-11 ,0.833333 ,1412.12 
961,24.025 ,9.09008e-11 ,0.832466 ,1379.69 
962,24.05 ,9.7463e-11 ,0.831601 ,1348 
963,24.075 ,1.04499e-10 ,0.830737 ,1317.04 
964,24.1 ,1.12044e-10 ,0.829875 ,1286.79 
965,24.125 ,1.20135e-10 ,0.829015 ,1257.23 
966,24.15 ,1.2881e-10 ,0.828157 ,1228.35 
967,24.175 ,1.38112e-10 ,0.827301 ,1200.13 
968,24.2 ,1.48086e-10 ,0.826446 ,1172.55 
969,24.225 ,1.58782e-10 ,0.825593 ,1145.61 
970,24.25 ,1.70251e-10 ,0.824742 ,1119.29 
971,24.275 ,1.82549e-10 ,0.823893 ,1093.56 
972,24.3 ,1.95736e-10 ,0.823045 ,1068.43 
973,24.325 ,2.09877e-10 ,0.822199 ,1043.88 
974,24.35 ,2.25041e-10 ,0.821355 ,1019.88 
975,24.375 ,2.41301e-10 ,0.820513 ,996.439 
976,24.4 ,2.58737e-10 ,0.819672 ,973.533 
977,24.425 ,2.77435e-10 ,0.818833 ,951.153 
978,24.45 ,2.97485e-10 ,0.817996 ,929.285 
979,24.475 ,3.18985e-10 ,0.81716 ,907.919 
980,24.5 ,3.4204e-10 ,0.816326 ,887.043 
981,24.525 ,3.66764e-10 ,0.815494 ,866.646 
982,24.55 ,3.93276e-10 ,0.814664 ,846.716 
983,24.575 ,4.21707e-10 ,0.813835 ,827.244 
984,24.6 ,4.52195e-10 ,0.813008 ,808.218 
985,24.625 ,4.84889e-10 ,0.812183 ,789.629 
986,24.65 ,5.19949e-10 ,0.811359 ,771.466 
987,24.675 ,5.57547e-10 ,0.810537 ,753.72 
988,24.7 ,5.97866e-10 ,0.809717 ,736.381 
989,24.725 ,6.41103e-10 ,0.808898 ,719.44 
990,24.75 ,6.8747e-10 ,0.808081 ,702.888 
991,24.775 ,7.37193e-10 ,0.807265 ,686.715 
992,24.8 ,7.90516e-10 ,0.806452 ,670.914 
993,24.825 ,8.47699e-10 ,0.805639 ,655.476 
994,24.85 ,9.09022e-10 ,0.804829 ,640.392 
995,24.875 ,9.74786e-10 ,0.80402 ,625.654 
996,24.9 ,1.04531e-09 ,0.803213 ,611.254 
997,24.925 ,1.12094e-09 ,0.802407 ,597.185 
998,24.95 ,1.20205e-09 ,0.801603 ,583.439 
999,24.975 ,1.28904e-09 ,0.800801 ,570.009 
1000,25 ,1.38232e-09 ,0.8 ,556.887 