prova
1,0.025 ,6.00052e-06 ,-9598.86 
2,0.05 ,6.00052e-06 ,-2398.86 
3,0.075 ,6.00052e-06 ,-1065.53 
4,0.1 ,1.4118e-05 ,-598.86 
5,0.125 ,2.75207e-05 ,-382.86 
6,0.15 ,4.75086e-05 ,-265.527 
7,0.175 ,7.53802e-05 ,-194.778 
8,0.2 ,0.000112428 ,-148.86 
9,0.225 ,0.000159934 ,-117.379 
10,0.25 ,0.000219173 ,-94.8606 
11,0.275 ,0.000291404 ,-78.1997 
12,0.3 ,0.000377877 ,-65.5278 
13,0.325 ,0.000479825 ,-55.6661 
14,0.35 ,0.000598465 ,-47.8412 
15,0.375 ,0.000734997 ,-41.5286 
16,0.4 ,0.000890606 ,-36.3623 
17,0.425 ,0.00106645 ,-32.0806 
18,0.45 ,0.00126368 ,-28.4926 
19,0.475 ,0.00148341 ,-25.4561 
20,0.5 ,0.00172674 ,-22.8637 
21,0.525 ,0.00199474 ,-20.6329 
22,0.55 ,0.00228846 ,-18.6993 
23,0.575 ,0.00260893 ,-17.0125 
24,0.6 ,0.00295713 ,-15.5322 
25,0.625 ,0.00333404 ,-14.2261 
26,0.65 ,0.00374059 ,-13.0678 
27,0.675 ,0.00417768 ,-12.0358 
28,0.7 ,0.00464621 ,-11.1126 
29,0.725 ,0.00514699 ,-10.2833 
30,0.75 ,0.00568086 ,-9.53555 
31,0.775 ,0.00624858 ,-8.85911 
32,0.8 ,0.00685089 ,-8.24516 
33,0.825 ,0.0074885 ,-7.68626 
34,0.85 ,0.00816209 ,-7.17602 
35,0.875 ,0.00887228 ,-6.70897 
36,0.9 ,0.00961967 ,-6.28037 
37,0.925 ,0.0104048 ,-5.88613 
38,0.95 ,0.0112282 ,-5.52269 
39,0.975 ,0.0120904 ,-5.18692 
40,1 ,0.0129918 ,-4.87609 
41,1.025 ,0.0139327 ,-4.58781 
42,1.05 ,0.0149136 ,-4.31996 
43,1.075 ,0.0159348 ,-4.07065 
44,1.1 ,0.0169965 ,-3.83823 
45,1.125 ,0.0180989 ,-3.62121 
46,1.15 ,0.0192424 ,-3.41827 
47,1.175 ,0.0204269 ,-3.22822 
48,1.2 ,0.0216527 ,-3.05001 
49,1.225 ,0.0229197 ,-2.88267 
50,1.25 ,0.024228 ,-2.72536 
51,1.275 ,0.0255776 ,-2.57729 
52,1.3 ,0.0269683 ,-2.43776 
53,1.325 ,0.0284002 ,-2.30613 
54,1.35 ,0.029873 ,-2.18182 
55,1.375 ,0.0313865 ,-2.06432 
56,1.4 ,0.0329405 ,-1.95313 
57,1.425 ,0.0345347 ,-1.84783 
58,1.45 ,0.0361688 ,-1.748 
59,1.475 ,0.0378424 ,-1.65329 
60,1.5 ,0.0395551 ,-1.56335 
61,1.525 ,0.0413065 ,-1.47788 
62,1.55 ,0.043096 ,-1.3966 
63,1.575 ,0.0449231 ,-1.31923 
64,1.6 ,0.0467872 ,-1.24554 
65,1.625 ,0.0486878 ,-1.17531 
66,1.65 ,0.0506241 ,-1.10833 
67,1.675 ,0.0525955 ,-1.0444 
68,1.7 ,0.0546013 ,-0.983355 
69,1.725 ,0.0566405 ,-0.925024 
70,1.75 ,0.0587126 ,-0.869256 
71,1.775 ,0.0608165 ,-0.815908 
72,1.8 ,0.0629514 ,-0.764848 
73,1.825 ,0.0651164 ,-0.715953 
74,1.85 ,0.0673106 ,-0.669107 
75,1.875 ,0.0695329 ,-0.624204 
76,1.9 ,0.0717823 ,-0.581142 
77,1.925 ,0.0740578 ,-0.539828 
78,1.95 ,0.0763583 ,-0.500173 
79,1.975 ,0.0786826 ,-0.462095 
80,2 ,0.0810297 ,-0.425517 
81,2.025 ,0.0833983 ,-0.390367 
82,2.05 ,0.0857872 ,-0.356575 
83,2.075 ,0.0881953 ,-0.324078 
84,2.1 ,0.0906213 ,-0.292816 
85,2.125 ,0.0930638 ,-0.262732 
86,2.15 ,0.0955216 ,-0.233772 
87,2.175 ,0.0979933 ,-0.205886 
88,2.2 ,0.100478 ,-0.179026 
89,2.225 ,0.102973 ,-0.153147 
90,2.25 ,0.105479 ,-0.128207 
91,2.275 ,0.107993 ,-0.104166 
92,2.3 ,0.110514 ,-0.0809854 
93,2.325 ,0.11304 ,-0.0586297 
94,2.35 ,0.115571 ,-0.0370647 
95,2.375 ,0.118104 ,-0.0162583 
96,2.4 ,0.120639 ,0.00382028 
97,2.425 ,0.123173 ,0.0232 
98,2.45 ,0.125705 ,0.0419083 
99,2.475 ,0.128235 ,0.0599714 
100,2.5 ,0.130759 ,0.0774143 
101,2.525 ,0.133277 ,0.0942604 
102,2.55 ,0.135787 ,0.110532 
103,2.575 ,0.138288 ,0.126251 
104,2.6 ,0.140778 ,0.141438 
105,2.625 ,0.143255 ,0.156112 
106,2.65 ,0.145719 ,0.170291 
107,2.675 ,0.148167 ,0.183993 
108,2.7 ,0.150598 ,0.197235 
109,2.725 ,0.15301 ,0.210033 
110,2.75 ,0.155402 ,0.222403 
111,2.775 ,0.157773 ,0.234358 
112,2.8 ,0.160121 ,0.245913 
113,2.825 ,0.162444 ,0.257082 
114,2.85 ,0.16474 ,0.267876 
115,2.875 ,0.16701 ,0.278309 
116,2.9 ,0.16925 ,0.288392 
117,2.925 ,0.17146 ,0.298136 
118,2.95 ,0.173637 ,0.307553 
119,2.975 ,0.175782 ,0.316651 
120,3 ,0.177891 ,0.325442 
121,3.025 ,0.179965 ,0.333934 
122,3.05 ,0.182001 ,0.342137 
123,3.075 ,0.183998 ,0.350059 
124,3.1 ,0.185954 ,0.357709 
125,3.125 ,0.18787 ,0.365095 
126,3.15 ,0.189742 ,0.372224 
127,3.175 ,0.19157 ,0.379104 
128,3.2 ,0.193353 ,0.385742 
129,3.225 ,0.195089 ,0.392145 
130,3.25 ,0.196777 ,0.398319 
131,3.275 ,0.198416 ,0.404271 
132,3.3 ,0.200006 ,0.410007 
133,3.325 ,0.201544 ,0.415532 
134,3.35 ,0.203029 ,0.420853 
135,3.375 ,0.204461 ,0.425974 
136,3.4 ,0.205839 ,0.430901 
137,3.425 ,0.207162 ,0.43564 
138,3.45 ,0.208427 ,0.440194 
139,3.475 ,0.209636 ,0.444569 
140,3.5 ,0.210786 ,0.448769 
141,3.525 ,0.211878 ,0.452798 
142,3.55 ,0.212909 ,0.456662 
143,3.575 ,0.213879 ,0.460362 
144,3.6 ,0.214788 ,0.463905 
145,3.625 ,0.215635 ,0.467293 
146,3.65 ,0.216419 ,0.47053 
147,3.675 ,0.217139 ,0.473619 
148,3.7 ,0.217795 ,0.476565 
149,3.725 ,0.218386 ,0.47937 
150,3.75 ,0.218911 ,0.482038 
151,3.775 ,0.219371 ,0.484571 
152,3.8 ,0.219764 ,0.486972 
153,3.825 ,0.22009 ,0.489246 
154,3.85 ,0.220349 ,0.491393 
155,3.875 ,0.22054 ,0.493418 
156,3.9 ,0.220664 ,0.495322 
157,3.925 ,0.220719 ,0.497108 
158,3.95 ,0.220705 ,0.498779 
159,3.975 ,0.220623 ,0.500337 
160,4 ,0.220471 ,0.501784 
161,4.025 ,0.220251 ,0.503123 
162,4.05 ,0.219961 ,0.504355 
163,4.075 ,0.219602 ,0.505483 
164,4.1 ,0.219173 ,0.506509 
165,4.125 ,0.218675 ,0.507435 
166,4.15 ,0.218108 ,0.508262 
167,4.175 ,0.217472 ,0.508993 
168,4.2 ,0.216766 ,0.509629 
169,4.225 ,0.215991 ,0.510173 
170,4.25 ,0.215148 ,0.510625 
171,4.275 ,0.214235 ,0.510987 
172,4.3 ,0.213255 ,0.511262 
173,4.325 ,0.212206 ,0.51145 
174,4.35 ,0.211089 ,0.511553 
175,4.375 ,0.209905 ,0.511573 
176,4.4 ,0.208654 ,0.511511 
177,4.425 ,0.207336 ,0.511368 
178,4.45 ,0.205952 ,0.511146 
179,4.475 ,0.204502 ,0.510846 
180,4.5 ,0.202987 ,0.51047 
181,4.525 ,0.201406 ,0.510017 
182,4.55 ,0.199762 ,0.509491 
183,4.575 ,0.198054 ,0.508891 
184,4.6 ,0.196284 ,0.50822 
185,4.625 ,0.19445 ,0.507478 
186,4.65 ,0.192555 ,0.506665 
187,4.675 ,0.1906 ,0.505785 
188,4.7 ,0.188584 ,0.504836 
189,4.725 ,0.186508 ,0.503821 
190,4.75 ,0.184374 ,0.50274 
191,4.775 ,0.182181 ,0.501594 
192,4.8 ,0.179932 ,0.500384 
193,4.825 ,0.177626 ,0.499112 
194,4.85 ,0.175265 ,0.497777 
195,4.875 ,0.17285 ,0.496381 
196,4.9 ,0.170381 ,0.494924 
197,4.925 ,0.167859 ,0.493408 
198,4.95 ,0.165285 ,0.491833 
199,4.975 ,0.162661 ,0.490228 
200,5 ,0.159986 ,0.488626 
201,5.025 ,0.157263 ,0.487028 
202,5.05 ,0.154492 ,0.485434 
203,5.075 ,0.151674 ,0.483844 
204,5.1 ,0.148811 ,0.482259 
205,5.125 ,0.145902 ,0.480678 
206,5.15 ,0.14295 ,0.479102 
207,5.175 ,0.139954 ,0.47753 
208,5.2 ,0.136917 ,0.475963 
209,5.225 ,0.13384 ,0.474401 
210,5.25 ,0.130722 ,0.472843 
211,5.275 ,0.127566 ,0.471291 
212,5.3 ,0.124372 ,0.469744 
213,5.325 ,0.121142 ,0.468201 
214,5.35 ,0.117877 ,0.466664 
215,5.375 ,0.114577 ,0.465132 
216,5.4 ,0.111243 ,0.463605 
217,5.425 ,0.107878 ,0.462084 
218,5.45 ,0.104481 ,0.460568 
219,5.475 ,0.101054 ,0.459057 
220,5.5 ,0.0975987 ,0.457551 
221,5.525 ,0.0941151 ,0.456051 
222,5.55 ,0.0906046 ,0.454557 
223,5.575 ,0.0870684 ,0.453068 
224,5.6 ,0.0835075 ,0.451585 
225,5.625 ,0.0799231 ,0.450107 
226,5.65 ,0.0763161 ,0.448635 
227,5.675 ,0.0726878 ,0.447169 
228,5.7 ,0.0690392 ,0.445708 
229,5.725 ,0.0653713 ,0.444253 
230,5.75 ,0.0616853 ,0.442803 
231,5.775 ,0.0579822 ,0.44136 
232,5.8 ,0.0542631 ,0.439922 
233,5.825 ,0.0505291 ,0.43849 
234,5.85 ,0.0467812 ,0.437063 
235,5.875 ,0.0430206 ,0.435642 
236,5.9 ,0.0392483 ,0.434228 
237,5.925 ,0.0354653 ,0.432818 
238,5.95 ,0.0316727 ,0.431415 
239,5.975 ,0.0278715 ,0.430018 
240,6 ,0.0240629 ,0.428626 
241,6.025 ,0.0202478 ,0.42724 
242,6.05 ,0.0164273 ,0.42586 
243,6.075 ,0.0126025 ,0.424485 
244,6.1 ,0.00877429 ,0.423116 
245,6.125 ,0.00494377 ,0.421754 
246,6.15 ,0.00111195 ,0.420397 
247,6.175 ,-0.00272016 ,0.419045 
248,6.2 ,-0.00655156 ,0.4177 
249,6.225 ,-0.0103813 ,0.41636 
250,6.25 ,-0.0142082 ,0.415026 
251,6.275 ,-0.0180316 ,0.413697 
252,6.3 ,-0.0218502 ,0.412375 
253,6.325 ,-0.0256632 ,0.411058 
254,6.35 ,-0.0294696 ,0.409747 
255,6.375 ,-0.0332685 ,0.408441 
256,6.4 ,-0.0370589 ,0.407141 
257,6.425 ,-0.0408399 ,0.405847 
258,6.45 ,-0.0446104 ,0.404559 
259,6.475 ,-0.0483698 ,0.403276 
260,6.5 ,-0.0521169 ,0.401999 
261,6.525 ,-0.0558509 ,0.400727 
262,6.55 ,-0.059571 ,0.399461 
263,6.575 ,-0.0632761 ,0.3982 
264,6.6 ,-0.0669656 ,0.396945 
265,6.625 ,-0.0706384 ,0.395696 
266,6.65 ,-0.0742937 ,0.394452 
267,6.675 ,-0.0779308 ,0.393214 
268,6.7 ,-0.0815486 ,0.391981 
269,6.725 ,-0.0851465 ,0.390753 
270,6.75 ,-0.0887236 ,0.389531 
271,6.775 ,-0.0922791 ,0.388314 
272,6.8 ,-0.0958123 ,0.387103 
273,6.825 ,-0.0993222 ,0.385897 
274,6.85 ,-0.102808 ,0.384697 
275,6.875 ,-0.106269 ,0.383502 
276,6.9 ,-0.109705 ,0.382312 
277,6.925 ,-0.113115 ,0.381127 
278,6.95 ,-0.116497 ,0.379948 
279,6.975 ,-0.119852 ,0.378774 
280,7 ,-0.123179 ,0.377605 
281,7.025 ,-0.126477 ,0.376442 
282,7.05 ,-0.129744 ,0.375283 
283,7.075 ,-0.132982 ,0.37413 
284,7.1 ,-0.136188 ,0.372982 
285,7.125 ,-0.139362 ,0.371839 
286,7.15 ,-0.142505 ,0.370701 
287,7.175 ,-0.145614 ,0.369568 
288,7.2 ,-0.148689 ,0.368441 
289,7.225 ,-0.15173 ,0.367318 
290,7.25 ,-0.154737 ,0.3662 
291,7.275 ,-0.157708 ,0.365087 
292,7.3 ,-0.160643 ,0.363979 
293,7.325 ,-0.163541 ,0.362877 
294,7.35 ,-0.166402 ,0.361779 
295,7.375 ,-0.169226 ,0.360685 
296,7.4 ,-0.172012 ,0.359597 
297,7.425 ,-0.174759 ,0.358514 
298,7.45 ,-0.177467 ,0.357435 
299,7.475 ,-0.180135 ,0.356361 
300,7.5 ,-0.182763 ,0.355292 
301,7.525 ,-0.18535 ,0.354228 
302,7.55 ,-0.187896 ,0.353169 
303,7.575 ,-0.190401 ,0.352114 
304,7.6 ,-0.192864 ,0.351063 
305,7.625 ,-0.195285 ,0.350018 
306,7.65 ,-0.197663 ,0.348977 
307,7.675 ,-0.199998 ,0.347941 
308,7.7 ,-0.202289 ,0.346909 
309,7.725 ,-0.204537 ,0.345882 
310,7.75 ,-0.20674 ,0.344859 
311,7.775 ,-0.208899 ,0.343841 
312,7.8 ,-0.211013 ,0.342827 
313,7.825 ,-0.213081 ,0.341818 
314,7.85 ,-0.215105 ,0.340813 
315,7.875 ,-0.217082 ,0.339812 
316,7.9 ,-0.219013 ,0.338816 
317,7.925 ,-0.220898 ,0.337825 
318,7.95 ,-0.222736 ,0.336837 
319,7.975 ,-0.224527 ,0.335854 
320,8 ,-0.226272 ,0.334876 
321,8.025 ,-0.227968 ,0.333901 
322,8.05 ,-0.229618 ,0.332931 
323,8.075 ,-0.231219 ,0.331965 
324,8.1 ,-0.232773 ,0.331003 
325,8.125 ,-0.234278 ,0.330046 
326,8.15 ,-0.235735 ,0.329092 
327,8.175 ,-0.237143 ,0.328143 
328,8.2 ,-0.238503 ,0.327198 
329,8.225 ,-0.239814 ,0.326257 
330,8.25 ,-0.241077 ,0.32532 
331,8.275 ,-0.24229 ,0.324387 
332,8.3 ,-0.243454 ,0.323458 
333,8.325 ,-0.244569 ,0.322533 
334,8.35 ,-0.245634 ,0.321612 
335,8.375 ,-0.24665 ,0.320695 
336,8.4 ,-0.247617 ,0.319782 
337,8.425 ,-0.248534 ,0.318873 
338,8.45 ,-0.249402 ,0.317968 
339,8.475 ,-0.25022 ,0.317067 
340,8.5 ,-0.250989 ,0.316169 
341,8.525 ,-0.251708 ,0.315275 
342,8.55 ,-0.252377 ,0.314385 
343,8.575 ,-0.252997 ,0.313499 
344,8.6 ,-0.253567 ,0.312617 
345,8.625 ,-0.254088 ,0.311739 
346,8.65 ,-0.254559 ,0.310864 
347,8.675 ,-0.254981 ,0.309993 
348,8.7 ,-0.255353 ,0.309125 
349,8.725 ,-0.255676 ,0.308261 
350,8.75 ,-0.25595 ,0.307401 
351,8.775 ,-0.256175 ,0.306545 
352,8.8 ,-0.25635 ,0.305692 
353,8.825 ,-0.256477 ,0.304843 
354,8.85 ,-0.256554 ,0.303997 
355,8.875 ,-0.256583 ,0.303155 
356,8.9 ,-0.256563 ,0.302316 
357,8.925 ,-0.256495 ,0.301481 
358,8.95 ,-0.256379 ,0.300649 
359,8.975 ,-0.256214 ,0.299821 
360,9 ,-0.256001 ,0.298996 
361,9.025 ,-0.255741 ,0.298175 
362,9.05 ,-0.255432 ,0.297357 
363,9.075 ,-0.255077 ,0.296542 
364,9.1 ,-0.254674 ,0.295731 
365,9.125 ,-0.254224 ,0.294923 
366,9.15 ,-0.253727 ,0.294119 
367,9.175 ,-0.253183 ,0.293318 
368,9.2 ,-0.252593 ,0.29252 
369,9.225 ,-0.251957 ,0.291725 
370,9.25 ,-0.251275 ,0.290934 
371,9.275 ,-0.250547 ,0.290146 
372,9.3 ,-0.249774 ,0.289361 
373,9.325 ,-0.248956 ,0.288579 
374,9.35 ,-0.248093 ,0.287801 
375,9.375 ,-0.247185 ,0.287026 
376,9.4 ,-0.246233 ,0.286254 
377,9.425 ,-0.245236 ,0.285485 
378,9.45 ,-0.244196 ,0.284719 
379,9.475 ,-0.243113 ,0.283956 
380,9.5 ,-0.241986 ,0.283196 
381,9.525 ,-0.240817 ,0.28244 
382,9.55 ,-0.239605 ,0.281686 
383,9.575 ,-0.23835 ,0.280936 
384,9.6 ,-0.237054 ,0.280188 
385,9.625 ,-0.235717 ,0.279444 
386,9.65 ,-0.234338 ,0.278702 
387,9.675 ,-0.232919 ,0.277964 
388,9.7 ,-0.231459 ,0.277228 
389,9.725 ,-0.229959 ,0.276496 
390,9.75 ,-0.228419 ,0.275766 
391,9.775 ,-0.22684 ,0.275039 
392,9.8 ,-0.225222 ,0.274315 
393,9.825 ,-0.223565 ,0.273594 
394,9.85 ,-0.22187 ,0.272876 
395,9.875 ,-0.220137 ,0.27216 
396,9.9 ,-0.218367 ,0.271448 
397,9.925 ,-0.216559 ,0.270738 
398,9.95 ,-0.214715 ,0.270031 
399,9.975 ,-0.212835 ,0.269327 
400,10 ,-0.210919 ,0.268626 
401,10.025 ,-0.208968 ,0.267927 
402,10.05 ,-0.206981 ,0.267231 
403,10.075 ,-0.20496 ,0.266538 
404,10.1 ,-0.202905 ,0.265848 
405,10.125 ,-0.200816 ,0.26516 
406,10.15 ,-0.198694 ,0.264475 
407,10.175 ,-0.196539 ,0.263792 
408,10.2 ,-0.194351 ,0.263112 
409,10.225 ,-0.192132 ,0.262435 
410,10.25 ,-0.189881 ,0.261761 
411,10.275 ,-0.187599 ,0.261089 
412,10.3 ,-0.185287 ,0.26042 
413,10.325 ,-0.182944 ,0.259753 
414,10.35 ,-0.180571 ,0.259089 
415,10.375 ,-0.17817 ,0.258427 
416,10.4 ,-0.175739 ,0.257768 
417,10.425 ,-0.173281 ,0.257111 
418,10.45 ,-0.170794 ,0.256457 
419,10.475 ,-0.16828 ,0.255805 
420,10.5 ,-0.165739 ,0.255156 
421,10.525 ,-0.163172 ,0.25451 
422,10.55 ,-0.160579 ,0.253866 
423,10.575 ,-0.15796 ,0.253224 
424,10.6 ,-0.155316 ,0.252584 
425,10.625 ,-0.152648 ,0.251948 
426,10.65 ,-0.149956 ,0.251313 
427,10.675 ,-0.14724 ,0.250681 
428,10.7 ,-0.144501 ,0.250051 
429,10.725 ,-0.141739 ,0.249424 
430,10.75 ,-0.138956 ,0.248799 
431,10.775 ,-0.136151 ,0.248176 
432,10.8 ,-0.133324 ,0.247556 
433,10.825 ,-0.130477 ,0.246938 
434,10.85 ,-0.12761 ,0.246322 
435,10.875 ,-0.124724 ,0.245709 
436,10.9 ,-0.121818 ,0.245097 
437,10.925 ,-0.118893 ,0.244489 
438,10.95 ,-0.11595 ,0.243882 
439,10.975 ,-0.11299 ,0.243277 
440,11 ,-0.110012 ,0.242675 
441,11.025 ,-0.107018 ,0.242075 
442,11.05 ,-0.104008 ,0.241478 
443,11.075 ,-0.100982 ,0.240882 
444,11.1 ,-0.0979403 ,0.240289 
445,11.125 ,-0.0948842 ,0.239698 
446,11.15 ,-0.091814 ,0.239109 
447,11.175 ,-0.08873 ,0.238522 
448,11.2 ,-0.0856328 ,0.237937 
449,11.225 ,-0.0825228 ,0.237354 
450,11.25 ,-0.0794006 ,0.236774 
451,11.275 ,-0.0762667 ,0.236196 
452,11.3 ,-0.0731215 ,0.235619 
453,11.325 ,-0.0699655 ,0.235045 
454,11.35 ,-0.0667993 ,0.234473 
455,11.375 ,-0.0636233 ,0.233903 
456,11.4 ,-0.0604379 ,0.233335 
457,11.425 ,-0.0572438 ,0.232769 
458,11.45 ,-0.0540413 ,0.232205 
459,11.475 ,-0.050831 ,0.231643 
460,11.5 ,-0.0476133 ,0.231083 
461,11.525 ,-0.0443887 ,0.230525 
462,11.55 ,-0.0411578 ,0.229969 
463,11.575 ,-0.0379209 ,0.229416 
464,11.6 ,-0.0346786 ,0.228864 
465,11.625 ,-0.0314313 ,0.228314 
466,11.65 ,-0.0281796 ,0.227766 
467,11.675 ,-0.0249238 ,0.227219 
468,11.7 ,-0.0216645 ,0.226675 
469,11.725 ,-0.0184022 ,0.226133 
470,11.75 ,-0.0151372 ,0.225593 
471,11.775 ,-0.0118701 ,0.225054 
472,11.8 ,-0.0086013 ,0.224518 
473,11.825 ,-0.00533132 ,0.223983 
474,11.85 ,-0.00206059 ,0.22345 
475,11.875 ,0.00121043 ,0.222919 
476,11.9 ,0.00448128 ,0.22239 
477,11.925 ,0.00775151 ,0.221863 
478,11.95 ,0.0110207 ,0.221338 
479,11.975 ,0.0142883 ,0.220814 
480,12 ,0.0175539 ,0.220292 
481,12.025 ,0.0208172 ,0.219772 
482,12.05 ,0.0240776 ,0.219254 
483,12.075 ,0.0273346 ,0.218738 
484,12.1 ,0.030588 ,0.218223 
485,12.125 ,0.0338372 ,0.217711 
486,12.15 ,0.0370817 ,0.2172 
487,12.175 ,0.0403213 ,0.21669 
488,12.2 ,0.0435553 ,0.216183 
489,12.225 ,0.0467835 ,0.215677 
490,12.25 ,0.0500054 ,0.215173 
491,12.275 ,0.0532206 ,0.214671 
492,12.3 ,0.0564286 ,0.21417 
493,12.325 ,0.0596291 ,0.213671 
494,12.35 ,0.0628216 ,0.213174 
495,12.375 ,0.0660057 ,0.212678 
496,12.4 ,0.0691811 ,0.212185 
497,12.425 ,0.0723472 ,0.211692 
498,12.45 ,0.0755039 ,0.211202 
499,12.475 ,0.0786505 ,0.210713 
500,12.5 ,0.0817868 ,0.210226 
501,12.525 ,0.0849123 ,0.20974 
502,12.55 ,0.0880267 ,0.209256 
503,12.575 ,0.0911296 ,0.208774 
504,12.6 ,0.0942207 ,0.208293 
505,12.625 ,0.0972994 ,0.207814 
506,12.65 ,0.100366 ,0.207337 
507,12.675 ,0.103419 ,0.206861 
508,12.7 ,0.106458 ,0.206386 
509,12.725 ,0.109484 ,0.205914 
510,12.75 ,0.112496 ,0.205442 
511,12.775 ,0.115494 ,0.204973 
512,12.8 ,0.118476 ,0.204505 
513,12.825 ,0.121444 ,0.204038 
514,12.85 ,0.124396 ,0.203573 
515,12.875 ,0.127332 ,0.20311 
516,12.9 ,0.130252 ,0.202648 
517,12.925 ,0.133156 ,0.202187 
518,12.95 ,0.136042 ,0.201728 
519,12.975 ,0.138912 ,0.201271 
520,13 ,0.141764 ,0.200815 
521,13.025 ,0.144598 ,0.200361 
522,13.05 ,0.147415 ,0.199908 
523,13.075 ,0.150212 ,0.199456 
524,13.1 ,0.152992 ,0.199006 
525,13.125 ,0.155752 ,0.198558 
526,13.15 ,0.158492 ,0.198111 
527,13.175 ,0.161213 ,0.197665 
528,13.2 ,0.163914 ,0.197221 
529,13.225 ,0.166595 ,0.196778 
530,13.25 ,0.169256 ,0.196337 
531,13.275 ,0.171896 ,0.195897 
532,13.3 ,0.174514 ,0.195458 
533,13.325 ,0.177112 ,0.195021 
534,13.35 ,0.179687 ,0.194585 
535,13.375 ,0.182241 ,0.194151 
536,13.4 ,0.184773 ,0.193718 
537,13.425 ,0.187282 ,0.193287 
538,13.45 ,0.189769 ,0.192856 
539,13.475 ,0.192233 ,0.192428 
540,13.5 ,0.194674 ,0.192 
541,13.525 ,0.197091 ,0.191574 
542,13.55 ,0.199485 ,0.191149 
543,13.575 ,0.201855 ,0.190726 
544,13.6 ,0.204201 ,0.190304 
545,13.625 ,0.206523 ,0.189883 
546,13.65 ,0.20882 ,0.189464 
547,13.675 ,0.211092 ,0.189046 
548,13.7 ,0.21334 ,0.188629 
549,13.725 ,0.215562 ,0.188213 
550,13.75 ,0.217759 ,0.187799 
551,13.775 ,0.219931 ,0.187386 
552,13.8 ,0.222076 ,0.186975 
553,13.825 ,0.224196 ,0.186565 
554,13.85 ,0.226289 ,0.186155 
555,13.875 ,0.228357 ,0.185748 
556,13.9 ,0.230397 ,0.185341 
557,13.925 ,0.232411 ,0.184936 
558,13.95 ,0.234399 ,0.184532 
559,13.975 ,0.236359 ,0.184129 
560,14 ,0.238292 ,0.183728 
561,14.025 ,0.240197 ,0.183328 
562,14.05 ,0.242075 ,0.182929 
563,14.075 ,0.243926 ,0.182531 
564,14.1 ,0.245748 ,0.182134 
565,14.125 ,0.247543 ,0.181739 
566,14.15 ,0.249309 ,0.181345 
567,14.175 ,0.251047 ,0.180952 
568,14.2 ,0.252757 ,0.18056 
569,14.225 ,0.254439 ,0.180169 
570,14.25 ,0.256091 ,0.17978 
571,14.275 ,0.257715 ,0.179392 
572,14.3 ,0.25931 ,0.179005 
573,14.325 ,0.260876 ,0.178619 
574,14.35 ,0.262413 ,0.178234 
575,14.375 ,0.26392 ,0.177851 
576,14.4 ,0.265399 ,0.177468 
577,14.425 ,0.266847 ,0.177087 
578,14.45 ,0.268267 ,0.176707 
579,14.475 ,0.269656 ,0.176328 
580,14.5 ,0.271016 ,0.17595 
581,14.525 ,0.272347 ,0.175574 
582,14.55 ,0.273647 ,0.175198 
583,14.575 ,0.274917 ,0.174824 
584,14.6 ,0.276157 ,0.17445 
585,14.625 ,0.277367 ,0.174078 
586,14.65 ,0.278547 ,0.173707 
587,14.675 ,0.279697 ,0.173337 
588,14.7 ,0.280817 ,0.172968 
589,14.725 ,0.281906 ,0.172601 
590,14.75 ,0.282964 ,0.172234 
591,14.775 ,0.283993 ,0.171868 
592,14.8 ,0.28499 ,0.171504 
593,14.825 ,0.285957 ,0.17114 
594,14.85 ,0.286894 ,0.170778 
595,14.875 ,0.2878 ,0.170417 
596,14.9 ,0.288675 ,0.170056 
597,14.925 ,0.28952 ,0.169697 
598,14.95 ,0.290334 ,0.169339 
599,14.975 ,0.291117 ,0.168982 
600,15 ,0.291869 ,0.168626 
601,15.025 ,0.292591 ,0.168271 
602,15.05 ,0.293282 ,0.167917 
603,15.075 ,0.293942 ,0.167564 
604,15.1 ,0.294571 ,0.167212 
605,15.125 ,0.29517 ,0.166861 
606,15.15 ,0.295738 ,0.166511 
607,15.175 ,0.296275 ,0.166162 
608,15.2 ,0.296781 ,0.165814 
609,15.225 ,0.297256 ,0.165467 
610,15.25 ,0.297701 ,0.165121 
611,15.275 ,0.298115 ,0.164776 
612,15.3 ,0.298498 ,0.164432 
613,15.325 ,0.298851 ,0.16409 
614,15.35 ,0.299173 ,0.163748 
615,15.375 ,0.299464 ,0.163407 
616,15.4 ,0.299725 ,0.163067 
617,15.425 ,0.299955 ,0.162728 
618,15.45 ,0.300155 ,0.16239 
619,15.475 ,0.300324 ,0.162052 
620,15.5 ,0.300463 ,0.161716 
621,15.525 ,0.300572 ,0.161381 
622,15.55 ,0.30065 ,0.161047 
623,15.575 ,0.300698 ,0.160714 
624,15.6 ,0.300715 ,0.160381 
625,15.625 ,0.300703 ,0.16005 
626,15.65 ,0.30066 ,0.159719 
627,15.675 ,0.300588 ,0.15939 
628,15.7 ,0.300485 ,0.159061 
629,15.725 ,0.300353 ,0.158733 
630,15.75 ,0.300191 ,0.158407 
631,15.775 ,0.299999 ,0.158081 
632,15.8 ,0.299777 ,0.157756 
633,15.825 ,0.299526 ,0.157432 
634,15.85 ,0.299246 ,0.157108 
635,15.875 ,0.298936 ,0.156786 
636,15.9 ,0.298597 ,0.156465 
637,15.925 ,0.298228 ,0.156144 
638,15.95 ,0.297831 ,0.155825 
639,15.975 ,0.297404 ,0.155506 
640,16 ,0.296949 ,0.155188 
641,16.025 ,0.296464 ,0.154871 
642,16.05 ,0.295951 ,0.154555 
643,16.075 ,0.29541 ,0.15424 
644,16.1 ,0.29484 ,0.153926 
645,16.125 ,0.294242 ,0.153612 
646,16.15 ,0.293615 ,0.1533 
647,16.175 ,0.29296 ,0.152988 
648,16.2 ,0.292277 ,0.152677 
649,16.225 ,0.291567 ,0.152367 
650,16.25 ,0.290828 ,0.152058 
651,16.275 ,0.290062 ,0.151749 
652,16.3 ,0.289269 ,0.151442 
653,16.325 ,0.288448 ,0.151135 
654,16.35 ,0.2876 ,0.150829 
655,16.375 ,0.286724 ,0.150524 
656,16.4 ,0.285822 ,0.15022 
657,16.425 ,0.284893 ,0.149917 
658,16.45 ,0.283937 ,0.149614 
659,16.475 ,0.282955 ,0.149312 
660,16.5 ,0.281946 ,0.149011 
661,16.525 ,0.280911 ,0.148711 
662,16.55 ,0.27985 ,0.148412 
663,16.575 ,0.278763 ,0.148113 
664,16.6 ,0.27765 ,0.147816 
665,16.625 ,0.276511 ,0.147519 
666,16.65 ,0.275347 ,0.147223 
667,16.675 ,0.274158 ,0.146927 
668,16.7 ,0.272943 ,0.146633 
669,16.725 ,0.271704 ,0.146339 
670,16.75 ,0.270439 ,0.146046 
671,16.775 ,0.26915 ,0.145754 
672,16.8 ,0.267837 ,0.145462 
673,16.825 ,0.266499 ,0.145172 
674,16.85 ,0.265137 ,0.144882 
675,16.875 ,0.26375 ,0.144593 
676,16.9 ,0.26234 ,0.144304 
677,16.925 ,0.260907 ,0.144017 
678,16.95 ,0.25945 ,0.14373 
679,16.975 ,0.257969 ,0.143444 
680,17 ,0.256466 ,0.143159 
681,17.025 ,0.254939 ,0.142874 
682,17.05 ,0.25339 ,0.14259 
683,17.075 ,0.251818 ,0.142307 
684,17.1 ,0.250224 ,0.142025 
685,17.125 ,0.248607 ,0.141743 
686,17.15 ,0.246969 ,0.141462 
687,17.175 ,0.245308 ,0.141182 
688,17.2 ,0.243626 ,0.140903 
689,17.225 ,0.241923 ,0.140624 
690,17.25 ,0.240198 ,0.140346 
691,17.275 ,0.238453 ,0.140069 
692,17.3 ,0.236686 ,0.139792 
693,17.325 ,0.234899 ,0.139516 
694,17.35 ,0.233091 ,0.139241 
695,17.375 ,0.231263 ,0.138967 
696,17.4 ,0.229415 ,0.138693 
697,17.425 ,0.227547 ,0.13842 
698,17.45 ,0.225659 ,0.138148 
699,17.475 ,0.223752 ,0.137876 
700,17.5 ,0.221825 ,0.137605 
701,17.525 ,0.219879 ,0.137335 
702,17.55 ,0.217915 ,0.137066 
703,17.575 ,0.215932 ,0.136797 
704,17.6 ,0.21393 ,0.136529 
705,17.625 ,0.21191 ,0.136261 
706,17.65 ,0.209873 ,0.135994 
707,17.675 ,0.207817 ,0.135728 
708,17.7 ,0.205744 ,0.135463 
709,17.725 ,0.203653 ,0.135198 
710,17.75 ,0.201545 ,0.134934 
711,17.775 ,0.19942 ,0.134671 
712,17.8 ,0.197278 ,0.134408 
713,17.825 ,0.19512 ,0.134146 
714,17.85 ,0.192945 ,0.133884 
715,17.875 ,0.190754 ,0.133624 
716,17.9 ,0.188547 ,0.133363 
717,17.925 ,0.186325 ,0.133104 
718,17.95 ,0.184087 ,0.132845 
719,17.975 ,0.181834 ,0.132587 
720,18 ,0.179565 ,0.132329 
721,18.025 ,0.177282 ,0.132073 
722,18.05 ,0.174984 ,0.131816 
723,18.075 ,0.172672 ,0.131561 
724,18.1 ,0.170346 ,0.131306 
725,18.125 ,0.168005 ,0.131051 
726,18.15 ,0.165651 ,0.130798 
727,18.175 ,0.163283 ,0.130545 
728,18.2 ,0.160902 ,0.130292 
729,18.225 ,0.158508 ,0.13004 
730,18.25 ,0.156101 ,0.129789 
731,18.275 ,0.153681 ,0.129539 
732,18.3 ,0.151249 ,0.129289 
733,18.325 ,0.148805 ,0.129039 
734,18.35 ,0.146349 ,0.128791 
735,18.375 ,0.14388 ,0.128542 
736,18.4 ,0.141401 ,0.128295 
737,18.425 ,0.13891 ,0.128048 
738,18.45 ,0.136408 ,0.127802 
739,18.475 ,0.133895 ,0.127556 
740,18.5 ,0.131371 ,0.127311 
741,18.525 ,0.128837 ,0.127066 
742,18.55 ,0.126292 ,0.126823 
743,18.575 ,0.123738 ,0.126579 
744,18.6 ,0.121174 ,0.126336 
745,18.625 ,0.1186 ,0.126094 
746,18.65 ,0.116017 ,0.125853 
747,18.675 ,0.113424 ,0.125612 
748,18.7 ,0.110823 ,0.125371 
749,18.725 ,0.108213 ,0.125132 
750,18.75 ,0.105595 ,0.124892 
751,18.775 ,0.102969 ,0.124654 
752,18.8 ,0.100334 ,0.124416 
753,18.825 ,0.0976917 ,0.124178 
754,18.85 ,0.0950418 ,0.123941 
755,18.875 ,0.0923845 ,0.123705 
756,18.9 ,0.08972 ,0.123469 
757,18.925 ,0.0870487 ,0.123234 
758,18.95 ,0.0843706 ,0.122999 
759,18.975 ,0.081686 ,0.122765 
760,19 ,0.0789952 ,0.122532 
761,19.025 ,0.0762983 ,0.122299 
762,19.05 ,0.0735956 ,0.122066 
763,19.075 ,0.0708873 ,0.121834 
764,19.1 ,0.0681735 ,0.121603 
765,19.125 ,0.0654546 ,0.121372 
766,19.15 ,0.0627308 ,0.121142 
767,19.175 ,0.0600021 ,0.120912 
768,19.2 ,0.057269 ,0.120683 
769,19.225 ,0.0545315 ,0.120454 
770,19.25 ,0.0517899 ,0.120226 
771,19.275 ,0.0490445 ,0.119999 
772,19.3 ,0.0462953 ,0.119772 
773,19.325 ,0.0435427 ,0.119545 
774,19.35 ,0.0407868 ,0.119319 
775,19.375 ,0.0380279 ,0.119094 
776,19.4 ,0.0352662 ,0.118869 
777,19.425 ,0.0325018 ,0.118645 
778,19.45 ,0.029735 ,0.118421 
779,19.475 ,0.0269661 ,0.118198 
780,19.5 ,0.0241951 ,0.117975 
781,19.525 ,0.0214223 ,0.117753 
782,19.55 ,0.018648 ,0.117531 
783,19.575 ,0.0158723 ,0.11731 
784,19.6 ,0.0130955 ,0.117089 
785,19.625 ,0.0103176 ,0.116869 
786,19.65 ,0.00753907 ,0.116649 
787,19.675 ,0.00475995 ,0.11643 
788,19.7 ,0.00198048 ,0.116211 
789,19.725 ,-0.000799129 ,0.115993 
790,19.75 ,-0.00357868 ,0.115775 
791,19.775 ,-0.00635798 ,0.115558 
792,19.8 ,-0.00913681 ,0.115341 
793,19.825 ,-0.011915 ,0.115125 
794,19.85 ,-0.0146923 ,0.11491 
795,19.875 ,-0.0174686 ,0.114694 
796,19.9 ,-0.0202436 ,0.11448 
797,19.925 ,-0.0230172 ,0.114265 
798,19.95 ,-0.0257891 ,0.114052 
799,19.975 ,-0.0285592 ,0.113838 
800,20 ,-0.0313272 ,0.113626 
801,20.025 ,-0.034093 ,0.113413 
802,20.05 ,-0.0368564 ,0.113202 
803,20.075 ,-0.0396172 ,0.11299 
804,20.1 ,-0.0423753 ,0.11278 
805,20.125 ,-0.0451303 ,0.112569 
806,20.15 ,-0.0478821 ,0.112359 
807,20.175 ,-0.0506306 ,0.11215 
808,20.2 ,-0.0533755 ,0.111941 
809,20.225 ,-0.0561167 ,0.111733 
810,20.25 ,-0.058854 ,0.111525 
811,20.275 ,-0.0615872 ,0.111317 
812,20.3 ,-0.0643161 ,0.11111 
813,20.325 ,-0.0670405 ,0.110904 
814,20.35 ,-0.0697603 ,0.110697 
815,20.375 ,-0.0724752 ,0.110492 
816,20.4 ,-0.0751852 ,0.110287 
817,20.425 ,-0.0778899 ,0.110082 
818,20.45 ,-0.0805893 ,0.109878 
819,20.475 ,-0.0832832 ,0.109674 
820,20.5 ,-0.0859714 ,0.10947 
821,20.525 ,-0.0886537 ,0.109268 
822,20.55 ,-0.0913299 ,0.109065 
823,20.575 ,-0.0939999 ,0.108863 
824,20.6 ,-0.0966635 ,0.108662 
825,20.625 ,-0.0993205 ,0.10846 
826,20.65 ,-0.101971 ,0.10826 
827,20.675 ,-0.104614 ,0.10806 
828,20.7 ,-0.107251 ,0.10786 
829,20.725 ,-0.10988 ,0.10766 
830,20.75 ,-0.112501 ,0.107462 
831,20.775 ,-0.115116 ,0.107263 
832,20.8 ,-0.117722 ,0.107065 
833,20.825 ,-0.120321 ,0.106868 
834,20.85 ,-0.122911 ,0.10667 
835,20.875 ,-0.125493 ,0.106474 
836,20.9 ,-0.128067 ,0.106277 
837,20.925 ,-0.130633 ,0.106081 
838,20.95 ,-0.13319 ,0.105886 
839,20.975 ,-0.135738 ,0.105691 
840,21 ,-0.138277 ,0.105496 
841,21.025 ,-0.140807 ,0.105302 
842,21.05 ,-0.143327 ,0.105109 
843,21.075 ,-0.145839 ,0.104915 
844,21.1 ,-0.14834 ,0.104722 
845,21.125 ,-0.150832 ,0.10453 
846,21.15 ,-0.153314 ,0.104338 
847,21.175 ,-0.155787 ,0.104146 
848,21.2 ,-0.158248 ,0.103955 
849,21.225 ,-0.1607 ,0.103764 
850,21.25 ,-0.163141 ,0.103574 
851,21.275 ,-0.165572 ,0.103384 
852,21.3 ,-0.167992 ,0.103194 
853,21.325 ,-0.170401 ,0.103005 
854,21.35 ,-0.1728 ,0.102816 
855,21.375 ,-0.175187 ,0.102628 
856,21.4 ,-0.177563 ,0.10244 
857,21.425 ,-0.179927 ,0.102253 
858,21.45 ,-0.18228 ,0.102065 
859,21.475 ,-0.184621 ,0.101879 
860,21.5 ,-0.186951 ,0.101692 
861,21.525 ,-0.189269 ,0.101506 
862,21.55 ,-0.191574 ,0.101321 
863,21.575 ,-0.193868 ,0.101136 
864,21.6 ,-0.196149 ,0.100951 
865,21.625 ,-0.198418 ,0.100766 
866,21.65 ,-0.200675 ,0.100583 
867,21.675 ,-0.202919 ,0.100399 
868,21.7 ,-0.20515 ,0.100216 
869,21.725 ,-0.207368 ,0.100033 
870,21.75 ,-0.209573 ,0.0998505 
871,21.775 ,-0.211766 ,0.0996684 
872,21.8 ,-0.213945 ,0.0994868 
873,21.825 ,-0.21611 ,0.0993055 
874,21.85 ,-0.218263 ,0.0991246 
875,21.875 ,-0.220402 ,0.0989441 
876,21.9 ,-0.222527 ,0.098764 
877,21.925 ,-0.224638 ,0.0985842 
878,21.95 ,-0.226736 ,0.0984049 
879,21.975 ,-0.228819 ,0.0982259 
880,22 ,-0.230889 ,0.0980472 
881,22.025 ,-0.232944 ,0.097869 
882,22.05 ,-0.234986 ,0.0976911 
883,22.075 ,-0.237013 ,0.0975136 
884,22.1 ,-0.239025 ,0.0973365 
885,22.125 ,-0.241023 ,0.0971597 
886,22.15 ,-0.243006 ,0.0969833 
887,22.175 ,-0.244975 ,0.0968073 
888,22.2 ,-0.246928 ,0.0966316 
889,22.225 ,-0.248867 ,0.0964563 
890,22.25 ,-0.250791 ,0.0962813 
891,22.275 ,-0.252699 ,0.0961068 
892,22.3 ,-0.254593 ,0.0959325 
893,22.325 ,-0.256471 ,0.0957587 
894,22.35 ,-0.258334 ,0.0955852 
895,22.375 ,-0.260182 ,0.0954121 
896,22.4 ,-0.262013 ,0.0952393 
897,22.425 ,-0.26383 ,0.0950668 
898,22.45 ,-0.26563 ,0.0948948 
899,22.475 ,-0.267415 ,0.094723 
900,22.5 ,-0.269184 ,0.0945517 
901,22.525 ,-0.270938 ,0.0943807 
902,22.55 ,-0.272675 ,0.09421 
903,22.575 ,-0.274396 ,0.0940397 
904,22.6 ,-0.276101 ,0.0938697 
905,22.625 ,-0.27779 ,0.0937001 
906,22.65 ,-0.279462 ,0.0935308 
907,22.675 ,-0.281119 ,0.0933619 
908,22.7 ,-0.282758 ,0.0931933 
909,22.725 ,-0.284382 ,0.093025 
910,22.75 ,-0.285988 ,0.0928571 
911,22.775 ,-0.287579 ,0.0926896 
912,22.8 ,-0.289152 ,0.0925223 
913,22.825 ,-0.290709 ,0.0923554 
914,22.85 ,-0.292249 ,0.0921889 
915,22.875 ,-0.293772 ,0.0920227 
916,22.9 ,-0.295279 ,0.0918568 
917,22.925 ,-0.296768 ,0.0916913 
918,22.95 ,-0.29824 ,0.0915261 
919,22.975 ,-0.299696 ,0.0913612 
920,23 ,-0.301134 ,0.0911966 
921,23.025 ,-0.302555 ,0.0910324 
922,23.05 ,-0.303959 ,0.0908685 
923,23.075 ,-0.305345 ,0.090705 
924,23.1 ,-0.306714 ,0.0905418 
925,23.125 ,-0.308066 ,0.0903789 
926,23.15 ,-0.309401 ,0.0902163 
927,23.175 ,-0.310718 ,0.090054 
928,23.2 ,-0.312017 ,0.0898921 
929,23.225 ,-0.313299 ,0.0897305 
930,23.25 ,-0.314564 ,0.0895692 
931,23.275 ,-0.31581 ,0.0894082 
932,23.3 ,-0.31704 ,0.0892476 
933,23.325 ,-0.318251 ,0.0890873 
934,23.35 ,-0.319445 ,0.0889273 
935,23.375 ,-0.320621 ,0.0887676 
936,23.4 ,-0.321779 ,0.0886082 
937,23.425 ,-0.322919 ,0.0884492 
938,23.45 ,-0.324042 ,0.0882904 
939,23.475 ,-0.325147 ,0.088132 
940,23.5 ,-0.326233 ,0.0879739 
941,23.525 ,-0.327302 ,0.0878161 
942,23.55 ,-0.328353 ,0.0876586 
943,23.575 ,-0.329386 ,0.0875014 
944,23.6 ,-0.330401 ,0.0873445 
945,23.625 ,-0.331398 ,0.0871879 
946,23.65 ,-0.332376 ,0.0870317 
947,23.675 ,-0.333337 ,0.0868757 
948,23.7 ,-0.33428 ,0.0867201 
949,23.725 ,-0.335204 ,0.0865647 
950,23.75 ,-0.336111 ,0.0864097 
951,23.775 ,-0.336999 ,0.0862549 
952,23.8 ,-0.337869 ,0.0861005 
953,23.825 ,-0.338721 ,0.0859464 
954,23.85 ,-0.339554 ,0.0857925 
955,23.875 ,-0.34037 ,0.085639 
956,23.9 ,-0.341167 ,0.0854857 
957,23.925 ,-0.341946 ,0.0853328 
958,23.95 ,-0.342707 ,0.0851802 
959,23.975 ,-0.343449 ,0.0850278 
960,24 ,-0.344173 ,0.0848757 
961,24.025 ,-0.344879 ,0.084724 
962,24.05 ,-0.345567 ,0.0845725 
963,24.075 ,-0.346237 ,0.0844213 
964,24.1 ,-0.346888 ,0.0842704 
965,24.125 ,-0.347521 ,0.0841199 
966,24.15 ,-0.348135 ,0.0839695 
967,24.175 ,-0.348732 ,0.0838195 
968,24.2 ,-0.34931 ,0.0836698 
969,24.225 ,-0.34987 ,0.0835204 
970,24.25 ,-0.350411 ,0.0833712 
971,24.275 ,-0.350935 ,0.0832223 
972,24.3 ,-0.35144 ,0.0830737 
973,24.325 ,-0.351927 ,0.0829254 
974,24.35 ,-0.352395 ,0.0827774 
975,24.375 ,-0.352845 ,0.0826297 
976,24.4 ,-0.353278 ,0.0824822 
977,24.425 ,-0.353692 ,0.0823351 
978,24.45 ,-0.354087 ,0.0821882 
979,24.475 ,-0.354465 ,0.0820416 
980,24.5 ,-0.354824 ,0.0818952 
981,24.525 ,-0.355165 ,0.0817492 
982,24.55 ,-0.355488 ,0.0816034 
983,24.575 ,-0.355793 ,0.0814579 
984,24.6 ,-0.35608 ,0.0813126 
985,24.625 ,-0.356349 ,0.0811677 
986,24.65 ,-0.356599 ,0.081023 
987,24.675 ,-0.356832 ,0.0808786 
988,24.7 ,-0.357047 ,0.0807345 
989,24.725 ,-0.357243 ,0.0805906 
990,24.75 ,-0.357422 ,0.080447 
991,24.775 ,-0.357582 ,0.0803037 
992,24.8 ,-0.357725 ,0.0801606 
993,24.825 ,-0.357849 ,0.0800178 
994,24.85 ,-0.357956 ,0.0798753 
995,24.875 ,-0.358045 ,0.079733 
996,24.9 ,-0.358116 ,0.0795911 
997,24.925 ,-0.35817 ,0.0794493 
998,24.95 ,-0.358205 ,0.0793079 
999,24.975 ,-0.358223 ,0.0791667 
1000,25 ,-0.358223 ,0.0790257 