N_e = 18
1,0.025 ,0.0330089 ,1.4117 
2,0.05 ,0.0330089 ,1.41167 
3,0.075 ,0.0330089 ,1.41162 
4,0.1 ,0.0439699 ,1.41155 
5,0.125 ,0.054892 ,1.41146 
6,0.15 ,0.0657657 ,1.41134 
7,0.175 ,0.0765814 ,1.41121 
8,0.2 ,0.0873295 ,1.41106 
9,0.225 ,0.0980007 ,1.41088 
10,0.25 ,0.108585 ,1.41069 
11,0.275 ,0.119074 ,1.41047 
12,0.3 ,0.129458 ,1.41023 
13,0.325 ,0.139728 ,1.40998 
14,0.35 ,0.149875 ,1.4097 
15,0.375 ,0.15989 ,1.4094 
16,0.4 ,0.169764 ,1.40908 
17,0.425 ,0.179488 ,1.40874 
18,0.45 ,0.189055 ,1.40838 
19,0.475 ,0.198455 ,1.408 
20,0.5 ,0.20768 ,1.4076 
21,0.525 ,0.216723 ,1.40717 
22,0.55 ,0.225575 ,1.40673 
23,0.575 ,0.234229 ,1.40627 
24,0.6 ,0.242677 ,1.40578 
25,0.625 ,0.250912 ,1.40528 
26,0.65 ,0.258926 ,1.40475 
27,0.675 ,0.266713 ,1.40421 
28,0.7 ,0.274266 ,1.40364 
29,0.725 ,0.281579 ,1.40306 
30,0.75 ,0.288644 ,1.40245 
31,0.775 ,0.295457 ,1.40182 
32,0.8 ,0.302011 ,1.40117 
33,0.825 ,0.3083 ,1.4005 
34,0.85 ,0.314319 ,1.39981 
35,0.875 ,0.320064 ,1.3991 
36,0.9 ,0.325528 ,1.39837 
37,0.925 ,0.330708 ,1.39762 
38,0.95 ,0.3356 ,1.39685 
39,0.975 ,0.340198 ,1.39605 
40,1 ,0.344499 ,1.39524 
41,1.025 ,0.3485 ,1.39441 
42,1.05 ,0.352198 ,1.39355 
43,1.075 ,0.355588 ,1.39268 
44,1.1 ,0.35867 ,1.39178 
45,1.125 ,0.361439 ,1.39086 
46,1.15 ,0.363894 ,1.38993 
47,1.175 ,0.366033 ,1.38897 
48,1.2 ,0.367854 ,1.38799 
49,1.225 ,0.369356 ,1.38699 
50,1.25 ,0.370538 ,1.38597 
51,1.275 ,0.371399 ,1.38493 
52,1.3 ,0.371939 ,1.38387 
53,1.325 ,0.372156 ,1.38279 
54,1.35 ,0.372053 ,1.38169 
55,1.375 ,0.371628 ,1.38057 
56,1.4 ,0.370882 ,1.37942 
57,1.425 ,0.369817 ,1.37826 
58,1.45 ,0.368433 ,1.37708 
59,1.475 ,0.366732 ,1.37587 
60,1.5 ,0.364716 ,1.37465 
61,1.525 ,0.362386 ,1.3734 
62,1.55 ,0.359745 ,1.37213 
63,1.575 ,0.356796 ,1.37085 
64,1.6 ,0.353541 ,1.36954 
65,1.625 ,0.349984 ,1.36821 
66,1.65 ,0.346127 ,1.36686 
67,1.675 ,0.341975 ,1.36549 
68,1.7 ,0.33753 ,1.3641 
69,1.725 ,0.332798 ,1.36269 
70,1.75 ,0.327783 ,1.36126 
71,1.775 ,0.322489 ,1.35981 
72,1.8 ,0.316921 ,1.35834 
73,1.825 ,0.311083 ,1.35684 
74,1.85 ,0.304982 ,1.35533 
75,1.875 ,0.298623 ,1.3538 
76,1.9 ,0.292011 ,1.35224 
77,1.925 ,0.285152 ,1.35067 
78,1.95 ,0.278052 ,1.34907 
79,1.975 ,0.270718 ,1.34745 
80,2 ,0.263156 ,1.34582 
81,2.025 ,0.255373 ,1.34416 
82,2.05 ,0.247375 ,1.34248 
83,2.075 ,0.23917 ,1.34078 
84,2.1 ,0.230764 ,1.33906 
85,2.125 ,0.222165 ,1.33732 
86,2.15 ,0.21338 ,1.33556 
87,2.175 ,0.204418 ,1.33378 
88,2.2 ,0.195285 ,1.33198 
89,2.225 ,0.185989 ,1.33015 
90,2.25 ,0.176539 ,1.32831 
91,2.275 ,0.166942 ,1.32645 
92,2.3 ,0.157207 ,1.32456 
93,2.325 ,0.147341 ,1.32266 
94,2.35 ,0.137354 ,1.32073 
95,2.375 ,0.127254 ,1.31879 
96,2.4 ,0.117048 ,1.31682 
97,2.425 ,0.106747 ,1.31483 
98,2.45 ,0.0963572 ,1.31282 
99,2.475 ,0.0858887 ,1.3108 
100,2.5 ,0.0753499 ,1.30875 
101,2.525 ,0.0647494 ,1.30668 
102,2.55 ,0.054096 ,1.30459 
103,2.575 ,0.0433985 ,1.30248 
104,2.6 ,0.0326657 ,1.30035 
105,2.625 ,0.0219064 ,1.29819 
106,2.65 ,0.0111293 ,1.29602 
107,2.675 ,0.000343127 ,1.29383 
108,2.7 ,-0.0104433 ,1.29161 
109,2.725 ,-0.0212213 ,1.28938 
110,2.75 ,-0.0319822 ,1.28712 
111,2.775 ,-0.0427174 ,1.28485 
112,2.8 ,-0.0534182 ,1.28255 
113,2.825 ,-0.0640763 ,1.28024 
114,2.85 ,-0.0746831 ,1.2779 
115,2.875 ,-0.0852302 ,1.27554 
116,2.9 ,-0.0957094 ,1.27316 
117,2.925 ,-0.106112 ,1.27076 
118,2.95 ,-0.116431 ,1.26834 
119,2.975 ,-0.126658 ,1.2659 
120,3 ,-0.136784 ,1.26344 
121,3.025 ,-0.146802 ,1.26096 
122,3.05 ,-0.156705 ,1.25846 
123,3.075 ,-0.166484 ,1.25593 
124,3.1 ,-0.176133 ,1.25339 
125,3.125 ,-0.185644 ,1.25083 
126,3.15 ,-0.195009 ,1.24824 
127,3.175 ,-0.204223 ,1.24564 
128,3.2 ,-0.213277 ,1.24301 
129,3.225 ,-0.222166 ,1.24037 
130,3.25 ,-0.230883 ,1.2377 
131,3.275 ,-0.239421 ,1.23501 
132,3.3 ,-0.247774 ,1.2323 
133,3.325 ,-0.255937 ,1.22958 
134,3.35 ,-0.263902 ,1.22683 
135,3.375 ,-0.271666 ,1.22406 
136,3.4 ,-0.279221 ,1.22127 
137,3.425 ,-0.286564 ,1.21845 
138,3.45 ,-0.293688 ,1.21562 
139,3.475 ,-0.300589 ,1.21277 
140,3.5 ,-0.307263 ,1.2099 
141,3.525 ,-0.313704 ,1.207 
142,3.55 ,-0.319908 ,1.20409 
143,3.575 ,-0.325872 ,1.20116 
144,3.6 ,-0.331591 ,1.1982 
145,3.625 ,-0.337061 ,1.19522 
146,3.65 ,-0.34228 ,1.19223 
147,3.675 ,-0.347244 ,1.18921 
148,3.7 ,-0.35195 ,1.18617 
149,3.725 ,-0.356395 ,1.18312 
150,3.75 ,-0.360576 ,1.18004 
151,3.775 ,-0.364492 ,1.17694 
152,3.8 ,-0.368139 ,1.17382 
153,3.825 ,-0.371517 ,1.17068 
154,3.85 ,-0.374622 ,1.16752 
155,3.875 ,-0.377454 ,1.16433 
156,3.9 ,-0.380012 ,1.16113 
157,3.925 ,-0.382294 ,1.15791 
158,3.95 ,-0.384299 ,1.15467 
159,3.975 ,-0.386027 ,1.1514 
160,4 ,-0.387477 ,1.14812 
161,4.025 ,-0.388649 ,1.14481 
162,4.05 ,-0.389543 ,1.14149 
163,4.075 ,-0.390159 ,1.13814 
164,4.1 ,-0.390497 ,1.13477 
165,4.125 ,-0.390559 ,1.13138 
166,4.15 ,-0.390344 ,1.12798 
167,4.175 ,-0.389855 ,1.12455 
168,4.2 ,-0.389091 ,1.1211 
169,4.225 ,-0.388054 ,1.11763 
170,4.25 ,-0.386747 ,1.11414 
171,4.275 ,-0.38517 ,1.11063 
172,4.3 ,-0.383326 ,1.10709 
173,4.325 ,-0.381217 ,1.10354 
174,4.35 ,-0.378845 ,1.09997 
175,4.375 ,-0.376212 ,1.09638 
176,4.4 ,-0.373322 ,1.09276 
177,4.425 ,-0.370177 ,1.08913 
178,4.45 ,-0.366779 ,1.08547 
179,4.475 ,-0.363133 ,1.0818 
180,4.5 ,-0.359242 ,1.0781 
181,4.525 ,-0.355108 ,1.07438 
182,4.55 ,-0.350736 ,1.07064 
183,4.575 ,-0.346129 ,1.06689 
184,4.6 ,-0.341292 ,1.06311 
185,4.625 ,-0.336227 ,1.05931 
186,4.65 ,-0.33094 ,1.05549 
187,4.675 ,-0.325435 ,1.05165 
188,4.7 ,-0.319716 ,1.04779 
189,4.725 ,-0.313787 ,1.0439 
190,4.75 ,-0.307654 ,1.04 
191,4.775 ,-0.301321 ,1.03608 
192,4.8 ,-0.294793 ,1.03213 
193,4.825 ,-0.288074 ,1.02817 
194,4.85 ,-0.281171 ,1.02418 
195,4.875 ,-0.274087 ,1.02018 
196,4.9 ,-0.266829 ,1.01615 
197,4.925 ,-0.259401 ,1.01211 
198,4.95 ,-0.251809 ,1.00804 
199,4.975 ,-0.244059 ,1.00395 
200,5 ,-0.236155 ,0.999843 
201,5.025 ,-0.228104 ,0.995714 
202,5.05 ,-0.219911 ,0.991565 
203,5.075 ,-0.211582 ,0.987394 
204,5.1 ,-0.203122 ,0.983204 
205,5.125 ,-0.194537 ,0.978992 
206,5.15 ,-0.185833 ,0.97476 
207,5.175 ,-0.177016 ,0.970508 
208,5.2 ,-0.168092 ,0.966234 
209,5.225 ,-0.159066 ,0.961941 
210,5.25 ,-0.149944 ,0.957626 
211,5.275 ,-0.140733 ,0.953291 
212,5.3 ,-0.131438 ,0.948936 
213,5.325 ,-0.122065 ,0.94456 
214,5.35 ,-0.112619 ,0.940163 
215,5.375 ,-0.103108 ,0.935746 
216,5.4 ,-0.0935365 ,0.931308 
217,5.425 ,-0.0839105 ,0.926849 
218,5.45 ,-0.0742358 ,0.92237 
219,5.475 ,-0.0645183 ,0.91787 
220,5.5 ,-0.0547638 ,0.91335 
221,5.525 ,-0.044978 ,0.908809 
222,5.55 ,-0.0351667 ,0.904248 
223,5.575 ,-0.0253355 ,0.899666 
224,5.6 ,-0.0154901 ,0.895063 
225,5.625 ,-0.005636 ,0.89044 
226,5.65 ,0.00422125 ,0.885796 
227,5.675 ,0.0140762 ,0.881131 
228,5.7 ,0.0239233 ,0.876446 
229,5.725 ,0.0337574 ,0.871741 
230,5.75 ,0.0435731 ,0.867014 
231,5.775 ,0.0533652 ,0.862268 
232,5.8 ,0.0631285 ,0.8575 
233,5.825 ,0.072858 ,0.852712 
234,5.85 ,0.0825487 ,0.847904 
235,5.875 ,0.0921956 ,0.843074 
236,5.9 ,0.101794 ,0.838225 
237,5.925 ,0.111339 ,0.833354 
238,5.95 ,0.120826 ,0.828463 
239,5.975 ,0.130251 ,0.823552 
240,6 ,0.139608 ,0.818619 
241,6.025 ,0.148894 ,0.813667 
242,6.05 ,0.158104 ,0.808693 
243,6.075 ,0.167235 ,0.803699 
244,6.1 ,0.176281 ,0.798685 
245,6.125 ,0.18524 ,0.79365 
246,6.15 ,0.194106 ,0.788594 
247,6.175 ,0.202877 ,0.783518 
248,6.2 ,0.211549 ,0.778421 
249,6.225 ,0.220118 ,0.773303 
250,6.25 ,0.22858 ,0.768165 
251,6.275 ,0.236932 ,0.763006 
252,6.3 ,0.245172 ,0.757827 
253,6.325 ,0.253295 ,0.752627 
254,6.35 ,0.2613 ,0.747407 
255,6.375 ,0.269182 ,0.742166 
256,6.4 ,0.276939 ,0.736904 
257,6.425 ,0.284569 ,0.731622 
258,6.45 ,0.292069 ,0.726319 
259,6.475 ,0.299436 ,0.720995 
260,6.5 ,0.306669 ,0.715651 
261,6.525 ,0.313764 ,0.710287 
262,6.55 ,0.320719 ,0.704902 
263,6.575 ,0.327534 ,0.699496 
264,6.6 ,0.334205 ,0.694069 
265,6.625 ,0.340732 ,0.688622 
266,6.65 ,0.347111 ,0.683155 
267,6.675 ,0.353343 ,0.677667 
268,6.7 ,0.359425 ,0.672158 
269,6.725 ,0.365356 ,0.666628 
270,6.75 ,0.371135 ,0.661078 
271,6.775 ,0.37676 ,0.655508 
272,6.8 ,0.382231 ,0.649917 
273,6.825 ,0.387547 ,0.644305 
274,6.85 ,0.392707 ,0.638673 
275,6.875 ,0.39771 ,0.63302 
276,6.9 ,0.402555 ,0.627346 
277,6.925 ,0.407243 ,0.621652 
278,6.95 ,0.411773 ,0.615937 
279,6.975 ,0.416144 ,0.610202 
280,7 ,0.420356 ,0.604446 
281,7.025 ,0.42441 ,0.598669 
282,7.05 ,0.428304 ,0.592872 
283,7.075 ,0.43204 ,0.587055 
284,7.1 ,0.435618 ,0.581216 
285,7.125 ,0.439037 ,0.575358 
286,7.15 ,0.442299 ,0.569478 
287,7.175 ,0.445403 ,0.563578 
288,7.2 ,0.44835 ,0.557657 
289,7.225 ,0.451141 ,0.551716 
290,7.25 ,0.453776 ,0.545754 
291,7.275 ,0.456257 ,0.539772 
292,7.3 ,0.458584 ,0.533769 
293,7.325 ,0.460757 ,0.527745 
294,7.35 ,0.462779 ,0.521701 
295,7.375 ,0.46465 ,0.515636 
296,7.4 ,0.466371 ,0.509551 
297,7.425 ,0.467944 ,0.503445 
298,7.45 ,0.469369 ,0.497318 
299,7.475 ,0.470648 ,0.491171 
300,7.5 ,0.471783 ,0.485003 
301,7.525 ,0.472775 ,0.478815 
302,7.55 ,0.473626 ,0.472606 
303,7.575 ,0.474336 ,0.466376 
304,7.6 ,0.474909 ,0.460126 
305,7.625 ,0.475345 ,0.453855 
306,7.65 ,0.475646 ,0.447564 
307,7.675 ,0.475813 ,0.441252 
308,7.7 ,0.47585 ,0.434919 
309,7.725 ,0.475757 ,0.428566 
310,7.75 ,0.475537 ,0.422193 
311,7.775 ,0.475192 ,0.415798 
312,7.8 ,0.474723 ,0.409383 
313,7.825 ,0.474132 ,0.402948 
314,7.85 ,0.473422 ,0.396492 
315,7.875 ,0.472595 ,0.390015 
316,7.9 ,0.471653 ,0.383518 
317,7.925 ,0.470597 ,0.377 
318,7.95 ,0.469431 ,0.370461 
319,7.975 ,0.468156 ,0.363902 
320,8 ,0.466774 ,0.357323 
321,8.025 ,0.465288 ,0.350722 
322,8.05 ,0.463701 ,0.344102 
323,8.075 ,0.462013 ,0.33746 
324,8.1 ,0.460228 ,0.330798 
325,8.125 ,0.458348 ,0.324116 
326,8.15 ,0.456375 ,0.317412 
327,8.175 ,0.454312 ,0.310689 
328,8.2 ,0.45216 ,0.303944 
329,8.225 ,0.449922 ,0.297179 
330,8.25 ,0.447601 ,0.290394 
331,8.275 ,0.445199 ,0.283587 
332,8.3 ,0.442718 ,0.276761 
333,8.325 ,0.44016 ,0.269913 
334,8.35 ,0.437528 ,0.263045 
335,8.375 ,0.434824 ,0.256157 
336,8.4 ,0.43205 ,0.249247 
337,8.425 ,0.429209 ,0.242318 
338,8.45 ,0.426303 ,0.235367 
339,8.475 ,0.423334 ,0.228396 
340,8.5 ,0.420305 ,0.221405 
341,8.525 ,0.417218 ,0.214393 
342,8.55 ,0.414075 ,0.20736 
343,8.575 ,0.410878 ,0.200307 
344,8.6 ,0.407629 ,0.193233 
345,8.625 ,0.404332 ,0.186138 
346,8.65 ,0.400987 ,0.179023 
347,8.675 ,0.397598 ,0.171888 
348,8.7 ,0.394166 ,0.164731 
349,8.725 ,0.390693 ,0.157554 
350,8.75 ,0.387182 ,0.150357 
351,8.775 ,0.383634 ,0.143139 
352,8.8 ,0.380052 ,0.1359 
353,8.825 ,0.376438 ,0.128641 
354,8.85 ,0.372794 ,0.121361 
355,8.875 ,0.369121 ,0.114061 
356,8.9 ,0.365422 ,0.10674 
357,8.925 ,0.361698 ,0.0993981 
358,8.95 ,0.357952 ,0.0920359 
359,8.975 ,0.354186 ,0.0846531 
360,9 ,0.350401 ,0.0772497 
361,9.025 ,0.346598 ,0.0698257 
362,9.05 ,0.342781 ,0.0623811 
363,9.075 ,0.33895 ,0.0549159 
364,9.1 ,0.335108 ,0.0474302 
365,9.125 ,0.331256 ,0.0399238 
366,9.15 ,0.327395 ,0.0323968 
367,9.175 ,0.323528 ,0.0248493 
368,9.2 ,0.319656 ,0.0172811 
369,9.225 ,0.31578 ,0.00969238 
370,9.25 ,0.311903 ,0.00208305 
371,9.275 ,0.308025 ,-0.00554688 
372,9.3 ,0.304148 ,-0.0131974 
373,9.325 ,0.300274 ,-0.0208685 
374,9.35 ,0.296403 ,-0.0285602 
375,9.375 ,0.292538 ,-0.0362725 
376,9.4 ,0.288679 ,-0.0440054 
377,9.425 ,0.284829 ,-0.0517589 
378,9.45 ,0.280987 ,-0.059533 
379,9.475 ,0.277156 ,-0.0673277 
380,9.5 ,0.273337 ,-0.075143 
381,9.525 ,0.269531 ,-0.0829788 
382,9.55 ,0.265738 ,-0.0908353 
383,9.575 ,0.261961 ,-0.0987123 
384,9.6 ,0.2582 ,-0.10661 
385,9.625 ,0.254456 ,-0.114528 
386,9.65 ,0.25073 ,-0.122467 
387,9.675 ,0.247023 ,-0.130426 
388,9.7 ,0.243337 ,-0.138407 
389,9.725 ,0.239671 ,-0.146407 
390,9.75 ,0.236028 ,-0.154428 
391,9.775 ,0.232407 ,-0.16247 
392,9.8 ,0.22881 ,-0.170533 
393,9.825 ,0.225237 ,-0.178616 
394,9.85 ,0.221689 ,-0.186719 
395,9.875 ,0.218168 ,-0.194843 
396,9.9 ,0.214672 ,-0.202988 
397,9.925 ,0.211204 ,-0.211153 
398,9.95 ,0.207764 ,-0.219339 
399,9.975 ,0.204353 ,-0.227546 
400,10 ,0.20097 ,-0.235773 
401,10.025 ,0.197617 ,-0.244021 
402,10.05 ,0.194294 ,-0.252289 
403,10.075 ,0.191002 ,-0.260578 
404,10.1 ,0.187741 ,-0.268888 
405,10.125 ,0.184512 ,-0.277218 
406,10.15 ,0.181314 ,-0.285568 
407,10.175 ,0.178149 ,-0.29394 
408,10.2 ,0.175017 ,-0.302332 
409,10.225 ,0.171917 ,-0.310744 
410,10.25 ,0.168851 ,-0.319177 
411,10.275 ,0.165819 ,-0.327631 
412,10.3 ,0.16282 ,-0.336105 
413,10.325 ,0.159856 ,-0.3446 
414,10.35 ,0.156927 ,-0.353115 
415,10.375 ,0.154031 ,-0.361651 
416,10.4 ,0.151171 ,-0.370208 
417,10.425 ,0.148346 ,-0.378785 
418,10.45 ,0.145556 ,-0.387383 
419,10.475 ,0.142801 ,-0.396002 
420,10.5 ,0.140081 ,-0.404641 
421,10.525 ,0.137397 ,-0.4133 
422,10.55 ,0.134748 ,-0.42198 
423,10.575 ,0.132135 ,-0.430681 
424,10.6 ,0.129557 ,-0.439403 
425,10.625 ,0.127015 ,-0.448145 
426,10.65 ,0.124509 ,-0.456907 
427,10.675 ,0.122038 ,-0.465688 
428,10.7 ,0.119603 ,-0.474443 
429,10.725 ,0.117203 ,-0.483157 
430,10.75 ,0.114838 ,-0.49183 
431,10.775 ,0.112509 ,-0.500463 
432,10.8 ,0.110215 ,-0.509057 
433,10.825 ,0.107956 ,-0.51761 
434,10.85 ,0.105732 ,-0.526124 
435,10.875 ,0.103543 ,-0.534599 
436,10.9 ,0.101388 ,-0.543036 
437,10.925 ,0.0992676 ,-0.551433 
438,10.95 ,0.0971816 ,-0.559792 
439,10.975 ,0.0951295 ,-0.568113 
440,11 ,0.0931112 ,-0.576397 
441,11.025 ,0.0911265 ,-0.584642 
442,11.05 ,0.089175 ,-0.592851 
443,11.075 ,0.0872566 ,-0.601022 
444,11.1 ,0.085371 ,-0.609157 
445,11.125 ,0.0835178 ,-0.617255 
446,11.15 ,0.0816969 ,-0.625316 
447,11.175 ,0.079908 ,-0.633342 
448,11.2 ,0.0781506 ,-0.641332 
449,11.225 ,0.0764246 ,-0.649286 
450,11.25 ,0.0747296 ,-0.657205 
451,11.275 ,0.0730652 ,-0.665088 
452,11.3 ,0.0714313 ,-0.672937 
453,11.325 ,0.0698274 ,-0.680751 
454,11.35 ,0.0682532 ,-0.688531 
455,11.375 ,0.0667084 ,-0.696277 
456,11.4 ,0.0651926 ,-0.703988 
457,11.425 ,0.0637055 ,-0.711666 
458,11.45 ,0.0622467 ,-0.719311 
459,11.475 ,0.0608159 ,-0.726922 
460,11.5 ,0.0594127 ,-0.734499 
461,11.525 ,0.0580368 ,-0.742044 
462,11.55 ,0.0566879 ,-0.749557 
463,11.575 ,0.0553655 ,-0.757037 
464,11.6 ,0.0540692 ,-0.764484 
465,11.625 ,0.0527988 ,-0.7719 
466,11.65 ,0.0515539 ,-0.779284 
467,11.675 ,0.0503341 ,-0.786636 
468,11.7 ,0.0491391 ,-0.793957 
469,11.725 ,0.0479684 ,-0.801246 
470,11.75 ,0.0468218 ,-0.808505 
471,11.775 ,0.0456988 ,-0.815733 
472,11.8 ,0.0445991 ,-0.82293 
473,11.825 ,0.0435223 ,-0.830096 
474,11.85 ,0.0424681 ,-0.837233 
475,11.875 ,0.0414362 ,-0.844339 
476,11.9 ,0.0404261 ,-0.851416 
477,11.925 ,0.0394375 ,-0.858463 
478,11.95 ,0.0384701 ,-0.86548 
479,11.975 ,0.0375235 ,-0.872468 
480,12 ,0.0365974 ,-0.879427 
481,12.025 ,0.0356913 ,-0.886357 
482,12.05 ,0.0348051 ,-0.893258 
483,12.075 ,0.0339383 ,-0.900131 
484,12.1 ,0.0330905 ,-0.906975 
485,12.125 ,0.0322616 ,-0.913791 
486,12.15 ,0.031451 ,-0.920579 
487,12.175 ,0.0306586 ,-0.927339 
488,12.2 ,0.0298839 ,-0.934072 
489,12.225 ,0.0291267 ,-0.940777 
490,12.25 ,0.0283866 ,-0.947454 
491,12.275 ,0.0276633 ,-0.954105 
492,12.3 ,0.0269565 ,-0.960728 
493,12.325 ,0.0262658 ,-0.967324 
494,12.35 ,0.0255911 ,-0.973894 
495,12.375 ,0.0249319 ,-0.980437 
496,12.4 ,0.0242881 ,-0.986954 
497,12.425 ,0.0236592 ,-0.993444 
498,12.45 ,0.023045 ,-0.999909 
499,12.475 ,0.0224452 ,-1.00635 
500,12.5 ,0.0218595 ,-1.01276 
501,12.525 ,0.0212876 ,-1.01915 
502,12.55 ,0.0207293 ,-1.02551 
503,12.575 ,0.0201843 ,-1.03185 
504,12.6 ,0.0196523 ,-1.03816 
505,12.625 ,0.0191331 ,-1.04444 
506,12.65 ,0.0186264 ,-1.0507 
507,12.675 ,0.0181318 ,-1.05694 
508,12.7 ,0.0176493 ,-1.06315 
509,12.725 ,0.0171785 ,-1.06934 
510,12.75 ,0.0167192 ,-1.07551 
511,12.775 ,0.0162711 ,-1.08164 
512,12.8 ,0.015834 ,-1.08776 
513,12.825 ,0.0154077 ,-1.09385 
514,12.85 ,0.0149919 ,-1.09992 
515,12.875 ,0.0145864 ,-1.10596 
516,12.9 ,0.014191 ,-1.11199 
517,12.925 ,0.0138055 ,-1.11798 
518,12.95 ,0.0134296 ,-1.12396 
519,12.975 ,0.0130631 ,-1.12991 
520,13 ,0.0127059 ,-1.13584 
521,13.025 ,0.0123577 ,-1.14174 
522,13.05 ,0.0120183 ,-1.14763 
523,13.075 ,0.0116875 ,-1.15349 
524,13.1 ,0.0113652 ,-1.15933 
525,13.125 ,0.0110511 ,-1.16514 
526,13.15 ,0.010745 ,-1.17094 
527,13.175 ,0.0104468 ,-1.17671 
528,13.2 ,0.0101563 ,-1.18246 
529,13.225 ,0.0098733 ,-1.18819 
530,13.25 ,0.00959762 ,-1.19389 
531,13.275 ,0.00932911 ,-1.19958 
532,13.3 ,0.00906759 ,-1.20524 
533,13.325 ,0.0088129 ,-1.21088 
534,13.35 ,0.00856488 ,-1.21651 
535,13.375 ,0.00832338 ,-1.22211 
536,13.4 ,0.00808823 ,-1.22769 
537,13.425 ,0.00785929 ,-1.23324 
538,13.45 ,0.0076364 ,-1.23878 
539,13.475 ,0.00741943 ,-1.2443 
540,13.5 ,0.00720823 ,-1.2498 
541,13.525 ,0.00700266 ,-1.25527 
542,13.55 ,0.00680259 ,-1.26073 
543,13.575 ,0.00660787 ,-1.26617 
544,13.6 ,0.00641838 ,-1.27158 
545,13.625 ,0.006234 ,-1.27698 
546,13.65 ,0.00605459 ,-1.28236 
547,13.675 ,0.00588003 ,-1.28771 
548,13.7 ,0.00571021 ,-1.29305 
549,13.725 ,0.005545 ,-1.29837 
550,13.75 ,0.00538429 ,-1.30367 
551,13.775 ,0.00522797 ,-1.30895 
552,13.8 ,0.00507593 ,-1.31421 
553,13.825 ,0.00492805 ,-1.31945 
554,13.85 ,0.00478424 ,-1.32467 
555,13.875 ,0.00464439 ,-1.32988 
556,13.9 ,0.0045084 ,-1.33506 
557,13.925 ,0.00437617 ,-1.34023 
558,13.95 ,0.00424761 ,-1.34538 
559,13.975 ,0.00412262 ,-1.35051 
560,14 ,0.00400111 ,-1.35562 
561,14.025 ,0.00388299 ,-1.36071 
562,14.05 ,0.00376817 ,-1.36579 
563,14.075 ,0.00365657 ,-1.37084 
564,14.1 ,0.00354811 ,-1.37588 
565,14.125 ,0.00344269 ,-1.3809 
566,14.15 ,0.00334025 ,-1.38591 
567,14.175 ,0.00324069 ,-1.39089 
568,14.2 ,0.00314396 ,-1.39586 
569,14.225 ,0.00304997 ,-1.40081 
570,14.25 ,0.00295865 ,-1.40574 
571,14.275 ,0.00286993 ,-1.41066 
572,14.3 ,0.00278374 ,-1.41556 
573,14.325 ,0.00270001 ,-1.42044 
574,14.35 ,0.00261868 ,-1.4253 
575,14.375 ,0.00253968 ,-1.43015 
576,14.4 ,0.00246296 ,-1.43498 
577,14.425 ,0.00238844 ,-1.4398 
578,14.45 ,0.00231607 ,-1.44459 
579,14.475 ,0.00224579 ,-1.44938 
580,14.5 ,0.00217755 ,-1.45414 
581,14.525 ,0.00211128 ,-1.45889 
582,14.55 ,0.00204694 ,-1.46362 
583,14.575 ,0.00198448 ,-1.46833 
584,14.6 ,0.00192383 ,-1.47303 
585,14.625 ,0.00186496 ,-1.47772 
586,14.65 ,0.00180781 ,-1.48238 
587,14.675 ,0.00175233 ,-1.48704 
588,14.7 ,0.00169849 ,-1.49167 
589,14.725 ,0.00164622 ,-1.49629 
590,14.75 ,0.0015955 ,-1.5009 
591,14.775 ,0.00154627 ,-1.50548 
592,14.8 ,0.0014985 ,-1.51006 
593,14.825 ,0.00145214 ,-1.51462 
594,14.85 ,0.00140716 ,-1.51916 
595,14.875 ,0.00136351 ,-1.52368 
596,14.9 ,0.00132116 ,-1.5282 
597,14.925 ,0.00128007 ,-1.53269 
598,14.95 ,0.00124021 ,-1.53718 
599,14.975 ,0.00120154 ,-1.54164 
600,15 ,0.00116403 ,-1.54609 
601,15.025 ,0.00112765 ,-1.55053 
602,15.05 ,0.00109235 ,-1.55495 
603,15.075 ,0.00105812 ,-1.55936 
604,15.1 ,0.00102492 ,-1.56375 
605,15.125 ,0.000992724 ,-1.56813 
606,15.15 ,0.000961499 ,-1.5725 
607,15.175 ,0.000931218 ,-1.57685 
608,15.2 ,0.000901856 ,-1.58118 
609,15.225 ,0.000873384 ,-1.5855 
610,15.25 ,0.000845778 ,-1.58981 
611,15.275 ,0.000819013 ,-1.5941 
612,15.3 ,0.000793064 ,-1.59838 
613,15.325 ,0.000767907 ,-1.60265 
614,15.35 ,0.000743519 ,-1.6069 
615,15.375 ,0.000719878 ,-1.61113 
616,15.4 ,0.000696962 ,-1.61536 
617,15.425 ,0.00067475 ,-1.61957 
618,15.45 ,0.00065322 ,-1.62376 
619,15.475 ,0.000632354 ,-1.62795 
620,15.5 ,0.000612131 ,-1.63212 
621,15.525 ,0.000592533 ,-1.63627 
622,15.55 ,0.00057354 ,-1.64041 
623,15.575 ,0.000555136 ,-1.64454 
624,15.6 ,0.000537302 ,-1.64866 
625,15.625 ,0.000520022 ,-1.65276 
626,15.65 ,0.00050328 ,-1.65685 
627,15.675 ,0.000487058 ,-1.66093 
628,15.7 ,0.000471342 ,-1.66499 
629,15.725 ,0.000456117 ,-1.66904 
630,15.75 ,0.000441367 ,-1.67308 
631,15.775 ,0.000427079 ,-1.6771 
632,15.8 ,0.000413238 ,-1.68111 
633,15.825 ,0.000399832 ,-1.68511 
634,15.85 ,0.000386847 ,-1.6891 
635,15.875 ,0.000374271 ,-1.69308 
636,15.9 ,0.00036209 ,-1.69704 
637,15.925 ,0.000350294 ,-1.70099 
638,15.95 ,0.00033887 ,-1.70492 
639,15.975 ,0.000327807 ,-1.70885 
640,16 ,0.000317094 ,-1.71276 
641,16.025 ,0.000306721 ,-1.71666 
642,16.05 ,0.000296677 ,-1.72055 
643,16.075 ,0.000286952 ,-1.72442 
644,16.1 ,0.000277536 ,-1.72829 
645,16.125 ,0.00026842 ,-1.73214 
646,16.15 ,0.000259594 ,-1.73598 
647,16.175 ,0.000251051 ,-1.73981 
648,16.2 ,0.00024278 ,-1.74362 
649,16.225 ,0.000234774 ,-1.74743 
650,16.25 ,0.000227024 ,-1.75122 
651,16.275 ,0.000219523 ,-1.755 
652,16.3 ,0.000212262 ,-1.75877 
653,16.325 ,0.000205235 ,-1.76253 
654,16.35 ,0.000198434 ,-1.76628 
655,16.375 ,0.000191852 ,-1.77001 
656,16.4 ,0.000185483 ,-1.77374 
657,16.425 ,0.000179319 ,-1.77745 
658,16.45 ,0.000173354 ,-1.78115 
659,16.475 ,0.000167582 ,-1.78484 
660,16.5 ,0.000161997 ,-1.78852 
661,16.525 ,0.000156594 ,-1.79219 
662,16.55 ,0.000151365 ,-1.79584 
663,16.575 ,0.000146307 ,-1.79949 
664,16.6 ,0.000141413 ,-1.80312 
665,16.625 ,0.000136679 ,-1.80675 
666,16.65 ,0.000132099 ,-1.81036 
667,16.675 ,0.000127668 ,-1.81396 
668,16.7 ,0.000123382 ,-1.81755 
669,16.725 ,0.000119237 ,-1.82113 
670,16.75 ,0.000115227 ,-1.8247 
671,16.775 ,0.000111348 ,-1.82826 
672,16.8 ,0.000107597 ,-1.83181 
673,16.825 ,0.000103969 ,-1.83535 
674,16.85 ,0.00010046 ,-1.83887 
675,16.875 ,9.70665e-05 ,-1.84239 
676,16.9 ,9.37849e-05 ,-1.8459 
677,16.925 ,9.06115e-05 ,-1.84939 
678,16.95 ,8.75429e-05 ,-1.85288 
679,16.975 ,8.45756e-05 ,-1.85635 
680,17 ,8.17065e-05 ,-1.85982 
681,17.025 ,7.89324e-05 ,-1.86327 
682,17.05 ,7.62502e-05 ,-1.86672 
683,17.075 ,7.3657e-05 ,-1.87015 
684,17.1 ,7.11498e-05 ,-1.87358 
685,17.125 ,6.8726e-05 ,-1.87699 
686,17.15 ,6.63829e-05 ,-1.8804 
687,17.175 ,6.41177e-05 ,-1.88379 
688,17.2 ,6.19281e-05 ,-1.88718 
689,17.225 ,5.98115e-05 ,-1.89055 
690,17.25 ,5.77655e-05 ,-1.89392 
691,17.275 ,5.5788e-05 ,-1.89728 
692,17.3 ,5.38766e-05 ,-1.90062 
693,17.325 ,5.20292e-05 ,-1.90396 
694,17.35 ,5.02438e-05 ,-1.90728 
695,17.375 ,4.85182e-05 ,-1.9106 
696,17.4 ,4.68506e-05 ,-1.91391 
697,17.425 ,4.5239e-05 ,-1.91721 
698,17.45 ,4.36817e-05 ,-1.9205 
699,17.475 ,4.21767e-05 ,-1.92378 
700,17.5 ,4.07225e-05 ,-1.92705 
701,17.525 ,3.93174e-05 ,-1.93031 
702,17.55 ,3.79597e-05 ,-1.93356 
703,17.575 ,3.66478e-05 ,-1.9368 
704,17.6 ,3.53803e-05 ,-1.94003 
705,17.625 ,3.41558e-05 ,-1.94326 
706,17.65 ,3.29727e-05 ,-1.94647 
707,17.675 ,3.18297e-05 ,-1.94968 
708,17.7 ,3.07255e-05 ,-1.95287 
709,17.725 ,2.96589e-05 ,-1.95606 
710,17.75 ,2.86285e-05 ,-1.95924 
711,17.775 ,2.76331e-05 ,-1.96241 
712,17.8 ,2.66717e-05 ,-1.96557 
713,17.825 ,2.5743e-05 ,-1.96872 
714,17.85 ,2.4846e-05 ,-1.97186 
715,17.875 ,2.39796e-05 ,-1.975 
716,17.9 ,2.31428e-05 ,-1.97812 
717,17.925 ,2.23346e-05 ,-1.98124 
718,17.95 ,2.15541e-05 ,-1.98435 
719,17.975 ,2.08003e-05 ,-1.98745 
720,18 ,2.00724e-05 ,-1.99054 
721,18.025 ,1.93694e-05 ,-1.99362 
722,18.05 ,1.86906e-05 ,-1.99669 
723,18.075 ,1.80351e-05 ,-1.99976 
724,18.1 ,1.74022e-05 ,-2.00282 
725,18.125 ,1.6791e-05 ,-2.00586 
726,18.15 ,1.62009e-05 ,-2.0089 
727,18.175 ,1.56311e-05 ,-2.01194 
728,18.2 ,1.5081e-05 ,-2.01496 
729,18.225 ,1.45499e-05 ,-2.01797 
730,18.25 ,1.40371e-05 ,-2.02098 
731,18.275 ,1.35421e-05 ,-2.02398 
732,18.3 ,1.30642e-05 ,-2.02697 
733,18.325 ,1.26028e-05 ,-2.02995 
734,18.35 ,1.21575e-05 ,-2.03292 
735,18.375 ,1.17276e-05 ,-2.03589 
736,18.4 ,1.13126e-05 ,-2.03885 
737,18.425 ,1.0912e-05 ,-2.0418 
738,18.45 ,1.05253e-05 ,-2.04474 
739,18.475 ,1.01522e-05 ,-2.04767 
740,18.5 ,9.79196e-06 ,-2.0506 
741,18.525 ,9.44431e-06 ,-2.05352 
742,18.55 ,9.10878e-06 ,-2.05643 
743,18.575 ,8.78497e-06 ,-2.05933 
744,18.6 ,8.47246e-06 ,-2.06222 
745,18.625 ,8.17087e-06 ,-2.06511 
746,18.65 ,7.87983e-06 ,-2.06799 
747,18.675 ,7.59897e-06 ,-2.07086 
748,18.7 ,7.32795e-06 ,-2.07372 
749,18.725 ,7.06643e-06 ,-2.07658 
750,18.75 ,6.81409e-06 ,-2.07943 
751,18.775 ,6.57059e-06 ,-2.08227 
752,18.8 ,6.33565e-06 ,-2.0851 
753,18.825 ,6.10897e-06 ,-2.08793 
754,18.85 ,5.89026e-06 ,-2.09074 
755,18.875 ,5.67925e-06 ,-2.09356 
756,18.9 ,5.47567e-06 ,-2.09636 
757,18.925 ,5.27927e-06 ,-2.09915 
758,18.95 ,5.08979e-06 ,-2.10194 
759,18.975 ,4.907e-06 ,-2.10472 
760,19 ,4.73066e-06 ,-2.1075 
761,19.025 ,4.56056e-06 ,-2.11026 
762,19.05 ,4.39647e-06 ,-2.11302 
763,19.075 ,4.23819e-06 ,-2.11577 
764,19.1 ,4.08551e-06 ,-2.11852 
765,19.125 ,3.93825e-06 ,-2.12126 
766,19.15 ,3.7962e-06 ,-2.12399 
767,19.175 ,3.6592e-06 ,-2.12671 
768,19.2 ,3.52706e-06 ,-2.12943 
769,19.225 ,3.39961e-06 ,-2.13214 
770,19.25 ,3.2767e-06 ,-2.13484 
771,19.275 ,3.15816e-06 ,-2.13753 
772,19.3 ,3.04383e-06 ,-2.14022 
773,19.325 ,2.93358e-06 ,-2.1429 
774,19.35 ,2.82726e-06 ,-2.14558 
775,19.375 ,2.72473e-06 ,-2.14824 
776,19.4 ,2.62586e-06 ,-2.1509 
777,19.425 ,2.53052e-06 ,-2.15356 
778,19.45 ,2.43859e-06 ,-2.15621 
779,19.475 ,2.34994e-06 ,-2.15885 
780,19.5 ,2.26446e-06 ,-2.16148 
781,19.525 ,2.18205e-06 ,-2.1641 
782,19.55 ,2.10258e-06 ,-2.16672 
783,19.575 ,2.02596e-06 ,-2.16934 
784,19.6 ,1.95209e-06 ,-2.17194 
785,19.625 ,1.88087e-06 ,-2.17454 
786,19.65 ,1.81221e-06 ,-2.17714 
787,19.675 ,1.74601e-06 ,-2.17972 
788,19.7 ,1.68219e-06 ,-2.1823 
789,19.725 ,1.62067e-06 ,-2.18488 
790,19.75 ,1.56136e-06 ,-2.18744 
791,19.775 ,1.50418e-06 ,-2.19 
792,19.8 ,1.44907e-06 ,-2.19256 
793,19.825 ,1.39594e-06 ,-2.19511 
794,19.85 ,1.34472e-06 ,-2.19765 
795,19.875 ,1.29535e-06 ,-2.20018 
796,19.9 ,1.24777e-06 ,-2.20271 
797,19.925 ,1.2019e-06 ,-2.20523 
798,19.95 ,1.15769e-06 ,-2.20775 
799,19.975 ,1.11507e-06 ,-2.21026 
800,20 ,1.074e-06 ,-2.21276 
801,20.025 ,1.03441e-06 ,-2.21526 
802,20.05 ,9.96252e-07 ,-2.21775 
803,20.075 ,9.59477e-07 ,-2.22023 
804,20.1 ,9.24034e-07 ,-2.22271 
805,20.125 ,8.89874e-07 ,-2.22518 
806,20.15 ,8.56952e-07 ,-2.22765 
807,20.175 ,8.25223e-07 ,-2.23011 
808,20.2 ,7.94645e-07 ,-2.23256 
809,20.225 ,7.65176e-07 ,-2.23501 
810,20.25 ,7.36775e-07 ,-2.23745 
811,20.275 ,7.09405e-07 ,-2.23989 
812,20.3 ,6.83028e-07 ,-2.24232 
813,20.325 ,6.57609e-07 ,-2.24474 
814,20.35 ,6.33112e-07 ,-2.24716 
815,20.375 ,6.09504e-07 ,-2.24957 
816,20.4 ,5.86754e-07 ,-2.25198 
817,20.425 ,5.64829e-07 ,-2.25438 
818,20.45 ,5.43701e-07 ,-2.25677 
819,20.475 ,5.23339e-07 ,-2.25916 
820,20.5 ,5.03716e-07 ,-2.26154 
821,20.525 ,4.84806e-07 ,-2.26392 
822,20.55 ,4.66581e-07 ,-2.26629 
823,20.575 ,4.49018e-07 ,-2.26865 
824,20.6 ,4.32091e-07 ,-2.27101 
825,20.625 ,4.15777e-07 ,-2.27337 
826,20.65 ,4.00055e-07 ,-2.27571 
827,20.675 ,3.84901e-07 ,-2.27806 
828,20.7 ,3.70296e-07 ,-2.28039 
829,20.725 ,3.56218e-07 ,-2.28272 
830,20.75 ,3.42649e-07 ,-2.28505 
831,20.775 ,3.29569e-07 ,-2.28737 
832,20.8 ,3.1696e-07 ,-2.28968 
833,20.825 ,3.04805e-07 ,-2.29199 
834,20.85 ,2.93086e-07 ,-2.2943 
835,20.875 ,2.81788e-07 ,-2.29659 
836,20.9 ,2.70894e-07 ,-2.29888 
837,20.925 ,2.6039e-07 ,-2.30117 
838,20.95 ,2.5026e-07 ,-2.30345 
839,20.975 ,2.40491e-07 ,-2.30573 
840,21 ,2.31068e-07 ,-2.308 
841,21.025 ,2.21978e-07 ,-2.31026 
842,21.05 ,2.13209e-07 ,-2.31252 
843,21.075 ,2.04749e-07 ,-2.31478 
844,21.1 ,1.96584e-07 ,-2.31703 
845,21.125 ,1.88704e-07 ,-2.31927 
846,21.15 ,1.81098e-07 ,-2.32151 
847,21.175 ,1.73755e-07 ,-2.32374 
848,21.2 ,1.66664e-07 ,-2.32597 
849,21.225 ,1.59815e-07 ,-2.32819 
850,21.25 ,1.53199e-07 ,-2.33041 
851,21.275 ,1.46806e-07 ,-2.33262 
852,21.3 ,1.40627e-07 ,-2.33483 
853,21.325 ,1.34653e-07 ,-2.33703 
854,21.35 ,1.28876e-07 ,-2.33922 
855,21.375 ,1.23287e-07 ,-2.34142 
856,21.4 ,1.17879e-07 ,-2.3436 
857,21.425 ,1.12644e-07 ,-2.34578 
858,21.45 ,1.07573e-07 ,-2.34796 
859,21.475 ,1.02661e-07 ,-2.35013 
860,21.5 ,9.78992e-08 ,-2.3523 
861,21.525 ,9.32815e-08 ,-2.35446 
862,21.55 ,8.88011e-08 ,-2.35661 
863,21.575 ,8.44515e-08 ,-2.35876 
864,21.6 ,8.02264e-08 ,-2.36091 
865,21.625 ,7.61197e-08 ,-2.36305 
866,21.65 ,7.21255e-08 ,-2.36519 
867,21.675 ,6.82379e-08 ,-2.36732 
868,21.7 ,6.44512e-08 ,-2.36944 
869,21.725 ,6.076e-08 ,-2.37156 
870,21.75 ,5.71589e-08 ,-2.37368 
871,21.775 ,5.36426e-08 ,-2.37579 
872,21.8 ,5.0206e-08 ,-2.3779 
873,21.825 ,4.6844e-08 ,-2.38 
874,21.85 ,4.35516e-08 ,-2.3821 
875,21.875 ,4.03241e-08 ,-2.38419 
876,21.9 ,3.71568e-08 ,-2.38628 
877,21.925 ,3.40448e-08 ,-2.38836 
878,21.95 ,3.09836e-08 ,-2.39044 
879,21.975 ,2.79688e-08 ,-2.39251 
880,22 ,2.49958e-08 ,-2.39458 
881,22.025 ,2.20602e-08 ,-2.39664 
882,22.05 ,1.91576e-08 ,-2.3987 
883,22.075 ,1.62838e-08 ,-2.40076 
884,22.1 ,1.34344e-08 ,-2.40281 
885,22.125 ,1.06052e-08 ,-2.40485 
886,22.15 ,7.79187e-09 ,-2.40689 
887,22.175 ,4.99031e-09 ,-2.40893 
888,22.2 ,2.19627e-09 ,-2.41096 
889,22.225 ,-5.94469e-10 ,-2.41299 
890,22.25 ,-3.3861e-09 ,-2.41501 
891,22.275 ,-6.18285e-09 ,-2.41703 
892,22.3 ,-8.98894e-09 ,-2.41904 
893,22.325 ,-1.18086e-08 ,-2.42105 
894,22.35 ,-1.46462e-08 ,-2.42305 
895,22.375 ,-1.75059e-08 ,-2.42505 
896,22.4 ,-2.03922e-08 ,-2.42705 
897,22.425 ,-2.33094e-08 ,-2.42904 
898,22.45 ,-2.6262e-08 ,-2.43102 
899,22.475 ,-2.92545e-08 ,-2.43301 
900,22.5 ,-3.22915e-08 ,-2.43498 
901,22.525 ,-3.53777e-08 ,-2.43696 
902,22.55 ,-3.85177e-08 ,-2.43892 
903,22.575 ,-4.17165e-08 ,-2.44089 
904,22.6 ,-4.49789e-08 ,-2.44285 
905,22.625 ,-4.831e-08 ,-2.4448 
906,22.65 ,-5.17149e-08 ,-2.44676 
907,22.675 ,-5.51989e-08 ,-2.4487 
908,22.7 ,-5.87674e-08 ,-2.45065 
909,22.725 ,-6.24259e-08 ,-2.45258 
910,22.75 ,-6.61802e-08 ,-2.45452 
911,22.775 ,-7.0036e-08 ,-2.45645 
912,22.8 ,-7.39993e-08 ,-2.45837 
913,22.825 ,-7.80763e-08 ,-2.4603 
914,22.85 ,-8.22734e-08 ,-2.46221 
915,22.875 ,-8.65971e-08 ,-2.46413 
916,22.9 ,-9.10542e-08 ,-2.46604 
917,22.925 ,-9.56517e-08 ,-2.46794 
918,22.95 ,-1.00397e-07 ,-2.46984 
919,22.975 ,-1.05297e-07 ,-2.47174 
920,23 ,-1.10359e-07 ,-2.47363 
921,23.025 ,-1.15593e-07 ,-2.47552 
922,23.05 ,-1.21005e-07 ,-2.4774 
923,23.075 ,-1.26605e-07 ,-2.47928 
924,23.1 ,-1.324e-07 ,-2.48116 
925,23.125 ,-1.38402e-07 ,-2.48303 
926,23.15 ,-1.44618e-07 ,-2.4849 
927,23.175 ,-1.51058e-07 ,-2.48676 
928,23.2 ,-1.57734e-07 ,-2.48862 
929,23.225 ,-1.64654e-07 ,-2.49048 
930,23.25 ,-1.71832e-07 ,-2.49233 
931,23.275 ,-1.79276e-07 ,-2.49418 
932,23.3 ,-1.87001e-07 ,-2.49602 
933,23.325 ,-1.95017e-07 ,-2.49786 
934,23.35 ,-2.03337e-07 ,-2.4997 
935,23.375 ,-2.11976e-07 ,-2.50153 
936,23.4 ,-2.20945e-07 ,-2.50336 
937,23.425 ,-2.30261e-07 ,-2.50518 
938,23.45 ,-2.39937e-07 ,-2.507 
939,23.475 ,-2.49989e-07 ,-2.50882 
940,23.5 ,-2.60433e-07 ,-2.51063 
941,23.525 ,-2.71286e-07 ,-2.51244 
942,23.55 ,-2.82565e-07 ,-2.51425 
943,23.575 ,-2.94288e-07 ,-2.51605 
944,23.6 ,-3.06474e-07 ,-2.51785 
945,23.625 ,-3.19142e-07 ,-2.51964 
946,23.65 ,-3.32313e-07 ,-2.52143 
947,23.675 ,-3.46007e-07 ,-2.52321 
948,23.7 ,-3.60247e-07 ,-2.525 
949,23.725 ,-3.75056e-07 ,-2.52678 
950,23.75 ,-3.90457e-07 ,-2.52855 
951,23.775 ,-4.06476e-07 ,-2.53032 
952,23.8 ,-4.23137e-07 ,-2.53209 
953,23.825 ,-4.40468e-07 ,-2.53385 
954,23.85 ,-4.58497e-07 ,-2.53561 
955,23.875 ,-4.77252e-07 ,-2.53737 
956,23.9 ,-4.96765e-07 ,-2.53912 
957,23.925 ,-5.17065e-07 ,-2.54087 
958,23.95 ,-5.38187e-07 ,-2.54261 
959,23.975 ,-5.60165e-07 ,-2.54436 
960,24 ,-5.83033e-07 ,-2.54609 
961,24.025 ,-6.06829e-07 ,-2.54783 
962,24.05 ,-6.31592e-07 ,-2.54956 
963,24.075 ,-6.57361e-07 ,-2.55129 
964,24.1 ,-6.84179e-07 ,-2.55301 
965,24.125 ,-7.12088e-07 ,-2.55473 
966,24.15 ,-7.41135e-07 ,-2.55645 
967,24.175 ,-7.71366e-07 ,-2.55816 
968,24.2 ,-8.0283e-07 ,-2.55987 
969,24.225 ,-8.35579e-07 ,-2.56157 
970,24.25 ,-8.69666e-07 ,-2.56328 
971,24.275 ,-9.05146e-07 ,-2.56497 
972,24.3 ,-9.42078e-07 ,-2.56667 
973,24.325 ,-9.80521e-07 ,-2.56836 
974,24.35 ,-1.02054e-06 ,-2.57005 
975,24.375 ,-1.0622e-06 ,-2.57173 
976,24.4 ,-1.10556e-06 ,-2.57342 
977,24.425 ,-1.1507e-06 ,-2.57509 
978,24.45 ,-1.1977e-06 ,-2.57677 
979,24.475 ,-1.24662e-06 ,-2.57844 
980,24.5 ,-1.29755e-06 ,-2.58011 
981,24.525 ,-1.35058e-06 ,-2.58177 
982,24.55 ,-1.40579e-06 ,-2.58343 
983,24.575 ,-1.46326e-06 ,-2.58509 
984,24.6 ,-1.5231e-06 ,-2.58674 
985,24.625 ,-1.58541e-06 ,-2.58839 
986,24.65 ,-1.65027e-06 ,-2.59004 
987,24.675 ,-1.71781e-06 ,-2.59169 
988,24.7 ,-1.78814e-06 ,-2.59333 
989,24.725 ,-1.86136e-06 ,-2.59496 
990,24.75 ,-1.9376e-06 ,-2.5966 
991,24.775 ,-2.01698e-06 ,-2.59823 
992,24.8 ,-2.09965e-06 ,-2.59986 
993,24.825 ,-2.18572e-06 ,-2.60148 
994,24.85 ,-2.27535e-06 ,-2.6031 
995,24.875 ,-2.36868e-06 ,-2.60472 
996,24.9 ,-2.46587e-06 ,-2.60633 
997,24.925 ,-2.56707e-06 ,-2.60795 
998,24.95 ,-2.67246e-06 ,-2.60955 
999,24.975 ,-2.78221e-06 ,-2.61116 
1000,25 ,-2.8965e-06 ,-2.61276 