N_e = 20
1,0.02 ,6.88042e-07 ,-14994.6 
2,0.04 ,6.88042e-07 ,-3744.63 
3,0.06 ,1.45664e-06 ,-1661.29 
4,0.08 ,2.5704e-06 ,-932.146 
5,0.1 ,4.00851e-06 ,-594.642 
6,0.12 ,5.76662e-06 ,-411.332 
7,0.14 ,7.84277e-06 ,-300.781 
8,0.16 ,1.02354e-05 ,-229.057 
9,0.18 ,1.29431e-05 ,-179.856 
10,0.2 ,1.59641e-05 ,-144.731 
11,0.22 ,1.92969e-05 ,-118.683 
12,0.24 ,2.29397e-05 ,-98.9472 
13,0.26 ,2.68907e-05 ,-83.5195 
14,0.28 ,3.11477e-05 ,-71.3561 
15,0.3 ,3.57088e-05 ,-61.4701 
16,0.32 ,4.05715e-05 ,-53.494 
17,0.34 ,4.57344e-05 ,-46.778 
18,0.36 ,5.11946e-05 ,-41.27 
19,0.38 ,5.69507e-05 ,-36.4963 
20,0.4 ,6.29996e-05 ,-32.5395 
21,0.42 ,6.93401e-05 ,-29.0214 
22,0.44 ,7.59687e-05 ,-26.1241 
23,0.46 ,8.28853e-05 ,-23.4531 
24,0.48 ,9.00861e-05 ,-21.2624 
25,0.5 ,9.75713e-05 ,-19.1834 
26,0.52 ,0.000105337 ,-17.4877 
27,0.54 ,0.000113384 ,-15.8346 
28,0.56 ,0.000121707 ,-14.5323 
29,0.58 ,0.000130309 ,-13.1935 
30,0.6 ,0.000139186 ,-12.16 
31,0.62 ,0.00014834 ,-11.058 
32,0.64 ,0.000157766 ,-10.2216 
33,0.66 ,0.000167467 ,-9.30137 
34,0.68 ,0.00017744 ,-8.64954 
35,0.7 ,0.000187687 ,-7.87123 
36,0.72 ,0.000198205 ,-7.33806 
37,0.74 ,0.000209 ,-6.67215 
38,0.76 ,0.000220065 ,-6.22568 
39,0.78 ,0.000231406 ,-5.64997 
40,0.8 ,0.000243019 ,-5.30534 
41,0.82 ,0.000254911 ,-4.80292 
42,0.84 ,0.000267076 ,-4.51391 
43,0.86 ,0.000279524 ,-4.07168 
44,0.88 ,0.000292248 ,-3.82066 
45,0.9 ,0.000305256 ,-3.42838 
46,0.92 ,0.000318542 ,-3.24111 
47,0.94 ,0.000332118 ,-2.89067 
48,0.96 ,0.000345977 ,-2.72895 
49,0.98 ,0.00036013 ,-2.41388 
50,1 ,0.00037457 ,-2.26619 
51,1.02 ,0.000389308 ,-1.98126 
52,1.04 ,0.000404337 ,-1.87814 
53,1.06 ,0.00041967 ,-1.61911 
54,1.08 ,0.000435301 ,-1.52607 
55,1.1 ,0.000451242 ,-1.28946 
56,1.12 ,0.000467487 ,-1.19797 
57,1.14 ,0.000484046 ,-0.980883 
58,1.16 ,0.000500912 ,-0.923847 
59,1.18 ,0.000518099 ,-0.723898 
60,1.2 ,0.000535602 ,-0.668759 
61,1.22 ,0.000553434 ,-0.483936 
62,1.24 ,0.000571587 ,-0.423701 
63,1.26 ,0.000590072 ,-0.252303 
64,1.28 ,0.000608883 ,-0.22114 
65,1.3 ,0.000628035 ,-0.0617229 
66,1.32 ,0.00064752 ,-0.0281066 
67,1.34 ,0.000667354 ,0.120566 
68,1.36 ,0.000687527 ,0.162792 
69,1.38 ,0.000708052 ,0.301789 
70,1.4 ,0.00072892 ,0.317773 
71,1.42 ,0.000750148 ,0.44802 
72,1.44 ,0.000771729 ,0.468735 
73,1.46 ,0.000793676 ,0.591039 
74,1.48 ,0.000815983 ,0.622191 
75,1.5 ,0.000838659 ,0.737264 
76,1.52 ,0.000861696 ,0.743641 
77,1.54 ,0.000885112 ,0.852108 
78,1.56 ,0.0009089 ,0.864393 
79,1.58 ,0.000933073 ,0.966811 
80,1.6 ,0.000957623 ,0.990479 
81,1.62 ,0.000982561 ,1.08734 
82,1.64 ,0.00100788 ,1.087 
83,1.66 ,0.00103359 ,1.17876 
84,1.68 ,0.0010597 ,1.18494 
85,1.7 ,0.00108621 ,1.27199 
86,1.72 ,0.00111311 ,1.29006 
87,1.74 ,0.00114042 ,1.37277 
88,1.76 ,0.00116813 ,1.36724 
89,1.78 ,0.00119626 ,1.44594 
90,1.8 ,0.00122479 ,1.44728 
91,1.82 ,0.00125375 ,1.52226 
92,1.84 ,0.00128312 ,1.53579 
93,1.86 ,0.00131292 ,1.60733 
94,1.88 ,0.00134314 ,1.59752 
95,1.9 ,0.00137379 ,1.66586 
96,1.92 ,0.00140488 ,1.66317 
97,1.94 ,0.00143641 ,1.72853 
98,1.96 ,0.00146837 ,1.73824 
99,1.98 ,0.00150079 ,1.80085 
100,2 ,0.00153364 ,1.78742 
101,2.02 ,0.00156696 ,1.84746 
102,2.04 ,0.00160072 ,1.84133 
103,2.06 ,0.00163496 ,1.89898 
104,2.08 ,0.00166966 ,1.90544 
105,2.1 ,0.00170484 ,1.96086 
106,2.12 ,0.00174047 ,1.94437 
107,2.14 ,0.0017766 ,1.99771 
108,2.16 ,0.0018132 ,1.9887 
109,2.18 ,0.00185031 ,2.0401 
110,2.2 ,0.0018879 ,2.04386 
111,2.22 ,0.001926 ,2.09344 
112,2.24 ,0.00196459 ,2.07444 
113,2.26 ,0.00200369 ,2.12232 
114,2.28 ,0.00204331 ,2.111 
115,2.3 ,0.00208347 ,2.15729 
116,2.32 ,0.00212414 ,2.15893 
117,2.34 ,0.00216535 ,2.20374 
118,2.36 ,0.00220708 ,2.18281 
119,2.38 ,0.00224938 ,2.22621 
120,2.4 ,0.00229221 ,2.21316 
121,2.42 ,0.00233562 ,2.25526 
122,2.44 ,0.00237959 ,2.25538 
123,2.46 ,0.00242413 ,2.29623 
124,2.48 ,0.00246923 ,2.27399 
125,2.5 ,0.00251494 ,2.31369 
126,2.52 ,0.00256122 ,2.29953 
127,2.54 ,0.00260812 ,2.33813 
128,2.56 ,0.00265562 ,2.33735 
129,2.58 ,0.00270374 ,2.37491 
130,2.6 ,0.00275246 ,2.35198 
131,2.62 ,0.00280183 ,2.38857 
132,2.64 ,0.00285182 ,2.37392 
133,2.66 ,0.00290247 ,2.40959 
134,2.68 ,0.00295377 ,2.40852 
135,2.7 ,0.00300573 ,2.44331 
136,2.72 ,0.00305835 ,2.42029 
137,2.74 ,0.00311164 ,2.45424 
138,2.76 ,0.00316562 ,2.43971 
139,2.78 ,0.00322031 ,2.47287 
140,2.8 ,0.00327568 ,2.47212 
141,2.82 ,0.00333177 ,2.50452 
142,2.84 ,0.00338856 ,2.48199 
143,2.86 ,0.00344608 ,2.51367 
144,2.88 ,0.00350432 ,2.49981 
145,2.9 ,0.00356333 ,2.53079 
146,2.92 ,0.00362307 ,2.53087 
147,2.94 ,0.00368358 ,2.56118 
148,2.96 ,0.00374482 ,2.53966 
149,2.98 ,0.00380685 ,2.56933 
150,3 ,0.00386966 ,2.55661 
151,3.02 ,0.00393327 ,2.58567 
152,3.04 ,0.00399767 ,2.58703 
153,3.06 ,0.00406286 ,2.61549 
154,3.08 ,0.00412885 ,2.59536 
155,3.1 ,0.00419567 ,2.62324 
156,3.12 ,0.0042633 ,2.61204 
157,3.14 ,0.00433178 ,2.63936 
158,3.16 ,0.0044011 ,2.64233 
159,3.18 ,0.00447125 ,2.66911 
160,3.2 ,0.00454223 ,2.65068 
161,3.22 ,0.00461408 ,2.67692 
162,3.24 ,0.00468679 ,2.6675 
163,3.26 ,0.00476038 ,2.69322 
164,3.28 ,0.00483483 ,2.69803 
165,3.3 ,0.00491016 ,2.72324 
166,3.32 ,0.00498635 ,2.7067 
167,3.34 ,0.00506344 ,2.73141 
168,3.36 ,0.00514141 ,2.7239 
169,3.38 ,0.00522029 ,2.74813 
170,3.4 ,0.00530007 ,2.75488 
171,3.42 ,0.00538074 ,2.77862 
172,3.44 ,0.00546228 ,2.76403 
173,3.46 ,0.00554475 ,2.7873 
174,3.48 ,0.00562812 ,2.78174 
175,3.5 ,0.00571241 ,2.80454 
176,3.52 ,0.00579761 ,2.81322 
177,3.54 ,0.00588372 ,2.83557 
178,3.56 ,0.00597071 ,2.82289 
179,3.58 ,0.00605862 ,2.84479 
180,3.6 ,0.00614744 ,2.84109 
181,3.62 ,0.00623718 ,2.86254 
182,3.64 ,0.00632783 ,2.87305 
183,3.66 ,0.00641938 ,2.89406 
184,3.68 ,0.0065118 ,2.88315 
185,3.7 ,0.00660514 ,2.90373 
186,3.72 ,0.00669937 ,2.90175 
187,3.74 ,0.00679451 ,2.9219 
188,3.76 ,0.00689054 ,2.93406 
189,3.78 ,0.00698744 ,2.95378 
190,3.8 ,0.00708519 ,2.94445 
191,3.82 ,0.00718383 ,2.96375 
192,3.84 ,0.00728333 ,2.96328 
193,3.86 ,0.0073837 ,2.98216 
194,3.88 ,0.00748493 ,2.99574 
195,3.9 ,0.007587 ,3.01422 
196,3.92 ,0.00768986 ,3.00622 
197,3.94 ,0.00779357 ,3.02429 
198,3.96 ,0.00789809 ,3.02507 
199,3.98 ,0.00800344 ,3.04273 
200,4 ,0.00810959 ,3.05748 
201,4.02 ,0.00821651 ,3.07475 
202,4.04 ,0.00832417 ,3.06783 
203,4.06 ,0.00843261 ,3.0847 
204,4.08 ,0.0085418 ,3.08647 
205,4.1 ,0.00865174 ,3.10295 
206,4.12 ,0.00876241 ,3.1186 
207,4.14 ,0.00887378 ,3.13469 
208,4.16 ,0.00898581 ,3.12859 
209,4.18 ,0.00909853 ,3.14431 
210,4.2 ,0.00921192 ,3.1468 
211,4.22 ,0.00932597 ,3.16214 
212,4.24 ,0.00944067 ,3.17843 
213,4.26 ,0.00955597 ,3.1934 
214,4.28 ,0.00967183 ,3.18785 
215,4.3 ,0.00978828 ,3.20246 
216,4.32 ,0.0099053 ,3.20543 
217,4.34 ,0.0100229 ,3.21968 
218,4.36 ,0.010141 ,3.23637 
219,4.38 ,0.0102596 ,3.25026 
220,4.4 ,0.0103787 ,3.24505 
221,4.42 ,0.0104982 ,3.25859 
222,4.44 ,0.0106182 ,3.26184 
223,4.46 ,0.0107387 ,3.27503 
224,4.48 ,0.0108595 ,3.29193 
225,4.5 ,0.0109808 ,3.30479 
226,4.52 ,0.0111023 ,3.29973 
227,4.54 ,0.0112242 ,3.31226 
228,4.56 ,0.0113465 ,3.31559 
229,4.58 ,0.011469 ,3.3278 
230,4.6 ,0.0115919 ,3.34473 
231,4.62 ,0.0117149 ,3.35663 
232,4.64 ,0.0118382 ,3.35155 
233,4.66 ,0.0119617 ,3.36313 
234,4.68 ,0.0120854 ,3.36641 
235,4.7 ,0.0122092 ,3.37769 
236,4.72 ,0.0123332 ,3.39454 
237,4.74 ,0.0124573 ,3.40552 
238,4.76 ,0.0125814 ,3.40032 
239,4.78 ,0.0127056 ,3.41102 
240,4.8 ,0.0128299 ,3.41415 
241,4.82 ,0.0129542 ,3.42456 
242,4.84 ,0.0130785 ,3.44123 
243,4.86 ,0.0132027 ,3.45137 
244,4.88 ,0.0133268 ,3.44598 
245,4.9 ,0.0134508 ,3.45585 
246,4.92 ,0.0135747 ,3.45876 
247,4.94 ,0.0136986 ,3.46838 
248,4.96 ,0.0138222 ,3.48481 
249,4.98 ,0.0139457 ,3.49418 
250,5 ,0.0140688 ,3.48854 
251,5.02 ,0.0141918 ,3.49766 
252,5.04 ,0.0143145 ,3.50031 
253,5.06 ,0.0144369 ,3.5092 
254,5.08 ,0.014559 ,3.52537 
255,5.1 ,0.0146807 ,3.53403 
256,5.12 ,0.014802 ,3.52812 
257,5.14 ,0.014923 ,3.53656 
258,5.16 ,0.0150435 ,3.53894 
259,5.18 ,0.0151635 ,3.54716 
260,5.2 ,0.0152832 ,3.56306 
261,5.22 ,0.0154022 ,3.57107 
262,5.24 ,0.0155207 ,3.56489 
263,5.26 ,0.0156387 ,3.57269 
264,5.28 ,0.0157561 ,3.5748 
265,5.3 ,0.0158729 ,3.58241 
266,5.32 ,0.015989 ,3.59805 
267,5.34 ,0.0161045 ,3.60546 
268,5.36 ,0.0162193 ,3.59902 
269,5.38 ,0.0163333 ,3.60625 
270,5.4 ,0.0164466 ,3.60811 
271,5.42 ,0.0165592 ,3.61515 
272,5.44 ,0.016671 ,3.63054 
273,5.46 ,0.0167819 ,3.6374 
274,5.48 ,0.016892 ,3.63072 
275,5.5 ,0.0170012 ,3.63741 
276,5.52 ,0.0171095 ,3.63903 
277,5.54 ,0.0172169 ,3.64556 
278,5.56 ,0.0173234 ,3.66072 
279,5.58 ,0.0174289 ,3.66707 
280,5.6 ,0.0175333 ,3.66017 
281,5.62 ,0.0176368 ,3.66636 
282,5.64 ,0.0177392 ,3.66777 
283,5.66 ,0.0178405 ,3.67381 
284,5.68 ,0.0179408 ,3.68875 
285,5.7 ,0.01804 ,3.69464 
286,5.72 ,0.0181379 ,3.68753 
287,5.74 ,0.0182347 ,3.69326 
288,5.76 ,0.0183303 ,3.69447 
289,5.78 ,0.0184247 ,3.70005 
290,5.8 ,0.0185179 ,3.7148 
291,5.82 ,0.0186098 ,3.72024 
292,5.84 ,0.0187004 ,3.71294 
293,5.86 ,0.0187897 ,3.71824 
294,5.88 ,0.0188777 ,3.71926 
295,5.9 ,0.0189643 ,3.72441 
296,5.92 ,0.0190496 ,3.73898 
297,5.94 ,0.0191335 ,3.744 
298,5.96 ,0.0192158 ,3.73652 
299,5.98 ,0.0192968 ,3.7414 
300,6 ,0.0193763 ,3.74224 
301,6.02 ,0.0194544 ,3.74699 
302,6.04 ,0.019531 ,3.76138 
303,6.06 ,0.019606 ,3.76599 
304,6.08 ,0.0196794 ,3.75833 
305,6.1 ,0.0197513 ,3.76282 
306,6.12 ,0.0198216 ,3.76349 
307,6.14 ,0.0198904 ,3.76784 
308,6.16 ,0.0199576 ,3.78206 
309,6.18 ,0.020023 ,3.78628 
310,6.2 ,0.0200868 ,3.77845 
311,6.22 ,0.0201489 ,3.78255 
312,6.24 ,0.0202093 ,3.78304 
313,6.26 ,0.0202681 ,3.78701 
314,6.28 ,0.0203252 ,3.80105 
315,6.3 ,0.0203804 ,3.8049 
316,6.32 ,0.0204339 ,3.79689 
317,6.34 ,0.0204856 ,3.80061 
318,6.36 ,0.0205355 ,3.80092 
319,6.38 ,0.0205837 ,3.80451 
320,6.4 ,0.0206301 ,3.81837 
321,6.42 ,0.0206746 ,3.82184 
322,6.44 ,0.0207172 ,3.81364 
323,6.46 ,0.0207579 ,3.81699 
324,6.48 ,0.0207968 ,3.81711 
325,6.5 ,0.0208339 ,3.82034 
326,6.52 ,0.0208691 ,3.834 
327,6.54 ,0.0209023 ,3.8371 
328,6.56 ,0.0209336 ,3.8287 
329,6.58 ,0.020963 ,3.83168 
330,6.6 ,0.0209904 ,3.83159 
331,6.62 ,0.021016 ,3.83445 
332,6.64 ,0.0210396 ,3.8479 
333,6.66 ,0.0210612 ,3.85064 
334,6.68 ,0.0210807 ,3.84202 
335,6.7 ,0.0210983 ,3.84463 
336,6.72 ,0.021114 ,3.84432 
337,6.74 ,0.0211277 ,3.84681 
338,6.76 ,0.0211394 ,3.86003 
339,6.78 ,0.0211491 ,3.8624 
340,6.8 ,0.0211567 ,3.85354 
341,6.82 ,0.0211623 ,3.85579 
342,6.84 ,0.021166 ,3.85523 
343,6.86 ,0.0211676 ,3.85735 
344,6.88 ,0.0211673 ,3.87032 
345,6.9 ,0.0211649 ,3.87232 
346,6.92 ,0.0211604 ,3.8632 
347,6.94 ,0.021154 ,3.86508 
348,6.96 ,0.0211455 ,3.86425 
349,6.98 ,0.021135 ,3.86601 
350,7 ,0.0211226 ,3.87869 
351,7.02 ,0.0211081 ,3.88033 
352,7.04 ,0.0210915 ,3.87092 
353,7.06 ,0.0210729 ,3.87244 
354,7.08 ,0.0210524 ,3.87132 
355,7.1 ,0.0210298 ,3.87271 
356,7.12 ,0.0210053 ,3.88509 
357,7.14 ,0.0209788 ,3.88636 
358,7.16 ,0.0209502 ,3.87665 
359,7.18 ,0.0209197 ,3.87779 
360,7.2 ,0.0208872 ,3.87636 
361,7.22 ,0.0208528 ,3.87738 
362,7.24 ,0.0208165 ,3.88945 
363,7.26 ,0.0207781 ,3.89035 
364,7.28 ,0.0207378 ,3.88031 
365,7.3 ,0.0206956 ,3.88109 
366,7.32 ,0.0206514 ,3.87933 
367,7.34 ,0.0206054 ,3.87999 
368,7.36 ,0.0205576 ,3.89172 
369,7.38 ,0.0205078 ,3.89226 
370,7.4 ,0.0204561 ,3.88188 
371,7.42 ,0.0204026 ,3.8823 
372,7.44 ,0.0203472 ,3.88019 
373,7.46 ,0.0202901 ,3.8805 
374,7.48 ,0.0202311 ,3.89188 
375,7.5 ,0.0201704 ,3.89207 
376,7.52 ,0.0201078 ,3.88134 
377,7.54 ,0.0200435 ,3.88141 
378,7.56 ,0.0199774 ,3.87895 
379,7.58 ,0.0199097 ,3.87891 
380,7.6 ,0.0198403 ,3.88994 
381,7.62 ,0.0197691 ,3.88978 
382,7.64 ,0.0196963 ,3.8787 
383,7.66 ,0.0196218 ,3.87844 
384,7.68 ,0.0195457 ,3.87562 
385,7.7 ,0.019468 ,3.87525 
386,7.72 ,0.0193888 ,3.88592 
387,7.74 ,0.0193079 ,3.88544 
388,7.76 ,0.0192255 ,3.874 
389,7.78 ,0.0191416 ,3.87342 
390,7.8 ,0.0190562 ,3.87024 
391,7.82 ,0.0189693 ,3.86955 
392,7.84 ,0.0188811 ,3.87986 
393,7.86 ,0.0187913 ,3.87908 
394,7.88 ,0.0187002 ,3.86727 
395,7.9 ,0.0186076 ,3.8664 
396,7.92 ,0.0185137 ,3.86285 
397,7.94 ,0.0184185 ,3.86188 
398,7.96 ,0.0183221 ,3.87182 
399,7.98 ,0.0182243 ,3.87075 
400,8 ,0.0181252 ,3.85858 
401,8.02 ,0.018025 ,3.85742 
402,8.04 ,0.0179235 ,3.85351 
403,8.06 ,0.0178209 ,3.85226 
404,8.08 ,0.0177172 ,3.86183 
405,8.1 ,0.0176123 ,3.8605 
406,8.12 ,0.0175062 ,3.84795 
407,8.14 ,0.0173991 ,3.84653 
408,8.16 ,0.017291 ,3.84225 
409,8.18 ,0.017182 ,3.84074 
410,8.2 ,0.0170719 ,3.84994 
411,8.22 ,0.0169609 ,3.84836 
412,8.24 ,0.0168488 ,3.83543 
413,8.26 ,0.0167359 ,3.83377 
414,8.28 ,0.0166222 ,3.8291 
415,8.3 ,0.0165076 ,3.82736 
416,8.32 ,0.0163922 ,3.83617 
417,8.34 ,0.016276 ,3.83435 
418,8.36 ,0.016159 ,3.82104 
419,8.38 ,0.0160413 ,3.81915 
420,8.4 ,0.0159229 ,3.81409 
421,8.42 ,0.0158038 ,3.81212 
422,8.44 ,0.0156841 ,3.82054 
423,8.46 ,0.0155638 ,3.8185 
424,8.48 ,0.0154428 ,3.80479 
425,8.5 ,0.0153213 ,3.80268 
426,8.52 ,0.0151992 ,3.79722 
427,8.54 ,0.0150767 ,3.79504 
428,8.56 ,0.0149537 ,3.80305 
429,8.58 ,0.0148302 ,3.8008 
430,8.6 ,0.0147062 ,3.78668 
431,8.62 ,0.0145819 ,3.78436 
432,8.64 ,0.0144572 ,3.77848 
433,8.66 ,0.0143321 ,3.7761 
434,8.68 ,0.0142068 ,3.78369 
435,8.7 ,0.0140812 ,3.78124 
436,8.72 ,0.0139552 ,3.76669 
437,8.74 ,0.013829 ,3.76418 
438,8.76 ,0.0137027 ,3.75787 
439,8.78 ,0.0135761 ,3.7553 
440,8.8 ,0.0134495 ,3.76244 
441,8.82 ,0.0133226 ,3.75981 
442,8.84 ,0.0131956 ,3.74482 
443,8.86 ,0.0130686 ,3.74212 
444,8.88 ,0.0129415 ,3.73536 
445,8.9 ,0.0128144 ,3.73261 
446,8.92 ,0.0126873 ,3.7393 
447,8.94 ,0.0125602 ,3.73649 
448,8.96 ,0.0124331 ,3.72103 
449,8.98 ,0.0123061 ,3.71816 
450,9 ,0.0121792 ,3.71093 
451,9.02 ,0.0120524 ,3.70801 
452,9.04 ,0.0119258 ,3.71422 
453,9.06 ,0.0117993 ,3.71124 
454,9.08 ,0.0116729 ,3.6953 
455,9.1 ,0.0115468 ,3.69227 
456,9.12 ,0.0114209 ,3.68454 
457,9.14 ,0.0112953 ,3.68147 
458,9.16 ,0.01117 ,3.68718 
459,9.18 ,0.0110449 ,3.68405 
460,9.2 ,0.0109202 ,3.6676 
461,9.22 ,0.0107957 ,3.66442 
462,9.24 ,0.0106717 ,3.65618 
463,9.26 ,0.010548 ,3.65295 
464,9.28 ,0.0104247 ,3.65815 
465,9.3 ,0.0103019 ,3.65487 
466,9.32 ,0.0101794 ,3.6379 
467,9.34 ,0.0100574 ,3.63458 
468,9.36 ,0.00993587 ,3.62581 
469,9.38 ,0.00981485 ,3.62244 
470,9.4 ,0.00969436 ,3.6271 
471,9.42 ,0.00957436 ,3.62368 
472,9.44 ,0.00945488 ,3.60617 
473,9.46 ,0.00933596 ,3.60271 
474,9.48 ,0.00921763 ,3.59339 
475,9.5 ,0.0090999 ,3.58989 
476,9.52 ,0.00898279 ,3.594 
477,9.54 ,0.00886628 ,3.59046 
478,9.56 ,0.00875038 ,3.57238 
479,9.58 ,0.00863514 ,3.5688 
480,9.6 ,0.00852057 ,3.55891 
481,9.62 ,0.0084067 ,3.55529 
482,9.64 ,0.00829353 ,3.55883 
483,9.66 ,0.00818104 ,3.55516 
484,9.68 ,0.00806925 ,3.53651 
485,9.7 ,0.00795819 ,3.53281 
486,9.72 ,0.00784788 ,3.52235 
487,9.74 ,0.00773834 ,3.51861 
488,9.76 ,0.00762958 ,3.52157 
489,9.78 ,0.00752157 ,3.51779 
490,9.8 ,0.00741432 ,3.49856 
491,9.82 ,0.00730788 ,3.49475 
492,9.84 ,0.00720225 ,3.4837 
493,9.86 ,0.00709745 ,3.47985 
494,9.88 ,0.00699348 ,3.48221 
495,9.9 ,0.00689032 ,3.47833 
496,9.92 ,0.00678799 ,3.4585 
497,9.94 ,0.00668651 ,3.45459 
498,9.96 ,0.00658589 ,3.44294 
499,9.98 ,0.00648615 ,3.43899 
500,10 ,0.00638729 ,3.44076 
501,10.02 ,0.00628929 ,3.43678 
502,10.04 ,0.00619215 ,3.41635 
503,10.06 ,0.00609591 ,3.41234 
504,10.08 ,0.00600056 ,3.40009 
505,10.1 ,0.00590613 ,3.39605 
506,10.12 ,0.00581261 ,3.39722 
507,10.14 ,0.00571998 ,3.39314 
508,10.16 ,0.00562825 ,3.37212 
509,10.18 ,0.00553744 ,3.36802 
510,10.2 ,0.00544755 ,3.35517 
511,10.22 ,0.0053586 ,3.35104 
512,10.24 ,0.00527058 ,3.35161 
513,10.26 ,0.00518347 ,3.34745 
514,10.28 ,0.00509728 ,3.32582 
515,10.3 ,0.00501203 ,3.32164 
516,10.32 ,0.00492771 ,3.3082 
517,10.34 ,0.00484434 ,3.30399 
518,10.36 ,0.00476191 ,3.30396 
519,10.38 ,0.0046804 ,3.29972 
520,10.4 ,0.00459982 ,3.27751 
521,10.42 ,0.00452018 ,3.27325 
522,10.44 ,0.00444148 ,3.25922 
523,10.46 ,0.00436372 ,3.25493 
524,10.48 ,0.0042869 ,3.25432 
525,10.5 ,0.00421101 ,3.25001 
526,10.52 ,0.00413604 ,3.22722 
527,10.54 ,0.00406201 ,3.22289 
528,10.56 ,0.0039889 ,3.20829 
529,10.58 ,0.00391674 ,3.20393 
530,10.6 ,0.0038455 ,3.20275 
531,10.62 ,0.00377518 ,3.19837 
532,10.64 ,0.00370576 ,3.17502 
533,10.66 ,0.00363727 ,3.17061 
534,10.68 ,0.0035697 ,3.15546 
535,10.7 ,0.00350304 ,3.15103 
536,10.72 ,0.00343729 ,3.14931 
537,10.74 ,0.00337244 ,3.14486 
538,10.76 ,0.00330848 ,3.12097 
539,10.78 ,0.00324541 ,3.1165 
540,10.8 ,0.00318324 ,3.10082 
541,10.82 ,0.00312196 ,3.09633 
542,10.84 ,0.00306157 ,3.09408 
543,10.86 ,0.00300204 ,3.08957 
544,10.88 ,0.00294338 ,3.06516 
545,10.9 ,0.00288558 ,3.06063 
546,10.92 ,0.00282865 ,3.04444 
547,10.94 ,0.00277258 ,3.03989 
548,10.96 ,0.00271736 ,3.03714 
549,10.98 ,0.00266298 ,3.03257 
550,11 ,0.00260942 ,3.00768 
551,11.02 ,0.00255671 ,3.00309 
552,11.04 ,0.00250481 ,2.98642 
553,11.06 ,0.00245374 ,2.98181 
554,11.08 ,0.00240349 ,2.9786 
555,11.1 ,0.00235403 ,2.97398 
556,11.12 ,0.00230536 ,2.94862 
557,11.14 ,0.00225749 ,2.94398 
558,11.16 ,0.00221041 ,2.92686 
559,11.18 ,0.0021641 ,2.9222 
560,11.2 ,0.00211857 ,2.91855 
561,11.22 ,0.0020738 ,2.91388 
562,11.24 ,0.00202978 ,2.8881 
563,11.26 ,0.0019865 ,2.8834 
564,11.28 ,0.00194397 ,2.86587 
565,11.3 ,0.00190218 ,2.86116 
566,11.32 ,0.00186111 ,2.85711 
567,11.34 ,0.00182076 ,2.85238 
568,11.36 ,0.00178111 ,2.82622 
569,11.38 ,0.00174217 ,2.82147 
570,11.4 ,0.00170393 ,2.80356 
571,11.42 ,0.00166637 ,2.7988 
572,11.44 ,0.0016295 ,2.79439 
573,11.46 ,0.00159329 ,2.7896 
574,11.48 ,0.00155774 ,2.76309 
575,11.5 ,0.00152285 ,2.75829 
576,11.52 ,0.00148861 ,2.74004 
577,11.54 ,0.00145501 ,2.73523 
578,11.56 ,0.00142204 ,2.73049 
579,11.58 ,0.0013897 ,2.72566 
580,11.6 ,0.00135796 ,2.69882 
581,11.62 ,0.00132684 ,2.69397 
582,11.64 ,0.00129631 ,2.67543 
583,11.66 ,0.00126638 ,2.67058 
584,11.68 ,0.00123704 ,2.6656 
585,11.7 ,0.00120827 ,2.66081 
586,11.72 ,0.00118006 ,2.63383 
587,11.74 ,0.00115242 ,2.6291 
588,11.76 ,0.00112532 ,2.6105 
589,11.78 ,0.00109878 ,2.60583 
590,11.8 ,0.00107277 ,2.60084 
591,11.82 ,0.00104728 ,2.59623 
592,11.84 ,0.00102231 ,2.56924 
593,11.86 ,0.000997861 ,2.56469 
594,11.88 ,0.000973913 ,2.54609 
595,11.9 ,0.000950464 ,2.5416 
596,11.92 ,0.000927504 ,2.53661 
597,11.94 ,0.000905024 ,2.53218 
598,11.96 ,0.000883014 ,2.50521 
599,11.98 ,0.000861472 ,2.50084 
600,12 ,0.000840388 ,2.48227 
601,12.02 ,0.000819757 ,2.47794 
602,12.04 ,0.000799569 ,2.473 
603,12.06 ,0.000779816 ,2.46874 
604,12.08 ,0.000760489 ,2.44182 
605,12.1 ,0.000741584 ,2.43761 
606,12.12 ,0.000723093 ,2.4191 
607,12.14 ,0.000705011 ,2.41495 
608,12.16 ,0.000687328 ,2.41007 
609,12.18 ,0.000670036 ,2.40597 
610,12.2 ,0.000653128 ,2.37913 
611,12.22 ,0.000636599 ,2.37509 
612,12.24 ,0.000620442 ,2.35666 
613,12.26 ,0.000604651 ,2.35267 
614,12.28 ,0.000589219 ,2.34789 
615,12.3 ,0.000574137 ,2.34395 
616,12.32 ,0.000559398 ,2.31721 
617,12.34 ,0.000544998 ,2.31332 
618,12.36 ,0.00053093 ,2.29501 
619,12.38 ,0.00051719 ,2.29117 
620,12.4 ,0.000503768 ,2.28651 
621,12.42 ,0.00049066 ,2.28273 
622,12.44 ,0.000477856 ,2.25612 
623,12.46 ,0.000465354 ,2.25238 
624,12.48 ,0.000453147 ,2.23421 
625,12.5 ,0.000441231 ,2.23052 
626,12.52 ,0.000429598 ,2.226 
627,12.54 ,0.000418242 ,2.22236 
628,12.56 ,0.000407157 ,2.19591 
629,12.58 ,0.000396339 ,2.19232 
630,12.6 ,0.000385782 ,2.1743 
631,12.62 ,0.000375481 ,2.17076 
632,12.64 ,0.000365431 ,2.1664 
633,12.66 ,0.000355626 ,2.16291 
634,12.68 ,0.000346059 ,2.13662 
635,12.7 ,0.000336728 ,2.13317 
636,12.72 ,0.000327626 ,2.11533 
637,12.74 ,0.000318751 ,2.11193 
638,12.76 ,0.000310095 ,2.10776 
639,12.78 ,0.000301655 ,2.1044 
640,12.8 ,0.000293424 ,2.0783 
641,12.82 ,0.0002854 ,2.07499 
642,12.84 ,0.000277577 ,2.05734 
643,12.86 ,0.000269953 ,2.05408 
644,12.88 ,0.000262521 ,2.0501 
645,12.9 ,0.000255277 ,2.04688 
646,12.92 ,0.000248217 ,2.02099 
647,12.94 ,0.000241337 ,2.01781 
648,12.96 ,0.000234633 ,2.00037 
649,12.98 ,0.000228102 ,1.99723 
650,13 ,0.00022174 ,1.99348 
651,13.02 ,0.000215541 ,1.99038 
652,13.04 ,0.000209502 ,1.96471 
653,13.06 ,0.00020362 ,1.96165 
654,13.08 ,0.000197892 ,1.94444 
655,13.1 ,0.000192313 ,1.94142 
656,13.12 ,0.000186881 ,1.93789 
657,13.14 ,0.000181591 ,1.93492 
658,13.16 ,0.00017644 ,1.90948 
659,13.18 ,0.000171425 ,1.90655 
660,13.2 ,0.000166543 ,1.88956 
661,13.22 ,0.000161792 ,1.88667 
662,13.24 ,0.000157166 ,1.88338 
663,13.26 ,0.000152664 ,1.88052 
664,13.28 ,0.000148282 ,1.85532 
665,13.3 ,0.000144018 ,1.8525 
666,13.32 ,0.000139868 ,1.83576 
667,13.34 ,0.000135831 ,1.83299 
668,13.36 ,0.000131903 ,1.82993 
669,13.38 ,0.000128081 ,1.8272 
670,13.4 ,0.000124363 ,1.80224 
671,13.42 ,0.000120746 ,1.79953 
672,13.44 ,0.000117228 ,1.78304 
673,13.46 ,0.000113807 ,1.78037 
674,13.48 ,0.000110479 ,1.77757 
675,13.5 ,0.000107243 ,1.77494 
676,13.52 ,0.000104096 ,1.75024 
677,13.54 ,0.000101036 ,1.74764 
678,13.56 ,9.80602e-05 ,1.7314 
679,13.58 ,9.51676e-05 ,1.72884 
680,13.6 ,9.23556e-05 ,1.72629 
681,13.62 ,8.96218e-05 ,1.72376 
682,13.64 ,8.69641e-05 ,1.69931 
683,13.66 ,8.4381e-05 ,1.69682 
684,13.68 ,8.18705e-05 ,1.68083 
685,13.7 ,7.94307e-05 ,1.67837 
686,13.72 ,7.70598e-05 ,1.67608 
687,13.74 ,7.47558e-05 ,1.67365 
688,13.76 ,7.25168e-05 ,1.64945 
689,13.78 ,7.03413e-05 ,1.64706 
690,13.8 ,6.82278e-05 ,1.63133 
691,13.82 ,6.61746e-05 ,1.62896 
692,13.84 ,6.41802e-05 ,1.62693 
693,13.86 ,6.22426e-05 ,1.62459 
694,13.88 ,6.03604e-05 ,1.60065 
695,13.9 ,5.85324e-05 ,1.59835 
696,13.92 ,5.67569e-05 ,1.58287 
697,13.94 ,5.50329e-05 ,1.5806 
698,13.96 ,5.33586e-05 ,1.57881 
699,13.98 ,5.17328e-05 ,1.57657 
700,14 ,5.01539e-05 ,1.55288 
701,14.02 ,4.8621e-05 ,1.55067 
702,14.04 ,4.71328e-05 ,1.53544 
703,14.06 ,4.56881e-05 ,1.53325 
704,14.08 ,4.42856e-05 ,1.53172 
705,14.1 ,4.29242e-05 ,1.52956 
706,14.12 ,4.16025e-05 ,1.50611 
707,14.14 ,4.03197e-05 ,1.50398 
708,14.16 ,3.90747e-05 ,1.489 
709,14.18 ,3.78666e-05 ,1.4869 
710,14.2 ,3.66941e-05 ,1.48561 
711,14.22 ,3.55563e-05 ,1.48353 
712,14.24 ,3.44521e-05 ,1.46032 
713,14.26 ,3.33808e-05 ,1.45828 
714,14.28 ,3.23413e-05 ,1.44353 
715,14.3 ,3.1333e-05 ,1.44151 
716,14.32 ,3.03547e-05 ,1.44045 
717,14.34 ,2.94057e-05 ,1.43846 
718,14.36 ,2.84849e-05 ,1.41548 
719,14.38 ,2.75919e-05 ,1.41351 
720,14.4 ,2.67257e-05 ,1.399 
721,14.42 ,2.58857e-05 ,1.39705 
722,14.44 ,2.5071e-05 ,1.39622 
723,14.46 ,2.42808e-05 ,1.3943 
724,14.48 ,2.35145e-05 ,1.37155 
725,14.5 ,2.27715e-05 ,1.36965 
726,14.52 ,2.2051e-05 ,1.35536 
727,14.54 ,2.13524e-05 ,1.35348 
728,14.56 ,2.06752e-05 ,1.35287 
729,14.58 ,2.00186e-05 ,1.35102 
730,14.6 ,1.93819e-05 ,1.32848 
731,14.62 ,1.87648e-05 ,1.32666 
732,14.64 ,1.81665e-05 ,1.31257 
733,14.66 ,1.75867e-05 ,1.31077 
734,14.68 ,1.70247e-05 ,1.31036 
735,14.7 ,1.64799e-05 ,1.30858 
736,14.72 ,1.59519e-05 ,1.28625 
737,14.74 ,1.54402e-05 ,1.28449 
738,14.76 ,1.49444e-05 ,1.2706 
739,14.78 ,1.44639e-05 ,1.26887 
740,14.8 ,1.39983e-05 ,1.26866 
741,14.82 ,1.35472e-05 ,1.26694 
742,14.84 ,1.311e-05 ,1.2448 
743,14.86 ,1.26864e-05 ,1.24311 
744,14.88 ,1.22761e-05 ,1.22941 
745,14.9 ,1.18786e-05 ,1.22774 
746,14.92 ,1.14936e-05 ,1.22771 
747,14.94 ,1.11205e-05 ,1.22606 
748,14.96 ,1.07592e-05 ,1.2041 
749,14.98 ,1.04092e-05 ,1.20247 
750,15 ,1.00701e-05 ,1.18894 
751,15.02 ,9.74184e-06 ,1.18733 
752,15.04 ,9.42388e-06 ,1.18748 
753,15.06 ,9.11594e-06 ,1.18589 
754,15.08 ,8.81771e-06 ,1.16409 
755,15.1 ,8.52892e-06 ,1.16252 
756,15.12 ,8.24928e-06 ,1.14916 
757,15.14 ,7.97854e-06 ,1.14761 
758,15.16 ,7.71641e-06 ,1.14792 
759,15.18 ,7.46259e-06 ,1.14639 
760,15.2 ,7.21684e-06 ,1.12475 
761,15.22 ,6.97893e-06 ,1.12324 
762,15.24 ,6.74862e-06 ,1.11003 
763,15.26 ,6.52569e-06 ,1.10854 
764,15.28 ,6.3099e-06 ,1.10899 
765,15.3 ,6.10102e-06 ,1.10751 
766,15.32 ,5.89881e-06 ,1.08602 
767,15.34 ,5.70312e-06 ,1.08456 
768,15.36 ,5.51371e-06 ,1.07149 
769,15.38 ,5.33042e-06 ,1.07006 
770,15.4 ,5.15305e-06 ,1.07064 
771,15.42 ,4.98139e-06 ,1.06922 
772,15.44 ,4.81527e-06 ,1.04786 
773,15.46 ,4.65452e-06 ,1.04646 
774,15.48 ,4.49899e-06 ,1.03352 
775,15.5 ,4.34851e-06 ,1.03214 
776,15.52 ,4.20292e-06 ,1.03285 
777,15.54 ,4.06206e-06 ,1.03149 
778,15.56 ,3.92577e-06 ,1.01024 
779,15.58 ,3.79392e-06 ,1.0089 
780,15.6 ,3.66638e-06 ,0.996075 
781,15.62 ,3.54301e-06 ,0.994744 
782,15.64 ,3.42368e-06 ,0.995568 
783,15.66 ,3.30825e-06 ,0.994255 
784,15.68 ,3.19659e-06 ,0.973124 
785,15.7 ,3.0886e-06 ,0.971828 
786,15.72 ,2.98416e-06 ,0.959113 
787,15.74 ,2.88316e-06 ,0.957834 
788,15.76 ,2.78548e-06 ,0.958762 
789,15.78 ,2.69102e-06 ,0.9575 
790,15.8 ,2.59967e-06 ,0.936469 
791,15.82 ,2.51134e-06 ,0.935223 
792,15.84 ,2.42593e-06 ,0.922606 
793,15.86 ,2.34335e-06 ,0.921377 
794,15.88 ,2.26351e-06 ,0.922399 
795,15.9 ,2.18631e-06 ,0.921186 
796,15.92 ,2.11167e-06 ,0.900246 
797,15.94 ,2.03951e-06 ,0.89905 
798,15.96 ,1.96976e-06 ,0.886521 
799,15.98 ,1.90233e-06 ,0.885341 
800,16 ,1.83715e-06 ,0.886448 
801,16.02 ,1.77415e-06 ,0.885285 
802,16.04 ,1.71324e-06 ,0.864427 
803,16.06 ,1.65438e-06 ,0.86328 
804,16.08 ,1.59748e-06 ,0.850831 
805,16.1 ,1.5425e-06 ,0.8497 
806,16.12 ,1.48936e-06 ,0.850884 
807,16.14 ,1.43801e-06 ,0.84977 
808,16.16 ,1.38837e-06 ,0.828987 
809,16.18 ,1.34041e-06 ,0.827888 
810,16.2 ,1.29406e-06 ,0.815512 
811,16.22 ,1.24928e-06 ,0.814428 
812,16.24 ,1.20602e-06 ,0.815684 
813,16.26 ,1.16421e-06 ,0.814617 
814,16.28 ,1.12381e-06 ,0.793903 
815,16.3 ,1.08478e-06 ,0.792852 
816,16.32 ,1.04708e-06 ,0.780542 
817,16.34 ,1.01065e-06 ,0.779506 
818,16.36 ,9.75467e-07 ,0.780826 
819,16.38 ,9.41475e-07 ,0.779806 
820,16.4 ,9.08636e-07 ,0.759155 
821,16.42 ,8.76916e-07 ,0.758152 
822,16.44 ,8.46278e-07 ,0.745903 
823,16.46 ,8.16687e-07 ,0.744915 
824,16.48 ,7.88107e-07 ,0.746295 
825,16.5 ,7.60503e-07 ,0.745322 
826,16.52 ,7.3384e-07 ,0.72473 
827,16.54 ,7.08092e-07 ,0.723773 
828,16.56 ,6.83227e-07 ,0.711583 
829,16.58 ,6.59216e-07 ,0.710641 
830,16.6 ,6.3603e-07 ,0.712078 
831,16.62 ,6.13641e-07 ,0.711151 
832,16.64 ,5.92019e-07 ,0.690615 
833,16.66 ,5.71143e-07 ,0.689705 
834,16.68 ,5.50987e-07 ,0.677569 
835,16.7 ,5.31528e-07 ,0.676674 
836,16.72 ,5.1274e-07 ,0.678165 
837,16.74 ,4.94602e-07 ,0.677285 
838,16.76 ,4.77089e-07 ,0.656803 
839,16.78 ,4.60183e-07 ,0.655938 
840,16.8 ,4.43864e-07 ,0.643856 
841,16.82 ,4.28111e-07 ,0.643007 
842,16.84 ,4.12906e-07 ,0.644551 
843,16.86 ,3.98228e-07 ,0.643717 
844,16.88 ,3.8406e-07 ,0.623287 
845,16.9 ,3.70385e-07 ,0.622469 
846,16.92 ,3.57187e-07 ,0.610439 
847,16.94 ,3.44451e-07 ,0.609636 
848,16.96 ,3.32158e-07 ,0.611233 
849,16.98 ,3.20295e-07 ,0.610445 
850,17 ,3.08846e-07 ,0.590068 
851,17.02 ,2.97797e-07 ,0.589295 
852,17.04 ,2.87136e-07 ,0.577319 
853,17.06 ,2.76849e-07 ,0.576561 
854,17.08 ,2.66924e-07 ,0.578212 
855,17.1 ,2.57346e-07 ,0.577469 
856,17.12 ,2.48104e-07 ,0.557147 
857,17.14 ,2.39188e-07 ,0.55642 
858,17.16 ,2.30586e-07 ,0.544498 
859,17.18 ,2.22287e-07 ,0.543786 
860,17.2 ,2.14281e-07 ,0.545492 
861,17.22 ,2.06557e-07 ,0.544795 
862,17.24 ,1.99106e-07 ,0.524529 
863,17.26 ,1.91918e-07 ,0.523847 
864,17.28 ,1.84985e-07 ,0.511983 
865,17.3 ,1.78297e-07 ,0.511316 
866,17.32 ,1.71847e-07 ,0.513081 
867,17.34 ,1.65626e-07 ,0.512429 
868,17.36 ,1.59624e-07 ,0.492223 
869,17.38 ,1.53836e-07 ,0.491586 
870,17.4 ,1.48254e-07 ,0.479783 
871,17.42 ,1.42871e-07 ,0.479161 
872,17.44 ,1.3768e-07 ,0.480989 
873,17.46 ,1.32674e-07 ,0.480381 
874,17.48 ,1.27846e-07 ,0.460239 
875,17.5 ,1.2319e-07 ,0.459647 
876,17.52 ,1.18701e-07 ,0.44791 
877,17.54 ,1.14373e-07 ,0.447332 
878,17.56 ,1.10199e-07 ,0.449227 
879,17.58 ,1.06175e-07 ,0.448664 
880,17.6 ,1.02295e-07 ,0.428592 
881,17.62 ,9.85546e-08 ,0.428044 
882,17.64 ,9.49483e-08 ,0.416378 
883,17.66 ,9.14718e-08 ,0.415844 
884,17.68 ,8.81203e-08 ,0.417813 
885,17.7 ,8.48894e-08 ,0.417293 
886,17.72 ,8.17746e-08 ,0.397296 
887,17.74 ,7.87721e-08 ,0.396792 
888,17.76 ,7.58781e-08 ,0.385204 
889,17.78 ,7.30887e-08 ,0.384713 
890,17.8 ,7.04002e-08 ,0.386761 
891,17.82 ,6.78088e-08 ,0.386286 
892,17.84 ,6.53109e-08 ,0.36637 
893,17.86 ,6.29036e-08 ,0.365909 
894,17.88 ,6.05837e-08 ,0.354405 
895,17.9 ,5.8348e-08 ,0.353958 
896,17.92 ,5.61936e-08 ,0.356092 
897,17.94 ,5.41173e-08 ,0.35566 
898,17.96 ,5.21164e-08 ,0.335833 
899,17.98 ,5.01883e-08 ,0.335415 
900,18 ,4.83305e-08 ,0.324002 
901,18.02 ,4.65406e-08 ,0.323598 
902,18.04 ,4.4816e-08 ,0.325826 
903,18.06 ,4.31543e-08 ,0.325436 
904,18.08 ,4.15531e-08 ,0.305706 
905,18.1 ,4.00106e-08 ,0.30533 
906,18.12 ,3.85245e-08 ,0.294016 
907,18.14 ,3.7093e-08 ,0.293653 
908,18.16 ,3.5714e-08 ,0.295983 
909,18.18 ,3.43855e-08 ,0.295634 
910,18.2 ,3.31057e-08 ,0.276008 
911,18.22 ,3.18729e-08 ,0.275674 
912,18.24 ,3.06855e-08 ,0.264466 
913,18.26 ,2.95419e-08 ,0.264145 
914,18.28 ,2.84405e-08 ,0.266583 
915,18.3 ,2.73796e-08 ,0.266276 
916,18.32 ,2.63578e-08 ,0.246761 
917,18.34 ,2.53738e-08 ,0.246467 
918,18.36 ,2.44262e-08 ,0.235373 
919,18.38 ,2.35137e-08 ,0.235092 
920,18.4 ,2.2635e-08 ,0.237647 
921,18.42 ,2.17888e-08 ,0.237379 
922,18.44 ,2.0974e-08 ,0.217983 
923,18.46 ,2.01895e-08 ,0.217728 
924,18.48 ,1.94342e-08 ,0.206755 
925,18.5 ,1.8707e-08 ,0.206513 
926,18.52 ,1.8007e-08 ,0.20919 
927,18.54 ,1.7333e-08 ,0.20896 
928,18.56 ,1.66842e-08 ,0.189689 
929,18.58 ,1.60596e-08 ,0.189471 
930,18.6 ,1.54585e-08 ,0.178625 
931,18.62 ,1.48799e-08 ,0.178419 
932,18.64 ,1.4323e-08 ,0.181224 
933,18.66 ,1.3787e-08 ,0.18103 
934,18.68 ,1.32711e-08 ,0.161887 
935,18.7 ,1.27747e-08 ,0.161704 
936,18.72 ,1.22971e-08 ,0.150987 
937,18.74 ,1.18375e-08 ,0.150815 
938,18.76 ,1.13953e-08 ,0.15375 
939,18.78 ,1.09699e-08 ,0.153589 
940,18.8 ,1.05606e-08 ,0.134576 
941,18.82 ,1.01669e-08 ,0.134425 
942,18.84 ,9.78821e-09 ,0.123837 
943,18.86 ,9.424e-09 ,0.123696 
944,18.88 ,9.07375e-09 ,0.126758 
945,18.9 ,8.73692e-09 ,0.126626 
946,18.92 ,8.41301e-09 ,0.107738 
947,18.94 ,8.10161e-09 ,0.107614 
948,18.96 ,7.80225e-09 ,0.0971486 
949,18.98 ,7.51452e-09 ,0.0970322 
950,19 ,7.23798e-09 ,0.100214 
951,19.02 ,6.97221e-09 ,0.100104 
952,19.04 ,6.71683e-09 ,0.0813298 
953,19.06 ,6.47148e-09 ,0.0812262 
954,19.08 ,6.23582e-09 ,0.0708677 
955,19.1 ,6.0095e-09 ,0.0707683 
956,19.12 ,5.79218e-09 ,0.0740488 
957,19.14 ,5.58354e-09 ,0.0739528 
958,19.16 ,5.38326e-09 ,0.0552681 
959,19.18 ,5.19107e-09 ,0.0551741 
960,19.2 ,5.00668e-09 ,0.0448932 
961,19.22 ,4.82984e-09 ,0.0447987 
962,19.24 ,4.66027e-09 ,0.0481426 
963,19.26 ,4.49771e-09 ,0.0480463 
964,19.28 ,4.34192e-09 ,0.0294077 
965,19.3 ,4.19269e-09 ,0.0293072 
966,19.32 ,4.04979e-09 ,0.0190521 
967,19.34 ,3.91302e-09 ,0.0189442 
968,19.36 ,3.78217e-09 ,0.0222895 
969,19.38 ,3.65703e-09 ,0.0221717 
970,19.4 ,3.53742e-09 ,0.00350586 
971,19.42 ,3.42317e-09 ,0.00337469 
972,19.44 ,3.31411e-09 ,-0.00694162 
973,19.46 ,3.21008e-09 ,-0.00709076 
974,19.48 ,3.11092e-09 ,-0.00384647 
975,19.5 ,3.01647e-09 ,-0.00401765 
976,19.52 ,2.9266e-09 ,-0.0228313 
977,19.54 ,2.84117e-09 ,-0.0230297 
978,19.56 ,2.76005e-09 ,-0.0335486 
979,19.58 ,2.68314e-09 ,-0.0337806 
980,19.6 ,2.6103e-09 ,-0.0308029 
981,19.62 ,2.54143e-09 ,-0.0310748 
982,19.64 ,2.47641e-09 ,-0.0502298 
983,19.66 ,2.41516e-09 ,-0.0505488 
984,19.68 ,2.35758e-09 ,-0.0614961 
985,19.7 ,2.30358e-09 ,-0.0618712 
986,19.72 ,2.25309e-09 ,-0.059423 
987,19.74 ,2.20602e-09 ,-0.0598628 
988,19.76 ,2.16229e-09 ,-0.0796648 
989,19.78 ,2.12185e-09 ,-0.0801792 
990,19.8 ,2.08464e-09 ,-0.0919096 
991,19.82 ,2.05059e-09 ,-0.0925099 
992,19.84 ,2.01966e-09 ,-0.0910024 
993,19.86 ,1.99178e-09 ,-0.0916998 
994,19.88 ,1.96693e-09 ,-0.112625 
995,19.9 ,1.94506e-09 ,-0.113431 
996,19.92 ,1.92614e-09 ,-0.126495 
997,19.94 ,1.91014e-09 ,-0.127424 
998,19.96 ,1.89704e-09 ,-0.127493 
999,19.98 ,1.88681e-09 ,-0.128557 
1000,20 ,1.87943e-09 ,-0.151339 