
1,0.027 ,0.0306583 ,0.0815019 
2,0.053973 ,0.0306737 ,0.0814289 
3,0.080946 ,0.0306773 ,0.0814154 
4,0.107919 ,0.0306775 ,0.0814037 
5,0.134892 ,0.0306759 ,0.0814098 
6,0.161865 ,0.030673 ,0.0814083 
7,0.188838 ,0.0306691 ,0.0814212 
8,0.215811 ,0.0306643 ,0.081425 
9,0.242784 ,0.0306586 ,0.0814425 
10,0.269757 ,0.0306521 ,0.0814505 
11,0.29673 ,0.0306448 ,0.0814718 
12,0.323703 ,0.0306367 ,0.0814835 
13,0.350676 ,0.0306278 ,0.0815083 
14,0.377649 ,0.0306183 ,0.0815233 
15,0.404622 ,0.0306079 ,0.0815514 
16,0.431595 ,0.0305968 ,0.0815697 
17,0.458568 ,0.030585 ,0.081601 
18,0.485541 ,0.0305725 ,0.0816224 
19,0.512514 ,0.0305592 ,0.0816567 
20,0.539487 ,0.0305452 ,0.0816811 
21,0.56646 ,0.0305304 ,0.0817184 
22,0.593433 ,0.0305149 ,0.0817458 
23,0.620406 ,0.0304987 ,0.0817859 
24,0.647379 ,0.0304818 ,0.0818161 
25,0.674352 ,0.0304641 ,0.0818589 
26,0.701325 ,0.0304457 ,0.0818918 
27,0.728298 ,0.0304266 ,0.0819374 
28,0.755271 ,0.0304068 ,0.0819729 
29,0.782244 ,0.0303862 ,0.0820209 
30,0.809217 ,0.0303649 ,0.082059 
31,0.83619 ,0.0303429 ,0.0821095 
32,0.863163 ,0.0303202 ,0.0821499 
33,0.890136 ,0.0302968 ,0.0822027 
34,0.917109 ,0.0302726 ,0.0822454 
35,0.944082 ,0.0302477 ,0.0823003 
36,0.971055 ,0.0302221 ,0.0823452 
37,0.998028 ,0.0301958 ,0.0824021 
38,1.025 ,0.0301688 ,0.082449 
39,1.05197 ,0.030141 ,0.0825079 
40,1.07895 ,0.0301125 ,0.0825566 
41,1.10592 ,0.0300834 ,0.0826172 
42,1.13289 ,0.0300535 ,0.0826676 
43,1.15987 ,0.0300228 ,0.0827298 
44,1.18684 ,0.0299915 ,0.0827818 
45,1.21381 ,0.0299595 ,0.0828454 
46,1.24079 ,0.0299267 ,0.0828987 
47,1.26776 ,0.0298932 ,0.0829636 
48,1.29473 ,0.0298591 ,0.0830181 
49,1.3217 ,0.0298242 ,0.0830841 
50,1.34868 ,0.0297886 ,0.0831397 
51,1.37565 ,0.0297523 ,0.0832065 
52,1.40262 ,0.0297152 ,0.0832629 
53,1.4296 ,0.0296775 ,0.0833305 
54,1.45657 ,0.0296391 ,0.0833875 
55,1.48354 ,0.0295999 ,0.0834556 
56,1.51051 ,0.0295601 ,0.0835131 
57,1.53749 ,0.0295196 ,0.0835814 
58,1.56446 ,0.0294783 ,0.0836391 
59,1.59143 ,0.0294364 ,0.0837075 
60,1.61841 ,0.0293937 ,0.0837653 
61,1.64538 ,0.0293504 ,0.0838335 
62,1.67235 ,0.0293064 ,0.0838911 
63,1.69933 ,0.0292616 ,0.0839589 
64,1.7263 ,0.0292162 ,0.084016 
65,1.75327 ,0.0291701 ,0.0840832 
66,1.78024 ,0.0291232 ,0.0841397 
67,1.80722 ,0.0290757 ,0.0842061 
68,1.83419 ,0.0290275 ,0.0842616 
69,1.86116 ,0.0289787 ,0.0843269 
70,1.88814 ,0.0289291 ,0.0843812 
71,1.91511 ,0.0288788 ,0.0844451 
72,1.94208 ,0.0288279 ,0.0844981 
73,1.96906 ,0.0287763 ,0.0845603 
74,1.99603 ,0.028724 ,0.0846116 
75,2.023 ,0.028671 ,0.0846719 
76,2.04998 ,0.0286173 ,0.0847212 
77,2.07695 ,0.028563 ,0.0847794 
78,2.10392 ,0.028508 ,0.0848265 
79,2.13089 ,0.0284523 ,0.0848822 
80,2.15787 ,0.028396 ,0.0849267 
81,2.18484 ,0.028339 ,0.0849797 
82,2.21181 ,0.0282813 ,0.0850214 
83,2.23879 ,0.028223 ,0.0850713 
84,2.26576 ,0.028164 ,0.0851099 
85,2.29273 ,0.0281043 ,0.0851564 
86,2.31971 ,0.028044 ,0.0851916 
87,2.34668 ,0.027983 ,0.0852345 
88,2.37365 ,0.0279214 ,0.0852659 
89,2.40062 ,0.0278592 ,0.0853049 
90,2.4276 ,0.0277963 ,0.0853323 
91,2.45457 ,0.0277327 ,0.0853669 
92,2.48154 ,0.0276685 ,0.0853899 
93,2.50852 ,0.0276037 ,0.0854199 
94,2.53549 ,0.0275383 ,0.0854382 
95,2.56246 ,0.0274722 ,0.0854633 
96,2.58944 ,0.0274054 ,0.0854766 
97,2.61641 ,0.0273381 ,0.0854964 
98,2.64338 ,0.0272701 ,0.0855043 
99,2.67035 ,0.0272016 ,0.0855184 
100,2.69733 ,0.0271324 ,0.0855206 
101,2.7243 ,0.0270625 ,0.0855287 
102,2.75127 ,0.0269921 ,0.0855248 
103,2.77825 ,0.0269211 ,0.0855266 
104,2.80522 ,0.0268495 ,0.0855163 
105,2.83219 ,0.0267772 ,0.0855114 
106,2.85917 ,0.0267044 ,0.0854943 
107,2.88614 ,0.026631 ,0.0854824 
108,2.91311 ,0.026557 ,0.0854581 
109,2.94008 ,0.0264824 ,0.0854387 
110,2.96706 ,0.0264073 ,0.0854069 
111,2.99403 ,0.0263315 ,0.0853797 
112,3.021 ,0.0262552 ,0.08534 
113,3.04798 ,0.0261784 ,0.0853046 
114,3.07495 ,0.0261009 ,0.0852566 
115,3.10192 ,0.0260229 ,0.0852126 
116,3.12889 ,0.0259444 ,0.085156 
117,3.15587 ,0.0258653 ,0.085103 
118,3.18284 ,0.0257857 ,0.0850373 
119,3.20981 ,0.0257055 ,0.084975 
120,3.23679 ,0.0256248 ,0.0848999 
121,3.26376 ,0.0255435 ,0.0848278 
122,3.29073 ,0.0254618 ,0.0847428 
123,3.31771 ,0.0253795 ,0.0846606 
124,3.34468 ,0.0252967 ,0.0845653 
125,3.37165 ,0.0252134 ,0.0844726 
126,3.39863 ,0.0251295 ,0.0843666 
127,3.4256 ,0.0250452 ,0.0842629 
128,3.45257 ,0.0249604 ,0.0841459 
129,3.47954 ,0.0248751 ,0.0840308 
130,3.50652 ,0.0247893 ,0.0839023 
131,3.53349 ,0.0247031 ,0.0837754 
132,3.56046 ,0.0246164 ,0.0836351 
133,3.58744 ,0.0245292 ,0.083496 
134,3.61441 ,0.0244415 ,0.0833433 
135,3.64138 ,0.0243534 ,0.0831915 
136,3.66836 ,0.0242649 ,0.0830261 
137,3.69533 ,0.0241759 ,0.0828614 
138,3.7223 ,0.0240864 ,0.0826828 
139,3.74927 ,0.0239966 ,0.0825045 
140,3.77625 ,0.0239063 ,0.0823124 
141,3.80322 ,0.0238156 ,0.0821202 
142,3.83019 ,0.0237245 ,0.0819141 
143,3.85717 ,0.023633 ,0.0817076 
144,3.88414 ,0.0235411 ,0.081487 
145,3.91111 ,0.0234488 ,0.0812658 
146,3.93809 ,0.0233561 ,0.0810303 
147,3.96506 ,0.0232631 ,0.0807939 
148,3.99203 ,0.0231696 ,0.0805431 
149,4.019 ,0.0230759 ,0.0802911 
150,4.04598 ,0.0229817 ,0.0800246 
151,4.07295 ,0.0228873 ,0.0797565 
152,4.09992 ,0.0227924 ,0.0794738 
153,4.1269 ,0.0226973 ,0.0791892 
154,4.15387 ,0.0226018 ,0.0788899 
155,4.18084 ,0.022506 ,0.0785884 
156,4.20782 ,0.0224099 ,0.0782721 
157,4.23479 ,0.0223135 ,0.0779532 
158,4.26176 ,0.0222168 ,0.0776194 
159,4.28873 ,0.0221198 ,0.0772827 
160,4.31571 ,0.0220226 ,0.076931 
161,4.34268 ,0.021925 ,0.0765761 
162,4.36965 ,0.0218272 ,0.076206 
163,4.39663 ,0.0217292 ,0.0758324 
164,4.4236 ,0.0216309 ,0.0754435 
165,4.45057 ,0.0215324 ,0.0750508 
166,4.47755 ,0.0214336 ,0.0746427 
167,4.50452 ,0.0213346 ,0.0742305 
168,4.53149 ,0.0212354 ,0.0738027 
169,4.55846 ,0.021136 ,0.0733705 
170,4.58544 ,0.0210364 ,0.0729226 
171,4.61241 ,0.0209366 ,0.07247 
172,4.63938 ,0.0208367 ,0.0720016 
173,4.66636 ,0.0207366 ,0.0715281 
174,4.69333 ,0.0206363 ,0.0710388 
175,4.7203 ,0.0205358 ,0.070544 
176,4.74728 ,0.0204352 ,0.0700332 
177,4.77425 ,0.0203345 ,0.0695167 
178,4.80122 ,0.0202337 ,0.0689842 
179,4.82819 ,0.0201327 ,0.0684455 
180,4.85517 ,0.0200317 ,0.0678907 
181,4.88214 ,0.0199305 ,0.0673295 
182,4.90911 ,0.0198292 ,0.066752 
183,4.93609 ,0.0197279 ,0.0661678 
184,4.96306 ,0.0196265 ,0.0655672 
185,4.99003 ,0.019525 ,0.0649596 
186,5.01701 ,0.0194235 ,0.0643355 
187,5.04398 ,0.019322 ,0.063704 
188,5.07095 ,0.0192204 ,0.063056 
189,5.09792 ,0.0191188 ,0.0624003 
190,5.1249 ,0.0190171 ,0.0617279 
191,5.15187 ,0.0189155 ,0.0610475 
192,5.17884 ,0.0188139 ,0.0603503 
193,5.20582 ,0.0187123 ,0.0596449 
194,5.23279 ,0.0186107 ,0.0589225 
195,5.25976 ,0.0185091 ,0.0581916 
196,5.28674 ,0.0184076 ,0.0574437 
197,5.31371 ,0.0183062 ,0.0566869 
198,5.34068 ,0.0182048 ,0.0559129 
199,5.36765 ,0.0181034 ,0.0551298 
200,5.39463 ,0.0180022 ,0.0543295 
201,5.4216 ,0.0179011 ,0.0535197 
202,5.44857 ,0.0178 ,0.0526926 
203,5.47555 ,0.0176991 ,0.0518557 
204,5.50252 ,0.0175983 ,0.0510014 
205,5.52949 ,0.0174976 ,0.0501371 
206,5.55647 ,0.017397 ,0.0492552 
207,5.58344 ,0.0172966 ,0.0483631 
208,5.61041 ,0.0171964 ,0.0474532 
209,5.63738 ,0.0170963 ,0.0465328 
210,5.66436 ,0.0169965 ,0.0455947 
211,5.69133 ,0.0168968 ,0.0446457 
212,5.7183 ,0.0167973 ,0.0436788 
213,5.74528 ,0.016698 ,0.0427008 
214,5.77225 ,0.0165989 ,0.0417048 
215,5.79922 ,0.0165001 ,0.0406975 
216,5.8262 ,0.0164015 ,0.039672 
217,5.85317 ,0.0163032 ,0.038635 
218,5.88014 ,0.0162051 ,0.0375797 
219,5.90711 ,0.0161072 ,0.0365126 
220,5.93409 ,0.0160097 ,0.0354272 
221,5.96106 ,0.0159124 ,0.0343296 
222,5.98803 ,0.0158155 ,0.0332137 
223,6.01501 ,0.0157188 ,0.0320853 
224,6.04198 ,0.0156225 ,0.0309385 
225,6.06895 ,0.0155265 ,0.029779 
226,6.09593 ,0.0154308 ,0.028601 
227,6.1229 ,0.0153355 ,0.0274101 
228,6.14987 ,0.0152405 ,0.0262189 
229,6.17684 ,0.0151459 ,0.0250524 
230,6.20382 ,0.0150517 ,0.0239045 
231,6.23079 ,0.0149578 ,0.0227803 
232,6.25776 ,0.0148643 ,0.0216739 
233,6.28474 ,0.0147713 ,0.0205905 
234,6.31171 ,0.0146786 ,0.0195242 
235,6.33868 ,0.0145864 ,0.0184799 
236,6.36566 ,0.0144945 ,0.0174522 
237,6.39263 ,0.0144031 ,0.0164458 
238,6.4196 ,0.0143122 ,0.0154553 
239,6.44657 ,0.0142216 ,0.0144853 
240,6.47355 ,0.0141315 ,0.0135305 
241,6.50052 ,0.0140419 ,0.0125956 
242,6.52749 ,0.0139527 ,0.0116754 
243,6.55447 ,0.0138639 ,0.0107743 
244,6.58144 ,0.0137756 ,0.00988729 
245,6.60841 ,0.0136878 ,0.00901877 
246,6.63539 ,0.0136004 ,0.00816383 
247,6.66236 ,0.0135135 ,0.0073267 
248,6.68933 ,0.0134271 ,0.00650264 
249,6.7163 ,0.0133412 ,0.00569578 
250,6.74328 ,0.0132557 ,0.00490149 
251,6.77025 ,0.0131708 ,0.0041238 
252,6.79722 ,0.0130863 ,0.0033582 
253,6.8242 ,0.0130022 ,0.00260864 
254,6.85117 ,0.0129187 ,0.00187071 
255,6.87814 ,0.0128357 ,0.00114826 
256,6.90512 ,0.0127531 ,0.000436997 
257,6.93209 ,0.0126711 ,-0.000259314 
258,6.95906 ,0.0125895 ,-0.000944852 
259,6.98603 ,0.0125085 ,-0.00161596 
260,7.01301 ,0.0124279 ,-0.00227669 
261,7.03998 ,0.0123478 ,-0.00292349 
262,7.06695 ,0.0122682 ,-0.0035603 
263,7.09393 ,0.0121891 ,-0.00418365 
264,7.1209 ,0.0121105 ,-0.00479739 
265,7.14787 ,0.0120324 ,-0.00539813 
266,7.17485 ,0.0119548 ,-0.00598962 
267,7.20182 ,0.0118777 ,-0.00656854 
268,7.22879 ,0.0118011 ,-0.00713856 
269,7.25576 ,0.011725 ,-0.00769644 
270,7.28274 ,0.0116494 ,-0.00824575 
271,7.30971 ,0.0115742 ,-0.00878333 
272,7.33668 ,0.0114996 ,-0.00931265 
273,7.36366 ,0.0114254 ,-0.00983064 
274,7.39063 ,0.0113518 ,-0.0103407 
275,7.4176 ,0.0112786 ,-0.0108398 
276,7.44458 ,0.0112059 ,-0.0113312 
277,7.47155 ,0.0111338 ,-0.0118121 
278,7.49852 ,0.0110621 ,-0.0122855 
279,7.52549 ,0.0109908 ,-0.0127488 
280,7.55247 ,0.0109201 ,-0.0132049 
281,7.57944 ,0.0108498 ,-0.0136512 
282,7.60641 ,0.0107801 ,-0.0140906 
283,7.63339 ,0.0107108 ,-0.0145205 
284,7.66036 ,0.010642 ,-0.0149437 
285,7.68733 ,0.0105736 ,-0.0153578 
286,7.71431 ,0.0105057 ,-0.0157654 
287,7.74128 ,0.0104384 ,-0.0161642 
288,7.76825 ,0.0103714 ,-0.0165568 
289,7.79522 ,0.010305 ,-0.0169408 
290,7.8222 ,0.010239 ,-0.0173189 
291,7.84917 ,0.0101734 ,-0.0176886 
292,7.87614 ,0.0101084 ,-0.0180527 
293,7.90312 ,0.0100438 ,-0.0184087 
294,7.93009 ,0.00997962 ,-0.0187592 
295,7.95706 ,0.00991593 ,-0.0191019 
296,7.98404 ,0.00985269 ,-0.0194393 
297,8.01101 ,0.0097899 ,-0.0197692 
298,8.03798 ,0.00972756 ,-0.020094 
299,8.06495 ,0.00966567 ,-0.0204115 
300,8.09193 ,0.00960422 ,-0.0207241 
301,8.1189 ,0.00954321 ,-0.0210296 
302,8.14587 ,0.00948264 ,-0.0213304 
303,8.17285 ,0.00942251 ,-0.0216243 
304,8.19982 ,0.00936281 ,-0.0219138 
305,8.22679 ,0.00930355 ,-0.0221965 
306,8.25376 ,0.00924471 ,-0.0224749 
307,8.28074 ,0.0091863 ,-0.022747 
308,8.30771 ,0.00912832 ,-0.0230147 
309,8.33468 ,0.00907076 ,-0.0232763 
310,8.36166 ,0.00901362 ,-0.0235338 
311,8.38863 ,0.00895689 ,-0.0237853 
312,8.4156 ,0.00890058 ,-0.0240329 
313,8.44258 ,0.00884469 ,-0.0242747 
314,8.46955 ,0.0087892 ,-0.0245127 
315,8.49652 ,0.00873412 ,-0.0247451 
316,8.52349 ,0.00867945 ,-0.0249738 
317,8.55047 ,0.00862517 ,-0.0251971 
318,8.57744 ,0.0085713 ,-0.0254169 
319,8.60441 ,0.00851782 ,-0.0256314 
320,8.63139 ,0.00846474 ,-0.0258425 
321,8.65836 ,0.00841205 ,-0.0260485 
322,8.68533 ,0.00835974 ,-0.0262513 
323,8.71231 ,0.00830783 ,-0.0264491 
324,8.73928 ,0.0082563 ,-0.0266438 
325,8.76625 ,0.00820515 ,-0.0268337 
326,8.79322 ,0.00815437 ,-0.0270205 
327,8.8202 ,0.00810398 ,-0.0272028 
328,8.84717 ,0.00805396 ,-0.0273821 
329,8.87414 ,0.00800431 ,-0.0275569 
330,8.90112 ,0.00795502 ,-0.0277289 
331,8.92809 ,0.00790611 ,-0.0278966 
332,8.95506 ,0.00785755 ,-0.0280615 
333,8.98204 ,0.00780936 ,-0.0282223 
334,9.00901 ,0.00776153 ,-0.0283804 
335,9.03598 ,0.00771405 ,-0.0285344 
336,9.06295 ,0.00766693 ,-0.028686 
337,9.08993 ,0.00762015 ,-0.0288335 
338,9.1169 ,0.00757373 ,-0.0289787 
339,9.14387 ,0.00752765 ,-0.02912 
340,9.17085 ,0.00748191 ,-0.029259 
341,9.19782 ,0.00743651 ,-0.0293943 
342,9.22479 ,0.00739145 ,-0.0295273 
343,9.25177 ,0.00734673 ,-0.0296567 
344,9.27874 ,0.00730234 ,-0.029784 
345,9.30571 ,0.00725828 ,-0.0299077 
346,9.33268 ,0.00721455 ,-0.0300294 
347,9.35966 ,0.00717115 ,-0.0301477 
348,9.38663 ,0.00712807 ,-0.030264 
349,9.4136 ,0.00708531 ,-0.030377 
350,9.44058 ,0.00704287 ,-0.0304881 
351,9.46755 ,0.00700074 ,-0.030596 
352,9.49452 ,0.00695893 ,-0.030702 
353,9.5215 ,0.00691743 ,-0.030805 
354,9.54847 ,0.00687624 ,-0.0309061 
355,9.57544 ,0.00683536 ,-0.0310043 
356,9.60241 ,0.00679478 ,-0.0311007 
357,9.62939 ,0.00675451 ,-0.0311943 
358,9.65636 ,0.00671453 ,-0.0312862 
359,9.68333 ,0.00667485 ,-0.0313753 
360,9.71031 ,0.00663547 ,-0.0314627 
361,9.73728 ,0.00659638 ,-0.0315475 
362,9.76425 ,0.00655758 ,-0.0316307 
363,9.79123 ,0.00651907 ,-0.0317113 
364,9.8182 ,0.00648084 ,-0.0317903 
365,9.84517 ,0.0064429 ,-0.0318669 
366,9.87214 ,0.00640524 ,-0.0319419 
367,9.89912 ,0.00636786 ,-0.0320145 
368,9.92609 ,0.00633076 ,-0.0320858 
369,9.95306 ,0.00629393 ,-0.0321546 
370,9.98004 ,0.00625738 ,-0.0322221 
371,10.007 ,0.0062211 ,-0.0322872 
372,10.034 ,0.00618509 ,-0.0323511 
373,10.061 ,0.00614934 ,-0.0324128 
374,10.0879 ,0.00611386 ,-0.0324731 
375,10.1149 ,0.00607864 ,-0.0325313 
376,10.1419 ,0.00604368 ,-0.0325883 
377,10.1688 ,0.00600898 ,-0.0326432 
378,10.1958 ,0.00597454 ,-0.032697 
379,10.2228 ,0.00594035 ,-0.0327487 
380,10.2498 ,0.00590641 ,-0.0327992 
381,10.2767 ,0.00587273 ,-0.0328478 
382,10.3037 ,0.00583929 ,-0.0328954 
383,10.3307 ,0.0058061 ,-0.032941 
384,10.3577 ,0.00577315 ,-0.0329855 
385,10.3846 ,0.00574045 ,-0.0330282 
386,10.4116 ,0.00570799 ,-0.0330699 
387,10.4386 ,0.00567577 ,-0.0331098 
388,10.4656 ,0.00564378 ,-0.0331488 
389,10.4925 ,0.00561203 ,-0.033186 
390,10.5195 ,0.00558051 ,-0.0332222 
391,10.5465 ,0.00554922 ,-0.0332568 
392,10.5734 ,0.00551816 ,-0.0332905 
393,10.6004 ,0.00548733 ,-0.0333225 
394,10.6274 ,0.00545673 ,-0.0333537 
395,10.6544 ,0.00542635 ,-0.0333833 
396,10.6813 ,0.00539619 ,-0.0334121 
397,10.7083 ,0.00536625 ,-0.0334393 
398,10.7353 ,0.00533654 ,-0.0334657 
399,10.7623 ,0.00530703 ,-0.0334906 
400,10.7892 ,0.00527775 ,-0.0335148 
401,10.8162 ,0.00524867 ,-0.0335375 
402,10.8432 ,0.00521981 ,-0.0335595 
403,10.8701 ,0.00519116 ,-0.0335801 
404,10.8971 ,0.00516272 ,-0.0335999 
405,10.9241 ,0.00513448 ,-0.0336184 
406,10.9511 ,0.00510645 ,-0.0336363 
407,10.978 ,0.00507862 ,-0.0336528 
408,11.005 ,0.005051 ,-0.0336686 
409,11.032 ,0.00502357 ,-0.0336832 
410,11.059 ,0.00499634 ,-0.0336971 
411,11.0859 ,0.00496931 ,-0.0337098 
412,11.1129 ,0.00494248 ,-0.0337219 
413,11.1399 ,0.00491584 ,-0.0337328 
414,11.1668 ,0.00488939 ,-0.0337431 
415,11.1938 ,0.00486313 ,-0.0337522 
416,11.2208 ,0.00483706 ,-0.0337608 
417,11.2478 ,0.00481118 ,-0.0337683 
418,11.2747 ,0.00478549 ,-0.0337752 
419,11.3017 ,0.00475997 ,-0.033781 
420,11.3287 ,0.00473465 ,-0.0337863 
421,11.3557 ,0.0047095 ,-0.0337905 
422,11.3826 ,0.00468454 ,-0.0337943 
423,11.4096 ,0.00465975 ,-0.033797 
424,11.4366 ,0.00463514 ,-0.0337993 
425,11.4636 ,0.00461071 ,-0.0338005 
426,11.4905 ,0.00458645 ,-0.0338013 
427,11.5175 ,0.00456237 ,-0.0338011 
428,11.5445 ,0.00453845 ,-0.0338005 
429,11.5714 ,0.00451471 ,-0.033799 
430,11.5984 ,0.00449114 ,-0.033797 
431,11.6254 ,0.00446773 ,-0.0337941 
432,11.6524 ,0.00444449 ,-0.0337909 
433,11.6793 ,0.00442141 ,-0.0337867 
434,11.7063 ,0.0043985 ,-0.0337822 
435,11.7333 ,0.00437575 ,-0.0337768 
436,11.7603 ,0.00435317 ,-0.033771 
437,11.7872 ,0.00433074 ,-0.0337644 
438,11.8142 ,0.00430847 ,-0.0337575 
439,11.8412 ,0.00428636 ,-0.0337498 
440,11.8681 ,0.0042644 ,-0.0337417 
441,11.8951 ,0.0042426 ,-0.0337328 
442,11.9221 ,0.00422095 ,-0.0337237 
443,11.9491 ,0.00419946 ,-0.0337137 
444,11.976 ,0.00417811 ,-0.0337035 
445,12.003 ,0.00415692 ,-0.0336925 
446,12.03 ,0.00413587 ,-0.0336813 
447,12.057 ,0.00411497 ,-0.0336693 
448,12.0839 ,0.00409422 ,-0.0336571 
449,12.1109 ,0.00407361 ,-0.0336442 
450,12.1379 ,0.00405315 ,-0.033631 
451,12.1648 ,0.00403283 ,-0.0336171 
452,12.1918 ,0.00401265 ,-0.033603 
453,12.2188 ,0.00399262 ,-0.0335883 
454,12.2458 ,0.00397272 ,-0.0335733 
455,12.2727 ,0.00395296 ,-0.0335577 
456,12.2997 ,0.00393334 ,-0.0335419 
457,12.3267 ,0.00391385 ,-0.0335254 
458,12.3537 ,0.0038945 ,-0.0335087 
459,12.3806 ,0.00387528 ,-0.0334915 
460,12.4076 ,0.0038562 ,-0.0334741 
461,12.4346 ,0.00383724 ,-0.033456 
462,12.4616 ,0.00381842 ,-0.0334378 
463,12.4885 ,0.00379973 ,-0.0334191 
464,12.5155 ,0.00378117 ,-0.0334001 
465,12.5425 ,0.00376273 ,-0.0333806 
466,12.5694 ,0.00374443 ,-0.033361 
467,12.5964 ,0.00372624 ,-0.0333408 
468,12.6234 ,0.00370819 ,-0.0333205 
469,12.6504 ,0.00369025 ,-0.0332996 
470,12.6773 ,0.00367244 ,-0.0332787 
471,12.7043 ,0.00365476 ,-0.0332572 
472,12.7313 ,0.00363719 ,-0.0332356 
473,12.7583 ,0.00361974 ,-0.0332135 
474,12.7852 ,0.00360241 ,-0.0331913 
475,12.8122 ,0.0035852 ,-0.0331686 
476,12.8392 ,0.00356811 ,-0.0331458 
477,12.8661 ,0.00355113 ,-0.0331225 
478,12.8931 ,0.00353427 ,-0.0330992 
479,12.9201 ,0.00351752 ,-0.0330754 
480,12.9471 ,0.00350089 ,-0.0330515 
481,12.974 ,0.00348437 ,-0.0330272 
482,13.001 ,0.00346796 ,-0.0330028 
483,13.028 ,0.00345166 ,-0.032978 
484,13.055 ,0.00343548 ,-0.0329531 
485,13.0819 ,0.0034194 ,-0.0329278 
486,13.1089 ,0.00340343 ,-0.0329024 
487,13.1359 ,0.00338757 ,-0.0328766 
488,13.1629 ,0.00337181 ,-0.0328508 
489,13.1898 ,0.00335616 ,-0.0328246 
490,13.2168 ,0.00334062 ,-0.0327983 
491,13.2438 ,0.00332518 ,-0.0327717 
492,13.2707 ,0.00330984 ,-0.032745 
493,13.2977 ,0.0032946 ,-0.032718 
494,13.3247 ,0.00327947 ,-0.0326909 
495,13.3517 ,0.00326444 ,-0.0326634 
496,13.3786 ,0.00324951 ,-0.032636 
497,13.4056 ,0.00323468 ,-0.0326082 
498,13.4326 ,0.00321995 ,-0.0325803 
499,13.4596 ,0.00320531 ,-0.0325522 
500,13.4865 ,0.00319077 ,-0.032524 
501,13.5135 ,0.00317633 ,-0.0324955 
502,13.5405 ,0.00316199 ,-0.032467 
503,13.5674 ,0.00314774 ,-0.0324382 
504,13.5944 ,0.00313358 ,-0.0324093 
505,13.6214 ,0.00311952 ,-0.0323802 
506,13.6484 ,0.00310555 ,-0.032351 
507,13.6753 ,0.00309167 ,-0.0323216 
508,13.7023 ,0.00307789 ,-0.0322922 
509,13.7293 ,0.00306419 ,-0.0322625 
510,13.7563 ,0.00305059 ,-0.0322328 
511,13.7832 ,0.00303707 ,-0.0322028 
512,13.8102 ,0.00302365 ,-0.0321728 
513,13.8372 ,0.00301031 ,-0.0321426 
514,13.8641 ,0.00299706 ,-0.0321124 
515,13.8911 ,0.00298389 ,-0.0320819 
516,13.9181 ,0.00297081 ,-0.0320514 
517,13.9451 ,0.00295782 ,-0.0320207 
518,13.972 ,0.00294491 ,-0.0319901 
519,13.999 ,0.00293209 ,-0.0319592 
520,14.026 ,0.00291935 ,-0.0319282 
521,14.053 ,0.00290669 ,-0.0318971 
522,14.0799 ,0.00289411 ,-0.031866 
523,14.1069 ,0.00288162 ,-0.0318347 
524,14.1339 ,0.00286921 ,-0.0318034 
525,14.1609 ,0.00285687 ,-0.0317719 
526,14.1878 ,0.00284462 ,-0.0317405 
527,14.2148 ,0.00283245 ,-0.0317088 
528,14.2418 ,0.00282035 ,-0.0316772 
529,14.2687 ,0.00280833 ,-0.0316454 
530,14.2957 ,0.00279639 ,-0.0316136 
531,14.3227 ,0.00278453 ,-0.0315816 
532,14.3497 ,0.00277275 ,-0.0315496 
533,14.3766 ,0.00276103 ,-0.0315175 
534,14.4036 ,0.0027494 ,-0.0314854 
535,14.4306 ,0.00273784 ,-0.0314532 
536,14.4576 ,0.00272635 ,-0.031421 
537,14.4845 ,0.00271494 ,-0.0313886 
538,14.5115 ,0.0027036 ,-0.0313563 
539,14.5385 ,0.00269233 ,-0.0313238 
540,14.5654 ,0.00268113 ,-0.0312913 
541,14.5924 ,0.00267001 ,-0.0312587 
542,14.6194 ,0.00265895 ,-0.0312262 
543,14.6464 ,0.00264797 ,-0.0311935 
544,14.6733 ,0.00263705 ,-0.0311609 
545,14.7003 ,0.00262621 ,-0.0311281 
546,14.7273 ,0.00261543 ,-0.0310954 
547,14.7543 ,0.00260473 ,-0.0310625 
548,14.7812 ,0.00259409 ,-0.0310297 
549,14.8082 ,0.00258351 ,-0.0309968 
550,14.8352 ,0.00257301 ,-0.0309639 
551,14.8621 ,0.00256257 ,-0.0309309 
552,14.8891 ,0.00255219 ,-0.0308979 
553,14.9161 ,0.00254188 ,-0.0308649 
554,14.9431 ,0.00253164 ,-0.0308319 
555,14.97 ,0.00252146 ,-0.0307988 
556,14.997 ,0.00251134 ,-0.0307657 
557,15.024 ,0.00250129 ,-0.0307325 
558,15.051 ,0.0024913 ,-0.0306994 
559,15.0779 ,0.00248137 ,-0.0306662 
560,15.1049 ,0.00247151 ,-0.0306331 
561,15.1319 ,0.00246171 ,-0.0305999 
562,15.1589 ,0.00245196 ,-0.0305667 
563,15.1858 ,0.00244228 ,-0.0305335 
564,15.2128 ,0.00243266 ,-0.0305003 
565,15.2398 ,0.0024231 ,-0.030467 
566,15.2667 ,0.0024136 ,-0.0304338 
567,15.2937 ,0.00240415 ,-0.0304005 
568,15.3207 ,0.00239477 ,-0.0303673 
569,15.3477 ,0.00238544 ,-0.030334 
570,15.3746 ,0.00237617 ,-0.0303007 
571,15.4016 ,0.00236696 ,-0.0302674 
572,15.4286 ,0.00235781 ,-0.0302342 
573,15.4556 ,0.00234871 ,-0.0302009 
574,15.4825 ,0.00233967 ,-0.0301676 
575,15.5095 ,0.00233068 ,-0.0301343 
576,15.5365 ,0.00232175 ,-0.0301011 
577,15.5634 ,0.00231287 ,-0.0300678 
578,15.5904 ,0.00230405 ,-0.0300346 
579,15.6174 ,0.00229528 ,-0.0300013 
580,15.6444 ,0.00228657 ,-0.0299681 
581,15.6713 ,0.00227791 ,-0.0299349 
582,15.6983 ,0.0022693 ,-0.0299017 
583,15.7253 ,0.00226075 ,-0.0298684 
584,15.7523 ,0.00225224 ,-0.0298353 
585,15.7792 ,0.00224379 ,-0.0298021 
586,15.8062 ,0.00223539 ,-0.029769 
587,15.8332 ,0.00222705 ,-0.0297358 
588,15.8602 ,0.00221875 ,-0.0297027 
589,15.8871 ,0.0022105 ,-0.0296696 
590,15.9141 ,0.0022023 ,-0.0296365 
591,15.9411 ,0.00219416 ,-0.0296034 
592,15.968 ,0.00218606 ,-0.0295704 
593,15.995 ,0.00217801 ,-0.0295373 
594,16.022 ,0.00217001 ,-0.0295044 
595,16.049 ,0.00216206 ,-0.0294714 
596,16.0759 ,0.00215415 ,-0.0294384 
597,16.1029 ,0.0021463 ,-0.0294055 
598,16.1299 ,0.00213849 ,-0.0293726 
599,16.1569 ,0.00213072 ,-0.0293397 
600,16.1838 ,0.00212301 ,-0.0293069 
601,16.2108 ,0.00211534 ,-0.0292741 
602,16.2378 ,0.00210772 ,-0.0292413 
603,16.2647 ,0.00210014 ,-0.0292085 
604,16.2917 ,0.00209261 ,-0.0291758 
605,16.3187 ,0.00208512 ,-0.0291431 
606,16.3457 ,0.00207768 ,-0.0291105 
607,16.3726 ,0.00207028 ,-0.0290778 
608,16.3996 ,0.00206292 ,-0.0290453 
609,16.4266 ,0.00205561 ,-0.0290127 
610,16.4536 ,0.00204835 ,-0.0289802 
611,16.4805 ,0.00204112 ,-0.0289477 
612,16.5075 ,0.00203394 ,-0.0289153 
613,16.5345 ,0.00202681 ,-0.0288828 
614,16.5614 ,0.00201971 ,-0.0288505 
615,16.5884 ,0.00201266 ,-0.0288181 
616,16.6154 ,0.00200565 ,-0.0287859 
617,16.6424 ,0.00199867 ,-0.0287536 
618,16.6693 ,0.00199175 ,-0.0287214 
619,16.6963 ,0.00198486 ,-0.0286892 
620,16.7233 ,0.00197801 ,-0.0286571 
621,16.7503 ,0.0019712 ,-0.028625 
622,16.7772 ,0.00196444 ,-0.028593 
623,16.8042 ,0.00195771 ,-0.0285609 
624,16.8312 ,0.00195102 ,-0.028529 
625,16.8582 ,0.00194437 ,-0.0284971 
626,16.8851 ,0.00193776 ,-0.0284652 
627,16.9121 ,0.00193119 ,-0.0284334 
628,16.9391 ,0.00192466 ,-0.0284016 
629,16.966 ,0.00191817 ,-0.0283699 
630,16.993 ,0.00191171 ,-0.0283382 
631,17.02 ,0.00190529 ,-0.0283066 
632,17.047 ,0.00189891 ,-0.028275 
633,17.0739 ,0.00189257 ,-0.0282434 
634,17.1009 ,0.00188626 ,-0.028212 
635,17.1279 ,0.00187999 ,-0.0281805 
636,17.1549 ,0.00187376 ,-0.0281491 
637,17.1818 ,0.00186756 ,-0.0281177 
638,17.2088 ,0.0018614 ,-0.0280865 
639,17.2358 ,0.00185528 ,-0.0280552 
640,17.2627 ,0.00184919 ,-0.028024 
641,17.2897 ,0.00184313 ,-0.0279929 
642,17.3167 ,0.00183711 ,-0.0279618 
643,17.3437 ,0.00183113 ,-0.0279308 
644,17.3706 ,0.00182518 ,-0.0278998 
645,17.3976 ,0.00181926 ,-0.0278688 
646,17.4246 ,0.00181338 ,-0.027838 
647,17.4516 ,0.00180753 ,-0.0278071 
648,17.4785 ,0.00180172 ,-0.0277764 
649,17.5055 ,0.00179594 ,-0.0277456 
650,17.5325 ,0.00179019 ,-0.027715 
651,17.5595 ,0.00178447 ,-0.0276844 
652,17.5864 ,0.00177879 ,-0.0276538 
653,17.6134 ,0.00177314 ,-0.0276233 
654,17.6404 ,0.00176753 ,-0.0275929 
655,17.6673 ,0.00176194 ,-0.0275625 
656,17.6943 ,0.00175639 ,-0.0275322 
657,17.7213 ,0.00175087 ,-0.0275019 
658,17.7483 ,0.00174538 ,-0.0274717 
659,17.7752 ,0.00173992 ,-0.0274415 
660,17.8022 ,0.00173449 ,-0.0274114 
661,17.8292 ,0.0017291 ,-0.0273813 
662,17.8562 ,0.00172373 ,-0.0273514 
663,17.8831 ,0.0017184 ,-0.0273214 
664,17.9101 ,0.00171309 ,-0.0272916 
665,17.9371 ,0.00170782 ,-0.0272617 
666,17.964 ,0.00170257 ,-0.027232 
667,17.991 ,0.00169736 ,-0.0272023 
668,18.018 ,0.00169217 ,-0.0271727 
669,18.045 ,0.00168702 ,-0.0271431 
670,18.0719 ,0.00168189 ,-0.0271136 
671,18.0989 ,0.00167679 ,-0.0270841 
672,18.1259 ,0.00167172 ,-0.0270547 
673,18.1529 ,0.00166668 ,-0.0270253 
674,18.1798 ,0.00166167 ,-0.0269961 
675,18.2068 ,0.00165669 ,-0.0269668 
676,18.2338 ,0.00165173 ,-0.0269377 
677,18.2607 ,0.0016468 ,-0.0269086 
678,18.2877 ,0.0016419 ,-0.0268795 
679,18.3147 ,0.00163703 ,-0.0268505 
680,18.3417 ,0.00163218 ,-0.0268216 
681,18.3686 ,0.00162737 ,-0.0267927 
682,18.3956 ,0.00162257 ,-0.026764 
683,18.4226 ,0.00161781 ,-0.0267352 
684,18.4496 ,0.00161307 ,-0.0267066 
685,18.4765 ,0.00160836 ,-0.0266779 
686,18.5035 ,0.00160368 ,-0.0266494 
687,18.5305 ,0.00159902 ,-0.0266209 
688,18.5575 ,0.00159438 ,-0.0265925 
689,18.5844 ,0.00158978 ,-0.0265641 
690,18.6114 ,0.0015852 ,-0.0265358 
691,18.6384 ,0.00158064 ,-0.0265075 
692,18.6653 ,0.00157611 ,-0.0264794 
693,18.6923 ,0.0015716 ,-0.0264512 
694,18.7193 ,0.00156712 ,-0.0264232 
695,18.7463 ,0.00156267 ,-0.0263952 
696,18.7732 ,0.00155824 ,-0.0263673 
697,18.8002 ,0.00155383 ,-0.0263394 
698,18.8272 ,0.00154945 ,-0.0263116 
699,18.8542 ,0.00154509 ,-0.0262838 
700,18.8811 ,0.00154076 ,-0.0262562 
701,18.9081 ,0.00153645 ,-0.0262285 
702,18.9351 ,0.00153216 ,-0.026201 
703,18.962 ,0.0015279 ,-0.0261735 
704,18.989 ,0.00152366 ,-0.026146 
705,19.016 ,0.00151945 ,-0.0261187 
706,19.043 ,0.00151525 ,-0.0260914 
707,19.0699 ,0.00151108 ,-0.0260641 
708,19.0969 ,0.00150694 ,-0.026037 
709,19.1239 ,0.00150281 ,-0.0260098 
710,19.1509 ,0.00149871 ,-0.0259828 
711,19.1778 ,0.00149464 ,-0.0259558 
712,19.2048 ,0.00149058 ,-0.0259289 
713,19.2318 ,0.00148655 ,-0.025902 
714,19.2587 ,0.00148253 ,-0.0258752 
715,19.2857 ,0.00147855 ,-0.0258485 
716,19.3127 ,0.00147458 ,-0.0258218 
717,19.3397 ,0.00147063 ,-0.0257952 
718,19.3666 ,0.00146671 ,-0.0257686 
719,19.3936 ,0.0014628 ,-0.0257421 
720,19.4206 ,0.00145892 ,-0.0257157 
721,19.4476 ,0.00145506 ,-0.0256894 
722,19.4745 ,0.00145122 ,-0.0256631 
723,19.5015 ,0.0014474 ,-0.0256368 
724,19.5285 ,0.0014436 ,-0.0256107 
725,19.5555 ,0.00143983 ,-0.0255846 
726,19.5824 ,0.00143607 ,-0.0255585 
727,19.6094 ,0.00143233 ,-0.0255326 
728,19.6364 ,0.00142862 ,-0.0255066 
729,19.6633 ,0.00142492 ,-0.0254808 
730,19.6903 ,0.00142125 ,-0.025455 
731,19.7173 ,0.00141759 ,-0.0254293 
732,19.7443 ,0.00141395 ,-0.0254036 
733,19.7712 ,0.00141034 ,-0.025378 
734,19.7982 ,0.00140674 ,-0.0253525 
735,19.8252 ,0.00140316 ,-0.025327 
736,19.8522 ,0.0013996 ,-0.0253016 
737,19.8791 ,0.00139606 ,-0.0252762 
738,19.9061 ,0.00139254 ,-0.025251 
739,19.9331 ,0.00138904 ,-0.0252257 
740,19.96 ,0.00138556 ,-0.0252006 
741,19.987 ,0.0013821 ,-0.0251755 
742,20.014 ,0.00137865 ,-0.0251505 
743,20.041 ,0.00137523 ,-0.0251255 
744,20.0679 ,0.00137182 ,-0.0251006 
745,20.0949 ,0.00136843 ,-0.0250757 
746,20.1219 ,0.00136506 ,-0.025051 
747,20.1489 ,0.0013617 ,-0.0250262 
748,20.1758 ,0.00135837 ,-0.0250016 
749,20.2028 ,0.00135505 ,-0.024977 
750,20.2298 ,0.00135175 ,-0.0249525 
751,20.2568 ,0.00134847 ,-0.024928 
752,20.2837 ,0.0013452 ,-0.0249036 
753,20.3107 ,0.00134196 ,-0.0248792 
754,20.3377 ,0.00133873 ,-0.024855 
755,20.3646 ,0.00133552 ,-0.0248307 
756,20.3916 ,0.00133232 ,-0.0248066 
757,20.4186 ,0.00132914 ,-0.0247825 
758,20.4456 ,0.00132598 ,-0.0247584 
759,20.4725 ,0.00132284 ,-0.0247345 
760,20.4995 ,0.00131971 ,-0.0247106 
761,20.5265 ,0.0013166 ,-0.0246867 
762,20.5535 ,0.0013135 ,-0.0246629 
763,20.5804 ,0.00131043 ,-0.0246392 
764,20.6074 ,0.00130736 ,-0.0246155 
765,20.6344 ,0.00130432 ,-0.0245919 
766,20.6613 ,0.00130129 ,-0.0245684 
767,20.6883 ,0.00129828 ,-0.0245449 
768,20.7153 ,0.00129528 ,-0.0245215 
769,20.7423 ,0.0012923 ,-0.0244981 
770,20.7692 ,0.00128933 ,-0.0244748 
771,20.7962 ,0.00128638 ,-0.0244516 
772,20.8232 ,0.00128345 ,-0.0244284 
773,20.8502 ,0.00128053 ,-0.0244053 
774,20.8771 ,0.00127763 ,-0.0243822 
775,20.9041 ,0.00127474 ,-0.0243592 
776,20.9311 ,0.00127187 ,-0.0243363 
777,20.958 ,0.00126901 ,-0.0243134 
778,20.985 ,0.00126617 ,-0.0242906 
779,21.012 ,0.00126334 ,-0.0242678 
780,21.039 ,0.00126053 ,-0.0242451 
781,21.0659 ,0.00125773 ,-0.0242225 
782,21.0929 ,0.00125495 ,-0.0241999 
783,21.1199 ,0.00125218 ,-0.0241774 
784,21.1469 ,0.00124943 ,-0.024155 
785,21.1738 ,0.00124669 ,-0.0241325 
786,21.2008 ,0.00124396 ,-0.0241102 
787,21.2278 ,0.00124125 ,-0.0240879 
788,21.2548 ,0.00123856 ,-0.0240657 
789,21.2817 ,0.00123587 ,-0.0240435 
790,21.3087 ,0.00123321 ,-0.0240215 
791,21.3357 ,0.00123055 ,-0.0239994 
792,21.3626 ,0.00122791 ,-0.0239774 
793,21.3896 ,0.00122529 ,-0.0239555 
794,21.4166 ,0.00122268 ,-0.0239336 
795,21.4436 ,0.00122008 ,-0.0239118 
796,21.4705 ,0.00121749 ,-0.0238901 
797,21.4975 ,0.00121492 ,-0.0238684 
798,21.5245 ,0.00121236 ,-0.0238468 
799,21.5515 ,0.00120982 ,-0.0238252 
800,21.5784 ,0.00120729 ,-0.0238037 
801,21.6054 ,0.00120477 ,-0.0237822 
802,21.6324 ,0.00120226 ,-0.0237608 
803,21.6593 ,0.00119977 ,-0.0237394 
804,21.6863 ,0.00119729 ,-0.0237182 
805,21.7133 ,0.00119483 ,-0.0236969 
806,21.7403 ,0.00119238 ,-0.0236758 
807,21.7672 ,0.00118994 ,-0.0236546 
808,21.7942 ,0.00118751 ,-0.0236336 
809,21.8212 ,0.00118509 ,-0.0236126 
810,21.8482 ,0.00118269 ,-0.0235916 
811,21.8751 ,0.0011803 ,-0.0235707 
812,21.9021 ,0.00117793 ,-0.0235499 
813,21.9291 ,0.00117556 ,-0.0235291 
814,21.956 ,0.00117321 ,-0.0235084 
815,21.983 ,0.00117087 ,-0.0234878 
816,22.01 ,0.00116854 ,-0.0234672 
817,22.037 ,0.00116622 ,-0.0234466 
818,22.0639 ,0.00116392 ,-0.0234261 
819,22.0909 ,0.00116163 ,-0.0234057 
820,22.1179 ,0.00115935 ,-0.0233853 
821,22.1449 ,0.00115708 ,-0.0233649 
822,22.1718 ,0.00115483 ,-0.0233447 
823,22.1988 ,0.00115258 ,-0.0233245 
824,22.2258 ,0.00115035 ,-0.0233043 
825,22.2528 ,0.00114813 ,-0.0232842 
826,22.2797 ,0.00114592 ,-0.0232641 
827,22.3067 ,0.00114372 ,-0.0232441 
828,22.3337 ,0.00114153 ,-0.0232242 
829,22.3606 ,0.00113936 ,-0.0232043 
830,22.3876 ,0.00113719 ,-0.0231845 
831,22.4146 ,0.00113504 ,-0.0231647 
832,22.4416 ,0.0011329 ,-0.023145 
833,22.4685 ,0.00113077 ,-0.0231253 
834,22.4955 ,0.00112865 ,-0.0231057 
835,22.5225 ,0.00112654 ,-0.0230861 
836,22.5495 ,0.00112444 ,-0.0230666 
837,22.5764 ,0.00112235 ,-0.0230471 
838,22.6034 ,0.00112028 ,-0.0230277 
839,22.6304 ,0.00111821 ,-0.0230084 
840,22.6573 ,0.00111616 ,-0.0229891 
841,22.6843 ,0.00111411 ,-0.0229698 
842,22.7113 ,0.00111208 ,-0.0229506 
843,22.7383 ,0.00111006 ,-0.0229315 
844,22.7652 ,0.00110804 ,-0.0229124 
845,22.7922 ,0.00110604 ,-0.0228934 
846,22.8192 ,0.00110405 ,-0.0228744 
847,22.8462 ,0.00110207 ,-0.0228554 
848,22.8731 ,0.0011001 ,-0.0228366 
849,22.9001 ,0.00109813 ,-0.0228177 
850,22.9271 ,0.00109618 ,-0.022799 
851,22.9541 ,0.00109424 ,-0.0227802 
852,22.981 ,0.00109231 ,-0.0227616 
853,23.008 ,0.00109039 ,-0.0227429 
854,23.035 ,0.00108848 ,-0.0227244 
855,23.0619 ,0.00108658 ,-0.0227059 
856,23.0889 ,0.00108469 ,-0.0226874 
857,23.1159 ,0.00108281 ,-0.022669 
858,23.1429 ,0.00108093 ,-0.0226506 
859,23.1698 ,0.00107907 ,-0.0226323 
860,23.1968 ,0.00107722 ,-0.022614 
861,23.2238 ,0.00107537 ,-0.0225958 
862,23.2508 ,0.00107354 ,-0.0225776 
863,23.2777 ,0.00107172 ,-0.0225595 
864,23.3047 ,0.0010699 ,-0.0225415 
865,23.3317 ,0.0010681 ,-0.0225234 
866,23.3586 ,0.0010663 ,-0.0225055 
867,23.3856 ,0.00106451 ,-0.0224876 
868,23.4126 ,0.00106274 ,-0.0224697 
869,23.4396 ,0.00106097 ,-0.0224519 
870,23.4665 ,0.00105921 ,-0.0224341 
871,23.4935 ,0.00105746 ,-0.0224164 
872,23.5205 ,0.00105572 ,-0.0223987 
873,23.5475 ,0.00105398 ,-0.0223811 
874,23.5744 ,0.00105226 ,-0.0223635 
875,23.6014 ,0.00105055 ,-0.022346 
876,23.6284 ,0.00104884 ,-0.0223285 
877,23.6553 ,0.00104714 ,-0.0223111 
878,23.6823 ,0.00104545 ,-0.0222937 
879,23.7093 ,0.00104377 ,-0.0222764 
880,23.7363 ,0.0010421 ,-0.0222591 
881,23.7632 ,0.00104044 ,-0.0222418 
882,23.7902 ,0.00103879 ,-0.0222247 
883,23.8172 ,0.00103714 ,-0.0222075 
884,23.8442 ,0.0010355 ,-0.0221904 
885,23.8711 ,0.00103388 ,-0.0221734 
886,23.8981 ,0.00103226 ,-0.0221564 
887,23.9251 ,0.00103064 ,-0.0221394 
888,23.9521 ,0.00102904 ,-0.0221225 
889,23.979 ,0.00102745 ,-0.0221056 
890,24.006 ,0.00102586 ,-0.0220888 
891,24.033 ,0.00102428 ,-0.022072 
892,24.0599 ,0.00102271 ,-0.0220553 
893,24.0869 ,0.00102115 ,-0.0220386 
894,24.1139 ,0.00101959 ,-0.022022 
895,24.1409 ,0.00101805 ,-0.0220054 
896,24.1678 ,0.00101651 ,-0.0219889 
897,24.1948 ,0.00101498 ,-0.0219724 
898,24.2218 ,0.00101345 ,-0.021956 
899,24.2488 ,0.00101194 ,-0.0219395 
900,24.2757 ,0.00101043 ,-0.0219232 
901,24.3027 ,0.00100893 ,-0.0219069 
902,24.3297 ,0.00100744 ,-0.0218906 
903,24.3566 ,0.00100596 ,-0.0218744 
904,24.3836 ,0.00100448 ,-0.0218582 
905,24.4106 ,0.00100301 ,-0.0218421 
906,24.4376 ,0.00100155 ,-0.021826 
907,24.4645 ,0.0010001 ,-0.0218099 
908,24.4915 ,0.00099865 ,-0.0217939 
909,24.5185 ,0.000997211 ,-0.021778 
910,24.5455 ,0.00099578 ,-0.021762 
911,24.5724 ,0.000994356 ,-0.0217462 
912,24.5994 ,0.000992939 ,-0.0217303 
913,24.6264 ,0.00099153 ,-0.0217146 
914,24.6533 ,0.000990128 ,-0.0216988 
915,24.6803 ,0.000988733 ,-0.0216831 
916,24.7073 ,0.000987345 ,-0.0216675 
917,24.7343 ,0.000985965 ,-0.0216518 
918,24.7612 ,0.000984591 ,-0.0216363 
919,24.7882 ,0.000983225 ,-0.0216207 
920,24.8152 ,0.000981866 ,-0.0216053 
921,24.8422 ,0.000980513 ,-0.0215898 
922,24.8691 ,0.000979168 ,-0.0215744 
923,24.8961 ,0.00097783 ,-0.021559 
924,24.9231 ,0.000976498 ,-0.0215437 
925,24.9501 ,0.000975174 ,-0.0215285 
926,24.977 ,0.000973856 ,-0.0215132 
927,25.004 ,0.000972545 ,-0.021498 
928,25.031 ,0.000971241 ,-0.0214829 
929,25.0579 ,0.000969944 ,-0.0214678 
930,25.0849 ,0.000968653 ,-0.0214527 
931,25.1119 ,0.000967369 ,-0.0214377 
932,25.1389 ,0.000966092 ,-0.0214227 
933,25.1658 ,0.000964821 ,-0.0214077 
934,25.1928 ,0.000963557 ,-0.0213928 
935,25.2198 ,0.000962299 ,-0.021378 
936,25.2468 ,0.000961048 ,-0.0213631 
937,25.2737 ,0.000959803 ,-0.0213483 
938,25.3007 ,0.000958565 ,-0.0213336 
939,25.3277 ,0.000957333 ,-0.0213189 
940,25.3546 ,0.000956108 ,-0.0213042 
941,25.3816 ,0.000954889 ,-0.0212896 
942,25.4086 ,0.000953676 ,-0.021275 
943,25.4356 ,0.000952469 ,-0.0212605 
944,25.4625 ,0.000951269 ,-0.021246 
945,25.4895 ,0.000950075 ,-0.0212315 
946,25.5165 ,0.000948887 ,-0.0212171 
947,25.5435 ,0.000947706 ,-0.0212027 
948,25.5704 ,0.00094653 ,-0.0211883 
949,25.5974 ,0.000945361 ,-0.021174 
950,25.6244 ,0.000944197 ,-0.0211597 
951,25.6514 ,0.00094304 ,-0.0211455 
952,25.6783 ,0.000941889 ,-0.0211313 
953,25.7053 ,0.000940744 ,-0.0211171 
954,25.7323 ,0.000939604 ,-0.021103 
955,25.7592 ,0.000938471 ,-0.0210889 
956,25.7862 ,0.000937344 ,-0.0210749 
957,25.8132 ,0.000936222 ,-0.0210609 
958,25.8402 ,0.000935106 ,-0.0210469 
959,25.8671 ,0.000933996 ,-0.021033 
960,25.8941 ,0.000932892 ,-0.0210191 
961,25.9211 ,0.000931794 ,-0.0210052 
962,25.9481 ,0.000930701 ,-0.0209914 
963,25.975 ,0.000929614 ,-0.0209776 
964,26.002 ,0.000928533 ,-0.0209638 
965,26.029 ,0.000927457 ,-0.0209501 
966,26.0559 ,0.000926387 ,-0.0209364 
967,26.0829 ,0.000925323 ,-0.0209228 
968,26.1099 ,0.000924264 ,-0.0209092 
969,26.1369 ,0.00092321 ,-0.0208956 
970,26.1638 ,0.000922163 ,-0.0208821 
971,26.1908 ,0.00092112 ,-0.0208686 
972,26.2178 ,0.000920083 ,-0.0208551 
973,26.2448 ,0.000919052 ,-0.0208417 
974,26.2717 ,0.000918026 ,-0.0208283 
975,26.2987 ,0.000917005 ,-0.020815 
976,26.3257 ,0.00091599 ,-0.0208016 
977,26.3526 ,0.00091498 ,-0.0207884 
978,26.3796 ,0.000913975 ,-0.0207751 
979,26.4066 ,0.000912976 ,-0.0207619 
980,26.4336 ,0.000911982 ,-0.0207487 
981,26.4605 ,0.000910993 ,-0.0207356 
982,26.4875 ,0.000910009 ,-0.0207225 
983,26.5145 ,0.000909031 ,-0.0207094 
984,26.5415 ,0.000908058 ,-0.0206963 
985,26.5684 ,0.000907089 ,-0.0206833 
986,26.5954 ,0.000906126 ,-0.0206704 
987,26.6224 ,0.000905168 ,-0.0206574 
988,26.6494 ,0.000904215 ,-0.0206445 
989,26.6763 ,0.000903268 ,-0.0206316 
990,26.7033 ,0.000902325 ,-0.0206188 
991,26.7303 ,0.000901387 ,-0.020606 
992,26.7572 ,0.000900454 ,-0.0205932 
993,26.7842 ,0.000899526 ,-0.0205805 
994,26.8112 ,0.000898603 ,-0.0205678 
995,26.8382 ,0.000897685 ,-0.0205551 
996,26.8651 ,0.000896771 ,-0.0205424 
997,26.8921 ,0.000895863 ,-0.0205298 
998,26.9191 ,0.000894959 ,-0.0205173 
999,26.9461 ,0.00089406 ,-0.0205047 
1000,26.973 ,0.000893166 ,-0.0204922 