N_e = 18
1,0.025 ,0.00115549 ,-3198.33 
2,0.05 ,0.00115549 ,-798.332 
3,0.075 ,0.00115549 ,-353.888 
4,0.1 ,0.00200086 ,-198.332 
5,0.125 ,0.00309458 ,-126.332 
6,0.15 ,0.00443272 ,-87.2214 
7,0.175 ,0.00601251 ,-63.6388 
8,0.2 ,0.00783145 ,-48.3328 
9,0.225 ,0.00988694 ,-37.8392 
10,0.25 ,0.0121762 ,-30.3332 
11,0.275 ,0.0146963 ,-24.7797 
12,0.3 ,0.017444 ,-20.5559 
13,0.325 ,0.0204158 ,-17.2688 
14,0.35 ,0.0236079 ,-14.6607 
15,0.375 ,0.0270164 ,-12.5567 
16,0.4 ,0.0306368 ,-10.8348 
17,0.425 ,0.0344646 ,-9.40781 
18,0.45 ,0.0384951 ,-8.21205 
19,0.475 ,0.0427231 ,-7.20016 
20,0.5 ,0.0471434 ,-6.33629 
21,0.525 ,0.0517504 ,-5.59295 
22,0.55 ,0.0565382 ,-4.94873 
23,0.575 ,0.0615009 ,-4.38677 
24,0.6 ,0.0666322 ,-3.89366 
25,0.625 ,0.0719256 ,-3.45861 
26,0.65 ,0.0773745 ,-3.07286 
27,0.675 ,0.0829719 ,-2.72925 
28,0.7 ,0.0887109 ,-2.42188 
29,0.725 ,0.0945841 ,-2.14583 
30,0.75 ,0.100584 ,-1.897 
31,0.775 ,0.106704 ,-1.67193 
32,0.8 ,0.112934 ,-1.46772 
33,0.825 ,0.119269 ,-1.28186 
34,0.85 ,0.125699 ,-1.11224 
35,0.875 ,0.132216 ,-0.957032 
36,0.9 ,0.138812 ,-0.814654 
37,0.925 ,0.145479 ,-0.683742 
38,0.95 ,0.152209 ,-0.563108 
39,0.975 ,0.158991 ,-0.451714 
40,1 ,0.165819 ,-0.348648 
41,1.025 ,0.172683 ,-0.253111 
42,1.05 ,0.179574 ,-0.164396 
43,1.075 ,0.186484 ,-0.0818774 
44,1.1 ,0.193403 ,-0.00500055 
45,1.125 ,0.200322 ,0.0667287 
46,1.15 ,0.207234 ,0.133751 
47,1.175 ,0.214128 ,0.196462 
48,1.2 ,0.220995 ,0.255214 
49,1.225 ,0.227828 ,0.310326 
50,1.25 ,0.234616 ,0.362085 
51,1.275 ,0.241351 ,0.410749 
52,1.3 ,0.248025 ,0.456552 
53,1.325 ,0.254627 ,0.499707 
54,1.35 ,0.26115 ,0.540407 
55,1.375 ,0.267585 ,0.578828 
56,1.4 ,0.273923 ,0.615128 
57,1.425 ,0.280155 ,0.649454 
58,1.45 ,0.286274 ,0.68194 
59,1.475 ,0.292271 ,0.712707 
60,1.5 ,0.298138 ,0.741869 
61,1.525 ,0.303867 ,0.769528 
62,1.55 ,0.309449 ,0.79578 
63,1.575 ,0.314877 ,0.82071 
64,1.6 ,0.320144 ,0.844401 
65,1.625 ,0.325243 ,0.866926 
66,1.65 ,0.330164 ,0.888355 
67,1.675 ,0.334903 ,0.908751 
68,1.7 ,0.339451 ,0.928173 
69,1.725 ,0.343803 ,0.946676 
70,1.75 ,0.347951 ,0.964311 
71,1.775 ,0.351889 ,0.981126 
72,1.8 ,0.355612 ,0.997164 
73,1.825 ,0.359113 ,1.01247 
74,1.85 ,0.362387 ,1.02707 
75,1.875 ,0.365428 ,1.04102 
76,1.9 ,0.368231 ,1.05434 
77,1.925 ,0.370792 ,1.06706 
78,1.95 ,0.373106 ,1.07921 
79,1.975 ,0.375167 ,1.09083 
80,2 ,0.376974 ,1.10193 
81,2.025 ,0.37852 ,1.11254 
82,2.05 ,0.379803 ,1.12268 
83,2.075 ,0.38082 ,1.13238 
84,2.1 ,0.381568 ,1.14166 
85,2.125 ,0.382043 ,1.15053 
86,2.15 ,0.382243 ,1.15901 
87,2.175 ,0.382167 ,1.16711 
88,2.2 ,0.381812 ,1.17487 
89,2.225 ,0.381176 ,1.18228 
90,2.25 ,0.380259 ,1.18936 
91,2.275 ,0.379059 ,1.19613 
92,2.3 ,0.377576 ,1.2026 
93,2.325 ,0.375809 ,1.20878 
94,2.35 ,0.373759 ,1.21469 
95,2.375 ,0.371424 ,1.22033 
96,2.4 ,0.368806 ,1.22571 
97,2.425 ,0.365906 ,1.23084 
98,2.45 ,0.362724 ,1.23574 
99,2.475 ,0.359262 ,1.24041 
100,2.5 ,0.355522 ,1.24486 
101,2.525 ,0.351505 ,1.24909 
102,2.55 ,0.347214 ,1.25312 
103,2.575 ,0.342651 ,1.25696 
104,2.6 ,0.337818 ,1.2606 
105,2.625 ,0.33272 ,1.26405 
106,2.65 ,0.327358 ,1.26733 
107,2.675 ,0.321738 ,1.27044 
108,2.7 ,0.315861 ,1.27338 
109,2.725 ,0.309734 ,1.27615 
110,2.75 ,0.30336 ,1.27877 
111,2.775 ,0.296743 ,1.28124 
112,2.8 ,0.289888 ,1.28356 
113,2.825 ,0.282801 ,1.28574 
114,2.85 ,0.275487 ,1.28778 
115,2.875 ,0.267951 ,1.28969 
116,2.9 ,0.260199 ,1.29146 
117,2.925 ,0.252237 ,1.29311 
118,2.95 ,0.244071 ,1.29463 
119,2.975 ,0.235708 ,1.29604 
120,3 ,0.227153 ,1.29733 
121,3.025 ,0.218415 ,1.29851 
122,3.05 ,0.209499 ,1.29957 
123,3.075 ,0.200414 ,1.30053 
124,3.1 ,0.191165 ,1.30139 
125,3.125 ,0.181761 ,1.30214 
126,3.15 ,0.172209 ,1.30279 
127,3.175 ,0.162517 ,1.30335 
128,3.2 ,0.152692 ,1.30381 
129,3.225 ,0.142743 ,1.30418 
130,3.25 ,0.132678 ,1.30446 
131,3.275 ,0.122504 ,1.30465 
132,3.3 ,0.112231 ,1.30476 
133,3.325 ,0.101866 ,1.30478 
134,3.35 ,0.0914176 ,1.30472 
135,3.375 ,0.080895 ,1.30458 
136,3.4 ,0.0703065 ,1.30437 
137,3.425 ,0.0596607 ,1.30407 
138,3.45 ,0.0489663 ,1.3037 
139,3.475 ,0.0382319 ,1.30326 
140,3.5 ,0.0274664 ,1.30274 
141,3.525 ,0.0166786 ,1.30216 
142,3.55 ,0.00587719 ,1.3015 
143,3.575 ,-0.00492901 ,1.30078 
144,3.6 ,-0.0157312 ,1.29999 
145,3.625 ,-0.0265206 ,1.29914 
146,3.65 ,-0.0372885 ,1.29822 
147,3.675 ,-0.0480261 ,1.29724 
148,3.7 ,-0.0587248 ,1.29619 
149,3.725 ,-0.0693759 ,1.29509 
150,3.75 ,-0.0799709 ,1.29393 
151,3.775 ,-0.0905012 ,1.2927 
152,3.8 ,-0.100958 ,1.29143 
153,3.825 ,-0.111334 ,1.29009 
154,3.85 ,-0.12162 ,1.2887 
155,3.875 ,-0.131808 ,1.28725 
156,3.9 ,-0.14189 ,1.28575 
157,3.925 ,-0.151858 ,1.2842 
158,3.95 ,-0.161704 ,1.28259 
159,3.975 ,-0.171421 ,1.28094 
160,4 ,-0.181 ,1.27923 
161,4.025 ,-0.190434 ,1.27747 
162,4.05 ,-0.199717 ,1.27566 
163,4.075 ,-0.20884 ,1.27381 
164,4.1 ,-0.217797 ,1.27191 
165,4.125 ,-0.226581 ,1.26996 
166,4.15 ,-0.235185 ,1.26796 
167,4.175 ,-0.243603 ,1.26592 
168,4.2 ,-0.251828 ,1.26383 
169,4.225 ,-0.259854 ,1.2617 
170,4.25 ,-0.267675 ,1.25952 
171,4.275 ,-0.275286 ,1.2573 
172,4.3 ,-0.28268 ,1.25504 
173,4.325 ,-0.289852 ,1.25273 
174,4.35 ,-0.296798 ,1.25039 
175,4.375 ,-0.303511 ,1.248 
176,4.4 ,-0.309988 ,1.24557 
177,4.425 ,-0.316224 ,1.2431 
178,4.45 ,-0.322214 ,1.24059 
179,4.475 ,-0.327954 ,1.23803 
180,4.5 ,-0.33344 ,1.23544 
181,4.525 ,-0.338669 ,1.23282 
182,4.55 ,-0.343637 ,1.23015 
183,4.575 ,-0.348341 ,1.22744 
184,4.6 ,-0.352778 ,1.2247 
185,4.625 ,-0.356944 ,1.22192 
186,4.65 ,-0.360838 ,1.2191 
187,4.675 ,-0.364457 ,1.21625 
188,4.7 ,-0.3678 ,1.21336 
189,4.725 ,-0.370863 ,1.21043 
190,4.75 ,-0.373645 ,1.20747 
191,4.775 ,-0.376146 ,1.20447 
192,4.8 ,-0.378364 ,1.20144 
193,4.825 ,-0.380297 ,1.19837 
194,4.85 ,-0.381946 ,1.19527 
195,4.875 ,-0.383309 ,1.19214 
196,4.9 ,-0.384387 ,1.18897 
197,4.925 ,-0.385179 ,1.18576 
198,4.95 ,-0.385685 ,1.18253 
199,4.975 ,-0.385907 ,1.17926 
200,5 ,-0.385844 ,1.17595 
201,5.025 ,-0.385498 ,1.17262 
202,5.05 ,-0.384869 ,1.16925 
203,5.075 ,-0.383959 ,1.16585 
204,5.1 ,-0.382769 ,1.16242 
205,5.125 ,-0.381301 ,1.15896 
206,5.15 ,-0.379557 ,1.15546 
207,5.175 ,-0.377539 ,1.15194 
208,5.2 ,-0.375249 ,1.14838 
209,5.225 ,-0.37269 ,1.14479 
210,5.25 ,-0.369864 ,1.14118 
211,5.275 ,-0.366774 ,1.13753 
212,5.3 ,-0.363424 ,1.13385 
213,5.325 ,-0.359816 ,1.13014 
214,5.35 ,-0.355953 ,1.1264 
215,5.375 ,-0.351841 ,1.12263 
216,5.4 ,-0.347481 ,1.11883 
217,5.425 ,-0.342879 ,1.115 
218,5.45 ,-0.338037 ,1.11115 
219,5.475 ,-0.332961 ,1.10726 
220,5.5 ,-0.327654 ,1.10335 
221,5.525 ,-0.322122 ,1.0994 
222,5.55 ,-0.316368 ,1.09543 
223,5.575 ,-0.310397 ,1.09143 
224,5.6 ,-0.304215 ,1.0874 
225,5.625 ,-0.297826 ,1.08334 
226,5.65 ,-0.291236 ,1.07926 
227,5.675 ,-0.284449 ,1.07514 
228,5.7 ,-0.27747 ,1.071 
229,5.725 ,-0.270307 ,1.06683 
230,5.75 ,-0.262963 ,1.06263 
231,5.775 ,-0.255444 ,1.05841 
232,5.8 ,-0.247756 ,1.05416 
233,5.825 ,-0.239905 ,1.04988 
234,5.85 ,-0.231897 ,1.04557 
235,5.875 ,-0.223737 ,1.04124 
236,5.9 ,-0.215431 ,1.03688 
237,5.925 ,-0.206986 ,1.03249 
238,5.95 ,-0.198408 ,1.02808 
239,5.975 ,-0.189701 ,1.02364 
240,6 ,-0.180874 ,1.01918 
241,6.025 ,-0.171931 ,1.01468 
242,6.05 ,-0.162879 ,1.01016 
243,6.075 ,-0.153725 ,1.00562 
244,6.1 ,-0.144474 ,1.00105 
245,6.125 ,-0.135132 ,0.99645 
246,6.15 ,-0.125706 ,0.991827 
247,6.175 ,-0.116203 ,0.987178 
248,6.2 ,-0.106627 ,0.982503 
249,6.225 ,-0.0969864 ,0.977803 
250,6.25 ,-0.0872863 ,0.973076 
251,6.275 ,-0.0775331 ,0.968325 
252,6.3 ,-0.067733 ,0.963548 
253,6.325 ,-0.057892 ,0.958746 
254,6.35 ,-0.0480164 ,0.953918 
255,6.375 ,-0.0381122 ,0.949065 
256,6.4 ,-0.0281853 ,0.944187 
257,6.425 ,-0.0182418 ,0.939284 
258,6.45 ,-0.00828759 ,0.934356 
259,6.475 ,0.00167147 ,0.929403 
260,6.5 ,0.0116296 ,0.924426 
261,6.525 ,0.0215809 ,0.919423 
262,6.55 ,0.0315199 ,0.914396 
263,6.575 ,0.0414409 ,0.909344 
264,6.6 ,0.0513383 ,0.904267 
265,6.625 ,0.0612067 ,0.899166 
266,6.65 ,0.0710408 ,0.89404 
267,6.675 ,0.0808351 ,0.88889 
268,6.7 ,0.0905846 ,0.883716 
269,6.725 ,0.100284 ,0.878517 
270,6.75 ,0.109928 ,0.873294 
271,6.775 ,0.119513 ,0.868047 
272,6.8 ,0.129032 ,0.862775 
273,6.825 ,0.138482 ,0.85748 
274,6.85 ,0.147858 ,0.85216 
275,6.875 ,0.157155 ,0.846817 
276,6.9 ,0.166369 ,0.841449 
277,6.925 ,0.175495 ,0.836058 
278,6.95 ,0.18453 ,0.830643 
279,6.975 ,0.193469 ,0.825204 
280,7 ,0.202308 ,0.819741 
281,7.025 ,0.211043 ,0.814254 
282,7.05 ,0.219671 ,0.808744 
283,7.075 ,0.228189 ,0.80321 
284,7.1 ,0.236591 ,0.797653 
285,7.125 ,0.244876 ,0.792072 
286,7.15 ,0.253039 ,0.786468 
287,7.175 ,0.261078 ,0.78084 
288,7.2 ,0.26899 ,0.775188 
289,7.225 ,0.276771 ,0.769514 
290,7.25 ,0.284419 ,0.763816 
291,7.275 ,0.291931 ,0.758094 
292,7.3 ,0.299306 ,0.75235 
293,7.325 ,0.306539 ,0.746582 
294,7.35 ,0.313629 ,0.740791 
295,7.375 ,0.320574 ,0.734976 
296,7.4 ,0.327372 ,0.729139 
297,7.425 ,0.334021 ,0.723279 
298,7.45 ,0.340519 ,0.717395 
299,7.475 ,0.346864 ,0.711488 
300,7.5 ,0.353055 ,0.705559 
301,7.525 ,0.35909 ,0.699606 
302,7.55 ,0.364968 ,0.693631 
303,7.575 ,0.370688 ,0.687633 
304,7.6 ,0.376249 ,0.681611 
305,7.625 ,0.381649 ,0.675567 
306,7.65 ,0.386888 ,0.6695 
307,7.675 ,0.391965 ,0.663411 
308,7.7 ,0.39688 ,0.657298 
309,7.725 ,0.401632 ,0.651163 
310,7.75 ,0.40622 ,0.645005 
311,7.775 ,0.410645 ,0.638825 
312,7.8 ,0.414906 ,0.632622 
313,7.825 ,0.419002 ,0.626396 
314,7.85 ,0.422935 ,0.620147 
315,7.875 ,0.426704 ,0.613876 
316,7.9 ,0.430309 ,0.607583 
317,7.925 ,0.43375 ,0.601267 
318,7.95 ,0.437029 ,0.594928 
319,7.975 ,0.440145 ,0.588568 
320,8 ,0.443099 ,0.582184 
321,8.025 ,0.445892 ,0.575778 
322,8.05 ,0.448524 ,0.56935 
323,8.075 ,0.450997 ,0.562899 
324,8.1 ,0.453312 ,0.556426 
325,8.125 ,0.455468 ,0.549931 
326,8.15 ,0.457468 ,0.543413 
327,8.175 ,0.459313 ,0.536873 
328,8.2 ,0.461004 ,0.530311 
329,8.225 ,0.462541 ,0.523727 
330,8.25 ,0.463928 ,0.51712 
331,8.275 ,0.465164 ,0.510491 
332,8.3 ,0.466252 ,0.50384 
333,8.325 ,0.467194 ,0.497167 
334,8.35 ,0.46799 ,0.490471 
335,8.375 ,0.468642 ,0.483754 
336,8.4 ,0.469153 ,0.477014 
337,8.425 ,0.469524 ,0.470252 
338,8.45 ,0.469757 ,0.463469 
339,8.475 ,0.469854 ,0.456663 
340,8.5 ,0.469817 ,0.449835 
341,8.525 ,0.469648 ,0.442985 
342,8.55 ,0.469349 ,0.436113 
343,8.575 ,0.468922 ,0.429219 
344,8.6 ,0.468369 ,0.422303 
345,8.625 ,0.467692 ,0.415365 
346,8.65 ,0.466894 ,0.408405 
347,8.675 ,0.465977 ,0.401423 
348,8.7 ,0.464943 ,0.394419 
349,8.725 ,0.463795 ,0.387393 
350,8.75 ,0.462534 ,0.380346 
351,8.775 ,0.461163 ,0.373276 
352,8.8 ,0.459684 ,0.366185 
353,8.825 ,0.458101 ,0.359072 
354,8.85 ,0.456414 ,0.351937 
355,8.875 ,0.454627 ,0.34478 
356,8.9 ,0.452742 ,0.337602 
357,8.925 ,0.450762 ,0.330401 
358,8.95 ,0.448689 ,0.323179 
359,8.975 ,0.446524 ,0.315935 
360,9 ,0.444272 ,0.30867 
361,9.025 ,0.441934 ,0.301382 
362,9.05 ,0.439513 ,0.294073 
363,9.075 ,0.437011 ,0.286742 
364,9.1 ,0.434431 ,0.27939 
365,9.125 ,0.431775 ,0.272016 
366,9.15 ,0.429045 ,0.26462 
367,9.175 ,0.426244 ,0.257202 
368,9.2 ,0.423375 ,0.249763 
369,9.225 ,0.42044 ,0.242302 
370,9.25 ,0.417441 ,0.23482 
371,9.275 ,0.414381 ,0.227316 
372,9.3 ,0.411262 ,0.21979 
373,9.325 ,0.408087 ,0.212243 
374,9.35 ,0.404857 ,0.204674 
375,9.375 ,0.401576 ,0.197083 
376,9.4 ,0.398245 ,0.189471 
377,9.425 ,0.394867 ,0.181838 
378,9.45 ,0.391444 ,0.174183 
379,9.475 ,0.387979 ,0.166506 
380,9.5 ,0.384473 ,0.158808 
381,9.525 ,0.380929 ,0.151088 
382,9.55 ,0.377349 ,0.143347 
383,9.575 ,0.373735 ,0.135584 
384,9.6 ,0.37009 ,0.1278 
385,9.625 ,0.366415 ,0.119994 
386,9.65 ,0.362712 ,0.112167 
387,9.675 ,0.358984 ,0.104319 
388,9.7 ,0.355233 ,0.0964486 
389,9.725 ,0.35146 ,0.0885571 
390,9.75 ,0.347668 ,0.0806442 
391,9.775 ,0.343858 ,0.0727099 
392,9.8 ,0.340032 ,0.0647542 
393,9.825 ,0.336193 ,0.056777 
394,9.85 ,0.332342 ,0.0487785 
395,9.875 ,0.328481 ,0.0407585 
396,9.9 ,0.324611 ,0.0327172 
397,9.925 ,0.320735 ,0.0246545 
398,9.95 ,0.316854 ,0.0165705 
399,9.975 ,0.312969 ,0.00846505 
400,10 ,0.309083 ,0.000338281 
401,10.025 ,0.305197 ,-0.00780983 
402,10.05 ,0.301312 ,-0.0159793 
403,10.075 ,0.297431 ,-0.0241701 
404,10.1 ,0.293553 ,-0.0323822 
405,10.125 ,0.289682 ,-0.0406156 
406,10.15 ,0.285818 ,-0.0488703 
407,10.175 ,0.281963 ,-0.0571463 
408,10.2 ,0.278118 ,-0.0654436 
409,10.225 ,0.274284 ,-0.0737622 
410,10.25 ,0.270463 ,-0.0821021 
411,10.275 ,0.266656 ,-0.0904633 
412,10.3 ,0.262864 ,-0.0988457 
413,10.325 ,0.259088 ,-0.107249 
414,10.35 ,0.255329 ,-0.115674 
415,10.375 ,0.251589 ,-0.12412 
416,10.4 ,0.247868 ,-0.132588 
417,10.425 ,0.244168 ,-0.141077 
418,10.45 ,0.24049 ,-0.149586 
419,10.475 ,0.236834 ,-0.158118 
420,10.5 ,0.233201 ,-0.16667 
421,10.525 ,0.229593 ,-0.175243 
422,10.55 ,0.226009 ,-0.183838 
423,10.575 ,0.222452 ,-0.192454 
424,10.6 ,0.218922 ,-0.201091 
425,10.625 ,0.215419 ,-0.20975 
426,10.65 ,0.211944 ,-0.218429 
427,10.675 ,0.208498 ,-0.227127 
428,10.7 ,0.205082 ,-0.2358 
429,10.725 ,0.201696 ,-0.244433 
430,10.75 ,0.198341 ,-0.253025 
431,10.775 ,0.195017 ,-0.261578 
432,10.8 ,0.191725 ,-0.270092 
433,10.825 ,0.188465 ,-0.278567 
434,10.85 ,0.185239 ,-0.287002 
435,10.875 ,0.182045 ,-0.295399 
436,10.9 ,0.178885 ,-0.303758 
437,10.925 ,0.175759 ,-0.312078 
438,10.95 ,0.172667 ,-0.320361 
439,10.975 ,0.16961 ,-0.328606 
440,11 ,0.166588 ,-0.336814 
441,11.025 ,0.163601 ,-0.344985 
442,11.05 ,0.160649 ,-0.353119 
443,11.075 ,0.157732 ,-0.361217 
444,11.1 ,0.154851 ,-0.369278 
445,11.125 ,0.152006 ,-0.377303 
446,11.15 ,0.149197 ,-0.385292 
447,11.175 ,0.146423 ,-0.393246 
448,11.2 ,0.143686 ,-0.401164 
449,11.225 ,0.140985 ,-0.409048 
450,11.25 ,0.138319 ,-0.416896 
451,11.275 ,0.13569 ,-0.42471 
452,11.3 ,0.133097 ,-0.432489 
453,11.325 ,0.130539 ,-0.440234 
454,11.35 ,0.128018 ,-0.447945 
455,11.375 ,0.125532 ,-0.455623 
456,11.4 ,0.123082 ,-0.463266 
457,11.425 ,0.120668 ,-0.470877 
458,11.45 ,0.11829 ,-0.478454 
459,11.475 ,0.115946 ,-0.485999 
460,11.5 ,0.113638 ,-0.493511 
461,11.525 ,0.111365 ,-0.50099 
462,11.55 ,0.109127 ,-0.508438 
463,11.575 ,0.106924 ,-0.515853 
464,11.6 ,0.104755 ,-0.523236 
465,11.625 ,0.10262 ,-0.530588 
466,11.65 ,0.100519 ,-0.537909 
467,11.675 ,0.0984521 ,-0.545198 
468,11.7 ,0.0964187 ,-0.552456 
469,11.725 ,0.0944186 ,-0.559683 
470,11.75 ,0.0924515 ,-0.56688 
471,11.775 ,0.0905172 ,-0.574046 
472,11.8 ,0.0886154 ,-0.581182 
473,11.825 ,0.0867457 ,-0.588288 
474,11.85 ,0.084908 ,-0.595364 
475,11.875 ,0.0831018 ,-0.602411 
476,11.9 ,0.0813269 ,-0.609428 
477,11.925 ,0.079583 ,-0.616415 
478,11.95 ,0.0778698 ,-0.623374 
479,11.975 ,0.0761869 ,-0.630304 
480,12 ,0.074534 ,-0.637205 
481,12.025 ,0.0729108 ,-0.644077 
482,12.05 ,0.0713169 ,-0.650921 
483,12.075 ,0.0697521 ,-0.657736 
484,12.1 ,0.0682159 ,-0.664524 
485,12.125 ,0.0667081 ,-0.671284 
486,12.15 ,0.0652282 ,-0.678016 
487,12.175 ,0.063776 ,-0.68472 
488,12.2 ,0.0623511 ,-0.691398 
489,12.225 ,0.0609531 ,-0.698048 
490,12.25 ,0.0595817 ,-0.704671 
491,12.275 ,0.0582366 ,-0.711267 
492,12.3 ,0.0569173 ,-0.717836 
493,12.325 ,0.0556236 ,-0.724379 
494,12.35 ,0.0543551 ,-0.730895 
495,12.375 ,0.0531114 ,-0.737386 
496,12.4 ,0.0518922 ,-0.74385 
497,12.425 ,0.0506971 ,-0.750288 
498,12.45 ,0.0495257 ,-0.756701 
499,12.475 ,0.0483778 ,-0.763087 
500,12.5 ,0.047253 ,-0.769449 
501,12.525 ,0.0461509 ,-0.775785 
502,12.55 ,0.0450712 ,-0.782096 
503,12.575 ,0.0440135 ,-0.788382 
504,12.6 ,0.0429775 ,-0.794643 
505,12.625 ,0.0419628 ,-0.80088 
506,12.65 ,0.0409691 ,-0.807092 
507,12.675 ,0.0399961 ,-0.813279 
508,12.7 ,0.0390435 ,-0.819443 
509,12.725 ,0.0381108 ,-0.825582 
510,12.75 ,0.0371978 ,-0.831697 
511,12.775 ,0.0363041 ,-0.837788 
512,12.8 ,0.0354295 ,-0.843856 
513,12.825 ,0.0345735 ,-0.8499 
514,12.85 ,0.0337359 ,-0.855921 
515,12.875 ,0.0329163 ,-0.861918 
516,12.9 ,0.0321145 ,-0.867892 
517,12.925 ,0.0313301 ,-0.873843 
518,12.95 ,0.0305628 ,-0.879772 
519,12.975 ,0.0298123 ,-0.885677 
520,13 ,0.0290783 ,-0.89156 
521,13.025 ,0.0283605 ,-0.897421 
522,13.05 ,0.0276586 ,-0.903259 
523,13.075 ,0.0269724 ,-0.909074 
524,13.1 ,0.0263014 ,-0.914868 
525,13.125 ,0.0256455 ,-0.92064 
526,13.15 ,0.0250044 ,-0.92639 
527,13.175 ,0.0243777 ,-0.932118 
528,13.2 ,0.0237653 ,-0.937824 
529,13.225 ,0.0231667 ,-0.943509 
530,13.25 ,0.0225819 ,-0.949173 
531,13.275 ,0.0220104 ,-0.954815 
532,13.3 ,0.0214521 ,-0.960437 
533,13.325 ,0.0209066 ,-0.966037 
534,13.35 ,0.0203738 ,-0.971616 
535,13.375 ,0.0198533 ,-0.977175 
536,13.4 ,0.019345 ,-0.982713 
537,13.425 ,0.0188485 ,-0.98823 
538,13.45 ,0.0183637 ,-0.993727 
539,13.475 ,0.0178903 ,-0.999204 
540,13.5 ,0.017428 ,-1.00466 
541,13.525 ,0.0169767 ,-1.0101 
542,13.55 ,0.0165362 ,-1.01551 
543,13.575 ,0.0161061 ,-1.02091 
544,13.6 ,0.0156863 ,-1.02629 
545,13.625 ,0.0152765 ,-1.03164 
546,13.65 ,0.0148767 ,-1.03698 
547,13.675 ,0.0144864 ,-1.0423 
548,13.7 ,0.0141056 ,-1.0476 
549,13.725 ,0.013734 ,-1.05288 
550,13.75 ,0.0133715 ,-1.05814 
551,13.775 ,0.0130178 ,-1.06338 
552,13.8 ,0.0126727 ,-1.0686 
553,13.825 ,0.0123362 ,-1.0738 
554,13.85 ,0.0120079 ,-1.07899 
555,13.875 ,0.0116877 ,-1.08415 
556,13.9 ,0.0113754 ,-1.0893 
557,13.925 ,0.0110708 ,-1.09443 
558,13.95 ,0.0107739 ,-1.09954 
559,13.975 ,0.0104843 ,-1.10464 
560,14 ,0.010202 ,-1.10971 
561,14.025 ,0.00992675 ,-1.11477 
562,14.05 ,0.00965842 ,-1.11981 
563,14.075 ,0.00939685 ,-1.12483 
564,14.1 ,0.00914189 ,-1.12983 
565,14.125 ,0.00889338 ,-1.13481 
566,14.15 ,0.00865119 ,-1.13978 
567,14.175 ,0.00841515 ,-1.14473 
568,14.2 ,0.00818514 ,-1.14967 
569,14.225 ,0.007961 ,-1.15458 
570,14.25 ,0.00774261 ,-1.15948 
571,14.275 ,0.00752984 ,-1.16436 
572,14.3 ,0.00732254 ,-1.16923 
573,14.325 ,0.00712059 ,-1.17407 
574,14.35 ,0.00692387 ,-1.1789 
575,14.375 ,0.00673226 ,-1.18372 
576,14.4 ,0.00654562 ,-1.18852 
577,14.425 ,0.00636384 ,-1.1933 
578,14.45 ,0.00618681 ,-1.19806 
579,14.475 ,0.00601442 ,-1.20281 
580,14.5 ,0.00584654 ,-1.20754 
581,14.525 ,0.00568308 ,-1.21226 
582,14.55 ,0.00552393 ,-1.21696 
583,14.575 ,0.00536897 ,-1.22164 
584,14.6 ,0.00521812 ,-1.22631 
585,14.625 ,0.00507126 ,-1.23096 
586,14.65 ,0.00492831 ,-1.23559 
587,14.675 ,0.00478916 ,-1.24021 
588,14.7 ,0.00465373 ,-1.24482 
589,14.725 ,0.00452191 ,-1.2494 
590,14.75 ,0.00439363 ,-1.25398 
591,14.775 ,0.00426879 ,-1.25853 
592,14.8 ,0.00414731 ,-1.26308 
593,14.825 ,0.0040291 ,-1.2676 
594,14.85 ,0.00391409 ,-1.27212 
595,14.875 ,0.00380218 ,-1.27661 
596,14.9 ,0.00369331 ,-1.28109 
597,14.925 ,0.0035874 ,-1.28556 
598,14.95 ,0.00348437 ,-1.29001 
599,14.975 ,0.00338415 ,-1.29445 
600,15 ,0.00328667 ,-1.29887 
601,15.025 ,0.00319186 ,-1.30328 
602,15.05 ,0.00309965 ,-1.30767 
603,15.075 ,0.00300997 ,-1.31205 
604,15.1 ,0.00292275 ,-1.31641 
605,15.125 ,0.00283795 ,-1.32076 
606,15.15 ,0.00275548 ,-1.3251 
607,15.175 ,0.0026753 ,-1.32942 
608,15.2 ,0.00259734 ,-1.33373 
609,15.225 ,0.00252155 ,-1.33802 
610,15.25 ,0.00244787 ,-1.3423 
611,15.275 ,0.00237623 ,-1.34656 
612,15.3 ,0.0023066 ,-1.35081 
613,15.325 ,0.00223892 ,-1.35505 
614,15.35 ,0.00217313 ,-1.35927 
615,15.375 ,0.00210919 ,-1.36348 
616,15.4 ,0.00204705 ,-1.36768 
617,15.425 ,0.00198665 ,-1.37186 
618,15.45 ,0.00192796 ,-1.37603 
619,15.475 ,0.00187093 ,-1.38019 
620,15.5 ,0.00181551 ,-1.38433 
621,15.525 ,0.00176167 ,-1.38846 
622,15.55 ,0.00170935 ,-1.39257 
623,15.575 ,0.00165852 ,-1.39668 
624,15.6 ,0.00160914 ,-1.40076 
625,15.625 ,0.00156116 ,-1.40484 
626,15.65 ,0.00151456 ,-1.4089 
627,15.675 ,0.00146929 ,-1.41295 
628,15.7 ,0.00142532 ,-1.41699 
629,15.725 ,0.00138261 ,-1.42102 
630,15.75 ,0.00134113 ,-1.42503 
631,15.775 ,0.00130084 ,-1.42903 
632,15.8 ,0.00126172 ,-1.43301 
633,15.825 ,0.00122372 ,-1.43699 
634,15.85 ,0.00118683 ,-1.44095 
635,15.875 ,0.001151 ,-1.4449 
636,15.9 ,0.00111621 ,-1.44884 
637,15.925 ,0.00108244 ,-1.45276 
638,15.95 ,0.00104964 ,-1.45667 
639,15.975 ,0.0010178 ,-1.46057 
640,16 ,0.000986896 ,-1.46446 
641,16.025 ,0.000956891 ,-1.46834 
642,16.05 ,0.000927763 ,-1.4722 
643,16.075 ,0.00089949 ,-1.47605 
644,16.1 ,0.000872047 ,-1.47989 
645,16.125 ,0.00084541 ,-1.48372 
646,16.15 ,0.000819557 ,-1.48754 
647,16.175 ,0.000794466 ,-1.49134 
648,16.2 ,0.000770116 ,-1.49513 
649,16.225 ,0.000746485 ,-1.49891 
650,16.25 ,0.000723554 ,-1.50268 
651,16.275 ,0.000701302 ,-1.50644 
652,16.3 ,0.000679711 ,-1.51019 
653,16.325 ,0.000658761 ,-1.51392 
654,16.35 ,0.000638435 ,-1.51765 
655,16.375 ,0.000618714 ,-1.52136 
656,16.4 ,0.000599582 ,-1.52506 
657,16.425 ,0.000581021 ,-1.52875 
658,16.45 ,0.000563015 ,-1.53243 
659,16.475 ,0.000545549 ,-1.5361 
660,16.5 ,0.000528606 ,-1.53975 
661,16.525 ,0.000512173 ,-1.5434 
662,16.55 ,0.000496233 ,-1.54703 
663,16.575 ,0.000480773 ,-1.55066 
664,16.6 ,0.000465779 ,-1.55427 
665,16.625 ,0.000451238 ,-1.55787 
666,16.65 ,0.000437135 ,-1.56146 
667,16.675 ,0.00042346 ,-1.56504 
668,16.7 ,0.000410199 ,-1.56861 
669,16.725 ,0.00039734 ,-1.57217 
670,16.75 ,0.000384871 ,-1.57572 
671,16.775 ,0.000372782 ,-1.57926 
672,16.8 ,0.00036106 ,-1.58278 
673,16.825 ,0.000349696 ,-1.5863 
674,16.85 ,0.000338678 ,-1.58981 
675,16.875 ,0.000327997 ,-1.5933 
676,16.9 ,0.000317643 ,-1.59679 
677,16.925 ,0.000307606 ,-1.60026 
678,16.95 ,0.000297876 ,-1.60373 
679,16.975 ,0.000288445 ,-1.60718 
680,17 ,0.000279303 ,-1.61063 
681,17.025 ,0.000270443 ,-1.61406 
682,17.05 ,0.000261856 ,-1.61749 
683,17.075 ,0.000253533 ,-1.6209 
684,17.1 ,0.000245468 ,-1.62431 
685,17.125 ,0.000237651 ,-1.6277 
686,17.15 ,0.000230076 ,-1.63109 
687,17.175 ,0.000222736 ,-1.63446 
688,17.2 ,0.000215623 ,-1.63783 
689,17.225 ,0.000208732 ,-1.64118 
690,17.25 ,0.000202054 ,-1.64453 
691,17.275 ,0.000195584 ,-1.64787 
692,17.3 ,0.000189315 ,-1.65119 
693,17.325 ,0.000183242 ,-1.65451 
694,17.35 ,0.000177358 ,-1.65782 
695,17.375 ,0.000171658 ,-1.66112 
696,17.4 ,0.000166137 ,-1.6644 
697,17.425 ,0.000160788 ,-1.66768 
698,17.45 ,0.000155606 ,-1.67095 
699,17.475 ,0.000150588 ,-1.67421 
700,17.5 ,0.000145726 ,-1.67747 
701,17.525 ,0.000141018 ,-1.68071 
702,17.55 ,0.000136458 ,-1.68394 
703,17.575 ,0.000132041 ,-1.68716 
704,17.6 ,0.000127764 ,-1.69038 
705,17.625 ,0.000123621 ,-1.69358 
706,17.65 ,0.00011961 ,-1.69678 
707,17.675 ,0.000115725 ,-1.69997 
708,17.7 ,0.000111964 ,-1.70315 
709,17.725 ,0.000108321 ,-1.70632 
710,17.75 ,0.000104794 ,-1.70948 
711,17.775 ,0.000101379 ,-1.71263 
712,17.8 ,9.80725e-05 ,-1.71577 
713,17.825 ,9.48712e-05 ,-1.7189 
714,17.85 ,9.17718e-05 ,-1.72203 
715,17.875 ,8.87712e-05 ,-1.72515 
716,17.9 ,8.58664e-05 ,-1.72825 
717,17.925 ,8.30542e-05 ,-1.73135 
718,17.95 ,8.0332e-05 ,-1.73444 
719,17.975 ,7.76969e-05 ,-1.73753 
720,18 ,7.51461e-05 ,-1.7406 
721,18.025 ,7.26771e-05 ,-1.74366 
722,18.05 ,7.02873e-05 ,-1.74672 
723,18.075 ,6.79742e-05 ,-1.74977 
724,18.1 ,6.57355e-05 ,-1.75281 
725,18.125 ,6.35688e-05 ,-1.75584 
726,18.15 ,6.14719e-05 ,-1.75886 
727,18.175 ,5.94425e-05 ,-1.76188 
728,18.2 ,5.74786e-05 ,-1.76488 
729,18.225 ,5.55781e-05 ,-1.76788 
730,18.25 ,5.3739e-05 ,-1.77087 
731,18.275 ,5.19595e-05 ,-1.77385 
732,18.3 ,5.02375e-05 ,-1.77683 
733,18.325 ,4.85713e-05 ,-1.77979 
734,18.35 ,4.69591e-05 ,-1.78275 
735,18.375 ,4.53993e-05 ,-1.7857 
736,18.4 ,4.38902e-05 ,-1.78864 
737,18.425 ,4.24301e-05 ,-1.79158 
738,18.45 ,4.10175e-05 ,-1.7945 
739,18.475 ,3.9651e-05 ,-1.79742 
740,18.5 ,3.8329e-05 ,-1.80033 
741,18.525 ,3.70501e-05 ,-1.80323 
742,18.55 ,3.5813e-05 ,-1.80613 
743,18.575 ,3.46163e-05 ,-1.80901 
744,18.6 ,3.34587e-05 ,-1.81189 
745,18.625 ,3.23391e-05 ,-1.81476 
746,18.65 ,3.12561e-05 ,-1.81763 
747,18.675 ,3.02086e-05 ,-1.82048 
748,18.7 ,2.91955e-05 ,-1.82333 
749,18.725 ,2.82157e-05 ,-1.82617 
750,18.75 ,2.72681e-05 ,-1.829 
751,18.775 ,2.63517e-05 ,-1.83183 
752,18.8 ,2.54654e-05 ,-1.83465 
753,18.825 ,2.46084e-05 ,-1.83746 
754,18.85 ,2.37796e-05 ,-1.84026 
755,18.875 ,2.29781e-05 ,-1.84306 
756,18.9 ,2.22032e-05 ,-1.84585 
757,18.925 ,2.14538e-05 ,-1.84863 
758,18.95 ,2.07292e-05 ,-1.8514 
759,18.975 ,2.00287e-05 ,-1.85417 
760,19 ,1.93513e-05 ,-1.85693 
761,19.025 ,1.86964e-05 ,-1.85968 
762,19.05 ,1.80632e-05 ,-1.86242 
763,19.075 ,1.74511e-05 ,-1.86516 
764,19.1 ,1.68593e-05 ,-1.86789 
765,19.125 ,1.62872e-05 ,-1.87061 
766,19.15 ,1.57341e-05 ,-1.87333 
767,19.175 ,1.51995e-05 ,-1.87604 
768,19.2 ,1.46826e-05 ,-1.87874 
769,19.225 ,1.41831e-05 ,-1.88144 
770,19.25 ,1.37001e-05 ,-1.88412 
771,19.275 ,1.32334e-05 ,-1.88681 
772,19.3 ,1.27822e-05 ,-1.88948 
773,19.325 ,1.23462e-05 ,-1.89215 
774,19.35 ,1.19247e-05 ,-1.89481 
775,19.375 ,1.15174e-05 ,-1.89746 
776,19.4 ,1.11237e-05 ,-1.90011 
777,19.425 ,1.07432e-05 ,-1.90275 
778,19.45 ,1.03755e-05 ,-1.90538 
779,19.475 ,1.00202e-05 ,-1.90801 
780,19.5 ,9.67679e-06 ,-1.91063 
781,19.525 ,9.34497e-06 ,-1.91324 
782,19.55 ,9.02431e-06 ,-1.91585 
783,19.575 ,8.71447e-06 ,-1.91845 
784,19.6 ,8.41507e-06 ,-1.92104 
785,19.625 ,8.12578e-06 ,-1.92363 
786,19.65 ,7.84626e-06 ,-1.92621 
787,19.675 ,7.57619e-06 ,-1.92878 
788,19.7 ,7.31525e-06 ,-1.93135 
789,19.725 ,7.06314e-06 ,-1.93391 
790,19.75 ,6.81957e-06 ,-1.93646 
791,19.775 ,6.58425e-06 ,-1.93901 
792,19.8 ,6.35691e-06 ,-1.94155 
793,19.825 ,6.13729e-06 ,-1.94408 
794,19.85 ,5.92513e-06 ,-1.94661 
795,19.875 ,5.72017e-06 ,-1.94913 
796,19.9 ,5.52218e-06 ,-1.95165 
797,19.925 ,5.33093e-06 ,-1.95416 
798,19.95 ,5.1462e-06 ,-1.95666 
799,19.975 ,4.96775e-06 ,-1.95916 
800,20 ,4.79539e-06 ,-1.96165 
801,20.025 ,4.62891e-06 ,-1.96413 
802,20.05 ,4.46811e-06 ,-1.96661 
803,20.075 ,4.31281e-06 ,-1.96908 
804,20.1 ,4.16281e-06 ,-1.97155 
805,20.125 ,4.01794e-06 ,-1.97401 
806,20.15 ,3.87803e-06 ,-1.97646 
807,20.175 ,3.74291e-06 ,-1.97891 
808,20.2 ,3.61243e-06 ,-1.98135 
809,20.225 ,3.48641e-06 ,-1.98379 
810,20.25 ,3.36472e-06 ,-1.98622 
811,20.275 ,3.2472e-06 ,-1.98864 
812,20.3 ,3.13373e-06 ,-1.99106 
813,20.325 ,3.02415e-06 ,-1.99347 
814,20.35 ,2.91834e-06 ,-1.99588 
815,20.375 ,2.81617e-06 ,-1.99828 
816,20.4 ,2.71752e-06 ,-2.00067 
817,20.425 ,2.62226e-06 ,-2.00306 
818,20.45 ,2.53029e-06 ,-2.00544 
819,20.475 ,2.44149e-06 ,-2.00782 
820,20.5 ,2.35576e-06 ,-2.01019 
821,20.525 ,2.27298e-06 ,-2.01255 
822,20.55 ,2.19307e-06 ,-2.01491 
823,20.575 ,2.11592e-06 ,-2.01727 
824,20.6 ,2.04143e-06 ,-2.01961 
825,20.625 ,1.96952e-06 ,-2.02196 
826,20.65 ,1.9001e-06 ,-2.02429 
827,20.675 ,1.83309e-06 ,-2.02662 
828,20.7 ,1.7684e-06 ,-2.02895 
829,20.725 ,1.70595e-06 ,-2.03127 
830,20.75 ,1.64566e-06 ,-2.03358 
831,20.775 ,1.58747e-06 ,-2.03589 
832,20.8 ,1.5313e-06 ,-2.03819 
833,20.825 ,1.47708e-06 ,-2.04049 
834,20.85 ,1.42474e-06 ,-2.04278 
835,20.875 ,1.37422e-06 ,-2.04507 
836,20.9 ,1.32546e-06 ,-2.04735 
837,20.925 ,1.2784e-06 ,-2.04963 
838,20.95 ,1.23297e-06 ,-2.0519 
839,20.975 ,1.18913e-06 ,-2.05416 
840,21 ,1.14681e-06 ,-2.05642 
841,21.025 ,1.10596e-06 ,-2.05868 
842,21.05 ,1.06654e-06 ,-2.06093 
843,21.075 ,1.02849e-06 ,-2.06317 
844,21.1 ,9.9177e-07 ,-2.06541 
845,21.125 ,9.56329e-07 ,-2.06764 
846,21.15 ,9.22124e-07 ,-2.06987 
847,21.175 ,8.89112e-07 ,-2.07209 
848,21.2 ,8.57252e-07 ,-2.07431 
849,21.225 ,8.26503e-07 ,-2.07652 
850,21.25 ,7.96826e-07 ,-2.07873 
851,21.275 ,7.68186e-07 ,-2.08093 
852,21.3 ,7.40544e-07 ,-2.08312 
853,21.325 ,7.13866e-07 ,-2.08531 
854,21.35 ,6.88119e-07 ,-2.0875 
855,21.375 ,6.6327e-07 ,-2.08968 
856,21.4 ,6.39288e-07 ,-2.09186 
857,21.425 ,6.16141e-07 ,-2.09403 
858,21.45 ,5.938e-07 ,-2.09619 
859,21.475 ,5.72238e-07 ,-2.09835 
860,21.5 ,5.51426e-07 ,-2.10051 
861,21.525 ,5.31339e-07 ,-2.10266 
862,21.55 ,5.11949e-07 ,-2.10481 
863,21.575 ,4.93233e-07 ,-2.10695 
864,21.6 ,4.75167e-07 ,-2.10908 
865,21.625 ,4.57727e-07 ,-2.11121 
866,21.65 ,4.40891e-07 ,-2.11334 
867,21.675 ,4.24638e-07 ,-2.11546 
868,21.7 ,4.08946e-07 ,-2.11758 
869,21.725 ,3.93795e-07 ,-2.11969 
870,21.75 ,3.79166e-07 ,-2.1218 
871,21.775 ,3.6504e-07 ,-2.1239 
872,21.8 ,3.51399e-07 ,-2.12599 
873,21.825 ,3.38224e-07 ,-2.12809 
874,21.85 ,3.25499e-07 ,-2.13017 
875,21.875 ,3.13208e-07 ,-2.13226 
876,21.9 ,3.01335e-07 ,-2.13433 
877,21.925 ,2.89863e-07 ,-2.13641 
878,21.95 ,2.78778e-07 ,-2.13848 
879,21.975 ,2.68066e-07 ,-2.14054 
880,22 ,2.57713e-07 ,-2.1426 
881,22.025 ,2.47705e-07 ,-2.14465 
882,22.05 ,2.38029e-07 ,-2.1467 
883,22.075 ,2.28672e-07 ,-2.14875 
884,22.1 ,2.19622e-07 ,-2.15079 
885,22.125 ,2.10868e-07 ,-2.15283 
886,22.15 ,2.02398e-07 ,-2.15486 
887,22.175 ,1.942e-07 ,-2.15688 
888,22.2 ,1.86263e-07 ,-2.15891 
889,22.225 ,1.78579e-07 ,-2.16092 
890,22.25 ,1.71135e-07 ,-2.16294 
891,22.275 ,1.63923e-07 ,-2.16494 
892,22.3 ,1.56932e-07 ,-2.16695 
893,22.325 ,1.50155e-07 ,-2.16895 
894,22.35 ,1.4358e-07 ,-2.17094 
895,22.375 ,1.37201e-07 ,-2.17293 
896,22.4 ,1.31008e-07 ,-2.17492 
897,22.425 ,1.24993e-07 ,-2.1769 
898,22.45 ,1.19148e-07 ,-2.17888 
899,22.475 ,1.13466e-07 ,-2.18085 
900,22.5 ,1.07938e-07 ,-2.18282 
901,22.525 ,1.02557e-07 ,-2.18479 
902,22.55 ,9.73163e-08 ,-2.18675 
903,22.575 ,9.22087e-08 ,-2.1887 
904,22.6 ,8.72273e-08 ,-2.19065 
905,22.625 ,8.23653e-08 ,-2.1926 
906,22.65 ,7.76162e-08 ,-2.19454 
907,22.675 ,7.29736e-08 ,-2.19648 
908,22.7 ,6.84311e-08 ,-2.19842 
909,22.725 ,6.39827e-08 ,-2.20035 
910,22.75 ,5.96223e-08 ,-2.20227 
911,22.775 ,5.53439e-08 ,-2.20419 
912,22.8 ,5.11418e-08 ,-2.20611 
913,22.825 ,4.70102e-08 ,-2.20802 
914,22.85 ,4.29436e-08 ,-2.20993 
915,22.875 ,3.89362e-08 ,-2.21184 
916,22.9 ,3.49826e-08 ,-2.21374 
917,22.925 ,3.10775e-08 ,-2.21563 
918,22.95 ,2.72154e-08 ,-2.21753 
919,22.975 ,2.3391e-08 ,-2.21942 
920,23 ,1.95991e-08 ,-2.2213 
921,23.025 ,1.58344e-08 ,-2.22318 
922,23.05 ,1.20917e-08 ,-2.22506 
923,23.075 ,8.3658e-09 ,-2.22693 
924,23.1 ,4.65155e-09 ,-2.2288 
925,23.125 ,9.43787e-10 ,-2.23066 
926,23.15 ,-2.76266e-09 ,-2.23252 
927,23.175 ,-6.47297e-09 ,-2.23437 
928,23.2 ,-1.01923e-08 ,-2.23623 
929,23.225 ,-1.39259e-08 ,-2.23807 
930,23.25 ,-1.7679e-08 ,-2.23992 
931,23.275 ,-2.14568e-08 ,-2.24176 
932,23.3 ,-2.52647e-08 ,-2.24359 
933,23.325 ,-2.91081e-08 ,-2.24543 
934,23.35 ,-3.29922e-08 ,-2.24726 
935,23.375 ,-3.69228e-08 ,-2.24908 
936,23.4 ,-4.09052e-08 ,-2.2509 
937,23.425 ,-4.49452e-08 ,-2.25272 
938,23.45 ,-4.90485e-08 ,-2.25453 
939,23.475 ,-5.32209e-08 ,-2.25634 
940,23.5 ,-5.74684e-08 ,-2.25814 
941,23.525 ,-6.1797e-08 ,-2.25994 
942,23.55 ,-6.62128e-08 ,-2.26174 
943,23.575 ,-7.07223e-08 ,-2.26353 
944,23.6 ,-7.53319e-08 ,-2.26532 
945,23.625 ,-8.00481e-08 ,-2.26711 
946,23.65 ,-8.48778e-08 ,-2.26889 
947,23.675 ,-8.98278e-08 ,-2.27067 
948,23.7 ,-9.49054e-08 ,-2.27245 
949,23.725 ,-1.00118e-07 ,-2.27422 
950,23.75 ,-1.05472e-07 ,-2.27598 
951,23.775 ,-1.10977e-07 ,-2.27775 
952,23.8 ,-1.1664e-07 ,-2.27951 
953,23.825 ,-1.22469e-07 ,-2.28126 
954,23.85 ,-1.28472e-07 ,-2.28302 
955,23.875 ,-1.34659e-07 ,-2.28476 
956,23.9 ,-1.41038e-07 ,-2.28651 
957,23.925 ,-1.47619e-07 ,-2.28825 
958,23.95 ,-1.54411e-07 ,-2.28999 
959,23.975 ,-1.61424e-07 ,-2.29172 
960,24 ,-1.68668e-07 ,-2.29345 
961,24.025 ,-1.76154e-07 ,-2.29518 
962,24.05 ,-1.83893e-07 ,-2.29691 
963,24.075 ,-1.91896e-07 ,-2.29863 
964,24.1 ,-2.00174e-07 ,-2.30034 
965,24.125 ,-2.08741e-07 ,-2.30205 
966,24.15 ,-2.17607e-07 ,-2.30376 
967,24.175 ,-2.26787e-07 ,-2.30547 
968,24.2 ,-2.36294e-07 ,-2.30717 
969,24.225 ,-2.46142e-07 ,-2.30887 
970,24.25 ,-2.56345e-07 ,-2.31057 
971,24.275 ,-2.66918e-07 ,-2.31226 
972,24.3 ,-2.77877e-07 ,-2.31395 
973,24.325 ,-2.89237e-07 ,-2.31563 
974,24.35 ,-3.01017e-07 ,-2.31731 
975,24.375 ,-3.13232e-07 ,-2.31899 
976,24.4 ,-3.25902e-07 ,-2.32066 
977,24.425 ,-3.39044e-07 ,-2.32234 
978,24.45 ,-3.52679e-07 ,-2.324 
979,24.475 ,-3.66826e-07 ,-2.32567 
980,24.5 ,-3.81506e-07 ,-2.32733 
981,24.525 ,-3.96741e-07 ,-2.32899 
982,24.55 ,-4.12553e-07 ,-2.33064 
983,24.575 ,-4.28967e-07 ,-2.33229 
984,24.6 ,-4.46006e-07 ,-2.33394 
985,24.625 ,-4.63696e-07 ,-2.33558 
986,24.65 ,-4.82062e-07 ,-2.33722 
987,24.675 ,-5.01133e-07 ,-2.33886 
988,24.7 ,-5.20937e-07 ,-2.34049 
989,24.725 ,-5.41503e-07 ,-2.34212 
990,24.75 ,-5.62861e-07 ,-2.34375 
991,24.775 ,-5.85044e-07 ,-2.34538 
992,24.8 ,-6.08085e-07 ,-2.347 
993,24.825 ,-6.32018e-07 ,-2.34862 
994,24.85 ,-6.56878e-07 ,-2.35023 
995,24.875 ,-6.82704e-07 ,-2.35184 
996,24.9 ,-7.09534e-07 ,-2.35345 
997,24.925 ,-7.37407e-07 ,-2.35505 
998,24.95 ,-7.66365e-07 ,-2.35666 
999,24.975 ,-7.96453e-07 ,-2.35825 
1000,25 ,-8.27715e-07 ,-2.35985 