
1,0.025 ,9.24038e-08 ,-9599.56 
2,0.05 ,9.24038e-08 ,-2399.56 
3,0.075 ,1.95657e-07 ,-1066.23 
4,0.1 ,3.45329e-07 ,-599.56 
5,0.125 ,5.38676e-07 ,-383.56 
6,0.15 ,7.7518e-07 ,-266.227 
7,0.175 ,1.05465e-06 ,-195.479 
8,0.2 ,1.37699e-06 ,-149.561 
9,0.225 ,1.74207e-06 ,-118.079 
10,0.25 ,2.14982e-06 ,-95.5619 
11,0.275 ,2.60012e-06 ,-78.9006 
12,0.3 ,3.09286e-06 ,-66.2296 
13,0.325 ,3.62792e-06 ,-56.3675 
14,0.35 ,4.20515e-06 ,-48.5438 
15,0.375 ,4.82442e-06 ,-42.2306 
16,0.4 ,5.48558e-06 ,-37.0657 
17,0.425 ,6.18846e-06 ,-32.7834 
18,0.45 ,6.93289e-06 ,-29.197 
19,0.475 ,7.71869e-06 ,-26.1598 
20,0.5 ,8.54566e-06 ,-23.5692 
21,0.525 ,9.41362e-06 ,-21.3375 
22,0.55 ,1.03223e-05 ,-19.406 
23,0.575 ,1.12716e-05 ,-17.7183 
24,0.6 ,1.22612e-05 ,-16.2402 
25,0.625 ,1.32909e-05 ,-14.9331 
26,0.65 ,1.43604e-05 ,-13.7772 
27,0.675 ,1.54695e-05 ,-12.7442 
28,0.7 ,1.66179e-05 ,-11.8236 
29,0.725 ,1.78055e-05 ,-10.9931 
30,0.75 ,1.90317e-05 ,-10.2482 
31,0.775 ,2.02966e-05 ,-9.57046 
32,0.8 ,2.15996e-05 ,-8.95953 
33,0.825 ,2.29405e-05 ,-8.39925 
34,0.85 ,2.43191e-05 ,-7.8922 
35,0.875 ,2.57349e-05 ,-7.42369 
36,0.9 ,2.71878e-05 ,-6.99845 
37,0.925 ,2.86774e-05 ,-6.60267 
38,0.95 ,3.02032e-05 ,-6.24273 
39,0.975 ,3.17652e-05 ,-5.90534 
40,1 ,3.33627e-05 ,-5.59818 
41,1.025 ,3.49957e-05 ,-5.3082 
42,1.05 ,3.66636e-05 ,-5.04414 
43,1.075 ,3.83661e-05 ,-4.79306 
44,1.1 ,4.0103e-05 ,-4.56457 
45,1.125 ,4.18738e-05 ,-4.34569 
46,1.15 ,4.36781e-05 ,-4.14681 
47,1.175 ,4.55157e-05 ,-3.95483 
48,1.2 ,4.73861e-05 ,-3.78079 
49,1.225 ,4.92889e-05 ,-3.61145 
50,1.25 ,5.12239e-05 ,-3.45841 
51,1.275 ,5.31906e-05 ,-3.30826 
52,1.3 ,5.51885e-05 ,-3.1731 
53,1.325 ,5.72175e-05 ,-3.03933 
54,1.35 ,5.9277e-05 ,-2.91949 
55,1.375 ,6.13668e-05 ,-2.79976 
56,1.4 ,6.34863e-05 ,-2.69312 
57,1.425 ,6.56353e-05 ,-2.58553 
58,1.45 ,6.78133e-05 ,-2.49032 
59,1.475 ,7.002e-05 ,-2.39326 
60,1.5 ,7.2255e-05 ,-2.308 
61,1.525 ,7.45178e-05 ,-2.22011 
62,1.55 ,7.68081e-05 ,-2.14356 
63,1.575 ,7.91256e-05 ,-2.06371 
64,1.6 ,8.14698e-05 ,-1.99481 
65,1.625 ,8.38404e-05 ,-1.92203 
66,1.65 ,8.62368e-05 ,-1.85986 
67,1.675 ,8.8659e-05 ,-1.79334 
68,1.7 ,9.11062e-05 ,-1.73713 
69,1.725 ,9.35784e-05 ,-1.67615 
70,1.75 ,9.60749e-05 ,-1.62524 
71,1.775 ,9.85956e-05 ,-1.56918 
72,1.8 ,0.00010114 ,-1.52299 
73,1.825 ,0.000103708 ,-1.47133 
74,1.85 ,0.000106298 ,-1.42936 
75,1.875 ,0.000108912 ,-1.38164 
76,1.9 ,0.000111547 ,-1.34345 
77,1.925 ,0.000114205 ,-1.29927 
78,1.95 ,0.000116883 ,-1.26447 
79,1.975 ,0.000119584 ,-1.22348 
80,2 ,0.000122304 ,-1.19174 
81,2.025 ,0.000125046 ,-1.15363 
82,2.05 ,0.000127807 ,-1.12465 
83,2.075 ,0.000130589 ,-1.08914 
84,2.1 ,0.000133389 ,-1.06266 
85,2.125 ,0.000136209 ,-1.02953 
86,2.15 ,0.000139048 ,-1.0053 
87,2.175 ,0.000141905 ,-0.974325 
88,2.2 ,0.00014478 ,-0.952154 
89,2.225 ,0.000147674 ,-0.923145 
90,2.25 ,0.000150584 ,-0.902841 
91,2.275 ,0.000153512 ,-0.875631 
92,2.3 ,0.000156457 ,-0.857028 
93,2.325 ,0.000159418 ,-0.831466 
94,2.35 ,0.000162396 ,-0.814415 
95,2.375 ,0.00016539 ,-0.790367 
96,2.4 ,0.000168399 ,-0.774733 
97,2.425 ,0.000171424 ,-0.752078 
98,2.45 ,0.000174464 ,-0.737738 
99,2.475 ,0.000177519 ,-0.716367 
100,2.5 ,0.000180589 ,-0.703215 
101,2.525 ,0.000183673 ,-0.68303 
102,2.55 ,0.000186771 ,-0.670965 
103,2.575 ,0.000189883 ,-0.651877 
104,2.6 ,0.000193009 ,-0.640809 
105,2.625 ,0.000196148 ,-0.622738 
106,2.65 ,0.0001993 ,-0.612587 
107,2.675 ,0.000202465 ,-0.595461 
108,2.7 ,0.000205643 ,-0.586151 
109,2.725 ,0.000208833 ,-0.569903 
110,2.75 ,0.000212036 ,-0.561367 
111,2.775 ,0.00021525 ,-0.545937 
112,2.8 ,0.000218477 ,-0.538114 
113,2.825 ,0.000221715 ,-0.523448 
114,2.85 ,0.000224964 ,-0.516281 
115,2.875 ,0.000228224 ,-0.502328 
116,2.9 ,0.000231496 ,-0.495765 
117,2.925 ,0.000234778 ,-0.48248 
118,2.95 ,0.000238071 ,-0.476475 
119,2.975 ,0.000241374 ,-0.463816 
120,3 ,0.000244688 ,-0.458325 
121,3.025 ,0.000248012 ,-0.446253 
122,3.05 ,0.000251346 ,-0.441237 
123,3.075 ,0.000254689 ,-0.429716 
124,3.1 ,0.000258043 ,-0.425139 
125,3.125 ,0.000261405 ,-0.414138 
126,3.15 ,0.000264778 ,-0.409965 
127,3.175 ,0.000268159 ,-0.399453 
128,3.2 ,0.000271549 ,-0.395654 
129,3.225 ,0.000274949 ,-0.385605 
130,3.25 ,0.000278357 ,-0.382151 
131,3.275 ,0.000281774 ,-0.372538 
132,3.3 ,0.0002852 ,-0.369404 
133,3.325 ,0.000288634 ,-0.360204 
134,3.35 ,0.000292076 ,-0.357365 
135,3.375 ,0.000295527 ,-0.348556 
136,3.4 ,0.000298986 ,-0.345991 
137,3.425 ,0.000302453 ,-0.337553 
138,3.45 ,0.000305928 ,-0.33524 
139,3.475 ,0.000309411 ,-0.327155 
140,3.5 ,0.000312901 ,-0.325075 
141,3.525 ,0.0003164 ,-0.317325 
142,3.55 ,0.000319906 ,-0.315462 
143,3.575 ,0.00032342 ,-0.30803 
144,3.6 ,0.000326941 ,-0.306368 
145,3.625 ,0.00033047 ,-0.29924 
146,3.65 ,0.000334006 ,-0.297763 
147,3.675 ,0.00033755 ,-0.290924 
148,3.7 ,0.000341101 ,-0.289619 
149,3.725 ,0.000344659 ,-0.283057 
150,3.75 ,0.000348225 ,-0.281911 
151,3.775 ,0.000351798 ,-0.275613 
152,3.8 ,0.000355378 ,-0.274615 
153,3.825 ,0.000358965 ,-0.268569 
154,3.85 ,0.000362559 ,-0.267709 
155,3.875 ,0.000366161 ,-0.261905 
156,3.9 ,0.00036977 ,-0.261171 
157,3.925 ,0.000373386 ,-0.2556 
158,3.95 ,0.000377008 ,-0.254983 
159,3.975 ,0.000380639 ,-0.249634 
160,4 ,0.000384276 ,-0.249128 
161,4.025 ,0.00038792 ,-0.243993 
162,4.05 ,0.000391572 ,-0.243588 
163,4.075 ,0.00039523 ,-0.238658 
164,4.1 ,0.000398896 ,-0.238348 
165,4.125 ,0.000402569 ,-0.233615 
166,4.15 ,0.00040625 ,-0.233394 
167,4.175 ,0.000409938 ,-0.228852 
168,4.2 ,0.000413633 ,-0.228712 
169,4.225 ,0.000417335 ,-0.224353 
170,4.25 ,0.000421045 ,-0.224289 
171,4.275 ,0.000424763 ,-0.220107 
172,4.3 ,0.000428488 ,-0.220115 
173,4.325 ,0.00043222 ,-0.216104 
174,4.35 ,0.000435961 ,-0.216179 
175,4.375 ,0.000439709 ,-0.212333 
176,4.4 ,0.000443465 ,-0.212469 
177,4.425 ,0.000447229 ,-0.208782 
178,4.45 ,0.000451001 ,-0.208978 
179,4.475 ,0.000454781 ,-0.205445 
180,4.5 ,0.000458569 ,-0.205696 
181,4.525 ,0.000462366 ,-0.202312 
182,4.55 ,0.000466171 ,-0.202614 
183,4.575 ,0.000469985 ,-0.199375 
184,4.6 ,0.000473807 ,-0.199726 
185,4.625 ,0.000477638 ,-0.196628 
186,4.65 ,0.000481478 ,-0.197024 
187,4.675 ,0.000485327 ,-0.194062 
188,4.7 ,0.000489186 ,-0.194502 
189,4.725 ,0.000493053 ,-0.191671 
190,4.75 ,0.000496931 ,-0.192153 
191,4.775 ,0.000500817 ,-0.189451 
192,4.8 ,0.000504714 ,-0.189972 
193,4.825 ,0.000508621 ,-0.187394 
194,4.85 ,0.000512537 ,-0.187952 
195,4.875 ,0.000516465 ,-0.185496 
196,4.9 ,0.000520402 ,-0.18609 
197,4.925 ,0.000524351 ,-0.183752 
198,4.95 ,0.00052831 ,-0.184381 
199,4.975 ,0.00053228 ,-0.182144 
200,5 ,0.000536262 ,-0.182761 
201,5.025 ,0.000540255 ,-0.180576 
202,5.05 ,0.00054426 ,-0.181165 
203,5.075 ,0.000548277 ,-0.179029 
204,5.1 ,0.000552306 ,-0.17959 
205,5.125 ,0.000556348 ,-0.177501 
206,5.15 ,0.000560401 ,-0.178034 
207,5.175 ,0.000564468 ,-0.175992 
208,5.2 ,0.000568547 ,-0.176497 
209,5.225 ,0.00057264 ,-0.1745 
210,5.25 ,0.000576745 ,-0.174978 
211,5.275 ,0.000580864 ,-0.173025 
212,5.3 ,0.000584996 ,-0.173475 
213,5.325 ,0.000589142 ,-0.171564 
214,5.35 ,0.000593302 ,-0.171989 
215,5.375 ,0.000597476 ,-0.170119 
216,5.4 ,0.000601664 ,-0.170517 
217,5.425 ,0.000605866 ,-0.168687 
218,5.45 ,0.000610083 ,-0.169059 
219,5.475 ,0.000614314 ,-0.167267 
220,5.5 ,0.00061856 ,-0.167615 
221,5.525 ,0.000622821 ,-0.165861 
222,5.55 ,0.000627097 ,-0.166184 
223,5.575 ,0.000631388 ,-0.164466 
224,5.6 ,0.000635694 ,-0.164766 
225,5.625 ,0.000640015 ,-0.163083 
226,5.65 ,0.000644352 ,-0.163359 
227,5.675 ,0.000648705 ,-0.161711 
228,5.7 ,0.000653073 ,-0.161965 
229,5.725 ,0.000657457 ,-0.16035 
230,5.75 ,0.000661857 ,-0.160581 
231,5.775 ,0.000666273 ,-0.158999 
232,5.8 ,0.000670705 ,-0.159209 
233,5.825 ,0.000675154 ,-0.157659 
234,5.85 ,0.000679618 ,-0.157848 
235,5.875 ,0.0006841 ,-0.156328 
236,5.9 ,0.000688597 ,-0.156497 
237,5.925 ,0.000693112 ,-0.155007 
238,5.95 ,0.000697643 ,-0.155156 
239,5.975 ,0.000702191 ,-0.153696 
240,6 ,0.000706756 ,-0.153826 
241,6.025 ,0.000711338 ,-0.152395 
242,6.05 ,0.000715937 ,-0.152506 
243,6.075 ,0.000720553 ,-0.151102 
244,6.1 ,0.000725186 ,-0.151195 
245,6.125 ,0.000729837 ,-0.149819 
246,6.15 ,0.000734505 ,-0.149895 
247,6.175 ,0.00073919 ,-0.148544 
248,6.2 ,0.000743893 ,-0.148604 
249,6.225 ,0.000748614 ,-0.147279 
250,6.25 ,0.000753352 ,-0.147323 
251,6.275 ,0.000758108 ,-0.146023 
252,6.3 ,0.000762882 ,-0.146051 
253,6.325 ,0.000767673 ,-0.144775 
254,6.35 ,0.000772483 ,-0.144788 
255,6.375 ,0.00077731 ,-0.143537 
256,6.4 ,0.000782156 ,-0.143535 
257,6.425 ,0.000787019 ,-0.142307 
258,6.45 ,0.000791901 ,-0.142292 
259,6.475 ,0.000796801 ,-0.141086 
260,6.5 ,0.000801719 ,-0.141057 
261,6.525 ,0.000806655 ,-0.139874 
262,6.55 ,0.00081161 ,-0.139833 
263,6.575 ,0.000816583 ,-0.138671 
264,6.6 ,0.000821574 ,-0.138617 
265,6.625 ,0.000826584 ,-0.137477 
266,6.65 ,0.000831612 ,-0.137411 
267,6.675 ,0.000836659 ,-0.136291 
268,6.7 ,0.000841724 ,-0.136214 
269,6.725 ,0.000846808 ,-0.135114 
270,6.75 ,0.00085191 ,-0.135026 
271,6.775 ,0.000857031 ,-0.133946 
272,6.8 ,0.000862171 ,-0.133847 
273,6.825 ,0.000867329 ,-0.132786 
274,6.85 ,0.000872506 ,-0.132678 
275,6.875 ,0.000877702 ,-0.131636 
276,6.9 ,0.000882917 ,-0.131518 
277,6.925 ,0.00088815 ,-0.130494 
278,6.95 ,0.000893402 ,-0.130367 
279,6.975 ,0.000898673 ,-0.129361 
280,7 ,0.000903963 ,-0.129226 
281,7.025 ,0.000909271 ,-0.128237 
282,7.05 ,0.000914598 ,-0.128093 
283,7.075 ,0.000919945 ,-0.127122 
284,7.1 ,0.00092531 ,-0.12697 
285,7.125 ,0.000930694 ,-0.126015 
286,7.15 ,0.000936096 ,-0.125856 
287,7.175 ,0.000941518 ,-0.124917 
288,7.2 ,0.000946959 ,-0.124751 
289,7.225 ,0.000952418 ,-0.123828 
290,7.25 ,0.000957897 ,-0.123655 
291,7.275 ,0.000963394 ,-0.122748 
292,7.3 ,0.00096891 ,-0.122569 
293,7.325 ,0.000974445 ,-0.121677 
294,7.35 ,0.000979999 ,-0.121491 
295,7.375 ,0.000985572 ,-0.120614 
296,7.4 ,0.000991164 ,-0.120422 
297,7.425 ,0.000996774 ,-0.11956 
298,7.45 ,0.0010024 ,-0.119363 
299,7.475 ,0.00100805 ,-0.118516 
300,7.5 ,0.00101372 ,-0.118313 
301,7.525 ,0.00101941 ,-0.11748 
302,7.55 ,0.00102511 ,-0.117272 
303,7.575 ,0.00103083 ,-0.116452 
304,7.6 ,0.00103658 ,-0.11624 
305,7.625 ,0.00104234 ,-0.115434 
306,7.65 ,0.00104812 ,-0.115217 
307,7.675 ,0.00105392 ,-0.114424 
308,7.7 ,0.00105973 ,-0.114203 
309,7.725 ,0.00106557 ,-0.113422 
310,7.75 ,0.00107143 ,-0.113198 
311,7.775 ,0.0010773 ,-0.11243 
312,7.8 ,0.00108319 ,-0.112202 
313,7.825 ,0.0010891 ,-0.111446 
314,7.85 ,0.00109503 ,-0.111214 
315,7.875 ,0.00110098 ,-0.110471 
316,7.9 ,0.00110695 ,-0.110236 
317,7.925 ,0.00111293 ,-0.109504 
318,7.95 ,0.00111893 ,-0.109267 
319,7.975 ,0.00112496 ,-0.108547 
320,8 ,0.001131 ,-0.108306 
321,8.025 ,0.00113706 ,-0.107597 
322,8.05 ,0.00114313 ,-0.107354 
323,8.075 ,0.00114923 ,-0.106656 
324,8.1 ,0.00115534 ,-0.106411 
325,8.125 ,0.00116147 ,-0.105724 
326,8.15 ,0.00116762 ,-0.105476 
327,8.175 ,0.00117379 ,-0.1048 
328,8.2 ,0.00117998 ,-0.10455 
329,8.225 ,0.00118618 ,-0.103885 
330,8.25 ,0.00119241 ,-0.103633 
331,8.275 ,0.00119865 ,-0.102978 
332,8.3 ,0.00120491 ,-0.102724 
333,8.325 ,0.00121118 ,-0.102079 
334,8.35 ,0.00121748 ,-0.101824 
335,8.375 ,0.00122379 ,-0.101189 
336,8.4 ,0.00123012 ,-0.100933 
337,8.425 ,0.00123647 ,-0.100307 
338,8.45 ,0.00124283 ,-0.100049 
339,8.475 ,0.00124922 ,-0.0994325 
340,8.5 ,0.00125562 ,-0.0991742 
341,8.525 ,0.00126203 ,-0.0985671 
342,8.55 ,0.00126847 ,-0.0983076 
343,8.575 ,0.00127492 ,-0.0977096 
344,8.6 ,0.00128139 ,-0.0974488 
345,8.625 ,0.00128788 ,-0.0968598 
346,8.65 ,0.00129439 ,-0.0965989 
347,8.675 ,0.00130091 ,-0.0960187 
348,8.7 ,0.00130745 ,-0.095757 
349,8.725 ,0.00131401 ,-0.0951853 
350,8.75 ,0.00132058 ,-0.0949226 
351,8.775 ,0.00132717 ,-0.0943594 
352,8.8 ,0.00133378 ,-0.0940971 
353,8.825 ,0.0013404 ,-0.0935421 
354,8.85 ,0.00134704 ,-0.0932792 
355,8.875 ,0.0013537 ,-0.0927324 
356,8.9 ,0.00136038 ,-0.0924689 
357,8.925 ,0.00136707 ,-0.09193 
358,8.95 ,0.00137378 ,-0.0916671 
359,8.975 ,0.0013805 ,-0.091136 
360,9 ,0.00138724 ,-0.0908729 
361,9.025 ,0.001394 ,-0.0903494 
362,9.05 ,0.00140077 ,-0.090086 
363,9.075 ,0.00140756 ,-0.08957 
364,9.1 ,0.00141437 ,-0.0893074 
365,9.125 ,0.00142119 ,-0.0887989 
366,9.15 ,0.00142803 ,-0.0885363 
367,9.175 ,0.00143488 ,-0.088035 
368,9.2 ,0.00144175 ,-0.0877723 
369,9.225 ,0.00144864 ,-0.0872781 
370,9.25 ,0.00145554 ,-0.0870164 
371,9.275 ,0.00146246 ,-0.0865292 
372,9.3 ,0.00146939 ,-0.0862678 
373,9.325 ,0.00147634 ,-0.0857875 
374,9.35 ,0.0014833 ,-0.0855261 
375,9.375 ,0.00149028 ,-0.0850525 
376,9.4 ,0.00149727 ,-0.0847925 
377,9.425 ,0.00150428 ,-0.0843255 
378,9.45 ,0.00151131 ,-0.0840659 
379,9.475 ,0.00151835 ,-0.0836053 
380,9.5 ,0.0015254 ,-0.083346 
381,9.525 ,0.00153247 ,-0.0828918 
382,9.55 ,0.00153956 ,-0.0826339 
383,9.575 ,0.00154665 ,-0.082186 
384,9.6 ,0.00155377 ,-0.0819287 
385,9.625 ,0.0015609 ,-0.0814869 
386,9.65 ,0.00156804 ,-0.08123 
387,9.675 ,0.0015752 ,-0.0807943 
388,9.7 ,0.00158237 ,-0.080539 
389,9.725 ,0.00158955 ,-0.0801092 
390,9.75 ,0.00159675 ,-0.0798546 
391,9.775 ,0.00160397 ,-0.0794307 
392,9.8 ,0.0016112 ,-0.0791766 
393,9.825 ,0.00161844 ,-0.0787584 
394,9.85 ,0.00162569 ,-0.0785061 
395,9.875 ,0.00163296 ,-0.0780935 
396,9.9 ,0.00164025 ,-0.077842 
397,9.925 ,0.00164754 ,-0.0774349 
398,9.95 ,0.00165485 ,-0.0771841 
399,9.975 ,0.00166218 ,-0.0767824 
400,10 ,0.00166951 ,-0.0765335 
401,10.025 ,0.00167686 ,-0.0761372 
402,10.05 ,0.00168422 ,-0.0758891 
403,10.075 ,0.0016916 ,-0.075498 
404,10.1 ,0.00169899 ,-0.0752507 
405,10.125 ,0.00170639 ,-0.0748648 
406,10.15 ,0.0017138 ,-0.0746194 
407,10.175 ,0.00172123 ,-0.0742386 
408,10.2 ,0.00172867 ,-0.0739942 
409,10.225 ,0.00173612 ,-0.0736184 
410,10.25 ,0.00174359 ,-0.0733748 
411,10.275 ,0.00175106 ,-0.0730039 
412,10.3 ,0.00175855 ,-0.0727623 
413,10.325 ,0.00176605 ,-0.0723962 
414,10.35 ,0.00177356 ,-0.0721557 
415,10.375 ,0.00178109 ,-0.0717943 
416,10.4 ,0.00178862 ,-0.0715547 
417,10.425 ,0.00179617 ,-0.071198 
418,10.45 ,0.00180373 ,-0.0709605 
419,10.475 ,0.0018113 ,-0.0706084 
420,10.5 ,0.00181888 ,-0.0703719 
421,10.525 ,0.00182648 ,-0.0700243 
422,10.55 ,0.00183408 ,-0.0697888 
423,10.575 ,0.00184169 ,-0.0694456 
424,10.6 ,0.00184932 ,-0.0692123 
425,10.625 ,0.00185696 ,-0.0688735 
426,10.65 ,0.0018646 ,-0.0686413 
427,10.675 ,0.00187226 ,-0.0683067 
428,10.7 ,0.00187993 ,-0.0680755 
429,10.725 ,0.00188761 ,-0.0677452 
430,10.75 ,0.0018953 ,-0.0675161 
431,10.775 ,0.001903 ,-0.0671899 
432,10.8 ,0.00191071 ,-0.0669621 
433,10.825 ,0.00191843 ,-0.06664 
434,10.85 ,0.00192616 ,-0.0664131 
435,10.875 ,0.0019339 ,-0.0660951 
436,10.9 ,0.00194165 ,-0.0658704 
437,10.925 ,0.0019494 ,-0.0655563 
438,10.95 ,0.00195717 ,-0.0653328 
439,10.975 ,0.00196495 ,-0.0650226 
440,11 ,0.00197274 ,-0.0648002 
441,11.025 ,0.00198053 ,-0.0644938 
442,11.05 ,0.00198834 ,-0.0642736 
443,11.075 ,0.00199615 ,-0.0639709 
444,11.1 ,0.00200397 ,-0.063752 
445,11.125 ,0.0020118 ,-0.063453 
446,11.15 ,0.00201964 ,-0.0632351 
447,11.175 ,0.00202749 ,-0.0629398 
448,11.2 ,0.00203534 ,-0.0627241 
449,11.225 ,0.00204321 ,-0.0624325 
450,11.25 ,0.00205108 ,-0.062218 
451,11.275 ,0.00205896 ,-0.0619299 
452,11.3 ,0.00206685 ,-0.0617164 
453,11.325 ,0.00207474 ,-0.0614318 
454,11.35 ,0.00208265 ,-0.0612206 
455,11.375 ,0.00209056 ,-0.0609394 
456,11.4 ,0.00209847 ,-0.0607294 
457,11.425 ,0.0021064 ,-0.0604516 
458,11.45 ,0.00211433 ,-0.0602427 
459,11.475 ,0.00212227 ,-0.0599682 
460,11.5 ,0.00213022 ,-0.0597615 
461,11.525 ,0.00213817 ,-0.0594903 
462,11.55 ,0.00214613 ,-0.0592849 
463,11.575 ,0.0021541 ,-0.0590169 
464,11.6 ,0.00216207 ,-0.0588125 
465,11.625 ,0.00217005 ,-0.0585477 
466,11.65 ,0.00217803 ,-0.0583455 
467,11.675 ,0.00218603 ,-0.0580838 
468,11.7 ,0.00219402 ,-0.0578829 
469,11.725 ,0.00220203 ,-0.0576243 
470,11.75 ,0.00221003 ,-0.0574245 
471,11.775 ,0.00221805 ,-0.0571689 
472,11.8 ,0.00222607 ,-0.0569712 
473,11.825 ,0.00223409 ,-0.0567186 
474,11.85 ,0.00224212 ,-0.0565222 
475,11.875 ,0.00225016 ,-0.0562726 
476,11.9 ,0.0022582 ,-0.0560772 
477,11.925 ,0.00226625 ,-0.0558304 
478,11.95 ,0.0022743 ,-0.0556373 
479,11.975 ,0.00228235 ,-0.0553934 
480,12 ,0.00229041 ,-0.0552015 
481,12.025 ,0.00229847 ,-0.0549603 
482,12.05 ,0.00230654 ,-0.0547695 
483,12.075 ,0.00231461 ,-0.0545311 
484,12.1 ,0.00232269 ,-0.0543424 
485,12.125 ,0.00233077 ,-0.0541068 
486,12.15 ,0.00233885 ,-0.0539193 
487,12.175 ,0.00234694 ,-0.0536864 
488,12.2 ,0.00235503 ,-0.0534999 
489,12.225 ,0.00236312 ,-0.0532697 
490,12.25 ,0.00237122 ,-0.0530854 
491,12.275 ,0.00237932 ,-0.0528577 
492,12.3 ,0.00238742 ,-0.0526746 
493,12.325 ,0.00239553 ,-0.0524495 
494,12.35 ,0.00240364 ,-0.0522674 
495,12.375 ,0.00241175 ,-0.0520449 
496,12.4 ,0.00241986 ,-0.0518649 
497,12.425 ,0.00242798 ,-0.0516449 
498,12.45 ,0.00243609 ,-0.0514661 
499,12.475 ,0.00244421 ,-0.0512485 
500,12.5 ,0.00245234 ,-0.0510707 
501,12.525 ,0.00246046 ,-0.0508556 
502,12.55 ,0.00246859 ,-0.0506799 
503,12.575 ,0.00247671 ,-0.0504671 
504,12.6 ,0.00248484 ,-0.0502926 
505,12.625 ,0.00249297 ,-0.0500822 
506,12.65 ,0.0025011 ,-0.0499086 
507,12.675 ,0.00250923 ,-0.0497006 
508,12.7 ,0.00251737 ,-0.0495291 
509,12.725 ,0.0025255 ,-0.0493234 
510,12.75 ,0.00253363 ,-0.049153 
511,12.775 ,0.00254177 ,-0.0489495 
512,12.8 ,0.0025499 ,-0.0487801 
513,12.825 ,0.00255804 ,-0.0485789 
514,12.85 ,0.00256617 ,-0.0484115 
515,12.875 ,0.00257431 ,-0.0482125 
516,12.9 ,0.00258244 ,-0.0480462 
517,12.925 ,0.00259058 ,-0.0478494 
518,12.95 ,0.00259871 ,-0.047684 
519,12.975 ,0.00260685 ,-0.0474893 
520,13 ,0.00261498 ,-0.047326 
521,13.025 ,0.00262311 ,-0.0471334 
522,13.05 ,0.00263124 ,-0.0469712 
523,13.075 ,0.00263937 ,-0.0467807 
524,13.1 ,0.0026475 ,-0.0466194 
525,13.125 ,0.00265563 ,-0.0464309 
526,13.15 ,0.00266376 ,-0.0462716 
527,13.175 ,0.00267188 ,-0.0460852 
528,13.2 ,0.00268 ,-0.0459269 
529,13.225 ,0.00268812 ,-0.0457425 
530,13.25 ,0.00269624 ,-0.0455851 
531,13.275 ,0.00270436 ,-0.0454026 
532,13.3 ,0.00271247 ,-0.0452473 
533,13.325 ,0.00272059 ,-0.0450667 
534,13.35 ,0.0027287 ,-0.0449124 
535,13.375 ,0.0027368 ,-0.0447338 
536,13.4 ,0.00274491 ,-0.0445802 
537,13.425 ,0.00275301 ,-0.0444035 
538,13.45 ,0.0027611 ,-0.044252 
539,13.475 ,0.0027692 ,-0.0440772 
540,13.5 ,0.00277729 ,-0.0439266 
541,13.525 ,0.00278538 ,-0.0437536 
542,13.55 ,0.00279346 ,-0.0436039 
543,13.575 ,0.00280154 ,-0.0434327 
544,13.6 ,0.00280962 ,-0.0432849 
545,13.625 ,0.00281769 ,-0.0431155 
546,13.65 ,0.00282576 ,-0.0429687 
547,13.675 ,0.00283382 ,-0.0428011 
548,13.7 ,0.00284188 ,-0.042655 
549,13.725 ,0.00284993 ,-0.0424892 
550,13.75 ,0.00285798 ,-0.0423451 
551,13.775 ,0.00286603 ,-0.0421809 
552,13.8 ,0.00287407 ,-0.0420377 
553,13.825 ,0.0028821 ,-0.0418753 
554,13.85 ,0.00289013 ,-0.0417329 
555,13.875 ,0.00289816 ,-0.0415721 
556,13.9 ,0.00290618 ,-0.0414316 
557,13.925 ,0.00291419 ,-0.0412725 
558,13.95 ,0.0029222 ,-0.0411329 
559,13.975 ,0.0029302 ,-0.0409755 
560,14 ,0.00293819 ,-0.0408366 
561,14.025 ,0.00294618 ,-0.0406807 
562,14.05 ,0.00295416 ,-0.0405437 
563,14.075 ,0.00296214 ,-0.0403895 
564,14.1 ,0.00297011 ,-0.0402533 
565,14.125 ,0.00297807 ,-0.0401007 
566,14.15 ,0.00298602 ,-0.0399652 
567,14.175 ,0.00299397 ,-0.0398141 
568,14.2 ,0.00300191 ,-0.0396805 
569,14.225 ,0.00300985 ,-0.0395309 
570,14.25 ,0.00301777 ,-0.0393982 
571,14.275 ,0.00302569 ,-0.0392502 
572,14.3 ,0.0030336 ,-0.0391181 
573,14.325 ,0.00304151 ,-0.0389715 
574,14.35 ,0.0030494 ,-0.0388413 
575,14.375 ,0.00305729 ,-0.0386962 
576,14.4 ,0.00306517 ,-0.0385668 
577,14.425 ,0.00307304 ,-0.0384232 
578,14.45 ,0.0030809 ,-0.0382944 
579,14.475 ,0.00308875 ,-0.0381522 
580,14.5 ,0.0030966 ,-0.0380252 
581,14.525 ,0.00310443 ,-0.0378845 
582,14.55 ,0.00311226 ,-0.0377583 
583,14.575 ,0.00312007 ,-0.0376189 
584,14.6 ,0.00312788 ,-0.0374934 
585,14.625 ,0.00313568 ,-0.0373554 
586,14.65 ,0.00314347 ,-0.0372316 
587,14.675 ,0.00315124 ,-0.037095 
588,14.7 ,0.00315901 ,-0.036972 
589,14.725 ,0.00316677 ,-0.0368368 
590,14.75 ,0.00317452 ,-0.0367144 
591,14.775 ,0.00318226 ,-0.0365805 
592,14.8 ,0.00318999 ,-0.0364598 
593,14.825 ,0.0031977 ,-0.0363272 
594,14.85 ,0.00320541 ,-0.0362073 
595,14.875 ,0.0032131 ,-0.036076 
596,14.9 ,0.00322079 ,-0.0359566 
597,14.925 ,0.00322846 ,-0.0358266 
598,14.95 ,0.00323612 ,-0.035709 
599,14.975 ,0.00324377 ,-0.0355803 
600,15 ,0.00325141 ,-0.0354633 
601,15.025 ,0.00325904 ,-0.0353359 
602,15.05 ,0.00326665 ,-0.0352195 
603,15.075 ,0.00327426 ,-0.0350933 
604,15.1 ,0.00328185 ,-0.0349786 
605,15.125 ,0.00328943 ,-0.0348536 
606,15.15 ,0.003297 ,-0.0347396 
607,15.175 ,0.00330455 ,-0.0346159 
608,15.2 ,0.00331209 ,-0.0345024 
609,15.225 ,0.00331962 ,-0.0343798 
610,15.25 ,0.00332714 ,-0.034268 
611,15.275 ,0.00333464 ,-0.0341466 
612,15.3 ,0.00334213 ,-0.0340355 
613,15.325 ,0.00334961 ,-0.0339153 
614,15.35 ,0.00335707 ,-0.0338046 
615,15.375 ,0.00336452 ,-0.0336856 
616,15.4 ,0.00337195 ,-0.0335765 
617,15.425 ,0.00337938 ,-0.0334586 
618,15.45 ,0.00338678 ,-0.0333503 
619,15.475 ,0.00339418 ,-0.0332335 
620,15.5 ,0.00340156 ,-0.0331256 
621,15.525 ,0.00340892 ,-0.0330099 
622,15.55 ,0.00341627 ,-0.0329037 
623,15.575 ,0.00342361 ,-0.0327891 
624,15.6 ,0.00343093 ,-0.0326835 
625,15.625 ,0.00343824 ,-0.03257 
626,15.65 ,0.00344553 ,-0.0324648 
627,15.675 ,0.00345281 ,-0.0323524 
628,15.7 ,0.00346007 ,-0.0322488 
629,15.725 ,0.00346731 ,-0.0321375 
630,15.75 ,0.00347454 ,-0.0320345 
631,15.775 ,0.00348176 ,-0.0319242 
632,15.8 ,0.00348896 ,-0.0318216 
633,15.825 ,0.00349614 ,-0.0317124 
634,15.85 ,0.00350331 ,-0.0316114 
635,15.875 ,0.00351046 ,-0.0315032 
636,15.9 ,0.00351759 ,-0.0314027 
637,15.925 ,0.00352471 ,-0.0312956 
638,15.95 ,0.00353181 ,-0.0311955 
639,15.975 ,0.0035389 ,-0.0310893 
640,16 ,0.00354597 ,-0.0309909 
641,16.025 ,0.00355302 ,-0.0308857 
642,16.05 ,0.00356005 ,-0.0307878 
643,16.075 ,0.00356707 ,-0.0306836 
644,16.1 ,0.00357407 ,-0.030586 
645,16.125 ,0.00358105 ,-0.0304828 
646,16.15 ,0.00358801 ,-0.0303868 
647,16.175 ,0.00359496 ,-0.0302845 
648,16.2 ,0.00360189 ,-0.030189 
649,16.225 ,0.0036088 ,-0.0300877 
650,16.25 ,0.00361569 ,-0.0299926 
651,16.275 ,0.00362256 ,-0.0298922 
652,16.3 ,0.00362942 ,-0.0297986 
653,16.325 ,0.00363626 ,-0.0296991 
654,16.35 ,0.00364308 ,-0.0296061 
655,16.375 ,0.00364988 ,-0.0295075 
656,16.4 ,0.00365666 ,-0.0294148 
657,16.425 ,0.00366342 ,-0.0293171 
658,16.45 ,0.00367016 ,-0.0292259 
659,16.475 ,0.00367689 ,-0.0291291 
660,16.5 ,0.00368359 ,-0.0290384 
661,16.525 ,0.00369028 ,-0.0289425 
662,16.55 ,0.00369694 ,-0.0288521 
663,16.575 ,0.00370359 ,-0.0287571 
664,16.6 ,0.00371021 ,-0.0286681 
665,16.625 ,0.00371682 ,-0.028574 
666,16.65 ,0.0037234 ,-0.0284855 
667,16.675 ,0.00372997 ,-0.0283923 
668,16.7 ,0.00373651 ,-0.028304 
669,16.725 ,0.00374304 ,-0.0282117 
670,16.75 ,0.00374954 ,-0.0281249 
671,16.775 ,0.00375603 ,-0.0280333 
672,16.8 ,0.00376249 ,-0.027947 
673,16.825 ,0.00376893 ,-0.0278563 
674,16.85 ,0.00377535 ,-0.0277703 
675,16.875 ,0.00378175 ,-0.0276804 
676,16.9 ,0.00378813 ,-0.0275958 
677,16.925 ,0.00379449 ,-0.0275067 
678,16.95 ,0.00380082 ,-0.0274225 
679,16.975 ,0.00380713 ,-0.0273343 
680,17 ,0.00381343 ,-0.0272503 
681,17.025 ,0.0038197 ,-0.0271629 
682,17.05 ,0.00382594 ,-0.0270804 
683,17.075 ,0.00383217 ,-0.0269937 
684,17.1 ,0.00383837 ,-0.0269116 
685,17.125 ,0.00384455 ,-0.0268257 
686,17.15 ,0.00385071 ,-0.0267438 
687,17.175 ,0.00385685 ,-0.0266587 
688,17.2 ,0.00386296 ,-0.0265782 
689,17.225 ,0.00386905 ,-0.0264939 
690,17.25 ,0.00387512 ,-0.0264138 
691,17.275 ,0.00388116 ,-0.0263302 
692,17.3 ,0.00388718 ,-0.0262504 
693,17.325 ,0.00389318 ,-0.0261675 
694,17.35 ,0.00389916 ,-0.0260891 
695,17.375 ,0.00390511 ,-0.0260069 
696,17.4 ,0.00391103 ,-0.0259289 
697,17.425 ,0.00391694 ,-0.0258475 
698,17.45 ,0.00392282 ,-0.0257696 
699,17.475 ,0.00392867 ,-0.0256889 
700,17.5 ,0.0039345 ,-0.0256124 
701,17.525 ,0.00394031 ,-0.0255325 
702,17.55 ,0.0039461 ,-0.0254563 
703,17.575 ,0.00395185 ,-0.0253771 
704,17.6 ,0.00395759 ,-0.0253011 
705,17.625 ,0.0039633 ,-0.0252226 
706,17.65 ,0.00396898 ,-0.0251479 
707,17.675 ,0.00397464 ,-0.0250701 
708,17.7 ,0.00398028 ,-0.0249958 
709,17.725 ,0.00398589 ,-0.0249187 
710,17.75 ,0.00399147 ,-0.0248446 
711,17.775 ,0.00399703 ,-0.0247681 
712,17.8 ,0.00400257 ,-0.0246953 
713,17.825 ,0.00400807 ,-0.0246195 
714,17.85 ,0.00401356 ,-0.0245471 
715,17.875 ,0.00401901 ,-0.024472 
716,17.9 ,0.00402445 ,-0.0243997 
717,17.925 ,0.00402985 ,-0.0243252 
718,17.95 ,0.00403523 ,-0.0242542 
719,17.975 ,0.00404058 ,-0.0241804 
720,18 ,0.00404591 ,-0.0241098 
721,18.025 ,0.00405121 ,-0.0240366 
722,18.05 ,0.00405649 ,-0.0239661 
723,18.075 ,0.00406173 ,-0.0238935 
724,18.1 ,0.00406696 ,-0.0238243 
725,18.125 ,0.00407215 ,-0.0237524 
726,18.15 ,0.00407732 ,-0.0236835 
727,18.175 ,0.00408246 ,-0.0236122 
728,18.2 ,0.00408757 ,-0.0235435 
729,18.225 ,0.00409266 ,-0.0234728 
730,18.25 ,0.00409772 ,-0.0234053 
731,18.275 ,0.00410275 ,-0.0233353 
732,18.3 ,0.00410775 ,-0.023268 
733,18.325 ,0.00411273 ,-0.0231986 
734,18.35 ,0.00411768 ,-0.0231315 
735,18.375 ,0.0041226 ,-0.0230627 
736,18.4 ,0.00412749 ,-0.0229968 
737,18.425 ,0.00413236 ,-0.0229286 
738,18.45 ,0.0041372 ,-0.0228631 
739,18.475 ,0.00414201 ,-0.0227954 
740,18.5 ,0.00414679 ,-0.02273 
741,18.525 ,0.00415154 ,-0.0226629 
742,18.55 ,0.00415626 ,-0.0225987 
743,18.575 ,0.00416096 ,-0.0225322 
744,18.6 ,0.00416563 ,-0.0224683 
745,18.625 ,0.00417027 ,-0.0224024 
746,18.65 ,0.00417488 ,-0.0223385 
747,18.675 ,0.00417946 ,-0.0222732 
748,18.7 ,0.00418401 ,-0.0222106 
749,18.725 ,0.00418853 ,-0.0221458 
750,18.75 ,0.00419302 ,-0.0220834 
751,18.775 ,0.00419749 ,-0.0220192 
752,18.8 ,0.00420192 ,-0.0219569 
753,18.825 ,0.00420633 ,-0.0218933 
754,18.85 ,0.00421071 ,-0.0218322 
755,18.875 ,0.00421505 ,-0.0217691 
756,18.9 ,0.00421937 ,-0.0217082 
757,18.925 ,0.00422366 ,-0.0216457 
758,18.95 ,0.00422791 ,-0.0215849 
759,18.975 ,0.00423214 ,-0.0215229 
760,19 ,0.00423634 ,-0.0214633 
761,19.025 ,0.0042405 ,-0.0214018 
762,19.05 ,0.00424464 ,-0.0213424 
763,19.075 ,0.00424875 ,-0.0212815 
764,19.1 ,0.00425282 ,-0.0212222 
765,19.125 ,0.00425687 ,-0.0211617 
766,19.15 ,0.00426088 ,-0.0211036 
767,19.175 ,0.00426487 ,-0.0210437 
768,19.2 ,0.00426882 ,-0.0209858 
769,19.225 ,0.00427275 ,-0.0209264 
770,19.25 ,0.00427664 ,-0.0208685 
771,19.275 ,0.0042805 ,-0.0208096 
772,19.3 ,0.00428433 ,-0.0207529 
773,19.325 ,0.00428813 ,-0.0206946 
774,19.35 ,0.00429189 ,-0.0206381 
775,19.375 ,0.00429563 ,-0.0205802 
776,19.4 ,0.00429934 ,-0.0205237 
777,19.425 ,0.00430301 ,-0.0204663 
778,19.45 ,0.00430665 ,-0.020411 
779,19.475 ,0.00431026 ,-0.0203541 
780,19.5 ,0.00431384 ,-0.020299 
781,19.525 ,0.00431739 ,-0.0202426 
782,19.55 ,0.0043209 ,-0.0201875 
783,19.575 ,0.00432439 ,-0.0201316 
784,19.6 ,0.00432784 ,-0.0200777 
785,19.625 ,0.00433126 ,-0.0200222 
786,19.65 ,0.00433464 ,-0.0199685 
787,19.675 ,0.004338 ,-0.0199135 
788,19.7 ,0.00434132 ,-0.0198598 
789,19.725 ,0.00434461 ,-0.0198052 
790,19.75 ,0.00434787 ,-0.0197526 
791,19.775 ,0.00435109 ,-0.0196986 
792,19.8 ,0.00435429 ,-0.0196462 
793,19.825 ,0.00435745 ,-0.0195926 
794,19.85 ,0.00436057 ,-0.0195401 
795,19.875 ,0.00436367 ,-0.019487 
796,19.9 ,0.00436673 ,-0.0194357 
797,19.925 ,0.00436976 ,-0.019383 
798,19.95 ,0.00437276 ,-0.0193319 
799,19.975 ,0.00437572 ,-0.0192797 
800,20 ,0.00437865 ,-0.0192285 
801,20.025 ,0.00438154 ,-0.0191767 
802,20.05 ,0.00438441 ,-0.0191267 
803,20.075 ,0.00438724 ,-0.0190754 
804,20.1 ,0.00439004 ,-0.0190255 
805,20.125 ,0.0043928 ,-0.0189746 
806,20.15 ,0.00439553 ,-0.0189247 
807,20.175 ,0.00439822 ,-0.0188742 
808,20.2 ,0.00440089 ,-0.0188254 
809,20.225 ,0.00440352 ,-0.0187754 
810,20.25 ,0.00440611 ,-0.0187267 
811,20.275 ,0.00440867 ,-0.0186771 
812,20.3 ,0.0044112 ,-0.0186284 
813,20.325 ,0.00441369 ,-0.0185792 
814,20.35 ,0.00441615 ,-0.0185316 
815,20.375 ,0.00441858 ,-0.0184829 
816,20.4 ,0.00442097 ,-0.0184354 
817,20.425 ,0.00442333 ,-0.0183871 
818,20.45 ,0.00442565 ,-0.0183396 
819,20.475 ,0.00442794 ,-0.0182916 
820,20.5 ,0.00443019 ,-0.0182452 
821,20.525 ,0.00443241 ,-0.0181977 
822,20.55 ,0.0044346 ,-0.0181514 
823,20.575 ,0.00443675 ,-0.0181043 
824,20.6 ,0.00443887 ,-0.018058 
825,20.625 ,0.00444095 ,-0.0180112 
826,20.65 ,0.004443 ,-0.017966 
827,20.675 ,0.00444501 ,-0.0179196 
828,20.7 ,0.00444699 ,-0.0178745 
829,20.725 ,0.00444893 ,-0.0178286 
830,20.75 ,0.00445084 ,-0.0177834 
831,20.775 ,0.00445271 ,-0.0177378 
832,20.8 ,0.00445455 ,-0.0176937 
833,20.825 ,0.00445636 ,-0.0176486 
834,20.85 ,0.00445813 ,-0.0176046 
835,20.875 ,0.00445986 ,-0.0175598 
836,20.9 ,0.00446156 ,-0.0175157 
837,20.925 ,0.00446322 ,-0.0174713 
838,20.95 ,0.00446485 ,-0.0174283 
839,20.975 ,0.00446644 ,-0.0173843 
840,21 ,0.004468 ,-0.0173414 
841,21.025 ,0.00446952 ,-0.0172978 
842,21.05 ,0.00447101 ,-0.0172548 
843,21.075 ,0.00447246 ,-0.0172115 
844,21.1 ,0.00447388 ,-0.0171696 
845,21.125 ,0.00447526 ,-0.0171267 
846,21.15 ,0.0044766 ,-0.0170849 
847,21.175 ,0.00447791 ,-0.0170423 
848,21.2 ,0.00447918 ,-0.0170004 
849,21.225 ,0.00448042 ,-0.0169583 
850,21.25 ,0.00448162 ,-0.0169174 
851,21.275 ,0.00448279 ,-0.0168756 
852,21.3 ,0.00448392 ,-0.0168348 
853,21.325 ,0.00448501 ,-0.0167934 
854,21.35 ,0.00448607 ,-0.0167525 
855,21.375 ,0.0044871 ,-0.0167114 
856,21.4 ,0.00448808 ,-0.0166716 
857,21.425 ,0.00448903 ,-0.0166308 
858,21.45 ,0.00448995 ,-0.0165911 
859,21.475 ,0.00449083 ,-0.0165507 
860,21.5 ,0.00449167 ,-0.0165108 
861,21.525 ,0.00449248 ,-0.0164708 
862,21.55 ,0.00449325 ,-0.016432 
863,21.575 ,0.00449398 ,-0.0163923 
864,21.6 ,0.00449468 ,-0.0163536 
865,21.625 ,0.00449534 ,-0.0163142 
866,21.65 ,0.00449597 ,-0.0162753 
867,21.675 ,0.00449656 ,-0.0162363 
868,21.7 ,0.00449711 ,-0.0161985 
869,21.725 ,0.00449763 ,-0.0161598 
870,21.75 ,0.00449811 ,-0.0161221 
871,21.775 ,0.00449855 ,-0.0160837 
872,21.8 ,0.00449896 ,-0.0160458 
873,21.825 ,0.00449933 ,-0.0160078 
874,21.85 ,0.00449967 ,-0.015971 
875,21.875 ,0.00449996 ,-0.0159333 
876,21.9 ,0.00450023 ,-0.0158965 
877,21.925 ,0.00450045 ,-0.0158592 
878,21.95 ,0.00450064 ,-0.0158222 
879,21.975 ,0.00450079 ,-0.0157852 
880,22 ,0.00450091 ,-0.0157493 
881,22.025 ,0.00450099 ,-0.0157126 
882,22.05 ,0.00450103 ,-0.0156768 
883,22.075 ,0.00450103 ,-0.0156404 
884,22.1 ,0.004501 ,-0.0156044 
885,22.125 ,0.00450094 ,-0.0155683 
886,22.15 ,0.00450083 ,-0.0155333 
887,22.175 ,0.00450069 ,-0.0154976 
888,22.2 ,0.00450051 ,-0.0154627 
889,22.225 ,0.0045003 ,-0.0154272 
890,22.25 ,0.00450005 ,-0.0153922 
891,22.275 ,0.00449976 ,-0.015357 
892,22.3 ,0.00449943 ,-0.015323 
893,22.325 ,0.00449907 ,-0.0152881 
894,22.35 ,0.00449867 ,-0.0152541 
895,22.375 ,0.00449824 ,-0.0152196 
896,22.4 ,0.00449776 ,-0.0151854 
897,22.425 ,0.00449725 ,-0.0151512 
898,22.45 ,0.00449671 ,-0.0151181 
899,22.475 ,0.00449613 ,-0.0150842 
900,22.5 ,0.00449551 ,-0.015051 
901,22.525 ,0.00449485 ,-0.0150174 
902,22.55 ,0.00449416 ,-0.0149841 
903,22.575 ,0.00449342 ,-0.0149508 
904,22.6 ,0.00449266 ,-0.0149185 
905,22.625 ,0.00449185 ,-0.0148855 
906,22.65 ,0.00449101 ,-0.0148533 
907,22.675 ,0.00449013 ,-0.0148205 
908,22.7 ,0.00448922 ,-0.0147881 
909,22.725 ,0.00448827 ,-0.0147557 
910,22.75 ,0.00448728 ,-0.0147243 
911,22.775 ,0.00448625 ,-0.0146921 
912,22.8 ,0.00448519 ,-0.0146607 
913,22.825 ,0.00448409 ,-0.0146289 
914,22.85 ,0.00448295 ,-0.0145973 
915,22.875 ,0.00448178 ,-0.0145657 
916,22.9 ,0.00448057 ,-0.0145351 
917,22.925 ,0.00447932 ,-0.0145038 
918,22.95 ,0.00447803 ,-0.0144733 
919,22.975 ,0.00447671 ,-0.0144423 
920,23 ,0.00447535 ,-0.0144115 
921,23.025 ,0.00447396 ,-0.0143808 
922,23.05 ,0.00447252 ,-0.014351 
923,23.075 ,0.00447105 ,-0.0143206 
924,23.1 ,0.00446955 ,-0.0142908 
925,23.125 ,0.00446801 ,-0.0142607 
926,23.15 ,0.00446642 ,-0.0142307 
927,23.175 ,0.00446481 ,-0.0142008 
928,23.2 ,0.00446315 ,-0.0141719 
929,23.225 ,0.00446146 ,-0.0141423 
930,23.25 ,0.00445973 ,-0.0141133 
931,23.275 ,0.00445797 ,-0.014084 
932,23.3 ,0.00445617 ,-0.0140548 
933,23.325 ,0.00445433 ,-0.0140258 
934,23.35 ,0.00445246 ,-0.0139976 
935,23.375 ,0.00445054 ,-0.0139688 
936,23.4 ,0.00444859 ,-0.0139406 
937,23.425 ,0.00444661 ,-0.0139121 
938,23.45 ,0.00444459 ,-0.0138837 
939,23.475 ,0.00444253 ,-0.0138554 
940,23.5 ,0.00444043 ,-0.0138281 
941,23.525 ,0.0044383 ,-0.0138 
942,23.55 ,0.00443613 ,-0.0137726 
943,23.575 ,0.00443392 ,-0.0137449 
944,23.6 ,0.00443168 ,-0.0137173 
945,23.625 ,0.0044294 ,-0.0136898 
946,23.65 ,0.00442708 ,-0.0136632 
947,23.675 ,0.00442473 ,-0.0136359 
948,23.7 ,0.00442234 ,-0.0136093 
949,23.725 ,0.00441992 ,-0.0135823 
950,23.75 ,0.00441745 ,-0.0135555 
951,23.775 ,0.00441495 ,-0.0135287 
952,23.8 ,0.00441242 ,-0.0135029 
953,23.825 ,0.00440985 ,-0.0134764 
954,23.85 ,0.00440724 ,-0.0134505 
955,23.875 ,0.00440459 ,-0.0134243 
956,23.9 ,0.00440191 ,-0.0133982 
957,23.925 ,0.00439919 ,-0.0133722 
958,23.95 ,0.00439644 ,-0.0133471 
959,23.975 ,0.00439365 ,-0.0133213 
960,24 ,0.00439082 ,-0.0132962 
961,24.025 ,0.00438796 ,-0.0132707 
962,24.05 ,0.00438506 ,-0.0132453 
963,24.075 ,0.00438212 ,-0.0132201 
964,24.1 ,0.00437915 ,-0.0131957 
965,24.125 ,0.00437614 ,-0.0131706 
966,24.15 ,0.0043731 ,-0.0131462 
967,24.175 ,0.00437002 ,-0.0131214 
968,24.2 ,0.0043669 ,-0.0130968 
969,24.225 ,0.00436375 ,-0.0130723 
970,24.25 ,0.00436056 ,-0.0130486 
971,24.275 ,0.00435733 ,-0.0130243 
972,24.3 ,0.00435407 ,-0.0130006 
973,24.325 ,0.00435077 ,-0.0129765 
974,24.35 ,0.00434744 ,-0.0129526 
975,24.375 ,0.00434407 ,-0.0129287 
976,24.4 ,0.00434067 ,-0.0129057 
977,24.425 ,0.00433723 ,-0.0128821 
978,24.45 ,0.00433375 ,-0.0128591 
979,24.475 ,0.00433024 ,-0.0128358 
980,24.5 ,0.00432669 ,-0.0128125 
981,24.525 ,0.00432311 ,-0.0127894 
982,24.55 ,0.00431949 ,-0.0127671 
983,24.575 ,0.00431584 ,-0.0127442 
984,24.6 ,0.00431215 ,-0.0127218 
985,24.625 ,0.00430842 ,-0.0126992 
986,24.65 ,0.00430466 ,-0.0126766 
987,24.675 ,0.00430086 ,-0.0126541 
988,24.7 ,0.00429703 ,-0.0126325 
989,24.725 ,0.00429317 ,-0.0126103 
990,24.75 ,0.00428926 ,-0.0125886 
991,24.775 ,0.00428533 ,-0.0125666 
992,24.8 ,0.00428135 ,-0.0125447 
993,24.825 ,0.00427735 ,-0.0125229 
994,24.85 ,0.0042733 ,-0.0125019 
995,24.875 ,0.00426922 ,-0.0124804 
996,24.9 ,0.00426511 ,-0.0124594 
997,24.925 ,0.00426096 ,-0.012438 
998,24.95 ,0.00425678 ,-0.0124168 
999,24.975 ,0.00425256 ,-0.0123956 
1000,25 ,0.00424831 ,-0.0123753 