N_e = 8
1,0.025 ,0.00115269 ,-3198.33 
2,0.05 ,0.00115269 ,-798.333 
3,0.075 ,0.00115269 ,-353.889 
4,0.1 ,0.00199601 ,-198.333 
5,0.125 ,0.00308708 ,-126.333 
6,0.15 ,0.00442198 ,-87.2222 
7,0.175 ,0.00599795 ,-63.6396 
8,0.2 ,0.00781248 ,-48.3336 
9,0.225 ,0.00986301 ,-37.84 
10,0.25 ,0.0121468 ,-30.334 
11,0.275 ,0.0146608 ,-24.7805 
12,0.3 ,0.0174019 ,-20.5567 
13,0.325 ,0.0203665 ,-17.2696 
14,0.35 ,0.0235509 ,-14.6615 
15,0.375 ,0.0269512 ,-12.5575 
16,0.4 ,0.0305629 ,-10.8356 
17,0.425 ,0.0343816 ,-9.40862 
18,0.45 ,0.0384024 ,-8.21286 
19,0.475 ,0.0426203 ,-7.20096 
20,0.5 ,0.0470301 ,-6.3371 
21,0.525 ,0.0516261 ,-5.59376 
22,0.55 ,0.0564025 ,-4.94953 
23,0.575 ,0.0613534 ,-4.38758 
24,0.6 ,0.0664726 ,-3.89447 
25,0.625 ,0.0717535 ,-3.45942 
26,0.65 ,0.0771895 ,-3.07367 
27,0.675 ,0.0827739 ,-2.73006 
28,0.7 ,0.0884994 ,-2.42269 
29,0.725 ,0.0943589 ,-2.14663 
30,0.75 ,0.100345 ,-1.8978 
31,0.775 ,0.10645 ,-1.67274 
32,0.8 ,0.112667 ,-1.46852 
33,0.825 ,0.118986 ,-1.28267 
34,0.85 ,0.125401 ,-1.11305 
35,0.875 ,0.131904 ,-0.957839 
36,0.9 ,0.138485 ,-0.815461 
37,0.925 ,0.145137 ,-0.68455 
38,0.95 ,0.151851 ,-0.563916 
39,0.975 ,0.158619 ,-0.452521 
40,1 ,0.165431 ,-0.349456 
41,1.025 ,0.17228 ,-0.253919 
42,1.05 ,0.179155 ,-0.165203 
43,1.075 ,0.18605 ,-0.082685 
44,1.1 ,0.192954 ,-0.00580811 
45,1.125 ,0.199858 ,0.0659211 
46,1.15 ,0.206755 ,0.132944 
47,1.175 ,0.213634 ,0.195654 
48,1.2 ,0.220487 ,0.254406 
49,1.225 ,0.227305 ,0.309518 
50,1.25 ,0.234079 ,0.361277 
51,1.275 ,0.2408 ,0.409941 
52,1.3 ,0.24746 ,0.455745 
53,1.325 ,0.254049 ,0.4989 
54,1.35 ,0.260559 ,0.5396 
55,1.375 ,0.266981 ,0.57802 
56,1.4 ,0.273306 ,0.61432 
57,1.425 ,0.279527 ,0.648646 
58,1.45 ,0.285634 ,0.681132 
59,1.475 ,0.29162 ,0.7119 
60,1.5 ,0.297476 ,0.741062 
61,1.525 ,0.303194 ,0.768721 
62,1.55 ,0.308767 ,0.794972 
63,1.575 ,0.314186 ,0.819903 
64,1.6 ,0.319444 ,0.843593 
65,1.625 ,0.324534 ,0.866119 
66,1.65 ,0.329448 ,0.887547 
67,1.675 ,0.334179 ,0.907943 
68,1.7 ,0.338721 ,0.927365 
69,1.725 ,0.343066 ,0.945868 
70,1.75 ,0.347209 ,0.963504 
71,1.775 ,0.351143 ,0.980318 
72,1.8 ,0.354861 ,0.996356 
73,1.825 ,0.358359 ,1.01166 
74,1.85 ,0.361629 ,1.02627 
75,1.875 ,0.364668 ,1.04021 
76,1.9 ,0.36747 ,1.05353 
77,1.925 ,0.37003 ,1.06625 
78,1.95 ,0.372344 ,1.0784 
79,1.975 ,0.374406 ,1.09002 
80,2 ,0.376214 ,1.10112 
81,2.025 ,0.377762 ,1.11173 
82,2.05 ,0.379048 ,1.12188 
83,2.075 ,0.380069 ,1.13158 
84,2.1 ,0.38082 ,1.14085 
85,2.125 ,0.3813 ,1.14972 
86,2.15 ,0.381506 ,1.1582 
87,2.175 ,0.381436 ,1.16631 
88,2.2 ,0.381088 ,1.17406 
89,2.225 ,0.38046 ,1.18147 
90,2.25 ,0.379552 ,1.18855 
91,2.275 ,0.378361 ,1.19532 
92,2.3 ,0.376888 ,1.2018 
93,2.325 ,0.375132 ,1.20798 
94,2.35 ,0.373092 ,1.21388 
95,2.375 ,0.37077 ,1.21952 
96,2.4 ,0.368165 ,1.2249 
97,2.425 ,0.365278 ,1.23004 
98,2.45 ,0.36211 ,1.23493 
99,2.475 ,0.358663 ,1.2396 
100,2.5 ,0.354938 ,1.24405 
101,2.525 ,0.350937 ,1.24829 
102,2.55 ,0.346662 ,1.25232 
103,2.575 ,0.342116 ,1.25615 
104,2.6 ,0.337302 ,1.25979 
105,2.625 ,0.332222 ,1.26325 
106,2.65 ,0.326879 ,1.26653 
107,2.675 ,0.321278 ,1.26963 
108,2.7 ,0.315422 ,1.27257 
109,2.725 ,0.309315 ,1.27535 
110,2.75 ,0.302961 ,1.27796 
111,2.775 ,0.296366 ,1.28043 
112,2.8 ,0.289533 ,1.28275 
113,2.825 ,0.282469 ,1.28493 
114,2.85 ,0.275177 ,1.28697 
115,2.875 ,0.267664 ,1.28888 
116,2.9 ,0.259936 ,1.29065 
117,2.925 ,0.251998 ,1.2923 
118,2.95 ,0.243856 ,1.29383 
119,2.975 ,0.235518 ,1.29523 
120,3 ,0.226988 ,1.29652 
121,3.025 ,0.218275 ,1.2977 
122,3.05 ,0.209384 ,1.29877 
123,3.075 ,0.200324 ,1.29972 
124,3.1 ,0.191101 ,1.30058 
125,3.125 ,0.181723 ,1.30133 
126,3.15 ,0.172197 ,1.30198 
127,3.175 ,0.16253 ,1.30254 
128,3.2 ,0.152732 ,1.303 
129,3.225 ,0.142809 ,1.30337 
130,3.25 ,0.132769 ,1.30365 
131,3.275 ,0.122622 ,1.30385 
132,3.3 ,0.112375 ,1.30395 
133,3.325 ,0.102036 ,1.30398 
134,3.35 ,0.0916137 ,1.30392 
135,3.375 ,0.081117 ,1.30378 
136,3.4 ,0.0705541 ,1.30356 
137,3.425 ,0.0599338 ,1.30326 
138,3.45 ,0.0492647 ,1.30289 
139,3.475 ,0.0385555 ,1.30245 
140,3.5 ,0.0278149 ,1.30194 
141,3.525 ,0.0170516 ,1.30135 
142,3.55 ,0.0062745 ,1.3007 
143,3.575 ,-0.00450772 ,1.29997 
144,3.6 ,-0.0152863 ,1.29918 
145,3.625 ,-0.0260524 ,1.29833 
146,3.65 ,-0.0367974 ,1.29741 
147,3.675 ,-0.0475126 ,1.29643 
148,3.7 ,-0.0581893 ,1.29539 
149,3.725 ,-0.0688189 ,1.29428 
150,3.75 ,-0.0793928 ,1.29312 
151,3.775 ,-0.0899025 ,1.2919 
152,3.8 ,-0.10034 ,1.29062 
153,3.825 ,-0.110696 ,1.28928 
154,3.85 ,-0.120963 ,1.28789 
155,3.875 ,-0.131133 ,1.28644 
156,3.9 ,-0.141197 ,1.28494 
157,3.925 ,-0.151148 ,1.28339 
158,3.95 ,-0.160977 ,1.28179 
159,3.975 ,-0.170678 ,1.28013 
160,4 ,-0.180242 ,1.27842 
161,4.025 ,-0.189662 ,1.27666 
162,4.05 ,-0.198931 ,1.27486 
163,4.075 ,-0.208042 ,1.273 
164,4.1 ,-0.216986 ,1.2711 
165,4.125 ,-0.225759 ,1.26915 
166,4.15 ,-0.234352 ,1.26715 
167,4.175 ,-0.24276 ,1.26511 
168,4.2 ,-0.250976 ,1.26302 
169,4.225 ,-0.258994 ,1.26089 
170,4.25 ,-0.266807 ,1.25871 
171,4.275 ,-0.274411 ,1.25649 
172,4.3 ,-0.2818 ,1.25423 
173,4.325 ,-0.288967 ,1.25193 
174,4.35 ,-0.295908 ,1.24958 
175,4.375 ,-0.302619 ,1.24719 
176,4.4 ,-0.309093 ,1.24476 
177,4.425 ,-0.315327 ,1.24229 
178,4.45 ,-0.321316 ,1.23978 
179,4.475 ,-0.327056 ,1.23723 
180,4.5 ,-0.332544 ,1.23464 
181,4.525 ,-0.337774 ,1.23201 
182,4.55 ,-0.342745 ,1.22934 
183,4.575 ,-0.347452 ,1.22664 
184,4.6 ,-0.351893 ,1.22389 
185,4.625 ,-0.356065 ,1.22111 
186,4.65 ,-0.359965 ,1.21829 
187,4.675 ,-0.363591 ,1.21544 
188,4.7 ,-0.366941 ,1.21255 
189,4.725 ,-0.370013 ,1.20962 
190,4.75 ,-0.372805 ,1.20666 
191,4.775 ,-0.375316 ,1.20366 
192,4.8 ,-0.377544 ,1.20063 
193,4.825 ,-0.37949 ,1.19757 
194,4.85 ,-0.381151 ,1.19446 
195,4.875 ,-0.382528 ,1.19133 
196,4.9 ,-0.383619 ,1.18816 
197,4.925 ,-0.384427 ,1.18496 
198,4.95 ,-0.384949 ,1.18172 
199,4.975 ,-0.385187 ,1.17845 
200,5 ,-0.385141 ,1.17515 
201,5.025 ,-0.384813 ,1.17181 
202,5.05 ,-0.384203 ,1.16844 
203,5.075 ,-0.383312 ,1.16505 
204,5.1 ,-0.382142 ,1.16161 
205,5.125 ,-0.380695 ,1.15815 
206,5.15 ,-0.378972 ,1.15466 
207,5.175 ,-0.376976 ,1.15113 
208,5.2 ,-0.374708 ,1.14757 
209,5.225 ,-0.372172 ,1.14399 
210,5.25 ,-0.369369 ,1.14037 
211,5.275 ,-0.366304 ,1.13672 
212,5.3 ,-0.362978 ,1.13304 
213,5.325 ,-0.359395 ,1.12933 
214,5.35 ,-0.355559 ,1.12559 
215,5.375 ,-0.351472 ,1.12182 
216,5.4 ,-0.347139 ,1.11802 
217,5.425 ,-0.342563 ,1.1142 
218,5.45 ,-0.337749 ,1.11034 
219,5.475 ,-0.332701 ,1.10645 
220,5.5 ,-0.327422 ,1.10254 
221,5.525 ,-0.321918 ,1.09859 
222,5.55 ,-0.316193 ,1.09462 
223,5.575 ,-0.310251 ,1.09062 
224,5.6 ,-0.304098 ,1.08659 
225,5.625 ,-0.297739 ,1.08253 
226,5.65 ,-0.291178 ,1.07845 
227,5.675 ,-0.28442 ,1.07433 
228,5.7 ,-0.277472 ,1.07019 
229,5.725 ,-0.270338 ,1.06602 
230,5.75 ,-0.263025 ,1.06183 
231,5.775 ,-0.255536 ,1.0576 
232,5.8 ,-0.247879 ,1.05335 
233,5.825 ,-0.240058 ,1.04907 
234,5.85 ,-0.23208 ,1.04477 
235,5.875 ,-0.223951 ,1.04043 
236,5.9 ,-0.215676 ,1.03607 
237,5.925 ,-0.207261 ,1.03169 
238,5.95 ,-0.198713 ,1.02727 
239,5.975 ,-0.190037 ,1.02283 
240,6 ,-0.18124 ,1.01837 
241,6.025 ,-0.172327 ,1.01388 
242,6.05 ,-0.163305 ,1.00936 
243,6.075 ,-0.15418 ,1.00481 
244,6.1 ,-0.144958 ,1.00024 
245,6.125 ,-0.135646 ,0.995642 
246,6.15 ,-0.126249 ,0.991019 
247,6.175 ,-0.116774 ,0.98637 
248,6.2 ,-0.107227 ,0.981695 
249,6.225 ,-0.0976139 ,0.976995 
250,6.25 ,-0.0879415 ,0.972269 
251,6.275 ,-0.0782156 ,0.967517 
252,6.3 ,-0.0684425 ,0.96274 
253,6.325 ,-0.0586281 ,0.957938 
254,6.35 ,-0.0487787 ,0.95311 
255,6.375 ,-0.0389001 ,0.948258 
256,6.4 ,-0.0289986 ,0.94338 
257,6.425 ,-0.0190799 ,0.938477 
258,6.45 ,-0.00915003 ,0.933549 
259,6.475 ,0.000785181 ,0.928596 
260,6.5 ,0.0107199 ,0.923618 
261,6.525 ,0.0206485 ,0.918615 
262,6.55 ,0.0305653 ,0.913588 
263,6.575 ,0.0404645 ,0.908536 
264,6.6 ,0.0503408 ,0.903459 
265,6.625 ,0.0601887 ,0.898358 
266,6.65 ,0.0700028 ,0.893233 
267,6.675 ,0.0797779 ,0.888083 
268,6.7 ,0.0895086 ,0.882908 
269,6.725 ,0.09919 ,0.877709 
270,6.75 ,0.108817 ,0.872486 
271,6.775 ,0.118385 ,0.867239 
272,6.8 ,0.127888 ,0.861968 
273,6.825 ,0.137323 ,0.856672 
274,6.85 ,0.146684 ,0.851353 
275,6.875 ,0.155967 ,0.846009 
276,6.9 ,0.165167 ,0.840642 
277,6.925 ,0.174281 ,0.835251 
278,6.95 ,0.183304 ,0.829835 
279,6.975 ,0.192232 ,0.824396 
280,7 ,0.201061 ,0.818933 
281,7.025 ,0.209786 ,0.813447 
282,7.05 ,0.218406 ,0.807937 
283,7.075 ,0.226914 ,0.802403 
284,7.1 ,0.23531 ,0.796846 
285,7.125 ,0.243588 ,0.791265 
286,7.15 ,0.251745 ,0.78566 
287,7.175 ,0.259779 ,0.780032 
288,7.2 ,0.267686 ,0.774381 
289,7.225 ,0.275464 ,0.768706 
290,7.25 ,0.283109 ,0.763008 
291,7.275 ,0.29062 ,0.757287 
292,7.3 ,0.297992 ,0.751542 
293,7.325 ,0.305225 ,0.745774 
294,7.35 ,0.312316 ,0.739983 
295,7.375 ,0.319262 ,0.734169 
296,7.4 ,0.326062 ,0.728331 
297,7.425 ,0.332713 ,0.722471 
298,7.45 ,0.339214 ,0.716587 
299,7.475 ,0.345563 ,0.710681 
300,7.5 ,0.351759 ,0.704751 
301,7.525 ,0.3578 ,0.698799 
302,7.55 ,0.363684 ,0.692823 
303,7.575 ,0.369411 ,0.686825 
304,7.6 ,0.374979 ,0.680804 
305,7.625 ,0.380388 ,0.67476 
306,7.65 ,0.385637 ,0.668693 
307,7.675 ,0.390724 ,0.662603 
308,7.7 ,0.39565 ,0.656491 
309,7.725 ,0.400413 ,0.650356 
310,7.75 ,0.405013 ,0.644198 
311,7.775 ,0.409451 ,0.638017 
312,7.8 ,0.413725 ,0.631814 
313,7.825 ,0.417836 ,0.625588 
314,7.85 ,0.421783 ,0.61934 
315,7.875 ,0.425567 ,0.613069 
316,7.9 ,0.429188 ,0.606775 
317,7.925 ,0.432646 ,0.600459 
318,7.95 ,0.435942 ,0.594121 
319,7.975 ,0.439076 ,0.58776 
320,8 ,0.442049 ,0.581377 
321,8.025 ,0.444861 ,0.574971 
322,8.05 ,0.447514 ,0.568542 
323,8.075 ,0.450007 ,0.562092 
324,8.1 ,0.452342 ,0.555619 
325,8.125 ,0.454521 ,0.549123 
326,8.15 ,0.456543 ,0.542606 
327,8.175 ,0.45841 ,0.536066 
328,8.2 ,0.460124 ,0.529504 
329,8.225 ,0.461685 ,0.522919 
330,8.25 ,0.463096 ,0.516313 
331,8.275 ,0.464357 ,0.509684 
332,8.3 ,0.46547 ,0.503033 
333,8.325 ,0.466437 ,0.496359 
334,8.35 ,0.46726 ,0.489664 
335,8.375 ,0.467939 ,0.482946 
336,8.4 ,0.468477 ,0.476207 
337,8.425 ,0.468875 ,0.469445 
338,8.45 ,0.469136 ,0.462661 
339,8.475 ,0.469262 ,0.455855 
340,8.5 ,0.469253 ,0.449027 
341,8.525 ,0.469113 ,0.442177 
342,8.55 ,0.468844 ,0.435305 
343,8.575 ,0.468447 ,0.428411 
344,8.6 ,0.467924 ,0.421495 
345,8.625 ,0.467278 ,0.414557 
346,8.65 ,0.466511 ,0.407597 
347,8.675 ,0.465625 ,0.400615 
348,8.7 ,0.464623 ,0.393612 
349,8.725 ,0.463506 ,0.386586 
350,8.75 ,0.462277 ,0.379538 
351,8.775 ,0.460939 ,0.372469 
352,8.8 ,0.459493 ,0.365378 
353,8.825 ,0.457943 ,0.358265 
354,8.85 ,0.45629 ,0.35113 
355,8.875 ,0.454536 ,0.343973 
356,8.9 ,0.452686 ,0.336794 
357,8.925 ,0.450739 ,0.329594 
358,8.95 ,0.4487 ,0.322372 
359,8.975 ,0.446571 ,0.315128 
360,9 ,0.444353 ,0.307862 
361,9.025 ,0.44205 ,0.300575 
362,9.05 ,0.439664 ,0.293266 
363,9.075 ,0.437198 ,0.285935 
364,9.1 ,0.434653 ,0.278582 
365,9.125 ,0.432033 ,0.271208 
366,9.15 ,0.429339 ,0.263812 
367,9.175 ,0.426574 ,0.256395 
368,9.2 ,0.423742 ,0.248955 
369,9.225 ,0.420843 ,0.241495 
370,9.25 ,0.417881 ,0.234012 
371,9.275 ,0.414857 ,0.226508 
372,9.3 ,0.411775 ,0.218982 
373,9.325 ,0.408637 ,0.211435 
374,9.35 ,0.405444 ,0.203866 
375,9.375 ,0.4022 ,0.196276 
376,9.4 ,0.398907 ,0.188664 
377,9.425 ,0.395566 ,0.18103 
378,9.45 ,0.392181 ,0.173375 
379,9.475 ,0.388753 ,0.165698 
380,9.5 ,0.385285 ,0.158 
381,9.525 ,0.381779 ,0.15028 
382,9.55 ,0.378237 ,0.142539 
383,9.575 ,0.374662 ,0.134777 
384,9.6 ,0.371055 ,0.126992 
385,9.625 ,0.367418 ,0.119187 
386,9.65 ,0.363754 ,0.11136 
387,9.675 ,0.360065 ,0.103511 
388,9.7 ,0.356352 ,0.095641 
389,9.725 ,0.352618 ,0.0877496 
390,9.75 ,0.348865 ,0.0798367 
391,9.775 ,0.345094 ,0.0719023 
392,9.8 ,0.341308 ,0.0639466 
393,9.825 ,0.337508 ,0.0559695 
394,9.85 ,0.333697 ,0.0479709 
395,9.875 ,0.329875 ,0.039951 
396,9.9 ,0.326045 ,0.0319097 
397,9.925 ,0.322209 ,0.023847 
398,9.95 ,0.318367 ,0.0157629 
399,9.975 ,0.314523 ,0.00765749 
400,10 ,0.310677 ,-0.000469277 
401,10.025 ,0.306831 ,-0.00861739 
402,10.05 ,0.302987 ,-0.0167868 
403,10.075 ,0.299146 ,-0.0249776 
404,10.1 ,0.29531 ,-0.0331897 
405,10.125 ,0.29148 ,-0.0414231 
406,10.15 ,0.287657 ,-0.0496778 
407,10.175 ,0.283844 ,-0.0579539 
408,10.2 ,0.28004 ,-0.0662512 
409,10.225 ,0.276249 ,-0.0745698 
410,10.25 ,0.27247 ,-0.0829097 
411,10.275 ,0.268705 ,-0.0912708 
412,10.3 ,0.264955 ,-0.0996532 
413,10.325 ,0.261222 ,-0.108025 
414,10.35 ,0.257507 ,-0.116356 
415,10.375 ,0.25381 ,-0.124648 
416,10.4 ,0.250134 ,-0.1329 
417,10.425 ,0.246477 ,-0.141112 
418,10.45 ,0.242843 ,-0.149285 
419,10.475 ,0.239231 ,-0.15742 
420,10.5 ,0.235643 ,-0.165516 
421,10.525 ,0.232079 ,-0.173574 
422,10.55 ,0.228541 ,-0.181594 
423,10.575 ,0.225028 ,-0.189576 
424,10.6 ,0.221542 ,-0.19752 
425,10.625 ,0.218083 ,-0.205428 
426,10.65 ,0.214653 ,-0.213298 
427,10.675 ,0.211251 ,-0.221132 
428,10.7 ,0.207878 ,-0.22893 
429,10.725 ,0.204535 ,-0.236691 
430,10.75 ,0.201222 ,-0.244416 
431,10.775 ,0.19794 ,-0.252106 
432,10.8 ,0.194689 ,-0.25976 
433,10.825 ,0.191469 ,-0.267379 
434,10.85 ,0.188282 ,-0.274964 
435,10.875 ,0.185127 ,-0.282513 
436,10.9 ,0.182005 ,-0.290028 
437,10.925 ,0.178915 ,-0.297509 
438,10.95 ,0.175859 ,-0.304956 
439,10.975 ,0.172837 ,-0.312369 
440,11 ,0.169848 ,-0.319749 
441,11.025 ,0.166893 ,-0.327095 
442,11.05 ,0.163972 ,-0.334408 
443,11.075 ,0.161086 ,-0.341688 
444,11.1 ,0.158234 ,-0.348936 
445,11.125 ,0.155416 ,-0.356151 
446,11.15 ,0.152633 ,-0.363335 
447,11.175 ,0.149885 ,-0.370486 
448,11.2 ,0.147171 ,-0.377605 
449,11.225 ,0.144493 ,-0.384693 
450,11.25 ,0.141848 ,-0.391749 
451,11.275 ,0.139239 ,-0.398775 
452,11.3 ,0.136664 ,-0.405769 
453,11.325 ,0.134124 ,-0.412733 
454,11.35 ,0.131619 ,-0.419666 
455,11.375 ,0.129148 ,-0.426569 
456,11.4 ,0.126711 ,-0.433442 
457,11.425 ,0.124309 ,-0.440284 
458,11.45 ,0.121941 ,-0.447097 
459,11.475 ,0.119607 ,-0.453881 
460,11.5 ,0.117307 ,-0.460635 
461,11.525 ,0.115041 ,-0.46736 
462,11.55 ,0.112809 ,-0.474056 
463,11.575 ,0.110609 ,-0.480723 
464,11.6 ,0.108443 ,-0.487362 
465,11.625 ,0.10631 ,-0.493972 
466,11.65 ,0.10421 ,-0.500554 
467,11.675 ,0.102143 ,-0.507108 
468,11.7 ,0.100108 ,-0.513634 
469,11.725 ,0.0981048 ,-0.520132 
470,11.75 ,0.0961337 ,-0.526603 
471,11.775 ,0.0941943 ,-0.533047 
472,11.8 ,0.0922862 ,-0.539463 
473,11.825 ,0.0904093 ,-0.545852 
474,11.85 ,0.0885631 ,-0.552215 
475,11.875 ,0.0867476 ,-0.558551 
476,11.9 ,0.0849623 ,-0.56486 
477,11.925 ,0.0832071 ,-0.571143 
478,11.95 ,0.0814815 ,-0.5774 
479,11.975 ,0.0797853 ,-0.583631 
480,12 ,0.0781183 ,-0.589836 
481,12.025 ,0.07648 ,-0.596015 
482,12.05 ,0.0748703 ,-0.602169 
483,12.075 ,0.0732887 ,-0.608297 
484,12.1 ,0.0717349 ,-0.614401 
485,12.125 ,0.0702088 ,-0.620479 
486,12.15 ,0.0687098 ,-0.626532 
487,12.175 ,0.0672377 ,-0.632561 
488,12.2 ,0.0657923 ,-0.638565 
489,12.225 ,0.0643731 ,-0.644544 
490,12.25 ,0.0629798 ,-0.650499 
491,12.275 ,0.0616121 ,-0.65643 
492,12.3 ,0.0602697 ,-0.662337 
493,12.325 ,0.0589523 ,-0.668221 
494,12.35 ,0.0576594 ,-0.67408 
495,12.375 ,0.0563909 ,-0.679916 
496,12.4 ,0.0551463 ,-0.685728 
497,12.425 ,0.0539254 ,-0.691518 
498,12.45 ,0.0527278 ,-0.697284 
499,12.475 ,0.0515531 ,-0.703027 
500,12.5 ,0.0504011 ,-0.708747 
501,12.525 ,0.0492714 ,-0.714444 
502,12.55 ,0.0481638 ,-0.720119 
503,12.575 ,0.0470778 ,-0.725772 
504,12.6 ,0.0460131 ,-0.731402 
505,12.625 ,0.0449695 ,-0.73701 
506,12.65 ,0.0439466 ,-0.742595 
507,12.675 ,0.0429441 ,-0.748159 
508,12.7 ,0.0419617 ,-0.753701 
509,12.725 ,0.0409991 ,-0.759222 
510,12.75 ,0.0400559 ,-0.76472 
511,12.775 ,0.0391318 ,-0.770198 
512,12.8 ,0.0382266 ,-0.775654 
513,12.825 ,0.0373399 ,-0.781089 
514,12.85 ,0.0364715 ,-0.786503 
515,12.875 ,0.035621 ,-0.791896 
516,12.9 ,0.0347881 ,-0.797268 
517,12.925 ,0.0339725 ,-0.802619 
518,12.95 ,0.033174 ,-0.80795 
519,12.975 ,0.0323922 ,-0.81326 
520,13 ,0.0316269 ,-0.81855 
521,13.025 ,0.0308778 ,-0.82382 
522,13.05 ,0.0301446 ,-0.82907 
523,13.075 ,0.029427 ,-0.8343 
524,13.1 ,0.0287248 ,-0.83951 
525,13.125 ,0.0280376 ,-0.8447 
526,13.15 ,0.0273652 ,-0.84987 
527,13.175 ,0.0267074 ,-0.855021 
528,13.2 ,0.0260638 ,-0.860153 
529,13.225 ,0.0254342 ,-0.865265 
530,13.25 ,0.0248184 ,-0.870358 
531,13.275 ,0.0242161 ,-0.875432 
532,13.3 ,0.0236271 ,-0.880486 
533,13.325 ,0.023051 ,-0.885522 
534,13.35 ,0.0224877 ,-0.89054 
535,13.375 ,0.0219369 ,-0.895538 
536,13.4 ,0.0213984 ,-0.900518 
537,13.425 ,0.020872 ,-0.90548 
538,13.45 ,0.0203573 ,-0.910423 
539,13.475 ,0.0198543 ,-0.915348 
540,13.5 ,0.0193626 ,-0.920254 
541,13.525 ,0.018882 ,-0.925143 
542,13.55 ,0.0184124 ,-0.930013 
543,13.575 ,0.0179534 ,-0.934866 
544,13.6 ,0.017505 ,-0.939701 
545,13.625 ,0.0170668 ,-0.944519 
546,13.65 ,0.0166387 ,-0.949318 
547,13.675 ,0.0162205 ,-0.954101 
548,13.7 ,0.015812 ,-0.958866 
549,13.725 ,0.0154129 ,-0.963613 
550,13.75 ,0.0150231 ,-0.968344 
551,13.775 ,0.0146424 ,-0.973057 
552,13.8 ,0.0142706 ,-0.977753 
553,13.825 ,0.0139075 ,-0.982433 
554,13.85 ,0.013553 ,-0.987095 
555,13.875 ,0.0132068 ,-0.991741 
556,13.9 ,0.0128688 ,-0.99637 
557,13.925 ,0.0125389 ,-1.00098 
558,13.95 ,0.0122167 ,-1.00558 
559,13.975 ,0.0119023 ,-1.01016 
560,14 ,0.0115954 ,-1.01472 
561,14.025 ,0.0112958 ,-1.01927 
562,14.05 ,0.0110034 ,-1.0238 
563,14.075 ,0.0107181 ,-1.02832 
564,14.1 ,0.0104396 ,-1.03282 
565,14.125 ,0.0101679 ,-1.0373 
566,14.15 ,0.00990278 ,-1.04177 
567,14.175 ,0.0096441 ,-1.04622 
568,14.2 ,0.00939174 ,-1.05065 
569,14.225 ,0.00914554 ,-1.05508 
570,14.25 ,0.00890537 ,-1.05948 
571,14.275 ,0.0086711 ,-1.06387 
572,14.3 ,0.00844259 ,-1.06824 
573,14.325 ,0.00821972 ,-1.0726 
574,14.35 ,0.00800236 ,-1.07695 
575,14.375 ,0.00779039 ,-1.08128 
576,14.4 ,0.00758369 ,-1.08559 
577,14.425 ,0.00738212 ,-1.08989 
578,14.45 ,0.00718559 ,-1.09418 
579,14.475 ,0.00699397 ,-1.09845 
580,14.5 ,0.00680716 ,-1.1027 
581,14.525 ,0.00662503 ,-1.10694 
582,14.55 ,0.00644749 ,-1.11117 
583,14.575 ,0.00627443 ,-1.11538 
584,14.6 ,0.00610574 ,-1.11958 
585,14.625 ,0.00594132 ,-1.12376 
586,14.65 ,0.00578108 ,-1.12793 
587,14.675 ,0.00562491 ,-1.13208 
588,14.7 ,0.00547272 ,-1.13622 
589,14.725 ,0.00532442 ,-1.14035 
590,14.75 ,0.00517991 ,-1.14446 
591,14.775 ,0.00503911 ,-1.14856 
592,14.8 ,0.00490193 ,-1.15265 
593,14.825 ,0.00476828 ,-1.15672 
594,14.85 ,0.00463807 ,-1.16077 
595,14.875 ,0.00451123 ,-1.16482 
596,14.9 ,0.00438768 ,-1.16885 
597,14.925 ,0.00426733 ,-1.17287 
598,14.95 ,0.00415011 ,-1.17687 
599,14.975 ,0.00403594 ,-1.18086 
600,15 ,0.00392475 ,-1.18484 
601,15.025 ,0.00381646 ,-1.1888 
602,15.05 ,0.00371102 ,-1.19275 
603,15.075 ,0.00360833 ,-1.19669 
604,15.1 ,0.00350835 ,-1.20061 
605,15.125 ,0.003411 ,-1.20452 
606,15.15 ,0.00331622 ,-1.20842 
607,15.175 ,0.00322394 ,-1.21231 
608,15.2 ,0.00313411 ,-1.21618 
609,15.225 ,0.00304666 ,-1.22004 
610,15.25 ,0.00296153 ,-1.22389 
611,15.275 ,0.00287867 ,-1.22773 
612,15.3 ,0.00279801 ,-1.23155 
613,15.325 ,0.00271951 ,-1.23536 
614,15.35 ,0.00264311 ,-1.23916 
615,15.375 ,0.00256876 ,-1.24294 
616,15.4 ,0.0024964 ,-1.24672 
617,15.425 ,0.00242599 ,-1.25048 
618,15.45 ,0.00235747 ,-1.25423 
619,15.475 ,0.0022908 ,-1.25797 
620,15.5 ,0.00222594 ,-1.26169 
621,15.525 ,0.00216283 ,-1.2654 
622,15.55 ,0.00210142 ,-1.26911 
623,15.575 ,0.00204169 ,-1.2728 
624,15.6 ,0.00198358 ,-1.27647 
625,15.625 ,0.00192705 ,-1.28014 
626,15.65 ,0.00187207 ,-1.28379 
627,15.675 ,0.00181859 ,-1.28744 
628,15.7 ,0.00176657 ,-1.29107 
629,15.725 ,0.00171597 ,-1.29469 
630,15.75 ,0.00166677 ,-1.2983 
631,15.775 ,0.00161891 ,-1.30189 
632,15.8 ,0.00157238 ,-1.30548 
633,15.825 ,0.00152712 ,-1.30905 
634,15.85 ,0.00148312 ,-1.31261 
635,15.875 ,0.00144033 ,-1.31617 
636,15.9 ,0.00139873 ,-1.31971 
637,15.925 ,0.00135829 ,-1.32324 
638,15.95 ,0.00131896 ,-1.32676 
639,15.975 ,0.00128073 ,-1.33026 
640,16 ,0.00124356 ,-1.33376 
641,16.025 ,0.00120744 ,-1.33725 
642,16.05 ,0.00117232 ,-1.34072 
643,16.075 ,0.00113818 ,-1.34418 
644,16.1 ,0.001105 ,-1.34764 
645,16.125 ,0.00107275 ,-1.35108 
646,16.15 ,0.0010414 ,-1.35451 
647,16.175 ,0.00101094 ,-1.35793 
648,16.2 ,0.000981335 ,-1.36135 
649,16.225 ,0.000952565 ,-1.36475 
650,16.25 ,0.000924608 ,-1.36814 
651,16.275 ,0.000897442 ,-1.37152 
652,16.3 ,0.000871044 ,-1.37489 
653,16.325 ,0.000845396 ,-1.37824 
654,16.35 ,0.000820475 ,-1.38159 
655,16.375 ,0.000796263 ,-1.38493 
656,16.4 ,0.000772741 ,-1.38826 
657,16.425 ,0.000749889 ,-1.39158 
658,16.45 ,0.000727689 ,-1.39489 
659,16.475 ,0.000706123 ,-1.39819 
660,16.5 ,0.000685175 ,-1.40147 
661,16.525 ,0.000664827 ,-1.40475 
662,16.55 ,0.000645063 ,-1.40802 
663,16.575 ,0.000625866 ,-1.41128 
664,16.6 ,0.000607221 ,-1.41453 
665,16.625 ,0.000589114 ,-1.41777 
666,16.65 ,0.000571528 ,-1.421 
667,16.675 ,0.00055445 ,-1.42422 
668,16.7 ,0.000537865 ,-1.42743 
669,16.725 ,0.000521761 ,-1.43063 
670,16.75 ,0.000506123 ,-1.43382 
671,16.775 ,0.000490938 ,-1.437 
672,16.8 ,0.000476195 ,-1.44018 
673,16.825 ,0.00046188 ,-1.44334 
674,16.85 ,0.000447982 ,-1.44649 
675,16.875 ,0.000434489 ,-1.44964 
676,16.9 ,0.000421389 ,-1.45277 
677,16.925 ,0.000408672 ,-1.4559 
678,16.95 ,0.000396327 ,-1.45901 
679,16.975 ,0.000384344 ,-1.46212 
680,17 ,0.000372712 ,-1.46522 
681,17.025 ,0.000361421 ,-1.46831 
682,17.05 ,0.000350461 ,-1.47139 
683,17.075 ,0.000339824 ,-1.47446 
684,17.1 ,0.000329501 ,-1.47752 
685,17.125 ,0.000319481 ,-1.48058 
686,17.15 ,0.000309758 ,-1.48362 
687,17.175 ,0.000300321 ,-1.48666 
688,17.2 ,0.000291163 ,-1.48968 
689,17.225 ,0.000282277 ,-1.4927 
690,17.25 ,0.000273654 ,-1.49571 
691,17.275 ,0.000265287 ,-1.49871 
692,17.3 ,0.000257168 ,-1.5017 
693,17.325 ,0.000249291 ,-1.50469 
694,17.35 ,0.000241648 ,-1.50766 
695,17.375 ,0.000234233 ,-1.51063 
696,17.4 ,0.000227039 ,-1.51359 
697,17.425 ,0.00022006 ,-1.51654 
698,17.45 ,0.000213289 ,-1.51948 
699,17.475 ,0.000206721 ,-1.52241 
700,17.5 ,0.00020035 ,-1.52533 
701,17.525 ,0.00019417 ,-1.52825 
702,17.55 ,0.000188175 ,-1.53116 
703,17.575 ,0.00018236 ,-1.53406 
704,17.6 ,0.000176721 ,-1.53695 
705,17.625 ,0.000171251 ,-1.53983 
706,17.65 ,0.000165945 ,-1.54271 
707,17.675 ,0.0001608 ,-1.54557 
708,17.7 ,0.00015581 ,-1.54843 
709,17.725 ,0.000150971 ,-1.55128 
710,17.75 ,0.000146278 ,-1.55413 
711,17.775 ,0.000141728 ,-1.55696 
712,17.8 ,0.000137315 ,-1.55979 
713,17.825 ,0.000133036 ,-1.56261 
714,17.85 ,0.000128887 ,-1.56542 
715,17.875 ,0.000124865 ,-1.56822 
716,17.9 ,0.000120964 ,-1.57102 
717,17.925 ,0.000117183 ,-1.5738 
718,17.95 ,0.000113516 ,-1.57658 
719,17.975 ,0.000109962 ,-1.57936 
720,18 ,0.000106516 ,-1.58212 
721,18.025 ,0.000103176 ,-1.58488 
722,18.05 ,9.99371e-05 ,-1.58763 
723,18.075 ,9.6798e-05 ,-1.59037 
724,18.1 ,9.3755e-05 ,-1.5931 
725,18.125 ,9.08054e-05 ,-1.59583 
726,18.15 ,8.79464e-05 ,-1.59855 
727,18.175 ,8.51752e-05 ,-1.60126 
728,18.2 ,8.24893e-05 ,-1.60396 
729,18.225 ,7.98861e-05 ,-1.60666 
730,18.25 ,7.73631e-05 ,-1.60935 
731,18.275 ,7.49179e-05 ,-1.61203 
732,18.3 ,7.25482e-05 ,-1.61471 
733,18.325 ,7.02518e-05 ,-1.61737 
734,18.35 ,6.80263e-05 ,-1.62003 
735,18.375 ,6.58698e-05 ,-1.62269 
736,18.4 ,6.378e-05 ,-1.62533 
737,18.425 ,6.17551e-05 ,-1.62797 
738,18.45 ,5.9793e-05 ,-1.6306 
739,18.475 ,5.78918e-05 ,-1.63323 
740,18.5 ,5.60497e-05 ,-1.63584 
741,18.525 ,5.4265e-05 ,-1.63846 
742,18.55 ,5.25358e-05 ,-1.64106 
743,18.575 ,5.08605e-05 ,-1.64365 
744,18.6 ,4.92374e-05 ,-1.64624 
745,18.625 ,4.7665e-05 ,-1.64883 
746,18.65 ,4.61418e-05 ,-1.6514 
747,18.675 ,4.46661e-05 ,-1.65397 
748,18.7 ,4.32367e-05 ,-1.65653 
749,18.725 ,4.1852e-05 ,-1.65909 
750,18.75 ,4.05107e-05 ,-1.66164 
751,18.775 ,3.92115e-05 ,-1.66418 
752,18.8 ,3.79531e-05 ,-1.66671 
753,18.825 ,3.67342e-05 ,-1.66924 
754,18.85 ,3.55536e-05 ,-1.67176 
755,18.875 ,3.44102e-05 ,-1.67428 
756,18.9 ,3.33028e-05 ,-1.67678 
757,18.925 ,3.22303e-05 ,-1.67929 
758,18.95 ,3.11916e-05 ,-1.68178 
759,18.975 ,3.01858e-05 ,-1.68427 
760,19 ,2.92117e-05 ,-1.68675 
761,19.025 ,2.82684e-05 ,-1.68923 
762,19.05 ,2.73549e-05 ,-1.69169 
763,19.075 ,2.64704e-05 ,-1.69416 
764,19.1 ,2.56139e-05 ,-1.69661 
765,19.125 ,2.47846e-05 ,-1.69906 
766,19.15 ,2.39815e-05 ,-1.70151 
767,19.175 ,2.3204e-05 ,-1.70394 
768,19.2 ,2.24512e-05 ,-1.70637 
769,19.225 ,2.17224e-05 ,-1.7088 
770,19.25 ,2.10167e-05 ,-1.71121 
771,19.275 ,2.03336e-05 ,-1.71363 
772,19.3 ,1.96722e-05 ,-1.71603 
773,19.325 ,1.90319e-05 ,-1.71843 
774,19.35 ,1.8412e-05 ,-1.72082 
775,19.375 ,1.7812e-05 ,-1.72321 
776,19.4 ,1.72311e-05 ,-1.72559 
777,19.425 ,1.66689e-05 ,-1.72797 
778,19.45 ,1.61246e-05 ,-1.73033 
779,19.475 ,1.55978e-05 ,-1.7327 
780,19.5 ,1.50878e-05 ,-1.73505 
781,19.525 ,1.45943e-05 ,-1.7374 
782,19.55 ,1.41165e-05 ,-1.73975 
783,19.575 ,1.36542e-05 ,-1.74209 
784,19.6 ,1.32066e-05 ,-1.74442 
785,19.625 ,1.27735e-05 ,-1.74674 
786,19.65 ,1.23544e-05 ,-1.74907 
787,19.675 ,1.19487e-05 ,-1.75138 
788,19.7 ,1.15561e-05 ,-1.75369 
789,19.725 ,1.11762e-05 ,-1.75599 
790,19.75 ,1.08086e-05 ,-1.75829 
791,19.775 ,1.04528e-05 ,-1.76058 
792,19.8 ,1.01086e-05 ,-1.76287 
793,19.825 ,9.77546e-06 ,-1.76515 
794,19.85 ,9.45313e-06 ,-1.76742 
795,19.875 ,9.14124e-06 ,-1.76969 
796,19.9 ,8.83946e-06 ,-1.77195 
797,19.925 ,8.54747e-06 ,-1.77421 
798,19.95 ,8.26496e-06 ,-1.77646 
799,19.975 ,7.99162e-06 ,-1.77871 
800,20 ,7.72717e-06 ,-1.78095 
801,20.025 ,7.47133e-06 ,-1.78318 
802,20.05 ,7.22381e-06 ,-1.78541 
803,20.075 ,6.98435e-06 ,-1.78763 
804,20.1 ,6.7527e-06 ,-1.78985 
805,20.125 ,6.5286e-06 ,-1.79207 
806,20.15 ,6.31181e-06 ,-1.79427 
807,20.175 ,6.10211e-06 ,-1.79647 
808,20.2 ,5.89925e-06 ,-1.79867 
809,20.225 ,5.70303e-06 ,-1.80086 
810,20.25 ,5.51323e-06 ,-1.80305 
811,20.275 ,5.32964e-06 ,-1.80523 
812,20.3 ,5.15206e-06 ,-1.8074 
813,20.325 ,4.98031e-06 ,-1.80957 
814,20.35 ,4.81418e-06 ,-1.81173 
815,20.375 ,4.65351e-06 ,-1.81389 
816,20.4 ,4.49812e-06 ,-1.81605 
817,20.425 ,4.34783e-06 ,-1.8182 
818,20.45 ,4.20248e-06 ,-1.82034 
819,20.475 ,4.06192e-06 ,-1.82248 
820,20.5 ,3.92598e-06 ,-1.82461 
821,20.525 ,3.79452e-06 ,-1.82674 
822,20.55 ,3.66739e-06 ,-1.82886 
823,20.575 ,3.54445e-06 ,-1.83098 
824,20.6 ,3.42557e-06 ,-1.83309 
825,20.625 ,3.31062e-06 ,-1.83519 
826,20.65 ,3.19946e-06 ,-1.8373 
827,20.675 ,3.09198e-06 ,-1.83939 
828,20.7 ,2.98805e-06 ,-1.84148 
829,20.725 ,2.88756e-06 ,-1.84357 
830,20.75 ,2.7904e-06 ,-1.84565 
831,20.775 ,2.69646e-06 ,-1.84773 
832,20.8 ,2.60563e-06 ,-1.8498 
833,20.825 ,2.51781e-06 ,-1.85187 
834,20.85 ,2.43291e-06 ,-1.85393 
835,20.875 ,2.35083e-06 ,-1.85599 
836,20.9 ,2.27148e-06 ,-1.85804 
837,20.925 ,2.19476e-06 ,-1.86008 
838,20.95 ,2.1206e-06 ,-1.86213 
839,20.975 ,2.0489e-06 ,-1.86416 
840,21 ,1.97959e-06 ,-1.8662 
841,21.025 ,1.91259e-06 ,-1.86822 
842,21.05 ,1.84783e-06 ,-1.87025 
843,21.075 ,1.78522e-06 ,-1.87226 
844,21.1 ,1.7247e-06 ,-1.87428 
845,21.125 ,1.66621e-06 ,-1.87629 
846,21.15 ,1.60966e-06 ,-1.87829 
847,21.175 ,1.55501e-06 ,-1.88029 
848,21.2 ,1.50219e-06 ,-1.88228 
849,21.225 ,1.45113e-06 ,-1.88427 
850,21.25 ,1.40178e-06 ,-1.88626 
851,21.275 ,1.35409e-06 ,-1.88824 
852,21.3 ,1.30799e-06 ,-1.89021 
853,21.325 ,1.26344e-06 ,-1.89219 
854,21.35 ,1.22038e-06 ,-1.89415 
855,21.375 ,1.17877e-06 ,-1.89611 
856,21.4 ,1.13855e-06 ,-1.89807 
857,21.425 ,1.09968e-06 ,-1.90002 
858,21.45 ,1.06213e-06 ,-1.90197 
859,21.475 ,1.02583e-06 ,-1.90392 
860,21.5 ,9.90754e-07 ,-1.90585 
861,21.525 ,9.56859e-07 ,-1.90779 
862,21.55 ,9.24104e-07 ,-1.90972 
863,21.575 ,8.92453e-07 ,-1.91165 
864,21.6 ,8.61868e-07 ,-1.91357 
865,21.625 ,8.32314e-07 ,-1.91548 
866,21.65 ,8.03757e-07 ,-1.9174 
867,21.675 ,7.76163e-07 ,-1.9193 
868,21.7 ,7.495e-07 ,-1.92121 
869,21.725 ,7.23737e-07 ,-1.92311 
870,21.75 ,6.98844e-07 ,-1.925 
871,21.775 ,6.74792e-07 ,-1.92689 
872,21.8 ,6.51553e-07 ,-1.92878 
873,21.825 ,6.29099e-07 ,-1.93066 
874,21.85 ,6.07404e-07 ,-1.93254 
875,21.875 ,5.86443e-07 ,-1.93441 
876,21.9 ,5.66191e-07 ,-1.93628 
877,21.925 ,5.46625e-07 ,-1.93815 
878,21.95 ,5.2772e-07 ,-1.94001 
879,21.975 ,5.09456e-07 ,-1.94186 
880,22 ,4.9181e-07 ,-1.94372 
881,22.025 ,4.74761e-07 ,-1.94556 
882,22.05 ,4.5829e-07 ,-1.94741 
883,22.075 ,4.42377e-07 ,-1.94925 
884,22.1 ,4.27002e-07 ,-1.95108 
885,22.125 ,4.12149e-07 ,-1.95291 
886,22.15 ,3.97798e-07 ,-1.95474 
887,22.175 ,3.83934e-07 ,-1.95656 
888,22.2 ,3.70539e-07 ,-1.95838 
889,22.225 ,3.57597e-07 ,-1.9602 
890,22.25 ,3.45094e-07 ,-1.96201 
891,22.275 ,3.33014e-07 ,-1.96382 
892,22.3 ,3.21343e-07 ,-1.96562 
893,22.325 ,3.10067e-07 ,-1.96742 
894,22.35 ,2.99171e-07 ,-1.96921 
895,22.375 ,2.88645e-07 ,-1.971 
896,22.4 ,2.78473e-07 ,-1.97279 
897,22.425 ,2.68645e-07 ,-1.97457 
898,22.45 ,2.59149e-07 ,-1.97635 
899,22.475 ,2.49973e-07 ,-1.97813 
900,22.5 ,2.41106e-07 ,-1.9799 
901,22.525 ,2.32537e-07 ,-1.98166 
902,22.55 ,2.24257e-07 ,-1.98343 
903,22.575 ,2.16254e-07 ,-1.98519 
904,22.6 ,2.0852e-07 ,-1.98694 
905,22.625 ,2.01044e-07 ,-1.98869 
906,22.65 ,1.93819e-07 ,-1.99044 
907,22.675 ,1.86835e-07 ,-1.99219 
908,22.7 ,1.80083e-07 ,-1.99393 
909,22.725 ,1.73556e-07 ,-1.99566 
910,22.75 ,1.67245e-07 ,-1.99739 
911,22.775 ,1.61143e-07 ,-1.99912 
912,22.8 ,1.55243e-07 ,-2.00085 
913,22.825 ,1.49536e-07 ,-2.00257 
914,22.85 ,1.44017e-07 ,-2.00429 
915,22.875 ,1.38678e-07 ,-2.006 
916,22.9 ,1.33513e-07 ,-2.00771 
917,22.925 ,1.28516e-07 ,-2.00941 
918,22.95 ,1.2368e-07 ,-2.01112 
919,22.975 ,1.19e-07 ,-2.01282 
920,23 ,1.14469e-07 ,-2.01451 
921,23.025 ,1.10083e-07 ,-2.0162 
922,23.05 ,1.05835e-07 ,-2.01789 
923,23.075 ,1.0172e-07 ,-2.01957 
924,23.1 ,9.77344e-08 ,-2.02125 
925,23.125 ,9.38719e-08 ,-2.02293 
926,23.15 ,9.01281e-08 ,-2.0246 
927,23.175 ,8.64984e-08 ,-2.02627 
928,23.2 ,8.29782e-08 ,-2.02794 
929,23.225 ,7.95633e-08 ,-2.0296 
930,23.25 ,7.62492e-08 ,-2.03126 
931,23.275 ,7.3032e-08 ,-2.03291 
932,23.3 ,6.99076e-08 ,-2.03457 
933,23.325 ,6.6872e-08 ,-2.03621 
934,23.35 ,6.39216e-08 ,-2.03786 
935,23.375 ,6.10526e-08 ,-2.0395 
936,23.4 ,5.82615e-08 ,-2.04114 
937,23.425 ,5.55446e-08 ,-2.04277 
938,23.45 ,5.28987e-08 ,-2.0444 
939,23.475 ,5.03204e-08 ,-2.04603 
940,23.5 ,4.78065e-08 ,-2.04765 
941,23.525 ,4.53537e-08 ,-2.04927 
942,23.55 ,4.2959e-08 ,-2.05089 
943,23.575 ,4.06194e-08 ,-2.0525 
944,23.6 ,3.83319e-08 ,-2.05411 
945,23.625 ,3.60937e-08 ,-2.05572 
946,23.65 ,3.39018e-08 ,-2.05732 
947,23.675 ,3.17535e-08 ,-2.05892 
948,23.7 ,2.9646e-08 ,-2.06052 
949,23.725 ,2.75768e-08 ,-2.06211 
950,23.75 ,2.55431e-08 ,-2.0637 
951,23.775 ,2.35423e-08 ,-2.06529 
952,23.8 ,2.1572e-08 ,-2.06687 
953,23.825 ,1.96295e-08 ,-2.06845 
954,23.85 ,1.77124e-08 ,-2.07003 
955,23.875 ,1.58182e-08 ,-2.0716 
956,23.9 ,1.39445e-08 ,-2.07317 
957,23.925 ,1.20888e-08 ,-2.07474 
958,23.95 ,1.02488e-08 ,-2.0763 
959,23.975 ,8.42217e-09 ,-2.07786 
960,24 ,6.60644e-09 ,-2.07942 
961,24.025 ,4.7993e-09 ,-2.08097 
962,24.05 ,2.9984e-09 ,-2.08252 
963,24.075 ,1.20141e-09 ,-2.08407 
964,24.1 ,-5.94025e-10 ,-2.08561 
965,24.125 ,-2.39023e-09 ,-2.08716 
966,24.15 ,-4.18956e-09 ,-2.08869 
967,24.175 ,-5.99435e-09 ,-2.09023 
968,24.2 ,-7.80698e-09 ,-2.09176 
969,24.225 ,-9.62981e-09 ,-2.09329 
970,24.25 ,-1.14652e-08 ,-2.09481 
971,24.275 ,-1.33157e-08 ,-2.09633 
972,24.3 ,-1.51836e-08 ,-2.09785 
973,24.325 ,-1.70714e-08 ,-2.09937 
974,24.35 ,-1.89816e-08 ,-2.10088 
975,24.375 ,-2.09167e-08 ,-2.10239 
976,24.4 ,-2.28794e-08 ,-2.1039 
977,24.425 ,-2.48721e-08 ,-2.1054 
978,24.45 ,-2.68975e-08 ,-2.1069 
979,24.475 ,-2.89584e-08 ,-2.1084 
980,24.5 ,-3.10574e-08 ,-2.10989 
981,24.525 ,-3.31974e-08 ,-2.11138 
982,24.55 ,-3.53812e-08 ,-2.11287 
983,24.575 ,-3.76118e-08 ,-2.11436 
984,24.6 ,-3.9892e-08 ,-2.11584 
985,24.625 ,-4.2225e-08 ,-2.11732 
986,24.65 ,-4.46139e-08 ,-2.11879 
987,24.675 ,-4.70619e-08 ,-2.12027 
988,24.7 ,-4.95722e-08 ,-2.12174 
989,24.725 ,-5.21483e-08 ,-2.1232 
990,24.75 ,-5.47936e-08 ,-2.12467 
991,24.775 ,-5.75117e-08 ,-2.12613 
992,24.8 ,-6.03062e-08 ,-2.12759 
993,24.825 ,-6.31809e-08 ,-2.12904 
994,24.85 ,-6.61396e-08 ,-2.13049 
995,24.875 ,-6.91865e-08 ,-2.13194 
996,24.9 ,-7.23256e-08 ,-2.13339 
997,24.925 ,-7.55611e-08 ,-2.13483 
998,24.95 ,-7.88974e-08 ,-2.13627 
999,24.975 ,-8.23391e-08 ,-2.13771 
1000,25 ,-8.58908e-08 ,-2.13915 