
1,0.02 ,3.00102e-10 ,-29999.2 
2,0.04 ,3.00102e-10 ,-7499.22 
3,0.06 ,1.01274e-09 ,-3332.56 
4,0.08 ,2.40026e-09 ,-1874.22 
5,0.1 ,4.68721e-09 ,-1199.22 
6,0.12 ,8.09783e-09 ,-832.558 
7,0.14 ,1.28559e-08 ,-611.469 
8,0.16 ,1.91847e-08 ,-467.976 
9,0.18 ,2.7307e-08 ,-369.596 
10,0.2 ,3.74448e-08 ,-299.228 
11,0.22 ,4.98193e-08 ,-247.161 
12,0.24 ,6.46511e-08 ,-207.564 
13,0.26 ,8.21597e-08 ,-176.745 
14,0.28 ,1.02564e-07 ,-152.295 
15,0.3 ,1.2608e-07 ,-132.566 
16,0.32 ,1.52926e-07 ,-116.425 
17,0.34 ,1.83316e-07 ,-103.042 
18,0.36 ,2.17465e-07 ,-91.8336 
19,0.38 ,2.55584e-07 ,-82.3421 
20,0.4 ,2.97885e-07 ,-74.2454 
21,0.42 ,3.44577e-07 ,-67.2711 
22,0.44 ,3.95869e-07 ,-61.2337 
23,0.46 ,4.51967e-07 ,-55.9594 
24,0.48 ,5.13076e-07 ,-51.3389 
25,0.5 ,5.79399e-07 ,-47.2537 
26,0.52 ,6.51137e-07 ,-43.6401 
27,0.54 ,7.2849e-07 ,-40.4116 
28,0.56 ,8.11656e-07 ,-37.5329 
29,0.58 ,9.0083e-07 ,-34.9372 
30,0.6 ,9.96206e-07 ,-32.6075 
31,0.62 ,1.09798e-06 ,-30.4893 
32,0.64 ,1.20633e-06 ,-28.578 
33,0.66 ,1.32145e-06 ,-26.8269 
34,0.68 ,1.44354e-06 ,-25.2401 
35,0.7 ,1.57276e-06 ,-23.7757 
36,0.72 ,1.7093e-06 ,-22.4444 
37,0.74 ,1.85335e-06 ,-21.2073 
38,0.76 ,2.00507e-06 ,-20.0799 
39,0.78 ,2.16465e-06 ,-19.0252 
40,0.8 ,2.33225e-06 ,-18.0627 
41,0.82 ,2.50805e-06 ,-17.1561 
42,0.84 ,2.69221e-06 ,-16.3281 
43,0.86 ,2.88491e-06 ,-15.5431 
44,0.88 ,3.08629e-06 ,-14.8262 
45,0.9 ,3.29653e-06 ,-14.1418 
46,0.92 ,3.51579e-06 ,-13.5172 
47,0.94 ,3.74421e-06 ,-12.9169 
48,0.96 ,3.98196e-06 ,-12.3698 
49,0.98 ,4.22919e-06 ,-11.8402 
50,1 ,4.48605e-06 ,-11.3586 
51,1.02 ,4.75268e-06 ,-10.889 
52,1.04 ,5.02923e-06 ,-10.4631 
53,1.06 ,5.31585e-06 ,-10.0447 
54,1.08 ,5.61267e-06 ,-9.66658 
55,1.1 ,5.91984e-06 ,-9.29201 
56,1.12 ,6.23748e-06 ,-8.95503 
57,1.14 ,6.56576e-06 ,-8.61837 
58,1.16 ,6.90477e-06 ,-8.317 
59,1.18 ,7.25467e-06 ,-8.01321 
60,1.2 ,7.61557e-06 ,-7.74283 
61,1.22 ,7.98762e-06 ,-7.46772 
62,1.24 ,8.37092e-06 ,-7.22442 
63,1.26 ,8.76561e-06 ,-6.97442 
64,1.28 ,9.1718e-06 ,-6.7549 
65,1.3 ,9.58962e-06 ,-6.527 
66,1.32 ,1.00192e-05 ,-6.32843 
67,1.34 ,1.04606e-05 ,-6.12004 
68,1.36 ,1.0914e-05 ,-5.94001 
69,1.38 ,1.13794e-05 ,-5.74891 
70,1.4 ,1.18571e-05 ,-5.58534 
71,1.42 ,1.23471e-05 ,-5.40963 
72,1.44 ,1.28494e-05 ,-5.26071 
73,1.46 ,1.33643e-05 ,-5.09873 
74,1.48 ,1.38918e-05 ,-4.9629 
75,1.5 ,1.4432e-05 ,-4.81322 
76,1.52 ,1.4985e-05 ,-4.68912 
77,1.54 ,1.5551e-05 ,-4.55049 
78,1.56 ,1.613e-05 ,-4.43691 
79,1.58 ,1.6722e-05 ,-4.30823 
80,1.6 ,1.73273e-05 ,-4.20413 
81,1.62 ,1.79459e-05 ,-4.08443 
82,1.64 ,1.85779e-05 ,-3.98888 
83,1.66 ,1.92234e-05 ,-3.87732 
84,1.68 ,1.98825e-05 ,-3.78951 
85,1.7 ,2.05552e-05 ,-3.68534 
86,1.72 ,2.12417e-05 ,-3.60453 
87,1.74 ,2.1942e-05 ,-3.50708 
88,1.76 ,2.26562e-05 ,-3.43263 
89,1.78 ,2.33845e-05 ,-3.34131 
90,1.8 ,2.41269e-05 ,-3.27264 
91,1.82 ,2.48834e-05 ,-3.18693 
92,1.84 ,2.56542e-05 ,-3.12353 
93,1.86 ,2.64394e-05 ,-3.04294 
94,1.88 ,2.7239e-05 ,-2.98435 
95,1.9 ,2.80531e-05 ,-2.90848 
96,1.92 ,2.88817e-05 ,-2.85428 
97,1.94 ,2.97251e-05 ,-2.78274 
98,1.96 ,3.05832e-05 ,-2.73255 
99,1.98 ,3.14561e-05 ,-2.665 
100,2 ,3.23439e-05 ,-2.61849 
101,2.02 ,3.32466e-05 ,-2.55463 
102,2.04 ,3.41644e-05 ,-2.51149 
103,2.06 ,3.50974e-05 ,-2.45104 
104,2.08 ,3.60455e-05 ,-2.41099 
105,2.1 ,3.70089e-05 ,-2.35369 
106,2.12 ,3.79877e-05 ,-2.3165 
107,2.14 ,3.89819e-05 ,-2.26213 
108,2.16 ,3.99915e-05 ,-2.22755 
109,2.18 ,4.10167e-05 ,-2.1759 
110,2.2 ,4.20575e-05 ,-2.14373 
111,2.22 ,4.31141e-05 ,-2.09462 
112,2.24 ,4.41864e-05 ,-2.06467 
113,2.26 ,4.52746e-05 ,-2.01791 
114,2.28 ,4.63786e-05 ,-1.99002 
115,2.3 ,4.74987e-05 ,-1.94546 
116,2.32 ,4.86348e-05 ,-1.91946 
117,2.34 ,4.9787e-05 ,-1.87696 
118,2.36 ,5.09554e-05 ,-1.85271 
119,2.38 ,5.21401e-05 ,-1.81214 
120,2.4 ,5.3341e-05 ,-1.7895 
121,2.42 ,5.45584e-05 ,-1.75074 
122,2.44 ,5.57922e-05 ,-1.72959 
123,2.46 ,5.70426e-05 ,-1.69252 
124,2.48 ,5.83096e-05 ,-1.67276 
125,2.5 ,5.95932e-05 ,-1.63729 
126,2.52 ,6.08935e-05 ,-1.61881 
127,2.54 ,6.22107e-05 ,-1.58483 
128,2.56 ,6.35446e-05 ,-1.56754 
129,2.58 ,6.48956e-05 ,-1.53497 
130,2.6 ,6.62635e-05 ,-1.51878 
131,2.62 ,6.76485e-05 ,-1.48755 
132,2.64 ,6.90505e-05 ,-1.47238 
133,2.66 ,7.04698e-05 ,-1.44241 
134,2.68 ,7.19063e-05 ,-1.42818 
135,2.7 ,7.33602e-05 ,-1.3994 
136,2.72 ,7.48313e-05 ,-1.38606 
137,2.74 ,7.632e-05 ,-1.3584 
138,2.76 ,7.78262e-05 ,-1.34587 
139,2.78 ,7.93499e-05 ,-1.31928 
140,2.8 ,8.08913e-05 ,-1.30751 
141,2.82 ,8.24504e-05 ,-1.28193 
142,2.84 ,8.40272e-05 ,-1.27087 
143,2.86 ,8.56219e-05 ,-1.24625 
144,2.88 ,8.72344e-05 ,-1.23585 
145,2.9 ,8.8865e-05 ,-1.21213 
146,2.92 ,9.05135e-05 ,-1.20235 
147,2.94 ,9.21801e-05 ,-1.1795 
148,2.96 ,9.38648e-05 ,-1.17028 
149,2.98 ,9.55678e-05 ,-1.14826 
150,3 ,9.7289e-05 ,-1.13958 
151,3.02 ,9.90286e-05 ,-1.11834 
152,3.04 ,0.000100786 ,-1.11015 
153,3.06 ,0.000102563 ,-1.08966 
154,3.08 ,0.000104358 ,-1.08194 
155,3.1 ,0.000106171 ,-1.06216 
156,3.12 ,0.000108003 ,-1.05487 
157,3.14 ,0.000109854 ,-1.03578 
158,3.16 ,0.000111724 ,-1.02889 
159,3.18 ,0.000113612 ,-1.01045 
160,3.2 ,0.00011552 ,-1.00394 
161,3.22 ,0.000117446 ,-0.986127 
162,3.24 ,0.000119391 ,-0.979961 
163,3.26 ,0.000121355 ,-0.962751 
164,3.28 ,0.000123339 ,-0.956912 
165,3.3 ,0.000125342 ,-0.940276 
166,3.32 ,0.000127363 ,-0.934746 
167,3.34 ,0.000129405 ,-0.918662 
168,3.36 ,0.000131465 ,-0.913419 
169,3.38 ,0.000133545 ,-0.897863 
170,3.4 ,0.000135645 ,-0.892888 
171,3.42 ,0.000137764 ,-0.877839 
172,3.44 ,0.000139903 ,-0.873119 
173,3.46 ,0.000142061 ,-0.858559 
174,3.48 ,0.000144239 ,-0.854075 
175,3.5 ,0.000146437 ,-0.839984 
176,3.52 ,0.000148655 ,-0.835721 
177,3.54 ,0.000150893 ,-0.822083 
178,3.56 ,0.00015315 ,-0.81803 
179,3.58 ,0.000155428 ,-0.804828 
180,3.6 ,0.000157726 ,-0.800971 
181,3.62 ,0.000160044 ,-0.788188 
182,3.64 ,0.000162382 ,-0.784515 
183,3.66 ,0.000164741 ,-0.772137 
184,3.68 ,0.00016712 ,-0.76864 
185,3.7 ,0.000169519 ,-0.756652 
186,3.72 ,0.000171939 ,-0.753318 
187,3.74 ,0.000174379 ,-0.741709 
188,3.76 ,0.00017684 ,-0.738528 
189,3.78 ,0.000179322 ,-0.727283 
190,3.8 ,0.000181825 ,-0.724251 
191,3.82 ,0.000184348 ,-0.713359 
192,3.84 ,0.000186892 ,-0.710465 
193,3.86 ,0.000189457 ,-0.699913 
194,3.88 ,0.000192043 ,-0.697149 
195,3.9 ,0.00019465 ,-0.686927 
196,3.92 ,0.000197278 ,-0.68429 
197,3.94 ,0.000199928 ,-0.674387 
198,3.96 ,0.000202599 ,-0.671868 
199,3.98 ,0.000205291 ,-0.662275 
200,4 ,0.000208004 ,-0.659867 
201,4.02 ,0.000210739 ,-0.650574 
202,4.04 ,0.000213496 ,-0.648275 
203,4.06 ,0.000216274 ,-0.639273 
204,4.08 ,0.000219074 ,-0.637075 
205,4.1 ,0.000221895 ,-0.628356 
206,4.12 ,0.000224739 ,-0.626255 
207,4.14 ,0.000227604 ,-0.617811 
208,4.16 ,0.000230492 ,-0.615805 
209,4.18 ,0.000233401 ,-0.607626 
210,4.2 ,0.000236333 ,-0.60571 
211,4.22 ,0.000239287 ,-0.59779 
212,4.24 ,0.000242263 ,-0.595958 
213,4.26 ,0.000245262 ,-0.588291 
214,4.28 ,0.000248283 ,-0.586544 
215,4.3 ,0.000251326 ,-0.579121 
216,4.32 ,0.000254393 ,-0.577453 
217,4.34 ,0.000257482 ,-0.570268 
218,4.36 ,0.000260594 ,-0.568676 
219,4.38 ,0.000263728 ,-0.561723 
220,4.4 ,0.000266886 ,-0.560208 
221,4.42 ,0.000270067 ,-0.553481 
222,4.44 ,0.000273271 ,-0.552037 
223,4.46 ,0.000276499 ,-0.54553 
224,4.48 ,0.00027975 ,-0.544155 
225,4.5 ,0.000283024 ,-0.537862 
226,4.52 ,0.000286322 ,-0.536558 
227,4.54 ,0.000289644 ,-0.530474 
228,4.56 ,0.000292989 ,-0.529235 
229,4.58 ,0.000296359 ,-0.523356 
230,4.6 ,0.000299752 ,-0.522181 
231,4.62 ,0.00030317 ,-0.5165 
232,4.64 ,0.000306612 ,-0.515391 
233,4.66 ,0.000310079 ,-0.509904 
234,4.68 ,0.000313569 ,-0.508856 
235,4.7 ,0.000317085 ,-0.50356 
236,4.72 ,0.000320625 ,-0.502571 
237,4.74 ,0.000324191 ,-0.49746 
238,4.76 ,0.000327781 ,-0.496534 
239,4.78 ,0.000331397 ,-0.491604 
240,4.8 ,0.000335037 ,-0.490736 
241,4.82 ,0.000338704 ,-0.485983 
242,4.84 ,0.000342396 ,-0.485172 
243,4.86 ,0.000346113 ,-0.480592 
244,4.88 ,0.000349857 ,-0.47984 
245,4.9 ,0.000353627 ,-0.47543 
246,4.92 ,0.000357423 ,-0.474734 
247,4.94 ,0.000361245 ,-0.47049 
248,4.96 ,0.000365094 ,-0.469846 
249,4.98 ,0.00036897 ,-0.465727 
250,5 ,0.000372873 ,-0.465068 
251,5.02 ,0.000376802 ,-0.46103 
252,5.04 ,0.000380759 ,-0.460349 
253,5.06 ,0.000384744 ,-0.45639 
254,5.08 ,0.000388756 ,-0.455687 
255,5.1 ,0.000392796 ,-0.451805 
256,5.12 ,0.000396863 ,-0.451083 
257,5.14 ,0.000400959 ,-0.447276 
258,5.16 ,0.000405083 ,-0.446534 
259,5.18 ,0.000409236 ,-0.4428 
260,5.2 ,0.000413417 ,-0.442038 
261,5.22 ,0.000417627 ,-0.438375 
262,5.24 ,0.000421865 ,-0.437598 
263,5.26 ,0.000426133 ,-0.434005 
264,5.28 ,0.00043043 ,-0.433209 
265,5.3 ,0.000434756 ,-0.429684 
266,5.32 ,0.000439112 ,-0.428871 
267,5.34 ,0.000443497 ,-0.425412 
268,5.36 ,0.000447912 ,-0.424586 
269,5.38 ,0.000452357 ,-0.421191 
270,5.4 ,0.000456832 ,-0.42035 
271,5.42 ,0.000461337 ,-0.417019 
272,5.44 ,0.000465873 ,-0.416162 
273,5.46 ,0.000470439 ,-0.412892 
274,5.48 ,0.000475035 ,-0.412024 
275,5.5 ,0.000479662 ,-0.408815 
276,5.52 ,0.000484321 ,-0.407934 
277,5.54 ,0.00048901 ,-0.404784 
278,5.56 ,0.00049373 ,-0.40389 
279,5.58 ,0.000498482 ,-0.400797 
280,5.6 ,0.000503265 ,-0.399895 
281,5.62 ,0.000508079 ,-0.396857 
282,5.64 ,0.000512926 ,-0.395944 
283,5.66 ,0.000517804 ,-0.392962 
284,5.68 ,0.000522713 ,-0.392038 
285,5.7 ,0.000527655 ,-0.389109 
286,5.72 ,0.000532629 ,-0.388178 
287,5.74 ,0.000537636 ,-0.385302 
288,5.76 ,0.000542674 ,-0.384362 
289,5.78 ,0.000547745 ,-0.381537 
290,5.8 ,0.000552849 ,-0.380589 
291,5.82 ,0.000557986 ,-0.377813 
292,5.84 ,0.000563155 ,-0.37686 
293,5.86 ,0.000568357 ,-0.374133 
294,5.88 ,0.000573593 ,-0.373174 
295,5.9 ,0.000578861 ,-0.370494 
296,5.92 ,0.000584163 ,-0.369528 
297,5.94 ,0.000589498 ,-0.366895 
298,5.96 ,0.000594866 ,-0.365926 
299,5.98 ,0.000600269 ,-0.363339 
300,6 ,0.000605705 ,-0.362364 
301,6.02 ,0.000611174 ,-0.359822 
302,6.04 ,0.000616678 ,-0.358842 
303,6.06 ,0.000622215 ,-0.356343 
304,6.08 ,0.000627787 ,-0.355362 
305,6.1 ,0.000633393 ,-0.352905 
306,6.12 ,0.000639033 ,-0.351921 
307,6.14 ,0.000644707 ,-0.349506 
308,6.16 ,0.000650416 ,-0.348518 
309,6.18 ,0.000656159 ,-0.346143 
310,6.2 ,0.000661937 ,-0.345155 
311,6.22 ,0.00066775 ,-0.342821 
312,6.24 ,0.000673598 ,-0.34183 
313,6.26 ,0.00067948 ,-0.339535 
314,6.28 ,0.000685397 ,-0.338542 
315,6.3 ,0.00069135 ,-0.336285 
316,6.32 ,0.000697337 ,-0.335294 
317,6.34 ,0.00070336 ,-0.333074 
318,6.36 ,0.000709418 ,-0.332081 
319,6.38 ,0.000715512 ,-0.329898 
320,6.4 ,0.000721641 ,-0.328905 
321,6.42 ,0.000727805 ,-0.326757 
322,6.44 ,0.000734005 ,-0.325766 
323,6.46 ,0.000740241 ,-0.323654 
324,6.48 ,0.000746512 ,-0.322662 
325,6.5 ,0.000752819 ,-0.320585 
326,6.52 ,0.000759162 ,-0.319593 
327,6.54 ,0.000765541 ,-0.317549 
328,6.56 ,0.000771956 ,-0.316561 
329,6.58 ,0.000778407 ,-0.314549 
330,6.6 ,0.000784895 ,-0.313562 
331,6.62 ,0.000791418 ,-0.311583 
332,6.64 ,0.000797977 ,-0.310596 
333,6.66 ,0.000804573 ,-0.308649 
334,6.68 ,0.000811206 ,-0.307667 
335,6.7 ,0.000817874 ,-0.30575 
336,6.72 ,0.000824579 ,-0.30477 
337,6.74 ,0.000831321 ,-0.302883 
338,6.76 ,0.000838099 ,-0.301904 
339,6.78 ,0.000844914 ,-0.300048 
340,6.8 ,0.000851766 ,-0.299074 
341,6.82 ,0.000858654 ,-0.297246 
342,6.84 ,0.000865579 ,-0.296275 
343,6.86 ,0.000872541 ,-0.294476 
344,6.88 ,0.000879539 ,-0.293506 
345,6.9 ,0.000886575 ,-0.291735 
346,6.92 ,0.000893647 ,-0.290771 
347,6.94 ,0.000900757 ,-0.289028 
348,6.96 ,0.000907903 ,-0.288067 
349,6.98 ,0.000915087 ,-0.28635 
350,7 ,0.000922307 ,-0.285392 
351,7.02 ,0.000929565 ,-0.283702 
352,7.04 ,0.00093686 ,-0.28275 
353,7.06 ,0.000944192 ,-0.281085 
354,7.08 ,0.000951561 ,-0.280137 
355,7.1 ,0.000958967 ,-0.278497 
356,7.12 ,0.000966411 ,-0.277552 
357,7.14 ,0.000973892 ,-0.275937 
358,7.16 ,0.00098141 ,-0.274999 
359,7.18 ,0.000988966 ,-0.273408 
360,7.2 ,0.000996559 ,-0.272474 
361,7.22 ,0.00100419 ,-0.270907 
362,7.24 ,0.00101186 ,-0.269977 
363,7.26 ,0.00101956 ,-0.268433 
364,7.28 ,0.0010273 ,-0.267509 
365,7.3 ,0.00103508 ,-0.265989 
366,7.32 ,0.0010429 ,-0.26507 
367,7.34 ,0.00105076 ,-0.263572 
368,7.36 ,0.00105865 ,-0.262656 
369,7.38 ,0.00106658 ,-0.26118 
370,7.4 ,0.00107455 ,-0.260272 
371,7.42 ,0.00108255 ,-0.258818 
372,7.44 ,0.00109059 ,-0.257914 
373,7.46 ,0.00109867 ,-0.256481 
374,7.48 ,0.00110679 ,-0.255582 
375,7.5 ,0.00111494 ,-0.25417 
376,7.52 ,0.00112314 ,-0.253278 
377,7.54 ,0.00113137 ,-0.251886 
378,7.56 ,0.00113963 ,-0.250999 
379,7.58 ,0.00114794 ,-0.249627 
380,7.6 ,0.00115628 ,-0.248745 
381,7.62 ,0.00116466 ,-0.247393 
382,7.64 ,0.00117308 ,-0.246518 
383,7.66 ,0.00118153 ,-0.245185 
384,7.68 ,0.00119002 ,-0.244316 
385,7.7 ,0.00119855 ,-0.243002 
386,7.72 ,0.00120712 ,-0.242137 
387,7.74 ,0.00121572 ,-0.240842 
388,7.76 ,0.00122437 ,-0.239984 
389,7.78 ,0.00123304 ,-0.238707 
390,7.8 ,0.00124176 ,-0.237855 
391,7.82 ,0.00125051 ,-0.236596 
392,7.84 ,0.0012593 ,-0.235749 
393,7.86 ,0.00126813 ,-0.234508 
394,7.88 ,0.001277 ,-0.233668 
395,7.9 ,0.0012859 ,-0.232444 
396,7.92 ,0.00129484 ,-0.23161 
397,7.94 ,0.00130382 ,-0.230403 
398,7.96 ,0.00131283 ,-0.229574 
399,7.98 ,0.00132188 ,-0.228383 
400,8 ,0.00133097 ,-0.227562 
401,8.02 ,0.00134009 ,-0.226388 
402,8.04 ,0.00134926 ,-0.225572 
403,8.06 ,0.00135845 ,-0.224414 
404,8.08 ,0.00136769 ,-0.223603 
405,8.1 ,0.00137696 ,-0.222461 
406,8.12 ,0.00138627 ,-0.221658 
407,8.14 ,0.00139562 ,-0.220531 
408,8.16 ,0.001405 ,-0.219734 
409,8.18 ,0.00141442 ,-0.218622 
410,8.2 ,0.00142387 ,-0.21783 
411,8.22 ,0.00143337 ,-0.216733 
412,8.24 ,0.00144289 ,-0.215949 
413,8.26 ,0.00145246 ,-0.214867 
414,8.28 ,0.00146206 ,-0.214088 
415,8.3 ,0.0014717 ,-0.213021 
416,8.32 ,0.00148137 ,-0.212247 
417,8.34 ,0.00149108 ,-0.211193 
418,8.36 ,0.00150083 ,-0.210428 
419,8.38 ,0.00151061 ,-0.209388 
420,8.4 ,0.00152043 ,-0.208628 
421,8.42 ,0.00153028 ,-0.207602 
422,8.44 ,0.00154017 ,-0.206846 
423,8.46 ,0.0015501 ,-0.205834 
424,8.48 ,0.00156006 ,-0.205087 
425,8.5 ,0.00157006 ,-0.204088 
426,8.52 ,0.00158009 ,-0.203345 
427,8.54 ,0.00159016 ,-0.20236 
428,8.56 ,0.00160026 ,-0.201622 
429,8.58 ,0.0016104 ,-0.200649 
430,8.6 ,0.00162058 ,-0.19992 
431,8.62 ,0.00163079 ,-0.198959 
432,8.64 ,0.00164103 ,-0.198235 
433,8.66 ,0.00165131 ,-0.197287 
434,8.68 ,0.00166162 ,-0.196568 
435,8.7 ,0.00167197 ,-0.195632 
436,8.72 ,0.00168236 ,-0.19492 
437,8.74 ,0.00169278 ,-0.193996 
438,8.76 ,0.00170323 ,-0.19329 
439,8.78 ,0.00171372 ,-0.192378 
440,8.8 ,0.00172424 ,-0.191677 
441,8.82 ,0.00173479 ,-0.190776 
442,8.84 ,0.00174539 ,-0.190082 
443,8.86 ,0.00175601 ,-0.189193 
444,8.88 ,0.00176667 ,-0.188505 
445,8.9 ,0.00177736 ,-0.187627 
446,8.92 ,0.00178809 ,-0.186943 
447,8.94 ,0.00179885 ,-0.186076 
448,8.96 ,0.00180964 ,-0.1854 
449,8.98 ,0.00182047 ,-0.184543 
450,9 ,0.00183133 ,-0.183873 
451,9.02 ,0.00184222 ,-0.183027 
452,9.04 ,0.00185315 ,-0.182361 
453,9.06 ,0.0018641 ,-0.181525 
454,9.08 ,0.0018751 ,-0.180867 
455,9.1 ,0.00188612 ,-0.180042 
456,9.12 ,0.00189718 ,-0.179388 
457,9.14 ,0.00190827 ,-0.178574 
458,9.16 ,0.00191939 ,-0.177924 
459,9.18 ,0.00193055 ,-0.17712 
460,9.2 ,0.00194173 ,-0.176478 
461,9.22 ,0.00195295 ,-0.175683 
462,9.24 ,0.0019642 ,-0.175046 
463,9.26 ,0.00197549 ,-0.174261 
464,9.28 ,0.0019868 ,-0.173629 
465,9.3 ,0.00199815 ,-0.172853 
466,9.32 ,0.00200952 ,-0.172228 
467,9.34 ,0.00202093 ,-0.171462 
468,9.36 ,0.00203237 ,-0.170841 
469,9.38 ,0.00204384 ,-0.170085 
470,9.4 ,0.00205534 ,-0.169468 
471,9.42 ,0.00206688 ,-0.168721 
472,9.44 ,0.00207844 ,-0.168112 
473,9.46 ,0.00209003 ,-0.167373 
474,9.48 ,0.00210165 ,-0.166769 
475,9.5 ,0.00211331 ,-0.166039 
476,9.52 ,0.00212499 ,-0.165439 
477,9.54 ,0.00213671 ,-0.164717 
478,9.56 ,0.00214845 ,-0.164124 
479,9.58 ,0.00216022 ,-0.163411 
480,9.6 ,0.00217202 ,-0.162823 
481,9.62 ,0.00218385 ,-0.162119 
482,9.64 ,0.00219571 ,-0.161534 
483,9.66 ,0.0022076 ,-0.160838 
484,9.68 ,0.00221952 ,-0.160261 
485,9.7 ,0.00223147 ,-0.159573 
486,9.72 ,0.00224344 ,-0.159 
487,9.74 ,0.00225544 ,-0.15832 
488,9.76 ,0.00226748 ,-0.157751 
489,9.78 ,0.00227954 ,-0.157079 
490,9.8 ,0.00229162 ,-0.156517 
491,9.82 ,0.00230374 ,-0.155853 
492,9.84 ,0.00231588 ,-0.155295 
493,9.86 ,0.00232805 ,-0.154639 
494,9.88 ,0.00234024 ,-0.154085 
495,9.9 ,0.00235247 ,-0.153436 
496,9.92 ,0.00236472 ,-0.152889 
497,9.94 ,0.00237699 ,-0.152247 
498,9.96 ,0.0023893 ,-0.151704 
499,9.98 ,0.00240163 ,-0.15107 
500,10 ,0.00241398 ,-0.150531 
501,10.02 ,0.00242636 ,-0.149904 
502,10.04 ,0.00243877 ,-0.149371 
503,10.06 ,0.0024512 ,-0.148751 
504,10.08 ,0.00246366 ,-0.148223 
505,10.1 ,0.00247614 ,-0.14761 
506,10.12 ,0.00248865 ,-0.147085 
507,10.14 ,0.00250118 ,-0.146479 
508,10.16 ,0.00251374 ,-0.145961 
509,10.18 ,0.00252632 ,-0.145361 
510,10.2 ,0.00253893 ,-0.144847 
511,10.22 ,0.00255156 ,-0.144255 
512,10.24 ,0.00256421 ,-0.143744 
513,10.26 ,0.00257689 ,-0.143158 
514,10.28 ,0.00258959 ,-0.142653 
515,10.3 ,0.00260231 ,-0.142074 
516,10.32 ,0.00261506 ,-0.141573 
517,10.34 ,0.00262783 ,-0.141 
518,10.36 ,0.00264062 ,-0.140503 
519,10.38 ,0.00265343 ,-0.139936 
520,10.4 ,0.00266627 ,-0.139445 
521,10.42 ,0.00267913 ,-0.138885 
522,10.44 ,0.00269201 ,-0.138398 
523,10.46 ,0.00270491 ,-0.137844 
524,10.48 ,0.00271783 ,-0.137359 
525,10.5 ,0.00273078 ,-0.136811 
526,10.52 ,0.00274374 ,-0.136333 
527,10.54 ,0.00275673 ,-0.135791 
528,10.56 ,0.00276974 ,-0.135317 
529,10.58 ,0.00278276 ,-0.134781 
530,10.6 ,0.00279581 ,-0.134309 
531,10.62 ,0.00280888 ,-0.133779 
532,10.64 ,0.00282196 ,-0.133314 
533,10.66 ,0.00283507 ,-0.132789 
534,10.68 ,0.00284819 ,-0.132328 
535,10.7 ,0.00286134 ,-0.131809 
536,10.72 ,0.0028745 ,-0.13135 
537,10.74 ,0.00288768 ,-0.130837 
538,10.76 ,0.00290088 ,-0.130384 
539,10.78 ,0.0029141 ,-0.129876 
540,10.8 ,0.00292733 ,-0.129426 
541,10.82 ,0.00294059 ,-0.128924 
542,10.84 ,0.00295386 ,-0.128477 
543,10.86 ,0.00296715 ,-0.12798 
544,10.88 ,0.00298045 ,-0.12754 
545,10.9 ,0.00299377 ,-0.127048 
546,10.92 ,0.00300711 ,-0.12661 
547,10.94 ,0.00302046 ,-0.126124 
548,10.96 ,0.00303383 ,-0.125689 
549,10.98 ,0.00304722 ,-0.125208 
550,11 ,0.00306062 ,-0.124779 
551,11.02 ,0.00307403 ,-0.124302 
552,11.04 ,0.00308747 ,-0.123876 
553,11.06 ,0.00310091 ,-0.123405 
554,11.08 ,0.00311437 ,-0.122982 
555,11.1 ,0.00312785 ,-0.122516 
556,11.12 ,0.00314133 ,-0.122098 
557,11.14 ,0.00315484 ,-0.121636 
558,11.16 ,0.00316835 ,-0.121222 
559,11.18 ,0.00318188 ,-0.120765 
560,11.2 ,0.00319543 ,-0.120353 
561,11.22 ,0.00320898 ,-0.119901 
562,11.24 ,0.00322255 ,-0.119494 
563,11.26 ,0.00323613 ,-0.119047 
564,11.28 ,0.00324972 ,-0.118644 
565,11.3 ,0.00326332 ,-0.118201 
566,11.32 ,0.00327694 ,-0.1178 
567,11.34 ,0.00329057 ,-0.117362 
568,11.36 ,0.0033042 ,-0.116966 
569,11.38 ,0.00331785 ,-0.116532 
570,11.4 ,0.00333151 ,-0.116139 
571,11.42 ,0.00334518 ,-0.11571 
572,11.44 ,0.00335886 ,-0.115319 
573,11.46 ,0.00337255 ,-0.114895 
574,11.48 ,0.00338624 ,-0.114509 
575,11.5 ,0.00339995 ,-0.114089 
576,11.52 ,0.00341367 ,-0.113706 
577,11.54 ,0.00342739 ,-0.11329 
578,11.56 ,0.00344112 ,-0.11291 
579,11.58 ,0.00345487 ,-0.112498 
580,11.6 ,0.00346861 ,-0.112123 
581,11.62 ,0.00348237 ,-0.111715 
582,11.64 ,0.00349614 ,-0.111342 
583,11.66 ,0.00350991 ,-0.110939 
584,11.68 ,0.00352368 ,-0.110568 
585,11.7 ,0.00353747 ,-0.110169 
586,11.72 ,0.00355126 ,-0.109803 
587,11.74 ,0.00356505 ,-0.109408 
588,11.76 ,0.00357886 ,-0.109045 
589,11.78 ,0.00359266 ,-0.108653 
590,11.8 ,0.00360648 ,-0.108292 
591,11.82 ,0.00362029 ,-0.107905 
592,11.84 ,0.00363411 ,-0.107549 
593,11.86 ,0.00364794 ,-0.107165 
594,11.88 ,0.00366177 ,-0.106812 
595,11.9 ,0.0036756 ,-0.106432 
596,11.92 ,0.00368944 ,-0.10608 
597,11.94 ,0.00370328 ,-0.105704 
598,11.96 ,0.00371712 ,-0.105358 
599,11.98 ,0.00373097 ,-0.104985 
600,12 ,0.00374482 ,-0.104641 
601,12.02 ,0.00375867 ,-0.104272 
602,12.04 ,0.00377252 ,-0.10393 
603,12.06 ,0.00378637 ,-0.103564 
604,12.08 ,0.00380023 ,-0.103227 
605,12.1 ,0.00381408 ,-0.102865 
606,12.12 ,0.00382794 ,-0.10253 
607,12.14 ,0.00384179 ,-0.102172 
608,12.16 ,0.00385565 ,-0.101838 
609,12.18 ,0.0038695 ,-0.101484 
610,12.2 ,0.00388336 ,-0.101155 
611,12.22 ,0.00389721 ,-0.100804 
612,12.24 ,0.00391106 ,-0.100477 
613,12.26 ,0.00392491 ,-0.10013 
614,12.28 ,0.00393876 ,-0.0998047 
615,12.3 ,0.00395261 ,-0.0994602 
616,12.32 ,0.00396646 ,-0.0991402 
617,12.34 ,0.0039803 ,-0.098799 
618,12.36 ,0.00399414 ,-0.098481 
619,12.38 ,0.00400797 ,-0.0981431 
620,12.4 ,0.00402181 ,-0.0978267 
621,12.42 ,0.00403564 ,-0.097492 
622,12.44 ,0.00404946 ,-0.0971802 
623,12.46 ,0.00406328 ,-0.0968487 
624,12.48 ,0.00407709 ,-0.096539 
625,12.5 ,0.00409091 ,-0.0962107 
626,12.52 ,0.00410471 ,-0.0959024 
627,12.54 ,0.00411851 ,-0.0955772 
628,12.56 ,0.0041323 ,-0.0952735 
629,12.58 ,0.00414609 ,-0.0949514 
630,12.6 ,0.00415987 ,-0.0946496 
631,12.62 ,0.00417364 ,-0.0943306 
632,12.64 ,0.00418741 ,-0.0940302 
633,12.66 ,0.00420117 ,-0.0937142 
634,12.68 ,0.00421492 ,-0.0934183 
635,12.7 ,0.00422866 ,-0.0931052 
636,12.72 ,0.0042424 ,-0.0928112 
637,12.74 ,0.00425612 ,-0.0925011 
638,12.76 ,0.00426984 ,-0.0922084 
639,12.78 ,0.00428355 ,-0.0919012 
640,12.8 ,0.00429725 ,-0.0916129 
641,12.82 ,0.00431093 ,-0.0913086 
642,12.84 ,0.00432461 ,-0.0910221 
643,12.86 ,0.00433828 ,-0.0907206 
644,12.88 ,0.00435194 ,-0.0904354 
645,12.9 ,0.00436558 ,-0.0901367 
646,12.92 ,0.00437922 ,-0.0898558 
647,12.94 ,0.00439284 ,-0.0895599 
648,12.96 ,0.00440645 ,-0.0892807 
649,12.98 ,0.00442005 ,-0.0889876 
650,13 ,0.00443363 ,-0.0887096 
651,13.02 ,0.0044472 ,-0.0884192 
652,13.04 ,0.00446076 ,-0.0881454 
653,13.06 ,0.00447431 ,-0.0878577 
654,13.08 ,0.00448784 ,-0.0875856 
655,13.1 ,0.00450135 ,-0.0873005 
656,13.12 ,0.00451486 ,-0.0870295 
657,13.14 ,0.00452834 ,-0.0867471 
658,13.16 ,0.00454182 ,-0.0864803 
659,13.18 ,0.00455527 ,-0.0862005 
660,13.2 ,0.00456871 ,-0.0859353 
661,13.22 ,0.00458214 ,-0.085658 
662,13.24 ,0.00459555 ,-0.0853938 
663,13.26 ,0.00460894 ,-0.0851191 
664,13.28 ,0.00462231 ,-0.0848591 
665,13.3 ,0.00463567 ,-0.0845868 
666,13.32 ,0.00464901 ,-0.0843283 
667,13.34 ,0.00466233 ,-0.0840586 
668,13.36 ,0.00467563 ,-0.083801 
669,13.38 ,0.00468892 ,-0.0835337 
670,13.4 ,0.00470218 ,-0.0832803 
671,13.42 ,0.00471543 ,-0.0830154 
672,13.44 ,0.00472866 ,-0.0827634 
673,13.46 ,0.00474186 ,-0.0825009 
674,13.48 ,0.00475505 ,-0.0822499 
675,13.5 ,0.00476821 ,-0.0819897 
676,13.52 ,0.00478136 ,-0.0817427 
677,13.54 ,0.00479448 ,-0.0814849 
678,13.56 ,0.00480759 ,-0.0812393 
679,13.58 ,0.00482067 ,-0.0809838 
680,13.6 ,0.00483372 ,-0.0807391 
681,13.62 ,0.00484676 ,-0.0804859 
682,13.64 ,0.00485977 ,-0.0802451 
683,13.66 ,0.00487276 ,-0.0799942 
684,13.68 ,0.00488573 ,-0.0797547 
685,13.7 ,0.00489867 ,-0.079506 
686,13.72 ,0.00491159 ,-0.0792674 
687,13.74 ,0.00492449 ,-0.0790209 
688,13.76 ,0.00493736 ,-0.0787862 
689,13.78 ,0.0049502 ,-0.0785419 
690,13.8 ,0.00496302 ,-0.0783084 
691,13.82 ,0.00497582 ,-0.0780664 
692,13.84 ,0.00498859 ,-0.0778336 
693,13.86 ,0.00500133 ,-0.0775937 
694,13.88 ,0.00501405 ,-0.0773648 
695,13.9 ,0.00502674 ,-0.077127 
696,13.92 ,0.0050394 ,-0.0768993 
697,13.94 ,0.00505203 ,-0.0766636 
698,13.96 ,0.00506464 ,-0.0764366 
699,13.98 ,0.00507722 ,-0.076203 
700,14 ,0.00508977 ,-0.0759798 
701,14.02 ,0.00510229 ,-0.0757483 
702,14.04 ,0.00511478 ,-0.0755263 
703,14.06 ,0.00512724 ,-0.0752968 
704,14.08 ,0.00513968 ,-0.0750754 
705,14.1 ,0.00515208 ,-0.0748479 
706,14.12 ,0.00516446 ,-0.0746303 
707,14.14 ,0.0051768 ,-0.0744048 
708,14.16 ,0.00518911 ,-0.0741882 
709,14.18 ,0.00520139 ,-0.0739647 
710,14.2 ,0.00521364 ,-0.0737488 
711,14.22 ,0.00522586 ,-0.0735272 
712,14.24 ,0.00523804 ,-0.073315 
713,14.26 ,0.00525019 ,-0.0730954 
714,14.28 ,0.00526231 ,-0.0728842 
715,14.3 ,0.0052744 ,-0.0726665 
716,14.32 ,0.00528646 ,-0.0724558 
717,14.34 ,0.00529848 ,-0.07224 
718,14.36 ,0.00531046 ,-0.072033 
719,14.38 ,0.00532241 ,-0.0718191 
720,14.4 ,0.00533433 ,-0.0716131 
721,14.42 ,0.00534621 ,-0.071401 
722,14.44 ,0.00535806 ,-0.0711955 
723,14.46 ,0.00536987 ,-0.0709853 
724,14.48 ,0.00538164 ,-0.0707834 
725,14.5 ,0.00539338 ,-0.070575 
726,14.52 ,0.00540509 ,-0.0703741 
727,14.54 ,0.00541675 ,-0.0701674 
728,14.56 ,0.00542838 ,-0.069967 
729,14.58 ,0.00543997 ,-0.0697621 
730,14.6 ,0.00545153 ,-0.0695652 
731,14.62 ,0.00546304 ,-0.0693621 
732,14.64 ,0.00547452 ,-0.0691661 
733,14.66 ,0.00548596 ,-0.0689648 
734,14.68 ,0.00549736 ,-0.0687692 
735,14.7 ,0.00550872 ,-0.0685696 
736,14.72 ,0.00552004 ,-0.0683775 
737,14.74 ,0.00553132 ,-0.0681796 
738,14.76 ,0.00554257 ,-0.0679885 
739,14.78 ,0.00555377 ,-0.0677922 
740,14.8 ,0.00556493 ,-0.0676014 
741,14.82 ,0.00557605 ,-0.0674069 
742,14.84 ,0.00558713 ,-0.0672195 
743,14.86 ,0.00559816 ,-0.0670267 
744,14.88 ,0.00560916 ,-0.0668402 
745,14.9 ,0.00562011 ,-0.0666489 
746,14.92 ,0.00563102 ,-0.0664627 
747,14.94 ,0.00564189 ,-0.0662731 
748,14.96 ,0.00565271 ,-0.0660904 
749,14.98 ,0.00566349 ,-0.0659024 
750,15 ,0.00567423 ,-0.0657204 
751,15.02 ,0.00568492 ,-0.065534 
752,15.04 ,0.00569557 ,-0.0653523 
753,15.06 ,0.00570618 ,-0.0651675 
754,15.08 ,0.00571674 ,-0.0649892 
755,15.1 ,0.00572725 ,-0.064806 
756,15.12 ,0.00573772 ,-0.0646284 
757,15.14 ,0.00574815 ,-0.0644467 
758,15.16 ,0.00575852 ,-0.0642694 
759,15.18 ,0.00576886 ,-0.0640893 
760,15.2 ,0.00577914 ,-0.0639153 
761,15.22 ,0.00578938 ,-0.0637367 
762,15.24 ,0.00579957 ,-0.0635635 
763,15.26 ,0.00580971 ,-0.0633863 
764,15.28 ,0.00581981 ,-0.0632133 
765,15.3 ,0.00582986 ,-0.0630376 
766,15.32 ,0.00583986 ,-0.0628679 
767,15.34 ,0.00584981 ,-0.0626938 
768,15.36 ,0.00585971 ,-0.0625248 
769,15.38 ,0.00586957 ,-0.0623521 
770,15.4 ,0.00587937 ,-0.0621832 
771,15.42 ,0.00588912 ,-0.0620119 
772,15.44 ,0.00589883 ,-0.0618464 
773,15.46 ,0.00590848 ,-0.0616766 
774,15.48 ,0.00591809 ,-0.0615116 
775,15.5 ,0.00592764 ,-0.0613433 
776,15.52 ,0.00593714 ,-0.0611784 
777,15.54 ,0.00594659 ,-0.0610115 
778,15.56 ,0.00595599 ,-0.0608499 
779,15.58 ,0.00596534 ,-0.0606843 
780,15.6 ,0.00597464 ,-0.0605234 
781,15.62 ,0.00598388 ,-0.0603592 
782,15.64 ,0.00599307 ,-0.0601984 
783,15.66 ,0.00600221 ,-0.0600355 
784,15.68 ,0.00601129 ,-0.0598779 
785,15.7 ,0.00602032 ,-0.0597164 
786,15.72 ,0.0060293 ,-0.0595594 
787,15.74 ,0.00603822 ,-0.0593993 
788,15.76 ,0.00604709 ,-0.0592423 
789,15.78 ,0.00605591 ,-0.0590835 
790,15.8 ,0.00606467 ,-0.0589297 
791,15.82 ,0.00607337 ,-0.0587722 
792,15.84 ,0.00608202 ,-0.058619 
793,15.86 ,0.00609062 ,-0.0584628 
794,15.88 ,0.00609916 ,-0.0583096 
795,15.9 ,0.00610764 ,-0.0581547 
796,15.92 ,0.00611606 ,-0.0580046 
797,15.94 ,0.00612443 ,-0.0578511 
798,15.96 ,0.00613275 ,-0.0577015 
799,15.98 ,0.006141 ,-0.0575492 
800,16 ,0.0061492 ,-0.0573997 
801,16.02 ,0.00615734 ,-0.0572486 
802,16.04 ,0.00616543 ,-0.0571022 
803,16.06 ,0.00617345 ,-0.0569524 
804,16.08 ,0.00618142 ,-0.0568065 
805,16.1 ,0.00618933 ,-0.0566579 
806,16.12 ,0.00619718 ,-0.0565119 
807,16.14 ,0.00620497 ,-0.0563646 
808,16.16 ,0.0062127 ,-0.0562217 
809,16.18 ,0.00622037 ,-0.0560756 
810,16.2 ,0.00622798 ,-0.0559332 
811,16.22 ,0.00623553 ,-0.0557883 
812,16.24 ,0.00624303 ,-0.0556458 
813,16.26 ,0.00625046 ,-0.0555022 
814,16.28 ,0.00625783 ,-0.0553627 
815,16.3 ,0.00626514 ,-0.0552202 
816,16.32 ,0.00627239 ,-0.0550813 
817,16.34 ,0.00627957 ,-0.0549399 
818,16.36 ,0.0062867 ,-0.0548009 
819,16.38 ,0.00629376 ,-0.0546607 
820,16.4 ,0.00630077 ,-0.0545247 
821,16.42 ,0.00630771 ,-0.0543857 
822,16.44 ,0.00631458 ,-0.05425 
823,16.46 ,0.0063214 ,-0.0541122 
824,16.48 ,0.00632815 ,-0.0539764 
825,16.5 ,0.00633484 ,-0.0538397 
826,16.52 ,0.00634146 ,-0.053707 
827,16.54 ,0.00634803 ,-0.0535714 
828,16.56 ,0.00635452 ,-0.053439 
829,16.58 ,0.00636096 ,-0.0533046 
830,16.6 ,0.00636733 ,-0.0531721 
831,16.62 ,0.00637363 ,-0.0530387 
832,16.64 ,0.00637987 ,-0.0529092 
833,16.66 ,0.00638605 ,-0.0527769 
834,16.68 ,0.00639216 ,-0.0526478 
835,16.7 ,0.0063982 ,-0.0525166 
836,16.72 ,0.00640418 ,-0.0523873 
837,16.74 ,0.0064101 ,-0.0522572 
838,16.76 ,0.00641594 ,-0.0521308 
839,16.78 ,0.00642172 ,-0.0520018 
840,16.8 ,0.00642744 ,-0.0518758 
841,16.82 ,0.00643309 ,-0.0517478 
842,16.84 ,0.00643867 ,-0.0516216 
843,16.86 ,0.00644419 ,-0.0514947 
844,16.88 ,0.00644963 ,-0.0513714 
845,16.9 ,0.00645502 ,-0.0512455 
846,16.92 ,0.00646033 ,-0.0511225 
847,16.94 ,0.00646557 ,-0.0509977 
848,16.96 ,0.00647075 ,-0.0508745 
849,16.98 ,0.00647586 ,-0.0507507 
850,17 ,0.0064809 ,-0.0506304 
851,17.02 ,0.00648588 ,-0.0505077 
852,17.04 ,0.00649078 ,-0.0503877 
853,17.06 ,0.00649562 ,-0.0502659 
854,17.08 ,0.00650038 ,-0.0501457 
855,17.1 ,0.00650508 ,-0.0500249 
856,17.12 ,0.00650971 ,-0.0499076 
857,17.14 ,0.00651427 ,-0.0497878 
858,17.16 ,0.00651876 ,-0.0496707 
859,17.18 ,0.00652318 ,-0.049552 
860,17.2 ,0.00652752 ,-0.0494346 
861,17.22 ,0.0065318 ,-0.0493169 
862,17.24 ,0.00653601 ,-0.0492024 
863,17.26 ,0.00654015 ,-0.0490856 
864,17.28 ,0.00654422 ,-0.0489713 
865,17.3 ,0.00654821 ,-0.0488555 
866,17.32 ,0.00655214 ,-0.0487409 
867,17.34 ,0.00655599 ,-0.0486261 
868,17.36 ,0.00655977 ,-0.0485144 
869,17.38 ,0.00656349 ,-0.0484004 
870,17.4 ,0.00656712 ,-0.048289 
871,17.42 ,0.00657069 ,-0.048176 
872,17.44 ,0.00657419 ,-0.0480642 
873,17.46 ,0.00657761 ,-0.0479522 
874,17.48 ,0.00658096 ,-0.0478432 
875,17.5 ,0.00658424 ,-0.0477321 
876,17.52 ,0.00658745 ,-0.0476234 
877,17.54 ,0.00659058 ,-0.0475132 
878,17.56 ,0.00659364 ,-0.0474041 
879,17.58 ,0.00659663 ,-0.0472948 
880,17.6 ,0.00659954 ,-0.0471886 
881,17.62 ,0.00660238 ,-0.0470802 
882,17.64 ,0.00660515 ,-0.0469741 
883,17.66 ,0.00660784 ,-0.0468666 
884,17.68 ,0.00661046 ,-0.0467602 
885,17.7 ,0.00661301 ,-0.0466536 
886,17.72 ,0.00661548 ,-0.04655 
887,17.74 ,0.00661788 ,-0.0464443 
888,17.76 ,0.0066202 ,-0.0463408 
889,17.78 ,0.00662245 ,-0.046236 
890,17.8 ,0.00662463 ,-0.0461321 
891,17.82 ,0.00662673 ,-0.0460282 
892,17.84 ,0.00662875 ,-0.0459271 
893,17.86 ,0.0066307 ,-0.0458241 
894,17.88 ,0.00663258 ,-0.0457231 
895,17.9 ,0.00663438 ,-0.0456209 
896,17.92 ,0.0066361 ,-0.0455196 
897,17.94 ,0.00663775 ,-0.0454183 
898,17.96 ,0.00663933 ,-0.0453197 
899,17.98 ,0.00664083 ,-0.0452192 
900,18 ,0.00664225 ,-0.0451208 
901,18.02 ,0.0066436 ,-0.0450211 
902,18.04 ,0.00664487 ,-0.0449223 
903,18.06 ,0.00664606 ,-0.0448234 
904,18.08 ,0.00664718 ,-0.0447273 
905,18.1 ,0.00664823 ,-0.0446293 
906,18.12 ,0.00664919 ,-0.0445334 
907,18.14 ,0.00665008 ,-0.0444362 
908,18.16 ,0.0066509 ,-0.0443398 
909,18.18 ,0.00665164 ,-0.0442434 
910,18.2 ,0.0066523 ,-0.0441497 
911,18.22 ,0.00665288 ,-0.0440542 
912,18.24 ,0.00665339 ,-0.0439606 
913,18.26 ,0.00665382 ,-0.0438658 
914,18.28 ,0.00665417 ,-0.0437718 
915,18.3 ,0.00665445 ,-0.0436779 
916,18.32 ,0.00665465 ,-0.0435865 
917,18.34 ,0.00665477 ,-0.0434934 
918,18.36 ,0.00665481 ,-0.0434021 
919,18.38 ,0.00665478 ,-0.0433098 
920,18.4 ,0.00665467 ,-0.0432181 
921,18.42 ,0.00665448 ,-0.0431265 
922,18.44 ,0.00665421 ,-0.0430375 
923,18.46 ,0.00665387 ,-0.0429467 
924,18.48 ,0.00665345 ,-0.0428577 
925,18.5 ,0.00665295 ,-0.0427677 
926,18.52 ,0.00665237 ,-0.0426783 
927,18.54 ,0.00665172 ,-0.042589 
928,18.56 ,0.00665098 ,-0.0425023 
929,18.58 ,0.00665017 ,-0.0424138 
930,18.6 ,0.00664928 ,-0.0423271 
931,18.62 ,0.00664831 ,-0.0422393 
932,18.64 ,0.00664727 ,-0.0421521 
933,18.66 ,0.00664614 ,-0.0420651 
934,18.68 ,0.00664494 ,-0.0419806 
935,18.7 ,0.00664366 ,-0.0418944 
936,18.72 ,0.0066423 ,-0.0418099 
937,18.74 ,0.00664086 ,-0.0417244 
938,18.76 ,0.00663935 ,-0.0416394 
939,18.78 ,0.00663775 ,-0.0415546 
940,18.8 ,0.00663608 ,-0.0414723 
941,18.82 ,0.00663432 ,-0.0413882 
942,18.84 ,0.00663249 ,-0.0413059 
943,18.86 ,0.00663058 ,-0.0412225 
944,18.88 ,0.00662859 ,-0.0411397 
945,18.9 ,0.00662653 ,-0.0410571 
946,18.92 ,0.00662438 ,-0.0409769 
947,18.94 ,0.00662215 ,-0.040895 
948,18.96 ,0.00661985 ,-0.0408148 
949,18.98 ,0.00661747 ,-0.0407336 
950,19 ,0.006615 ,-0.0406529 
951,19.02 ,0.00661246 ,-0.0405724 
952,19.04 ,0.00660984 ,-0.0404943 
953,19.06 ,0.00660714 ,-0.0404145 
954,19.08 ,0.00660436 ,-0.0403364 
955,19.1 ,0.00660151 ,-0.0402573 
956,19.12 ,0.00659857 ,-0.0401786 
957,19.14 ,0.00659556 ,-0.0401002 
958,19.16 ,0.00659246 ,-0.0400242 
959,19.18 ,0.00658929 ,-0.0399464 
960,19.2 ,0.00658604 ,-0.0398704 
961,19.22 ,0.0065827 ,-0.0397933 
962,19.24 ,0.00657929 ,-0.0397167 
963,19.26 ,0.0065758 ,-0.0396403 
964,19.28 ,0.00657224 ,-0.0395663 
965,19.3 ,0.00656859 ,-0.0394906 
966,19.32 ,0.00656486 ,-0.0394165 
967,19.34 ,0.00656106 ,-0.0393415 
968,19.36 ,0.00655717 ,-0.0392669 
969,19.38 ,0.00655321 ,-0.0391925 
970,19.4 ,0.00654916 ,-0.0391204 
971,19.42 ,0.00654504 ,-0.0390467 
972,19.44 ,0.00654084 ,-0.0389746 
973,19.46 ,0.00653656 ,-0.0389016 
974,19.48 ,0.0065322 ,-0.0388289 
975,19.5 ,0.00652776 ,-0.0387565 
976,19.52 ,0.00652325 ,-0.0386864 
977,19.54 ,0.00651865 ,-0.0386146 
978,19.56 ,0.00651398 ,-0.0385445 
979,19.58 ,0.00650923 ,-0.0384733 
980,19.6 ,0.00650439 ,-0.0384026 
981,19.62 ,0.00649948 ,-0.0383321 
982,19.64 ,0.00649449 ,-0.0382639 
983,19.66 ,0.00648943 ,-0.038194 
984,19.68 ,0.00648428 ,-0.0381258 
985,19.7 ,0.00647905 ,-0.0380565 
986,19.72 ,0.00647375 ,-0.0379876 
987,19.74 ,0.00646837 ,-0.037919 
988,19.76 ,0.00646291 ,-0.0378527 
989,19.78 ,0.00645737 ,-0.0377847 
990,19.8 ,0.00645175 ,-0.0377183 
991,19.82 ,0.00644606 ,-0.037651 
992,19.84 ,0.00644028 ,-0.0375839 
993,19.86 ,0.00643443 ,-0.0375172 
994,19.88 ,0.0064285 ,-0.0374527 
995,19.9 ,0.00642249 ,-0.0373865 
996,19.92 ,0.00641641 ,-0.0373219 
997,19.94 ,0.00641024 ,-0.0372564 
998,19.96 ,0.006404 ,-0.0371912 
999,19.98 ,0.00639768 ,-0.0371262 
1000,20 ,0.00639128 ,-0.0370635 