N_e = 2
1,0.025 ,1.89075e-05 ,-9597.93 
2,0.05 ,1.89075e-05 ,-2397.93 
3,0.075 ,1.89075e-05 ,-1064.6 
4,0.1 ,4.44723e-05 ,-597.935 
5,0.125 ,8.66592e-05 ,-381.935 
6,0.15 ,0.00014953 ,-264.601 
7,0.175 ,0.000237127 ,-193.853 
8,0.2 ,0.000353449 ,-147.935 
9,0.225 ,0.000502445 ,-116.454 
10,0.25 ,0.000688006 ,-93.9354 
11,0.275 ,0.000913954 ,-77.2744 
12,0.3 ,0.00118403 ,-64.6025 
13,0.325 ,0.00150192 ,-54.7408 
14,0.35 ,0.00187117 ,-46.916 
15,0.375 ,0.00229529 ,-40.6033 
16,0.4 ,0.00277765 ,-35.437 
17,0.425 ,0.00332151 ,-31.1553 
18,0.45 ,0.00393005 ,-27.5673 
19,0.475 ,0.00460628 ,-24.5309 
20,0.5 ,0.00535313 ,-21.9385 
21,0.525 ,0.00617336 ,-19.7076 
22,0.55 ,0.00706962 ,-17.774 
23,0.575 ,0.00804441 ,-16.0872 
24,0.6 ,0.00910006 ,-14.6069 
25,0.625 ,0.0102388 ,-13.3008 
26,0.65 ,0.0114626 ,-12.1425 
27,0.675 ,0.0127734 ,-11.1106 
28,0.7 ,0.0141729 ,-10.1873 
29,0.725 ,0.0156626 ,-9.35799 
30,0.75 ,0.0172439 ,-8.61028 
31,0.775 ,0.018918 ,-7.93384 
32,0.8 ,0.0206858 ,-7.31989 
33,0.825 ,0.0225483 ,-6.76099 
34,0.85 ,0.0245061 ,-6.25075 
35,0.875 ,0.0265596 ,-5.7837 
36,0.9 ,0.028709 ,-5.3551 
37,0.925 ,0.0309546 ,-4.96086 
38,0.95 ,0.0332961 ,-4.59742 
39,0.975 ,0.0357333 ,-4.26165 
40,1 ,0.0382656 ,-3.95082 
41,1.025 ,0.0408924 ,-3.66254 
42,1.05 ,0.0436128 ,-3.39469 
43,1.075 ,0.0464257 ,-3.14538 
44,1.1 ,0.0493298 ,-2.91296 
45,1.125 ,0.0523238 ,-2.69594 
46,1.15 ,0.0554059 ,-2.493 
47,1.175 ,0.0585743 ,-2.30295 
48,1.2 ,0.061827 ,-2.12474 
49,1.225 ,0.0651618 ,-1.95741 
50,1.25 ,0.0685762 ,-1.80009 
51,1.275 ,0.0720679 ,-1.65202 
52,1.3 ,0.0756339 ,-1.51249 
53,1.325 ,0.0792714 ,-1.38086 
54,1.35 ,0.0829773 ,-1.25655 
55,1.375 ,0.0867484 ,-1.13905 
56,1.4 ,0.0905812 ,-1.02786 
57,1.425 ,0.0944722 ,-0.922558 
58,1.45 ,0.0984176 ,-0.822732 
59,1.475 ,0.102414 ,-0.72802 
60,1.5 ,0.106456 ,-0.638084 
61,1.525 ,0.110541 ,-0.552614 
62,1.55 ,0.114665 ,-0.471328 
63,1.575 ,0.118822 ,-0.393962 
64,1.6 ,0.123008 ,-0.320274 
65,1.625 ,0.127219 ,-0.250042 
66,1.65 ,0.131449 ,-0.183058 
67,1.675 ,0.135695 ,-0.119132 
68,1.7 ,0.139951 ,-0.0580854 
69,1.725 ,0.144212 ,0.000245432 
70,1.75 ,0.148473 ,0.0560136 
71,1.775 ,0.152729 ,0.109361 
72,1.8 ,0.156974 ,0.160421 
73,1.825 ,0.161203 ,0.209316 
74,1.85 ,0.165412 ,0.256162 
75,1.875 ,0.169594 ,0.301065 
76,1.9 ,0.173744 ,0.344127 
77,1.925 ,0.177857 ,0.385442 
78,1.95 ,0.181926 ,0.425097 
79,1.975 ,0.185948 ,0.463174 
80,2 ,0.189915 ,0.499752 
81,2.025 ,0.193824 ,0.534903 
82,2.05 ,0.197667 ,0.568694 
83,2.075 ,0.201441 ,0.601191 
84,2.1 ,0.205138 ,0.632453 
85,2.125 ,0.208755 ,0.662538 
86,2.15 ,0.212285 ,0.691498 
87,2.175 ,0.215723 ,0.719384 
88,2.2 ,0.219064 ,0.746244 
89,2.225 ,0.222304 ,0.772122 
90,2.25 ,0.225436 ,0.797062 
91,2.275 ,0.228455 ,0.821104 
92,2.3 ,0.231358 ,0.844284 
93,2.325 ,0.234138 ,0.86664 
94,2.35 ,0.236791 ,0.888205 
95,2.375 ,0.239313 ,0.909011 
96,2.4 ,0.241699 ,0.92909 
97,2.425 ,0.243945 ,0.948469 
98,2.45 ,0.246046 ,0.967178 
99,2.475 ,0.247999 ,0.985241 
100,2.5 ,0.249799 ,1.00268 
101,2.525 ,0.251442 ,1.01953 
102,2.55 ,0.252925 ,1.0358 
103,2.575 ,0.254244 ,1.05152 
104,2.6 ,0.255396 ,1.06671 
105,2.625 ,0.256378 ,1.08138 
106,2.65 ,0.257187 ,1.09556 
107,2.675 ,0.25782 ,1.10926 
108,2.7 ,0.258273 ,1.1225 
109,2.725 ,0.258546 ,1.1353 
110,2.75 ,0.258635 ,1.14767 
111,2.775 ,0.258539 ,1.15963 
112,2.8 ,0.258256 ,1.17118 
113,2.825 ,0.257783 ,1.18235 
114,2.85 ,0.25712 ,1.19315 
115,2.875 ,0.256265 ,1.20358 
116,2.9 ,0.255217 ,1.21366 
117,2.925 ,0.253976 ,1.22341 
118,2.95 ,0.252541 ,1.23282 
119,2.975 ,0.250911 ,1.24192 
120,3 ,0.249086 ,1.25071 
121,3.025 ,0.247067 ,1.2592 
122,3.05 ,0.244853 ,1.26741 
123,3.075 ,0.242446 ,1.27533 
124,3.1 ,0.239845 ,1.28298 
125,3.125 ,0.237051 ,1.29036 
126,3.15 ,0.234067 ,1.29749 
127,3.175 ,0.230893 ,1.30437 
128,3.2 ,0.22753 ,1.31101 
129,3.225 ,0.223982 ,1.31741 
130,3.25 ,0.220248 ,1.32359 
131,3.275 ,0.216333 ,1.32954 
132,3.3 ,0.212238 ,1.33528 
133,3.325 ,0.207966 ,1.3408 
134,3.35 ,0.203519 ,1.34612 
135,3.375 ,0.198901 ,1.35124 
136,3.4 ,0.194116 ,1.35617 
137,3.425 ,0.189166 ,1.36091 
138,3.45 ,0.184054 ,1.36546 
139,3.475 ,0.178786 ,1.36984 
140,3.5 ,0.173365 ,1.37404 
141,3.525 ,0.167795 ,1.37807 
142,3.55 ,0.16208 ,1.38193 
143,3.575 ,0.156226 ,1.38563 
144,3.6 ,0.150236 ,1.38917 
145,3.625 ,0.144116 ,1.39256 
146,3.65 ,0.13787 ,1.3958 
147,3.675 ,0.131504 ,1.39889 
148,3.7 ,0.125023 ,1.40183 
149,3.725 ,0.118433 ,1.40464 
150,3.75 ,0.111739 ,1.40731 
151,3.775 ,0.104946 ,1.40984 
152,3.8 ,0.0980607 ,1.41224 
153,3.825 ,0.0910891 ,1.41452 
154,3.85 ,0.0840369 ,1.41666 
155,3.875 ,0.0769103 ,1.41869 
156,3.9 ,0.0697155 ,1.42059 
157,3.925 ,0.0624589 ,1.42238 
158,3.95 ,0.0551467 ,1.42405 
159,3.975 ,0.0477854 ,1.42561 
160,4 ,0.0403816 ,1.42705 
161,4.025 ,0.0329417 ,1.42839 
162,4.05 ,0.0254725 ,1.42962 
163,4.075 ,0.0179805 ,1.43075 
164,4.1 ,0.0104724 ,1.43178 
165,4.125 ,0.00295492 ,1.4327 
166,4.15 ,-0.00456519 ,1.43353 
167,4.175 ,-0.0120812 ,1.43426 
168,4.2 ,-0.0195864 ,1.4349 
169,4.225 ,-0.027074 ,1.43544 
170,4.25 ,-0.0345373 ,1.43589 
171,4.275 ,-0.0419697 ,1.43626 
172,4.3 ,-0.0493643 ,1.43653 
173,4.325 ,-0.0567147 ,1.43672 
174,4.35 ,-0.0640141 ,1.43682 
175,4.375 ,-0.0712561 ,1.43684 
176,4.4 ,-0.078434 ,1.43678 
177,4.425 ,-0.0855415 ,1.43664 
178,4.45 ,-0.0925723 ,1.43642 
179,4.475 ,-0.0995199 ,1.43612 
180,4.5 ,-0.106378 ,1.43574 
181,4.525 ,-0.113141 ,1.43529 
182,4.55 ,-0.119802 ,1.43476 
183,4.575 ,-0.126356 ,1.43416 
184,4.6 ,-0.132797 ,1.43349 
185,4.625 ,-0.139119 ,1.43275 
186,4.65 ,-0.145316 ,1.43193 
187,4.675 ,-0.151383 ,1.43105 
188,4.7 ,-0.157315 ,1.43011 
189,4.725 ,-0.163106 ,1.42909 
190,4.75 ,-0.168752 ,1.42801 
191,4.775 ,-0.174246 ,1.42686 
192,4.8 ,-0.179586 ,1.42565 
193,4.825 ,-0.184765 ,1.42438 
194,4.85 ,-0.18978 ,1.42305 
195,4.875 ,-0.194627 ,1.42165 
196,4.9 ,-0.1993 ,1.42019 
197,4.925 ,-0.203796 ,1.41868 
198,4.95 ,-0.208112 ,1.4171 
199,4.975 ,-0.212244 ,1.41547 
200,5 ,-0.216187 ,1.41378 
201,5.025 ,-0.21994 ,1.41203 
202,5.05 ,-0.223499 ,1.41023 
203,5.075 ,-0.22686 ,1.40837 
204,5.1 ,-0.230022 ,1.40646 
205,5.125 ,-0.232982 ,1.40449 
206,5.15 ,-0.235737 ,1.40247 
207,5.175 ,-0.238286 ,1.4004 
208,5.2 ,-0.240626 ,1.39828 
209,5.225 ,-0.242756 ,1.3961 
210,5.25 ,-0.244674 ,1.39388 
211,5.275 ,-0.246379 ,1.3916 
212,5.3 ,-0.247869 ,1.38927 
213,5.325 ,-0.249145 ,1.3869 
214,5.35 ,-0.250204 ,1.38447 
215,5.375 ,-0.251047 ,1.382 
216,5.4 ,-0.251673 ,1.37948 
217,5.425 ,-0.252083 ,1.37692 
218,5.45 ,-0.252275 ,1.3743 
219,5.475 ,-0.25225 ,1.37164 
220,5.5 ,-0.25201 ,1.36894 
221,5.525 ,-0.251554 ,1.36619 
222,5.55 ,-0.250883 ,1.36339 
223,5.575 ,-0.249998 ,1.36056 
224,5.6 ,-0.2489 ,1.35767 
225,5.625 ,-0.247592 ,1.35475 
226,5.65 ,-0.246074 ,1.35178 
227,5.675 ,-0.244348 ,1.34876 
228,5.7 ,-0.242416 ,1.34571 
229,5.725 ,-0.24028 ,1.34261 
230,5.75 ,-0.237942 ,1.33948 
231,5.775 ,-0.235406 ,1.3363 
232,5.8 ,-0.232672 ,1.33308 
233,5.825 ,-0.229745 ,1.32982 
234,5.85 ,-0.226627 ,1.32652 
235,5.875 ,-0.223321 ,1.32318 
236,5.9 ,-0.219831 ,1.3198 
237,5.925 ,-0.216159 ,1.31638 
238,5.95 ,-0.212309 ,1.31292 
239,5.975 ,-0.208285 ,1.30942 
240,6 ,-0.204091 ,1.30589 
241,6.025 ,-0.19973 ,1.30232 
242,6.05 ,-0.195206 ,1.29871 
243,6.075 ,-0.190524 ,1.29506 
244,6.1 ,-0.185688 ,1.29137 
245,6.125 ,-0.180702 ,1.28765 
246,6.15 ,-0.17557 ,1.28389 
247,6.175 ,-0.170298 ,1.2801 
248,6.2 ,-0.16489 ,1.27627 
249,6.225 ,-0.159349 ,1.2724 
250,6.25 ,-0.153683 ,1.2685 
251,6.275 ,-0.147894 ,1.26456 
252,6.3 ,-0.141988 ,1.26059 
253,6.325 ,-0.135971 ,1.25658 
254,6.35 ,-0.129847 ,1.25254 
255,6.375 ,-0.123621 ,1.24847 
256,6.4 ,-0.117299 ,1.24436 
257,6.425 ,-0.110885 ,1.24021 
258,6.45 ,-0.104386 ,1.23603 
259,6.475 ,-0.0978057 ,1.23182 
260,6.5 ,-0.0911504 ,1.22758 
261,6.525 ,-0.0844251 ,1.2233 
262,6.55 ,-0.0776352 ,1.21899 
263,6.575 ,-0.0707862 ,1.21464 
264,6.6 ,-0.0638834 ,1.21026 
265,6.625 ,-0.0569324 ,1.20586 
266,6.65 ,-0.0499384 ,1.20141 
267,6.675 ,-0.0429069 ,1.19694 
268,6.7 ,-0.0358434 ,1.19243 
269,6.725 ,-0.0287531 ,1.1879 
270,6.75 ,-0.0216414 ,1.18333 
271,6.775 ,-0.0145138 ,1.17873 
272,6.8 ,-0.00737546 ,1.1741 
273,6.825 ,-0.000231709 ,1.16943 
274,6.85 ,0.00691222 ,1.16474 
275,6.875 ,0.0140511 ,1.16001 
276,6.9 ,0.0211798 ,1.15526 
277,6.925 ,0.0282933 ,1.15047 
278,6.95 ,0.0353863 ,1.14566 
279,6.975 ,0.0424541 ,1.14081 
280,7 ,0.0494916 ,1.13593 
281,7.025 ,0.056494 ,1.13103 
282,7.05 ,0.0634564 ,1.12609 
283,7.075 ,0.0703742 ,1.12112 
284,7.1 ,0.0772426 ,1.11613 
285,7.125 ,0.0840572 ,1.1111 
286,7.15 ,0.0908135 ,1.10605 
287,7.175 ,0.0975069 ,1.10097 
288,7.2 ,0.104133 ,1.09585 
289,7.225 ,0.110688 ,1.09071 
290,7.25 ,0.117168 ,1.08554 
291,7.275 ,0.123568 ,1.08034 
292,7.3 ,0.129885 ,1.07511 
293,7.325 ,0.136114 ,1.06986 
294,7.35 ,0.142253 ,1.06457 
295,7.375 ,0.148296 ,1.05926 
296,7.4 ,0.154242 ,1.05392 
297,7.425 ,0.160086 ,1.04855 
298,7.45 ,0.165825 ,1.04315 
299,7.475 ,0.171456 ,1.03773 
300,7.5 ,0.176976 ,1.03227 
301,7.525 ,0.182382 ,1.02679 
302,7.55 ,0.18767 ,1.02128 
303,7.575 ,0.192839 ,1.01575 
304,7.6 ,0.197886 ,1.01018 
305,7.625 ,0.202807 ,1.00459 
306,7.65 ,0.207601 ,0.998976 
307,7.675 ,0.212266 ,0.99333 
308,7.7 ,0.216799 ,0.987658 
309,7.725 ,0.221198 ,0.981959 
310,7.75 ,0.225461 ,0.976233 
311,7.775 ,0.229587 ,0.97048 
312,7.8 ,0.233573 ,0.9647 
313,7.825 ,0.237419 ,0.958894 
314,7.85 ,0.241122 ,0.953061 
315,7.875 ,0.244682 ,0.947213 
316,7.9 ,0.248096 ,0.941395 
317,7.925 ,0.251365 ,0.935611 
318,7.95 ,0.254487 ,0.929862 
319,7.975 ,0.257461 ,0.924147 
320,8 ,0.260287 ,0.918467 
321,8.025 ,0.262963 ,0.912819 
322,8.05 ,0.265489 ,0.907205 
323,8.075 ,0.267864 ,0.901624 
324,8.1 ,0.270088 ,0.896076 
325,8.125 ,0.272162 ,0.89056 
326,8.15 ,0.274083 ,0.885076 
327,8.175 ,0.275853 ,0.879624 
328,8.2 ,0.277472 ,0.874203 
329,8.225 ,0.278939 ,0.868814 
330,8.25 ,0.280254 ,0.863456 
331,8.275 ,0.281418 ,0.858129 
332,8.3 ,0.282432 ,0.852832 
333,8.325 ,0.283294 ,0.847565 
334,8.35 ,0.284007 ,0.842329 
335,8.375 ,0.28457 ,0.837122 
336,8.4 ,0.284984 ,0.831944 
337,8.425 ,0.285251 ,0.826796 
338,8.45 ,0.285369 ,0.821677 
339,8.475 ,0.285341 ,0.816586 
340,8.5 ,0.285168 ,0.811524 
341,8.525 ,0.28485 ,0.806491 
342,8.55 ,0.284388 ,0.801485 
343,8.575 ,0.283784 ,0.796507 
344,8.6 ,0.283039 ,0.791557 
345,8.625 ,0.282153 ,0.786634 
346,8.65 ,0.281129 ,0.781738 
347,8.675 ,0.279967 ,0.776869 
348,8.7 ,0.27867 ,0.772026 
349,8.725 ,0.277238 ,0.76721 
350,8.75 ,0.275673 ,0.762421 
351,8.775 ,0.273977 ,0.757657 
352,8.8 ,0.272151 ,0.752919 
353,8.825 ,0.270197 ,0.748207 
354,8.85 ,0.268117 ,0.74352 
355,8.875 ,0.265912 ,0.738858 
356,8.9 ,0.263584 ,0.734221 
357,8.925 ,0.261136 ,0.729609 
358,8.95 ,0.258568 ,0.725022 
359,8.975 ,0.255883 ,0.720459 
360,9 ,0.253083 ,0.71592 
361,9.025 ,0.25017 ,0.711405 
362,9.05 ,0.247145 ,0.706914 
363,9.075 ,0.244011 ,0.702447 
364,9.1 ,0.24077 ,0.698003 
365,9.125 ,0.237424 ,0.693583 
366,9.15 ,0.233976 ,0.689185 
367,9.175 ,0.230426 ,0.68481 
368,9.2 ,0.226778 ,0.680458 
369,9.225 ,0.223033 ,0.676129 
370,9.25 ,0.219194 ,0.671822 
371,9.275 ,0.215263 ,0.667537 
372,9.3 ,0.211242 ,0.663274 
373,9.325 ,0.207134 ,0.659033 
374,9.35 ,0.20294 ,0.654814 
375,9.375 ,0.198664 ,0.650617 
376,9.4 ,0.194306 ,0.64644 
377,9.425 ,0.18987 ,0.642285 
378,9.45 ,0.185358 ,0.638151 
379,9.475 ,0.180772 ,0.634038 
380,9.5 ,0.176114 ,0.629945 
381,9.525 ,0.171387 ,0.625873 
382,9.55 ,0.166592 ,0.621822 
383,9.575 ,0.161734 ,0.61779 
384,9.6 ,0.156812 ,0.613779 
385,9.625 ,0.151831 ,0.609788 
386,9.65 ,0.146791 ,0.605816 
387,9.675 ,0.141696 ,0.601865 
388,9.7 ,0.136548 ,0.597932 
389,9.725 ,0.131349 ,0.594019 
390,9.75 ,0.126101 ,0.590126 
391,9.775 ,0.120806 ,0.586251 
392,9.8 ,0.115467 ,0.582396 
393,9.825 ,0.110086 ,0.578559 
394,9.85 ,0.104666 ,0.574741 
395,9.875 ,0.0992073 ,0.570941 
396,9.9 ,0.0937136 ,0.56716 
397,9.925 ,0.0881867 ,0.563397 
398,9.95 ,0.0826288 ,0.559652 
399,9.975 ,0.0770419 ,0.555925 
400,10 ,0.0714283 ,0.552217 
401,10.025 ,0.06579 ,0.548525 
402,10.05 ,0.0601291 ,0.544852 
403,10.075 ,0.0544478 ,0.541196 
404,10.1 ,0.048748 ,0.537557 
405,10.125 ,0.0430319 ,0.533936 
406,10.15 ,0.0373014 ,0.530331 
407,10.175 ,0.0315586 ,0.526744 
408,10.2 ,0.0258053 ,0.523174 
409,10.225 ,0.0200437 ,0.51962 
410,10.25 ,0.0142755 ,0.516083 
411,10.275 ,0.00850268 ,0.512563 
412,10.3 ,0.00272715 ,0.509059 
413,10.325 ,-0.00304924 ,0.505571 
414,10.35 ,-0.00882468 ,0.5021 
415,10.375 ,-0.0145973 ,0.498644 
416,10.4 ,-0.0203655 ,0.495205 
417,10.425 ,-0.0261273 ,0.491781 
418,10.45 ,-0.0318811 ,0.488373 
419,10.475 ,-0.0376251 ,0.484981 
420,10.5 ,-0.0433578 ,0.481604 
421,10.525 ,-0.0490774 ,0.478243 
422,10.55 ,-0.0547823 ,0.474897 
423,10.575 ,-0.060471 ,0.471566 
424,10.6 ,-0.0661419 ,0.468251 
425,10.625 ,-0.0717934 ,0.46495 
426,10.65 ,-0.0774241 ,0.461664 
427,10.675 ,-0.0830324 ,0.458393 
428,10.7 ,-0.0886169 ,0.455137 
429,10.725 ,-0.0941762 ,0.451896 
430,10.75 ,-0.0997089 ,0.448669 
431,10.775 ,-0.105214 ,0.445456 
432,10.8 ,-0.110689 ,0.442258 
433,10.825 ,-0.116134 ,0.439074 
434,10.85 ,-0.121547 ,0.435904 
435,10.875 ,-0.126927 ,0.432748 
436,10.9 ,-0.132273 ,0.429606 
437,10.925 ,-0.137583 ,0.426477 
438,10.95 ,-0.142856 ,0.423363 
439,10.975 ,-0.148092 ,0.420262 
440,11 ,-0.153288 ,0.417175 
441,11.025 ,-0.158445 ,0.414102 
442,11.05 ,-0.163561 ,0.411041 
443,11.075 ,-0.168635 ,0.407994 
444,11.1 ,-0.173665 ,0.404961 
445,11.125 ,-0.178652 ,0.40194 
446,11.15 ,-0.183594 ,0.398933 
447,11.175 ,-0.18849 ,0.395938 
448,11.2 ,-0.193339 ,0.392956 
449,11.225 ,-0.198141 ,0.389987 
450,11.25 ,-0.202895 ,0.387031 
451,11.275 ,-0.2076 ,0.384088 
452,11.3 ,-0.212255 ,0.381157 
453,11.325 ,-0.216859 ,0.378238 
454,11.35 ,-0.221412 ,0.375332 
455,11.375 ,-0.225913 ,0.372439 
456,11.4 ,-0.230361 ,0.369557 
457,11.425 ,-0.234756 ,0.366688 
458,11.45 ,-0.239098 ,0.363831 
459,11.475 ,-0.243385 ,0.360985 
460,11.5 ,-0.247617 ,0.358152 
461,11.525 ,-0.251794 ,0.355331 
462,11.55 ,-0.255915 ,0.352521 
463,11.575 ,-0.259979 ,0.349723 
464,11.6 ,-0.263987 ,0.346937 
465,11.625 ,-0.267937 ,0.344162 
466,11.65 ,-0.27183 ,0.341399 
467,11.675 ,-0.275665 ,0.338647 
468,11.7 ,-0.279441 ,0.335907 
469,11.725 ,-0.283159 ,0.333178 
470,11.75 ,-0.286817 ,0.33046 
471,11.775 ,-0.290417 ,0.327753 
472,11.8 ,-0.293957 ,0.325058 
473,11.825 ,-0.297437 ,0.322373 
474,11.85 ,-0.300858 ,0.319699 
475,11.875 ,-0.304218 ,0.317036 
476,11.9 ,-0.307518 ,0.314384 
477,11.925 ,-0.310758 ,0.311743 
478,11.95 ,-0.313937 ,0.309113 
479,11.975 ,-0.317055 ,0.306493 
480,12 ,-0.320113 ,0.303883 
481,12.025 ,-0.32311 ,0.301284 
482,12.05 ,-0.326046 ,0.298696 
483,12.075 ,-0.328921 ,0.296118 
484,12.1 ,-0.331735 ,0.29355 
485,12.125 ,-0.334488 ,0.290992 
486,12.15 ,-0.337181 ,0.288445 
487,12.175 ,-0.339813 ,0.285907 
488,12.2 ,-0.342384 ,0.28338 
489,12.225 ,-0.344894 ,0.280863 
490,12.25 ,-0.347344 ,0.278356 
491,12.275 ,-0.349734 ,0.275858 
492,12.3 ,-0.352063 ,0.273371 
493,12.325 ,-0.354332 ,0.270893 
494,12.35 ,-0.356541 ,0.268425 
495,12.375 ,-0.35869 ,0.265966 
496,12.4 ,-0.36078 ,0.263517 
497,12.425 ,-0.36281 ,0.261078 
498,12.45 ,-0.364781 ,0.258648 
499,12.475 ,-0.366693 ,0.256228 
500,12.5 ,-0.368546 ,0.253817 
501,12.525 ,-0.370341 ,0.251415 
502,12.55 ,-0.372078 ,0.249022 
503,12.575 ,-0.373756 ,0.246639 
504,12.6 ,-0.375378 ,0.244265 
505,12.625 ,-0.376941 ,0.2419 
506,12.65 ,-0.378448 ,0.239544 
507,12.675 ,-0.379898 ,0.237197 
508,12.7 ,-0.381292 ,0.234859 
509,12.725 ,-0.38263 ,0.23253 
510,12.75 ,-0.383912 ,0.23021 
511,12.775 ,-0.385139 ,0.227898 
512,12.8 ,-0.386311 ,0.225595 
513,12.825 ,-0.387429 ,0.223301 
514,12.85 ,-0.388493 ,0.221016 
515,12.875 ,-0.389503 ,0.218739 
516,12.9 ,-0.39046 ,0.216471 
517,12.925 ,-0.391363 ,0.214211 
518,12.95 ,-0.392215 ,0.21196 
519,12.975 ,-0.393014 ,0.209717 
520,13 ,-0.393762 ,0.207483 
521,13.025 ,-0.394459 ,0.205257 
522,13.05 ,-0.395106 ,0.203039 
523,13.075 ,-0.395702 ,0.200829 
524,13.1 ,-0.396249 ,0.198628 
525,13.125 ,-0.396746 ,0.196434 
526,13.15 ,-0.397195 ,0.194249 
527,13.175 ,-0.397595 ,0.192072 
528,13.2 ,-0.397948 ,0.189902 
529,13.225 ,-0.398253 ,0.187741 
530,13.25 ,-0.398512 ,0.185588 
531,13.275 ,-0.398725 ,0.183442 
532,13.3 ,-0.398891 ,0.181305 
533,13.325 ,-0.399013 ,0.179175 
534,13.35 ,-0.39909 ,0.177053 
535,13.375 ,-0.399123 ,0.174938 
536,13.4 ,-0.399112 ,0.172831 
537,13.425 ,-0.399058 ,0.170732 
538,13.45 ,-0.398961 ,0.168641 
539,13.475 ,-0.398823 ,0.166556 
540,13.5 ,-0.398642 ,0.16448 
541,13.525 ,-0.398421 ,0.162411 
542,13.55 ,-0.39816 ,0.160349 
543,13.575 ,-0.397858 ,0.158295 
544,13.6 ,-0.397517 ,0.156248 
545,13.625 ,-0.397138 ,0.154208 
546,13.65 ,-0.39672 ,0.152175 
547,13.675 ,-0.396264 ,0.15015 
548,13.7 ,-0.395771 ,0.148132 
549,13.725 ,-0.395242 ,0.146121 
550,13.75 ,-0.394676 ,0.144117 
551,13.775 ,-0.394075 ,0.142121 
552,13.8 ,-0.393439 ,0.140131 
553,13.825 ,-0.392769 ,0.138148 
554,13.85 ,-0.392064 ,0.136172 
555,13.875 ,-0.391326 ,0.134203 
556,13.9 ,-0.390556 ,0.132241 
557,13.925 ,-0.389753 ,0.130286 
558,13.95 ,-0.388918 ,0.128338 
559,13.975 ,-0.388052 ,0.126396 
560,14 ,-0.387155 ,0.124461 
561,14.025 ,-0.386229 ,0.122533 
562,14.05 ,-0.385272 ,0.120612 
563,14.075 ,-0.384287 ,0.118697 
564,14.1 ,-0.383273 ,0.116789 
565,14.125 ,-0.382232 ,0.114887 
566,14.15 ,-0.381162 ,0.112992 
567,14.175 ,-0.380066 ,0.111103 
568,14.2 ,-0.378944 ,0.109221 
569,14.225 ,-0.377795 ,0.107345 
570,14.25 ,-0.376622 ,0.105476 
571,14.275 ,-0.375423 ,0.103613 
572,14.3 ,-0.3742 ,0.101756 
573,14.325 ,-0.372953 ,0.099906 
574,14.35 ,-0.371683 ,0.0980619 
575,14.375 ,-0.370391 ,0.0962241 
576,14.4 ,-0.369076 ,0.0943924 
577,14.425 ,-0.367739 ,0.092567 
578,14.45 ,-0.366381 ,0.0907477 
579,14.475 ,-0.365002 ,0.0889344 
580,14.5 ,-0.363603 ,0.0871273 
581,14.525 ,-0.362184 ,0.0853263 
582,14.55 ,-0.360745 ,0.0835312 
583,14.575 ,-0.359288 ,0.0817421 
584,14.6 ,-0.357813 ,0.079959 
585,14.625 ,-0.35632 ,0.0781819 
586,14.65 ,-0.354809 ,0.0764106 
587,14.675 ,-0.353281 ,0.0746452 
588,14.7 ,-0.351737 ,0.0728857 
589,14.725 ,-0.350177 ,0.0711319 
590,14.75 ,-0.348601 ,0.069384 
591,14.775 ,-0.34701 ,0.0676418 
592,14.8 ,-0.345405 ,0.0659053 
593,14.825 ,-0.343785 ,0.0641746 
594,14.85 ,-0.342151 ,0.0624495 
595,14.875 ,-0.340504 ,0.06073 
596,14.9 ,-0.338844 ,0.0590162 
597,14.925 ,-0.337172 ,0.057308 
598,14.95 ,-0.335488 ,0.0556053 
599,14.975 ,-0.333792 ,0.0539081 
600,15 ,-0.332084 ,0.0522165 
601,15.025 ,-0.330366 ,0.0505304 
602,15.05 ,-0.328637 ,0.0488497 
603,15.075 ,-0.326899 ,0.0471744 
604,15.1 ,-0.32515 ,0.0455045 
605,15.125 ,-0.323393 ,0.04384 
606,15.15 ,-0.321627 ,0.0421809 
607,15.175 ,-0.319852 ,0.0405271 
608,15.2 ,-0.318069 ,0.0388786 
609,15.225 ,-0.316278 ,0.0372353 
610,15.25 ,-0.31448 ,0.0355973 
611,15.275 ,-0.312675 ,0.0339645 
612,15.3 ,-0.310863 ,0.032337 
613,15.325 ,-0.309045 ,0.0307146 
614,15.35 ,-0.307221 ,0.0290973 
615,15.375 ,-0.305392 ,0.0274852 
616,15.4 ,-0.303557 ,0.0258782 
617,15.425 ,-0.301717 ,0.0242762 
618,15.45 ,-0.299873 ,0.0226793 
619,15.475 ,-0.298025 ,0.0210874 
620,15.5 ,-0.296172 ,0.0195006 
621,15.525 ,-0.294316 ,0.0179187 
622,15.55 ,-0.292457 ,0.0163418 
623,15.575 ,-0.290595 ,0.0147698 
624,15.6 ,-0.28873 ,0.0132027 
625,15.625 ,-0.286862 ,0.0116405 
626,15.65 ,-0.284993 ,0.0100832 
627,15.675 ,-0.283122 ,0.00853069 
628,15.7 ,-0.281249 ,0.00698303 
629,15.725 ,-0.279375 ,0.00544016 
630,15.75 ,-0.2775 ,0.00390207 
631,15.775 ,-0.275624 ,0.00236873 
632,15.8 ,-0.273748 ,0.000840123 
633,15.825 ,-0.271872 ,-0.000683774 
634,15.85 ,-0.269996 ,-0.00220298 
635,15.875 ,-0.26812 ,-0.00371753 
636,15.9 ,-0.266245 ,-0.00522743 
637,15.925 ,-0.264371 ,-0.0067327 
638,15.95 ,-0.262498 ,-0.00823337 
639,15.975 ,-0.260626 ,-0.00972946 
640,16 ,-0.258756 ,-0.011221 
641,16.025 ,-0.256888 ,-0.012708 
642,16.05 ,-0.255021 ,-0.0141905 
643,16.075 ,-0.253157 ,-0.0156684 
644,16.1 ,-0.251296 ,-0.0171419 
645,16.125 ,-0.249437 ,-0.018611 
646,16.15 ,-0.247581 ,-0.0200756 
647,16.175 ,-0.245728 ,-0.0215358 
648,16.2 ,-0.243879 ,-0.0229915 
649,16.225 ,-0.242033 ,-0.024443 
650,16.25 ,-0.24019 ,-0.02589 
651,16.275 ,-0.238352 ,-0.0273327 
652,16.3 ,-0.236517 ,-0.0287711 
653,16.325 ,-0.234687 ,-0.0302052 
654,16.35 ,-0.232862 ,-0.031635 
655,16.375 ,-0.23104 ,-0.0330606 
656,16.4 ,-0.229224 ,-0.0344819 
657,16.425 ,-0.227413 ,-0.035899 
658,16.45 ,-0.225606 ,-0.0373119 
659,16.475 ,-0.223805 ,-0.0387206 
660,16.5 ,-0.22201 ,-0.0401251 
661,16.525 ,-0.22022 ,-0.0415255 
662,16.55 ,-0.218436 ,-0.0429217 
663,16.575 ,-0.216657 ,-0.0443139 
664,16.6 ,-0.214885 ,-0.0457019 
665,16.625 ,-0.213118 ,-0.0470859 
666,16.65 ,-0.211358 ,-0.0484658 
667,16.675 ,-0.209605 ,-0.0498417 
668,16.7 ,-0.207857 ,-0.0512135 
669,16.725 ,-0.206117 ,-0.0525814 
670,16.75 ,-0.204383 ,-0.0539452 
671,16.775 ,-0.202656 ,-0.0553051 
672,16.8 ,-0.200937 ,-0.056661 
673,16.825 ,-0.199224 ,-0.058013 
674,16.85 ,-0.197518 ,-0.0593611 
675,16.875 ,-0.19582 ,-0.0607053 
676,16.9 ,-0.19413 ,-0.0620456 
677,16.925 ,-0.192446 ,-0.063382 
678,16.95 ,-0.190771 ,-0.0647146 
679,16.975 ,-0.189103 ,-0.0660433 
680,17 ,-0.187443 ,-0.0673683 
681,17.025 ,-0.185791 ,-0.0686894 
682,17.05 ,-0.184147 ,-0.0700067 
683,17.075 ,-0.182511 ,-0.0713203 
684,17.1 ,-0.180883 ,-0.0726301 
685,17.125 ,-0.179263 ,-0.0739362 
686,17.15 ,-0.177651 ,-0.0752386 
687,17.175 ,-0.176048 ,-0.0765372 
688,17.2 ,-0.174454 ,-0.0778322 
689,17.225 ,-0.172867 ,-0.0791235 
690,17.25 ,-0.17129 ,-0.0804111 
691,17.275 ,-0.169721 ,-0.0816951 
692,17.3 ,-0.16816 ,-0.0829754 
693,17.325 ,-0.166608 ,-0.0842522 
694,17.35 ,-0.165066 ,-0.0855254 
695,17.375 ,-0.163532 ,-0.0867949 
696,17.4 ,-0.162006 ,-0.0880609 
697,17.425 ,-0.16049 ,-0.0893234 
698,17.45 ,-0.158983 ,-0.0905823 
699,17.475 ,-0.157484 ,-0.0918377 
700,17.5 ,-0.155995 ,-0.0930896 
701,17.525 ,-0.154515 ,-0.094338 
702,17.55 ,-0.153044 ,-0.0955829 
703,17.575 ,-0.151582 ,-0.0968244 
704,17.6 ,-0.150129 ,-0.0980624 
705,17.625 ,-0.148685 ,-0.099297 
706,17.65 ,-0.147251 ,-0.100528 
707,17.675 ,-0.145826 ,-0.101756 
708,17.7 ,-0.14441 ,-0.10298 
709,17.725 ,-0.143003 ,-0.104201 
710,17.75 ,-0.141606 ,-0.105419 
711,17.775 ,-0.140218 ,-0.106633 
712,17.8 ,-0.13884 ,-0.107844 
713,17.825 ,-0.137471 ,-0.109052 
714,17.85 ,-0.136111 ,-0.110256 
715,17.875 ,-0.13476 ,-0.111457 
716,17.9 ,-0.133419 ,-0.112655 
717,17.925 ,-0.132088 ,-0.113849 
718,17.95 ,-0.130765 ,-0.11504 
719,17.975 ,-0.129452 ,-0.116228 
720,18 ,-0.128149 ,-0.117413 
721,18.025 ,-0.126855 ,-0.118595 
722,18.05 ,-0.12557 ,-0.119773 
723,18.075 ,-0.124295 ,-0.120948 
724,18.1 ,-0.123029 ,-0.12212 
725,18.125 ,-0.121773 ,-0.123289 
726,18.15 ,-0.120526 ,-0.124454 
727,18.175 ,-0.119288 ,-0.125617 
728,18.2 ,-0.11806 ,-0.126776 
729,18.225 ,-0.116841 ,-0.127933 
730,18.25 ,-0.115631 ,-0.129086 
731,18.275 ,-0.114431 ,-0.130236 
732,18.3 ,-0.11324 ,-0.131383 
733,18.325 ,-0.112058 ,-0.132527 
734,18.35 ,-0.110885 ,-0.133668 
735,18.375 ,-0.109722 ,-0.134806 
736,18.4 ,-0.108568 ,-0.13594 
737,18.425 ,-0.107424 ,-0.137072 
738,18.45 ,-0.106288 ,-0.138201 
739,18.475 ,-0.105162 ,-0.139327 
740,18.5 ,-0.104045 ,-0.14045 
741,18.525 ,-0.102937 ,-0.14157 
742,18.55 ,-0.101838 ,-0.142686 
743,18.575 ,-0.100748 ,-0.1438 
744,18.6 ,-0.0996671 ,-0.144911 
745,18.625 ,-0.0985953 ,-0.14602 
746,18.65 ,-0.0975326 ,-0.147125 
747,18.675 ,-0.0964788 ,-0.148227 
748,18.7 ,-0.0954339 ,-0.149327 
749,18.725 ,-0.094398 ,-0.150423 
750,18.75 ,-0.0933709 ,-0.151517 
751,18.775 ,-0.0923527 ,-0.152608 
752,18.8 ,-0.0913433 ,-0.153696 
753,18.825 ,-0.0903426 ,-0.154781 
754,18.85 ,-0.0893507 ,-0.155863 
755,18.875 ,-0.0883675 ,-0.156943 
756,18.9 ,-0.087393 ,-0.158019 
757,18.925 ,-0.0864271 ,-0.159093 
758,18.95 ,-0.0854698 ,-0.160165 
759,18.975 ,-0.084521 ,-0.161233 
760,19 ,-0.0835808 ,-0.162299 
761,19.025 ,-0.082649 ,-0.163362 
762,19.05 ,-0.0817257 ,-0.164422 
763,19.075 ,-0.0808108 ,-0.165479 
764,19.1 ,-0.0799042 ,-0.166534 
765,19.125 ,-0.079006 ,-0.167586 
766,19.15 ,-0.078116 ,-0.168636 
767,19.175 ,-0.0772343 ,-0.169682 
768,19.2 ,-0.0763608 ,-0.170726 
769,19.225 ,-0.0754954 ,-0.171768 
770,19.25 ,-0.0746381 ,-0.172806 
771,19.275 ,-0.0737888 ,-0.173842 
772,19.3 ,-0.0729476 ,-0.174876 
773,19.325 ,-0.0721144 ,-0.175907 
774,19.35 ,-0.0712891 ,-0.176935 
775,19.375 ,-0.0704716 ,-0.17796 
776,19.4 ,-0.069662 ,-0.178983 
777,19.425 ,-0.0688602 ,-0.180004 
778,19.45 ,-0.0680662 ,-0.181022 
779,19.475 ,-0.0672798 ,-0.182037 
780,19.5 ,-0.0665011 ,-0.18305 
781,19.525 ,-0.0657301 ,-0.18406 
782,19.55 ,-0.0649665 ,-0.185068 
783,19.575 ,-0.0642105 ,-0.186073 
784,19.6 ,-0.063462 ,-0.187075 
785,19.625 ,-0.0627208 ,-0.188076 
786,19.65 ,-0.0619871 ,-0.189073 
787,19.675 ,-0.0612607 ,-0.190068 
788,19.7 ,-0.0605415 ,-0.191061 
789,19.725 ,-0.0598296 ,-0.192051 
790,19.75 ,-0.0591249 ,-0.193039 
791,19.775 ,-0.0584273 ,-0.194024 
792,19.8 ,-0.0577367 ,-0.195007 
793,19.825 ,-0.0570533 ,-0.195988 
794,19.85 ,-0.0563768 ,-0.196966 
795,19.875 ,-0.0557072 ,-0.197941 
796,19.9 ,-0.0550445 ,-0.198915 
797,19.925 ,-0.0543887 ,-0.199885 
798,19.95 ,-0.0537397 ,-0.200854 
799,19.975 ,-0.0530974 ,-0.20182 
800,20 ,-0.0524618 ,-0.202783 
801,20.025 ,-0.0518329 ,-0.203745 
802,20.05 ,-0.0512106 ,-0.204704 
803,20.075 ,-0.0505948 ,-0.20566 
804,20.1 ,-0.0499855 ,-0.206615 
805,20.125 ,-0.0493827 ,-0.207567 
806,20.15 ,-0.0487863 ,-0.208516 
807,20.175 ,-0.0481962 ,-0.209464 
808,20.2 ,-0.0476125 ,-0.210409 
809,20.225 ,-0.047035 ,-0.211351 
810,20.25 ,-0.0464637 ,-0.212292 
811,20.275 ,-0.0458986 ,-0.21323 
812,20.3 ,-0.0453396 ,-0.214166 
813,20.325 ,-0.0447867 ,-0.2151 
814,20.35 ,-0.0442398 ,-0.216031 
815,20.375 ,-0.0436989 ,-0.21696 
816,20.4 ,-0.0431639 ,-0.217887 
817,20.425 ,-0.0426347 ,-0.218812 
818,20.45 ,-0.0421114 ,-0.219735 
819,20.475 ,-0.0415939 ,-0.220655 
820,20.5 ,-0.0410822 ,-0.221573 
821,20.525 ,-0.0405761 ,-0.222489 
822,20.55 ,-0.0400756 ,-0.223403 
823,20.575 ,-0.0395808 ,-0.224314 
824,20.6 ,-0.0390915 ,-0.225223 
825,20.625 ,-0.0386077 ,-0.226131 
826,20.65 ,-0.0381293 ,-0.227036 
827,20.675 ,-0.0376564 ,-0.227939 
828,20.7 ,-0.0371889 ,-0.228839 
829,20.725 ,-0.0367266 ,-0.229738 
830,20.75 ,-0.0362696 ,-0.230634 
831,20.775 ,-0.0358179 ,-0.231529 
832,20.8 ,-0.0353713 ,-0.232421 
833,20.825 ,-0.0349299 ,-0.233311 
834,20.85 ,-0.0344936 ,-0.234199 
835,20.875 ,-0.0340623 ,-0.235085 
836,20.9 ,-0.033636 ,-0.235969 
837,20.925 ,-0.0332147 ,-0.236851 
838,20.95 ,-0.0327983 ,-0.237731 
839,20.975 ,-0.0323868 ,-0.238609 
840,21 ,-0.0319801 ,-0.239484 
841,21.025 ,-0.0315782 ,-0.240358 
842,21.05 ,-0.031181 ,-0.241229 
843,21.075 ,-0.0307886 ,-0.242099 
844,21.1 ,-0.0304008 ,-0.242966 
845,21.125 ,-0.0300176 ,-0.243832 
846,21.15 ,-0.029639 ,-0.244695 
847,21.175 ,-0.0292649 ,-0.245557 
848,21.2 ,-0.0288953 ,-0.246416 
849,21.225 ,-0.0285302 ,-0.247274 
850,21.25 ,-0.0281694 ,-0.24813 
851,21.275 ,-0.0278131 ,-0.248983 
852,21.3 ,-0.027461 ,-0.249835 
853,21.325 ,-0.0271133 ,-0.250684 
854,21.35 ,-0.0267698 ,-0.251532 
855,21.375 ,-0.0264305 ,-0.252378 
856,21.4 ,-0.0260954 ,-0.253222 
857,21.425 ,-0.0257644 ,-0.254063 
858,21.45 ,-0.0254375 ,-0.254903 
859,21.475 ,-0.0251147 ,-0.255741 
860,21.5 ,-0.0247958 ,-0.256577 
861,21.525 ,-0.024481 ,-0.257412 
862,21.55 ,-0.02417 ,-0.258244 
863,21.575 ,-0.023863 ,-0.259074 
864,21.6 ,-0.0235599 ,-0.259903 
865,21.625 ,-0.0232606 ,-0.260729 
866,21.65 ,-0.022965 ,-0.261554 
867,21.675 ,-0.0226732 ,-0.262377 
868,21.7 ,-0.0223852 ,-0.263198 
869,21.725 ,-0.0221008 ,-0.264017 
870,21.75 ,-0.0218201 ,-0.264835 
871,21.775 ,-0.021543 ,-0.26565 
872,21.8 ,-0.0212694 ,-0.266464 
873,21.825 ,-0.0209994 ,-0.267276 
874,21.85 ,-0.0207329 ,-0.268086 
875,21.875 ,-0.0204699 ,-0.268894 
876,21.9 ,-0.0202103 ,-0.2697 
877,21.925 ,-0.0199541 ,-0.270505 
878,21.95 ,-0.0197013 ,-0.271307 
879,21.975 ,-0.0194519 ,-0.272108 
880,22 ,-0.0192057 ,-0.272907 
881,22.025 ,-0.0189629 ,-0.273705 
882,22.05 ,-0.0187232 ,-0.2745 
883,22.075 ,-0.0184868 ,-0.275294 
884,22.1 ,-0.0182536 ,-0.276086 
885,22.125 ,-0.0180235 ,-0.276877 
886,22.15 ,-0.0177965 ,-0.277665 
887,22.175 ,-0.0175726 ,-0.278452 
888,22.2 ,-0.0173518 ,-0.279237 
889,22.225 ,-0.017134 ,-0.28002 
890,22.25 ,-0.0169192 ,-0.280802 
891,22.275 ,-0.0167074 ,-0.281582 
892,22.3 ,-0.0164985 ,-0.28236 
893,22.325 ,-0.0162925 ,-0.283137 
894,22.35 ,-0.0160895 ,-0.283911 
895,22.375 ,-0.0158892 ,-0.284684 
896,22.4 ,-0.0156918 ,-0.285456 
897,22.425 ,-0.0154972 ,-0.286225 
898,22.45 ,-0.0153054 ,-0.286993 
899,22.475 ,-0.0151163 ,-0.28776 
900,22.5 ,-0.0149299 ,-0.288524 
901,22.525 ,-0.0147462 ,-0.289287 
902,22.55 ,-0.0145652 ,-0.290048 
903,22.575 ,-0.0143868 ,-0.290808 
904,22.6 ,-0.0142111 ,-0.291566 
905,22.625 ,-0.0140379 ,-0.292322 
906,22.65 ,-0.0138673 ,-0.293077 
907,22.675 ,-0.0136992 ,-0.29383 
908,22.7 ,-0.0135337 ,-0.294582 
909,22.725 ,-0.0133706 ,-0.295331 
910,22.75 ,-0.0132101 ,-0.29608 
911,22.775 ,-0.0130519 ,-0.296826 
912,22.8 ,-0.0128962 ,-0.297571 
913,22.825 ,-0.0127429 ,-0.298314 
914,22.85 ,-0.0125919 ,-0.299056 
915,22.875 ,-0.0124433 ,-0.299796 
916,22.9 ,-0.0122971 ,-0.300535 
917,22.925 ,-0.0121531 ,-0.301272 
918,22.95 ,-0.0120114 ,-0.302007 
919,22.975 ,-0.011872 ,-0.302741 
920,23 ,-0.0117349 ,-0.303473 
921,23.025 ,-0.0116 ,-0.304204 
922,23.05 ,-0.0114673 ,-0.304933 
923,23.075 ,-0.0113367 ,-0.305661 
924,23.1 ,-0.0112083 ,-0.306387 
925,23.125 ,-0.0110821 ,-0.307111 
926,23.15 ,-0.010958 ,-0.307834 
927,23.175 ,-0.010836 ,-0.308556 
928,23.2 ,-0.0107161 ,-0.309276 
929,23.225 ,-0.0105983 ,-0.309994 
930,23.25 ,-0.0104826 ,-0.310711 
931,23.275 ,-0.0103688 ,-0.311426 
932,23.3 ,-0.0102571 ,-0.31214 
933,23.325 ,-0.0101474 ,-0.312853 
934,23.35 ,-0.0100396 ,-0.313563 
935,23.375 ,-0.00993388 ,-0.314273 
936,23.4 ,-0.00983007 ,-0.314981 
937,23.425 ,-0.00972819 ,-0.315687 
938,23.45 ,-0.00962823 ,-0.316392 
939,23.475 ,-0.00953017 ,-0.317095 
940,23.5 ,-0.00943401 ,-0.317797 
941,23.525 ,-0.00933972 ,-0.318498 
942,23.55 ,-0.00924728 ,-0.319197 
943,23.575 ,-0.00915669 ,-0.319894 
944,23.6 ,-0.00906794 ,-0.32059 
945,23.625 ,-0.00898099 ,-0.321285 
946,23.65 ,-0.00889586 ,-0.321978 
947,23.675 ,-0.00881251 ,-0.32267 
948,23.7 ,-0.00873094 ,-0.32336 
949,23.725 ,-0.00865113 ,-0.324049 
950,23.75 ,-0.00857308 ,-0.324736 
951,23.775 ,-0.00849677 ,-0.325422 
952,23.8 ,-0.00842218 ,-0.326107 
953,23.825 ,-0.00834931 ,-0.32679 
954,23.85 ,-0.00827815 ,-0.327472 
955,23.875 ,-0.00820868 ,-0.328152 
956,23.9 ,-0.00814089 ,-0.328831 
957,23.925 ,-0.00807478 ,-0.329509 
958,23.95 ,-0.00801033 ,-0.330185 
959,23.975 ,-0.00794754 ,-0.33086 
960,24 ,-0.00788638 ,-0.331533 
961,24.025 ,-0.00782686 ,-0.332206 
962,24.05 ,-0.00776897 ,-0.332876 
963,24.075 ,-0.00771269 ,-0.333546 
964,24.1 ,-0.00765802 ,-0.334213 
965,24.125 ,-0.00760495 ,-0.33488 
966,24.15 ,-0.00755348 ,-0.335545 
967,24.175 ,-0.00750358 ,-0.336209 
968,24.2 ,-0.00745527 ,-0.336872 
969,24.225 ,-0.00740852 ,-0.337533 
970,24.25 ,-0.00736333 ,-0.338193 
971,24.275 ,-0.00731971 ,-0.338851 
972,24.3 ,-0.00727763 ,-0.339508 
973,24.325 ,-0.00723709 ,-0.340164 
974,24.35 ,-0.0071981 ,-0.340819 
975,24.375 ,-0.00716064 ,-0.341472 
976,24.4 ,-0.0071247 ,-0.342124 
977,24.425 ,-0.00709029 ,-0.342774 
978,24.45 ,-0.0070574 ,-0.343424 
979,24.475 ,-0.00702603 ,-0.344071 
980,24.5 ,-0.00699616 ,-0.344718 
981,24.525 ,-0.0069678 ,-0.345363 
982,24.55 ,-0.00694095 ,-0.346007 
983,24.575 ,-0.0069156 ,-0.34665 
984,24.6 ,-0.00689174 ,-0.347292 
985,24.625 ,-0.00686938 ,-0.347932 
986,24.65 ,-0.00684852 ,-0.348571 
987,24.675 ,-0.00682915 ,-0.349208 
988,24.7 ,-0.00681127 ,-0.349845 
989,24.725 ,-0.00679487 ,-0.35048 
990,24.75 ,-0.00677997 ,-0.351114 
991,24.775 ,-0.00676655 ,-0.351746 
992,24.8 ,-0.00675462 ,-0.352378 
993,24.825 ,-0.00674418 ,-0.353008 
994,24.85 ,-0.00673523 ,-0.353637 
995,24.875 ,-0.00672776 ,-0.354264 
996,24.9 ,-0.00672179 ,-0.35489 
997,24.925 ,-0.00671731 ,-0.355516 
998,24.95 ,-0.00671431 ,-0.356139 
999,24.975 ,-0.00671282 ,-0.356762 
1000,25 ,-0.00671282 ,-0.357383 