N_e = 26
1,0.027 ,0.000199856 ,-2743.38 
2,0.053973 ,0.000199956 ,-686.454 
3,0.080946 ,0.000271586 ,-305.135 
4,0.107919 ,0.000352922 ,-171.622 
5,0.134892 ,0.000437024 ,-109.811 
6,0.161865 ,0.000522194 ,-76.2314 
7,0.188838 ,0.000607846 ,-55.9819 
8,0.215811 ,0.000693734 ,-42.8384 
9,0.242784 ,0.000779736 ,-33.8268 
10,0.269757 ,0.000865787 ,-27.3807 
11,0.29673 ,0.000951846 ,-22.6111 
12,0.323703 ,0.00103789 ,-18.9834 
13,0.350676 ,0.00112389 ,-16.1601 
14,0.377649 ,0.00120984 ,-13.9199 
15,0.404622 ,0.00129573 ,-12.1126 
16,0.431595 ,0.00138155 ,-10.6334 
17,0.458568 ,0.00146729 ,-9.40748 
18,0.485541 ,0.00155293 ,-8.38016 
19,0.512514 ,0.00163849 ,-7.51073 
20,0.539487 ,0.00172394 ,-6.76843 
21,0.56646 ,0.00180928 ,-6.12962 
22,0.593433 ,0.0018945 ,-5.57594 
23,0.620406 ,0.0019796 ,-5.09289 
24,0.647379 ,0.00206458 ,-4.66897 
25,0.674352 ,0.00214942 ,-4.29488 
26,0.701325 ,0.00223413 ,-3.96314 
27,0.728298 ,0.00231869 ,-3.66757 
28,0.755271 ,0.0024031 ,-3.40311 
29,0.782244 ,0.00248735 ,-3.16554 
30,0.809217 ,0.00257144 ,-2.95133 
31,0.83619 ,0.00265536 ,-2.75752 
32,0.863163 ,0.00273912 ,-2.58161 
33,0.890136 ,0.00282269 ,-2.42144 
34,0.917109 ,0.00290608 ,-2.27521 
35,0.944082 ,0.00298928 ,-2.14133 
36,0.971055 ,0.00307229 ,-2.01847 
37,0.998028 ,0.0031551 ,-1.90543 
38,1.025 ,0.0032377 ,-1.80121 
39,1.05197 ,0.00332009 ,-1.7049 
40,1.07895 ,0.00340227 ,-1.61574 
41,1.10592 ,0.00348423 ,-1.53302 
42,1.13289 ,0.00356596 ,-1.45616 
43,1.15987 ,0.00364746 ,-1.38458 
44,1.18684 ,0.00372872 ,-1.31786 
45,1.21381 ,0.00380974 ,-1.25552 
46,1.24079 ,0.00389052 ,-1.19722 
47,1.26776 ,0.00397105 ,-1.1426 
48,1.29473 ,0.00405132 ,-1.09138 
49,1.3217 ,0.00413133 ,-1.04325 
50,1.34868 ,0.00421107 ,-0.997996 
51,1.37565 ,0.00429054 ,-0.955373 
52,1.40262 ,0.00436974 ,-0.915204 
53,1.4296 ,0.00444865 ,-0.87728 
54,1.45657 ,0.00452728 ,-0.841461 
55,1.48354 ,0.00460562 ,-0.807572 
56,1.51051 ,0.00468366 ,-0.775499 
57,1.53749 ,0.00476141 ,-0.745093 
58,1.56446 ,0.00483884 ,-0.716263 
59,1.59143 ,0.00491597 ,-0.68888 
60,1.61841 ,0.00499279 ,-0.662872 
61,1.64538 ,0.00506929 ,-0.638125 
62,1.67235 ,0.00514546 ,-0.614583 
63,1.69933 ,0.00522131 ,-0.592147 
64,1.7263 ,0.00529682 ,-0.570771 
65,1.75327 ,0.005372 ,-0.550366 
66,1.78024 ,0.00544684 ,-0.530899 
67,1.80722 ,0.00552133 ,-0.51229 
68,1.83419 ,0.00559547 ,-0.494513 
69,1.86116 ,0.00566926 ,-0.477496 
70,1.88814 ,0.00574269 ,-0.461219 
71,1.91511 ,0.00581575 ,-0.445617 
72,1.94208 ,0.00588845 ,-0.430678 
73,1.96906 ,0.00596078 ,-0.416341 
74,1.99603 ,0.00603273 ,-0.402597 
75,2.023 ,0.00610431 ,-0.389392 
76,2.04998 ,0.0061755 ,-0.376721 
77,2.07695 ,0.0062463 ,-0.364533 
78,2.10392 ,0.00631671 ,-0.352826 
79,2.13089 ,0.00638673 ,-0.341553 
80,2.15787 ,0.00645634 ,-0.330716 
81,2.18484 ,0.00652556 ,-0.32027 
82,2.21181 ,0.00659436 ,-0.31022 
83,2.23879 ,0.00666276 ,-0.300522 
84,2.26576 ,0.00673074 ,-0.291184 
85,2.29273 ,0.0067983 ,-0.282166 
86,2.31971 ,0.00686544 ,-0.273476 
87,2.34668 ,0.00693216 ,-0.265075 
88,2.37365 ,0.00699844 ,-0.256975 
89,2.40062 ,0.00706429 ,-0.249137 
90,2.4276 ,0.00712971 ,-0.241574 
91,2.45457 ,0.00719468 ,-0.234251 
92,2.48154 ,0.00725921 ,-0.22718 
93,2.50852 ,0.0073233 ,-0.220327 
94,2.53549 ,0.00738693 ,-0.213707 
95,2.56246 ,0.00745011 ,-0.207286 
96,2.58944 ,0.00751283 ,-0.201079 
97,2.61641 ,0.00757509 ,-0.195054 
98,2.64338 ,0.00763689 ,-0.189227 
99,2.67035 ,0.00769822 ,-0.183566 
100,2.69733 ,0.00775909 ,-0.178089 
101,2.7243 ,0.00781947 ,-0.172765 
102,2.75127 ,0.00787939 ,-0.16761 
103,2.77825 ,0.00793882 ,-0.162596 
104,2.80522 ,0.00799777 ,-0.15774 
105,2.83219 ,0.00805623 ,-0.153012 
106,2.85917 ,0.00811421 ,-0.148431 
107,2.88614 ,0.0081717 ,-0.143969 
108,2.91311 ,0.00822869 ,-0.139644 
109,2.94008 ,0.00828518 ,-0.135427 
110,2.96706 ,0.00834118 ,-0.131339 
111,2.99403 ,0.00839667 ,-0.127351 
112,3.021 ,0.00845166 ,-0.123483 
113,3.04798 ,0.00850614 ,-0.119706 
114,3.07495 ,0.0085601 ,-0.116043 
115,3.10192 ,0.00861356 ,-0.112464 
116,3.12889 ,0.0086665 ,-0.108991 
117,3.15587 ,0.00871892 ,-0.105596 
118,3.18284 ,0.00877082 ,-0.102301 
119,3.20981 ,0.0088222 ,-0.0990768 
120,3.23679 ,0.00887305 ,-0.0959471 
121,3.26376 ,0.00892338 ,-0.0928835 
122,3.29073 ,0.00897317 ,-0.0899085 
123,3.31771 ,0.00902243 ,-0.0869944 
124,3.34468 ,0.00907116 ,-0.084164 
125,3.37165 ,0.00911935 ,-0.0813899 
126,3.39863 ,0.009167 ,-0.0786949 
127,3.4256 ,0.00921411 ,-0.0760518 
128,3.45257 ,0.00926067 ,-0.0734836 
129,3.47954 ,0.00930669 ,-0.0709632 
130,3.50652 ,0.00935216 ,-0.068514 
131,3.53349 ,0.00939708 ,-0.0661088 
132,3.56046 ,0.00944145 ,-0.0637711 
133,3.58744 ,0.00948527 ,-0.061474 
134,3.61441 ,0.00952853 ,-0.0592412 
135,3.64138 ,0.00957123 ,-0.0570456 
136,3.66836 ,0.00961337 ,-0.0549113 
137,3.69533 ,0.00965496 ,-0.0528113 
138,3.7223 ,0.00969598 ,-0.0507696 
139,3.74927 ,0.00973643 ,-0.0487595 
140,3.77625 ,0.00977632 ,-0.0468051 
141,3.80322 ,0.00981564 ,-0.0448796 
142,3.83019 ,0.00985439 ,-0.0430073 
143,3.85717 ,0.00989257 ,-0.0411616 
144,3.88414 ,0.00993017 ,-0.0393668 
145,3.91111 ,0.00996721 ,-0.0375963 
146,3.93809 ,0.0100037 ,-0.0358746 
147,3.96506 ,0.0100395 ,-0.0341751 
148,3.99203 ,0.0100748 ,-0.0325224 
149,4.019 ,0.0101096 ,-0.03089 
150,4.04598 ,0.0101437 ,-0.0293025 
151,4.07295 ,0.0101773 ,-0.0277334 
152,4.09992 ,0.0102102 ,-0.0262074 
153,4.1269 ,0.0102426 ,-0.0246982 
154,4.15387 ,0.0102744 ,-0.0232306 
155,4.18084 ,0.0103056 ,-0.021778 
156,4.20782 ,0.0103362 ,-0.0203655 
157,4.23479 ,0.0103663 ,-0.0189666 
158,4.26176 ,0.0103957 ,-0.0176063 
159,4.28873 ,0.0104246 ,-0.0162582 
160,4.31571 ,0.0104528 ,-0.0149474 
161,4.34268 ,0.0104805 ,-0.0136475 
162,4.36965 ,0.0105076 ,-0.0123835 
163,4.39663 ,0.010534 ,-0.0111293 
164,4.4236 ,0.0105599 ,-0.00990984 
165,4.45057 ,0.0105852 ,-0.00869891 
166,4.47755 ,0.0106099 ,-0.00752169 
167,4.50452 ,0.0106339 ,-0.00635189 
168,4.53149 ,0.0106574 ,-0.00521475 
169,4.55846 ,0.0106803 ,-0.00408403 
170,4.58544 ,0.0107026 ,-0.00298498 
171,4.61241 ,0.0107242 ,-0.00189139 
172,4.63938 ,0.0107453 ,-0.000828558 
173,4.66636 ,0.0107658 ,0.000229726 
174,4.69333 ,0.0107856 ,0.00125812 
175,4.7203 ,0.0108049 ,0.00228281 
176,4.74728 ,0.0108235 ,0.00327843 
177,4.77425 ,0.0108416 ,0.00427114 
178,4.80122 ,0.010859 ,0.00523555 
179,4.82819 ,0.0108759 ,0.0061978 
180,4.85517 ,0.0108921 ,0.00713247 
181,4.88214 ,0.0109077 ,0.0080657 
182,4.90911 ,0.0109227 ,0.00897203 
183,4.93609 ,0.0109371 ,0.00987759 
184,4.96306 ,0.0109509 ,0.0107569 
185,4.99003 ,0.0109641 ,0.011636 
186,5.01701 ,0.0109767 ,0.0124895 
187,5.04398 ,0.0109887 ,0.0133435 
188,5.07095 ,0.0110001 ,0.0141723 
189,5.09792 ,0.0110108 ,0.0150022 
190,5.1249 ,0.011021 ,0.0158075 
191,5.15187 ,0.0110305 ,0.0166144 
192,5.17884 ,0.0110394 ,0.0173972 
193,5.20582 ,0.0110478 ,0.018182 
194,5.23279 ,0.0110555 ,0.0189433 
195,5.25976 ,0.0110626 ,0.0197071 
196,5.28674 ,0.0110691 ,0.0204478 
197,5.31371 ,0.011075 ,0.0211914 
198,5.34068 ,0.0110803 ,0.0219124 
199,5.36765 ,0.011085 ,0.0226367 
200,5.39463 ,0.011089 ,0.0233388 
201,5.4216 ,0.0110925 ,0.0240445 
202,5.44857 ,0.0110954 ,0.0247284 
203,5.47555 ,0.0110976 ,0.0254164 
204,5.50252 ,0.0110993 ,0.0260829 
205,5.52949 ,0.0111003 ,0.0267538 
206,5.55647 ,0.0111008 ,0.0274036 
207,5.58344 ,0.0111006 ,0.0280581 
208,5.61041 ,0.0110999 ,0.0286918 
209,5.63738 ,0.0110985 ,0.0293306 
210,5.66436 ,0.0110965 ,0.0299488 
211,5.69133 ,0.011094 ,0.0305724 
212,5.7183 ,0.0110908 ,0.0311757 
213,5.74528 ,0.011087 ,0.0317847 
214,5.77225 ,0.0110827 ,0.0323736 
215,5.79922 ,0.0110777 ,0.0329685 
216,5.8262 ,0.0110721 ,0.0335437 
217,5.85317 ,0.011066 ,0.034125 
218,5.88014 ,0.0110592 ,0.0346868 
219,5.90711 ,0.0110519 ,0.0352549 
220,5.93409 ,0.011044 ,0.0358038 
221,5.96106 ,0.0110354 ,0.0363593 
222,5.98803 ,0.0110263 ,0.0368958 
223,6.01501 ,0.0110166 ,0.037439 
224,6.04198 ,0.0110063 ,0.0379634 
225,6.06895 ,0.0109954 ,0.0384947 
226,6.09593 ,0.010984 ,0.0390075 
227,6.1229 ,0.0109719 ,0.0395273 
228,6.14987 ,0.0109593 ,0.0400287 
229,6.17684 ,0.0109461 ,0.0405374 
230,6.20382 ,0.0109323 ,0.0410278 
231,6.23079 ,0.0109179 ,0.0415257 
232,6.25776 ,0.010903 ,0.0420054 
233,6.28474 ,0.0108874 ,0.0424928 
234,6.31171 ,0.0108713 ,0.0429622 
235,6.33868 ,0.0108547 ,0.0434393 
236,6.36566 ,0.0108374 ,0.0438986 
237,6.39263 ,0.0108196 ,0.0443657 
238,6.4196 ,0.0108012 ,0.0448152 
239,6.44657 ,0.0107823 ,0.0452726 
240,6.47355 ,0.0107628 ,0.0457126 
241,6.50052 ,0.0107427 ,0.0461605 
242,6.52749 ,0.0107221 ,0.0465911 
243,6.55447 ,0.0107009 ,0.0470299 
244,6.58144 ,0.0106791 ,0.0474513 
245,6.60841 ,0.0106568 ,0.047881 
246,6.63539 ,0.010634 ,0.0482936 
247,6.66236 ,0.0106106 ,0.0487145 
248,6.68933 ,0.0105866 ,0.0491183 
249,6.7163 ,0.0105621 ,0.0495306 
250,6.74328 ,0.0105371 ,0.0499259 
251,6.77025 ,0.0105115 ,0.0503296 
252,6.79722 ,0.0104854 ,0.0507166 
253,6.8242 ,0.0104587 ,0.051112 
254,6.85117 ,0.0104315 ,0.0514908 
255,6.87814 ,0.0104038 ,0.0518781 
256,6.90512 ,0.0103756 ,0.0522488 
257,6.93209 ,0.0103468 ,0.0526281 
258,6.95906 ,0.0103175 ,0.0529909 
259,6.98603 ,0.0102876 ,0.0533624 
260,7.01301 ,0.0102573 ,0.0537173 
261,7.03998 ,0.0102264 ,0.0540811 
262,7.06695 ,0.010195 ,0.0544284 
263,7.09393 ,0.0101631 ,0.0547845 
264,7.1209 ,0.0101307 ,0.0551243 
265,7.14787 ,0.0100978 ,0.055473 
266,7.17485 ,0.0100644 ,0.0558053 
267,7.20182 ,0.0100305 ,0.0561466 
268,7.22879 ,0.0099961 ,0.0564716 
269,7.25576 ,0.0099612 ,0.0568056 
270,7.28274 ,0.0099258 ,0.0571234 
271,7.30971 ,0.00988991 ,0.0574502 
272,7.33668 ,0.00985354 ,0.0577609 
273,7.36366 ,0.00981669 ,0.0580806 
274,7.39063 ,0.00977936 ,0.0583842 
275,7.4176 ,0.00974155 ,0.058697 
276,7.44458 ,0.00970326 ,0.0589936 
277,7.47155 ,0.00966451 ,0.0592994 
278,7.49852 ,0.00962529 ,0.0595893 
279,7.52549 ,0.00958561 ,0.0598882 
280,7.55247 ,0.00954546 ,0.0601712 
281,7.57944 ,0.00950486 ,0.0604634 
282,7.60641 ,0.00946381 ,0.0607397 
283,7.63339 ,0.00942231 ,0.0610252 
284,7.66036 ,0.00938036 ,0.0612949 
285,7.68733 ,0.00933796 ,0.0615738 
286,7.71431 ,0.00929513 ,0.0618369 
287,7.74128 ,0.00925186 ,0.0621092 
288,7.76825 ,0.00920816 ,0.0623658 
289,7.79522 ,0.00916403 ,0.0626317 
290,7.8222 ,0.00911948 ,0.0628818 
291,7.84917 ,0.0090745 ,0.0631413 
292,7.87614 ,0.00902911 ,0.0633851 
293,7.90312 ,0.00898331 ,0.0636382 
294,7.93009 ,0.00893709 ,0.0638756 
295,7.95706 ,0.00889047 ,0.0641225 
296,7.98404 ,0.00884344 ,0.0643537 
297,8.01101 ,0.00879602 ,0.0645943 
298,8.03798 ,0.0087482 ,0.0648193 
299,8.06495 ,0.0087 ,0.0650538 
300,8.09193 ,0.00865141 ,0.0652727 
301,8.1189 ,0.00860243 ,0.0655011 
302,8.14587 ,0.00855308 ,0.0657139 
303,8.17285 ,0.00850335 ,0.0659363 
304,8.19982 ,0.00845325 ,0.0661432 
305,8.22679 ,0.00840279 ,0.0663595 
306,8.25376 ,0.00835196 ,0.0665605 
307,8.28074 ,0.00830078 ,0.0667709 
308,8.30771 ,0.00824925 ,0.066966 
309,8.33468 ,0.00819736 ,0.0671707 
310,8.36166 ,0.00814513 ,0.06736 
311,8.38863 ,0.00809256 ,0.0675588 
312,8.4156 ,0.00803966 ,0.0677424 
313,8.44258 ,0.00798642 ,0.0679356 
314,8.46955 ,0.00793286 ,0.0681135 
315,8.49652 ,0.00787897 ,0.068301 
316,8.52349 ,0.00782476 ,0.0684733 
317,8.55047 ,0.00777024 ,0.0686553 
318,8.57744 ,0.00771541 ,0.0688221 
319,8.60441 ,0.00766028 ,0.0689986 
320,8.63139 ,0.00760484 ,0.0691599 
321,8.65836 ,0.00754911 ,0.069331 
322,8.68533 ,0.00749309 ,0.069487 
323,8.71231 ,0.00743678 ,0.0696527 
324,8.73928 ,0.00738019 ,0.0698034 
325,8.76625 ,0.00732332 ,0.0699638 
326,8.79322 ,0.00726618 ,0.0701093 
327,8.8202 ,0.00720877 ,0.0702646 
328,8.84717 ,0.00715109 ,0.0704049 
329,8.87414 ,0.00709316 ,0.070555 
330,8.90112 ,0.00703497 ,0.0706903 
331,8.92809 ,0.00697653 ,0.0708354 
332,8.95506 ,0.00691785 ,0.0709657 
333,8.98204 ,0.00685893 ,0.0711059 
334,9.00901 ,0.00679977 ,0.0712313 
335,9.03598 ,0.00674038 ,0.0713667 
336,9.06295 ,0.00668077 ,0.0714873 
337,9.08993 ,0.00662093 ,0.0716179 
338,9.1169 ,0.00656088 ,0.0717337 
339,9.14387 ,0.00650062 ,0.0718597 
340,9.17085 ,0.00644015 ,0.0719709 
341,9.19782 ,0.00637948 ,0.0720923 
342,9.22479 ,0.00631861 ,0.072199 
343,9.25177 ,0.00625755 ,0.0723158 
344,9.27874 ,0.0061963 ,0.0724181 
345,9.30571 ,0.00613487 ,0.0725306 
346,9.33268 ,0.00607327 ,0.0726286 
347,9.35966 ,0.00601149 ,0.0727367 
348,9.38663 ,0.00594954 ,0.0728305 
349,9.4136 ,0.00588743 ,0.0729344 
350,9.44058 ,0.00582516 ,0.073024 
351,9.46755 ,0.00576274 ,0.0731239 
352,9.49452 ,0.00570017 ,0.0732095 
353,9.5215 ,0.00563746 ,0.0733054 
354,9.54847 ,0.00557461 ,0.073387 
355,9.57544 ,0.00551163 ,0.073479 
356,9.60241 ,0.00544852 ,0.0735568 
357,9.62939 ,0.00538528 ,0.0736451 
358,9.65636 ,0.00532193 ,0.0737192 
359,9.68333 ,0.00525846 ,0.0738038 
360,9.71031 ,0.00519489 ,0.0738742 
361,9.73728 ,0.00513121 ,0.0739553 
362,9.76425 ,0.00506743 ,0.0740222 
363,9.79123 ,0.00500355 ,0.0740998 
364,9.8182 ,0.00493959 ,0.0741634 
365,9.84517 ,0.00487555 ,0.0742377 
366,9.87214 ,0.00481142 ,0.074298 
367,9.89912 ,0.00474722 ,0.074369 
368,9.92609 ,0.00468295 ,0.0744261 
369,9.95306 ,0.00461862 ,0.074494 
370,9.98004 ,0.00455422 ,0.0745481 
371,10.007 ,0.00448977 ,0.074613 
372,10.034 ,0.00442527 ,0.0746642 
373,10.061 ,0.00436073 ,0.0747262 
374,10.0879 ,0.00429615 ,0.0747745 
375,10.1149 ,0.00423153 ,0.0748337 
376,10.1419 ,0.00416687 ,0.0748793 
377,10.1688 ,0.0041022 ,0.0749359 
378,10.1958 ,0.0040375 ,0.0749789 
379,10.2228 ,0.00397279 ,0.0750329 
380,10.2498 ,0.00390806 ,0.0750734 
381,10.2767 ,0.00384333 ,0.0751249 
382,10.3037 ,0.00377859 ,0.075163 
383,10.3307 ,0.00371386 ,0.0752123 
384,10.3577 ,0.00364914 ,0.0752481 
385,10.3846 ,0.00358442 ,0.0752951 
386,10.4116 ,0.00351973 ,0.0753288 
387,10.4386 ,0.00345506 ,0.0753737 
388,10.4656 ,0.00339041 ,0.0754052 
389,10.4925 ,0.00332579 ,0.0754481 
390,10.5195 ,0.00326121 ,0.0754778 
391,10.5465 ,0.00319667 ,0.0755188 
392,10.5734 ,0.00313217 ,0.0755465 
393,10.6004 ,0.00306773 ,0.0755857 
394,10.6274 ,0.00300334 ,0.0756118 
395,10.6544 ,0.002939 ,0.0756492 
396,10.6813 ,0.00287473 ,0.0756736 
397,10.7083 ,0.00281053 ,0.0757095 
398,10.7353 ,0.0027464 ,0.0757323 
399,10.7623 ,0.00268234 ,0.0757667 
400,10.7892 ,0.00261837 ,0.075788 
401,10.8162 ,0.00255448 ,0.075821 
402,10.8432 ,0.00249068 ,0.075841 
403,10.8701 ,0.00242698 ,0.0758726 
404,10.8971 ,0.00236337 ,0.0758913 
405,10.9241 ,0.00229987 ,0.0759217 
406,10.9511 ,0.00223648 ,0.0759392 
407,10.978 ,0.00217319 ,0.0759684 
408,11.005 ,0.00211003 ,0.0759848 
409,11.032 ,0.00204698 ,0.076013 
410,11.059 ,0.00198406 ,0.0760283 
411,11.0859 ,0.00192126 ,0.0760554 
412,11.1129 ,0.0018586 ,0.0760698 
413,11.1399 ,0.00179608 ,0.076096 
414,11.1668 ,0.0017337 ,0.0761095 
415,11.1938 ,0.00167147 ,0.0761348 
416,11.2208 ,0.00160938 ,0.0761475 
417,11.2478 ,0.00154745 ,0.0761719 
418,11.2747 ,0.00148567 ,0.0761838 
419,11.3017 ,0.00142406 ,0.0762075 
420,11.3287 ,0.00136261 ,0.0762187 
421,11.3557 ,0.00130134 ,0.0762417 
422,11.3826 ,0.00124023 ,0.0762522 
423,11.4096 ,0.00117931 ,0.0762745 
424,11.4366 ,0.00111857 ,0.0762844 
425,11.4636 ,0.00105801 ,0.076306 
426,11.4905 ,0.000997641 ,0.0763153 
427,11.5175 ,0.000937467 ,0.0763364 
428,11.5445 ,0.000877489 ,0.0763451 
429,11.5714 ,0.000817713 ,0.0763656 
430,11.5984 ,0.000758141 ,0.0763737 
431,11.6254 ,0.000698778 ,0.0763936 
432,11.6524 ,0.000639627 ,0.0764012 
433,11.6793 ,0.000580692 ,0.0764206 
434,11.7063 ,0.000521976 ,0.0764277 
435,11.7333 ,0.000463484 ,0.0764465 
436,11.7603 ,0.000405218 ,0.0764531 
437,11.7872 ,0.000347183 ,0.0764714 
438,11.8142 ,0.000289381 ,0.0764774 
439,11.8412 ,0.000231817 ,0.0764951 
440,11.8681 ,0.000174494 ,0.0765006 
441,11.8951 ,0.000117415 ,0.0765178 
442,11.9221 ,6.05833e-05 ,0.0765227 
443,11.9491 ,4.00313e-06 ,0.0765393 
444,11.976 ,-5.23225e-05 ,0.0765436 
445,12.003 ,-0.00010839 ,0.0765595 
446,12.03 ,-0.000164197 ,0.0765632 
447,12.057 ,-0.000219739 ,0.0765784 
448,12.0839 ,-0.000275014 ,0.0765815 
449,12.1109 ,-0.000330017 ,0.076596 
450,12.1379 ,-0.000384747 ,0.0765982 
451,12.1648 ,-0.000439199 ,0.076612 
452,12.1918 ,-0.000493371 ,0.0766135 
453,12.2188 ,-0.000547259 ,0.0766263 
454,12.2458 ,-0.000600861 ,0.0766269 
455,12.2727 ,-0.000654173 ,0.0766388 
456,12.2997 ,-0.000707193 ,0.0766385 
457,12.3267 ,-0.000759917 ,0.0766494 
458,12.3537 ,-0.000812343 ,0.076648 
459,12.3806 ,-0.000864467 ,0.0766578 
460,12.4076 ,-0.000916287 ,0.0766553 
461,12.4346 ,-0.000967799 ,0.0766638 
462,12.4616 ,-0.001019 ,0.07666 
463,12.4885 ,-0.00106989 ,0.0766672 
464,12.5155 ,-0.00112047 ,0.0766621 
465,12.5425 ,-0.00117072 ,0.0766678 
466,12.5694 ,-0.00122066 ,0.0766611 
467,12.5964 ,-0.00127027 ,0.0766652 
468,12.6234 ,-0.00131956 ,0.0766569 
469,12.6504 ,-0.00136851 ,0.0766592 
470,12.6773 ,-0.00141714 ,0.0766492 
471,12.7043 ,-0.00146543 ,0.0766496 
472,12.7313 ,-0.00151339 ,0.0766376 
473,12.7583 ,-0.001561 ,0.0766358 
474,12.7852 ,-0.00160828 ,0.0766217 
475,12.8122 ,-0.00165521 ,0.0766177 
476,12.8392 ,-0.0017018 ,0.0766013 
477,12.8661 ,-0.00174803 ,0.0765948 
478,12.8931 ,-0.00179392 ,0.0765759 
479,12.9201 ,-0.00183946 ,0.0765668 
480,12.9471 ,-0.00188464 ,0.0765451 
481,12.974 ,-0.00192946 ,0.0765331 
482,13.001 ,-0.00197392 ,0.0765086 
483,13.028 ,-0.00201802 ,0.0764935 
484,13.055 ,-0.00206176 ,0.0764657 
485,13.0819 ,-0.00210514 ,0.0764474 
486,13.1089 ,-0.00214814 ,0.0764162 
487,13.1359 ,-0.00219078 ,0.0763943 
488,13.1629 ,-0.00223304 ,0.0763595 
489,13.1898 ,-0.00227494 ,0.0763337 
490,13.2168 ,-0.00231645 ,0.076295 
491,13.2438 ,-0.0023576 ,0.0762652 
492,13.2707 ,-0.00239836 ,0.0762223 
493,13.2977 ,-0.00243874 ,0.0761881 
494,13.3247 ,-0.00247874 ,0.0761408 
495,13.3517 ,-0.00251836 ,0.0761018 
496,13.3786 ,-0.00255759 ,0.0760498 
497,13.4056 ,-0.00259644 ,0.0760059 
498,13.4326 ,-0.00263489 ,0.0759488 
499,13.4596 ,-0.00267296 ,0.0758997 
500,13.4865 ,-0.00271064 ,0.0758372 
501,13.5135 ,-0.00274792 ,0.0757824 
502,13.5405 ,-0.00278481 ,0.0757143 
503,13.5674 ,-0.00282131 ,0.0756536 
504,13.5944 ,-0.00285741 ,0.0755794 
505,13.6214 ,-0.00289311 ,0.0755124 
506,13.6484 ,-0.00292841 ,0.0754319 
507,13.6753 ,-0.00296331 ,0.0753582 
508,13.7023 ,-0.00299782 ,0.0752709 
509,13.7293 ,-0.00303192 ,0.0751903 
510,13.7563 ,-0.00306561 ,0.0750958 
511,13.7832 ,-0.00309891 ,0.0750078 
512,13.8102 ,-0.00313179 ,0.0749059 
513,13.8372 ,-0.00316428 ,0.07481 
514,13.8641 ,-0.00319635 ,0.0747002 
515,13.8911 ,-0.00322802 ,0.0745962 
516,13.9181 ,-0.00325928 ,0.0744781 
517,13.9451 ,-0.00329013 ,0.0743655 
518,13.972 ,-0.00332058 ,0.0742387 
519,13.999 ,-0.00335061 ,0.074117 
520,14.026 ,-0.00338023 ,0.0739811 
521,14.053 ,-0.00340944 ,0.07385 
522,14.0799 ,-0.00343824 ,0.0737044 
523,14.1069 ,-0.00346663 ,0.0735634 
524,14.1339 ,-0.0034946 ,0.0734078 
525,14.1609 ,-0.00352217 ,0.0732565 
526,14.1878 ,-0.00354932 ,0.0730904 
527,14.2148 ,-0.00357606 ,0.0729283 
528,14.2418 ,-0.00360238 ,0.0727513 
529,14.2687 ,-0.00362829 ,0.0725778 
530,14.2957 ,-0.00365379 ,0.0723893 
531,14.3227 ,-0.00367888 ,0.0722041 
532,14.3497 ,-0.00370355 ,0.0720037 
533,14.3766 ,-0.00372781 ,0.0718063 
534,14.4036 ,-0.00375165 ,0.0715934 
535,14.4306 ,-0.00377509 ,0.0713832 
536,14.4576 ,-0.00379811 ,0.0711575 
537,14.4845 ,-0.00382072 ,0.0709339 
538,14.5115 ,-0.00384292 ,0.0706947 
539,14.5385 ,-0.0038647 ,0.0704574 
540,14.5654 ,-0.00388608 ,0.0702042 
541,14.5924 ,-0.00390705 ,0.0699525 
542,14.6194 ,-0.0039276 ,0.0696849 
543,14.6464 ,-0.00394775 ,0.0694183 
544,14.6733 ,-0.00396749 ,0.0691357 
545,14.7003 ,-0.00398682 ,0.0688537 
546,14.7273 ,-0.00400575 ,0.0685554 
547,14.7543 ,-0.00402427 ,0.0682574 
548,14.7812 ,-0.00404238 ,0.067943 
549,14.8082 ,-0.00406009 ,0.0676285 
550,14.8352 ,-0.0040774 ,0.0672973 
551,14.8621 ,-0.00409431 ,0.0669657 
552,14.8891 ,-0.00411081 ,0.0666173 
553,14.9161 ,-0.00412692 ,0.066268 
554,14.9431 ,-0.00414263 ,0.0659017 
555,14.97 ,-0.00415794 ,0.0655341 
556,14.997 ,-0.00417286 ,0.0651494 
557,15.024 ,-0.00418738 ,0.064763 
558,15.051 ,-0.00420151 ,0.0643592 
559,15.0779 ,-0.00421525 ,0.0639533 
560,15.1049 ,-0.00422861 ,0.0635298 
561,15.1319 ,-0.00424157 ,0.0631039 
562,15.1589 ,-0.00425415 ,0.0626602 
563,15.1858 ,-0.00426634 ,0.0622136 
564,15.2128 ,-0.00427815 ,0.061749 
565,15.2398 ,-0.00428959 ,0.0612811 
566,15.2667 ,-0.00430064 ,0.0607951 
567,15.2937 ,-0.00431132 ,0.0603053 
568,15.3207 ,-0.00432162 ,0.0597972 
569,15.3477 ,-0.00433156 ,0.0592849 
570,15.3746 ,-0.00434112 ,0.058754 
571,15.4016 ,-0.00435031 ,0.0582186 
572,15.4286 ,-0.00435914 ,0.0576644 
573,15.4556 ,-0.00436761 ,0.0571052 
574,15.4825 ,-0.00437572 ,0.056527 
575,15.5095 ,-0.00438347 ,0.0559434 
576,15.5365 ,-0.00439086 ,0.0553406 
577,15.5634 ,-0.00439791 ,0.0547319 
578,15.5904 ,-0.0044046 ,0.0541039 
579,15.6174 ,-0.00441095 ,0.0534695 
580,15.6444 ,-0.00441695 ,0.0528156 
581,15.6713 ,-0.00442261 ,0.0521549 
582,15.6983 ,-0.00442793 ,0.0514744 
583,15.7253 ,-0.00443292 ,0.0507868 
584,15.7523 ,-0.00443757 ,0.0500791 
585,15.7792 ,-0.0044419 ,0.0493639 
586,15.8062 ,-0.0044459 ,0.0486284 
587,15.8332 ,-0.00444957 ,0.0478849 
588,15.8602 ,-0.00445293 ,0.0471209 
589,15.8871 ,-0.00445597 ,0.0463485 
590,15.9141 ,-0.0044587 ,0.0455554 
591,15.9411 ,-0.00446112 ,0.0447534 
592,15.968 ,-0.00446323 ,0.0439306 
593,15.995 ,-0.00446504 ,0.0430984 
594,16.022 ,-0.00446655 ,0.0422451 
595,16.049 ,-0.00446777 ,0.0413821 
596,16.0759 ,-0.0044687 ,0.0404978 
597,16.1029 ,-0.00446934 ,0.0396032 
598,16.1299 ,-0.00446969 ,0.0386872 
599,16.1569 ,-0.00446976 ,0.0377605 
600,16.1838 ,-0.00446956 ,0.0368121 
601,16.2108 ,-0.00446909 ,0.0358526 
602,16.2378 ,-0.00446835 ,0.0348712 
603,16.2647 ,-0.00446735 ,0.0338783 
604,16.2917 ,-0.00446608 ,0.0328632 
605,16.3187 ,-0.00446456 ,0.0318363 
606,16.3457 ,-0.00446279 ,0.0307869 
607,16.3726 ,-0.00446078 ,0.0297252 
608,16.3996 ,-0.00445852 ,0.0286409 
609,16.4266 ,-0.00445602 ,0.0275439 
610,16.4536 ,-0.00445329 ,0.0264241 
611,16.4805 ,-0.00445033 ,0.025291 
612,16.5075 ,-0.00444714 ,0.024135 
613,16.5345 ,-0.00444374 ,0.0229653 
614,16.5614 ,-0.00444012 ,0.0217725 
615,16.5884 ,-0.00443629 ,0.0205656 
616,16.6154 ,-0.00443226 ,0.0193352 
617,16.6424 ,-0.00442802 ,0.0181024 
618,16.6693 ,-0.00442359 ,0.0168831 
619,16.6963 ,-0.00441897 ,0.0156868 
620,16.7233 ,-0.00441416 ,0.0145042 
621,16.7503 ,-0.00440916 ,0.0133441 
622,16.7772 ,-0.00440399 ,0.0121973 
623,16.8042 ,-0.00439865 ,0.0110722 
624,16.8312 ,-0.00439314 ,0.00996014 
625,16.8582 ,-0.00438746 ,0.00886917 
626,16.8851 ,-0.00438163 ,0.00779078 
627,16.9121 ,-0.00437563 ,0.00673291 
628,16.9391 ,-0.00436949 ,0.00568722 
629,16.966 ,-0.0043632 ,0.00466147 
630,16.993 ,-0.00435676 ,0.00364752 
631,17.02 ,-0.00435018 ,0.00265296 
632,17.047 ,-0.00434347 ,0.00166981 
633,17.0739 ,-0.00433662 ,0.000705511 
634,17.1009 ,-0.00432965 ,-0.00024774 
635,17.1279 ,-0.00432254 ,-0.00118267 
636,17.1549 ,-0.00431532 ,-0.00210691 
637,17.1818 ,-0.00430798 ,-0.00301334 
638,17.2088 ,-0.00430052 ,-0.00390942 
639,17.2358 ,-0.00429296 ,-0.00478819 
640,17.2627 ,-0.00428528 ,-0.00565695 
641,17.2897 ,-0.0042775 ,-0.0065089 
642,17.3167 ,-0.00426961 ,-0.00735114 
643,17.3437 ,-0.00426163 ,-0.00817705 
644,17.3706 ,-0.00425355 ,-0.00899358 
645,17.3976 ,-0.00424538 ,-0.00979423 
646,17.4246 ,-0.00423712 ,-0.0105858 
647,17.4516 ,-0.00422877 ,-0.0113619 
648,17.4785 ,-0.00422034 ,-0.0121293 
649,17.5055 ,-0.00421183 ,-0.0128817 
650,17.5325 ,-0.00420324 ,-0.0136255 
651,17.5595 ,-0.00419457 ,-0.0143549 
652,17.5864 ,-0.00418583 ,-0.0150759 
653,17.6134 ,-0.00417702 ,-0.0157829 
654,17.6404 ,-0.00416814 ,-0.0164819 
655,17.6673 ,-0.00415919 ,-0.0171671 
656,17.6943 ,-0.00415018 ,-0.0178446 
657,17.7213 ,-0.00414111 ,-0.0185088 
658,17.7483 ,-0.00413199 ,-0.0191655 
659,17.7752 ,-0.0041228 ,-0.0198093 
660,17.8022 ,-0.00411356 ,-0.0204459 
661,17.8292 ,-0.00410427 ,-0.0210698 
662,17.8562 ,-0.00409493 ,-0.0216868 
663,17.8831 ,-0.00408555 ,-0.0222915 
664,17.9101 ,-0.00407611 ,-0.0228895 
665,17.9371 ,-0.00406664 ,-0.0234756 
666,17.964 ,-0.00405712 ,-0.0240552 
667,17.991 ,-0.00404756 ,-0.0246233 
668,18.018 ,-0.00403797 ,-0.025185 
669,18.045 ,-0.00402834 ,-0.0257355 
670,18.0719 ,-0.00401868 ,-0.0262799 
671,18.0989 ,-0.00400898 ,-0.0268134 
672,18.1259 ,-0.00399925 ,-0.027341 
673,18.1529 ,-0.0039895 ,-0.027858 
674,18.1798 ,-0.00397972 ,-0.0283693 
675,18.2068 ,-0.00396991 ,-0.0288704 
676,18.2338 ,-0.00396008 ,-0.0293659 
677,18.2607 ,-0.00395023 ,-0.0298514 
678,18.2877 ,-0.00394035 ,-0.0303315 
679,18.3147 ,-0.00393046 ,-0.030802 
680,18.3417 ,-0.00392055 ,-0.0312673 
681,18.3686 ,-0.00391063 ,-0.0317231 
682,18.3956 ,-0.00390069 ,-0.032174 
683,18.4226 ,-0.00389073 ,-0.0326157 
684,18.4496 ,-0.00388077 ,-0.0330526 
685,18.4765 ,-0.00387079 ,-0.0334806 
686,18.5035 ,-0.00386081 ,-0.0339039 
687,18.5305 ,-0.00385081 ,-0.0343186 
688,18.5575 ,-0.00384081 ,-0.0347287 
689,18.5844 ,-0.00383081 ,-0.0351305 
690,18.6114 ,-0.0038208 ,-0.0355279 
691,18.6384 ,-0.00381078 ,-0.0359171 
692,18.6653 ,-0.00380077 ,-0.0363021 
693,18.6923 ,-0.00379075 ,-0.0366792 
694,18.7193 ,-0.00378074 ,-0.0370522 
695,18.7463 ,-0.00377072 ,-0.0374175 
696,18.7732 ,-0.00376071 ,-0.0377788 
697,18.8002 ,-0.0037507 ,-0.0381327 
698,18.8272 ,-0.00374069 ,-0.0384827 
699,18.8542 ,-0.00373069 ,-0.0388255 
700,18.8811 ,-0.0037207 ,-0.0391646 
701,18.9081 ,-0.00371071 ,-0.0394966 
702,18.9351 ,-0.00370073 ,-0.039825 
703,18.962 ,-0.00369076 ,-0.0401466 
704,18.989 ,-0.0036808 ,-0.0404648 
705,19.016 ,-0.00367085 ,-0.0407762 
706,19.043 ,-0.00366091 ,-0.0410843 
707,19.0699 ,-0.00365098 ,-0.041386 
708,19.0969 ,-0.00364107 ,-0.0416844 
709,19.1239 ,-0.00363117 ,-0.0419765 
710,19.1509 ,-0.00362128 ,-0.0422655 
711,19.1778 ,-0.00361141 ,-0.0425484 
712,19.2048 ,-0.00360156 ,-0.0428283 
713,19.2318 ,-0.00359172 ,-0.0431022 
714,19.2587 ,-0.00358189 ,-0.0433732 
715,19.2857 ,-0.00357209 ,-0.0436384 
716,19.3127 ,-0.0035623 ,-0.0439008 
717,19.3397 ,-0.00355254 ,-0.0441576 
718,19.3666 ,-0.00354279 ,-0.0444116 
719,19.3936 ,-0.00353306 ,-0.0446602 
720,19.4206 ,-0.00352335 ,-0.0449062 
721,19.4476 ,-0.00351367 ,-0.0451468 
722,19.4745 ,-0.003504 ,-0.0453849 
723,19.5015 ,-0.00349436 ,-0.0456179 
724,19.5285 ,-0.00348474 ,-0.0458484 
725,19.5555 ,-0.00347515 ,-0.0460738 
726,19.5824 ,-0.00346558 ,-0.0462969 
727,19.6094 ,-0.00345603 ,-0.0465151 
728,19.6364 ,-0.00344651 ,-0.0467311 
729,19.6633 ,-0.00343701 ,-0.0469422 
730,19.6903 ,-0.00342754 ,-0.0471512 
731,19.7173 ,-0.00341809 ,-0.0473555 
732,19.7443 ,-0.00340867 ,-0.0475577 
733,19.7712 ,-0.00339928 ,-0.0477554 
734,19.7982 ,-0.00338991 ,-0.047951 
735,19.8252 ,-0.00338057 ,-0.0481423 
736,19.8522 ,-0.00337126 ,-0.0483315 
737,19.8791 ,-0.00336198 ,-0.0485165 
738,19.9061 ,-0.00335273 ,-0.0486996 
739,19.9331 ,-0.0033435 ,-0.0488786 
740,19.96 ,-0.00333431 ,-0.0490557 
741,19.987 ,-0.00332514 ,-0.0492287 
742,20.014 ,-0.00331601 ,-0.0494 
743,20.041 ,-0.0033069 ,-0.0495674 
744,20.0679 ,-0.00329782 ,-0.049733 
745,20.0949 ,-0.00328878 ,-0.0498948 
746,20.1219 ,-0.00327977 ,-0.0500549 
747,20.1489 ,-0.00327078 ,-0.0502114 
748,20.1758 ,-0.00326183 ,-0.0503662 
749,20.2028 ,-0.00325291 ,-0.0505174 
750,20.2298 ,-0.00324402 ,-0.050667 
751,20.2568 ,-0.00323517 ,-0.0508131 
752,20.2837 ,-0.00322634 ,-0.0509578 
753,20.3107 ,-0.00321755 ,-0.051099 
754,20.3377 ,-0.00320879 ,-0.0512387 
755,20.3646 ,-0.00320006 ,-0.0513751 
756,20.3916 ,-0.00319137 ,-0.0515101 
757,20.4186 ,-0.00318271 ,-0.0516419 
758,20.4456 ,-0.00317408 ,-0.0517723 
759,20.4725 ,-0.00316549 ,-0.0518996 
760,20.4995 ,-0.00315693 ,-0.0520256 
761,20.5265 ,-0.0031484 ,-0.0521485 
762,20.5535 ,-0.00313991 ,-0.0522701 
763,20.5804 ,-0.00313145 ,-0.0523887 
764,20.6074 ,-0.00312303 ,-0.0525061 
765,20.6344 ,-0.00311464 ,-0.0526206 
766,20.6613 ,-0.00310628 ,-0.052734 
767,20.6883 ,-0.00309796 ,-0.0528445 
768,20.7153 ,-0.00308968 ,-0.0529538 
769,20.7423 ,-0.00308143 ,-0.0530604 
770,20.7692 ,-0.00307321 ,-0.0531659 
771,20.7962 ,-0.00306503 ,-0.0532687 
772,20.8232 ,-0.00305688 ,-0.0533705 
773,20.8502 ,-0.00304877 ,-0.0534696 
774,20.8771 ,-0.00304069 ,-0.0535678 
775,20.9041 ,-0.00303265 ,-0.0536633 
776,20.9311 ,-0.00302464 ,-0.0537579 
777,20.958 ,-0.00301667 ,-0.05385 
778,20.985 ,-0.00300873 ,-0.0539412 
779,21.012 ,-0.00300083 ,-0.0540299 
780,21.039 ,-0.00299296 ,-0.0541177 
781,21.0659 ,-0.00298513 ,-0.0542031 
782,21.0929 ,-0.00297734 ,-0.0542877 
783,21.1199 ,-0.00296958 ,-0.05437 
784,21.1469 ,-0.00296185 ,-0.0544514 
785,21.1738 ,-0.00295416 ,-0.0545305 
786,21.2008 ,-0.00294651 ,-0.0546089 
787,21.2278 ,-0.00293889 ,-0.054685 
788,21.2548 ,-0.00293131 ,-0.0547604 
789,21.2817 ,-0.00292376 ,-0.0548337 
790,21.3087 ,-0.00291625 ,-0.0549061 
791,21.3357 ,-0.00290877 ,-0.0549765 
792,21.3626 ,-0.00290133 ,-0.0550462 
793,21.3896 ,-0.00289393 ,-0.0551138 
794,21.4166 ,-0.00288656 ,-0.0551808 
795,21.4436 ,-0.00287922 ,-0.0552457 
796,21.4705 ,-0.00287192 ,-0.05531 
797,21.4975 ,-0.00286466 ,-0.0553723 
798,21.5245 ,-0.00285743 ,-0.055434 
799,21.5515 ,-0.00285024 ,-0.0554938 
800,21.5784 ,-0.00284308 ,-0.0555529 
801,21.6054 ,-0.00283596 ,-0.0556103 
802,21.6324 ,-0.00282887 ,-0.055667 
803,21.6593 ,-0.00282182 ,-0.0557219 
804,21.6863 ,-0.0028148 ,-0.0557762 
805,21.7133 ,-0.00280782 ,-0.0558288 
806,21.7403 ,-0.00280087 ,-0.0558809 
807,21.7672 ,-0.00279396 ,-0.0559312 
808,21.7942 ,-0.00278709 ,-0.0559809 
809,21.8212 ,-0.00278024 ,-0.056029 
810,21.8482 ,-0.00277344 ,-0.0560766 
811,21.8751 ,-0.00276667 ,-0.0561226 
812,21.9021 ,-0.00275993 ,-0.056168 
813,21.9291 ,-0.00275323 ,-0.0562119 
814,21.956 ,-0.00274656 ,-0.0562552 
815,21.983 ,-0.00273993 ,-0.056297 
816,22.01 ,-0.00273333 ,-0.0563384 
817,22.037 ,-0.00272676 ,-0.0563782 
818,22.0639 ,-0.00272023 ,-0.0564176 
819,22.0909 ,-0.00271374 ,-0.0564555 
820,22.1179 ,-0.00270728 ,-0.056493 
821,22.1449 ,-0.00270085 ,-0.056529 
822,22.1718 ,-0.00269446 ,-0.0565646 
823,22.1988 ,-0.0026881 ,-0.0565988 
824,22.2258 ,-0.00268177 ,-0.0566326 
825,22.2528 ,-0.00267548 ,-0.056665 
826,22.2797 ,-0.00266922 ,-0.056697 
827,22.3067 ,-0.002663 ,-0.0567277 
828,22.3337 ,-0.00265681 ,-0.056758 
829,22.3606 ,-0.00265065 ,-0.056787 
830,22.3876 ,-0.00264453 ,-0.0568156 
831,22.4146 ,-0.00263844 ,-0.056843 
832,22.4416 ,-0.00263239 ,-0.05687 
833,22.4685 ,-0.00262636 ,-0.0568957 
834,22.4955 ,-0.00262037 ,-0.0569211 
835,22.5225 ,-0.00261442 ,-0.0569453 
836,22.5495 ,-0.00260849 ,-0.0569691 
837,22.5764 ,-0.0026026 ,-0.0569918 
838,22.6034 ,-0.00259674 ,-0.0570141 
839,22.6304 ,-0.00259092 ,-0.0570353 
840,22.6573 ,-0.00258512 ,-0.0570561 
841,22.6843 ,-0.00257936 ,-0.0570758 
842,22.7113 ,-0.00257363 ,-0.0570953 
843,22.7383 ,-0.00256794 ,-0.0571135 
844,22.7652 ,-0.00256227 ,-0.0571316 
845,22.7922 ,-0.00255664 ,-0.0571485 
846,22.8192 ,-0.00255104 ,-0.0571652 
847,22.8462 ,-0.00254547 ,-0.0571807 
848,22.8731 ,-0.00253993 ,-0.0571961 
849,22.9001 ,-0.00253443 ,-0.0572103 
850,22.9271 ,-0.00252895 ,-0.0572243 
851,22.9541 ,-0.00252351 ,-0.0572373 
852,22.981 ,-0.0025181 ,-0.0572501 
853,23.008 ,-0.00251272 ,-0.0572618 
854,23.035 ,-0.00250737 ,-0.0572733 
855,23.0619 ,-0.00250206 ,-0.0572838 
856,23.0889 ,-0.00249677 ,-0.0572942 
857,23.1159 ,-0.00249151 ,-0.0573035 
858,23.1429 ,-0.00248629 ,-0.0573126 
859,23.1698 ,-0.00248109 ,-0.0573208 
860,23.1968 ,-0.00247593 ,-0.0573287 
861,23.2238 ,-0.0024708 ,-0.0573358 
862,23.2508 ,-0.00246569 ,-0.0573426 
863,23.2777 ,-0.00246062 ,-0.0573485 
864,23.3047 ,-0.00245558 ,-0.0573543 
865,23.3317 ,-0.00245056 ,-0.0573591 
866,23.3586 ,-0.00244558 ,-0.0573638 
867,23.3856 ,-0.00244063 ,-0.0573676 
868,23.4126 ,-0.0024357 ,-0.0573712 
869,23.4396 ,-0.00243081 ,-0.0573739 
870,23.4665 ,-0.00242594 ,-0.0573765 
871,23.4935 ,-0.0024211 ,-0.0573783 
872,23.5205 ,-0.0024163 ,-0.0573799 
873,23.5475 ,-0.00241152 ,-0.0573806 
874,23.5744 ,-0.00240677 ,-0.0573812 
875,23.6014 ,-0.00240205 ,-0.057381 
876,23.6284 ,-0.00239736 ,-0.0573806 
877,23.6553 ,-0.00239269 ,-0.0573795 
878,23.6823 ,-0.00238806 ,-0.0573782 
879,23.7093 ,-0.00238345 ,-0.0573761 
880,23.7363 ,-0.00237888 ,-0.0573739 
881,23.7632 ,-0.00237433 ,-0.0573709 
882,23.7902 ,-0.0023698 ,-0.0573678 
883,23.8172 ,-0.00236531 ,-0.0573639 
884,23.8442 ,-0.00236084 ,-0.0573599 
885,23.8711 ,-0.0023564 ,-0.0573551 
886,23.8981 ,-0.00235199 ,-0.0573503 
887,23.9251 ,-0.00234761 ,-0.0573447 
888,23.9521 ,-0.00234325 ,-0.057339 
889,23.979 ,-0.00233892 ,-0.0573325 
890,24.006 ,-0.00233462 ,-0.057326 
891,24.033 ,-0.00233035 ,-0.0573187 
892,24.0599 ,-0.0023261 ,-0.0573114 
893,24.0869 ,-0.00232188 ,-0.0573033 
894,24.1139 ,-0.00231768 ,-0.0572952 
895,24.1409 ,-0.00231351 ,-0.0572864 
896,24.1678 ,-0.00230937 ,-0.0572774 
897,24.1948 ,-0.00230526 ,-0.0572678 
898,24.2218 ,-0.00230117 ,-0.0572582 
899,24.2488 ,-0.0022971 ,-0.0572478 
900,24.2757 ,-0.00229306 ,-0.0572374 
901,24.3027 ,-0.00228905 ,-0.0572263 
902,24.3297 ,-0.00228507 ,-0.0572151 
903,24.3566 ,-0.00228111 ,-0.0572033 
904,24.3836 ,-0.00227717 ,-0.0571914 
905,24.4106 ,-0.00227326 ,-0.0571788 
906,24.4376 ,-0.00226938 ,-0.0571663 
907,24.4645 ,-0.00226552 ,-0.057153 
908,24.4915 ,-0.00226168 ,-0.0571397 
909,24.5185 ,-0.00225787 ,-0.0571258 
910,24.5455 ,-0.00225409 ,-0.0571118 
911,24.5724 ,-0.00225033 ,-0.0570972 
912,24.5994 ,-0.00224659 ,-0.0570826 
913,24.6264 ,-0.00224288 ,-0.0570673 
914,24.6533 ,-0.0022392 ,-0.057052 
915,24.6803 ,-0.00223553 ,-0.0570361 
916,24.7073 ,-0.0022319 ,-0.0570201 
917,24.7343 ,-0.00222828 ,-0.0570036 
918,24.7612 ,-0.00222469 ,-0.056987 
919,24.7882 ,-0.00222112 ,-0.0569698 
920,24.8152 ,-0.00221758 ,-0.0569526 
921,24.8422 ,-0.00221406 ,-0.0569348 
922,24.8691 ,-0.00221057 ,-0.0569169 
923,24.8961 ,-0.00220709 ,-0.0568985 
924,24.9231 ,-0.00220364 ,-0.0568801 
925,24.9501 ,-0.00220022 ,-0.0568611 
926,24.977 ,-0.00219681 ,-0.056842 
927,25.004 ,-0.00219343 ,-0.0568224 
928,25.031 ,-0.00219007 ,-0.0568028 
929,25.0579 ,-0.00218674 ,-0.0567826 
930,25.0849 ,-0.00218343 ,-0.0567624 
931,25.1119 ,-0.00218014 ,-0.0567417 
932,25.1389 ,-0.00217687 ,-0.0567209 
933,25.1658 ,-0.00217362 ,-0.0566996 
934,25.1928 ,-0.0021704 ,-0.0566783 
935,25.2198 ,-0.0021672 ,-0.0566564 
936,25.2468 ,-0.00216402 ,-0.0566345 
937,25.2737 ,-0.00216086 ,-0.0566121 
938,25.3007 ,-0.00215772 ,-0.0565896 
939,25.3277 ,-0.00215461 ,-0.0565667 
940,25.3546 ,-0.00215151 ,-0.0565437 
941,25.3816 ,-0.00214844 ,-0.0565202 
942,25.4086 ,-0.00214539 ,-0.0564967 
943,25.4356 ,-0.00214236 ,-0.0564727 
944,25.4625 ,-0.00213935 ,-0.0564487 
945,25.4895 ,-0.00213636 ,-0.0564242 
946,25.5165 ,-0.00213339 ,-0.0563996 
947,25.5435 ,-0.00213045 ,-0.0563746 
948,25.5704 ,-0.00212752 ,-0.0563495 
949,25.5974 ,-0.00212462 ,-0.056324 
950,25.6244 ,-0.00212173 ,-0.0562985 
951,25.6514 ,-0.00211887 ,-0.0562724 
952,25.6783 ,-0.00211602 ,-0.0562464 
953,25.7053 ,-0.00211319 ,-0.0562198 
954,25.7323 ,-0.00211039 ,-0.0561933 
955,25.7592 ,-0.0021076 ,-0.0561663 
956,25.7862 ,-0.00210484 ,-0.0561393 
957,25.8132 ,-0.00210209 ,-0.0561118 
958,25.8402 ,-0.00209936 ,-0.0560843 
959,25.8671 ,-0.00209666 ,-0.0560563 
960,25.8941 ,-0.00209397 ,-0.0560284 
961,25.9211 ,-0.0020913 ,-0.0559999 
962,25.9481 ,-0.00208865 ,-0.0559715 
963,25.975 ,-0.00208602 ,-0.0559426 
964,26.002 ,-0.00208341 ,-0.0559137 
965,26.029 ,-0.00208081 ,-0.0558844 
966,26.0559 ,-0.00207824 ,-0.055855 
967,26.0829 ,-0.00207568 ,-0.0558252 
968,26.1099 ,-0.00207314 ,-0.0557954 
969,26.1369 ,-0.00207062 ,-0.0557652 
970,26.1638 ,-0.00206812 ,-0.055735 
971,26.1908 ,-0.00206564 ,-0.0557043 
972,26.2178 ,-0.00206317 ,-0.0556736 
973,26.2448 ,-0.00206073 ,-0.0556424 
974,26.2717 ,-0.0020583 ,-0.0556113 
975,26.2987 ,-0.00205589 ,-0.0555798 
976,26.3257 ,-0.00205349 ,-0.0555482 
977,26.3526 ,-0.00205111 ,-0.0555162 
978,26.3796 ,-0.00204875 ,-0.0554842 
979,26.4066 ,-0.00204641 ,-0.0554518 
980,26.4336 ,-0.00204409 ,-0.0554194 
981,26.4605 ,-0.00204178 ,-0.0553866 
982,26.4875 ,-0.00203949 ,-0.0553538 
983,26.5145 ,-0.00203721 ,-0.0553205 
984,26.5415 ,-0.00203496 ,-0.0552873 
985,26.5684 ,-0.00203271 ,-0.0552536 
986,26.5954 ,-0.00203049 ,-0.05522 
987,26.6224 ,-0.00202828 ,-0.0551859 
988,26.6494 ,-0.00202609 ,-0.0551518 
989,26.6763 ,-0.00202392 ,-0.0551174 
990,26.7033 ,-0.00202176 ,-0.0550829 
991,26.7303 ,-0.00201961 ,-0.055048 
992,26.7572 ,-0.00201749 ,-0.0550132 
993,26.7842 ,-0.00201538 ,-0.0549779 
994,26.8112 ,-0.00201328 ,-0.0549426 
995,26.8382 ,-0.0020112 ,-0.0549069 
996,26.8651 ,-0.00200914 ,-0.0548713 
997,26.8921 ,-0.00200709 ,-0.0548352 
998,26.9191 ,-0.00200505 ,-0.0547992 
999,26.9461 ,-0.00200304 ,-0.0547627 
1000,26.973 ,-0.00200103 ,-0.0547265 