N_e = 2
1,0.025 ,0.0277237 ,1.77248 
2,0.05 ,0.0277237 ,1.77245 
3,0.075 ,0.0277237 ,1.7724 
4,0.1 ,0.0369205 ,1.77233 
5,0.125 ,0.0460765 ,1.77224 
6,0.15 ,0.0551814 ,1.77212 
7,0.175 ,0.0642253 ,1.77199 
8,0.2 ,0.073198 ,1.77183 
9,0.225 ,0.0820896 ,1.77166 
10,0.25 ,0.0908904 ,1.77146 
11,0.275 ,0.0995905 ,1.77125 
12,0.3 ,0.10818 ,1.77101 
13,0.325 ,0.116651 ,1.77075 
14,0.35 ,0.124992 ,1.77047 
15,0.375 ,0.133194 ,1.77018 
16,0.4 ,0.14125 ,1.76986 
17,0.425 ,0.149149 ,1.76952 
18,0.45 ,0.156883 ,1.76916 
19,0.475 ,0.164444 ,1.76878 
20,0.5 ,0.171823 ,1.76837 
21,0.525 ,0.179012 ,1.76795 
22,0.55 ,0.186004 ,1.76751 
23,0.575 ,0.19279 ,1.76705 
24,0.6 ,0.199363 ,1.76656 
25,0.625 ,0.205716 ,1.76606 
26,0.65 ,0.211842 ,1.76553 
27,0.675 ,0.217734 ,1.76499 
28,0.7 ,0.223386 ,1.76442 
29,0.725 ,0.228791 ,1.76383 
30,0.75 ,0.233945 ,1.76323 
31,0.775 ,0.23884 ,1.7626 
32,0.8 ,0.243473 ,1.76195 
33,0.825 ,0.247838 ,1.76128 
34,0.85 ,0.251929 ,1.76059 
35,0.875 ,0.255744 ,1.75988 
36,0.9 ,0.259277 ,1.75915 
37,0.925 ,0.262525 ,1.7584 
38,0.95 ,0.265485 ,1.75762 
39,0.975 ,0.268153 ,1.75683 
40,1 ,0.270527 ,1.75602 
41,1.025 ,0.272604 ,1.75518 
42,1.05 ,0.274381 ,1.75433 
43,1.075 ,0.275858 ,1.75345 
44,1.1 ,0.277033 ,1.75256 
45,1.125 ,0.277904 ,1.75164 
46,1.15 ,0.278471 ,1.7507 
47,1.175 ,0.278734 ,1.74975 
48,1.2 ,0.278691 ,1.74877 
49,1.225 ,0.278344 ,1.74777 
50,1.25 ,0.277693 ,1.74675 
51,1.275 ,0.276739 ,1.74571 
52,1.3 ,0.275483 ,1.74465 
53,1.325 ,0.273927 ,1.74357 
54,1.35 ,0.272072 ,1.74247 
55,1.375 ,0.269921 ,1.74134 
56,1.4 ,0.267476 ,1.7402 
57,1.425 ,0.26474 ,1.73904 
58,1.45 ,0.261717 ,1.73785 
59,1.475 ,0.258409 ,1.73665 
60,1.5 ,0.254821 ,1.73542 
61,1.525 ,0.250956 ,1.73418 
62,1.55 ,0.246819 ,1.73291 
63,1.575 ,0.242416 ,1.73162 
64,1.6 ,0.237749 ,1.73032 
65,1.625 ,0.232826 ,1.72899 
66,1.65 ,0.227651 ,1.72764 
67,1.675 ,0.222231 ,1.72627 
68,1.7 ,0.21657 ,1.72488 
69,1.725 ,0.210677 ,1.72347 
70,1.75 ,0.204556 ,1.72204 
71,1.775 ,0.198215 ,1.72059 
72,1.8 ,0.191661 ,1.71911 
73,1.825 ,0.184901 ,1.71762 
74,1.85 ,0.177943 ,1.71611 
75,1.875 ,0.170793 ,1.71457 
76,1.9 ,0.163461 ,1.71302 
77,1.925 ,0.155954 ,1.71144 
78,1.95 ,0.14828 ,1.70985 
79,1.975 ,0.140447 ,1.70823 
80,2 ,0.132465 ,1.70659 
81,2.025 ,0.124341 ,1.70494 
82,2.05 ,0.116085 ,1.70326 
83,2.075 ,0.107705 ,1.70156 
84,2.1 ,0.0992108 ,1.69984 
85,2.125 ,0.0906111 ,1.6981 
86,2.15 ,0.0819152 ,1.69634 
87,2.175 ,0.0731326 ,1.69456 
88,2.2 ,0.0642724 ,1.69275 
89,2.225 ,0.0553443 ,1.69093 
90,2.25 ,0.0463577 ,1.68909 
91,2.275 ,0.0373221 ,1.68722 
92,2.3 ,0.0282472 ,1.68534 
93,2.325 ,0.0191425 ,1.68344 
94,2.35 ,0.0100177 ,1.68151 
95,2.375 ,0.000882374 ,1.67956 
96,2.4 ,-0.00825389 ,1.6776 
97,2.425 ,-0.0173815 ,1.67561 
98,2.45 ,-0.0264909 ,1.6736 
99,2.475 ,-0.0355726 ,1.67157 
100,2.5 ,-0.0446172 ,1.66952 
101,2.525 ,-0.0536152 ,1.66745 
102,2.55 ,-0.0625573 ,1.66536 
103,2.575 ,-0.0714343 ,1.66325 
104,2.6 ,-0.0802371 ,1.66112 
105,2.625 ,-0.0889566 ,1.65897 
106,2.65 ,-0.0975838 ,1.6568 
107,2.675 ,-0.10611 ,1.6546 
108,2.7 ,-0.114527 ,1.65239 
109,2.725 ,-0.122825 ,1.65016 
110,2.75 ,-0.130996 ,1.6479 
111,2.775 ,-0.139033 ,1.64563 
112,2.8 ,-0.146927 ,1.64333 
113,2.825 ,-0.15467 ,1.64101 
114,2.85 ,-0.162254 ,1.63868 
115,2.875 ,-0.169672 ,1.63632 
116,2.9 ,-0.176916 ,1.63394 
117,2.925 ,-0.18398 ,1.63154 
118,2.95 ,-0.190856 ,1.62912 
119,2.975 ,-0.197538 ,1.62668 
120,3 ,-0.204019 ,1.62422 
121,3.025 ,-0.210294 ,1.62174 
122,3.05 ,-0.216354 ,1.61923 
123,3.075 ,-0.222196 ,1.61671 
124,3.1 ,-0.227814 ,1.61417 
125,3.125 ,-0.233202 ,1.6116 
126,3.15 ,-0.238354 ,1.60902 
127,3.175 ,-0.243268 ,1.60642 
128,3.2 ,-0.247936 ,1.60379 
129,3.225 ,-0.252357 ,1.60114 
130,3.25 ,-0.256525 ,1.59848 
131,3.275 ,-0.260436 ,1.59579 
132,3.3 ,-0.264088 ,1.59308 
133,3.325 ,-0.267477 ,1.59035 
134,3.35 ,-0.2706 ,1.5876 
135,3.375 ,-0.273455 ,1.58483 
136,3.4 ,-0.276039 ,1.58204 
137,3.425 ,-0.27835 ,1.57923 
138,3.45 ,-0.280386 ,1.5764 
139,3.475 ,-0.282146 ,1.57355 
140,3.5 ,-0.283629 ,1.57068 
141,3.525 ,-0.284833 ,1.56778 
142,3.55 ,-0.285758 ,1.56487 
143,3.575 ,-0.286403 ,1.56193 
144,3.6 ,-0.286769 ,1.55898 
145,3.625 ,-0.286856 ,1.556 
146,3.65 ,-0.286664 ,1.55301 
147,3.675 ,-0.286193 ,1.54999 
148,3.7 ,-0.285445 ,1.54695 
149,3.725 ,-0.284422 ,1.54389 
150,3.75 ,-0.283123 ,1.54081 
151,3.775 ,-0.281553 ,1.53772 
152,3.8 ,-0.279711 ,1.5346 
153,3.825 ,-0.277602 ,1.53145 
154,3.85 ,-0.275226 ,1.52829 
155,3.875 ,-0.272588 ,1.52511 
156,3.9 ,-0.26969 ,1.52191 
157,3.925 ,-0.266536 ,1.51869 
158,3.95 ,-0.263128 ,1.51544 
159,3.975 ,-0.259471 ,1.51218 
160,4 ,-0.25557 ,1.50889 
161,4.025 ,-0.251427 ,1.50559 
162,4.05 ,-0.247047 ,1.50226 
163,4.075 ,-0.242436 ,1.49892 
164,4.1 ,-0.237597 ,1.49555 
165,4.125 ,-0.232537 ,1.49216 
166,4.15 ,-0.227259 ,1.48875 
167,4.175 ,-0.221771 ,1.48532 
168,4.2 ,-0.216076 ,1.48188 
169,4.225 ,-0.210181 ,1.47841 
170,4.25 ,-0.204092 ,1.47491 
171,4.275 ,-0.197815 ,1.4714 
172,4.3 ,-0.191356 ,1.46787 
173,4.325 ,-0.184721 ,1.46432 
174,4.35 ,-0.177918 ,1.46075 
175,4.375 ,-0.170951 ,1.45715 
176,4.4 ,-0.16383 ,1.45354 
177,4.425 ,-0.156559 ,1.4499 
178,4.45 ,-0.149147 ,1.44625 
179,4.475 ,-0.141599 ,1.44257 
180,4.5 ,-0.133925 ,1.43888 
181,4.525 ,-0.126129 ,1.43516 
182,4.55 ,-0.118221 ,1.43142 
183,4.575 ,-0.110207 ,1.42766 
184,4.6 ,-0.102094 ,1.42388 
185,4.625 ,-0.0938906 ,1.42008 
186,4.65 ,-0.0856038 ,1.41626 
187,4.675 ,-0.0772413 ,1.41242 
188,4.7 ,-0.0688106 ,1.40856 
189,4.725 ,-0.0603194 ,1.40468 
190,4.75 ,-0.0517752 ,1.40078 
191,4.775 ,-0.0431856 ,1.39685 
192,4.8 ,-0.0345583 ,1.39291 
193,4.825 ,-0.025901 ,1.38895 
194,4.85 ,-0.0172212 ,1.38496 
195,4.875 ,-0.00852644 ,1.38096 
196,4.9 ,0.000175663 ,1.37693 
197,4.925 ,0.00887761 ,1.37288 
198,4.95 ,0.017572 ,1.36882 
199,4.975 ,0.0262513 ,1.36473 
200,5 ,0.0349082 ,1.36062 
201,5.025 ,0.0435354 ,1.35649 
202,5.05 ,0.0521258 ,1.35234 
203,5.075 ,0.0606721 ,1.34817 
204,5.1 ,0.0691672 ,1.34398 
205,5.125 ,0.0776043 ,1.33977 
206,5.15 ,0.0859764 ,1.33554 
207,5.175 ,0.0942768 ,1.33128 
208,5.2 ,0.102499 ,1.32701 
209,5.225 ,0.110636 ,1.32272 
210,5.25 ,0.118681 ,1.3184 
211,5.275 ,0.126629 ,1.31407 
212,5.3 ,0.134472 ,1.30971 
213,5.325 ,0.142206 ,1.30534 
214,5.35 ,0.149824 ,1.30094 
215,5.375 ,0.15732 ,1.29652 
216,5.4 ,0.164688 ,1.29208 
217,5.425 ,0.171923 ,1.28763 
218,5.45 ,0.17902 ,1.28315 
219,5.475 ,0.185974 ,1.27865 
220,5.5 ,0.192779 ,1.27413 
221,5.525 ,0.19943 ,1.26959 
222,5.55 ,0.205923 ,1.26502 
223,5.575 ,0.212253 ,1.26044 
224,5.6 ,0.218417 ,1.25584 
225,5.625 ,0.224408 ,1.25122 
226,5.65 ,0.230225 ,1.24657 
227,5.675 ,0.235861 ,1.24191 
228,5.7 ,0.241315 ,1.23722 
229,5.725 ,0.246582 ,1.23252 
230,5.75 ,0.25166 ,1.22779 
231,5.775 ,0.256544 ,1.22304 
232,5.8 ,0.261232 ,1.21828 
233,5.825 ,0.265721 ,1.21349 
234,5.85 ,0.270009 ,1.20868 
235,5.875 ,0.274093 ,1.20385 
236,5.9 ,0.27797 ,1.199 
237,5.925 ,0.28164 ,1.19413 
238,5.95 ,0.285099 ,1.18924 
239,5.975 ,0.288346 ,1.18433 
240,6 ,0.29138 ,1.1794 
241,6.025 ,0.294199 ,1.17444 
242,6.05 ,0.296802 ,1.16947 
243,6.075 ,0.299188 ,1.16448 
244,6.1 ,0.301356 ,1.15946 
245,6.125 ,0.303306 ,1.15443 
246,6.15 ,0.305037 ,1.14937 
247,6.175 ,0.306549 ,1.14429 
248,6.2 ,0.307842 ,1.1392 
249,6.225 ,0.308916 ,1.13408 
250,6.25 ,0.309771 ,1.12894 
251,6.275 ,0.310407 ,1.12378 
252,6.3 ,0.310825 ,1.1186 
253,6.325 ,0.311026 ,1.1134 
254,6.35 ,0.31101 ,1.10818 
255,6.375 ,0.31078 ,1.10294 
256,6.4 ,0.310334 ,1.09768 
257,6.425 ,0.309676 ,1.0924 
258,6.45 ,0.308807 ,1.0871 
259,6.475 ,0.307728 ,1.08177 
260,6.5 ,0.30644 ,1.07643 
261,6.525 ,0.304947 ,1.07106 
262,6.55 ,0.303249 ,1.06568 
263,6.575 ,0.30135 ,1.06027 
264,6.6 ,0.29925 ,1.05485 
265,6.625 ,0.296954 ,1.0494 
266,6.65 ,0.294463 ,1.04393 
267,6.675 ,0.291779 ,1.03844 
268,6.7 ,0.288907 ,1.03293 
269,6.725 ,0.285847 ,1.02741 
270,6.75 ,0.282604 ,1.02186 
271,6.775 ,0.279181 ,1.01629 
272,6.8 ,0.275581 ,1.01069 
273,6.825 ,0.271806 ,1.00508 
274,6.85 ,0.267861 ,0.99945 
275,6.875 ,0.263748 ,0.993797 
276,6.9 ,0.259471 ,0.988123 
277,6.925 ,0.255034 ,0.982429 
278,6.95 ,0.250441 ,0.976714 
279,6.975 ,0.245695 ,0.970979 
280,7 ,0.2408 ,0.965223 
281,7.025 ,0.235759 ,0.959447 
282,7.05 ,0.230577 ,0.95365 
283,7.075 ,0.225258 ,0.947832 
284,7.1 ,0.219805 ,0.941994 
285,7.125 ,0.214222 ,0.936135 
286,7.15 ,0.208515 ,0.930255 
287,7.175 ,0.202686 ,0.924355 
288,7.2 ,0.19674 ,0.918435 
289,7.225 ,0.190681 ,0.912493 
290,7.25 ,0.184514 ,0.906531 
291,7.275 ,0.178242 ,0.900549 
292,7.3 ,0.171869 ,0.894546 
293,7.325 ,0.165401 ,0.888522 
294,7.35 ,0.15884 ,0.882478 
295,7.375 ,0.152192 ,0.876413 
296,7.4 ,0.145461 ,0.870328 
297,7.425 ,0.138651 ,0.864222 
298,7.45 ,0.131765 ,0.858095 
299,7.475 ,0.124809 ,0.851948 
300,7.5 ,0.117787 ,0.84578 
301,7.525 ,0.110702 ,0.839592 
302,7.55 ,0.103559 ,0.833383 
303,7.575 ,0.0963622 ,0.827153 
304,7.6 ,0.0891156 ,0.820903 
305,7.625 ,0.0818233 ,0.814632 
306,7.65 ,0.0744893 ,0.808341 
307,7.675 ,0.0671176 ,0.802029 
308,7.7 ,0.0597123 ,0.795697 
309,7.725 ,0.0522774 ,0.789344 
310,7.75 ,0.0448166 ,0.78297 
311,7.775 ,0.0373339 ,0.776575 
312,7.8 ,0.029833 ,0.770161 
313,7.825 ,0.0223178 ,0.763725 
314,7.85 ,0.014792 ,0.757269 
315,7.875 ,0.00725909 ,0.750803 
316,7.9 ,-0.000277184 ,0.744374 
317,7.925 ,-0.00781334 ,0.737985 
318,7.95 ,-0.0153459 ,0.731636 
319,7.975 ,-0.0228714 ,0.725327 
320,8 ,-0.0303866 ,0.719057 
321,8.025 ,-0.0378881 ,0.712827 
322,8.05 ,-0.0453728 ,0.706635 
323,8.075 ,-0.0528374 ,0.700482 
324,8.1 ,-0.0602789 ,0.694366 
325,8.125 ,-0.0676943 ,0.688288 
326,8.15 ,-0.0750805 ,0.682248 
327,8.175 ,-0.0824347 ,0.676244 
328,8.2 ,-0.0897541 ,0.670277 
329,8.225 ,-0.0970359 ,0.664346 
330,8.25 ,-0.104277 ,0.658451 
331,8.275 ,-0.111476 ,0.652592 
332,8.3 ,-0.118629 ,0.646768 
333,8.325 ,-0.125734 ,0.640979 
334,8.35 ,-0.132789 ,0.635225 
335,8.375 ,-0.139791 ,0.629505 
336,8.4 ,-0.146738 ,0.623819 
337,8.425 ,-0.153628 ,0.618167 
338,8.45 ,-0.160459 ,0.612548 
339,8.475 ,-0.167228 ,0.606963 
340,8.5 ,-0.173934 ,0.60141 
341,8.525 ,-0.180574 ,0.59589 
342,8.55 ,-0.187147 ,0.590402 
343,8.575 ,-0.193651 ,0.584947 
344,8.6 ,-0.200084 ,0.579522 
345,8.625 ,-0.206445 ,0.57413 
346,8.65 ,-0.212732 ,0.568768 
347,8.675 ,-0.218943 ,0.563438 
348,8.7 ,-0.225077 ,0.558138 
349,8.725 ,-0.231132 ,0.552868 
350,8.75 ,-0.237108 ,0.547629 
351,8.775 ,-0.243002 ,0.542419 
352,8.8 ,-0.248814 ,0.537239 
353,8.825 ,-0.254543 ,0.532089 
354,8.85 ,-0.260187 ,0.526967 
355,8.875 ,-0.265745 ,0.521874 
356,8.9 ,-0.271217 ,0.51681 
357,8.925 ,-0.276601 ,0.511774 
358,8.95 ,-0.281896 ,0.506767 
359,8.975 ,-0.287102 ,0.501787 
360,9 ,-0.292218 ,0.496835 
361,9.025 ,-0.297244 ,0.491911 
362,9.05 ,-0.302178 ,0.487013 
363,9.075 ,-0.30702 ,0.482143 
364,9.1 ,-0.31177 ,0.477299 
365,9.125 ,-0.316426 ,0.472482 
366,9.15 ,-0.320989 ,0.467691 
367,9.175 ,-0.325458 ,0.462927 
368,9.2 ,-0.329834 ,0.458188 
369,9.225 ,-0.334114 ,0.453475 
370,9.25 ,-0.3383 ,0.448787 
371,9.275 ,-0.342391 ,0.444125 
372,9.3 ,-0.346387 ,0.439487 
373,9.325 ,-0.350288 ,0.434875 
374,9.35 ,-0.354094 ,0.430287 
375,9.375 ,-0.357805 ,0.425724 
376,9.4 ,-0.36142 ,0.421185 
377,9.425 ,-0.36494 ,0.41667 
378,9.45 ,-0.368365 ,0.412179 
379,9.475 ,-0.371695 ,0.407712 
380,9.5 ,-0.374931 ,0.403268 
381,9.525 ,-0.378072 ,0.398847 
382,9.55 ,-0.381119 ,0.39445 
383,9.575 ,-0.384072 ,0.390076 
384,9.6 ,-0.386931 ,0.385724 
385,9.625 ,-0.389697 ,0.381395 
386,9.65 ,-0.39237 ,0.377088 
387,9.675 ,-0.39495 ,0.372804 
388,9.7 ,-0.397439 ,0.368542 
389,9.725 ,-0.399836 ,0.364302 
390,9.75 ,-0.402142 ,0.360083 
391,9.775 ,-0.404357 ,0.355886 
392,9.8 ,-0.406483 ,0.35171 
393,9.825 ,-0.408519 ,0.347556 
394,9.85 ,-0.410466 ,0.343423 
395,9.875 ,-0.412326 ,0.339311 
396,9.9 ,-0.414098 ,0.335219 
397,9.925 ,-0.415783 ,0.331148 
398,9.95 ,-0.417382 ,0.327098 
399,9.975 ,-0.418896 ,0.323067 
400,10 ,-0.420325 ,0.319057 
401,10.025 ,-0.42167 ,0.315067 
402,10.05 ,-0.422932 ,0.311097 
403,10.075 ,-0.424113 ,0.307147 
404,10.1 ,-0.425211 ,0.303216 
405,10.125 ,-0.426229 ,0.299304 
406,10.15 ,-0.427168 ,0.295412 
407,10.175 ,-0.428027 ,0.291539 
408,10.2 ,-0.428809 ,0.287685 
409,10.225 ,-0.429513 ,0.28385 
410,10.25 ,-0.430141 ,0.280033 
411,10.275 ,-0.430694 ,0.276235 
412,10.3 ,-0.431173 ,0.272455 
413,10.325 ,-0.431578 ,0.268694 
414,10.35 ,-0.431911 ,0.264951 
415,10.375 ,-0.432172 ,0.261226 
416,10.4 ,-0.432362 ,0.257519 
417,10.425 ,-0.432483 ,0.25383 
418,10.45 ,-0.432536 ,0.250158 
419,10.475 ,-0.432521 ,0.246504 
420,10.5 ,-0.432439 ,0.242867 
421,10.525 ,-0.432291 ,0.239247 
422,10.55 ,-0.432079 ,0.235645 
423,10.575 ,-0.431803 ,0.23206 
424,10.6 ,-0.431465 ,0.228491 
425,10.625 ,-0.431065 ,0.22494 
426,10.65 ,-0.430604 ,0.221405 
427,10.675 ,-0.430084 ,0.217886 
428,10.7 ,-0.429505 ,0.214384 
429,10.725 ,-0.428869 ,0.210899 
430,10.75 ,-0.428176 ,0.207429 
431,10.775 ,-0.427428 ,0.203976 
432,10.8 ,-0.426625 ,0.200539 
433,10.825 ,-0.425769 ,0.197117 
434,10.85 ,-0.42486 ,0.193712 
435,10.875 ,-0.4239 ,0.190322 
436,10.9 ,-0.422889 ,0.186947 
437,10.925 ,-0.421829 ,0.183588 
438,10.95 ,-0.42072 ,0.180245 
439,10.975 ,-0.419565 ,0.176916 
440,11 ,-0.418362 ,0.173603 
441,11.025 ,-0.417115 ,0.170305 
442,11.05 ,-0.415823 ,0.167021 
443,11.075 ,-0.414487 ,0.163753 
444,11.1 ,-0.413109 ,0.160499 
445,11.125 ,-0.41169 ,0.15726 
446,11.15 ,-0.41023 ,0.154035 
447,11.175 ,-0.408731 ,0.150825 
448,11.2 ,-0.407193 ,0.147629 
449,11.225 ,-0.405618 ,0.144447 
450,11.25 ,-0.404006 ,0.14128 
451,11.275 ,-0.402358 ,0.138126 
452,11.3 ,-0.400676 ,0.134987 
453,11.325 ,-0.39896 ,0.131861 
454,11.35 ,-0.397211 ,0.128749 
455,11.375 ,-0.39543 ,0.125651 
456,11.4 ,-0.393617 ,0.122566 
457,11.425 ,-0.391775 ,0.119495 
458,11.45 ,-0.389904 ,0.116437 
459,11.475 ,-0.388004 ,0.113393 
460,11.5 ,-0.386076 ,0.110362 
461,11.525 ,-0.384122 ,0.107344 
462,11.55 ,-0.382143 ,0.104339 
463,11.575 ,-0.380138 ,0.101347 
464,11.6 ,-0.378109 ,0.0983677 
465,11.625 ,-0.376057 ,0.0954015 
466,11.65 ,-0.373983 ,0.0924479 
467,11.675 ,-0.371887 ,0.089507 
468,11.7 ,-0.36977 ,0.0865787 
469,11.725 ,-0.367633 ,0.0836629 
470,11.75 ,-0.365477 ,0.0807595 
471,11.775 ,-0.363302 ,0.0778684 
472,11.8 ,-0.36111 ,0.0749896 
473,11.825 ,-0.358901 ,0.0721229 
474,11.85 ,-0.356675 ,0.0692683 
475,11.875 ,-0.354435 ,0.0664258 
476,11.9 ,-0.352179 ,0.0635952 
477,11.925 ,-0.34991 ,0.0607764 
478,11.95 ,-0.347627 ,0.0579695 
479,11.975 ,-0.345331 ,0.0551743 
480,12 ,-0.343024 ,0.0523907 
481,12.025 ,-0.340706 ,0.0496187 
482,12.05 ,-0.338376 ,0.0468582 
483,12.075 ,-0.336037 ,0.0441091 
484,12.1 ,-0.333689 ,0.0413714 
485,12.125 ,-0.331332 ,0.038645 
486,12.15 ,-0.328967 ,0.0359298 
487,12.175 ,-0.326595 ,0.0332257 
488,12.2 ,-0.324216 ,0.0305328 
489,12.225 ,-0.321831 ,0.0278508 
490,12.25 ,-0.31944 ,0.0251798 
491,12.275 ,-0.317044 ,0.0225197 
492,12.3 ,-0.314644 ,0.0198704 
493,12.325 ,-0.312239 ,0.0172318 
494,12.35 ,-0.309832 ,0.0146039 
495,12.375 ,-0.307421 ,0.0119867 
496,12.4 ,-0.305009 ,0.00937995 
497,12.425 ,-0.302594 ,0.00678373 
498,12.45 ,-0.300178 ,0.00419793 
499,12.475 ,-0.297762 ,0.0016225 
500,12.5 ,-0.295345 ,-0.000942632 
501,12.525 ,-0.292928 ,-0.00349752 
502,12.55 ,-0.290512 ,-0.00604223 
503,12.575 ,-0.288097 ,-0.00857683 
504,12.6 ,-0.285683 ,-0.0111014 
505,12.625 ,-0.283272 ,-0.0136159 
506,12.65 ,-0.280863 ,-0.0161205 
507,12.675 ,-0.278456 ,-0.0186152 
508,12.7 ,-0.276053 ,-0.0211001 
509,12.725 ,-0.273654 ,-0.0235752 
510,12.75 ,-0.271259 ,-0.0260407 
511,12.775 ,-0.268868 ,-0.0284964 
512,12.8 ,-0.266482 ,-0.0309426 
513,12.825 ,-0.264101 ,-0.0333793 
514,12.85 ,-0.261725 ,-0.0358064 
515,12.875 ,-0.259356 ,-0.0382242 
516,12.9 ,-0.256992 ,-0.0406326 
517,12.925 ,-0.254635 ,-0.0430316 
518,12.95 ,-0.252285 ,-0.0454214 
519,12.975 ,-0.249942 ,-0.047802 
520,13 ,-0.247607 ,-0.0501734 
521,13.025 ,-0.245279 ,-0.0525357 
522,13.05 ,-0.24296 ,-0.054889 
523,13.075 ,-0.240648 ,-0.0572333 
524,13.1 ,-0.238346 ,-0.0595686 
525,13.125 ,-0.236052 ,-0.061895 
526,13.15 ,-0.233767 ,-0.0642126 
527,13.175 ,-0.231492 ,-0.0665214 
528,13.2 ,-0.229226 ,-0.0688214 
529,13.225 ,-0.226971 ,-0.0711128 
530,13.25 ,-0.224725 ,-0.0733955 
531,13.275 ,-0.222489 ,-0.0756696 
532,13.3 ,-0.220265 ,-0.0779351 
533,13.325 ,-0.21805 ,-0.0801922 
534,13.35 ,-0.215847 ,-0.0824408 
535,13.375 ,-0.213655 ,-0.084681 
536,13.4 ,-0.211474 ,-0.0869128 
537,13.425 ,-0.209305 ,-0.0891363 
538,13.45 ,-0.207147 ,-0.0913516 
539,13.475 ,-0.205001 ,-0.0935586 
540,13.5 ,-0.202868 ,-0.0957574 
541,13.525 ,-0.200746 ,-0.0979482 
542,13.55 ,-0.198637 ,-0.100131 
543,13.575 ,-0.19654 ,-0.102305 
544,13.6 ,-0.194455 ,-0.104472 
545,13.625 ,-0.192383 ,-0.106631 
546,13.65 ,-0.190325 ,-0.108781 
547,13.675 ,-0.188279 ,-0.110924 
548,13.7 ,-0.186246 ,-0.113059 
549,13.725 ,-0.184226 ,-0.115187 
550,13.75 ,-0.182219 ,-0.117306 
551,13.775 ,-0.180226 ,-0.119418 
552,13.8 ,-0.178247 ,-0.121522 
553,13.825 ,-0.176281 ,-0.123619 
554,13.85 ,-0.174328 ,-0.125708 
555,13.875 ,-0.172389 ,-0.127789 
556,13.9 ,-0.170464 ,-0.129863 
557,13.925 ,-0.168553 ,-0.13193 
558,13.95 ,-0.166656 ,-0.133989 
559,13.975 ,-0.164772 ,-0.136041 
560,14 ,-0.162903 ,-0.138085 
561,14.025 ,-0.161048 ,-0.140123 
562,14.05 ,-0.159206 ,-0.142153 
563,14.075 ,-0.157379 ,-0.144175 
564,14.1 ,-0.155567 ,-0.146191 
565,14.125 ,-0.153768 ,-0.148199 
566,14.15 ,-0.151984 ,-0.150201 
567,14.175 ,-0.150213 ,-0.152195 
568,14.2 ,-0.148458 ,-0.154182 
569,14.225 ,-0.146716 ,-0.156162 
570,14.25 ,-0.144989 ,-0.158136 
571,14.275 ,-0.143276 ,-0.160102 
572,14.3 ,-0.141577 ,-0.162062 
573,14.325 ,-0.139893 ,-0.164014 
574,14.35 ,-0.138223 ,-0.16596 
575,14.375 ,-0.136568 ,-0.167899 
576,14.4 ,-0.134926 ,-0.169832 
577,14.425 ,-0.1333 ,-0.171757 
578,14.45 ,-0.131687 ,-0.173676 
579,14.475 ,-0.130089 ,-0.175589 
580,14.5 ,-0.128505 ,-0.177494 
581,14.525 ,-0.126935 ,-0.179394 
582,14.55 ,-0.125379 ,-0.181286 
583,14.575 ,-0.123838 ,-0.183172 
584,14.6 ,-0.122311 ,-0.185052 
585,14.625 ,-0.120798 ,-0.186926 
586,14.65 ,-0.119299 ,-0.188792 
587,14.675 ,-0.117814 ,-0.190653 
588,14.7 ,-0.116344 ,-0.192507 
589,14.725 ,-0.114887 ,-0.194355 
590,14.75 ,-0.113444 ,-0.196197 
591,14.775 ,-0.112015 ,-0.198032 
592,14.8 ,-0.1106 ,-0.199862 
593,14.825 ,-0.109199 ,-0.201685 
594,14.85 ,-0.107811 ,-0.203502 
595,14.875 ,-0.106438 ,-0.205312 
596,14.9 ,-0.105078 ,-0.207117 
597,14.925 ,-0.103731 ,-0.208916 
598,14.95 ,-0.102398 ,-0.210709 
599,14.975 ,-0.101079 ,-0.212495 
600,15 ,-0.0997726 ,-0.214276 
601,15.025 ,-0.0984799 ,-0.216051 
602,15.05 ,-0.0972006 ,-0.21782 
603,15.075 ,-0.0959344 ,-0.219583 
604,15.1 ,-0.0946814 ,-0.22134 
605,15.125 ,-0.0934416 ,-0.223091 
606,15.15 ,-0.0922147 ,-0.224837 
607,15.175 ,-0.0910008 ,-0.226577 
608,15.2 ,-0.0897998 ,-0.228311 
609,15.225 ,-0.0886116 ,-0.23004 
610,15.25 ,-0.0874362 ,-0.231762 
611,15.275 ,-0.0862734 ,-0.233479 
612,15.3 ,-0.0851232 ,-0.235191 
613,15.325 ,-0.0839855 ,-0.236897 
614,15.35 ,-0.0828603 ,-0.238597 
615,15.375 ,-0.0817474 ,-0.240292 
616,15.4 ,-0.0806468 ,-0.241982 
617,15.425 ,-0.0795584 ,-0.243665 
618,15.45 ,-0.0784821 ,-0.245344 
619,15.475 ,-0.0774178 ,-0.247017 
620,15.5 ,-0.0763655 ,-0.248685 
621,15.525 ,-0.075325 ,-0.250347 
622,15.55 ,-0.0742964 ,-0.252004 
623,15.575 ,-0.0732794 ,-0.253655 
624,15.6 ,-0.0722741 ,-0.255302 
625,15.625 ,-0.0712803 ,-0.256943 
626,15.65 ,-0.0702979 ,-0.258578 
627,15.675 ,-0.0693269 ,-0.260209 
628,15.7 ,-0.0683672 ,-0.261834 
629,15.725 ,-0.0674186 ,-0.263455 
630,15.75 ,-0.0664812 ,-0.26507 
631,15.775 ,-0.0655548 ,-0.26668 
632,15.8 ,-0.0646393 ,-0.268284 
633,15.825 ,-0.0637346 ,-0.269884 
634,15.85 ,-0.0628407 ,-0.271479 
635,15.875 ,-0.0619575 ,-0.273069 
636,15.9 ,-0.0610848 ,-0.274653 
637,15.925 ,-0.0602226 ,-0.276233 
638,15.95 ,-0.0593708 ,-0.277808 
639,15.975 ,-0.0585294 ,-0.279378 
640,16 ,-0.0576981 ,-0.280943 
641,16.025 ,-0.056877 ,-0.282503 
642,16.05 ,-0.0560659 ,-0.284058 
643,16.075 ,-0.0552647 ,-0.285608 
644,16.1 ,-0.0544735 ,-0.287154 
645,16.125 ,-0.053692 ,-0.288695 
646,16.15 ,-0.0529202 ,-0.290231 
647,16.175 ,-0.052158 ,-0.291762 
648,16.2 ,-0.0514053 ,-0.293288 
649,16.225 ,-0.050662 ,-0.29481 
650,16.25 ,-0.0499281 ,-0.296327 
651,16.275 ,-0.0492034 ,-0.29784 
652,16.3 ,-0.0484879 ,-0.299348 
653,16.325 ,-0.0477814 ,-0.300851 
654,16.35 ,-0.0470839 ,-0.302349 
655,16.375 ,-0.0463954 ,-0.303843 
656,16.4 ,-0.0457156 ,-0.305333 
657,16.425 ,-0.0450446 ,-0.306818 
658,16.45 ,-0.0443822 ,-0.308298 
659,16.475 ,-0.0437283 ,-0.309774 
660,16.5 ,-0.0430829 ,-0.311246 
661,16.525 ,-0.0424459 ,-0.312713 
662,16.55 ,-0.0418172 ,-0.314175 
663,16.575 ,-0.0411967 ,-0.315633 
664,16.6 ,-0.0405843 ,-0.317087 
665,16.625 ,-0.03998 ,-0.318537 
666,16.65 ,-0.0393837 ,-0.319982 
667,16.675 ,-0.0387952 ,-0.321422 
668,16.7 ,-0.0382145 ,-0.322859 
669,16.725 ,-0.0376415 ,-0.324291 
670,16.75 ,-0.0370761 ,-0.325719 
671,16.775 ,-0.0365183 ,-0.327142 
672,16.8 ,-0.035968 ,-0.328562 
673,16.825 ,-0.035425 ,-0.329977 
674,16.85 ,-0.0348894 ,-0.331388 
675,16.875 ,-0.0343609 ,-0.332794 
676,16.9 ,-0.0338397 ,-0.334197 
677,16.925 ,-0.0333255 ,-0.335596 
678,16.95 ,-0.0328182 ,-0.33699 
679,16.975 ,-0.0323179 ,-0.33838 
680,17 ,-0.0318245 ,-0.339766 
681,17.025 ,-0.0313377 ,-0.341148 
682,17.05 ,-0.0308577 ,-0.342526 
683,17.075 ,-0.0303843 ,-0.3439 
684,17.1 ,-0.0299174 ,-0.34527 
685,17.125 ,-0.029457 ,-0.346636 
686,17.15 ,-0.0290029 ,-0.347998 
687,17.175 ,-0.0285552 ,-0.349356 
688,17.2 ,-0.0281136 ,-0.35071 
689,17.225 ,-0.0276783 ,-0.35206 
690,17.25 ,-0.027249 ,-0.353406 
691,17.275 ,-0.0268258 ,-0.354749 
692,17.3 ,-0.0264085 ,-0.356087 
693,17.325 ,-0.0259971 ,-0.357422 
694,17.35 ,-0.0255915 ,-0.358752 
695,17.375 ,-0.0251916 ,-0.360079 
696,17.4 ,-0.0247974 ,-0.361402 
697,17.425 ,-0.0244088 ,-0.362722 
698,17.45 ,-0.0240257 ,-0.364037 
699,17.475 ,-0.0236481 ,-0.365349 
700,17.5 ,-0.0232759 ,-0.366657 
701,17.525 ,-0.0229091 ,-0.367961 
702,17.55 ,-0.0225475 ,-0.369262 
703,17.575 ,-0.0221911 ,-0.370559 
704,17.6 ,-0.0218398 ,-0.371852 
705,17.625 ,-0.0214936 ,-0.373141 
706,17.65 ,-0.0211525 ,-0.374427 
707,17.675 ,-0.0208162 ,-0.375709 
708,17.7 ,-0.0204849 ,-0.376988 
709,17.725 ,-0.0201584 ,-0.378263 
710,17.75 ,-0.0198367 ,-0.379534 
711,17.775 ,-0.0195196 ,-0.380802 
712,17.8 ,-0.0192073 ,-0.382066 
713,17.825 ,-0.0188995 ,-0.383327 
714,17.85 ,-0.0185962 ,-0.384584 
715,17.875 ,-0.0182974 ,-0.385838 
716,17.9 ,-0.018003 ,-0.387088 
717,17.925 ,-0.017713 ,-0.388335 
718,17.95 ,-0.0174272 ,-0.389578 
719,17.975 ,-0.0171457 ,-0.390817 
720,18 ,-0.0168684 ,-0.392054 
721,18.025 ,-0.0165953 ,-0.393287 
722,18.05 ,-0.0163262 ,-0.394516 
723,18.075 ,-0.0160611 ,-0.395742 
724,18.1 ,-0.0158 ,-0.396965 
725,18.125 ,-0.0155429 ,-0.398184 
726,18.15 ,-0.0152896 ,-0.3994 
727,18.175 ,-0.0150401 ,-0.400613 
728,18.2 ,-0.0147943 ,-0.401822 
729,18.225 ,-0.0145523 ,-0.403028 
730,18.25 ,-0.014314 ,-0.40423 
731,18.275 ,-0.0140793 ,-0.40543 
732,18.3 ,-0.0138481 ,-0.406626 
733,18.325 ,-0.0136205 ,-0.407818 
734,18.35 ,-0.0133963 ,-0.409008 
735,18.375 ,-0.0131756 ,-0.410194 
736,18.4 ,-0.0129582 ,-0.411377 
737,18.425 ,-0.0127442 ,-0.412557 
738,18.45 ,-0.0125334 ,-0.413734 
739,18.475 ,-0.0123259 ,-0.414907 
740,18.5 ,-0.0121216 ,-0.416078 
741,18.525 ,-0.0119205 ,-0.417245 
742,18.55 ,-0.0117224 ,-0.418409 
743,18.575 ,-0.0115275 ,-0.41957 
744,18.6 ,-0.0113355 ,-0.420728 
745,18.625 ,-0.0111465 ,-0.421882 
746,18.65 ,-0.0109605 ,-0.423034 
747,18.675 ,-0.0107773 ,-0.424182 
748,18.7 ,-0.0105971 ,-0.425328 
749,18.725 ,-0.0104196 ,-0.42647 
750,18.75 ,-0.0102449 ,-0.427609 
751,18.775 ,-0.010073 ,-0.428746 
752,18.8 ,-0.00990371 ,-0.429879 
753,18.825 ,-0.00973712 ,-0.431009 
754,18.85 ,-0.00957316 ,-0.432136 
755,18.875 ,-0.00941178 ,-0.433261 
756,18.9 ,-0.00925294 ,-0.434382 
757,18.925 ,-0.00909662 ,-0.4355 
758,18.95 ,-0.00894278 ,-0.436615 
759,18.975 ,-0.00879138 ,-0.437728 
760,19 ,-0.00864238 ,-0.438837 
761,19.025 ,-0.00849575 ,-0.439944 
762,19.05 ,-0.00835146 ,-0.441048 
763,19.075 ,-0.00820947 ,-0.442148 
764,19.1 ,-0.00806975 ,-0.443246 
765,19.125 ,-0.00793226 ,-0.444341 
766,19.15 ,-0.00779698 ,-0.445433 
767,19.175 ,-0.00766387 ,-0.446523 
768,19.2 ,-0.00753289 ,-0.447609 
769,19.225 ,-0.00740403 ,-0.448693 
770,19.25 ,-0.00727724 ,-0.449774 
771,19.275 ,-0.00715249 ,-0.450852 
772,19.3 ,-0.00702977 ,-0.451927 
773,19.325 ,-0.00690902 ,-0.453 
774,19.35 ,-0.00679024 ,-0.454069 
775,19.375 ,-0.00667338 ,-0.455136 
776,19.4 ,-0.00655842 ,-0.4562 
777,19.425 ,-0.00644533 ,-0.457262 
778,19.45 ,-0.00633408 ,-0.458321 
779,19.475 ,-0.00622464 ,-0.459377 
780,19.5 ,-0.00611699 ,-0.46043 
781,19.525 ,-0.00601111 ,-0.46148 
782,19.55 ,-0.00590695 ,-0.462528 
783,19.575 ,-0.00580451 ,-0.463574 
784,19.6 ,-0.00570374 ,-0.464616 
785,19.625 ,-0.00560464 ,-0.465656 
786,19.65 ,-0.00550716 ,-0.466693 
787,19.675 ,-0.00541129 ,-0.467728 
788,19.7 ,-0.005317 ,-0.46876 
789,19.725 ,-0.00522427 ,-0.469789 
790,19.75 ,-0.00513307 ,-0.470816 
791,19.775 ,-0.00504339 ,-0.47184 
792,19.8 ,-0.00495519 ,-0.472862 
793,19.825 ,-0.00486846 ,-0.473881 
794,19.85 ,-0.00478316 ,-0.474897 
795,19.875 ,-0.00469929 ,-0.475911 
796,19.9 ,-0.00461682 ,-0.476923 
797,19.925 ,-0.00453572 ,-0.477931 
798,19.95 ,-0.00445597 ,-0.478938 
799,19.975 ,-0.00437756 ,-0.479941 
800,20 ,-0.00430047 ,-0.480943 
801,20.025 ,-0.00422466 ,-0.481941 
802,20.05 ,-0.00415013 ,-0.482938 
803,20.075 ,-0.00407685 ,-0.483931 
804,20.1 ,-0.00400481 ,-0.484923 
805,20.125 ,-0.00393398 ,-0.485912 
806,20.15 ,-0.00386434 ,-0.486898 
807,20.175 ,-0.00379588 ,-0.487882 
808,20.2 ,-0.00372858 ,-0.488863 
809,20.225 ,-0.00366241 ,-0.489843 
810,20.25 ,-0.00359737 ,-0.490819 
811,20.275 ,-0.00353343 ,-0.491793 
812,20.3 ,-0.00347057 ,-0.492765 
813,20.325 ,-0.00340879 ,-0.493735 
814,20.35 ,-0.00334806 ,-0.494702 
815,20.375 ,-0.00328836 ,-0.495667 
816,20.4 ,-0.00322968 ,-0.496629 
817,20.425 ,-0.00317201 ,-0.497589 
818,20.45 ,-0.00311532 ,-0.498547 
819,20.475 ,-0.0030596 ,-0.499502 
820,20.5 ,-0.00300483 ,-0.500455 
821,20.525 ,-0.00295101 ,-0.501405 
822,20.55 ,-0.00289811 ,-0.502354 
823,20.575 ,-0.00284612 ,-0.5033 
824,20.6 ,-0.00279503 ,-0.504244 
825,20.625 ,-0.00274481 ,-0.505185 
826,20.65 ,-0.00269547 ,-0.506124 
827,20.675 ,-0.00264697 ,-0.507061 
828,20.7 ,-0.00259932 ,-0.507996 
829,20.725 ,-0.00255249 ,-0.508928 
830,20.75 ,-0.00250647 ,-0.509858 
831,20.775 ,-0.00246125 ,-0.510786 
832,20.8 ,-0.00241682 ,-0.511712 
833,20.825 ,-0.00237316 ,-0.512635 
834,20.85 ,-0.00233026 ,-0.513557 
835,20.875 ,-0.00228811 ,-0.514476 
836,20.9 ,-0.00224669 ,-0.515392 
837,20.925 ,-0.002206 ,-0.516307 
838,20.95 ,-0.00216602 ,-0.517219 
839,20.975 ,-0.00212674 ,-0.51813 
840,21 ,-0.00208815 ,-0.519038 
841,21.025 ,-0.00205023 ,-0.519944 
842,21.05 ,-0.00201299 ,-0.520848 
843,21.075 ,-0.00197639 ,-0.521749 
844,21.1 ,-0.00194045 ,-0.522649 
845,21.125 ,-0.00190513 ,-0.523546 
846,21.15 ,-0.00187044 ,-0.524441 
847,21.175 ,-0.00183636 ,-0.525335 
848,21.2 ,-0.00180289 ,-0.526226 
849,21.225 ,-0.00177001 ,-0.527115 
850,21.25 ,-0.00173771 ,-0.528001 
851,21.275 ,-0.00170598 ,-0.528886 
852,21.3 ,-0.00167482 ,-0.529769 
853,21.325 ,-0.00164422 ,-0.53065 
854,21.35 ,-0.00161415 ,-0.531528 
855,21.375 ,-0.00158463 ,-0.532405 
856,21.4 ,-0.00155563 ,-0.533279 
857,21.425 ,-0.00152715 ,-0.534152 
858,21.45 ,-0.00149918 ,-0.535022 
859,21.475 ,-0.00147171 ,-0.53589 
860,21.5 ,-0.00144474 ,-0.536757 
861,21.525 ,-0.00141825 ,-0.537621 
862,21.55 ,-0.00139223 ,-0.538483 
863,21.575 ,-0.00136669 ,-0.539344 
864,21.6 ,-0.0013416 ,-0.540202 
865,21.625 ,-0.00131697 ,-0.541058 
866,21.65 ,-0.00129279 ,-0.541913 
867,21.675 ,-0.00126904 ,-0.542765 
868,21.7 ,-0.00124572 ,-0.543615 
869,21.725 ,-0.00122283 ,-0.544464 
870,21.75 ,-0.00120035 ,-0.54531 
871,21.775 ,-0.00117828 ,-0.546155 
872,21.8 ,-0.00115661 ,-0.546998 
873,21.825 ,-0.00113534 ,-0.547838 
874,21.85 ,-0.00111446 ,-0.548677 
875,21.875 ,-0.00109395 ,-0.549514 
876,21.9 ,-0.00107383 ,-0.550349 
877,21.925 ,-0.00105407 ,-0.551182 
878,21.95 ,-0.00103468 ,-0.552013 
879,21.975 ,-0.00101565 ,-0.552843 
880,22 ,-0.000996961 ,-0.55367 
881,22.025 ,-0.000978621 ,-0.554495 
882,22.05 ,-0.00096062 ,-0.555319 
883,22.075 ,-0.000942953 ,-0.556141 
884,22.1 ,-0.000925614 ,-0.556961 
885,22.125 ,-0.000908596 ,-0.557779 
886,22.15 ,-0.000891896 ,-0.558595 
887,22.175 ,-0.000875507 ,-0.559409 
888,22.2 ,-0.000859424 ,-0.560222 
889,22.225 ,-0.000843642 ,-0.561033 
890,22.25 ,-0.000828156 ,-0.561842 
891,22.275 ,-0.00081296 ,-0.562649 
892,22.3 ,-0.000798051 ,-0.563454 
893,22.325 ,-0.000783422 ,-0.564257 
894,22.35 ,-0.00076907 ,-0.565059 
895,22.375 ,-0.00075499 ,-0.565859 
896,22.4 ,-0.000741176 ,-0.566657 
897,22.425 ,-0.000727625 ,-0.567453 
898,22.45 ,-0.000714332 ,-0.568248 
899,22.475 ,-0.000701293 ,-0.569041 
900,22.5 ,-0.000688503 ,-0.569832 
901,22.525 ,-0.000675959 ,-0.570621 
902,22.55 ,-0.000663655 ,-0.571408 
903,22.575 ,-0.000651589 ,-0.572194 
904,22.6 ,-0.000639755 ,-0.572978 
905,22.625 ,-0.000628151 ,-0.57376 
906,22.65 ,-0.000616772 ,-0.574541 
907,22.675 ,-0.000605614 ,-0.57532 
908,22.7 ,-0.000594674 ,-0.576097 
909,22.725 ,-0.000583948 ,-0.576872 
910,22.75 ,-0.000573433 ,-0.577646 
911,22.775 ,-0.000563125 ,-0.578418 
912,22.8 ,-0.00055302 ,-0.579188 
913,22.825 ,-0.000543116 ,-0.579957 
914,22.85 ,-0.000533408 ,-0.580724 
915,22.875 ,-0.000523895 ,-0.581489 
916,22.9 ,-0.000514571 ,-0.582253 
917,22.925 ,-0.000505435 ,-0.583015 
918,22.95 ,-0.000496483 ,-0.583775 
919,22.975 ,-0.000487712 ,-0.584533 
920,23 ,-0.000479119 ,-0.58529 
921,23.025 ,-0.000470702 ,-0.586046 
922,23.05 ,-0.000462457 ,-0.586799 
923,23.075 ,-0.000454381 ,-0.587552 
924,23.1 ,-0.000446472 ,-0.588302 
925,23.125 ,-0.000438728 ,-0.589051 
926,23.15 ,-0.000431145 ,-0.589798 
927,23.175 ,-0.000423721 ,-0.590543 
928,23.2 ,-0.000416454 ,-0.591287 
929,23.225 ,-0.00040934 ,-0.59203 
930,23.25 ,-0.000402378 ,-0.592771 
931,23.275 ,-0.000395565 ,-0.59351 
932,23.3 ,-0.000388898 ,-0.594247 
933,23.325 ,-0.000382376 ,-0.594983 
934,23.35 ,-0.000375997 ,-0.595718 
935,23.375 ,-0.000369757 ,-0.596451 
936,23.4 ,-0.000363655 ,-0.597182 
937,23.425 ,-0.000357689 ,-0.597912 
938,23.45 ,-0.000351856 ,-0.59864 
939,23.475 ,-0.000346155 ,-0.599366 
940,23.5 ,-0.000340584 ,-0.600092 
941,23.525 ,-0.000335141 ,-0.600815 
942,23.55 ,-0.000329823 ,-0.601537 
943,23.575 ,-0.00032463 ,-0.602258 
944,23.6 ,-0.000319558 ,-0.602977 
945,23.625 ,-0.000314607 ,-0.603694 
946,23.65 ,-0.000309775 ,-0.60441 
947,23.675 ,-0.00030506 ,-0.605124 
948,23.7 ,-0.00030046 ,-0.605837 
949,23.725 ,-0.000295974 ,-0.606549 
950,23.75 ,-0.0002916 ,-0.607258 
951,23.775 ,-0.000287337 ,-0.607967 
952,23.8 ,-0.000283183 ,-0.608674 
953,23.825 ,-0.000279137 ,-0.609379 
954,23.85 ,-0.000275197 ,-0.610083 
955,23.875 ,-0.000271362 ,-0.610786 
956,23.9 ,-0.00026763 ,-0.611487 
957,23.925 ,-0.000264001 ,-0.612186 
958,23.95 ,-0.000260473 ,-0.612884 
959,23.975 ,-0.000257045 ,-0.613581 
960,24 ,-0.000253715 ,-0.614276 
961,24.025 ,-0.000250483 ,-0.61497 
962,24.05 ,-0.000247347 ,-0.615662 
963,24.075 ,-0.000244306 ,-0.616353 
964,24.1 ,-0.000241359 ,-0.617042 
965,24.125 ,-0.000238505 ,-0.61773 
966,24.15 ,-0.000235744 ,-0.618417 
967,24.175 ,-0.000233073 ,-0.619102 
968,24.2 ,-0.000230493 ,-0.619786 
969,24.225 ,-0.000228002 ,-0.620468 
970,24.25 ,-0.000225599 ,-0.621149 
971,24.275 ,-0.000223284 ,-0.621828 
972,24.3 ,-0.000221056 ,-0.622506 
973,24.325 ,-0.000218914 ,-0.623183 
974,24.35 ,-0.000216857 ,-0.623858 
975,24.375 ,-0.000214884 ,-0.624532 
976,24.4 ,-0.000212996 ,-0.625205 
977,24.425 ,-0.000211191 ,-0.625876 
978,24.45 ,-0.000209468 ,-0.626546 
979,24.475 ,-0.000207827 ,-0.627214 
980,24.5 ,-0.000206268 ,-0.627881 
981,24.525 ,-0.00020479 ,-0.628547 
982,24.55 ,-0.000203392 ,-0.629211 
983,24.575 ,-0.000202074 ,-0.629874 
984,24.6 ,-0.000200836 ,-0.630536 
985,24.625 ,-0.000199677 ,-0.631196 
986,24.65 ,-0.000198597 ,-0.631855 
987,24.675 ,-0.000197595 ,-0.632513 
988,24.7 ,-0.000196671 ,-0.633169 
989,24.725 ,-0.000195825 ,-0.633824 
990,24.75 ,-0.000195057 ,-0.634478 
991,24.775 ,-0.000194366 ,-0.63513 
992,24.8 ,-0.000193752 ,-0.635781 
993,24.825 ,-0.000193215 ,-0.636431 
994,24.85 ,-0.000192755 ,-0.637079 
995,24.875 ,-0.000192372 ,-0.637727 
996,24.9 ,-0.000192065 ,-0.638372 
997,24.925 ,-0.000191835 ,-0.639017 
998,24.95 ,-0.000191682 ,-0.63966 
999,24.975 ,-0.000191605 ,-0.640302 
1000,25 ,-0.000191605 ,-0.640943 