
1,0.025 ,0.000265465 ,-3199.66 
2,0.05 ,0.000265465 ,-799.658 
3,0.075 ,0.000360595 ,-355.214 
4,0.1 ,0.0004686 ,-199.658 
5,0.125 ,0.000580254 ,-127.658 
6,0.15 ,0.000693296 ,-88.5469 
7,0.175 ,0.000806943 ,-64.9642 
8,0.2 ,0.000920861 ,-49.6581 
9,0.225 ,0.00103488 ,-39.1643 
10,0.25 ,0.00114892 ,-31.6582 
11,0.275 ,0.00126291 ,-26.1045 
12,0.3 ,0.0013768 ,-21.8805 
13,0.325 ,0.00149058 ,-18.5932 
14,0.35 ,0.00160421 ,-15.9849 
15,0.375 ,0.00171768 ,-13.8807 
16,0.4 ,0.00183097 ,-12.1585 
17,0.425 ,0.00194405 ,-10.7312 
18,0.45 ,0.00205692 ,-9.53514 
19,0.475 ,0.00216955 ,-8.52296 
20,0.5 ,0.00228194 ,-7.65874 
21,0.525 ,0.00239407 ,-6.91508 
22,0.55 ,0.00250592 ,-6.27047 
23,0.575 ,0.00261749 ,-5.70816 
24,0.6 ,0.00272875 ,-5.21463 
25,0.625 ,0.0028397 ,-4.7792 
26,0.65 ,0.00295032 ,-4.393 
27,0.675 ,0.0030606 ,-4.04897 
28,0.7 ,0.00317052 ,-3.74111 
29,0.725 ,0.00328008 ,-3.46461 
30,0.75 ,0.00338926 ,-3.21526 
31,0.775 ,0.00349804 ,-2.98971 
32,0.8 ,0.00360642 ,-2.78494 
33,0.825 ,0.00371439 ,-2.59857 
34,0.85 ,0.00382192 ,-2.42837 
35,0.875 ,0.00392902 ,-2.27261 
36,0.9 ,0.00403566 ,-2.12961 
37,0.925 ,0.00414183 ,-1.99812 
38,0.95 ,0.00424753 ,-1.87683 
39,0.975 ,0.00435274 ,-1.76483 
40,1 ,0.00445744 ,-1.66108 
41,1.025 ,0.00456164 ,-1.56489 
42,1.05 ,0.00466531 ,-1.47546 
43,1.075 ,0.00476845 ,-1.39227 
44,1.1 ,0.00487103 ,-1.31464 
45,1.125 ,0.00497306 ,-1.2422 
46,1.15 ,0.00507452 ,-1.1744 
47,1.175 ,0.0051754 ,-1.11095 
48,1.2 ,0.00527569 ,-1.05139 
49,1.225 ,0.00537538 ,-0.9955 
50,1.25 ,0.00547446 ,-0.942899 
51,1.275 ,0.00557291 ,-0.893429 
52,1.3 ,0.00567073 ,-0.846752 
53,1.325 ,0.0057679 ,-0.802759 
54,1.35 ,0.00586442 ,-0.761154 
55,1.375 ,0.00596028 ,-0.721865 
56,1.4 ,0.00605546 ,-0.684629 
57,1.425 ,0.00614996 ,-0.649403 
58,1.45 ,0.00624376 ,-0.615951 
59,1.475 ,0.00633686 ,-0.584252 
60,1.5 ,0.00642925 ,-0.554093 
61,1.525 ,0.00652091 ,-0.525472 
62,1.55 ,0.00661185 ,-0.498193 
63,1.575 ,0.00670204 ,-0.472269 
64,1.6 ,0.00679149 ,-0.447521 
65,1.625 ,0.00688017 ,-0.423972 
66,1.65 ,0.00696809 ,-0.401456 
67,1.675 ,0.00705524 ,-0.380007 
68,1.7 ,0.0071416 ,-0.359467 
69,1.725 ,0.00722716 ,-0.33988 
70,1.75 ,0.00731193 ,-0.321098 
71,1.775 ,0.00739589 ,-0.303169 
72,1.8 ,0.00747904 ,-0.285955 
73,1.825 ,0.00756136 ,-0.269508 
74,1.85 ,0.00764285 ,-0.253696 
75,1.875 ,0.00772351 ,-0.238578 
76,1.9 ,0.00780332 ,-0.224026 
77,1.925 ,0.00788227 ,-0.210103 
78,1.95 ,0.00796037 ,-0.196685 
79,1.975 ,0.0080376 ,-0.183839 
80,2 ,0.00811396 ,-0.171446 
81,2.025 ,0.00818944 ,-0.159574 
82,2.05 ,0.00826404 ,-0.148109 
83,2.075 ,0.00833775 ,-0.13712 
84,2.1 ,0.00841056 ,-0.126498 
85,2.125 ,0.00848246 ,-0.116312 
86,2.15 ,0.00855346 ,-0.106457 
87,2.175 ,0.00862355 ,-0.0970034 
88,2.2 ,0.00869272 ,-0.087848 
89,2.225 ,0.00876096 ,-0.0790628 
90,2.25 ,0.00882828 ,-0.0705476 
91,2.275 ,0.00889466 ,-0.0623746 
92,2.3 ,0.0089601 ,-0.0544461 
93,2.325 ,0.00902461 ,-0.0468348 
94,2.35 ,0.00908817 ,-0.0394454 
95,2.375 ,0.00915077 ,-0.0323506 
96,2.4 ,0.00921243 ,-0.0254575 
97,2.425 ,0.00927312 ,-0.0188386 
98,2.45 ,0.00933286 ,-0.0124033 
99,2.475 ,0.00939163 ,-0.0062238 
100,2.5 ,0.00944943 ,-0.000211576 
101,2.525 ,0.00950627 ,0.00556148 
102,2.55 ,0.00956213 ,0.0111819 
103,2.575 ,0.00961701 ,0.0165783 
104,2.6 ,0.00967092 ,0.0218352 
105,2.625 ,0.00972384 ,0.0268819 
106,2.65 ,0.00977579 ,0.031801 
107,2.675 ,0.00982675 ,0.0365223 
108,2.7 ,0.00987672 ,0.0411269 
109,2.725 ,0.0099257 ,0.0455452 
110,2.75 ,0.0099737 ,0.0498565 
111,2.775 ,0.0100207 ,0.0539919 
112,2.8 ,0.0100667 ,0.0580291 
113,2.825 ,0.0101117 ,0.0619001 
114,2.85 ,0.0101558 ,0.0656809 
115,2.875 ,0.0101988 ,0.0693044 
116,2.9 ,0.0102409 ,0.0728448 
117,2.925 ,0.0102819 ,0.0762361 
118,2.95 ,0.010322 ,0.079551 
119,2.975 ,0.010361 ,0.0827241 
120,3 ,0.0103991 ,0.0858269 
121,3.025 ,0.0104362 ,0.0887949 
122,3.05 ,0.0104723 ,0.091698 
123,3.075 ,0.0105074 ,0.0944728 
124,3.1 ,0.0105415 ,0.0971875 
125,3.125 ,0.0105746 ,0.09978 
126,3.15 ,0.0106068 ,0.102317 
127,3.175 ,0.0106379 ,0.104737 
128,3.2 ,0.0106681 ,0.107106 
129,3.225 ,0.0106973 ,0.109363 
130,3.25 ,0.0107255 ,0.111572 
131,3.275 ,0.0107527 ,0.113675 
132,3.3 ,0.010779 ,0.115734 
133,3.325 ,0.0108043 ,0.11769 
134,3.35 ,0.0108286 ,0.119605 
135,3.375 ,0.010852 ,0.121422 
136,3.4 ,0.0108744 ,0.1232 
137,3.425 ,0.0108958 ,0.124885 
138,3.45 ,0.0109163 ,0.126534 
139,3.475 ,0.0109358 ,0.128092 
140,3.5 ,0.0109544 ,0.129617 
141,3.525 ,0.0109721 ,0.131055 
142,3.55 ,0.0109888 ,0.132462 
143,3.575 ,0.0110045 ,0.133785 
144,3.6 ,0.0110194 ,0.135078 
145,3.625 ,0.0110333 ,0.136292 
146,3.65 ,0.0110463 ,0.137477 
147,3.675 ,0.0110583 ,0.138585 
148,3.7 ,0.0110695 ,0.139668 
149,3.725 ,0.0110798 ,0.140675 
150,3.75 ,0.0110891 ,0.141657 
151,3.775 ,0.0110976 ,0.142568 
152,3.8 ,0.0111051 ,0.143455 
153,3.825 ,0.0111118 ,0.144273 
154,3.85 ,0.0111176 ,0.145068 
155,3.875 ,0.0111226 ,0.145796 
156,3.9 ,0.0111266 ,0.146504 
157,3.925 ,0.0111298 ,0.147146 
158,3.95 ,0.0111322 ,0.147768 
159,3.975 ,0.0111337 ,0.148327 
160,4 ,0.0111344 ,0.148867 
161,4.025 ,0.0111342 ,0.149346 
162,4.05 ,0.0111332 ,0.149807 
163,4.075 ,0.0111314 ,0.150208 
164,4.1 ,0.0111288 ,0.150593 
165,4.125 ,0.0111254 ,0.150919 
166,4.15 ,0.0111211 ,0.151229 
167,4.175 ,0.0111161 ,0.151483 
168,4.2 ,0.0111103 ,0.151722 
169,4.225 ,0.0111038 ,0.151906 
170,4.25 ,0.0110964 ,0.152075 
171,4.275 ,0.0110883 ,0.15219 
172,4.3 ,0.0110795 ,0.152292 
173,4.325 ,0.0110699 ,0.152342 
174,4.35 ,0.0110596 ,0.152377 
175,4.375 ,0.0110485 ,0.152363 
176,4.4 ,0.0110368 ,0.152335 
177,4.425 ,0.0110243 ,0.152258 
178,4.45 ,0.0110111 ,0.152168 
179,4.475 ,0.0109972 ,0.15203 
180,4.5 ,0.0109827 ,0.151879 
181,4.525 ,0.0109675 ,0.151682 
182,4.55 ,0.0109516 ,0.151473 
183,4.575 ,0.010935 ,0.151218 
184,4.6 ,0.0109178 ,0.150951 
185,4.625 ,0.0109 ,0.15064 
186,4.65 ,0.0108815 ,0.150317 
187,4.675 ,0.0108625 ,0.149951 
188,4.7 ,0.0108428 ,0.149573 
189,4.725 ,0.0108225 ,0.149154 
190,4.75 ,0.0108016 ,0.148722 
191,4.775 ,0.0107802 ,0.14825 
192,4.8 ,0.0107581 ,0.147766 
193,4.825 ,0.0107355 ,0.147242 
194,4.85 ,0.0107124 ,0.146707 
195,4.875 ,0.0106887 ,0.146133 
196,4.9 ,0.0106645 ,0.145548 
197,4.925 ,0.0106397 ,0.144924 
198,4.95 ,0.0106145 ,0.144289 
199,4.975 ,0.0105887 ,0.143631 
200,5 ,0.0105625 ,0.142992 
201,5.025 ,0.0105357 ,0.142347 
202,5.05 ,0.0105085 ,0.141721 
203,5.075 ,0.0104808 ,0.141089 
204,5.1 ,0.0104527 ,0.140476 
205,5.125 ,0.0104241 ,0.139857 
206,5.15 ,0.0103951 ,0.139255 
207,5.175 ,0.0103656 ,0.138649 
208,5.2 ,0.0103358 ,0.138059 
209,5.225 ,0.0103055 ,0.137465 
210,5.25 ,0.0102748 ,0.136887 
211,5.275 ,0.0102437 ,0.136304 
212,5.3 ,0.0102123 ,0.135738 
213,5.325 ,0.0101804 ,0.135167 
214,5.35 ,0.0101482 ,0.134612 
215,5.375 ,0.0101157 ,0.134052 
216,5.4 ,0.0100827 ,0.133507 
217,5.425 ,0.0100494 ,0.132958 
218,5.45 ,0.0100158 ,0.132425 
219,5.475 ,0.00998187 ,0.131886 
220,5.5 ,0.00994759 ,0.131363 
221,5.525 ,0.00991298 ,0.130835 
222,5.55 ,0.00987807 ,0.130321 
223,5.575 ,0.00984285 ,0.129803 
224,5.6 ,0.00980733 ,0.129299 
225,5.625 ,0.00977152 ,0.128792 
226,5.65 ,0.00973542 ,0.128297 
227,5.675 ,0.00969904 ,0.127799 
228,5.7 ,0.00966239 ,0.127314 
229,5.725 ,0.00962547 ,0.126825 
230,5.75 ,0.00958829 ,0.126349 
231,5.775 ,0.00955086 ,0.125869 
232,5.8 ,0.00951317 ,0.125401 
233,5.825 ,0.00947524 ,0.124931 
234,5.85 ,0.00943707 ,0.124472 
235,5.875 ,0.00939867 ,0.124009 
236,5.9 ,0.00936005 ,0.123559 
237,5.925 ,0.0093212 ,0.123105 
238,5.95 ,0.00928213 ,0.122663 
239,5.975 ,0.00924286 ,0.122217 
240,6 ,0.00920338 ,0.121782 
241,6.025 ,0.0091637 ,0.121345 
242,6.05 ,0.00912382 ,0.120918 
243,6.075 ,0.00908375 ,0.120488 
244,6.1 ,0.0090435 ,0.120069 
245,6.125 ,0.00900307 ,0.119647 
246,6.15 ,0.00896246 ,0.119234 
247,6.175 ,0.00892168 ,0.11882 
248,6.2 ,0.00888073 ,0.118414 
249,6.225 ,0.00883962 ,0.118007 
250,6.25 ,0.00879835 ,0.117609 
251,6.275 ,0.00875693 ,0.117208 
252,6.3 ,0.00871536 ,0.116817 
253,6.325 ,0.00867365 ,0.116423 
254,6.35 ,0.00863179 ,0.116038 
255,6.375 ,0.0085898 ,0.115651 
256,6.4 ,0.00854768 ,0.115273 
257,6.425 ,0.00850543 ,0.114892 
258,6.45 ,0.00846305 ,0.11452 
259,6.475 ,0.00842055 ,0.114145 
260,6.5 ,0.00837794 ,0.113779 
261,6.525 ,0.00833522 ,0.113411 
262,6.55 ,0.00829238 ,0.113051 
263,6.575 ,0.00824944 ,0.112689 
264,6.6 ,0.0082064 ,0.112334 
265,6.625 ,0.00816326 ,0.111978 
266,6.65 ,0.00812003 ,0.111629 
267,6.675 ,0.00807671 ,0.111278 
268,6.7 ,0.0080333 ,0.110935 
269,6.725 ,0.0079898 ,0.11059 
270,6.75 ,0.00794622 ,0.110252 
271,6.775 ,0.00790257 ,0.109912 
272,6.8 ,0.00785884 ,0.109579 
273,6.825 ,0.00781504 ,0.109245 
274,6.85 ,0.00777117 ,0.108917 
275,6.875 ,0.00772724 ,0.108588 
276,6.9 ,0.00768325 ,0.108265 
277,6.925 ,0.00763919 ,0.107941 
278,6.95 ,0.00759509 ,0.107623 
279,6.975 ,0.00755092 ,0.107303 
280,7 ,0.00750671 ,0.10699 
281,7.025 ,0.00746245 ,0.106675 
282,7.05 ,0.00741815 ,0.106366 
283,7.075 ,0.0073738 ,0.106057 
284,7.1 ,0.00732942 ,0.105752 
285,7.125 ,0.007285 ,0.105447 
286,7.15 ,0.00724055 ,0.105147 
287,7.175 ,0.00719606 ,0.104846 
288,7.2 ,0.00715155 ,0.10455 
289,7.225 ,0.00710701 ,0.104254 
290,7.25 ,0.00706245 ,0.103962 
291,7.275 ,0.00701786 ,0.10367 
292,7.3 ,0.00697326 ,0.103382 
293,7.325 ,0.00692865 ,0.103094 
294,7.35 ,0.00688401 ,0.10281 
295,7.375 ,0.00683937 ,0.102526 
296,7.4 ,0.00679472 ,0.102246 
297,7.425 ,0.00675006 ,0.101966 
298,7.45 ,0.0067054 ,0.10169 
299,7.475 ,0.00666073 ,0.101413 
300,7.5 ,0.00661606 ,0.101141 
301,7.525 ,0.0065714 ,0.100868 
302,7.55 ,0.00652674 ,0.100599 
303,7.575 ,0.00648209 ,0.10033 
304,7.6 ,0.00643744 ,0.100065 
305,7.625 ,0.0063928 ,0.0997994 
306,7.65 ,0.00634818 ,0.0995377 
307,7.675 ,0.00630357 ,0.0992755 
308,7.7 ,0.00625898 ,0.0990172 
309,7.725 ,0.0062144 ,0.0987584 
310,7.75 ,0.00616984 ,0.0985034 
311,7.775 ,0.00612531 ,0.0982479 
312,7.8 ,0.0060808 ,0.097996 
313,7.825 ,0.00603631 ,0.0977438 
314,7.85 ,0.00599185 ,0.0974951 
315,7.875 ,0.00594742 ,0.097246 
316,7.9 ,0.00590303 ,0.0970004 
317,7.925 ,0.00585866 ,0.0967544 
318,7.95 ,0.00581432 ,0.0965117 
319,7.975 ,0.00577003 ,0.0962688 
320,8 ,0.00572577 ,0.0960291 
321,8.025 ,0.00568154 ,0.0957891 
322,8.05 ,0.00563736 ,0.0955522 
323,8.075 ,0.00559322 ,0.0953151 
324,8.1 ,0.00554913 ,0.0950811 
325,8.125 ,0.00550507 ,0.0948468 
326,8.15 ,0.00546107 ,0.0946155 
327,8.175 ,0.00541711 ,0.094384 
328,8.2 ,0.0053732 ,0.0941554 
329,8.225 ,0.00532935 ,0.0939266 
330,8.25 ,0.00528554 ,0.0937007 
331,8.275 ,0.00524179 ,0.0934745 
332,8.3 ,0.00519809 ,0.0932511 
333,8.325 ,0.00515445 ,0.0930276 
334,8.35 ,0.00511087 ,0.0928067 
335,8.375 ,0.00506734 ,0.0925857 
336,8.4 ,0.00502388 ,0.0923673 
337,8.425 ,0.00498048 ,0.0921488 
338,8.45 ,0.00493714 ,0.0919328 
339,8.475 ,0.00489386 ,0.0917167 
340,8.5 ,0.00485065 ,0.0915031 
341,8.525 ,0.00480751 ,0.0912894 
342,8.55 ,0.00476443 ,0.0910781 
343,8.575 ,0.00472142 ,0.0908668 
344,8.6 ,0.00467848 ,0.0906577 
345,8.625 ,0.00463561 ,0.0904487 
346,8.65 ,0.00459282 ,0.0902419 
347,8.675 ,0.00455009 ,0.0900351 
348,8.7 ,0.00450744 ,0.0898305 
349,8.725 ,0.00446487 ,0.0896259 
350,8.75 ,0.00442237 ,0.0894234 
351,8.775 ,0.00437995 ,0.0892209 
352,8.8 ,0.00433761 ,0.0890206 
353,8.825 ,0.00429535 ,0.0888202 
354,8.85 ,0.00425317 ,0.0886219 
355,8.875 ,0.00421106 ,0.0884237 
356,8.9 ,0.00416904 ,0.0882274 
357,8.925 ,0.00412711 ,0.0880312 
358,8.95 ,0.00408526 ,0.0878369 
359,8.975 ,0.00404349 ,0.0876426 
360,9 ,0.00400181 ,0.0874503 
361,9.025 ,0.00396021 ,0.087258 
362,9.05 ,0.0039187 ,0.0870676 
363,9.075 ,0.00387728 ,0.0868772 
364,9.1 ,0.00383595 ,0.0866886 
365,9.125 ,0.00379471 ,0.0865002 
366,9.15 ,0.00375356 ,0.0863135 
367,9.175 ,0.0037125 ,0.0861269 
368,9.2 ,0.00367154 ,0.0859419 
369,9.225 ,0.00363067 ,0.0857572 
370,9.25 ,0.00358989 ,0.085574 
371,9.275 ,0.0035492 ,0.085391 
372,9.3 ,0.00350861 ,0.0852096 
373,9.325 ,0.00346812 ,0.0850283 
374,9.35 ,0.00342772 ,0.0848486 
375,9.375 ,0.00338742 ,0.0846691 
376,9.4 ,0.00334722 ,0.0844911 
377,9.425 ,0.00330712 ,0.0843133 
378,9.45 ,0.00326712 ,0.0841369 
379,9.475 ,0.00322721 ,0.0839608 
380,9.5 ,0.00318741 ,0.083786 
381,9.525 ,0.00314771 ,0.0836115 
382,9.55 ,0.00310811 ,0.0834383 
383,9.575 ,0.00306861 ,0.0832654 
384,9.6 ,0.00302922 ,0.0830938 
385,9.625 ,0.00298993 ,0.0829225 
386,9.65 ,0.00295074 ,0.0827525 
387,9.675 ,0.00291166 ,0.0825827 
388,9.7 ,0.00287269 ,0.0824142 
389,9.725 ,0.00283382 ,0.0822459 
390,9.75 ,0.00279505 ,0.0820789 
391,9.775 ,0.00275639 ,0.0819121 
392,9.8 ,0.00271784 ,0.0817466 
393,9.825 ,0.0026794 ,0.0815813 
394,9.85 ,0.00264107 ,0.0814172 
395,9.875 ,0.00260284 ,0.0812533 
396,9.9 ,0.00256473 ,0.0810907 
397,9.925 ,0.00252672 ,0.0809282 
398,9.95 ,0.00248882 ,0.080767 
399,9.975 ,0.00245104 ,0.080606 
400,10 ,0.00241336 ,0.0804461 
401,10.025 ,0.0023758 ,0.0802864 
402,10.05 ,0.00233835 ,0.0801279 
403,10.075 ,0.00230101 ,0.0799696 
404,10.1 ,0.00226378 ,0.0798124 
405,10.125 ,0.00222667 ,0.0796555 
406,10.15 ,0.00218967 ,0.0794996 
407,10.175 ,0.00215278 ,0.079344 
408,10.2 ,0.00211601 ,0.0791894 
409,10.225 ,0.00207935 ,0.0790351 
410,10.25 ,0.00204281 ,0.0788818 
411,10.275 ,0.00200638 ,0.0787288 
412,10.3 ,0.00197007 ,0.0785768 
413,10.325 ,0.00193387 ,0.078425 
414,10.35 ,0.00189779 ,0.0782742 
415,10.375 ,0.00186182 ,0.0781237 
416,10.4 ,0.00182597 ,0.0779741 
417,10.425 ,0.00179024 ,0.0778248 
418,10.45 ,0.00175463 ,0.0776764 
419,10.475 ,0.00171913 ,0.0775283 
420,10.5 ,0.00168375 ,0.0773811 
421,10.525 ,0.00164849 ,0.0772342 
422,10.55 ,0.00161334 ,0.0770882 
423,10.575 ,0.00157832 ,0.0769424 
424,10.6 ,0.00154341 ,0.0767975 
425,10.625 ,0.00150862 ,0.076653 
426,10.65 ,0.00147395 ,0.0765092 
427,10.675 ,0.0014394 ,0.0763658 
428,10.7 ,0.00140497 ,0.0762232 
429,10.725 ,0.00137066 ,0.0760808 
430,10.75 ,0.00133647 ,0.0759393 
431,10.775 ,0.0013024 ,0.0757981 
432,10.8 ,0.00126845 ,0.0756577 
433,10.825 ,0.00123462 ,0.0755176 
434,10.85 ,0.00120091 ,0.0753782 
435,10.875 ,0.00116732 ,0.0752392 
436,10.9 ,0.00113385 ,0.0751009 
437,10.925 ,0.00110051 ,0.0749629 
438,10.95 ,0.00106728 ,0.0748257 
439,10.975 ,0.00103418 ,0.0746888 
440,11 ,0.00100119 ,0.0745526 
441,11.025 ,0.000968332 ,0.0744167 
442,11.05 ,0.000935592 ,0.0742815 
443,11.075 ,0.000902974 ,0.0741466 
444,11.1 ,0.000870477 ,0.0740124 
445,11.125 ,0.000838103 ,0.0738785 
446,11.15 ,0.00080585 ,0.0737454 
447,11.175 ,0.000773719 ,0.0736125 
448,11.2 ,0.000741711 ,0.0734803 
449,11.225 ,0.000709825 ,0.0733484 
450,11.25 ,0.000678062 ,0.0732172 
451,11.275 ,0.00064642 ,0.0730862 
452,11.3 ,0.000614902 ,0.072956 
453,11.325 ,0.000583505 ,0.072826 
454,11.35 ,0.000552232 ,0.0726967 
455,11.375 ,0.000521081 ,0.0725676 
456,11.4 ,0.000490052 ,0.0724392 
457,11.425 ,0.000459146 ,0.0723111 
458,11.45 ,0.000428364 ,0.0721837 
459,11.475 ,0.000397703 ,0.0720565 
460,11.5 ,0.000367166 ,0.0719299 
461,11.525 ,0.000336751 ,0.0718037 
462,11.55 ,0.000306459 ,0.071678 
463,11.575 ,0.00027629 ,0.0715527 
464,11.6 ,0.000246244 ,0.0714279 
465,11.625 ,0.00021632 ,0.0713034 
466,11.65 ,0.00018652 ,0.0711795 
467,11.675 ,0.000156842 ,0.0710559 
468,11.7 ,0.000127287 ,0.0709329 
469,11.725 ,9.78545e-05 ,0.0708101 
470,11.75 ,6.85449e-05 ,0.070688 
471,11.775 ,3.9358e-05 ,0.0705661 
472,11.8 ,1.02937e-05 ,0.0704448 
473,11.825 ,-1.86479e-05 ,0.0703238 
474,11.85 ,-4.74669e-05 ,0.0702033 
475,11.875 ,-7.61634e-05 ,0.0700831 
476,11.9 ,-0.000104737 ,0.0699634 
477,11.925 ,-0.000133189 ,0.0698441 
478,11.95 ,-0.000161518 ,0.0697252 
479,11.975 ,-0.000189725 ,0.0696067 
480,12 ,-0.00021781 ,0.0694886 
481,12.025 ,-0.000245772 ,0.0693709 
482,12.05 ,-0.000273612 ,0.0692537 
483,12.075 ,-0.00030133 ,0.0691368 
484,12.1 ,-0.000328927 ,0.0690203 
485,12.125 ,-0.000356401 ,0.0689042 
486,12.15 ,-0.000383753 ,0.0687885 
487,12.175 ,-0.000410984 ,0.0686732 
488,12.2 ,-0.000438093 ,0.0685583 
489,12.225 ,-0.000465081 ,0.0684437 
490,12.25 ,-0.000491947 ,0.0683296 
491,12.275 ,-0.000518692 ,0.0682157 
492,12.3 ,-0.000545316 ,0.0681024 
493,12.325 ,-0.000571819 ,0.0679893 
494,12.35 ,-0.0005982 ,0.0678767 
495,12.375 ,-0.000624461 ,0.0677644 
496,12.4 ,-0.000650601 ,0.0676525 
497,12.425 ,-0.00067662 ,0.0675409 
498,12.45 ,-0.000702519 ,0.0674298 
499,12.475 ,-0.000728297 ,0.067319 
500,12.5 ,-0.000753956 ,0.0672086 
501,12.525 ,-0.000779494 ,0.0670984 
502,12.55 ,-0.000804912 ,0.0669887 
503,12.575 ,-0.00083021 ,0.0668793 
504,12.6 ,-0.000855388 ,0.0667704 
505,12.625 ,-0.000880447 ,0.0666617 
506,12.65 ,-0.000905387 ,0.0665534 
507,12.675 ,-0.000930207 ,0.0664454 
508,12.7 ,-0.000954908 ,0.0663378 
509,12.725 ,-0.000979491 ,0.0662305 
510,12.75 ,-0.00100395 ,0.0661236 
511,12.775 ,-0.0010283 ,0.066017 
512,12.8 ,-0.00105253 ,0.0659108 
513,12.825 ,-0.00107663 ,0.0658049 
514,12.85 ,-0.00110062 ,0.0656993 
515,12.875 ,-0.0011245 ,0.0655941 
516,12.9 ,-0.00114825 ,0.0654892 
517,12.925 ,-0.00117189 ,0.0653846 
518,12.95 ,-0.00119541 ,0.0652804 
519,12.975 ,-0.00121881 ,0.0651765 
520,13 ,-0.00124209 ,0.0650729 
521,13.025 ,-0.00126526 ,0.0649696 
522,13.05 ,-0.00128831 ,0.0648667 
523,13.075 ,-0.00131125 ,0.0647641 
524,13.1 ,-0.00133406 ,0.0646618 
525,13.125 ,-0.00135677 ,0.0645598 
526,13.15 ,-0.00137935 ,0.0644582 
527,13.175 ,-0.00140182 ,0.0643569 
528,13.2 ,-0.00142418 ,0.0642559 
529,13.225 ,-0.00144642 ,0.0641551 
530,13.25 ,-0.00146854 ,0.0640548 
531,13.275 ,-0.00149055 ,0.0639546 
532,13.3 ,-0.00151245 ,0.0638549 
533,13.325 ,-0.00153423 ,0.0637554 
534,13.35 ,-0.00155589 ,0.0636562 
535,13.375 ,-0.00157745 ,0.0635574 
536,13.4 ,-0.00159889 ,0.0634588 
537,13.425 ,-0.00162021 ,0.0633606 
538,13.45 ,-0.00164142 ,0.0632626 
539,13.475 ,-0.00166252 ,0.0631649 
540,13.5 ,-0.0016835 ,0.0630676 
541,13.525 ,-0.00170438 ,0.0629705 
542,13.55 ,-0.00172514 ,0.0628737 
543,13.575 ,-0.00174578 ,0.0627772 
544,13.6 ,-0.00176632 ,0.0626811 
545,13.625 ,-0.00178674 ,0.0625851 
546,13.65 ,-0.00180706 ,0.0624895 
547,13.675 ,-0.00182726 ,0.0623942 
548,13.7 ,-0.00184735 ,0.0622992 
549,13.725 ,-0.00186733 ,0.0622044 
550,13.75 ,-0.00188719 ,0.0621099 
551,13.775 ,-0.00190695 ,0.0620157 
552,13.8 ,-0.0019266 ,0.0619218 
553,13.825 ,-0.00194614 ,0.0618282 
554,13.85 ,-0.00196556 ,0.0617349 
555,13.875 ,-0.00198488 ,0.0616418 
556,13.9 ,-0.00200409 ,0.061549 
557,13.925 ,-0.00202319 ,0.0614564 
558,13.95 ,-0.00204218 ,0.0613642 
559,13.975 ,-0.00206107 ,0.0612722 
560,14 ,-0.00207984 ,0.0611805 
561,14.025 ,-0.00209851 ,0.061089 
562,14.05 ,-0.00211707 ,0.0609979 
563,14.075 ,-0.00213552 ,0.0609069 
564,14.1 ,-0.00215387 ,0.0608163 
565,14.125 ,-0.0021721 ,0.0607259 
566,14.15 ,-0.00219024 ,0.0606358 
567,14.175 ,-0.00220826 ,0.060546 
568,14.2 ,-0.00222618 ,0.0604564 
569,14.225 ,-0.00224399 ,0.060367 
570,14.25 ,-0.0022617 ,0.060278 
571,14.275 ,-0.0022793 ,0.0601891 
572,14.3 ,-0.0022968 ,0.0601006 
573,14.325 ,-0.00231419 ,0.0600123 
574,14.35 ,-0.00233148 ,0.0599242 
575,14.375 ,-0.00234866 ,0.0598364 
576,14.4 ,-0.00236574 ,0.0597489 
577,14.425 ,-0.00238272 ,0.0596616 
578,14.45 ,-0.00239959 ,0.0595745 
579,14.475 ,-0.00241636 ,0.0594877 
580,14.5 ,-0.00243302 ,0.0594012 
581,14.525 ,-0.00244959 ,0.0593149 
582,14.55 ,-0.00246605 ,0.0592288 
583,14.575 ,-0.00248241 ,0.059143 
584,14.6 ,-0.00249866 ,0.0590574 
585,14.625 ,-0.00251482 ,0.0589721 
586,14.65 ,-0.00253087 ,0.058887 
587,14.675 ,-0.00254683 ,0.0588022 
588,14.7 ,-0.00256268 ,0.0587176 
589,14.725 ,-0.00257843 ,0.0586332 
590,14.75 ,-0.00259409 ,0.0585491 
591,14.775 ,-0.00260964 ,0.0584652 
592,14.8 ,-0.00262509 ,0.0583815 
593,14.825 ,-0.00264044 ,0.0582981 
594,14.85 ,-0.0026557 ,0.0582149 
595,14.875 ,-0.00267085 ,0.0581319 
596,14.9 ,-0.00268591 ,0.0580492 
597,14.925 ,-0.00270087 ,0.0579667 
598,14.95 ,-0.00271573 ,0.0578844 
599,14.975 ,-0.0027305 ,0.0578024 
600,15 ,-0.00274516 ,0.0577206 
601,15.025 ,-0.00275973 ,0.057639 
602,15.05 ,-0.0027742 ,0.0575576 
603,15.075 ,-0.00278858 ,0.0574765 
604,15.1 ,-0.00280286 ,0.0573955 
605,15.125 ,-0.00281705 ,0.0573149 
606,15.15 ,-0.00283113 ,0.0572344 
607,15.175 ,-0.00284513 ,0.0571541 
608,15.2 ,-0.00285903 ,0.0570741 
609,15.225 ,-0.00287283 ,0.0569943 
610,15.25 ,-0.00288654 ,0.0569147 
611,15.275 ,-0.00290016 ,0.0568353 
612,15.3 ,-0.00291368 ,0.0567562 
613,15.325 ,-0.00292711 ,0.0566772 
614,15.35 ,-0.00294044 ,0.0565985 
615,15.375 ,-0.00295368 ,0.05652 
616,15.4 ,-0.00296683 ,0.0564417 
617,15.425 ,-0.00297989 ,0.0563636 
618,15.45 ,-0.00299285 ,0.0562857 
619,15.475 ,-0.00300573 ,0.056208 
620,15.5 ,-0.00301851 ,0.0561306 
621,15.525 ,-0.0030312 ,0.0560533 
622,15.55 ,-0.0030438 ,0.0559763 
623,15.575 ,-0.00305631 ,0.0558994 
624,15.6 ,-0.00306873 ,0.0558228 
625,15.625 ,-0.00308105 ,0.0557464 
626,15.65 ,-0.00309329 ,0.0556701 
627,15.675 ,-0.00310544 ,0.0555941 
628,15.7 ,-0.0031175 ,0.0555183 
629,15.725 ,-0.00312948 ,0.0554427 
630,15.75 ,-0.00314136 ,0.0553673 
631,15.775 ,-0.00315315 ,0.0552921 
632,15.8 ,-0.00316486 ,0.0552171 
633,15.825 ,-0.00317648 ,0.0551422 
634,15.85 ,-0.00318801 ,0.0550676 
635,15.875 ,-0.00319946 ,0.0549932 
636,15.9 ,-0.00321082 ,0.054919 
637,15.925 ,-0.00322209 ,0.054845 
638,15.95 ,-0.00323328 ,0.0547711 
639,15.975 ,-0.00324438 ,0.0546975 
640,16 ,-0.00325539 ,0.0546241 
641,16.025 ,-0.00326632 ,0.0545508 
642,16.05 ,-0.00327716 ,0.0544777 
643,16.075 ,-0.00328792 ,0.0544049 
644,16.1 ,-0.0032986 ,0.0543322 
645,16.125 ,-0.00330919 ,0.0542597 
646,16.15 ,-0.0033197 ,0.0541874 
647,16.175 ,-0.00333012 ,0.0541153 
648,16.2 ,-0.00334046 ,0.0540434 
649,16.225 ,-0.00335072 ,0.0539716 
650,16.25 ,-0.0033609 ,0.0539001 
651,16.275 ,-0.00337099 ,0.0538287 
652,16.3 ,-0.003381 ,0.0537576 
653,16.325 ,-0.00339093 ,0.0536866 
654,16.35 ,-0.00340078 ,0.0536157 
655,16.375 ,-0.00341055 ,0.0535451 
656,16.4 ,-0.00342024 ,0.0534747 
657,16.425 ,-0.00342984 ,0.0534044 
658,16.45 ,-0.00343937 ,0.0533343 
659,16.475 ,-0.00344881 ,0.0532644 
660,16.5 ,-0.00345818 ,0.0531947 
661,16.525 ,-0.00346747 ,0.0531251 
662,16.55 ,-0.00347668 ,0.0530558 
663,16.575 ,-0.0034858 ,0.0529866 
664,16.6 ,-0.00349486 ,0.0529175 
665,16.625 ,-0.00350383 ,0.0528487 
666,16.65 ,-0.00351272 ,0.05278 
667,16.675 ,-0.00352154 ,0.0527115 
668,16.7 ,-0.00353028 ,0.0526432 
669,16.725 ,-0.00353895 ,0.0525751 
670,16.75 ,-0.00354753 ,0.0525071 
671,16.775 ,-0.00355604 ,0.0524393 
672,16.8 ,-0.00356448 ,0.0523717 
673,16.825 ,-0.00357284 ,0.0523042 
674,16.85 ,-0.00358112 ,0.0522369 
675,16.875 ,-0.00358933 ,0.0521698 
676,16.9 ,-0.00359746 ,0.0521029 
677,16.925 ,-0.00360552 ,0.0520361 
678,16.95 ,-0.0036135 ,0.0519695 
679,16.975 ,-0.00362141 ,0.051903 
680,17 ,-0.00362925 ,0.0518367 
681,17.025 ,-0.00363701 ,0.0517706 
682,17.05 ,-0.0036447 ,0.0517046 
683,17.075 ,-0.00365232 ,0.0516389 
684,17.1 ,-0.00365987 ,0.0515732 
685,17.125 ,-0.00366734 ,0.0515078 
686,17.15 ,-0.00367474 ,0.0514425 
687,17.175 ,-0.00368207 ,0.0513773 
688,17.2 ,-0.00368932 ,0.0513124 
689,17.225 ,-0.00369651 ,0.0512475 
690,17.25 ,-0.00370363 ,0.0511829 
691,17.275 ,-0.00371067 ,0.0511184 
692,17.3 ,-0.00371765 ,0.0510541 
693,17.325 ,-0.00372455 ,0.0509899 
694,17.35 ,-0.00373139 ,0.0509259 
695,17.375 ,-0.00373815 ,0.050862 
696,17.4 ,-0.00374485 ,0.0507983 
697,17.425 ,-0.00375148 ,0.0507347 
698,17.45 ,-0.00375804 ,0.0506713 
699,17.475 ,-0.00376453 ,0.0506081 
700,17.5 ,-0.00377095 ,0.050545 
701,17.525 ,-0.00377731 ,0.0504821 
702,17.55 ,-0.00378359 ,0.0504193 
703,17.575 ,-0.00378982 ,0.0503567 
704,17.6 ,-0.00379597 ,0.0502942 
705,17.625 ,-0.00380206 ,0.0502319 
706,17.65 ,-0.00380808 ,0.0501697 
707,17.675 ,-0.00381403 ,0.0501077 
708,17.7 ,-0.00381992 ,0.0500458 
709,17.725 ,-0.00382575 ,0.0499841 
710,17.75 ,-0.00383151 ,0.0499225 
711,17.775 ,-0.0038372 ,0.0498611 
712,17.8 ,-0.00384283 ,0.0497998 
713,17.825 ,-0.0038484 ,0.0497387 
714,17.85 ,-0.0038539 ,0.0496777 
715,17.875 ,-0.00385934 ,0.0496169 
716,17.9 ,-0.00386471 ,0.0495562 
717,17.925 ,-0.00387002 ,0.0494957 
718,17.95 ,-0.00387527 ,0.0494353 
719,17.975 ,-0.00388046 ,0.049375 
720,18 ,-0.00388558 ,0.0493149 
721,18.025 ,-0.00389064 ,0.0492549 
722,18.05 ,-0.00389564 ,0.0491951 
723,18.075 ,-0.00390058 ,0.0491354 
724,18.1 ,-0.00390546 ,0.0490759 
725,18.125 ,-0.00391027 ,0.0490165 
726,18.15 ,-0.00391503 ,0.0489572 
727,18.175 ,-0.00391973 ,0.0488981 
728,18.2 ,-0.00392436 ,0.0488392 
729,18.225 ,-0.00392893 ,0.0487803 
730,18.25 ,-0.00393345 ,0.0487216 
731,18.275 ,-0.00393791 ,0.0486631 
732,18.3 ,-0.0039423 ,0.0486046 
733,18.325 ,-0.00394664 ,0.0485463 
734,18.35 ,-0.00395092 ,0.0484882 
735,18.375 ,-0.00395514 ,0.0484302 
736,18.4 ,-0.00395931 ,0.0483723 
737,18.425 ,-0.00396341 ,0.0483146 
738,18.45 ,-0.00396746 ,0.048257 
739,18.475 ,-0.00397145 ,0.0481995 
740,18.5 ,-0.00397538 ,0.0481422 
741,18.525 ,-0.00397926 ,0.048085 
742,18.55 ,-0.00398308 ,0.0480279 
743,18.575 ,-0.00398685 ,0.047971 
744,18.6 ,-0.00399056 ,0.0479142 
745,18.625 ,-0.00399421 ,0.0478575 
746,18.65 ,-0.00399781 ,0.0478009 
747,18.675 ,-0.00400135 ,0.0477445 
748,18.7 ,-0.00400484 ,0.0476883 
749,18.725 ,-0.00400827 ,0.0476321 
750,18.75 ,-0.00401165 ,0.0475761 
751,18.775 ,-0.00401498 ,0.0475202 
752,18.8 ,-0.00401825 ,0.0474644 
753,18.825 ,-0.00402146 ,0.0474088 
754,18.85 ,-0.00402463 ,0.0473533 
755,18.875 ,-0.00402774 ,0.0472979 
756,18.9 ,-0.0040308 ,0.0472427 
757,18.925 ,-0.00403381 ,0.0471875 
758,18.95 ,-0.00403676 ,0.0471325 
759,18.975 ,-0.00403966 ,0.0470777 
760,19 ,-0.00404251 ,0.0470229 
761,19.025 ,-0.00404531 ,0.0469683 
762,19.05 ,-0.00404806 ,0.0469138 
763,19.075 ,-0.00405075 ,0.0468594 
764,19.1 ,-0.0040534 ,0.0468052 
765,19.125 ,-0.004056 ,0.0467511 
766,19.15 ,-0.00405854 ,0.046697 
767,19.175 ,-0.00406104 ,0.0466432 
768,19.2 ,-0.00406348 ,0.0465894 
769,19.225 ,-0.00406588 ,0.0465358 
770,19.25 ,-0.00406822 ,0.0464823 
771,19.275 ,-0.00407052 ,0.0464289 
772,19.3 ,-0.00407277 ,0.0463756 
773,19.325 ,-0.00407497 ,0.0463224 
774,19.35 ,-0.00407712 ,0.0462694 
775,19.375 ,-0.00407923 ,0.0462165 
776,19.4 ,-0.00408128 ,0.0461637 
777,19.425 ,-0.00408329 ,0.046111 
778,19.45 ,-0.00408525 ,0.0460584 
779,19.475 ,-0.00408717 ,0.046006 
780,19.5 ,-0.00408903 ,0.0459537 
781,19.525 ,-0.00409086 ,0.0459015 
782,19.55 ,-0.00409263 ,0.0458494 
783,19.575 ,-0.00409436 ,0.0457974 
784,19.6 ,-0.00409604 ,0.0457455 
785,19.625 ,-0.00409768 ,0.0456938 
786,19.65 ,-0.00409927 ,0.0456421 
787,19.675 ,-0.00410082 ,0.0455906 
788,19.7 ,-0.00410232 ,0.0455392 
789,19.725 ,-0.00410378 ,0.0454879 
790,19.75 ,-0.00410519 ,0.0454368 
791,19.775 ,-0.00410656 ,0.0453857 
792,19.8 ,-0.00410788 ,0.0453348 
793,19.825 ,-0.00410916 ,0.0452839 
794,19.85 ,-0.0041104 ,0.0452332 
795,19.875 ,-0.00411159 ,0.0451826 
796,19.9 ,-0.00411275 ,0.0451321 
797,19.925 ,-0.00411385 ,0.0450817 
798,19.95 ,-0.00411492 ,0.0450314 
799,19.975 ,-0.00411594 ,0.0449812 
800,20 ,-0.00411692 ,0.0449312 
801,20.025 ,-0.00411786 ,0.0448812 
802,20.05 ,-0.00411876 ,0.0448314 
803,20.075 ,-0.00411962 ,0.0447816 
804,20.1 ,-0.00412043 ,0.044732 
805,20.125 ,-0.00412121 ,0.0446825 
806,20.15 ,-0.00412194 ,0.0446331 
807,20.175 ,-0.00412263 ,0.0445838 
808,20.2 ,-0.00412328 ,0.0445346 
809,20.225 ,-0.0041239 ,0.0444855 
810,20.25 ,-0.00412447 ,0.0444365 
811,20.275 ,-0.004125 ,0.0443877 
812,20.3 ,-0.00412549 ,0.0443389 
813,20.325 ,-0.00412595 ,0.0442902 
814,20.35 ,-0.00412636 ,0.0442417 
815,20.375 ,-0.00412674 ,0.0441932 
816,20.4 ,-0.00412708 ,0.0441449 
817,20.425 ,-0.00412738 ,0.0440966 
818,20.45 ,-0.00412764 ,0.0440485 
819,20.475 ,-0.00412786 ,0.0440004 
820,20.5 ,-0.00412805 ,0.0439525 
821,20.525 ,-0.0041282 ,0.0439047 
822,20.55 ,-0.00412831 ,0.0438569 
823,20.575 ,-0.00412838 ,0.0438093 
824,20.6 ,-0.00412842 ,0.0437618 
825,20.625 ,-0.00412842 ,0.0437143 
826,20.65 ,-0.00412838 ,0.043667 
827,20.675 ,-0.00412831 ,0.0436198 
828,20.7 ,-0.0041282 ,0.0435727 
829,20.725 ,-0.00412806 ,0.0435256 
830,20.75 ,-0.00412788 ,0.0434787 
831,20.775 ,-0.00412766 ,0.0434319 
832,20.8 ,-0.00412741 ,0.0433852 
833,20.825 ,-0.00412713 ,0.0433385 
834,20.85 ,-0.00412681 ,0.043292 
835,20.875 ,-0.00412646 ,0.0432456 
836,20.9 ,-0.00412607 ,0.0431993 
837,20.925 ,-0.00412564 ,0.043153 
838,20.95 ,-0.00412519 ,0.0431069 
839,20.975 ,-0.0041247 ,0.0430608 
840,21 ,-0.00412417 ,0.0430149 
841,21.025 ,-0.00412362 ,0.0429691 
842,21.05 ,-0.00412303 ,0.0429233 
843,21.075 ,-0.0041224 ,0.0428776 
844,21.1 ,-0.00412175 ,0.0428321 
845,21.125 ,-0.00412106 ,0.0427866 
846,21.15 ,-0.00412034 ,0.0427413 
847,21.175 ,-0.00411958 ,0.042696 
848,21.2 ,-0.0041188 ,0.0426508 
849,21.225 ,-0.00411798 ,0.0426057 
850,21.25 ,-0.00411713 ,0.0425607 
851,21.275 ,-0.00411625 ,0.0425158 
852,21.3 ,-0.00411534 ,0.042471 
853,21.325 ,-0.0041144 ,0.0424263 
854,21.35 ,-0.00411343 ,0.0423817 
855,21.375 ,-0.00411243 ,0.0423372 
856,21.4 ,-0.00411139 ,0.0422927 
857,21.425 ,-0.00411033 ,0.0422484 
858,21.45 ,-0.00410923 ,0.0422041 
859,21.475 ,-0.00410811 ,0.04216 
860,21.5 ,-0.00410696 ,0.0421159 
861,21.525 ,-0.00410577 ,0.0420719 
862,21.55 ,-0.00410456 ,0.042028 
863,21.575 ,-0.00410332 ,0.0419842 
864,21.6 ,-0.00410205 ,0.0419405 
865,21.625 ,-0.00410075 ,0.0418969 
866,21.65 ,-0.00409943 ,0.0418534 
867,21.675 ,-0.00409807 ,0.04181 
868,21.7 ,-0.00409669 ,0.0417666 
869,21.725 ,-0.00409528 ,0.0417233 
870,21.75 ,-0.00409384 ,0.0416802 
871,21.775 ,-0.00409237 ,0.0416371 
872,21.8 ,-0.00409087 ,0.0415941 
873,21.825 ,-0.00408935 ,0.0415512 
874,21.85 ,-0.0040878 ,0.0415083 
875,21.875 ,-0.00408623 ,0.0414656 
876,21.9 ,-0.00408463 ,0.041423 
877,21.925 ,-0.004083 ,0.0413804 
878,21.95 ,-0.00408134 ,0.0413379 
879,21.975 ,-0.00407966 ,0.0412955 
880,22 ,-0.00407795 ,0.0412532 
881,22.025 ,-0.00407622 ,0.041211 
882,22.05 ,-0.00407446 ,0.0411689 
883,22.075 ,-0.00407268 ,0.0411268 
884,22.1 ,-0.00407087 ,0.0410849 
885,22.125 ,-0.00406903 ,0.041043 
886,22.15 ,-0.00406717 ,0.0410012 
887,22.175 ,-0.00406529 ,0.0409595 
888,22.2 ,-0.00406338 ,0.0409178 
889,22.225 ,-0.00406144 ,0.0408763 
890,22.25 ,-0.00405949 ,0.0408348 
891,22.275 ,-0.0040575 ,0.0407934 
892,22.3 ,-0.0040555 ,0.0407521 
893,22.325 ,-0.00405347 ,0.0407109 
894,22.35 ,-0.00405141 ,0.0406698 
895,22.375 ,-0.00404934 ,0.0406287 
896,22.4 ,-0.00404724 ,0.0405878 
897,22.425 ,-0.00404511 ,0.0405469 
898,22.45 ,-0.00404297 ,0.0405061 
899,22.475 ,-0.0040408 ,0.0404654 
900,22.5 ,-0.00403861 ,0.0404247 
901,22.525 ,-0.00403639 ,0.0403841 
902,22.55 ,-0.00403416 ,0.0403437 
903,22.575 ,-0.0040319 ,0.0403033 
904,22.6 ,-0.00402962 ,0.0402629 
905,22.625 ,-0.00402731 ,0.0402227 
906,22.65 ,-0.00402499 ,0.0401825 
907,22.675 ,-0.00402265 ,0.0401424 
908,22.7 ,-0.00402028 ,0.0401024 
909,22.725 ,-0.00401789 ,0.0400625 
910,22.75 ,-0.00401548 ,0.0400227 
911,22.775 ,-0.00401305 ,0.0399829 
912,22.8 ,-0.0040106 ,0.0399432 
913,22.825 ,-0.00400813 ,0.0399036 
914,22.85 ,-0.00400564 ,0.039864 
915,22.875 ,-0.00400313 ,0.0398246 
916,22.9 ,-0.00400059 ,0.0397852 
917,22.925 ,-0.00399804 ,0.0397459 
918,22.95 ,-0.00399547 ,0.0397066 
919,22.975 ,-0.00399288 ,0.0396675 
920,23 ,-0.00399027 ,0.0396284 
921,23.025 ,-0.00398764 ,0.0395894 
922,23.05 ,-0.00398499 ,0.0395505 
923,23.075 ,-0.00398232 ,0.0395116 
924,23.1 ,-0.00397963 ,0.0394728 
925,23.125 ,-0.00397692 ,0.0394341 
926,23.15 ,-0.0039742 ,0.0393955 
927,23.175 ,-0.00397146 ,0.039357 
928,23.2 ,-0.00396869 ,0.0393185 
929,23.225 ,-0.00396591 ,0.0392801 
930,23.25 ,-0.00396312 ,0.0392418 
931,23.275 ,-0.0039603 ,0.0392035 
932,23.3 ,-0.00395747 ,0.0391653 
933,23.325 ,-0.00395462 ,0.0391272 
934,23.35 ,-0.00395175 ,0.0390892 
935,23.375 ,-0.00394886 ,0.0390512 
936,23.4 ,-0.00394596 ,0.0390133 
937,23.425 ,-0.00394304 ,0.0389755 
938,23.45 ,-0.0039401 ,0.0389378 
939,23.475 ,-0.00393715 ,0.0389001 
940,23.5 ,-0.00393418 ,0.0388625 
941,23.525 ,-0.00393119 ,0.038825 
942,23.55 ,-0.00392819 ,0.0387875 
943,23.575 ,-0.00392517 ,0.0387501 
944,23.6 ,-0.00392213 ,0.0387128 
945,23.625 ,-0.00391908 ,0.0386756 
946,23.65 ,-0.00391601 ,0.0386384 
947,23.675 ,-0.00391293 ,0.0386013 
948,23.7 ,-0.00390983 ,0.0385643 
949,23.725 ,-0.00390672 ,0.0385273 
950,23.75 ,-0.00390359 ,0.0384904 
951,23.775 ,-0.00390045 ,0.0384536 
952,23.8 ,-0.00389729 ,0.0384168 
953,23.825 ,-0.00389411 ,0.0383801 
954,23.85 ,-0.00389092 ,0.0383435 
955,23.875 ,-0.00388772 ,0.038307 
956,23.9 ,-0.0038845 ,0.0382705 
957,23.925 ,-0.00388127 ,0.0382341 
958,23.95 ,-0.00387802 ,0.0381978 
959,23.975 ,-0.00387476 ,0.0381615 
960,24 ,-0.00387149 ,0.0381253 
961,24.025 ,-0.0038682 ,0.0380892 
962,24.05 ,-0.0038649 ,0.0380531 
963,24.075 ,-0.00386158 ,0.0380171 
964,24.1 ,-0.00385826 ,0.0379812 
965,24.125 ,-0.00385491 ,0.0379453 
966,24.15 ,-0.00385156 ,0.0379095 
967,24.175 ,-0.00384819 ,0.0378738 
968,24.2 ,-0.00384481 ,0.0378381 
969,24.225 ,-0.00384141 ,0.0378025 
970,24.25 ,-0.00383801 ,0.037767 
971,24.275 ,-0.00383459 ,0.0377315 
972,24.3 ,-0.00383115 ,0.0376961 
973,24.325 ,-0.00382771 ,0.0376608 
974,24.35 ,-0.00382425 ,0.0376255 
975,24.375 ,-0.00382078 ,0.0375903 
976,24.4 ,-0.0038173 ,0.0375551 
977,24.425 ,-0.00381381 ,0.0375201 
978,24.45 ,-0.00381031 ,0.037485 
979,24.475 ,-0.00380679 ,0.0374501 
980,24.5 ,-0.00380326 ,0.0374152 
981,24.525 ,-0.00379972 ,0.0373804 
982,24.55 ,-0.00379617 ,0.0373456 
983,24.575 ,-0.00379261 ,0.037311 
984,24.6 ,-0.00378904 ,0.0372763 
985,24.625 ,-0.00378546 ,0.0372418 
986,24.65 ,-0.00378186 ,0.0372073 
987,24.675 ,-0.00377826 ,0.0371728 
988,24.7 ,-0.00377464 ,0.0371385 
989,24.725 ,-0.00377102 ,0.0371042 
990,24.75 ,-0.00376738 ,0.0370699 
991,24.775 ,-0.00376373 ,0.0370357 
992,24.8 ,-0.00376008 ,0.0370016 
993,24.825 ,-0.00375641 ,0.0369675 
994,24.85 ,-0.00375273 ,0.0369335 
995,24.875 ,-0.00374905 ,0.0368996 
996,24.9 ,-0.00374535 ,0.0368657 
997,24.925 ,-0.00374164 ,0.0368319 
998,24.95 ,-0.00373793 ,0.0367982 
999,24.975 ,-0.0037342 ,0.0367645 
1000,25 ,-0.00373047 ,0.0367308 