N_e = 2
1,0.025 ,0.000950702 ,-3198.07 
2,0.05 ,0.000950702 ,-798.073 
3,0.075 ,0.000950702 ,-353.628 
4,0.1 ,0.00164605 ,-198.073 
5,0.125 ,0.00254543 ,-126.073 
6,0.15 ,0.00364545 ,-86.962 
7,0.175 ,0.00494361 ,-63.3793 
8,0.2 ,0.00643759 ,-48.0734 
9,0.225 ,0.00812498 ,-37.5797 
10,0.25 ,0.0100032 ,-30.0737 
11,0.275 ,0.0120694 ,-24.5202 
12,0.3 ,0.0143205 ,-20.2964 
13,0.325 ,0.0167533 ,-17.0094 
14,0.35 ,0.0193642 ,-14.4013 
15,0.375 ,0.0221493 ,-12.2973 
16,0.4 ,0.0251047 ,-10.5754 
17,0.425 ,0.028226 ,-9.14836 
18,0.45 ,0.0315086 ,-7.9526 
19,0.475 ,0.0349478 ,-6.9407 
20,0.5 ,0.0385386 ,-6.07684 
21,0.525 ,0.0422758 ,-5.33349 
22,0.55 ,0.0461539 ,-4.68927 
23,0.575 ,0.0501672 ,-4.12731 
24,0.6 ,0.0543099 ,-3.6342 
25,0.625 ,0.058576 ,-3.19915 
26,0.65 ,0.0629591 ,-2.8134 
27,0.675 ,0.067453 ,-2.4698 
28,0.7 ,0.0720509 ,-2.16242 
29,0.725 ,0.0767463 ,-1.88637 
30,0.75 ,0.0815321 ,-1.63754 
31,0.775 ,0.0864013 ,-1.41248 
32,0.8 ,0.0913468 ,-1.20826 
33,0.825 ,0.0963613 ,-1.02241 
34,0.85 ,0.101437 ,-0.852785 
35,0.875 ,0.106567 ,-0.697575 
36,0.9 ,0.111744 ,-0.555197 
37,0.925 ,0.116959 ,-0.424285 
38,0.95 ,0.122206 ,-0.303651 
39,0.975 ,0.127475 ,-0.192257 
40,1 ,0.13276 ,-0.0891912 
41,1.025 ,0.138052 ,0.006346 
42,1.05 ,0.143344 ,0.0950612 
43,1.075 ,0.148627 ,0.17758 
44,1.1 ,0.153894 ,0.254457 
45,1.125 ,0.159136 ,0.326186 
46,1.15 ,0.164346 ,0.393208 
47,1.175 ,0.169515 ,0.455919 
48,1.2 ,0.174636 ,0.514671 
49,1.225 ,0.179701 ,0.569783 
50,1.25 ,0.184702 ,0.621542 
51,1.275 ,0.189631 ,0.670206 
52,1.3 ,0.194481 ,0.716009 
53,1.325 ,0.199243 ,0.759165 
54,1.35 ,0.203912 ,0.799865 
55,1.375 ,0.208478 ,0.838285 
56,1.4 ,0.212935 ,0.874585 
57,1.425 ,0.217276 ,0.908911 
58,1.45 ,0.221493 ,0.941397 
59,1.475 ,0.22558 ,0.972164 
60,1.5 ,0.22953 ,1.00133 
61,1.525 ,0.233336 ,1.02899 
62,1.55 ,0.236992 ,1.05524 
63,1.575 ,0.240492 ,1.08017 
64,1.6 ,0.24383 ,1.10386 
65,1.625 ,0.246999 ,1.12638 
66,1.65 ,0.249994 ,1.14781 
67,1.675 ,0.252811 ,1.16821 
68,1.7 ,0.255442 ,1.18763 
69,1.725 ,0.257884 ,1.20613 
70,1.75 ,0.260132 ,1.22377 
71,1.775 ,0.262181 ,1.24058 
72,1.8 ,0.264026 ,1.25662 
73,1.825 ,0.265664 ,1.27192 
74,1.85 ,0.267091 ,1.28653 
75,1.875 ,0.268303 ,1.30048 
76,1.9 ,0.269297 ,1.31379 
77,1.925 ,0.27007 ,1.32651 
78,1.95 ,0.27062 ,1.33867 
79,1.975 ,0.270942 ,1.35028 
80,2 ,0.271036 ,1.36138 
81,2.025 ,0.2709 ,1.372 
82,2.05 ,0.270531 ,1.38214 
83,2.075 ,0.269929 ,1.39184 
84,2.1 ,0.269091 ,1.40111 
85,2.125 ,0.268019 ,1.40998 
86,2.15 ,0.26671 ,1.41846 
87,2.175 ,0.265164 ,1.42657 
88,2.2 ,0.263382 ,1.43432 
89,2.225 ,0.261365 ,1.44173 
90,2.25 ,0.259111 ,1.44882 
91,2.275 ,0.256623 ,1.45559 
92,2.3 ,0.253902 ,1.46206 
93,2.325 ,0.250948 ,1.46824 
94,2.35 ,0.247765 ,1.47415 
95,2.375 ,0.244353 ,1.47978 
96,2.4 ,0.240715 ,1.48517 
97,2.425 ,0.236853 ,1.4903 
98,2.45 ,0.232772 ,1.4952 
99,2.475 ,0.228472 ,1.49987 
100,2.5 ,0.223959 ,1.50432 
101,2.525 ,0.219234 ,1.50855 
102,2.55 ,0.214304 ,1.51258 
103,2.575 ,0.20917 ,1.51641 
104,2.6 ,0.203839 ,1.52006 
105,2.625 ,0.198313 ,1.52351 
106,2.65 ,0.192599 ,1.52679 
107,2.675 ,0.186702 ,1.5299 
108,2.7 ,0.180625 ,1.53283 
109,2.725 ,0.174376 ,1.53561 
110,2.75 ,0.167959 ,1.53823 
111,2.775 ,0.161381 ,1.5407 
112,2.8 ,0.154648 ,1.54302 
113,2.825 ,0.147765 ,1.5452 
114,2.85 ,0.14074 ,1.54724 
115,2.875 ,0.133578 ,1.54914 
116,2.9 ,0.126287 ,1.55092 
117,2.925 ,0.118874 ,1.55257 
118,2.95 ,0.111346 ,1.55409 
119,2.975 ,0.103709 ,1.5555 
120,3 ,0.0959717 ,1.55679 
121,3.025 ,0.0881409 ,1.55796 
122,3.05 ,0.0802243 ,1.55903 
123,3.075 ,0.0722295 ,1.55999 
124,3.1 ,0.0641643 ,1.56084 
125,3.125 ,0.0560365 ,1.5616 
126,3.15 ,0.047854 ,1.56225 
127,3.175 ,0.0396248 ,1.56281 
128,3.2 ,0.0313569 ,1.56327 
129,3.225 ,0.0230584 ,1.56364 
130,3.25 ,0.0147373 ,1.56392 
131,3.275 ,0.00640184 ,1.56411 
132,3.3 ,-0.00193989 ,1.56422 
133,3.325 ,-0.0102797 ,1.56424 
134,3.35 ,-0.0186095 ,1.56418 
135,3.375 ,-0.0269211 ,1.56404 
136,3.4 ,-0.0352064 ,1.56382 
137,3.425 ,-0.0434572 ,1.56353 
138,3.45 ,-0.0516657 ,1.56316 
139,3.475 ,-0.0598236 ,1.56272 
140,3.5 ,-0.0679231 ,1.5622 
141,3.525 ,-0.0759563 ,1.56162 
142,3.55 ,-0.0839154 ,1.56096 
143,3.575 ,-0.0917926 ,1.56024 
144,3.6 ,-0.0995803 ,1.55945 
145,3.625 ,-0.107271 ,1.55859 
146,3.65 ,-0.114857 ,1.55768 
147,3.675 ,-0.122331 ,1.55669 
148,3.7 ,-0.129687 ,1.55565 
149,3.725 ,-0.136916 ,1.55455 
150,3.75 ,-0.144012 ,1.55338 
151,3.775 ,-0.150969 ,1.55216 
152,3.8 ,-0.157779 ,1.55088 
153,3.825 ,-0.164436 ,1.54955 
154,3.85 ,-0.170934 ,1.54815 
155,3.875 ,-0.177266 ,1.54671 
156,3.9 ,-0.183427 ,1.54521 
157,3.925 ,-0.189411 ,1.54366 
158,3.95 ,-0.195213 ,1.54205 
159,3.975 ,-0.200826 ,1.54039 
160,4 ,-0.206246 ,1.53869 
161,4.025 ,-0.211467 ,1.53693 
162,4.05 ,-0.216486 ,1.53512 
163,4.075 ,-0.221296 ,1.53327 
164,4.1 ,-0.225895 ,1.53136 
165,4.125 ,-0.230277 ,1.52941 
166,4.15 ,-0.23444 ,1.52742 
167,4.175 ,-0.238378 ,1.52538 
168,4.2 ,-0.24209 ,1.52329 
169,4.225 ,-0.245571 ,1.52116 
170,4.25 ,-0.248818 ,1.51898 
171,4.275 ,-0.251829 ,1.51676 
172,4.3 ,-0.254602 ,1.5145 
173,4.325 ,-0.257133 ,1.51219 
174,4.35 ,-0.259422 ,1.50984 
175,4.375 ,-0.261466 ,1.50745 
176,4.4 ,-0.263263 ,1.50502 
177,4.425 ,-0.264813 ,1.50255 
178,4.45 ,-0.266114 ,1.50004 
179,4.475 ,-0.267166 ,1.49749 
180,4.5 ,-0.267967 ,1.4949 
181,4.525 ,-0.268519 ,1.49227 
182,4.55 ,-0.26882 ,1.48961 
183,4.575 ,-0.26887 ,1.4869 
184,4.6 ,-0.268671 ,1.48416 
185,4.625 ,-0.268223 ,1.48138 
186,4.65 ,-0.267526 ,1.47856 
187,4.675 ,-0.266582 ,1.47571 
188,4.7 ,-0.265392 ,1.47281 
189,4.725 ,-0.263958 ,1.46989 
190,4.75 ,-0.262282 ,1.46693 
191,4.775 ,-0.260365 ,1.46393 
192,4.8 ,-0.258209 ,1.4609 
193,4.825 ,-0.255818 ,1.45783 
194,4.85 ,-0.253194 ,1.45473 
195,4.875 ,-0.25034 ,1.45159 
196,4.9 ,-0.247259 ,1.44842 
197,4.925 ,-0.243954 ,1.44522 
198,4.95 ,-0.240428 ,1.44198 
199,4.975 ,-0.236686 ,1.43871 
200,5 ,-0.232731 ,1.43541 
201,5.025 ,-0.228568 ,1.43208 
202,5.05 ,-0.2242 ,1.42871 
203,5.075 ,-0.219631 ,1.42531 
204,5.1 ,-0.214867 ,1.42188 
205,5.125 ,-0.209912 ,1.41842 
206,5.15 ,-0.204771 ,1.41492 
207,5.175 ,-0.199449 ,1.4114 
208,5.2 ,-0.193951 ,1.40784 
209,5.225 ,-0.188282 ,1.40425 
210,5.25 ,-0.182448 ,1.40063 
211,5.275 ,-0.176454 ,1.39698 
212,5.3 ,-0.170306 ,1.3933 
213,5.325 ,-0.16401 ,1.3896 
214,5.35 ,-0.157572 ,1.38586 
215,5.375 ,-0.150997 ,1.38209 
216,5.4 ,-0.144292 ,1.37829 
217,5.425 ,-0.137462 ,1.37446 
218,5.45 ,-0.130514 ,1.3706 
219,5.475 ,-0.123455 ,1.36672 
220,5.5 ,-0.11629 ,1.3628 
221,5.525 ,-0.109026 ,1.35886 
222,5.55 ,-0.101669 ,1.35489 
223,5.575 ,-0.0942264 ,1.35089 
224,5.6 ,-0.0867041 ,1.34686 
225,5.625 ,-0.0791089 ,1.3428 
226,5.65 ,-0.0714472 ,1.33871 
227,5.675 ,-0.0637258 ,1.3346 
228,5.7 ,-0.0559512 ,1.33046 
229,5.725 ,-0.0481301 ,1.32629 
230,5.75 ,-0.0402691 ,1.32209 
231,5.775 ,-0.0323749 ,1.31787 
232,5.8 ,-0.0244539 ,1.31362 
233,5.825 ,-0.0165129 ,1.30934 
234,5.85 ,-0.00855837 ,1.30503 
235,5.875 ,-0.000596851 ,1.3007 
236,5.9 ,0.00736516 ,1.29634 
237,5.925 ,0.0153212 ,1.29195 
238,5.95 ,0.0232649 ,1.28754 
239,5.975 ,0.0311898 ,1.2831 
240,6 ,0.0390898 ,1.27863 
241,6.025 ,0.0469585 ,1.27414 
242,6.05 ,0.0547898 ,1.26962 
243,6.075 ,0.0625777 ,1.26508 
244,6.1 ,0.0703161 ,1.2605 
245,6.125 ,0.0779991 ,1.25591 
246,6.15 ,0.0856209 ,1.25128 
247,6.175 ,0.0931757 ,1.24663 
248,6.2 ,0.100658 ,1.24196 
249,6.225 ,0.108062 ,1.23726 
250,6.25 ,0.115383 ,1.23253 
251,6.275 ,0.122614 ,1.22778 
252,6.3 ,0.129752 ,1.22301 
253,6.325 ,0.13679 ,1.2182 
254,6.35 ,0.143725 ,1.21338 
255,6.375 ,0.15055 ,1.20852 
256,6.4 ,0.157262 ,1.20364 
257,6.425 ,0.163855 ,1.19874 
258,6.45 ,0.170326 ,1.19381 
259,6.475 ,0.176669 ,1.18886 
260,6.5 ,0.182881 ,1.18388 
261,6.525 ,0.188958 ,1.17888 
262,6.55 ,0.194896 ,1.17385 
263,6.575 ,0.200691 ,1.1688 
264,6.6 ,0.206339 ,1.16372 
265,6.625 ,0.211837 ,1.15862 
266,6.65 ,0.217182 ,1.1535 
267,6.675 ,0.22237 ,1.14835 
268,6.7 ,0.227398 ,1.14317 
269,6.725 ,0.232264 ,1.13797 
270,6.75 ,0.236965 ,1.13275 
271,6.775 ,0.241498 ,1.1275 
272,6.8 ,0.245861 ,1.12223 
273,6.825 ,0.250052 ,1.11694 
274,6.85 ,0.254068 ,1.11162 
275,6.875 ,0.257907 ,1.10627 
276,6.9 ,0.261569 ,1.10091 
277,6.925 ,0.26505 ,1.09552 
278,6.95 ,0.26835 ,1.0901 
279,6.975 ,0.271467 ,1.08466 
280,7 ,0.2744 ,1.0792 
281,7.025 ,0.277147 ,1.07371 
282,7.05 ,0.279709 ,1.0682 
283,7.075 ,0.282084 ,1.06267 
284,7.1 ,0.284272 ,1.05711 
285,7.125 ,0.286272 ,1.05153 
286,7.15 ,0.288084 ,1.04592 
287,7.175 ,0.289708 ,1.0403 
288,7.2 ,0.291143 ,1.03465 
289,7.225 ,0.29239 ,1.02897 
290,7.25 ,0.293449 ,1.02327 
291,7.275 ,0.29432 ,1.01755 
292,7.3 ,0.295004 ,1.01181 
293,7.325 ,0.295502 ,1.00604 
294,7.35 ,0.295814 ,1.00025 
295,7.375 ,0.29594 ,0.994433 
296,7.4 ,0.295883 ,0.988596 
297,7.425 ,0.295644 ,0.982736 
298,7.45 ,0.295222 ,0.976852 
299,7.475 ,0.29462 ,0.970946 
300,7.5 ,0.29384 ,0.965016 
301,7.525 ,0.292882 ,0.959063 
302,7.55 ,0.291749 ,0.953088 
303,7.575 ,0.290442 ,0.94709 
304,7.6 ,0.288963 ,0.941068 
305,7.625 ,0.287314 ,0.935024 
306,7.65 ,0.285497 ,0.928957 
307,7.675 ,0.283515 ,0.922868 
308,7.7 ,0.281369 ,0.916755 
309,7.725 ,0.279062 ,0.91062 
310,7.75 ,0.276596 ,0.904462 
311,7.775 ,0.273973 ,0.898282 
312,7.8 ,0.271197 ,0.892079 
313,7.825 ,0.268269 ,0.885853 
314,7.85 ,0.265193 ,0.879605 
315,7.875 ,0.261972 ,0.873345 
316,7.9 ,0.258607 ,0.867119 
317,7.925 ,0.255102 ,0.860932 
318,7.95 ,0.25146 ,0.854783 
319,7.975 ,0.247683 ,0.848672 
320,8 ,0.243776 ,0.842599 
321,8.025 ,0.239739 ,0.836562 
322,8.05 ,0.235578 ,0.830563 
323,8.075 ,0.231294 ,0.824601 
324,8.1 ,0.226891 ,0.818674 
325,8.125 ,0.222372 ,0.812784 
326,8.15 ,0.21774 ,0.806929 
327,8.175 ,0.212998 ,0.801109 
328,8.2 ,0.208149 ,0.795324 
329,8.225 ,0.203197 ,0.789574 
330,8.25 ,0.198145 ,0.783858 
331,8.275 ,0.192995 ,0.778176 
332,8.3 ,0.187752 ,0.772528 
333,8.325 ,0.182418 ,0.766913 
334,8.35 ,0.176997 ,0.761331 
335,8.375 ,0.171491 ,0.755782 
336,8.4 ,0.165905 ,0.750266 
337,8.425 ,0.16024 ,0.744782 
338,8.45 ,0.154501 ,0.73933 
339,8.475 ,0.148691 ,0.733909 
340,8.5 ,0.142812 ,0.72852 
341,8.525 ,0.136869 ,0.723162 
342,8.55 ,0.130863 ,0.717835 
343,8.575 ,0.124799 ,0.712538 
344,8.6 ,0.118679 ,0.707272 
345,8.625 ,0.112507 ,0.702036 
346,8.65 ,0.106286 ,0.69683 
347,8.675 ,0.100018 ,0.691653 
348,8.7 ,0.0937067 ,0.686505 
349,8.725 ,0.0873554 ,0.681387 
350,8.75 ,0.0809669 ,0.676298 
351,8.775 ,0.0745442 ,0.671237 
352,8.8 ,0.0680902 ,0.666204 
353,8.825 ,0.0616078 ,0.661199 
354,8.85 ,0.0551 ,0.656223 
355,8.875 ,0.0485696 ,0.651274 
356,8.9 ,0.0420194 ,0.646352 
357,8.925 ,0.0354522 ,0.641458 
358,8.95 ,0.0288708 ,0.63659 
359,8.975 ,0.0222779 ,0.631749 
360,9 ,0.0156762 ,0.626935 
361,9.025 ,0.00906841 ,0.622147 
362,9.05 ,0.00245706 ,0.617385 
363,9.075 ,-0.00415525 ,0.612649 
364,9.1 ,-0.010766 ,0.607939 
365,9.125 ,-0.0173726 ,0.603254 
366,9.15 ,-0.0239727 ,0.598594 
367,9.175 ,-0.0305638 ,0.593959 
368,9.2 ,-0.0371436 ,0.58935 
369,9.225 ,-0.0437097 ,0.584764 
370,9.25 ,-0.0502598 ,0.580204 
371,9.275 ,-0.0567917 ,0.575667 
372,9.3 ,-0.0633032 ,0.571155 
373,9.325 ,-0.0697921 ,0.566666 
374,9.35 ,-0.0762563 ,0.562201 
375,9.375 ,-0.0826936 ,0.55776 
376,9.4 ,-0.0891022 ,0.553342 
377,9.425 ,-0.0954799 ,0.548947 
378,9.45 ,-0.101825 ,0.544575 
379,9.475 ,-0.108135 ,0.540225 
380,9.5 ,-0.114409 ,0.535898 
381,9.525 ,-0.120645 ,0.531594 
382,9.55 ,-0.12684 ,0.527312 
383,9.575 ,-0.132994 ,0.523052 
384,9.6 ,-0.139104 ,0.518814 
385,9.625 ,-0.145169 ,0.514597 
386,9.65 ,-0.151187 ,0.510403 
387,9.675 ,-0.157157 ,0.506229 
388,9.7 ,-0.163078 ,0.502077 
389,9.725 ,-0.168947 ,0.497946 
390,9.75 ,-0.174764 ,0.493835 
391,9.775 ,-0.180527 ,0.489746 
392,9.8 ,-0.186234 ,0.485677 
393,9.825 ,-0.191885 ,0.481629 
394,9.85 ,-0.197478 ,0.4776 
395,9.875 ,-0.203012 ,0.473592 
396,9.9 ,-0.208487 ,0.469604 
397,9.925 ,-0.2139 ,0.465636 
398,9.95 ,-0.21925 ,0.461687 
399,9.975 ,-0.224538 ,0.457758 
400,10 ,-0.229761 ,0.453849 
401,10.025 ,-0.234919 ,0.449958 
402,10.05 ,-0.240011 ,0.446087 
403,10.075 ,-0.245036 ,0.442235 
404,10.1 ,-0.249994 ,0.438401 
405,10.125 ,-0.254883 ,0.434586 
406,10.15 ,-0.259702 ,0.43079 
407,10.175 ,-0.264452 ,0.427012 
408,10.2 ,-0.269131 ,0.423253 
409,10.225 ,-0.273739 ,0.419511 
410,10.25 ,-0.278275 ,0.415788 
411,10.275 ,-0.282739 ,0.412082 
412,10.3 ,-0.28713 ,0.408395 
413,10.325 ,-0.291448 ,0.404725 
414,10.35 ,-0.295692 ,0.401072 
415,10.375 ,-0.299862 ,0.397437 
416,10.4 ,-0.303957 ,0.393819 
417,10.425 ,-0.307978 ,0.390218 
418,10.45 ,-0.311924 ,0.386634 
419,10.475 ,-0.315794 ,0.383068 
420,10.5 ,-0.319588 ,0.379518 
421,10.525 ,-0.323307 ,0.375984 
422,10.55 ,-0.32695 ,0.372467 
423,10.575 ,-0.330517 ,0.368967 
424,10.6 ,-0.334007 ,0.365483 
425,10.625 ,-0.337421 ,0.362015 
426,10.65 ,-0.340759 ,0.358563 
427,10.675 ,-0.344021 ,0.355127 
428,10.7 ,-0.347206 ,0.351707 
429,10.725 ,-0.350315 ,0.348303 
430,10.75 ,-0.353347 ,0.344914 
431,10.775 ,-0.356303 ,0.341541 
432,10.8 ,-0.359184 ,0.338183 
433,10.825 ,-0.361988 ,0.334841 
434,10.85 ,-0.364717 ,0.331514 
435,10.875 ,-0.36737 ,0.328202 
436,10.9 ,-0.369948 ,0.324905 
437,10.925 ,-0.37245 ,0.321623 
438,10.95 ,-0.374878 ,0.318356 
439,10.975 ,-0.377231 ,0.315103 
440,11 ,-0.37951 ,0.311865 
441,11.025 ,-0.381715 ,0.308642 
442,11.05 ,-0.383846 ,0.305433 
443,11.075 ,-0.385904 ,0.302238 
444,11.1 ,-0.387889 ,0.299058 
445,11.125 ,-0.389802 ,0.295891 
446,11.15 ,-0.391642 ,0.292739 
447,11.175 ,-0.393411 ,0.289601 
448,11.2 ,-0.395109 ,0.286476 
449,11.225 ,-0.396736 ,0.283365 
450,11.25 ,-0.398292 ,0.280268 
451,11.275 ,-0.399779 ,0.277185 
452,11.3 ,-0.401197 ,0.274115 
453,11.325 ,-0.402546 ,0.271058 
454,11.35 ,-0.403826 ,0.268015 
455,11.375 ,-0.405039 ,0.264985 
456,11.4 ,-0.406185 ,0.261968 
457,11.425 ,-0.407265 ,0.258964 
458,11.45 ,-0.408278 ,0.255973 
459,11.475 ,-0.409226 ,0.252995 
460,11.5 ,-0.41011 ,0.25003 
461,11.525 ,-0.410929 ,0.247078 
462,11.55 ,-0.411685 ,0.244138 
463,11.575 ,-0.412379 ,0.24121 
464,11.6 ,-0.41301 ,0.238296 
465,11.625 ,-0.413579 ,0.235393 
466,11.65 ,-0.414088 ,0.232503 
467,11.675 ,-0.414536 ,0.229625 
468,11.7 ,-0.414925 ,0.22676 
469,11.725 ,-0.415255 ,0.223906 
470,11.75 ,-0.415527 ,0.221065 
471,11.775 ,-0.415742 ,0.218235 
472,11.8 ,-0.4159 ,0.215417 
473,11.825 ,-0.416002 ,0.212611 
474,11.85 ,-0.416048 ,0.209817 
475,11.875 ,-0.416041 ,0.207034 
476,11.9 ,-0.415979 ,0.204263 
477,11.925 ,-0.415864 ,0.201504 
478,11.95 ,-0.415697 ,0.198755 
479,11.975 ,-0.415478 ,0.196019 
480,12 ,-0.415208 ,0.193293 
481,12.025 ,-0.414888 ,0.190579 
482,12.05 ,-0.414519 ,0.187876 
483,12.075 ,-0.414101 ,0.185183 
484,12.1 ,-0.413635 ,0.182502 
485,12.125 ,-0.413122 ,0.179832 
486,12.15 ,-0.412562 ,0.177173 
487,12.175 ,-0.411957 ,0.174524 
488,12.2 ,-0.411307 ,0.171887 
489,12.225 ,-0.410613 ,0.16926 
490,12.25 ,-0.409875 ,0.166643 
491,12.275 ,-0.409094 ,0.164037 
492,12.3 ,-0.408272 ,0.161442 
493,12.325 ,-0.407408 ,0.158857 
494,12.35 ,-0.406504 ,0.156282 
495,12.375 ,-0.405561 ,0.153718 
496,12.4 ,-0.404578 ,0.151164 
497,12.425 ,-0.403557 ,0.14862 
498,12.45 ,-0.402498 ,0.146086 
499,12.475 ,-0.401403 ,0.143562 
500,12.5 ,-0.400272 ,0.141049 
501,12.525 ,-0.399106 ,0.138545 
502,12.55 ,-0.397905 ,0.136051 
503,12.575 ,-0.39667 ,0.133567 
504,12.6 ,-0.395402 ,0.131092 
505,12.625 ,-0.394101 ,0.128628 
506,12.65 ,-0.392769 ,0.126172 
507,12.675 ,-0.391406 ,0.123727 
508,12.7 ,-0.390013 ,0.121291 
509,12.725 ,-0.38859 ,0.118865 
510,12.75 ,-0.387138 ,0.116448 
511,12.775 ,-0.385658 ,0.11404 
512,12.8 ,-0.384151 ,0.111642 
513,12.825 ,-0.382617 ,0.109252 
514,12.85 ,-0.381056 ,0.106873 
515,12.875 ,-0.37947 ,0.104502 
516,12.9 ,-0.37786 ,0.10214 
517,12.925 ,-0.376225 ,0.0997876 
518,12.95 ,-0.374567 ,0.097444 
519,12.975 ,-0.372886 ,0.0951093 
520,13 ,-0.371183 ,0.0927835 
521,13.025 ,-0.369458 ,0.0904666 
522,13.05 ,-0.367713 ,0.0881584 
523,13.075 ,-0.365947 ,0.085859 
524,13.1 ,-0.364161 ,0.0835683 
525,13.125 ,-0.362357 ,0.0812862 
526,13.15 ,-0.360534 ,0.0790128 
527,13.175 ,-0.358693 ,0.0767478 
528,13.2 ,-0.356835 ,0.0744914 
529,13.225 ,-0.354961 ,0.0722434 
530,13.25 ,-0.35307 ,0.0700038 
531,13.275 ,-0.351164 ,0.0677726 
532,13.3 ,-0.349243 ,0.0655497 
533,13.325 ,-0.347308 ,0.063335 
534,13.35 ,-0.345359 ,0.0611286 
535,13.375 ,-0.343397 ,0.0589303 
536,13.4 ,-0.341422 ,0.0567401 
537,13.425 ,-0.339435 ,0.054558 
538,13.45 ,-0.337437 ,0.052384 
539,13.475 ,-0.335427 ,0.050218 
540,13.5 ,-0.333407 ,0.0480599 
541,13.525 ,-0.331377 ,0.0459097 
542,13.55 ,-0.329338 ,0.0437673 
543,13.575 ,-0.327289 ,0.0416328 
544,13.6 ,-0.325232 ,0.039506 
545,13.625 ,-0.323167 ,0.037387 
546,13.65 ,-0.321094 ,0.0352757 
547,13.675 ,-0.319015 ,0.033172 
548,13.7 ,-0.316928 ,0.0310759 
549,13.725 ,-0.314836 ,0.0289874 
550,13.75 ,-0.312738 ,0.0269065 
551,13.775 ,-0.310634 ,0.024833 
552,13.8 ,-0.308526 ,0.0227669 
553,13.825 ,-0.306413 ,0.0207082 
554,13.85 ,-0.304296 ,0.018657 
555,13.875 ,-0.302176 ,0.016613 
556,13.9 ,-0.300053 ,0.0145763 
557,13.925 ,-0.297927 ,0.0125469 
558,13.95 ,-0.295798 ,0.0105246 
559,13.975 ,-0.293668 ,0.00850959 
560,14 ,-0.291536 ,0.00650167 
561,14.025 ,-0.289403 ,0.00450083 
562,14.05 ,-0.287269 ,0.00250706 
563,14.075 ,-0.285135 ,0.000520299 
564,14.1 ,-0.283 ,-0.00145948 
565,14.125 ,-0.280866 ,-0.00343231 
566,14.15 ,-0.278732 ,-0.00539823 
567,14.175 ,-0.2766 ,-0.00735728 
568,14.2 ,-0.274468 ,-0.0093095 
569,14.225 ,-0.272338 ,-0.0112549 
570,14.25 ,-0.270211 ,-0.0131936 
571,14.275 ,-0.268085 ,-0.0151255 
572,14.3 ,-0.265962 ,-0.0170507 
573,14.325 ,-0.263841 ,-0.0189693 
574,14.35 ,-0.261724 ,-0.0208812 
575,14.375 ,-0.259611 ,-0.0227866 
576,14.4 ,-0.2575 ,-0.0246853 
577,14.425 ,-0.255394 ,-0.0265776 
578,14.45 ,-0.253293 ,-0.0284634 
579,14.475 ,-0.251195 ,-0.0303427 
580,14.5 ,-0.249103 ,-0.0322156 
581,14.525 ,-0.247015 ,-0.0340821 
582,14.55 ,-0.244933 ,-0.0359423 
583,14.575 ,-0.242856 ,-0.0377961 
584,14.6 ,-0.240785 ,-0.0396436 
585,14.625 ,-0.23872 ,-0.0414849 
586,14.65 ,-0.236661 ,-0.0433199 
587,14.675 ,-0.234608 ,-0.0451488 
588,14.7 ,-0.232563 ,-0.0469714 
589,14.725 ,-0.230524 ,-0.048788 
590,14.75 ,-0.228492 ,-0.0505984 
591,14.775 ,-0.226467 ,-0.0524028 
592,14.8 ,-0.224449 ,-0.0542011 
593,14.825 ,-0.22244 ,-0.0559934 
594,14.85 ,-0.220438 ,-0.0577797 
595,14.875 ,-0.218444 ,-0.0595601 
596,14.9 ,-0.216458 ,-0.0613345 
597,14.925 ,-0.21448 ,-0.063103 
598,14.95 ,-0.212511 ,-0.0648657 
599,14.975 ,-0.21055 ,-0.0666226 
600,15 ,-0.208599 ,-0.0683736 
601,15.025 ,-0.206656 ,-0.0701189 
602,15.05 ,-0.204722 ,-0.0718584 
603,15.075 ,-0.202797 ,-0.0735922 
604,15.1 ,-0.200882 ,-0.0753203 
605,15.125 ,-0.198976 ,-0.0770427 
606,15.15 ,-0.19708 ,-0.0787595 
607,15.175 ,-0.195194 ,-0.0804707 
608,15.2 ,-0.193317 ,-0.0821763 
609,15.225 ,-0.19145 ,-0.0838764 
610,15.25 ,-0.189593 ,-0.0855709 
611,15.275 ,-0.187747 ,-0.0872599 
612,15.3 ,-0.18591 ,-0.0889435 
613,15.325 ,-0.184084 ,-0.0906216 
614,15.35 ,-0.182269 ,-0.0922943 
615,15.375 ,-0.180464 ,-0.0939616 
616,15.4 ,-0.178669 ,-0.0956235 
617,15.425 ,-0.176885 ,-0.0972801 
618,15.45 ,-0.175112 ,-0.0989313 
619,15.475 ,-0.17335 ,-0.100577 
620,15.5 ,-0.171599 ,-0.102218 
621,15.525 ,-0.169858 ,-0.103853 
622,15.55 ,-0.168129 ,-0.105484 
623,15.575 ,-0.166411 ,-0.107109 
624,15.6 ,-0.164703 ,-0.108729 
625,15.625 ,-0.163007 ,-0.110343 
626,15.65 ,-0.161323 ,-0.111953 
627,15.675 ,-0.159649 ,-0.113558 
628,15.7 ,-0.157987 ,-0.115157 
629,15.725 ,-0.156337 ,-0.116751 
630,15.75 ,-0.154697 ,-0.118341 
631,15.775 ,-0.153069 ,-0.119925 
632,15.8 ,-0.151453 ,-0.121505 
633,15.825 ,-0.149848 ,-0.123079 
634,15.85 ,-0.148255 ,-0.124649 
635,15.875 ,-0.146673 ,-0.126213 
636,15.9 ,-0.145103 ,-0.127773 
637,15.925 ,-0.143544 ,-0.129328 
638,15.95 ,-0.141997 ,-0.130878 
639,15.975 ,-0.140462 ,-0.132423 
640,16 ,-0.138938 ,-0.133964 
641,16.025 ,-0.137426 ,-0.1355 
642,16.05 ,-0.135925 ,-0.137031 
643,16.075 ,-0.134436 ,-0.138557 
644,16.1 ,-0.132959 ,-0.140078 
645,16.125 ,-0.131493 ,-0.141595 
646,16.15 ,-0.130039 ,-0.143107 
647,16.175 ,-0.128597 ,-0.144615 
648,16.2 ,-0.127166 ,-0.146118 
649,16.225 ,-0.125747 ,-0.147616 
650,16.25 ,-0.124339 ,-0.14911 
651,16.275 ,-0.122944 ,-0.150599 
652,16.3 ,-0.121559 ,-0.152084 
653,16.325 ,-0.120186 ,-0.153564 
654,16.35 ,-0.118825 ,-0.15504 
655,16.375 ,-0.117475 ,-0.156511 
656,16.4 ,-0.116137 ,-0.157978 
657,16.425 ,-0.11481 ,-0.15944 
658,16.45 ,-0.113495 ,-0.160898 
659,16.475 ,-0.112191 ,-0.162351 
660,16.5 ,-0.110898 ,-0.163801 
661,16.525 ,-0.109617 ,-0.165245 
662,16.55 ,-0.108347 ,-0.166686 
663,16.575 ,-0.107089 ,-0.168122 
664,16.6 ,-0.105841 ,-0.169554 
665,16.625 ,-0.104605 ,-0.170982 
666,16.65 ,-0.10338 ,-0.172405 
667,16.675 ,-0.102167 ,-0.173824 
668,16.7 ,-0.100964 ,-0.175239 
669,16.725 ,-0.0997722 ,-0.17665 
670,16.75 ,-0.0985916 ,-0.178056 
671,16.775 ,-0.0974219 ,-0.179458 
672,16.8 ,-0.0962632 ,-0.180857 
673,16.825 ,-0.0951153 ,-0.182251 
674,16.85 ,-0.0939783 ,-0.183641 
675,16.875 ,-0.0928521 ,-0.185027 
676,16.9 ,-0.0917366 ,-0.186408 
677,16.925 ,-0.0906317 ,-0.187786 
678,16.95 ,-0.0895376 ,-0.18916 
679,16.975 ,-0.088454 ,-0.19053 
680,17 ,-0.0873809 ,-0.191895 
681,17.025 ,-0.0863184 ,-0.193257 
682,17.05 ,-0.0852662 ,-0.194615 
683,17.075 ,-0.0842244 ,-0.195969 
684,17.1 ,-0.083193 ,-0.197319 
685,17.125 ,-0.0821718 ,-0.198665 
686,17.15 ,-0.0811608 ,-0.200007 
687,17.175 ,-0.0801599 ,-0.201345 
688,17.2 ,-0.0791691 ,-0.202679 
689,17.225 ,-0.0781884 ,-0.20401 
690,17.25 ,-0.0772176 ,-0.205336 
691,17.275 ,-0.0762568 ,-0.206659 
692,17.3 ,-0.0753058 ,-0.207978 
693,17.325 ,-0.0743645 ,-0.209294 
694,17.35 ,-0.073433 ,-0.210605 
695,17.375 ,-0.0725112 ,-0.211913 
696,17.4 ,-0.071599 ,-0.213217 
697,17.425 ,-0.0706963 ,-0.214517 
698,17.45 ,-0.0698031 ,-0.215814 
699,17.475 ,-0.0689193 ,-0.217107 
700,17.5 ,-0.0680449 ,-0.218396 
701,17.525 ,-0.0671797 ,-0.219682 
702,17.55 ,-0.0663238 ,-0.220964 
703,17.575 ,-0.065477 ,-0.222242 
704,17.6 ,-0.0646394 ,-0.223517 
705,17.625 ,-0.0638107 ,-0.224788 
706,17.65 ,-0.062991 ,-0.226056 
707,17.675 ,-0.0621803 ,-0.22732 
708,17.7 ,-0.0613783 ,-0.22858 
709,17.725 ,-0.0605852 ,-0.229837 
710,17.75 ,-0.0598007 ,-0.231091 
711,17.775 ,-0.0590248 ,-0.232341 
712,17.8 ,-0.0582576 ,-0.233587 
713,17.825 ,-0.0574988 ,-0.23483 
714,17.85 ,-0.0567485 ,-0.23607 
715,17.875 ,-0.0560066 ,-0.237306 
716,17.9 ,-0.0552729 ,-0.238539 
717,17.925 ,-0.0545475 ,-0.239768 
718,17.95 ,-0.0538303 ,-0.240994 
719,17.975 ,-0.0531212 ,-0.242216 
720,18 ,-0.0524201 ,-0.243435 
721,18.025 ,-0.051727 ,-0.244651 
722,18.05 ,-0.0510418 ,-0.245863 
723,18.075 ,-0.0503645 ,-0.247073 
724,18.1 ,-0.0496949 ,-0.248278 
725,18.125 ,-0.049033 ,-0.249481 
726,18.15 ,-0.0483788 ,-0.25068 
727,18.175 ,-0.0477322 ,-0.251876 
728,18.2 ,-0.0470931 ,-0.253068 
729,18.225 ,-0.0464614 ,-0.254258 
730,18.25 ,-0.0458371 ,-0.255444 
731,18.275 ,-0.0452202 ,-0.256627 
732,18.3 ,-0.0446104 ,-0.257807 
733,18.325 ,-0.0440079 ,-0.258983 
734,18.35 ,-0.0434125 ,-0.260156 
735,18.375 ,-0.0428242 ,-0.261327 
736,18.4 ,-0.0422428 ,-0.262494 
737,18.425 ,-0.0416684 ,-0.263657 
738,18.45 ,-0.0411008 ,-0.264818 
739,18.475 ,-0.0405401 ,-0.265976 
740,18.5 ,-0.0399861 ,-0.26713 
741,18.525 ,-0.0394387 ,-0.268282 
742,18.55 ,-0.038898 ,-0.26943 
743,18.575 ,-0.0383638 ,-0.270575 
744,18.6 ,-0.0378362 ,-0.271717 
745,18.625 ,-0.0373149 ,-0.272856 
746,18.65 ,-0.0368 ,-0.273993 
747,18.675 ,-0.0362914 ,-0.275126 
748,18.7 ,-0.0357891 ,-0.276256 
749,18.725 ,-0.0352929 ,-0.277383 
750,18.75 ,-0.0348028 ,-0.278507 
751,18.775 ,-0.0343188 ,-0.279628 
752,18.8 ,-0.0338408 ,-0.280746 
753,18.825 ,-0.0333688 ,-0.281861 
754,18.85 ,-0.0329026 ,-0.282974 
755,18.875 ,-0.0324422 ,-0.284083 
756,18.9 ,-0.0319876 ,-0.285189 
757,18.925 ,-0.0315387 ,-0.286293 
758,18.95 ,-0.0310954 ,-0.287394 
759,18.975 ,-0.0306578 ,-0.288491 
760,19 ,-0.0302256 ,-0.289586 
761,19.025 ,-0.029799 ,-0.290678 
762,19.05 ,-0.0293777 ,-0.291768 
763,19.075 ,-0.0289618 ,-0.292854 
764,19.1 ,-0.0285512 ,-0.293937 
765,19.125 ,-0.0281458 ,-0.295018 
766,19.15 ,-0.0277457 ,-0.296096 
767,19.175 ,-0.0273506 ,-0.297171 
768,19.2 ,-0.0269607 ,-0.298243 
769,19.225 ,-0.0265757 ,-0.299313 
770,19.25 ,-0.0261958 ,-0.30038 
771,19.275 ,-0.0258207 ,-0.301444 
772,19.3 ,-0.0254506 ,-0.302505 
773,19.325 ,-0.0250852 ,-0.303564 
774,19.35 ,-0.0247246 ,-0.30462 
775,19.375 ,-0.0243687 ,-0.305673 
776,19.4 ,-0.0240175 ,-0.306723 
777,19.425 ,-0.0236708 ,-0.307771 
778,19.45 ,-0.0233287 ,-0.308816 
779,19.475 ,-0.0229912 ,-0.309858 
780,19.5 ,-0.022658 ,-0.310898 
781,19.525 ,-0.0223293 ,-0.311935 
782,19.55 ,-0.0220049 ,-0.31297 
783,19.575 ,-0.0216849 ,-0.314002 
784,19.6 ,-0.0213691 ,-0.315031 
785,19.625 ,-0.0210575 ,-0.316058 
786,19.65 ,-0.02075 ,-0.317082 
787,19.675 ,-0.0204467 ,-0.318103 
788,19.7 ,-0.0201474 ,-0.319122 
789,19.725 ,-0.0198522 ,-0.320138 
790,19.75 ,-0.0195609 ,-0.321152 
791,19.775 ,-0.0192735 ,-0.322163 
792,19.8 ,-0.0189901 ,-0.323172 
793,19.825 ,-0.0187104 ,-0.324178 
794,19.85 ,-0.0184346 ,-0.325182 
795,19.875 ,-0.0181625 ,-0.326183 
796,19.9 ,-0.0178941 ,-0.327182 
797,19.925 ,-0.0176294 ,-0.328178 
798,19.95 ,-0.0173683 ,-0.329171 
799,19.975 ,-0.0171107 ,-0.330163 
800,20 ,-0.0168567 ,-0.331151 
801,20.025 ,-0.0166062 ,-0.332138 
802,20.05 ,-0.0163591 ,-0.333122 
803,20.075 ,-0.0161154 ,-0.334103 
804,20.1 ,-0.0158751 ,-0.335082 
805,20.125 ,-0.0156381 ,-0.336058 
806,20.15 ,-0.0154044 ,-0.337033 
807,20.175 ,-0.015174 ,-0.338004 
808,20.2 ,-0.0149467 ,-0.338974 
809,20.225 ,-0.0147227 ,-0.339941 
810,20.25 ,-0.0145017 ,-0.340905 
811,20.275 ,-0.0142838 ,-0.341867 
812,20.3 ,-0.014069 ,-0.342827 
813,20.325 ,-0.0138572 ,-0.343785 
814,20.35 ,-0.0136484 ,-0.34474 
815,20.375 ,-0.0134425 ,-0.345693 
816,20.4 ,-0.0132396 ,-0.346644 
817,20.425 ,-0.0130395 ,-0.347592 
818,20.45 ,-0.0128422 ,-0.348538 
819,20.475 ,-0.0126477 ,-0.349481 
820,20.5 ,-0.012456 ,-0.350423 
821,20.525 ,-0.012267 ,-0.351362 
822,20.55 ,-0.0120807 ,-0.352299 
823,20.575 ,-0.0118971 ,-0.353233 
824,20.6 ,-0.0117161 ,-0.354165 
825,20.625 ,-0.0115377 ,-0.355095 
826,20.65 ,-0.0113618 ,-0.356023 
827,20.675 ,-0.0111885 ,-0.356949 
828,20.7 ,-0.0110177 ,-0.357872 
829,20.725 ,-0.0108493 ,-0.358793 
830,20.75 ,-0.0106834 ,-0.359712 
831,20.775 ,-0.0105199 ,-0.360629 
832,20.8 ,-0.0103587 ,-0.361543 
833,20.825 ,-0.0101999 ,-0.362456 
834,20.85 ,-0.0100434 ,-0.363366 
835,20.875 ,-0.00988918 ,-0.364274 
836,20.9 ,-0.00973721 ,-0.36518 
837,20.925 ,-0.00958746 ,-0.366084 
838,20.95 ,-0.0094399 ,-0.366985 
839,20.975 ,-0.00929451 ,-0.367884 
840,21 ,-0.00915126 ,-0.368782 
841,21.025 ,-0.00901012 ,-0.369677 
842,21.05 ,-0.00887106 ,-0.37057 
843,21.075 ,-0.00873405 ,-0.371461 
844,21.1 ,-0.00859907 ,-0.37235 
845,21.125 ,-0.00846609 ,-0.373237 
846,21.15 ,-0.00833509 ,-0.374121 
847,21.175 ,-0.00820604 ,-0.375004 
848,21.2 ,-0.00807891 ,-0.375884 
849,21.225 ,-0.00795367 ,-0.376763 
850,21.25 ,-0.00783031 ,-0.377639 
851,21.275 ,-0.0077088 ,-0.378514 
852,21.3 ,-0.00758911 ,-0.379386 
853,21.325 ,-0.00747123 ,-0.380256 
854,21.35 ,-0.00735511 ,-0.381125 
855,21.375 ,-0.00724075 ,-0.381991 
856,21.4 ,-0.00712812 ,-0.382855 
857,21.425 ,-0.00701719 ,-0.383717 
858,21.45 ,-0.00690795 ,-0.384578 
859,21.475 ,-0.00680037 ,-0.385436 
860,21.5 ,-0.00669442 ,-0.386292 
861,21.525 ,-0.0065901 ,-0.387146 
862,21.55 ,-0.00648736 ,-0.387999 
863,21.575 ,-0.0063862 ,-0.388849 
864,21.6 ,-0.00628659 ,-0.389697 
865,21.625 ,-0.00618851 ,-0.390544 
866,21.65 ,-0.00609195 ,-0.391388 
867,21.675 ,-0.00599687 ,-0.392231 
868,21.7 ,-0.00590327 ,-0.393071 
869,21.725 ,-0.00581111 ,-0.39391 
870,21.75 ,-0.00572038 ,-0.394747 
871,21.775 ,-0.00563107 ,-0.395582 
872,21.8 ,-0.00554315 ,-0.396415 
873,21.825 ,-0.0054566 ,-0.397246 
874,21.85 ,-0.00537141 ,-0.398075 
875,21.875 ,-0.00528755 ,-0.398902 
876,21.9 ,-0.00520501 ,-0.399728 
877,21.925 ,-0.00512377 ,-0.400551 
878,21.95 ,-0.00504381 ,-0.401373 
879,21.975 ,-0.00496512 ,-0.402193 
880,22 ,-0.00488768 ,-0.403011 
881,22.025 ,-0.00481147 ,-0.403827 
882,22.05 ,-0.00473647 ,-0.404641 
883,22.075 ,-0.00466267 ,-0.405454 
884,22.1 ,-0.00459006 ,-0.406264 
885,22.125 ,-0.0045186 ,-0.407073 
886,22.15 ,-0.0044483 ,-0.40788 
887,22.175 ,-0.00437913 ,-0.408685 
888,22.2 ,-0.00431108 ,-0.409489 
889,22.225 ,-0.00424414 ,-0.41029 
890,22.25 ,-0.00417828 ,-0.41109 
891,22.275 ,-0.00411349 ,-0.411888 
892,22.3 ,-0.00404977 ,-0.412684 
893,22.325 ,-0.00398709 ,-0.413479 
894,22.35 ,-0.00392544 ,-0.414272 
895,22.375 ,-0.0038648 ,-0.415062 
896,22.4 ,-0.00380517 ,-0.415852 
897,22.425 ,-0.00374653 ,-0.416639 
898,22.45 ,-0.00368886 ,-0.417425 
899,22.475 ,-0.00363216 ,-0.418209 
900,22.5 ,-0.0035764 ,-0.418991 
901,22.525 ,-0.00352158 ,-0.419771 
902,22.55 ,-0.00346769 ,-0.42055 
903,22.575 ,-0.0034147 ,-0.421327 
904,22.6 ,-0.00336262 ,-0.422103 
905,22.625 ,-0.00331142 ,-0.422876 
906,22.65 ,-0.0032611 ,-0.423648 
907,22.675 ,-0.00321164 ,-0.424418 
908,22.7 ,-0.00316304 ,-0.425187 
909,22.725 ,-0.00311527 ,-0.425954 
910,22.75 ,-0.00306834 ,-0.426719 
911,22.775 ,-0.00302222 ,-0.427482 
912,22.8 ,-0.00297691 ,-0.428244 
913,22.825 ,-0.00293239 ,-0.429005 
914,22.85 ,-0.00288867 ,-0.429763 
915,22.875 ,-0.00284571 ,-0.43052 
916,22.9 ,-0.00280353 ,-0.431275 
917,22.925 ,-0.0027621 ,-0.432029 
918,22.95 ,-0.00272141 ,-0.432781 
919,22.975 ,-0.00268147 ,-0.433531 
920,23 ,-0.00264224 ,-0.43428 
921,23.025 ,-0.00260374 ,-0.435027 
922,23.05 ,-0.00256594 ,-0.435773 
923,23.075 ,-0.00252885 ,-0.436516 
924,23.1 ,-0.00249244 ,-0.437259 
925,23.125 ,-0.00245671 ,-0.437999 
926,23.15 ,-0.00242166 ,-0.438739 
927,23.175 ,-0.00238727 ,-0.439476 
928,23.2 ,-0.00235353 ,-0.440212 
929,23.225 ,-0.00232045 ,-0.440946 
930,23.25 ,-0.002288 ,-0.441679 
931,23.275 ,-0.00225618 ,-0.44241 
932,23.3 ,-0.00222499 ,-0.44314 
933,23.325 ,-0.00219442 ,-0.443868 
934,23.35 ,-0.00216445 ,-0.444595 
935,23.375 ,-0.00213508 ,-0.44532 
936,23.4 ,-0.00210631 ,-0.446043 
937,23.425 ,-0.00207813 ,-0.446765 
938,23.45 ,-0.00205053 ,-0.447486 
939,23.475 ,-0.0020235 ,-0.448205 
940,23.5 ,-0.00199703 ,-0.448922 
941,23.525 ,-0.00197113 ,-0.449638 
942,23.55 ,-0.00194578 ,-0.450352 
943,23.575 ,-0.00192098 ,-0.451065 
944,23.6 ,-0.00189672 ,-0.451776 
945,23.625 ,-0.001873 ,-0.452486 
946,23.65 ,-0.0018498 ,-0.453194 
947,23.675 ,-0.00182713 ,-0.453901 
948,23.7 ,-0.00180498 ,-0.454607 
949,23.725 ,-0.00178334 ,-0.45531 
950,23.75 ,-0.00176221 ,-0.456013 
951,23.775 ,-0.00174158 ,-0.456714 
952,23.8 ,-0.00172145 ,-0.457413 
953,23.825 ,-0.00170181 ,-0.458111 
954,23.85 ,-0.00168265 ,-0.458808 
955,23.875 ,-0.00166398 ,-0.459503 
956,23.9 ,-0.00164579 ,-0.460197 
957,23.925 ,-0.00162807 ,-0.460889 
958,23.95 ,-0.00161082 ,-0.46158 
959,23.975 ,-0.00159404 ,-0.462269 
960,24 ,-0.00157771 ,-0.462957 
961,24.025 ,-0.00156184 ,-0.463643 
962,24.05 ,-0.00154643 ,-0.464329 
963,24.075 ,-0.00153146 ,-0.465012 
964,24.1 ,-0.00151694 ,-0.465694 
965,24.125 ,-0.00150286 ,-0.466375 
966,24.15 ,-0.00148922 ,-0.467055 
967,24.175 ,-0.00147601 ,-0.467733 
968,24.2 ,-0.00146323 ,-0.468409 
969,24.225 ,-0.00145089 ,-0.469085 
970,24.25 ,-0.00143896 ,-0.469759 
971,24.275 ,-0.00142746 ,-0.470431 
972,24.3 ,-0.00141638 ,-0.471102 
973,24.325 ,-0.00140572 ,-0.471772 
974,24.35 ,-0.00139547 ,-0.47244 
975,24.375 ,-0.00138564 ,-0.473107 
976,24.4 ,-0.00137621 ,-0.473773 
977,24.425 ,-0.00136719 ,-0.474437 
978,24.45 ,-0.00135858 ,-0.4751 
979,24.475 ,-0.00135037 ,-0.475762 
980,24.5 ,-0.00134256 ,-0.476422 
981,24.525 ,-0.00133515 ,-0.477081 
982,24.55 ,-0.00132814 ,-0.477739 
983,24.575 ,-0.00132152 ,-0.478395 
984,24.6 ,-0.0013153 ,-0.47905 
985,24.625 ,-0.00130948 ,-0.479703 
986,24.65 ,-0.00130405 ,-0.480356 
987,24.675 ,-0.00129901 ,-0.481007 
988,24.7 ,-0.00129435 ,-0.481656 
989,24.725 ,-0.00129009 ,-0.482305 
990,24.75 ,-0.00128622 ,-0.482952 
991,24.775 ,-0.00128274 ,-0.483597 
992,24.8 ,-0.00127964 ,-0.484242 
993,24.825 ,-0.00127693 ,-0.484885 
994,24.85 ,-0.00127461 ,-0.485527 
995,24.875 ,-0.00127268 ,-0.486168 
996,24.9 ,-0.00127113 ,-0.486807 
997,24.925 ,-0.00126997 ,-0.487445 
998,24.95 ,-0.00126919 ,-0.488082 
999,24.975 ,-0.0012688 ,-0.488717 
1000,25 ,-0.0012688 ,-0.489351 