N_e = 26
1,0.027 ,2.16235e-09 ,-16460.8 
2,0.053973 ,2.16343e-09 ,-4119.24 
3,0.080946 ,7.29629e-09 ,-1831.33 
4,0.107919 ,1.72897e-08 ,-1030.25 
5,0.134892 ,3.37622e-08 ,-659.387 
6,0.161865 ,5.83316e-08 ,-457.907 
7,0.188838 ,9.2615e-08 ,-336.41 
8,0.215811 ,1.38228e-07 ,-257.549 
9,0.242784 ,1.96786e-07 ,-203.479 
10,0.269757 ,2.69902e-07 ,-164.802 
11,0.29673 ,3.59188e-07 ,-136.185 
12,0.323703 ,4.66253e-07 ,-114.418 
13,0.350676 ,5.92705e-07 ,-97.4783 
14,0.377649 ,7.40149e-07 ,-84.0369 
15,0.404622 ,9.1019e-07 ,-73.1928 
16,0.431595 ,1.10443e-06 ,-64.3177 
17,0.458568 ,1.32446e-06 ,-56.9621 
18,0.485541 ,1.57188e-06 ,-50.798 
19,0.512514 ,1.84829e-06 ,-45.5812 
20,0.539487 ,2.15526e-06 ,-41.1272 
21,0.56646 ,2.49439e-06 ,-37.2942 
22,0.593433 ,2.86726e-06 ,-33.9719 
23,0.620406 ,3.27545e-06 ,-31.0734 
24,0.647379 ,3.72053e-06 ,-28.5296 
25,0.674352 ,4.20406e-06 ,-26.285 
26,0.701325 ,4.72762e-06 ,-24.2943 
27,0.728298 ,5.29277e-06 ,-22.5206 
28,0.755271 ,5.90107e-06 ,-20.9336 
29,0.782244 ,6.55406e-06 ,-19.5079 
30,0.809217 ,7.25329e-06 ,-18.2224 
31,0.83619 ,8.00031e-06 ,-17.0593 
32,0.863163 ,8.79665e-06 ,-16.0035 
33,0.890136 ,9.64384e-06 ,-15.0422 
34,0.917109 ,1.05434e-05 ,-14.1646 
35,0.944082 ,1.14969e-05 ,-13.361 
36,0.971055 ,1.25057e-05 ,-12.6235 
37,0.998028 ,1.35715e-05 ,-11.945 
38,1.025 ,1.46958e-05 ,-11.3193 
39,1.05197 ,1.58799e-05 ,-10.7412 
40,1.07895 ,1.71254e-05 ,-10.2059 
41,1.10592 ,1.84338e-05 ,-9.70924 
42,1.13289 ,1.98066e-05 ,-9.24768 
43,1.15987 ,2.12452e-05 ,-8.81793 
44,1.18684 ,2.27511e-05 ,-8.41717 
45,1.21381 ,2.43257e-05 ,-8.04282 
46,1.24079 ,2.59705e-05 ,-7.69264 
47,1.26776 ,2.76869e-05 ,-7.36456 
48,1.29473 ,2.94764e-05 ,-7.05679 
49,1.3217 ,3.13404e-05 ,-6.76767 
50,1.34868 ,3.32802e-05 ,-6.49573 
51,1.37565 ,3.52974e-05 ,-6.23963 
52,1.40262 ,3.73932e-05 ,-5.99818 
53,1.4296 ,3.95691e-05 ,-5.77026 
54,1.45657 ,4.18265e-05 ,-5.5549 
55,1.48354 ,4.41667e-05 ,-5.35117 
56,1.51051 ,4.65911e-05 ,-5.15828 
57,1.53749 ,4.91011e-05 ,-4.97545 
58,1.56446 ,5.16979e-05 ,-4.802 
59,1.59143 ,5.4383e-05 ,-4.63729 
60,1.61841 ,5.71576e-05 ,-4.48077 
61,1.64538 ,6.00231e-05 ,-4.33188 
62,1.67235 ,6.29807e-05 ,-4.19014 
63,1.69933 ,6.60319e-05 ,-4.0551 
64,1.7263 ,6.91778e-05 ,-3.92635 
65,1.75327 ,7.24197e-05 ,-3.8035 
66,1.78024 ,7.57589e-05 ,-3.6862 
67,1.80722 ,7.91967e-05 ,-3.57411 
68,1.83419 ,8.27342e-05 ,-3.46694 
69,1.86116 ,8.63728e-05 ,-3.36439 
70,1.88814 ,9.01137e-05 ,-3.26622 
71,1.91511 ,9.3958e-05 ,-3.17216 
72,1.94208 ,9.7907e-05 ,-3.08201 
73,1.96906 ,0.000101962 ,-2.99553 
74,1.99603 ,0.000106124 ,-2.91255 
75,2.023 ,0.000110394 ,-2.83286 
76,2.04998 ,0.000114773 ,-2.75632 
77,2.07695 ,0.000119263 ,-2.68272 
78,2.10392 ,0.000123865 ,-2.61196 
79,2.13089 ,0.000128579 ,-2.54385 
80,2.15787 ,0.000133407 ,-2.4783 
81,2.18484 ,0.000138351 ,-2.41516 
82,2.21181 ,0.00014341 ,-2.35432 
83,2.23879 ,0.000148586 ,-2.29567 
84,2.26576 ,0.000153881 ,-2.23911 
85,2.29273 ,0.000159295 ,-2.18453 
86,2.31971 ,0.000164829 ,-2.13186 
87,2.34668 ,0.000170484 ,-2.08098 
88,2.37365 ,0.000176262 ,-2.03184 
89,2.40062 ,0.000182163 ,-1.98435 
90,2.4276 ,0.000188189 ,-1.93844 
91,2.45457 ,0.000194339 ,-1.89403 
92,2.48154 ,0.000200616 ,-1.85107 
93,2.50852 ,0.00020702 ,-1.80948 
94,2.53549 ,0.000213553 ,-1.76923 
95,2.56246 ,0.000220214 ,-1.73023 
96,2.58944 ,0.000227005 ,-1.69246 
97,2.61641 ,0.000233927 ,-1.65585 
98,2.64338 ,0.000240981 ,-1.62036 
99,2.67035 ,0.000248167 ,-1.58594 
100,2.69733 ,0.000255487 ,-1.55255 
101,2.7243 ,0.000262941 ,-1.52014 
102,2.75127 ,0.00027053 ,-1.4887 
103,2.77825 ,0.000278255 ,-1.45816 
104,2.80522 ,0.000286117 ,-1.42851 
105,2.83219 ,0.000294116 ,-1.39969 
106,2.85917 ,0.000302254 ,-1.3717 
107,2.88614 ,0.00031053 ,-1.34448 
108,2.91311 ,0.000318947 ,-1.31803 
109,2.94008 ,0.000327503 ,-1.29229 
110,2.96706 ,0.000336201 ,-1.26726 
111,2.99403 ,0.000345041 ,-1.2429 
112,3.021 ,0.000354024 ,-1.2192 
113,3.04798 ,0.00036315 ,-1.19611 
114,3.07495 ,0.000372419 ,-1.17365 
115,3.10192 ,0.000381833 ,-1.15176 
116,3.12889 ,0.000391393 ,-1.13044 
117,3.15587 ,0.000401098 ,-1.10966 
118,3.18284 ,0.000410949 ,-1.08942 
119,3.20981 ,0.000420947 ,-1.06968 
120,3.23679 ,0.000431093 ,-1.05044 
121,3.26376 ,0.000441387 ,-1.03166 
122,3.29073 ,0.00045183 ,-1.01336 
123,3.31771 ,0.000462421 ,-0.995493 
124,3.34468 ,0.000473162 ,-0.978069 
125,3.37165 ,0.000484053 ,-0.961049 
126,3.39863 ,0.000495095 ,-0.944447 
127,3.4256 ,0.000506288 ,-0.928224 
128,3.45257 ,0.000517632 ,-0.912392 
129,3.47954 ,0.000529128 ,-0.896916 
130,3.50652 ,0.000540777 ,-0.881809 
131,3.53349 ,0.000552577 ,-0.867035 
132,3.56046 ,0.000564531 ,-0.852608 
133,3.58744 ,0.000576639 ,-0.838493 
134,3.61441 ,0.0005889 ,-0.824706 
135,3.64138 ,0.000601315 ,-0.811213 
136,3.66836 ,0.000613885 ,-0.798028 
137,3.69533 ,0.000626609 ,-0.78512 
138,3.7223 ,0.000639488 ,-0.772503 
139,3.74927 ,0.000652522 ,-0.760146 
140,3.77625 ,0.000665712 ,-0.748065 
141,3.80322 ,0.000679057 ,-0.736228 
142,3.83019 ,0.000692558 ,-0.724653 
143,3.85717 ,0.000706216 ,-0.713307 
144,3.88414 ,0.000720029 ,-0.702209 
145,3.91111 ,0.000733999 ,-0.691328 
146,3.93809 ,0.000748125 ,-0.680682 
147,3.96506 ,0.000762409 ,-0.670239 
148,3.99203 ,0.000776848 ,-0.66002 
149,4.019 ,0.000791445 ,-0.649993 
150,4.04598 ,0.000806199 ,-0.640179 
151,4.07295 ,0.00082111 ,-0.630545 
152,4.09992 ,0.000836177 ,-0.621114 
153,4.1269 ,0.000851402 ,-0.611853 
154,4.15387 ,0.000866784 ,-0.602785 
155,4.18084 ,0.000882323 ,-0.593879 
156,4.20782 ,0.000898019 ,-0.585155 
157,4.23479 ,0.000913872 ,-0.576584 
158,4.26176 ,0.000929881 ,-0.568188 
159,4.28873 ,0.000946048 ,-0.559936 
160,4.31571 ,0.000962371 ,-0.551851 
161,4.34268 ,0.000978851 ,-0.543902 
162,4.36965 ,0.000995488 ,-0.536112 
163,4.39663 ,0.00101228 ,-0.528451 
164,4.4236 ,0.00102923 ,-0.520942 
165,4.45057 ,0.00104633 ,-0.513556 
166,4.47755 ,0.0010636 ,-0.506314 
167,4.50452 ,0.00108101 ,-0.499189 
168,4.53149 ,0.00109858 ,-0.492202 
169,4.55846 ,0.00111631 ,-0.485325 
170,4.58544 ,0.00113419 ,-0.478581 
171,4.61241 ,0.00115223 ,-0.471942 
172,4.63938 ,0.00117042 ,-0.465429 
173,4.66636 ,0.00118876 ,-0.459015 
174,4.69333 ,0.00120726 ,-0.452723 
175,4.7203 ,0.00122591 ,-0.446525 
176,4.74728 ,0.00124471 ,-0.440444 
177,4.77425 ,0.00126367 ,-0.434452 
178,4.80122 ,0.00128277 ,-0.428572 
179,4.82819 ,0.00130203 ,-0.422776 
180,4.85517 ,0.00132144 ,-0.417088 
181,4.88214 ,0.001341 ,-0.41148 
182,4.90911 ,0.00136071 ,-0.405976 
183,4.93609 ,0.00138057 ,-0.400548 
184,4.96306 ,0.00140058 ,-0.39522 
185,4.99003 ,0.00142074 ,-0.389964 
186,5.01701 ,0.00144104 ,-0.384803 
187,5.04398 ,0.00146149 ,-0.379712 
188,5.07095 ,0.00148209 ,-0.374713 
189,5.09792 ,0.00150284 ,-0.369779 
190,5.1249 ,0.00152373 ,-0.364934 
191,5.15187 ,0.00154476 ,-0.36015 
192,5.17884 ,0.00156594 ,-0.355453 
193,5.20582 ,0.00158726 ,-0.350815 
194,5.23279 ,0.00160873 ,-0.346259 
195,5.25976 ,0.00163034 ,-0.341759 
196,5.28674 ,0.00165208 ,-0.337339 
197,5.31371 ,0.00167397 ,-0.332973 
198,5.34068 ,0.001696 ,-0.328683 
199,5.36765 ,0.00171817 ,-0.324444 
200,5.39463 ,0.00174047 ,-0.32028 
201,5.4216 ,0.00176291 ,-0.316164 
202,5.44857 ,0.00178549 ,-0.31212 
203,5.47555 ,0.0018082 ,-0.308121 
204,5.50252 ,0.00183105 ,-0.304193 
205,5.52949 ,0.00185403 ,-0.300308 
206,5.55647 ,0.00187714 ,-0.29649 
207,5.58344 ,0.00190039 ,-0.292714 
208,5.61041 ,0.00192377 ,-0.289003 
209,5.63738 ,0.00194727 ,-0.285332 
210,5.66436 ,0.0019709 ,-0.281724 
211,5.69133 ,0.00199467 ,-0.278153 
212,5.7183 ,0.00201855 ,-0.274644 
213,5.74528 ,0.00204257 ,-0.27117 
214,5.77225 ,0.00206671 ,-0.267757 
215,5.79922 ,0.00209097 ,-0.264376 
216,5.8262 ,0.00211535 ,-0.261054 
217,5.85317 ,0.00213985 ,-0.257764 
218,5.88014 ,0.00216448 ,-0.254531 
219,5.90711 ,0.00218922 ,-0.251327 
220,5.93409 ,0.00221408 ,-0.248179 
221,5.96106 ,0.00223906 ,-0.245059 
222,5.98803 ,0.00226415 ,-0.241993 
223,6.01501 ,0.00228936 ,-0.238955 
224,6.04198 ,0.00231467 ,-0.235968 
225,6.06895 ,0.0023401 ,-0.233007 
226,6.09593 ,0.00236564 ,-0.230097 
227,6.1229 ,0.00239129 ,-0.227211 
228,6.14987 ,0.00241705 ,-0.224375 
229,6.17684 ,0.00244291 ,-0.221562 
230,6.20382 ,0.00246887 ,-0.218798 
231,6.23079 ,0.00249494 ,-0.216055 
232,6.25776 ,0.00252112 ,-0.21336 
233,6.28474 ,0.00254739 ,-0.210685 
234,6.31171 ,0.00257376 ,-0.208057 
235,6.33868 ,0.00260023 ,-0.205448 
236,6.36566 ,0.00262679 ,-0.202884 
237,6.39263 ,0.00265345 ,-0.200338 
238,6.4196 ,0.0026802 ,-0.197837 
239,6.44657 ,0.00270705 ,-0.195353 
240,6.47355 ,0.00273398 ,-0.192912 
241,6.50052 ,0.002761 ,-0.190488 
242,6.52749 ,0.00278811 ,-0.188106 
243,6.55447 ,0.00281531 ,-0.185739 
244,6.58144 ,0.00284259 ,-0.183414 
245,6.60841 ,0.00286995 ,-0.181103 
246,6.63539 ,0.00289739 ,-0.178833 
247,6.66236 ,0.00292491 ,-0.176577 
248,6.68933 ,0.00295251 ,-0.17436 
249,6.7163 ,0.00298018 ,-0.172156 
250,6.74328 ,0.00300793 ,-0.169991 
251,6.77025 ,0.00303575 ,-0.167838 
252,6.79722 ,0.00306364 ,-0.165723 
253,6.8242 ,0.0030916 ,-0.16362 
254,6.85117 ,0.00311963 ,-0.161554 
255,6.87814 ,0.00314772 ,-0.159499 
256,6.90512 ,0.00317588 ,-0.15748 
257,6.93209 ,0.0032041 ,-0.155472 
258,6.95906 ,0.00323238 ,-0.153499 
259,6.98603 ,0.00326072 ,-0.151536 
260,7.01301 ,0.00328911 ,-0.149608 
261,7.03998 ,0.00331756 ,-0.147689 
262,7.06695 ,0.00334606 ,-0.145805 
263,7.09393 ,0.00337461 ,-0.143929 
264,7.1209 ,0.00340322 ,-0.142086 
265,7.14787 ,0.00343186 ,-0.140252 
266,7.17485 ,0.00346056 ,-0.138451 
267,7.20182 ,0.0034893 ,-0.136657 
268,7.22879 ,0.00351808 ,-0.134896 
269,7.25576 ,0.0035469 ,-0.133142 
270,7.28274 ,0.00357576 ,-0.13142 
271,7.30971 ,0.00360465 ,-0.129704 
272,7.33668 ,0.00363358 ,-0.12802 
273,7.36366 ,0.00366254 ,-0.126342 
274,7.39063 ,0.00369153 ,-0.124694 
275,7.4176 ,0.00372055 ,-0.123052 
276,7.44458 ,0.00374959 ,-0.121441 
277,7.47155 ,0.00377866 ,-0.119835 
278,7.49852 ,0.00380776 ,-0.118259 
279,7.52549 ,0.00383687 ,-0.116687 
280,7.55247 ,0.003866 ,-0.115145 
281,7.57944 ,0.00389515 ,-0.113607 
282,7.60641 ,0.00392431 ,-0.112099 
283,7.63339 ,0.00395348 ,-0.110594 
284,7.66036 ,0.00398266 ,-0.109118 
285,7.68733 ,0.00401186 ,-0.107645 
286,7.71431 ,0.00404105 ,-0.106201 
287,7.74128 ,0.00407025 ,-0.104759 
288,7.76825 ,0.00409946 ,-0.103346 
289,7.79522 ,0.00412866 ,-0.101935 
290,7.8222 ,0.00415786 ,-0.100552 
291,7.84917 ,0.00418706 ,-0.0991714 
292,7.87614 ,0.00421625 ,-0.0978178 
293,7.90312 ,0.00424544 ,-0.0964662 
294,7.93009 ,0.00427461 ,-0.0951415 
295,7.95706 ,0.00430377 ,-0.0938184 
296,7.98404 ,0.00433292 ,-0.0925218 
297,8.01101 ,0.00436205 ,-0.0912266 
298,8.03798 ,0.00439116 ,-0.0899575 
299,8.06495 ,0.00442025 ,-0.0886895 
300,8.09193 ,0.00444931 ,-0.0874473 
301,8.1189 ,0.00447835 ,-0.0862059 
302,8.14587 ,0.00450737 ,-0.08499 
303,8.17285 ,0.00453635 ,-0.0837746 
304,8.19982 ,0.00456531 ,-0.0825844 
305,8.22679 ,0.00459423 ,-0.0813944 
306,8.25376 ,0.00462311 ,-0.0802293 
307,8.28074 ,0.00465196 ,-0.0790641 
308,8.30771 ,0.00468077 ,-0.0779236 
309,8.33468 ,0.00470953 ,-0.0767827 
310,8.36166 ,0.00473825 ,-0.0756661 
311,8.38863 ,0.00476693 ,-0.074549 
312,8.4156 ,0.00479556 ,-0.0734559 
313,8.44258 ,0.00482413 ,-0.072362 
314,8.46955 ,0.00485266 ,-0.0712919 
315,8.49652 ,0.00488113 ,-0.0702206 
316,8.52349 ,0.00490954 ,-0.069173 
317,8.55047 ,0.00493789 ,-0.068124 
318,8.57744 ,0.00496619 ,-0.0670983 
319,8.60441 ,0.00499442 ,-0.066071 
320,8.63139 ,0.00502258 ,-0.0650667 
321,8.65836 ,0.00505068 ,-0.0640607 
322,8.68533 ,0.00507871 ,-0.0630775 
323,8.71231 ,0.00510666 ,-0.0620922 
324,8.73928 ,0.00513455 ,-0.0611295 
325,8.76625 ,0.00516235 ,-0.0601646 
326,8.79322 ,0.00519008 ,-0.059222 
327,8.8202 ,0.00521773 ,-0.0582769 
328,8.84717 ,0.0052453 ,-0.057354 
329,8.87414 ,0.00527279 ,-0.0564284 
330,8.90112 ,0.00530018 ,-0.0555247 
331,8.92809 ,0.0053275 ,-0.0546181 
332,8.95506 ,0.00535472 ,-0.0537332 
333,8.98204 ,0.00538184 ,-0.0528452 
334,9.00901 ,0.00540888 ,-0.0519787 
335,9.03598 ,0.00543582 ,-0.0511088 
336,9.06295 ,0.00546266 ,-0.0502603 
337,9.08993 ,0.0054894 ,-0.0494083 
338,9.1169 ,0.00551603 ,-0.0485773 
339,9.14387 ,0.00554257 ,-0.0477426 
340,9.17085 ,0.00556899 ,-0.0469289 
341,9.19782 ,0.00559531 ,-0.0461112 
342,9.22479 ,0.00562152 ,-0.0453142 
343,9.25177 ,0.00564762 ,-0.0445132 
344,9.27874 ,0.0056736 ,-0.0437326 
345,9.30571 ,0.00569947 ,-0.0429478 
346,9.33268 ,0.00572522 ,-0.0421833 
347,9.35966 ,0.00575084 ,-0.0414144 
348,9.38663 ,0.00577635 ,-0.0406655 
349,9.4136 ,0.00580173 ,-0.0399121 
350,9.44058 ,0.00582699 ,-0.0391786 
351,9.46755 ,0.00585212 ,-0.0384403 
352,9.49452 ,0.00587712 ,-0.0377217 
353,9.5215 ,0.00590198 ,-0.0369982 
354,9.54847 ,0.00592672 ,-0.0362943 
355,9.57544 ,0.00595132 ,-0.0355852 
356,9.60241 ,0.00597578 ,-0.0348955 
357,9.62939 ,0.0060001 ,-0.0342006 
358,9.65636 ,0.00602428 ,-0.0335248 
359,9.68333 ,0.00604832 ,-0.0328436 
360,9.71031 ,0.00607222 ,-0.0321815 
361,9.73728 ,0.00609597 ,-0.0315137 
362,9.76425 ,0.00611957 ,-0.0308648 
363,9.79123 ,0.00614302 ,-0.0302101 
364,9.8182 ,0.00616632 ,-0.0295742 
365,9.84517 ,0.00618946 ,-0.0289323 
366,9.87214 ,0.00621245 ,-0.028309 
367,9.89912 ,0.00623528 ,-0.0276796 
368,9.92609 ,0.00625796 ,-0.0270686 
369,9.95306 ,0.00628047 ,-0.0264513 
370,9.98004 ,0.00630282 ,-0.0258523 
371,10.007 ,0.00632501 ,-0.0252469 
372,10.034 ,0.00634703 ,-0.0246596 
373,10.061 ,0.00636889 ,-0.0240657 
374,10.0879 ,0.00639057 ,-0.0234899 
375,10.1149 ,0.00641209 ,-0.0229072 
376,10.1419 ,0.00643343 ,-0.0223425 
377,10.1688 ,0.0064546 ,-0.0217708 
378,10.1958 ,0.00647559 ,-0.0212168 
379,10.2228 ,0.00649641 ,-0.0206558 
380,10.2498 ,0.00651704 ,-0.0201124 
381,10.2767 ,0.0065375 ,-0.0195618 
382,10.3037 ,0.00655777 ,-0.0190286 
383,10.3307 ,0.00657787 ,-0.0184882 
384,10.3577 ,0.00659777 ,-0.017965 
385,10.3846 ,0.00661749 ,-0.0174344 
386,10.4116 ,0.00663702 ,-0.0169209 
387,10.4386 ,0.00665636 ,-0.0163998 
388,10.4656 ,0.00667551 ,-0.0158958 
389,10.4925 ,0.00669447 ,-0.0153841 
390,10.5195 ,0.00671324 ,-0.0148893 
391,10.5465 ,0.0067318 ,-0.0143866 
392,10.5734 ,0.00675017 ,-0.0139007 
393,10.6004 ,0.00676835 ,-0.0134069 
394,10.6274 ,0.00678632 ,-0.0129297 
395,10.6544 ,0.00680409 ,-0.0124445 
396,10.6813 ,0.00682166 ,-0.0119758 
397,10.7083 ,0.00683902 ,-0.0114989 
398,10.7353 ,0.00685618 ,-0.0110384 
399,10.7623 ,0.00687313 ,-0.0105696 
400,10.7892 ,0.00688987 ,-0.0101171 
401,10.8162 ,0.00690641 ,-0.00965627 
402,10.8432 ,0.00692273 ,-0.00921154 
403,10.8701 ,0.00693884 ,-0.00875835 
404,10.8971 ,0.00695473 ,-0.00832119 
405,10.9241 ,0.00697042 ,-0.00787547 
406,10.9511 ,0.00698588 ,-0.00744566 
407,10.978 ,0.00700113 ,-0.0070072 
408,11.005 ,0.00701616 ,-0.00658455 
409,11.032 ,0.00703097 ,-0.00615316 
410,11.059 ,0.00704555 ,-0.00573747 
411,11.0859 ,0.00705992 ,-0.00531296 
412,11.1129 ,0.00707406 ,-0.00490404 
413,11.1399 ,0.00708798 ,-0.00448623 
414,11.1668 ,0.00710167 ,-0.00408391 
415,11.1938 ,0.00711513 ,-0.00367261 
416,11.2208 ,0.00712837 ,-0.00327671 
417,11.2478 ,0.00714137 ,-0.00287177 
418,11.2747 ,0.00715415 ,-0.00248213 
419,11.3017 ,0.00716669 ,-0.00208338 
420,11.3287 ,0.007179 ,-0.00169984 
421,11.3557 ,0.00719108 ,-0.00130713 
422,11.3826 ,0.00720292 ,-0.00092955 
423,11.4096 ,0.00721453 ,-0.000542738 
424,11.4366 ,0.0072259 ,-0.000170968 
425,11.4636 ,0.00723703 ,0.000210082 
426,11.4905 ,0.00724792 ,0.000576172 
427,11.5175 ,0.00725858 ,0.000951586 
428,11.5445 ,0.00726899 ,0.00131212 
429,11.5714 ,0.00727916 ,0.00168202 
430,11.5984 ,0.00728909 ,0.00203711 
431,11.6254 ,0.00729877 ,0.0024016 
432,11.6524 ,0.00730821 ,0.00275135 
433,11.6793 ,0.0073174 ,0.00311053 
434,11.7063 ,0.00732634 ,0.00345505 
435,11.7333 ,0.00733504 ,0.00380902 
436,11.7603 ,0.00734349 ,0.00414838 
437,11.7872 ,0.00735169 ,0.00449722 
438,11.8142 ,0.00735964 ,0.00483151 
439,11.8412 ,0.00736734 ,0.00517528 
440,11.8681 ,0.00737479 ,0.00550457 
441,11.8951 ,0.00738199 ,0.00584335 
442,11.9221 ,0.00738893 ,0.0061677 
443,11.9491 ,0.00739562 ,0.00650152 
444,11.976 ,0.00740205 ,0.00682098 
445,12.003 ,0.00740823 ,0.00714991 
446,12.03 ,0.00741415 ,0.0074645 
447,12.057 ,0.00741981 ,0.00778856 
448,12.0839 ,0.00742522 ,0.00809833 
449,12.1109 ,0.00743037 ,0.00841755 
450,12.1379 ,0.00743526 ,0.00872251 
451,12.1648 ,0.00743989 ,0.00903689 
452,12.1918 ,0.00744426 ,0.00933706 
453,12.2188 ,0.00744837 ,0.0096466 
454,12.2458 ,0.00745222 ,0.00994197 
455,12.2727 ,0.00745581 ,0.0102467 
456,12.2997 ,0.00745913 ,0.0105372 
457,12.3267 ,0.00746219 ,0.0108371 
458,12.3537 ,0.00746499 ,0.0111228 
459,12.3806 ,0.00746752 ,0.0114177 
460,12.4076 ,0.00746979 ,0.0116986 
461,12.4346 ,0.00747179 ,0.0119886 
462,12.4616 ,0.00747353 ,0.0122645 
463,12.4885 ,0.007475 ,0.0125495 
464,12.5155 ,0.00747621 ,0.0128205 
465,12.5425 ,0.00747715 ,0.0131005 
466,12.5694 ,0.00747782 ,0.0133664 
467,12.5964 ,0.00747823 ,0.0136412 
468,12.6234 ,0.00747836 ,0.013902 
469,12.6504 ,0.00747823 ,0.0141716 
470,12.6773 ,0.00747783 ,0.0144272 
471,12.7043 ,0.00747717 ,0.0146915 
472,12.7313 ,0.00747623 ,0.0149417 
473,12.7583 ,0.00747503 ,0.0152006 
474,12.7852 ,0.00747355 ,0.0154454 
475,12.8122 ,0.00747181 ,0.0156988 
476,12.8392 ,0.0074698 ,0.015938 
477,12.8661 ,0.00746751 ,0.0161857 
478,12.8931 ,0.00746496 ,0.0164192 
479,12.9201 ,0.00746214 ,0.016661 
480,12.9471 ,0.00745904 ,0.0168887 
481,12.974 ,0.00745568 ,0.0171245 
482,13.001 ,0.00745205 ,0.0173462 
483,13.028 ,0.00744815 ,0.0175758 
484,13.055 ,0.00744397 ,0.0177913 
485,13.0819 ,0.00743953 ,0.0180146 
486,13.1089 ,0.00743482 ,0.0182237 
487,13.1359 ,0.00742984 ,0.0184405 
488,13.1629 ,0.00742458 ,0.018643 
489,13.1898 ,0.00741906 ,0.018853 
490,13.2168 ,0.00741327 ,0.0190487 
491,13.2438 ,0.00740721 ,0.0192518 
492,13.2707 ,0.00740088 ,0.0194405 
493,13.2977 ,0.00739428 ,0.0196363 
494,13.3247 ,0.00738742 ,0.0198178 
495,13.3517 ,0.00738028 ,0.0200062 
496,13.3786 ,0.00737288 ,0.0201801 
497,13.4056 ,0.00736521 ,0.0203608 
498,13.4326 ,0.00735727 ,0.020527 
499,13.4596 ,0.00734907 ,0.0206997 
500,13.4865 ,0.0073406 ,0.0208579 
501,13.5135 ,0.00733186 ,0.0210223 
502,13.5405 ,0.00732286 ,0.0211722 
503,13.5674 ,0.00731359 ,0.0213281 
504,13.5944 ,0.00730406 ,0.0214693 
505,13.6214 ,0.00729427 ,0.0216164 
506,13.6484 ,0.00728421 ,0.0217486 
507,13.6753 ,0.00727389 ,0.0218865 
508,13.7023 ,0.00726331 ,0.0220095 
509,13.7293 ,0.00725247 ,0.022138 
510,13.7563 ,0.00724137 ,0.0222514 
511,13.7832 ,0.00723001 ,0.02237 
512,13.8102 ,0.00721839 ,0.0224735 
513,13.8372 ,0.00720651 ,0.0225818 
514,13.8641 ,0.00719438 ,0.0226751 
515,13.8911 ,0.00718199 ,0.0227729 
516,13.9181 ,0.00716934 ,0.0228554 
517,13.9451 ,0.00715644 ,0.0229423 
518,13.972 ,0.00714329 ,0.0230139 
519,13.999 ,0.00712989 ,0.0230894 
520,14.026 ,0.00711623 ,0.0231495 
521,14.053 ,0.00710233 ,0.0232134 
522,14.0799 ,0.00708817 ,0.0232617 
523,14.1069 ,0.00707377 ,0.0233134 
524,14.1339 ,0.00705912 ,0.0233494 
525,14.1609 ,0.00704423 ,0.0233886 
526,14.1878 ,0.00702909 ,0.023412 
527,14.2148 ,0.00701371 ,0.0234382 
528,14.2418 ,0.00699809 ,0.0234484 
529,14.2687 ,0.00698223 ,0.0234612 
530,14.2957 ,0.00696613 ,0.0234579 
531,14.3227 ,0.0069498 ,0.0234568 
532,14.3497 ,0.00693323 ,0.0234395 
533,14.3766 ,0.00691642 ,0.0234241 
534,14.4036 ,0.00689939 ,0.0233923 
535,14.4306 ,0.00688212 ,0.0233621 
536,14.4576 ,0.00686462 ,0.0233153 
537,14.4845 ,0.0068469 ,0.0232698 
538,14.5115 ,0.00682895 ,0.0232077 
539,14.5385 ,0.00681078 ,0.0231464 
540,14.5654 ,0.00679238 ,0.0230683 
541,14.5924 ,0.00677377 ,0.0229907 
542,14.6194 ,0.00675493 ,0.0228962 
543,14.6464 ,0.00673588 ,0.0228018 
544,14.6733 ,0.00671662 ,0.0226903 
545,14.7003 ,0.00669714 ,0.0225786 
546,14.7273 ,0.00667746 ,0.0224497 
547,14.7543 ,0.00665756 ,0.0223201 
548,14.7812 ,0.00663746 ,0.0221732 
549,14.8082 ,0.00661715 ,0.0220253 
550,14.8352 ,0.00659665 ,0.0218598 
551,14.8621 ,0.00657594 ,0.021693 
552,14.8891 ,0.00655504 ,0.0215085 
553,14.9161 ,0.00653394 ,0.0213221 
554,14.9431 ,0.00651265 ,0.021118 
555,14.97 ,0.00649116 ,0.0209116 
556,14.997 ,0.00646949 ,0.0206872 
557,15.024 ,0.00644764 ,0.0204603 
558,15.051 ,0.0064256 ,0.0202152 
559,15.0779 ,0.00640338 ,0.0199671 
560,15.1049 ,0.00638098 ,0.0197006 
561,15.1319 ,0.00635841 ,0.0194308 
562,15.1589 ,0.00633567 ,0.0191423 
563,15.1858 ,0.00631275 ,0.0188502 
564,15.2128 ,0.00628967 ,0.0185393 
565,15.2398 ,0.00626642 ,0.0182242 
566,15.2667 ,0.00624302 ,0.0178902 
567,15.2937 ,0.00621945 ,0.0175516 
568,15.3207 ,0.00619573 ,0.0171939 
569,15.3477 ,0.00617185 ,0.0168312 
570,15.3746 ,0.00614782 ,0.0164492 
571,15.4016 ,0.00612365 ,0.0160618 
572,15.4286 ,0.00609933 ,0.0156549 
573,15.4556 ,0.00607488 ,0.0152421 
574,15.4825 ,0.00605028 ,0.0148097 
575,15.5095 ,0.00602555 ,0.0143711 
576,15.5365 ,0.00600069 ,0.0139125 
577,15.5634 ,0.0059757 ,0.0134473 
578,15.5904 ,0.00595058 ,0.012962 
579,15.6174 ,0.00592534 ,0.0124696 
580,15.6444 ,0.00589998 ,0.0119569 
581,15.6713 ,0.00587451 ,0.0114368 
582,15.6983 ,0.00584893 ,0.0108961 
583,15.7253 ,0.00582323 ,0.0103476 
584,15.7523 ,0.00579743 ,0.00977828 
585,15.7792 ,0.00577153 ,0.00920067 
586,15.8062 ,0.00574554 ,0.00860216 
587,15.8332 ,0.00571944 ,0.00799488 
588,15.8602 ,0.00569326 ,0.00736651 
589,15.8871 ,0.00566699 ,0.00672894 
590,15.9141 ,0.00564063 ,0.00607006 
591,15.9411 ,0.00561419 ,0.00540158 
592,15.968 ,0.00558768 ,0.00471158 
593,15.995 ,0.00556109 ,0.00401154 
594,16.022 ,0.00553443 ,0.00328978 
595,16.049 ,0.00550771 ,0.00255756 
596,16.0759 ,0.00548093 ,0.00180342 
597,16.1029 ,0.00545409 ,0.00103839 
598,16.1299 ,0.00542719 ,0.000251224 
599,16.1569 ,0.00540024 ,-0.000547243 
600,16.1838 ,0.00537325 ,-0.00136805 
601,16.2108 ,0.00534621 ,-0.00220058 
602,16.2378 ,0.00531914 ,-0.00305567 
603,16.2647 ,0.00529203 ,-0.00392289 
604,16.2917 ,0.00526488 ,-0.00481288 
605,16.3187 ,0.00523772 ,-0.00571542 
606,16.3457 ,0.00521052 ,-0.00664093 
607,16.3726 ,0.00518331 ,-0.00757941 
608,16.3996 ,0.00515609 ,-0.00854107 
609,16.4266 ,0.00512885 ,-0.00951612 
610,16.4536 ,0.00510161 ,-0.0105145 
611,16.4805 ,0.00507436 ,-0.0115268 
612,16.5075 ,0.00504712 ,-0.0125626 
613,16.5345 ,0.00501988 ,-0.0136126 
614,16.5614 ,0.00499265 ,-0.0146864 
615,16.5884 ,0.00496543 ,-0.0157748 
616,16.6154 ,0.00493823 ,-0.0168873 
617,16.6424 ,0.00491105 ,-0.0180028 
618,16.6693 ,0.0048839 ,-0.0191053 
619,16.6963 ,0.00485678 ,-0.0201855 
620,16.7233 ,0.0048297 ,-0.0212524 
621,16.7503 ,0.00480265 ,-0.0222975 
622,16.7772 ,0.00477564 ,-0.0233298 
623,16.8042 ,0.00474868 ,-0.0243409 
624,16.8312 ,0.00472176 ,-0.0253396 
625,16.8582 ,0.0046949 ,-0.0263177 
626,16.8851 ,0.00466809 ,-0.0272837 
627,16.9121 ,0.00464134 ,-0.0282298 
628,16.9391 ,0.00461466 ,-0.0291642 
629,16.966 ,0.00458803 ,-0.0300792 
630,16.993 ,0.00456148 ,-0.030983 
631,17.02 ,0.00453499 ,-0.0318679 
632,17.047 ,0.00450857 ,-0.0327419 
633,17.0739 ,0.00448223 ,-0.0335975 
634,17.1009 ,0.00445597 ,-0.0344427 
635,17.1279 ,0.00442979 ,-0.03527 
636,17.1549 ,0.00440369 ,-0.0360871 
637,17.1818 ,0.00437767 ,-0.0368869 
638,17.2088 ,0.00435174 ,-0.0376769 
639,17.2358 ,0.0043259 ,-0.0384501 
640,17.2627 ,0.00430015 ,-0.0392137 
641,17.2897 ,0.00427449 ,-0.039961 
642,17.3167 ,0.00424893 ,-0.0406992 
643,17.3437 ,0.00422346 ,-0.0414214 
644,17.3706 ,0.00419809 ,-0.0421348 
645,17.3976 ,0.00417282 ,-0.0428328 
646,17.4246 ,0.00414765 ,-0.0435221 
647,17.4516 ,0.00412258 ,-0.0441965 
648,17.4785 ,0.00409762 ,-0.0448626 
649,17.5055 ,0.00407276 ,-0.0455142 
650,17.5325 ,0.00404801 ,-0.0461577 
651,17.5595 ,0.00402336 ,-0.0467872 
652,17.5864 ,0.00399883 ,-0.0474089 
653,17.6134 ,0.0039744 ,-0.0480168 
654,17.6404 ,0.00395009 ,-0.0486173 
655,17.6673 ,0.00392589 ,-0.0492045 
656,17.6943 ,0.0039018 ,-0.0497844 
657,17.7213 ,0.00387783 ,-0.0503515 
658,17.7483 ,0.00385397 ,-0.0509115 
659,17.7752 ,0.00383023 ,-0.051459 
660,17.8022 ,0.0038066 ,-0.0519997 
661,17.8292 ,0.00378309 ,-0.0525283 
662,17.8562 ,0.0037597 ,-0.0530503 
663,17.8831 ,0.00373643 ,-0.0535605 
664,17.9101 ,0.00371328 ,-0.0540644 
665,17.9371 ,0.00369025 ,-0.0545568 
666,17.964 ,0.00366734 ,-0.0550431 
667,17.991 ,0.00364455 ,-0.0555183 
668,18.018 ,0.00362188 ,-0.0559876 
669,18.045 ,0.00359933 ,-0.0564461 
670,18.0719 ,0.00357691 ,-0.0568989 
671,18.0989 ,0.00355461 ,-0.0573412 
672,18.1259 ,0.00353243 ,-0.057778 
673,18.1529 ,0.00351038 ,-0.0582046 
674,18.1798 ,0.00348845 ,-0.058626 
675,18.2068 ,0.00346664 ,-0.0590374 
676,18.2338 ,0.00344496 ,-0.0594437 
677,18.2607 ,0.0034234 ,-0.0598404 
678,18.2877 ,0.00340197 ,-0.0602322 
679,18.3147 ,0.00338066 ,-0.0606146 
680,18.3417 ,0.00335948 ,-0.0609923 
681,18.3686 ,0.00333842 ,-0.0613609 
682,18.3956 ,0.00331748 ,-0.061725 
683,18.4226 ,0.00329667 ,-0.0620802 
684,18.4496 ,0.00327599 ,-0.062431 
685,18.4765 ,0.00325543 ,-0.0627733 
686,18.5035 ,0.00323499 ,-0.0631113 
687,18.5305 ,0.00321468 ,-0.0634409 
688,18.5575 ,0.0031945 ,-0.0637665 
689,18.5844 ,0.00317444 ,-0.064084 
690,18.6114 ,0.0031545 ,-0.0643976 
691,18.6384 ,0.00313469 ,-0.0647033 
692,18.6653 ,0.003115 ,-0.0650052 
693,18.6923 ,0.00309544 ,-0.0652995 
694,18.7193 ,0.003076 ,-0.06559 
695,18.7463 ,0.00305668 ,-0.0658733 
696,18.7732 ,0.00303749 ,-0.0661529 
697,18.8002 ,0.00301842 ,-0.0664254 
698,18.8272 ,0.00299947 ,-0.0666944 
699,18.8542 ,0.00298064 ,-0.0669565 
700,18.8811 ,0.00296194 ,-0.0672153 
701,18.9081 ,0.00294336 ,-0.0674673 
702,18.9351 ,0.0029249 ,-0.0677162 
703,18.962 ,0.00290656 ,-0.0679584 
704,18.989 ,0.00288834 ,-0.0681976 
705,19.016 ,0.00287025 ,-0.0684305 
706,19.043 ,0.00285227 ,-0.0686603 
707,19.0699 ,0.00283441 ,-0.068884 
708,19.0969 ,0.00281668 ,-0.0691048 
709,19.1239 ,0.00279906 ,-0.0693196 
710,19.1509 ,0.00278156 ,-0.0695317 
711,19.1778 ,0.00276418 ,-0.0697379 
712,19.2048 ,0.00274692 ,-0.0699414 
713,19.2318 ,0.00272977 ,-0.0701393 
714,19.2587 ,0.00271274 ,-0.0703347 
715,19.2857 ,0.00269583 ,-0.0705245 
716,19.3127 ,0.00267904 ,-0.0707119 
717,19.3397 ,0.00266236 ,-0.0708939 
718,19.3666 ,0.00264579 ,-0.0710736 
719,19.3936 ,0.00262934 ,-0.071248 
720,19.4206 ,0.00261301 ,-0.0714202 
721,19.4476 ,0.00259678 ,-0.0715873 
722,19.4745 ,0.00258068 ,-0.0717523 
723,19.5015 ,0.00256468 ,-0.0719123 
724,19.5285 ,0.0025488 ,-0.0720702 
725,19.5555 ,0.00253302 ,-0.0722234 
726,19.5824 ,0.00251736 ,-0.0723745 
727,19.6094 ,0.00250181 ,-0.072521 
728,19.6364 ,0.00248638 ,-0.0726655 
729,19.6633 ,0.00247105 ,-0.0728056 
730,19.6903 ,0.00245583 ,-0.0729437 
731,19.7173 ,0.00244071 ,-0.0730775 
732,19.7443 ,0.00242571 ,-0.0732095 
733,19.7712 ,0.00241082 ,-0.0733372 
734,19.7982 ,0.00239603 ,-0.0734632 
735,19.8252 ,0.00238134 ,-0.0735851 
736,19.8522 ,0.00236677 ,-0.0737053 
737,19.8791 ,0.0023523 ,-0.0738215 
738,19.9061 ,0.00233793 ,-0.0739361 
739,19.9331 ,0.00232367 ,-0.0740467 
740,19.96 ,0.00230952 ,-0.0741559 
741,19.987 ,0.00229546 ,-0.0742612 
742,20.014 ,0.00228151 ,-0.0743651 
743,20.041 ,0.00226766 ,-0.0744653 
744,20.0679 ,0.00225392 ,-0.074564 
745,20.0949 ,0.00224027 ,-0.0746592 
746,20.1219 ,0.00222672 ,-0.074753 
747,20.1489 ,0.00221328 ,-0.0748433 
748,20.1758 ,0.00219993 ,-0.0749323 
749,20.2028 ,0.00218669 ,-0.075018 
750,20.2298 ,0.00217354 ,-0.0751023 
751,20.2568 ,0.00216049 ,-0.0751834 
752,20.2837 ,0.00214753 ,-0.0752633 
753,20.3107 ,0.00213468 ,-0.0753399 
754,20.3377 ,0.00212192 ,-0.0754154 
755,20.3646 ,0.00210925 ,-0.0754879 
756,20.3916 ,0.00209668 ,-0.0755591 
757,20.4186 ,0.0020842 ,-0.0756274 
758,20.4456 ,0.00207182 ,-0.0756946 
759,20.4725 ,0.00205953 ,-0.0757589 
760,20.4995 ,0.00204734 ,-0.0758221 
761,20.5265 ,0.00203524 ,-0.0758825 
762,20.5535 ,0.00202322 ,-0.0759418 
763,20.5804 ,0.0020113 ,-0.0759985 
764,20.6074 ,0.00199947 ,-0.0760541 
765,20.6344 ,0.00198773 ,-0.0761071 
766,20.6613 ,0.00197608 ,-0.0761592 
767,20.6883 ,0.00196452 ,-0.0762086 
768,20.7153 ,0.00195305 ,-0.0762572 
769,20.7423 ,0.00194167 ,-0.0763032 
770,20.7692 ,0.00193037 ,-0.0763484 
771,20.7962 ,0.00191916 ,-0.0763911 
772,20.8232 ,0.00190803 ,-0.076433 
773,20.8502 ,0.00189699 ,-0.0764725 
774,20.8771 ,0.00188604 ,-0.0765112 
775,20.9041 ,0.00187517 ,-0.0765476 
776,20.9311 ,0.00186439 ,-0.0765832 
777,20.958 ,0.00185369 ,-0.0766166 
778,20.985 ,0.00184307 ,-0.0766493 
779,21.012 ,0.00183253 ,-0.0766797 
780,21.039 ,0.00182208 ,-0.0767095 
781,21.0659 ,0.00181171 ,-0.0767371 
782,21.0929 ,0.00180142 ,-0.0767641 
783,21.1199 ,0.00179121 ,-0.076789 
784,21.1469 ,0.00178108 ,-0.0768133 
785,21.1738 ,0.00177103 ,-0.0768355 
786,21.2008 ,0.00176105 ,-0.0768571 
787,21.2278 ,0.00175116 ,-0.0768768 
788,21.2548 ,0.00174134 ,-0.0768959 
789,21.2817 ,0.00173161 ,-0.076913 
790,21.3087 ,0.00172195 ,-0.0769296 
791,21.3357 ,0.00171236 ,-0.0769444 
792,21.3626 ,0.00170285 ,-0.0769586 
793,21.3896 ,0.00169342 ,-0.076971 
794,21.4166 ,0.00168406 ,-0.0769829 
795,21.4436 ,0.00167478 ,-0.076993 
796,21.4705 ,0.00166557 ,-0.0770027 
797,21.4975 ,0.00165643 ,-0.0770106 
798,21.5245 ,0.00164737 ,-0.0770181 
799,21.5515 ,0.00163838 ,-0.0770239 
800,21.5784 ,0.00162946 ,-0.0770293 
801,21.6054 ,0.00162061 ,-0.077033 
802,21.6324 ,0.00161184 ,-0.0770364 
803,21.6593 ,0.00160313 ,-0.0770381 
804,21.6863 ,0.0015945 ,-0.0770394 
805,21.7133 ,0.00158593 ,-0.0770392 
806,21.7403 ,0.00157744 ,-0.0770386 
807,21.7672 ,0.00156901 ,-0.0770365 
808,21.7942 ,0.00156065 ,-0.0770341 
809,21.8212 ,0.00155236 ,-0.0770302 
810,21.8482 ,0.00154414 ,-0.077026 
811,21.8751 ,0.00153598 ,-0.0770203 
812,21.9021 ,0.00152789 ,-0.0770143 
813,21.9291 ,0.00151987 ,-0.0770069 
814,21.956 ,0.00151191 ,-0.0769992 
815,21.983 ,0.00150402 ,-0.0769901 
816,22.01 ,0.00149619 ,-0.0769808 
817,22.037 ,0.00148843 ,-0.0769701 
818,22.0639 ,0.00148073 ,-0.0769592 
819,22.0909 ,0.0014731 ,-0.076947 
820,22.1179 ,0.00146552 ,-0.0769345 
821,22.1449 ,0.00145801 ,-0.0769207 
822,22.1718 ,0.00145057 ,-0.0769068 
823,22.1988 ,0.00144318 ,-0.0768916 
824,22.2258 ,0.00143586 ,-0.0768761 
825,22.2528 ,0.0014286 ,-0.0768595 
826,22.2797 ,0.00142139 ,-0.0768427 
827,22.3067 ,0.00141425 ,-0.0768246 
828,22.3337 ,0.00140717 ,-0.0768064 
829,22.3606 ,0.00140015 ,-0.0767871 
830,22.3876 ,0.00139318 ,-0.0767675 
831,22.4146 ,0.00138628 ,-0.0767469 
832,22.4416 ,0.00137943 ,-0.0767261 
833,22.4685 ,0.00137265 ,-0.0767041 
834,22.4955 ,0.00136591 ,-0.0766821 
835,22.5225 ,0.00135924 ,-0.0766589 
836,22.5495 ,0.00135262 ,-0.0766357 
837,22.5764 ,0.00134606 ,-0.0766113 
838,22.6034 ,0.00133956 ,-0.0765869 
839,22.6304 ,0.00133311 ,-0.0765614 
840,22.6573 ,0.00132672 ,-0.0765358 
841,22.6843 ,0.00132038 ,-0.0765092 
842,22.7113 ,0.00131409 ,-0.0764825 
843,22.7383 ,0.00130786 ,-0.0764548 
844,22.7652 ,0.00130169 ,-0.0764271 
845,22.7922 ,0.00129557 ,-0.0763983 
846,22.8192 ,0.0012895 ,-0.0763695 
847,22.8462 ,0.00128348 ,-0.0763398 
848,22.8731 ,0.00127751 ,-0.0763099 
849,22.9001 ,0.0012716 ,-0.0762792 
850,22.9271 ,0.00126574 ,-0.0762484 
851,22.9541 ,0.00125993 ,-0.0762167 
852,22.981 ,0.00125418 ,-0.0761849 
853,23.008 ,0.00124847 ,-0.0761523 
854,23.035 ,0.00124281 ,-0.0761196 
855,23.0619 ,0.0012372 ,-0.076086 
856,23.0889 ,0.00123165 ,-0.0760524 
857,23.1159 ,0.00122614 ,-0.076018 
858,23.1429 ,0.00122068 ,-0.0759835 
859,23.1698 ,0.00121527 ,-0.0759482 
860,23.1968 ,0.00120991 ,-0.0759129 
861,23.2238 ,0.0012046 ,-0.0758768 
862,23.2508 ,0.00119933 ,-0.0758407 
863,23.2777 ,0.00119411 ,-0.0758037 
864,23.3047 ,0.00118894 ,-0.0757668 
865,23.3317 ,0.00118382 ,-0.0757291 
866,23.3586 ,0.00117874 ,-0.0756914 
867,23.3856 ,0.00117371 ,-0.0756529 
868,23.4126 ,0.00116872 ,-0.0756144 
869,23.4396 ,0.00116379 ,-0.0755752 
870,23.4665 ,0.00115889 ,-0.075536 
871,23.4935 ,0.00115404 ,-0.075496 
872,23.5205 ,0.00114924 ,-0.0754561 
873,23.5475 ,0.00114448 ,-0.0754154 
874,23.5744 ,0.00113976 ,-0.0753748 
875,23.6014 ,0.00113509 ,-0.0753335 
876,23.6284 ,0.00113046 ,-0.0752921 
877,23.6553 ,0.00112588 ,-0.0752501 
878,23.6823 ,0.00112134 ,-0.0752082 
879,23.7093 ,0.00111684 ,-0.0751655 
880,23.7363 ,0.00111238 ,-0.0751229 
881,23.7632 ,0.00110797 ,-0.0750796 
882,23.7902 ,0.0011036 ,-0.0750364 
883,23.8172 ,0.00109927 ,-0.0749925 
884,23.8442 ,0.00109498 ,-0.0749487 
885,23.8711 ,0.00109073 ,-0.0749042 
886,23.8981 ,0.00108653 ,-0.0748597 
887,23.9251 ,0.00108236 ,-0.0748147 
888,23.9521 ,0.00107823 ,-0.0747696 
889,23.979 ,0.00107415 ,-0.074724 
890,24.006 ,0.0010701 ,-0.0746784 
891,24.033 ,0.0010661 ,-0.0746322 
892,24.0599 ,0.00106213 ,-0.0745861 
893,24.0869 ,0.00105821 ,-0.0745394 
894,24.1139 ,0.00105432 ,-0.0744927 
895,24.1409 ,0.00105047 ,-0.0744455 
896,24.1678 ,0.00104666 ,-0.0743983 
897,24.1948 ,0.00104288 ,-0.0743505 
898,24.2218 ,0.00103915 ,-0.0743028 
899,24.2488 ,0.00103545 ,-0.0742545 
900,24.2757 ,0.00103179 ,-0.0742063 
901,24.3027 ,0.00102817 ,-0.0741576 
902,24.3297 ,0.00102459 ,-0.0741089 
903,24.3566 ,0.00102104 ,-0.0740597 
904,24.3836 ,0.00101753 ,-0.0740105 
905,24.4106 ,0.00101405 ,-0.0739608 
906,24.4376 ,0.00101061 ,-0.0739112 
907,24.4645 ,0.00100721 ,-0.0738611 
908,24.4915 ,0.00100384 ,-0.073811 
909,24.5185 ,0.00100051 ,-0.0737604 
910,24.5455 ,0.00099721 ,-0.0737099 
911,24.5724 ,0.000993948 ,-0.0736589 
912,24.5994 ,0.00099072 ,-0.0736079 
913,24.6264 ,0.000987528 ,-0.0735565 
914,24.6533 ,0.00098437 ,-0.0735051 
915,24.6803 ,0.000981246 ,-0.0734533 
916,24.7073 ,0.000978156 ,-0.0734015 
917,24.7343 ,0.0009751 ,-0.0733492 
918,24.7612 ,0.000972077 ,-0.073297 
919,24.7882 ,0.000969088 ,-0.0732444 
920,24.8152 ,0.000966132 ,-0.0731918 
921,24.8422 ,0.000963209 ,-0.0731387 
922,24.8691 ,0.000960319 ,-0.0730858 
923,24.8961 ,0.000957461 ,-0.0730323 
924,24.9231 ,0.000954636 ,-0.072979 
925,24.9501 ,0.000951843 ,-0.0729252 
926,24.977 ,0.000949082 ,-0.0728715 
927,25.004 ,0.000946353 ,-0.0728173 
928,25.031 ,0.000943655 ,-0.0727632 
929,25.0579 ,0.000940989 ,-0.0727087 
930,25.0849 ,0.000938355 ,-0.0726543 
931,25.1119 ,0.000935751 ,-0.0725994 
932,25.1389 ,0.000933178 ,-0.0725446 
933,25.1658 ,0.000930637 ,-0.0724894 
934,25.1928 ,0.000928125 ,-0.0724343 
935,25.2198 ,0.000925644 ,-0.0723787 
936,25.2468 ,0.000923193 ,-0.0723233 
937,25.2737 ,0.000920773 ,-0.0722674 
938,25.3007 ,0.000918382 ,-0.0722116 
939,25.3277 ,0.000916021 ,-0.0721554 
940,25.3546 ,0.000913689 ,-0.0720992 
941,25.3816 ,0.000911387 ,-0.0720427 
942,25.4086 ,0.000909114 ,-0.0719863 
943,25.4356 ,0.00090687 ,-0.0719294 
944,25.4625 ,0.000904654 ,-0.0718727 
945,25.4895 ,0.000902468 ,-0.0718155 
946,25.5165 ,0.00090031 ,-0.0717585 
947,25.5435 ,0.00089818 ,-0.071701 
948,25.5704 ,0.000896079 ,-0.0716436 
949,25.5974 ,0.000894006 ,-0.0715859 
950,25.6244 ,0.000891961 ,-0.0715282 
951,25.6514 ,0.000889943 ,-0.0714702 
952,25.6783 ,0.000887953 ,-0.0714122 
953,25.7053 ,0.00088599 ,-0.0713539 
954,25.7323 ,0.000884055 ,-0.0712956 
955,25.7592 ,0.000882147 ,-0.071237 
956,25.7862 ,0.000880266 ,-0.0711785 
957,25.8132 ,0.000878412 ,-0.0711196 
958,25.8402 ,0.000876584 ,-0.0710608 
959,25.8671 ,0.000874783 ,-0.0710016 
960,25.8941 ,0.000873009 ,-0.0709425 
961,25.9211 ,0.000871261 ,-0.0708831 
962,25.9481 ,0.000869538 ,-0.0708237 
963,25.975 ,0.000867842 ,-0.070764 
964,26.002 ,0.000866172 ,-0.0707044 
965,26.029 ,0.000864528 ,-0.0706444 
966,26.0559 ,0.000862909 ,-0.0705845 
967,26.0829 ,0.000861315 ,-0.0705242 
968,26.1099 ,0.000859747 ,-0.0704641 
969,26.1369 ,0.000858204 ,-0.0704036 
970,26.1638 ,0.000856686 ,-0.0703432 
971,26.1908 ,0.000855193 ,-0.0702824 
972,26.2178 ,0.000853725 ,-0.0702217 
973,26.2448 ,0.000852281 ,-0.0701607 
974,26.2717 ,0.000850862 ,-0.0700998 
975,26.2987 ,0.000849467 ,-0.0700385 
976,26.3257 ,0.000848097 ,-0.0699774 
977,26.3526 ,0.000846751 ,-0.0699159 
978,26.3796 ,0.000845428 ,-0.0698544 
979,26.4066 ,0.00084413 ,-0.0697927 
980,26.4336 ,0.000842856 ,-0.069731 
981,26.4605 ,0.000841605 ,-0.069669 
982,26.4875 ,0.000840377 ,-0.0696071 
983,26.5145 ,0.000839173 ,-0.0695449 
984,26.5415 ,0.000837993 ,-0.0694828 
985,26.5684 ,0.000836835 ,-0.0694203 
986,26.5954 ,0.000835701 ,-0.0693579 
987,26.6224 ,0.00083459 ,-0.0692952 
988,26.6494 ,0.000833501 ,-0.0692326 
989,26.6763 ,0.000832435 ,-0.0691697 
990,26.7033 ,0.000831392 ,-0.0691068 
991,26.7303 ,0.000830372 ,-0.0690437 
992,26.7572 ,0.000829373 ,-0.0689806 
993,26.7842 ,0.000828397 ,-0.0689172 
994,26.8112 ,0.000827443 ,-0.0688539 
995,26.8382 ,0.000826512 ,-0.0687903 
996,26.8651 ,0.000825602 ,-0.0687268 
997,26.8921 ,0.000824714 ,-0.0686629 
998,26.9191 ,0.000823848 ,-0.0685992 
999,26.9461 ,0.000823003 ,-0.0685351 
1000,26.973 ,0.00082218 ,-0.0684714 