N_e = 8
1,0.025 ,3.17063e-05 ,-9597.6 
2,0.05 ,3.17063e-05 ,-2397.6 
3,0.075 ,3.17063e-05 ,-1064.27 
4,0.1 ,7.45683e-05 ,-597.599 
5,0.125 ,0.000145285 ,-381.599 
6,0.15 ,0.000250647 ,-264.266 
7,0.175 ,0.000397401 ,-193.518 
8,0.2 ,0.000592212 ,-147.599 
9,0.225 ,0.000841644 ,-116.118 
10,0.25 ,0.00115215 ,-93.5997 
11,0.275 ,0.00153004 ,-76.9388 
12,0.3 ,0.00198149 ,-64.2669 
13,0.325 ,0.00251252 ,-54.4052 
14,0.35 ,0.00312897 ,-46.5803 
15,0.375 ,0.00383649 ,-40.2677 
16,0.4 ,0.00464055 ,-35.1013 
17,0.425 ,0.0055464 ,-30.8197 
18,0.45 ,0.00655906 ,-27.2317 
19,0.475 ,0.00768334 ,-24.1952 
20,0.5 ,0.00892378 ,-21.6028 
21,0.525 ,0.0102847 ,-19.372 
22,0.55 ,0.0117701 ,-17.4384 
23,0.575 ,0.0133838 ,-15.7516 
24,0.6 ,0.0151292 ,-14.2713 
25,0.625 ,0.0170095 ,-12.9651 
26,0.65 ,0.0190276 ,-11.8068 
27,0.675 ,0.0211861 ,-10.7749 
28,0.7 ,0.0234873 ,-9.85167 
29,0.725 ,0.025933 ,-9.02235 
30,0.75 ,0.028525 ,-8.27464 
31,0.775 ,0.0312644 ,-7.59819 
32,0.8 ,0.0341523 ,-6.98425 
33,0.825 ,0.0371893 ,-6.42534 
34,0.85 ,0.0403755 ,-5.9151 
35,0.875 ,0.043711 ,-5.44805 
36,0.9 ,0.0471954 ,-5.01946 
37,0.925 ,0.0508277 ,-4.62522 
38,0.95 ,0.0546069 ,-4.26177 
39,0.975 ,0.0585316 ,-3.926 
40,1 ,0.0625998 ,-3.61518 
41,1.025 ,0.0668095 ,-3.3269 
42,1.05 ,0.0711581 ,-3.05904 
43,1.075 ,0.0756427 ,-2.80974 
44,1.1 ,0.08026 ,-2.57732 
45,1.125 ,0.0850067 ,-2.3603 
46,1.15 ,0.0898787 ,-2.15735 
47,1.175 ,0.0948719 ,-1.96731 
48,1.2 ,0.0999817 ,-1.78909 
49,1.225 ,0.105203 ,-1.62176 
50,1.25 ,0.110531 ,-1.46445 
51,1.275 ,0.115961 ,-1.31637 
52,1.3 ,0.121485 ,-1.17684 
53,1.325 ,0.127099 ,-1.04521 
54,1.35 ,0.132797 ,-0.92091 
55,1.375 ,0.13857 ,-0.803405 
56,1.4 ,0.144413 ,-0.692219 
57,1.425 ,0.150318 ,-0.586913 
58,1.45 ,0.156279 ,-0.487087 
59,1.475 ,0.162287 ,-0.392375 
60,1.5 ,0.168335 ,-0.302439 
61,1.525 ,0.174415 ,-0.216969 
62,1.55 ,0.180518 ,-0.135683 
63,1.575 ,0.186637 ,-0.0583167 
64,1.6 ,0.192762 ,0.0153709 
65,1.625 ,0.198886 ,0.0856032 
66,1.65 ,0.204999 ,0.152587 
67,1.675 ,0.211092 ,0.216513 
68,1.7 ,0.217157 ,0.27756 
69,1.725 ,0.223184 ,0.33589 
70,1.75 ,0.229165 ,0.391659 
71,1.775 ,0.235089 ,0.445006 
72,1.8 ,0.240948 ,0.496066 
73,1.825 ,0.246732 ,0.544961 
74,1.85 ,0.252432 ,0.591807 
75,1.875 ,0.258038 ,0.63671 
76,1.9 ,0.263542 ,0.679772 
77,1.925 ,0.268934 ,0.721087 
78,1.95 ,0.274205 ,0.760742 
79,1.975 ,0.279346 ,0.798819 
80,2 ,0.284347 ,0.835397 
81,2.025 ,0.289199 ,0.870548 
82,2.05 ,0.293894 ,0.904339 
83,2.075 ,0.298424 ,0.936836 
84,2.1 ,0.302778 ,0.968098 
85,2.125 ,0.306949 ,0.998182 
86,2.15 ,0.310929 ,1.02714 
87,2.175 ,0.314709 ,1.05503 
88,2.2 ,0.318282 ,1.08189 
89,2.225 ,0.321639 ,1.10777 
90,2.25 ,0.324774 ,1.13271 
91,2.275 ,0.327679 ,1.15675 
92,2.3 ,0.330347 ,1.17993 
93,2.325 ,0.332771 ,1.20228 
94,2.35 ,0.334946 ,1.22385 
95,2.375 ,0.336864 ,1.24466 
96,2.4 ,0.33852 ,1.26473 
97,2.425 ,0.339909 ,1.28411 
98,2.45 ,0.341024 ,1.30282 
99,2.475 ,0.341863 ,1.32089 
100,2.5 ,0.342419 ,1.33833 
101,2.525 ,0.342688 ,1.35517 
102,2.55 ,0.342667 ,1.37145 
103,2.575 ,0.342353 ,1.38717 
104,2.6 ,0.341742 ,1.40235 
105,2.625 ,0.340832 ,1.41703 
106,2.65 ,0.339619 ,1.43121 
107,2.675 ,0.338103 ,1.44491 
108,2.7 ,0.336281 ,1.45815 
109,2.725 ,0.334154 ,1.47095 
110,2.75 ,0.331719 ,1.48332 
111,2.775 ,0.328976 ,1.49527 
112,2.8 ,0.325926 ,1.50683 
113,2.825 ,0.322569 ,1.518 
114,2.85 ,0.318906 ,1.52879 
115,2.875 ,0.314939 ,1.53922 
116,2.9 ,0.310668 ,1.54931 
117,2.925 ,0.306097 ,1.55905 
118,2.95 ,0.301227 ,1.56847 
119,2.975 ,0.296063 ,1.57757 
120,3 ,0.290606 ,1.58636 
121,3.025 ,0.284861 ,1.59485 
122,3.05 ,0.278833 ,1.60305 
123,3.075 ,0.272525 ,1.61097 
124,3.1 ,0.265942 ,1.61862 
125,3.125 ,0.259091 ,1.62601 
126,3.15 ,0.251976 ,1.63314 
127,3.175 ,0.244604 ,1.64002 
128,3.2 ,0.236982 ,1.64666 
129,3.225 ,0.229116 ,1.65306 
130,3.25 ,0.221013 ,1.65923 
131,3.275 ,0.21268 ,1.66519 
132,3.3 ,0.204127 ,1.67092 
133,3.325 ,0.19536 ,1.67645 
134,3.35 ,0.186389 ,1.68177 
135,3.375 ,0.177222 ,1.68689 
136,3.4 ,0.167868 ,1.69182 
137,3.425 ,0.158336 ,1.69655 
138,3.45 ,0.148637 ,1.70111 
139,3.475 ,0.138779 ,1.70548 
140,3.5 ,0.128774 ,1.70968 
141,3.525 ,0.118631 ,1.71371 
142,3.55 ,0.108361 ,1.71758 
143,3.575 ,0.0979749 ,1.72128 
144,3.6 ,0.0874832 ,1.72482 
145,3.625 ,0.0768973 ,1.72821 
146,3.65 ,0.0662283 ,1.73144 
147,3.675 ,0.0554877 ,1.73453 
148,3.7 ,0.0446869 ,1.73748 
149,3.725 ,0.0338376 ,1.74028 
150,3.75 ,0.0229515 ,1.74295 
151,3.775 ,0.0120404 ,1.74549 
152,3.8 ,0.00111612 ,1.74789 
153,3.825 ,-0.00980933 ,1.75016 
154,3.85 ,-0.020724 ,1.75231 
155,3.875 ,-0.0316161 ,1.75433 
156,3.9 ,-0.0424734 ,1.75624 
157,3.925 ,-0.0532842 ,1.75802 
158,3.95 ,-0.0640363 ,1.75969 
159,3.975 ,-0.0747181 ,1.76125 
160,4 ,-0.0853176 ,1.7627 
161,4.025 ,-0.0958232 ,1.76404 
162,4.05 ,-0.106223 ,1.76527 
163,4.075 ,-0.116506 ,1.7664 
164,4.1 ,-0.12666 ,1.76742 
165,4.125 ,-0.136674 ,1.76835 
166,4.15 ,-0.146537 ,1.76918 
167,4.175 ,-0.156238 ,1.76991 
168,4.2 ,-0.165767 ,1.77054 
169,4.225 ,-0.175112 ,1.77109 
170,4.25 ,-0.184263 ,1.77154 
171,4.275 ,-0.19321 ,1.7719 
172,4.3 ,-0.201943 ,1.77218 
173,4.325 ,-0.210453 ,1.77236 
174,4.35 ,-0.218729 ,1.77247 
175,4.375 ,-0.226763 ,1.77249 
176,4.4 ,-0.234546 ,1.77243 
177,4.425 ,-0.242069 ,1.77228 
178,4.45 ,-0.249324 ,1.77206 
179,4.475 ,-0.256303 ,1.77176 
180,4.5 ,-0.262998 ,1.77138 
181,4.525 ,-0.269402 ,1.77093 
182,4.55 ,-0.275508 ,1.77041 
183,4.575 ,-0.281309 ,1.76981 
184,4.6 ,-0.286799 ,1.76913 
185,4.625 ,-0.291972 ,1.76839 
186,4.65 ,-0.296822 ,1.76758 
187,4.675 ,-0.301344 ,1.7667 
188,4.7 ,-0.305534 ,1.76575 
189,4.725 ,-0.309386 ,1.76474 
190,4.75 ,-0.312897 ,1.76365 
191,4.775 ,-0.316063 ,1.76251 
192,4.8 ,-0.318882 ,1.7613 
193,4.825 ,-0.321349 ,1.76003 
194,4.85 ,-0.323463 ,1.75869 
195,4.875 ,-0.325221 ,1.7573 
196,4.9 ,-0.326622 ,1.75584 
197,4.925 ,-0.327664 ,1.75432 
198,4.95 ,-0.328348 ,1.75275 
199,4.975 ,-0.328672 ,1.75111 
200,5 ,-0.328636 ,1.74942 
201,5.025 ,-0.328241 ,1.74768 
202,5.05 ,-0.327487 ,1.74587 
203,5.075 ,-0.326376 ,1.74402 
204,5.1 ,-0.324909 ,1.7421 
205,5.125 ,-0.323089 ,1.74014 
206,5.15 ,-0.320917 ,1.73812 
207,5.175 ,-0.318396 ,1.73605 
208,5.2 ,-0.31553 ,1.73392 
209,5.225 ,-0.312323 ,1.73175 
210,5.25 ,-0.308777 ,1.72952 
211,5.275 ,-0.304897 ,1.72724 
212,5.3 ,-0.300689 ,1.72492 
213,5.325 ,-0.296156 ,1.72254 
214,5.35 ,-0.291304 ,1.72012 
215,5.375 ,-0.28614 ,1.71765 
216,5.4 ,-0.280668 ,1.71513 
217,5.425 ,-0.274895 ,1.71256 
218,5.45 ,-0.268828 ,1.70995 
219,5.475 ,-0.262474 ,1.70729 
220,5.5 ,-0.25584 ,1.70458 
221,5.525 ,-0.248933 ,1.70183 
222,5.55 ,-0.241761 ,1.69904 
223,5.575 ,-0.234333 ,1.6962 
224,5.6 ,-0.226656 ,1.69332 
225,5.625 ,-0.21874 ,1.69039 
226,5.65 ,-0.210592 ,1.68742 
227,5.675 ,-0.202223 ,1.68441 
228,5.7 ,-0.19364 ,1.68136 
229,5.725 ,-0.184854 ,1.67826 
230,5.75 ,-0.175874 ,1.67512 
231,5.775 ,-0.16671 ,1.67194 
232,5.8 ,-0.157372 ,1.66872 
233,5.825 ,-0.14787 ,1.66546 
234,5.85 ,-0.138213 ,1.66216 
235,5.875 ,-0.128414 ,1.65882 
236,5.9 ,-0.118481 ,1.65544 
237,5.925 ,-0.108425 ,1.65202 
238,5.95 ,-0.0982576 ,1.64856 
239,5.975 ,-0.0879889 ,1.64507 
240,6 ,-0.0776297 ,1.64153 
241,6.025 ,-0.0671909 ,1.63796 
242,6.05 ,-0.0566833 ,1.63435 
243,6.075 ,-0.0461179 ,1.6307 
244,6.1 ,-0.0355054 ,1.62702 
245,6.125 ,-0.0248568 ,1.6233 
246,6.15 ,-0.014183 ,1.61954 
247,6.175 ,-0.00349478 ,1.61575 
248,6.2 ,0.00719693 ,1.61191 
249,6.225 ,0.0178814 ,1.60805 
250,6.25 ,0.0285479 ,1.60415 
251,6.275 ,0.0391858 ,1.60021 
252,6.3 ,0.0497845 ,1.59624 
253,6.325 ,0.0603335 ,1.59223 
254,6.35 ,0.0708225 ,1.58819 
255,6.375 ,0.0812412 ,1.58411 
256,6.4 ,0.0915795 ,1.58 
257,6.425 ,0.101827 ,1.57586 
258,6.45 ,0.111975 ,1.57168 
259,6.475 ,0.122013 ,1.56747 
260,6.5 ,0.131931 ,1.56322 
261,6.525 ,0.14172 ,1.55894 
262,6.55 ,0.151371 ,1.55463 
263,6.575 ,0.160875 ,1.55029 
264,6.6 ,0.170223 ,1.54591 
265,6.625 ,0.179407 ,1.5415 
266,6.65 ,0.188418 ,1.53706 
267,6.675 ,0.197248 ,1.53258 
268,6.7 ,0.205889 ,1.52808 
269,6.725 ,0.214334 ,1.52354 
270,6.75 ,0.222574 ,1.51897 
271,6.775 ,0.230603 ,1.51437 
272,6.8 ,0.238414 ,1.50974 
273,6.825 ,0.246 ,1.50508 
274,6.85 ,0.253354 ,1.50038 
275,6.875 ,0.260471 ,1.49566 
276,6.9 ,0.267345 ,1.4909 
277,6.925 ,0.273969 ,1.48612 
278,6.95 ,0.280339 ,1.4813 
279,6.975 ,0.286449 ,1.47645 
280,7 ,0.292296 ,1.47158 
281,7.025 ,0.297873 ,1.46667 
282,7.05 ,0.303177 ,1.46174 
283,7.075 ,0.308204 ,1.45677 
284,7.1 ,0.312951 ,1.45177 
285,7.125 ,0.317414 ,1.44675 
286,7.15 ,0.32159 ,1.44169 
287,7.175 ,0.325476 ,1.43661 
288,7.2 ,0.32907 ,1.4315 
289,7.225 ,0.332369 ,1.42636 
290,7.25 ,0.335372 ,1.42119 
291,7.275 ,0.338078 ,1.41599 
292,7.3 ,0.340484 ,1.41076 
293,7.325 ,0.34259 ,1.4055 
294,7.35 ,0.344395 ,1.40022 
295,7.375 ,0.345899 ,1.3949 
296,7.4 ,0.347101 ,1.38956 
297,7.425 ,0.348002 ,1.38419 
298,7.45 ,0.348601 ,1.3788 
299,7.475 ,0.3489 ,1.37337 
300,7.5 ,0.3489 ,1.36792 
301,7.525 ,0.348602 ,1.36244 
302,7.55 ,0.348007 ,1.35693 
303,7.575 ,0.347116 ,1.35139 
304,7.6 ,0.345933 ,1.34583 
305,7.625 ,0.344458 ,1.34024 
306,7.65 ,0.342695 ,1.33462 
307,7.675 ,0.340646 ,1.32898 
308,7.7 ,0.338315 ,1.3233 
309,7.725 ,0.335703 ,1.3176 
310,7.75 ,0.332815 ,1.31188 
311,7.775 ,0.329654 ,1.30613 
312,7.8 ,0.326224 ,1.30035 
313,7.825 ,0.322529 ,1.29454 
314,7.85 ,0.318573 ,1.28871 
315,7.875 ,0.314361 ,1.28285 
316,7.9 ,0.309896 ,1.27696 
317,7.925 ,0.305184 ,1.27105 
318,7.95 ,0.30023 ,1.26511 
319,7.975 ,0.295038 ,1.25914 
320,8 ,0.289614 ,1.25315 
321,8.025 ,0.283963 ,1.24714 
322,8.05 ,0.278091 ,1.24109 
323,8.075 ,0.272004 ,1.23502 
324,8.1 ,0.265706 ,1.22893 
325,8.125 ,0.259204 ,1.22281 
326,8.15 ,0.252504 ,1.21666 
327,8.175 ,0.245612 ,1.21049 
328,8.2 ,0.238535 ,1.20429 
329,8.225 ,0.231277 ,1.19807 
330,8.25 ,0.223847 ,1.19182 
331,8.275 ,0.21625 ,1.18555 
332,8.3 ,0.208493 ,1.17925 
333,8.325 ,0.200582 ,1.17292 
334,8.35 ,0.192524 ,1.16657 
335,8.375 ,0.184325 ,1.1602 
336,8.4 ,0.175993 ,1.15379 
337,8.425 ,0.167534 ,1.14737 
338,8.45 ,0.158955 ,1.14092 
339,8.475 ,0.150263 ,1.13444 
340,8.5 ,0.141464 ,1.12794 
341,8.525 ,0.132565 ,1.12142 
342,8.55 ,0.123573 ,1.11486 
343,8.575 ,0.114496 ,1.10829 
344,8.6 ,0.105338 ,1.10169 
345,8.625 ,0.0961089 ,1.09506 
346,8.65 ,0.0868135 ,1.08841 
347,8.675 ,0.0774591 ,1.08174 
348,8.7 ,0.0680523 ,1.07504 
349,8.725 ,0.0585998 ,1.06832 
350,8.75 ,0.0491081 ,1.06157 
351,8.775 ,0.0395839 ,1.0548 
352,8.8 ,0.0300335 ,1.048 
353,8.825 ,0.0204635 ,1.04118 
354,8.85 ,0.0108802 ,1.03434 
355,8.875 ,0.00128979 ,1.02747 
356,8.9 ,-0.00830143 ,1.02057 
357,8.925 ,-0.0178874 ,1.01366 
358,8.95 ,-0.027462 ,1.00671 
359,8.975 ,-0.0370193 ,0.999747 
360,9 ,-0.0465535 ,0.992757 
361,9.025 ,-0.0560589 ,0.985743 
362,9.05 ,-0.0655297 ,0.978705 
363,9.075 ,-0.0749604 ,0.971642 
364,9.1 ,-0.0843456 ,0.964556 
365,9.125 ,-0.09368 ,0.957447 
366,9.15 ,-0.102958 ,0.950313 
367,9.175 ,-0.112176 ,0.943155 
368,9.2 ,-0.121327 ,0.935974 
369,9.225 ,-0.130407 ,0.928769 
370,9.25 ,-0.139411 ,0.92154 
371,9.275 ,-0.148335 ,0.914288 
372,9.3 ,-0.157175 ,0.907012 
373,9.325 ,-0.165925 ,0.899712 
374,9.35 ,-0.174582 ,0.892389 
375,9.375 ,-0.183142 ,0.885042 
376,9.4 ,-0.1916 ,0.877672 
377,9.425 ,-0.199953 ,0.870278 
378,9.45 ,-0.208198 ,0.862861 
379,9.475 ,-0.21633 ,0.85542 
380,9.5 ,-0.224347 ,0.847956 
381,9.525 ,-0.232244 ,0.840469 
382,9.55 ,-0.24002 ,0.832958 
383,9.575 ,-0.247671 ,0.825424 
384,9.6 ,-0.255194 ,0.817867 
385,9.625 ,-0.262586 ,0.810287 
386,9.65 ,-0.269846 ,0.802683 
387,9.675 ,-0.27697 ,0.795056 
388,9.7 ,-0.283957 ,0.787406 
389,9.725 ,-0.290804 ,0.779733 
390,9.75 ,-0.297509 ,0.772037 
391,9.775 ,-0.304071 ,0.764317 
392,9.8 ,-0.310487 ,0.756575 
393,9.825 ,-0.316757 ,0.748809 
394,9.85 ,-0.322878 ,0.741021 
395,9.875 ,-0.32885 ,0.733209 
396,9.9 ,-0.334671 ,0.725375 
397,9.925 ,-0.340341 ,0.717518 
398,9.95 ,-0.345858 ,0.709637 
399,9.975 ,-0.351221 ,0.701734 
400,10 ,-0.35643 ,0.693808 
401,10.025 ,-0.361485 ,0.685859 
402,10.05 ,-0.366385 ,0.677888 
403,10.075 ,-0.37113 ,0.669893 
404,10.1 ,-0.375719 ,0.661876 
405,10.125 ,-0.380153 ,0.653836 
406,10.15 ,-0.384432 ,0.645773 
407,10.175 ,-0.388555 ,0.637688 
408,10.2 ,-0.392524 ,0.62958 
409,10.225 ,-0.396338 ,0.621449 
410,10.25 ,-0.399998 ,0.613295 
411,10.275 ,-0.403505 ,0.605119 
412,10.3 ,-0.406859 ,0.59692 
413,10.325 ,-0.410062 ,0.588731 
414,10.35 ,-0.413113 ,0.580581 
415,10.375 ,-0.416015 ,0.572469 
416,10.4 ,-0.418768 ,0.564396 
417,10.425 ,-0.421373 ,0.55636 
418,10.45 ,-0.423832 ,0.548363 
419,10.475 ,-0.426145 ,0.540403 
420,10.5 ,-0.428315 ,0.53248 
421,10.525 ,-0.430342 ,0.524595 
422,10.55 ,-0.432228 ,0.516746 
423,10.575 ,-0.433974 ,0.508933 
424,10.6 ,-0.435582 ,0.501157 
425,10.625 ,-0.437054 ,0.493417 
426,10.65 ,-0.438391 ,0.485713 
427,10.675 ,-0.439595 ,0.478044 
428,10.7 ,-0.440667 ,0.47041 
429,10.725 ,-0.44161 ,0.462812 
430,10.75 ,-0.442426 ,0.455248 
431,10.775 ,-0.443115 ,0.447719 
432,10.8 ,-0.443681 ,0.440224 
433,10.825 ,-0.444124 ,0.432763 
434,10.85 ,-0.444447 ,0.425336 
435,10.875 ,-0.444652 ,0.417942 
436,10.9 ,-0.444741 ,0.410582 
437,10.925 ,-0.444716 ,0.403255 
438,10.95 ,-0.444579 ,0.395961 
439,10.975 ,-0.444332 ,0.3887 
440,11 ,-0.443976 ,0.381471 
441,11.025 ,-0.443515 ,0.374275 
442,11.05 ,-0.44295 ,0.36711 
443,11.075 ,-0.442284 ,0.359977 
444,11.1 ,-0.441518 ,0.352876 
445,11.125 ,-0.440655 ,0.345807 
446,11.15 ,-0.439696 ,0.338769 
447,11.175 ,-0.438644 ,0.331761 
448,11.2 ,-0.437502 ,0.324785 
449,11.225 ,-0.43627 ,0.317839 
450,11.25 ,-0.434952 ,0.310923 
451,11.275 ,-0.43355 ,0.304038 
452,11.3 ,-0.432065 ,0.297182 
453,11.325 ,-0.430499 ,0.290357 
454,11.35 ,-0.428856 ,0.283561 
455,11.375 ,-0.427137 ,0.276795 
456,11.4 ,-0.425343 ,0.270057 
457,11.425 ,-0.423478 ,0.263349 
458,11.45 ,-0.421544 ,0.25667 
459,11.475 ,-0.419541 ,0.250019 
460,11.5 ,-0.417473 ,0.243397 
461,11.525 ,-0.415342 ,0.236803 
462,11.55 ,-0.413149 ,0.230237 
463,11.575 ,-0.410896 ,0.223699 
464,11.6 ,-0.408586 ,0.217189 
465,11.625 ,-0.406221 ,0.210707 
466,11.65 ,-0.403802 ,0.204251 
467,11.675 ,-0.401332 ,0.197824 
468,11.7 ,-0.398812 ,0.191423 
469,11.725 ,-0.396244 ,0.185049 
470,11.75 ,-0.393631 ,0.178702 
471,11.775 ,-0.390973 ,0.172381 
472,11.8 ,-0.388274 ,0.166087 
473,11.825 ,-0.385534 ,0.159819 
474,11.85 ,-0.382755 ,0.153577 
475,11.875 ,-0.37994 ,0.147361 
476,11.9 ,-0.37709 ,0.141171 
477,11.925 ,-0.374207 ,0.135006 
478,11.95 ,-0.371292 ,0.128867 
479,11.975 ,-0.368347 ,0.122753 
480,12 ,-0.365373 ,0.116664 
481,12.025 ,-0.362374 ,0.1106 
482,12.05 ,-0.359349 ,0.104561 
483,12.075 ,-0.3563 ,0.0985463 
484,12.1 ,-0.35323 ,0.0925564 
485,12.125 ,-0.350139 ,0.0865907 
486,12.15 ,-0.34703 ,0.0806493 
487,12.175 ,-0.343902 ,0.0747319 
488,12.2 ,-0.340759 ,0.0688385 
489,12.225 ,-0.337601 ,0.0629688 
490,12.25 ,-0.33443 ,0.0571227 
491,12.275 ,-0.331247 ,0.0513001 
492,12.3 ,-0.328053 ,0.0455009 
493,12.325 ,-0.32485 ,0.0397248 
494,12.35 ,-0.321639 ,0.0339719 
495,12.375 ,-0.318421 ,0.0282418 
496,12.4 ,-0.315197 ,0.0225345 
497,12.425 ,-0.311969 ,0.0168499 
498,12.45 ,-0.308738 ,0.0111878 
499,12.475 ,-0.305504 ,0.00554804 
500,12.5 ,-0.30227 ,-6.94386e-05 
501,12.525 ,-0.299035 ,-0.0056648 
502,12.55 ,-0.295801 ,-0.0112382 
503,12.575 ,-0.29257 ,-0.0167897 
504,12.6 ,-0.289342 ,-0.0223195 
505,12.625 ,-0.286117 ,-0.0278277 
506,12.65 ,-0.282898 ,-0.0333144 
507,12.675 ,-0.279684 ,-0.0387797 
508,12.7 ,-0.276478 ,-0.0442238 
509,12.725 ,-0.273279 ,-0.0496469 
510,12.75 ,-0.270088 ,-0.0550489 
511,12.775 ,-0.266907 ,-0.0604301 
512,12.8 ,-0.263736 ,-0.0657905 
513,12.825 ,-0.260575 ,-0.0711304 
514,12.85 ,-0.257426 ,-0.0764497 
515,12.875 ,-0.25429 ,-0.0817486 
516,12.9 ,-0.251166 ,-0.0870273 
517,12.925 ,-0.248057 ,-0.0922858 
518,12.95 ,-0.244961 ,-0.0975243 
519,12.975 ,-0.24188 ,-0.102743 
520,13 ,-0.238815 ,-0.107942 
521,13.025 ,-0.235766 ,-0.113121 
522,13.05 ,-0.232734 ,-0.11828 
523,13.075 ,-0.229719 ,-0.12342 
524,13.1 ,-0.226722 ,-0.128541 
525,13.125 ,-0.223742 ,-0.133642 
526,13.15 ,-0.220782 ,-0.138724 
527,13.175 ,-0.217841 ,-0.143788 
528,13.2 ,-0.214919 ,-0.148832 
529,13.225 ,-0.212017 ,-0.153857 
530,13.25 ,-0.209136 ,-0.158864 
531,13.275 ,-0.206275 ,-0.163852 
532,13.3 ,-0.203436 ,-0.168822 
533,13.325 ,-0.200618 ,-0.173773 
534,13.35 ,-0.197821 ,-0.178706 
535,13.375 ,-0.195047 ,-0.183621 
536,13.4 ,-0.192295 ,-0.188517 
537,13.425 ,-0.189566 ,-0.193396 
538,13.45 ,-0.18686 ,-0.198257 
539,13.475 ,-0.184177 ,-0.203099 
540,13.5 ,-0.181517 ,-0.207925 
541,13.525 ,-0.178881 ,-0.212732 
542,13.55 ,-0.176269 ,-0.217522 
543,13.575 ,-0.173681 ,-0.222295 
544,13.6 ,-0.171116 ,-0.22705 
545,13.625 ,-0.168576 ,-0.231788 
546,13.65 ,-0.166061 ,-0.236509 
547,13.675 ,-0.16357 ,-0.241213 
548,13.7 ,-0.161104 ,-0.2459 
549,13.725 ,-0.158662 ,-0.25057 
550,13.75 ,-0.156245 ,-0.255223 
551,13.775 ,-0.153854 ,-0.25986 
552,13.8 ,-0.151487 ,-0.26448 
553,13.825 ,-0.149145 ,-0.269083 
554,13.85 ,-0.146828 ,-0.27367 
555,13.875 ,-0.144537 ,-0.278241 
556,13.9 ,-0.14227 ,-0.282796 
557,13.925 ,-0.140029 ,-0.287334 
558,13.95 ,-0.137813 ,-0.291856 
559,13.975 ,-0.135622 ,-0.296363 
560,14 ,-0.133456 ,-0.300853 
561,14.025 ,-0.131315 ,-0.305328 
562,14.05 ,-0.1292 ,-0.309787 
563,14.075 ,-0.127109 ,-0.31423 
564,14.1 ,-0.125043 ,-0.318658 
565,14.125 ,-0.123002 ,-0.32307 
566,14.15 ,-0.120986 ,-0.327466 
567,14.175 ,-0.118995 ,-0.331848 
568,14.2 ,-0.117028 ,-0.336214 
569,14.225 ,-0.115086 ,-0.340565 
570,14.25 ,-0.113169 ,-0.344901 
571,14.275 ,-0.111276 ,-0.349222 
572,14.3 ,-0.109407 ,-0.353528 
573,14.325 ,-0.107562 ,-0.357819 
574,14.35 ,-0.105742 ,-0.362096 
575,14.375 ,-0.103945 ,-0.366358 
576,14.4 ,-0.102172 ,-0.370605 
577,14.425 ,-0.100423 ,-0.374837 
578,14.45 ,-0.0986976 ,-0.379055 
579,14.475 ,-0.0969953 ,-0.383259 
580,14.5 ,-0.0953163 ,-0.387448 
581,14.525 ,-0.0936603 ,-0.391623 
582,14.55 ,-0.0920273 ,-0.395784 
583,14.575 ,-0.0904171 ,-0.399931 
584,14.6 ,-0.0888294 ,-0.404064 
585,14.625 ,-0.0872642 ,-0.408183 
586,14.65 ,-0.0857212 ,-0.412288 
587,14.675 ,-0.0842003 ,-0.416379 
588,14.7 ,-0.0827013 ,-0.420456 
589,14.725 ,-0.0812241 ,-0.42452 
590,14.75 ,-0.0797684 ,-0.42857 
591,14.775 ,-0.0783341 ,-0.432606 
592,14.8 ,-0.076921 ,-0.436629 
593,14.825 ,-0.0755288 ,-0.440639 
594,14.85 ,-0.0741575 ,-0.444635 
595,14.875 ,-0.0728067 ,-0.448618 
596,14.9 ,-0.0714764 ,-0.452588 
597,14.925 ,-0.0701663 ,-0.456544 
598,14.95 ,-0.0688762 ,-0.460488 
599,14.975 ,-0.0676059 ,-0.464419 
600,15 ,-0.0663553 ,-0.468336 
601,15.025 ,-0.0651241 ,-0.472241 
602,15.05 ,-0.0639121 ,-0.476133 
603,15.075 ,-0.0627191 ,-0.480012 
604,15.1 ,-0.0615449 ,-0.483878 
605,15.125 ,-0.0603894 ,-0.487732 
606,15.15 ,-0.0592522 ,-0.491573 
607,15.175 ,-0.0581333 ,-0.495402 
608,15.2 ,-0.0570324 ,-0.499218 
609,15.225 ,-0.0559492 ,-0.503022 
610,15.25 ,-0.0548837 ,-0.506813 
611,15.275 ,-0.0538355 ,-0.510592 
612,15.3 ,-0.0528045 ,-0.514359 
613,15.325 ,-0.0517905 ,-0.518114 
614,15.35 ,-0.0507933 ,-0.521857 
615,15.375 ,-0.0498126 ,-0.525588 
616,15.4 ,-0.0488483 ,-0.529306 
617,15.425 ,-0.0479001 ,-0.533013 
618,15.45 ,-0.0469679 ,-0.536708 
619,15.475 ,-0.0460515 ,-0.540391 
620,15.5 ,-0.0451506 ,-0.544063 
621,15.525 ,-0.0442651 ,-0.547722 
622,15.55 ,-0.0433947 ,-0.551371 
623,15.575 ,-0.0425393 ,-0.555007 
624,15.6 ,-0.0416986 ,-0.558632 
625,15.625 ,-0.0408725 ,-0.562245 
626,15.65 ,-0.0400607 ,-0.565847 
627,15.675 ,-0.0392632 ,-0.569438 
628,15.7 ,-0.0384796 ,-0.573018 
629,15.725 ,-0.0377097 ,-0.576586 
630,15.75 ,-0.0369535 ,-0.580143 
631,15.775 ,-0.0362107 ,-0.583688 
632,15.8 ,-0.035481 ,-0.587223 
633,15.825 ,-0.0347644 ,-0.590747 
634,15.85 ,-0.0340607 ,-0.594259 
635,15.875 ,-0.0333696 ,-0.597761 
636,15.9 ,-0.0326909 ,-0.601252 
637,15.925 ,-0.0320245 ,-0.604732 
638,15.95 ,-0.0313703 ,-0.608201 
639,15.975 ,-0.0307279 ,-0.611659 
640,16 ,-0.0300973 ,-0.615107 
641,16.025 ,-0.0294783 ,-0.618544 
642,16.05 ,-0.0288707 ,-0.62197 
643,16.075 ,-0.0282743 ,-0.625386 
644,16.1 ,-0.027689 ,-0.628792 
645,16.125 ,-0.0271145 ,-0.632187 
646,16.15 ,-0.0265507 ,-0.635571 
647,16.175 ,-0.0259975 ,-0.638946 
648,16.2 ,-0.0254547 ,-0.64231 
649,16.225 ,-0.0249221 ,-0.645663 
650,16.25 ,-0.0243996 ,-0.649007 
651,16.275 ,-0.0238869 ,-0.65234 
652,16.3 ,-0.023384 ,-0.655663 
653,16.325 ,-0.0228907 ,-0.658976 
654,16.35 ,-0.0224068 ,-0.662279 
655,16.375 ,-0.0219321 ,-0.665572 
656,16.4 ,-0.0214666 ,-0.668856 
657,16.425 ,-0.0210101 ,-0.672129 
658,16.45 ,-0.0205624 ,-0.675392 
659,16.475 ,-0.0201234 ,-0.678646 
660,16.5 ,-0.0196929 ,-0.68189 
661,16.525 ,-0.0192708 ,-0.685124 
662,16.55 ,-0.018857 ,-0.688348 
663,16.575 ,-0.0184512 ,-0.691563 
664,16.6 ,-0.0180535 ,-0.694769 
665,16.625 ,-0.0176636 ,-0.697964 
666,16.65 ,-0.0172813 ,-0.701151 
667,16.675 ,-0.0169067 ,-0.704327 
668,16.7 ,-0.0165395 ,-0.707495 
669,16.725 ,-0.0161796 ,-0.710653 
670,16.75 ,-0.0158269 ,-0.713801 
671,16.775 ,-0.0154813 ,-0.716941 
672,16.8 ,-0.0151426 ,-0.720071 
673,16.825 ,-0.0148107 ,-0.723192 
674,16.85 ,-0.0144855 ,-0.726303 
675,16.875 ,-0.0141669 ,-0.729406 
676,16.9 ,-0.0138548 ,-0.7325 
677,16.925 ,-0.013549 ,-0.735584 
678,16.95 ,-0.0132494 ,-0.73866 
679,16.975 ,-0.0129559 ,-0.741726 
680,17 ,-0.0126685 ,-0.744784 
681,17.025 ,-0.0123869 ,-0.747832 
682,17.05 ,-0.0121111 ,-0.750872 
683,17.075 ,-0.0118411 ,-0.753903 
684,17.1 ,-0.0115766 ,-0.756925 
685,17.125 ,-0.0113175 ,-0.759939 
686,17.15 ,-0.0110639 ,-0.762944 
687,17.175 ,-0.0108155 ,-0.76594 
688,17.2 ,-0.0105723 ,-0.768927 
689,17.225 ,-0.0103342 ,-0.771906 
690,17.25 ,-0.010101 ,-0.774877 
691,17.275 ,-0.00987279 ,-0.777839 
692,17.3 ,-0.00964935 ,-0.780792 
693,17.325 ,-0.00943062 ,-0.783737 
694,17.35 ,-0.0092165 ,-0.786674 
695,17.375 ,-0.00900692 ,-0.789602 
696,17.4 ,-0.00880178 ,-0.792522 
697,17.425 ,-0.00860101 ,-0.795433 
698,17.45 ,-0.00840451 ,-0.798336 
699,17.475 ,-0.0082122 ,-0.801232 
700,17.5 ,-0.008024 ,-0.804118 
701,17.525 ,-0.00783984 ,-0.806997 
702,17.55 ,-0.00765963 ,-0.809868 
703,17.575 ,-0.0074833 ,-0.81273 
704,17.6 ,-0.00731077 ,-0.815585 
705,17.625 ,-0.00714197 ,-0.818431 
706,17.65 ,-0.00697682 ,-0.82127 
707,17.675 ,-0.00681525 ,-0.8241 
708,17.7 ,-0.0066572 ,-0.826923 
709,17.725 ,-0.00650258 ,-0.829737 
710,17.75 ,-0.00635134 ,-0.832544 
711,17.775 ,-0.0062034 ,-0.835343 
712,17.8 ,-0.00605869 ,-0.838135 
713,17.825 ,-0.00591717 ,-0.840918 
714,17.85 ,-0.00577875 ,-0.843694 
715,17.875 ,-0.00564338 ,-0.846462 
716,17.9 ,-0.005511 ,-0.849222 
717,17.925 ,-0.00538154 ,-0.851975 
718,17.95 ,-0.00525494 ,-0.85472 
719,17.975 ,-0.00513116 ,-0.857458 
720,18 ,-0.00501012 ,-0.860188 
721,18.025 ,-0.00489178 ,-0.862911 
722,18.05 ,-0.00477608 ,-0.865626 
723,18.075 ,-0.00466296 ,-0.868333 
724,18.1 ,-0.00455237 ,-0.871034 
725,18.125 ,-0.00444425 ,-0.873727 
726,18.15 ,-0.00433857 ,-0.876412 
727,18.175 ,-0.00423526 ,-0.87909 
728,18.2 ,-0.00413428 ,-0.881761 
729,18.225 ,-0.00403558 ,-0.884425 
730,18.25 ,-0.00393911 ,-0.887081 
731,18.275 ,-0.00384482 ,-0.889731 
732,18.3 ,-0.00375267 ,-0.892373 
733,18.325 ,-0.00366262 ,-0.895008 
734,18.35 ,-0.00357461 ,-0.897635 
735,18.375 ,-0.00348861 ,-0.900256 
736,18.4 ,-0.00340457 ,-0.90287 
737,18.425 ,-0.00332245 ,-0.905476 
738,18.45 ,-0.00324222 ,-0.908076 
739,18.475 ,-0.00316382 ,-0.910669 
740,18.5 ,-0.00308722 ,-0.913255 
741,18.525 ,-0.00301239 ,-0.915833 
742,18.55 ,-0.00293928 ,-0.918405 
743,18.575 ,-0.00286786 ,-0.92097 
744,18.6 ,-0.00279808 ,-0.923529 
745,18.625 ,-0.00272993 ,-0.92608 
746,18.65 ,-0.00266335 ,-0.928625 
747,18.675 ,-0.00259832 ,-0.931163 
748,18.7 ,-0.0025348 ,-0.933694 
749,18.725 ,-0.00247276 ,-0.936218 
750,18.75 ,-0.00241217 ,-0.938736 
751,18.775 ,-0.002353 ,-0.941247 
752,18.8 ,-0.0022952 ,-0.943752 
753,18.825 ,-0.00223876 ,-0.94625 
754,18.85 ,-0.00218365 ,-0.948741 
755,18.875 ,-0.00212983 ,-0.951226 
756,18.9 ,-0.00207728 ,-0.953704 
757,18.925 ,-0.00202596 ,-0.956176 
758,18.95 ,-0.00197586 ,-0.958642 
759,18.975 ,-0.00192694 ,-0.961101 
760,19 ,-0.00187917 ,-0.963553 
761,19.025 ,-0.00183254 ,-0.965999 
762,19.05 ,-0.00178702 ,-0.968439 
763,19.075 ,-0.00174258 ,-0.970872 
764,19.1 ,-0.00169919 ,-0.9733 
765,19.125 ,-0.00165684 ,-0.97572 
766,19.15 ,-0.0016155 ,-0.978135 
767,19.175 ,-0.00157514 ,-0.980543 
768,19.2 ,-0.00153575 ,-0.982945 
769,19.225 ,-0.00149731 ,-0.985341 
770,19.25 ,-0.00145979 ,-0.987731 
771,19.275 ,-0.00142316 ,-0.990115 
772,19.3 ,-0.00138742 ,-0.992492 
773,19.325 ,-0.00135254 ,-0.994864 
774,19.35 ,-0.0013185 ,-0.997229 
775,19.375 ,-0.00128529 ,-0.999588 
776,19.4 ,-0.00125287 ,-1.00194 
777,19.425 ,-0.00122124 ,-1.00429 
778,19.45 ,-0.00119038 ,-1.00663 
779,19.475 ,-0.00116026 ,-1.00897 
780,19.5 ,-0.00113088 ,-1.01129 
781,19.525 ,-0.00110221 ,-1.01362 
782,19.55 ,-0.00107424 ,-1.01594 
783,19.575 ,-0.00104696 ,-1.01825 
784,19.6 ,-0.00102034 ,-1.02055 
785,19.625 ,-0.000994366 ,-1.02285 
786,19.65 ,-0.000969031 ,-1.02515 
787,19.675 ,-0.000944318 ,-1.02744 
788,19.7 ,-0.00092021 ,-1.02972 
789,19.725 ,-0.000896695 ,-1.032 
790,19.75 ,-0.000873759 ,-1.03427 
791,19.775 ,-0.000851387 ,-1.03653 
792,19.8 ,-0.000829567 ,-1.03879 
793,19.825 ,-0.000808286 ,-1.04105 
794,19.85 ,-0.00078753 ,-1.04329 
795,19.875 ,-0.000767288 ,-1.04554 
796,19.9 ,-0.000747547 ,-1.04778 
797,19.925 ,-0.000728296 ,-1.05001 
798,19.95 ,-0.000709523 ,-1.05223 
799,19.975 ,-0.000691217 ,-1.05445 
800,20 ,-0.000673366 ,-1.05667 
801,20.025 ,-0.00065596 ,-1.05888 
802,20.05 ,-0.000638988 ,-1.06108 
803,20.075 ,-0.000622439 ,-1.06328 
804,20.1 ,-0.000606305 ,-1.06548 
805,20.125 ,-0.000590574 ,-1.06766 
806,20.15 ,-0.000575237 ,-1.06985 
807,20.175 ,-0.000560285 ,-1.07202 
808,20.2 ,-0.000545708 ,-1.0742 
809,20.225 ,-0.000531498 ,-1.07636 
810,20.25 ,-0.000517645 ,-1.07852 
811,20.275 ,-0.000504142 ,-1.08068 
812,20.3 ,-0.000490978 ,-1.08283 
813,20.325 ,-0.000478147 ,-1.08498 
814,20.35 ,-0.000465641 ,-1.08712 
815,20.375 ,-0.00045345 ,-1.08925 
816,20.4 ,-0.000441569 ,-1.09138 
817,20.425 ,-0.000429989 ,-1.09351 
818,20.45 ,-0.000418702 ,-1.09563 
819,20.475 ,-0.000407702 ,-1.09774 
820,20.5 ,-0.000396982 ,-1.09985 
821,20.525 ,-0.000386535 ,-1.10195 
822,20.55 ,-0.000376354 ,-1.10405 
823,20.575 ,-0.000366433 ,-1.10615 
824,20.6 ,-0.000356765 ,-1.10824 
825,20.625 ,-0.000347345 ,-1.11032 
826,20.65 ,-0.000338165 ,-1.1124 
827,20.675 ,-0.00032922 ,-1.11447 
828,20.7 ,-0.000320505 ,-1.11654 
829,20.725 ,-0.000312014 ,-1.11861 
830,20.75 ,-0.00030374 ,-1.12066 
831,20.775 ,-0.00029568 ,-1.12272 
832,20.8 ,-0.000287826 ,-1.12477 
833,20.825 ,-0.000280176 ,-1.12681 
834,20.85 ,-0.000272722 ,-1.12885 
835,20.875 ,-0.000265461 ,-1.13089 
836,20.9 ,-0.000258388 ,-1.13292 
837,20.925 ,-0.000251497 ,-1.13494 
838,20.95 ,-0.000244785 ,-1.13696 
839,20.975 ,-0.000238247 ,-1.13898 
840,21 ,-0.000231879 ,-1.14099 
841,21.025 ,-0.000225676 ,-1.143 
842,21.05 ,-0.000219634 ,-1.145 
843,21.075 ,-0.000213749 ,-1.14699 
844,21.1 ,-0.000208018 ,-1.14899 
845,21.125 ,-0.000202435 ,-1.15097 
846,21.15 ,-0.000196999 ,-1.15295 
847,21.175 ,-0.000191705 ,-1.15493 
848,21.2 ,-0.000186548 ,-1.15691 
849,21.225 ,-0.000181527 ,-1.15887 
850,21.25 ,-0.000176638 ,-1.16084 
851,21.275 ,-0.000171876 ,-1.1628 
852,21.3 ,-0.000167239 ,-1.16475 
853,21.325 ,-0.000162724 ,-1.1667 
854,21.35 ,-0.000158328 ,-1.16865 
855,21.375 ,-0.000154048 ,-1.17059 
856,21.4 ,-0.00014988 ,-1.17253 
857,21.425 ,-0.000145822 ,-1.17446 
858,21.45 ,-0.000141871 ,-1.17639 
859,21.475 ,-0.000138024 ,-1.17831 
860,21.5 ,-0.000134279 ,-1.18023 
861,21.525 ,-0.000130633 ,-1.18215 
862,21.55 ,-0.000127084 ,-1.18406 
863,21.575 ,-0.000123628 ,-1.18596 
864,21.6 ,-0.000120265 ,-1.18786 
865,21.625 ,-0.00011699 ,-1.18976 
866,21.65 ,-0.000113803 ,-1.19165 
867,21.675 ,-0.0001107 ,-1.19354 
868,21.7 ,-0.00010768 ,-1.19543 
869,21.725 ,-0.00010474 ,-1.1973 
870,21.75 ,-0.000101879 ,-1.19918 
871,21.775 ,-9.90942e-05 ,-1.20105 
872,21.8 ,-9.63837e-05 ,-1.20292 
873,21.825 ,-9.37457e-05 ,-1.20478 
874,21.85 ,-9.11782e-05 ,-1.20664 
875,21.875 ,-8.86795e-05 ,-1.20849 
876,21.9 ,-8.62478e-05 ,-1.21034 
877,21.925 ,-8.38814e-05 ,-1.21219 
878,21.95 ,-8.15785e-05 ,-1.21403 
879,21.975 ,-7.93375e-05 ,-1.21587 
880,22 ,-7.71568e-05 ,-1.2177 
881,22.025 ,-7.50348e-05 ,-1.21953 
882,22.05 ,-7.297e-05 ,-1.22136 
883,22.075 ,-7.0961e-05 ,-1.22318 
884,22.1 ,-6.90061e-05 ,-1.22499 
885,22.125 ,-6.71042e-05 ,-1.22681 
886,22.15 ,-6.52536e-05 ,-1.22862 
887,22.175 ,-6.34532e-05 ,-1.23042 
888,22.2 ,-6.17016e-05 ,-1.23222 
889,22.225 ,-5.99975e-05 ,-1.23402 
890,22.25 ,-5.83396e-05 ,-1.23581 
891,22.275 ,-5.67269e-05 ,-1.2376 
892,22.3 ,-5.5158e-05 ,-1.23939 
893,22.325 ,-5.36319e-05 ,-1.24117 
894,22.35 ,-5.21473e-05 ,-1.24294 
895,22.375 ,-5.07033e-05 ,-1.24472 
896,22.4 ,-4.92987e-05 ,-1.24648 
897,22.425 ,-4.79325e-05 ,-1.24825 
898,22.45 ,-4.66037e-05 ,-1.25001 
899,22.475 ,-4.53114e-05 ,-1.25177 
900,22.5 ,-4.40544e-05 ,-1.25352 
901,22.525 ,-4.2832e-05 ,-1.25527 
902,22.55 ,-4.16432e-05 ,-1.25702 
903,22.575 ,-4.04872e-05 ,-1.25876 
904,22.6 ,-3.93629e-05 ,-1.2605 
905,22.625 ,-3.82697e-05 ,-1.26223 
906,22.65 ,-3.72067e-05 ,-1.26396 
907,22.675 ,-3.61731e-05 ,-1.26569 
908,22.7 ,-3.51681e-05 ,-1.26741 
909,22.725 ,-3.41909e-05 ,-1.26913 
910,22.75 ,-3.32409e-05 ,-1.27084 
911,22.775 ,-3.23173e-05 ,-1.27256 
912,22.8 ,-3.14193e-05 ,-1.27426 
913,22.825 ,-3.05465e-05 ,-1.27597 
914,22.85 ,-2.96979e-05 ,-1.27767 
915,22.875 ,-2.88731e-05 ,-1.27937 
916,22.9 ,-2.80714e-05 ,-1.28106 
917,22.925 ,-2.72921e-05 ,-1.28275 
918,22.95 ,-2.65348e-05 ,-1.28443 
919,22.975 ,-2.57987e-05 ,-1.28612 
920,23 ,-2.50834e-05 ,-1.28779 
921,23.025 ,-2.43882e-05 ,-1.28947 
922,23.05 ,-2.37127e-05 ,-1.29114 
923,23.075 ,-2.30564e-05 ,-1.29281 
924,23.1 ,-2.24187e-05 ,-1.29447 
925,23.125 ,-2.17991e-05 ,-1.29613 
926,23.15 ,-2.11972e-05 ,-1.29779 
927,23.175 ,-2.06125e-05 ,-1.29944 
928,23.2 ,-2.00445e-05 ,-1.30109 
929,23.225 ,-1.94928e-05 ,-1.30274 
930,23.25 ,-1.8957e-05 ,-1.30438 
931,23.275 ,-1.84367e-05 ,-1.30602 
932,23.3 ,-1.79314e-05 ,-1.30766 
933,23.325 ,-1.74407e-05 ,-1.30929 
934,23.35 ,-1.69644e-05 ,-1.31092 
935,23.375 ,-1.65019e-05 ,-1.31254 
936,23.4 ,-1.60529e-05 ,-1.31417 
937,23.425 ,-1.56172e-05 ,-1.31578 
938,23.45 ,-1.51943e-05 ,-1.3174 
939,23.475 ,-1.47839e-05 ,-1.31901 
940,23.5 ,-1.43857e-05 ,-1.32062 
941,23.525 ,-1.39994e-05 ,-1.32222 
942,23.55 ,-1.36246e-05 ,-1.32383 
943,23.575 ,-1.32611e-05 ,-1.32542 
944,23.6 ,-1.29086e-05 ,-1.32702 
945,23.625 ,-1.25668e-05 ,-1.32861 
946,23.65 ,-1.22355e-05 ,-1.3302 
947,23.675 ,-1.19143e-05 ,-1.33178 
948,23.7 ,-1.1603e-05 ,-1.33336 
949,23.725 ,-1.13014e-05 ,-1.33494 
950,23.75 ,-1.10093e-05 ,-1.33652 
951,23.775 ,-1.07263e-05 ,-1.33809 
952,23.8 ,-1.04523e-05 ,-1.33966 
953,23.825 ,-1.01871e-05 ,-1.34122 
954,23.85 ,-9.93035e-06 ,-1.34278 
955,23.875 ,-9.68198e-06 ,-1.34434 
956,23.9 ,-9.44174e-06 ,-1.3459 
957,23.925 ,-9.20945e-06 ,-1.34745 
958,23.95 ,-8.98491e-06 ,-1.349 
959,23.975 ,-8.76795e-06 ,-1.35054 
960,24 ,-8.55839e-06 ,-1.35209 
961,24.025 ,-8.35606e-06 ,-1.35363 
962,24.05 ,-8.1608e-06 ,-1.35516 
963,24.075 ,-7.97246e-06 ,-1.35669 
964,24.1 ,-7.79087e-06 ,-1.35822 
965,24.125 ,-7.6159e-06 ,-1.35975 
966,24.15 ,-7.4474e-06 ,-1.36127 
967,24.175 ,-7.28524e-06 ,-1.36279 
968,24.2 ,-7.12929e-06 ,-1.36431 
969,24.225 ,-6.97941e-06 ,-1.36583 
970,24.25 ,-6.83549e-06 ,-1.36734 
971,24.275 ,-6.69742e-06 ,-1.36884 
972,24.3 ,-6.56507e-06 ,-1.37035 
973,24.325 ,-6.43835e-06 ,-1.37185 
974,24.35 ,-6.31715e-06 ,-1.37335 
975,24.375 ,-6.20137e-06 ,-1.37484 
976,24.4 ,-6.09092e-06 ,-1.37634 
977,24.425 ,-5.98571e-06 ,-1.37783 
978,24.45 ,-5.88566e-06 ,-1.37931 
979,24.475 ,-5.79068e-06 ,-1.3808 
980,24.5 ,-5.70069e-06 ,-1.38228 
981,24.525 ,-5.61563e-06 ,-1.38375 
982,24.55 ,-5.53543e-06 ,-1.38523 
983,24.575 ,-5.46003e-06 ,-1.3867 
984,24.6 ,-5.38935e-06 ,-1.38817 
985,24.625 ,-5.32335e-06 ,-1.38964 
986,24.65 ,-5.26197e-06 ,-1.3911 
987,24.675 ,-5.20517e-06 ,-1.39256 
988,24.7 ,-5.1529e-06 ,-1.39401 
989,24.725 ,-5.10512e-06 ,-1.39547 
990,24.75 ,-5.0618e-06 ,-1.39692 
991,24.775 ,-5.02289e-06 ,-1.39837 
992,24.8 ,-4.98837e-06 ,-1.39981 
993,24.825 ,-4.95822e-06 ,-1.40125 
994,24.85 ,-4.93241e-06 ,-1.40269 
995,24.875 ,-4.91092e-06 ,-1.40413 
996,24.9 ,-4.89375e-06 ,-1.40556 
997,24.925 ,-4.88087e-06 ,-1.40699 
998,24.95 ,-4.87229e-06 ,-1.40842 
999,24.975 ,-4.86799e-06 ,-1.40985 
1000,25 ,-4.86799e-06 ,-1.41127 