N_e = 8
1,0.025 ,4.38149e-07 ,-19197.8 
2,0.05 ,4.38149e-07 ,-4797.83 
3,0.075 ,4.38149e-07 ,-2131.16 
4,0.1 ,1.38404e-06 ,-1197.83 
5,0.125 ,3.3767e-06 ,-765.831 
6,0.15 ,6.99612e-06 ,-531.164 
7,0.175 ,1.29485e-05 ,-389.668 
8,0.2 ,2.20646e-05 ,-297.831 
9,0.225 ,3.52979e-05 ,-234.868 
10,0.25 ,5.37226e-05 ,-189.832 
11,0.275 ,7.85308e-05 ,-156.509 
12,0.3 ,0.00011103 ,-131.165 
13,0.325 ,0.000152641 ,-111.442 
14,0.35 ,0.000204891 ,-95.7917 
15,0.375 ,0.000269418 ,-83.1661 
16,0.4 ,0.000347956 ,-72.8331 
17,0.425 ,0.000442341 ,-64.2694 
18,0.45 ,0.000554502 ,-57.0931 
19,0.475 ,0.000686457 ,-51.0198 
20,0.5 ,0.000840307 ,-45.8346 
21,0.525 ,0.00101824 ,-41.3724 
22,0.55 ,0.0012225 ,-37.5049 
23,0.575 ,0.00145542 ,-34.1308 
24,0.6 ,0.0017194 ,-31.1697 
25,0.625 ,0.00201688 ,-28.5569 
26,0.65 ,0.00235036 ,-26.2398 
27,0.675 ,0.00272238 ,-24.1754 
28,0.7 ,0.00313555 ,-22.3284 
29,0.725 ,0.00359247 ,-20.6691 
30,0.75 ,0.0040958 ,-19.1731 
31,0.775 ,0.00464822 ,-17.8196 
32,0.8 ,0.0052524 ,-16.591 
33,0.825 ,0.00591105 ,-15.4726 
34,0.85 ,0.00662686 ,-14.4514 
35,0.875 ,0.00740253 ,-13.5166 
36,0.9 ,0.00824073 ,-12.6586 
37,0.925 ,0.00914412 ,-11.8694 
38,0.95 ,0.0101153 ,-11.1418 
39,0.975 ,0.011157 ,-10.4694 
40,1 ,0.0122717 ,-9.84696 
41,1.025 ,0.0134619 ,-9.26957 
42,1.05 ,0.01473 ,-8.733 
43,1.075 ,0.0160786 ,-8.23352 
44,1.1 ,0.0175099 ,-7.76778 
45,1.125 ,0.0190262 ,-7.33282 
46,1.15 ,0.0206297 ,-6.926 
47,1.175 ,0.0223224 ,-6.54495 
48,1.2 ,0.0241065 ,-6.18754 
49,1.225 ,0.0259838 ,-5.85188 
50,1.25 ,0.0279561 ,-5.53623 
51,1.275 ,0.0300252 ,-5.23904 
52,1.3 ,0.0321925 ,-4.95892 
53,1.325 ,0.0344597 ,-4.69458 
54,1.35 ,0.0368279 ,-4.44487 
55,1.375 ,0.0392984 ,-4.20874 
56,1.4 ,0.0418722 ,-3.98523 
57,1.425 ,0.0445504 ,-3.77345 
58,1.45 ,0.0473336 ,-3.57261 
59,1.475 ,0.0502225 ,-3.38199 
60,1.5 ,0.0532175 ,-3.20089 
61,1.525 ,0.056319 ,-3.0287 
62,1.55 ,0.0595271 ,-2.86486 
63,1.575 ,0.0628417 ,-2.70884 
64,1.6 ,0.0662628 ,-2.56016 
65,1.625 ,0.0697898 ,-2.41837 
66,1.65 ,0.0734223 ,-2.28305 
67,1.675 ,0.0771596 ,-2.15383 
68,1.7 ,0.0810007 ,-2.03035 
69,1.725 ,0.0849446 ,-1.91227 
70,1.75 ,0.08899 ,-1.79931 
71,1.775 ,0.0931354 ,-1.69116 
72,1.8 ,0.0973793 ,-1.58757 
73,1.825 ,0.10172 ,-1.48828 
74,1.85 ,0.106155 ,-1.39308 
75,1.875 ,0.110682 ,-1.30174 
76,1.9 ,0.1153 ,-1.21406 
77,1.925 ,0.120005 ,-1.12986 
78,1.95 ,0.124795 ,-1.04895 
79,1.975 ,0.129666 ,-0.971178 
80,2 ,0.134616 ,-0.896385 
81,2.025 ,0.139642 ,-0.824426 
82,2.05 ,0.14474 ,-0.755164 
83,2.075 ,0.149905 ,-0.688472 
84,2.1 ,0.155136 ,-0.624228 
85,2.125 ,0.160427 ,-0.562319 
86,2.15 ,0.165774 ,-0.502638 
87,2.175 ,0.171173 ,-0.445085 
88,2.2 ,0.17662 ,-0.389563 
89,2.225 ,0.18211 ,-0.335983 
90,2.25 ,0.187638 ,-0.28426 
91,2.275 ,0.1932 ,-0.234314 
92,2.3 ,0.198789 ,-0.186069 
93,2.325 ,0.204402 ,-0.139452 
94,2.35 ,0.210033 ,-0.0943969 
95,2.375 ,0.215676 ,-0.0508379 
96,2.4 ,0.221326 ,-0.00871411 
97,2.425 ,0.226977 ,0.0320325 
98,2.45 ,0.232623 ,0.0714571 
99,2.475 ,0.238259 ,0.109612 
100,2.5 ,0.243879 ,0.146547 
101,2.525 ,0.249477 ,0.182308 
102,2.55 ,0.255046 ,0.216943 
103,2.575 ,0.26058 ,0.250492 
104,2.6 ,0.266074 ,0.282996 
105,2.625 ,0.27152 ,0.314496 
106,2.65 ,0.276913 ,0.345027 
107,2.675 ,0.282247 ,0.374624 
108,2.7 ,0.287514 ,0.403322 
109,2.725 ,0.292709 ,0.431153 
110,2.75 ,0.297825 ,0.458146 
111,2.775 ,0.302856 ,0.484333 
112,2.8 ,0.307795 ,0.509739 
113,2.825 ,0.312636 ,0.534393 
114,2.85 ,0.317373 ,0.55832 
115,2.875 ,0.321999 ,0.581544 
116,2.9 ,0.326507 ,0.604088 
117,2.925 ,0.330893 ,0.625976 
118,2.95 ,0.335149 ,0.647228 
119,2.975 ,0.33927 ,0.667865 
120,3 ,0.343248 ,0.687907 
121,3.025 ,0.34708 ,0.707373 
122,3.05 ,0.350758 ,0.726281 
123,3.075 ,0.354276 ,0.744648 
124,3.1 ,0.35763 ,0.762492 
125,3.125 ,0.360814 ,0.779827 
126,3.15 ,0.363821 ,0.79667 
127,3.175 ,0.366648 ,0.813035 
128,3.2 ,0.369288 ,0.828937 
129,3.225 ,0.371737 ,0.844389 
130,3.25 ,0.373989 ,0.859404 
131,3.275 ,0.376041 ,0.873995 
132,3.3 ,0.377888 ,0.888175 
133,3.325 ,0.379524 ,0.901954 
134,3.35 ,0.380947 ,0.915345 
135,3.375 ,0.382152 ,0.928357 
136,3.4 ,0.383135 ,0.941003 
137,3.425 ,0.383892 ,0.95329 
138,3.45 ,0.384422 ,0.965231 
139,3.475 ,0.384719 ,0.976833 
140,3.5 ,0.384781 ,0.988105 
141,3.525 ,0.384606 ,0.999058 
142,3.55 ,0.38419 ,1.0097 
143,3.575 ,0.383532 ,1.02003 
144,3.6 ,0.38263 ,1.03007 
145,3.625 ,0.381481 ,1.03983 
146,3.65 ,0.380085 ,1.0493 
147,3.675 ,0.378439 ,1.05849 
148,3.7 ,0.376543 ,1.06742 
149,3.725 ,0.374395 ,1.07609 
150,3.75 ,0.371996 ,1.0845 
151,3.775 ,0.369345 ,1.09267 
152,3.8 ,0.366442 ,1.10059 
153,3.825 ,0.363286 ,1.10828 
154,3.85 ,0.359879 ,1.11574 
155,3.875 ,0.356221 ,1.12297 
156,3.9 ,0.352313 ,1.12998 
157,3.925 ,0.348156 ,1.13677 
158,3.95 ,0.343752 ,1.14336 
159,3.975 ,0.339102 ,1.14974 
160,4 ,0.334208 ,1.15592 
161,4.025 ,0.329074 ,1.1619 
162,4.05 ,0.3237 ,1.16769 
163,4.075 ,0.31809 ,1.17329 
164,4.1 ,0.312246 ,1.17871 
165,4.125 ,0.306173 ,1.18395 
166,4.15 ,0.299873 ,1.18901 
167,4.175 ,0.293351 ,1.1939 
168,4.2 ,0.286609 ,1.19863 
169,4.225 ,0.279653 ,1.20318 
170,4.25 ,0.272486 ,1.20758 
171,4.275 ,0.265114 ,1.21181 
172,4.3 ,0.257541 ,1.21589 
173,4.325 ,0.249773 ,1.21982 
174,4.35 ,0.241814 ,1.2236 
175,4.375 ,0.23367 ,1.22724 
176,4.4 ,0.225347 ,1.23073 
177,4.425 ,0.21685 ,1.23408 
178,4.45 ,0.208186 ,1.23729 
179,4.475 ,0.199362 ,1.24036 
180,4.5 ,0.190382 ,1.24331 
181,4.525 ,0.181255 ,1.24612 
182,4.55 ,0.171987 ,1.2488 
183,4.575 ,0.162585 ,1.25136 
184,4.6 ,0.153055 ,1.2538 
185,4.625 ,0.143405 ,1.25611 
186,4.65 ,0.133643 ,1.25831 
187,4.675 ,0.123776 ,1.26039 
188,4.7 ,0.113811 ,1.26235 
189,4.725 ,0.103757 ,1.2642 
190,4.75 ,0.09362 ,1.26594 
191,4.775 ,0.0834094 ,1.26758 
192,4.8 ,0.0731328 ,1.2691 
193,4.825 ,0.0627981 ,1.27052 
194,4.85 ,0.0524136 ,1.27183 
195,4.875 ,0.0419874 ,1.27305 
196,4.9 ,0.0315278 ,1.27416 
197,4.925 ,0.0210432 ,1.27518 
198,4.95 ,0.0105417 ,1.27609 
199,4.975 ,3.18398e-05 ,1.27691 
200,5 ,-0.010478 ,1.27764 
201,5.025 ,-0.0209796 ,1.27828 
202,5.05 ,-0.0314643 ,1.27882 
203,5.075 ,-0.0419239 ,1.27928 
204,5.1 ,-0.05235 ,1.27964 
205,5.125 ,-0.0627342 ,1.27992 
206,5.15 ,-0.0730683 ,1.28011 
207,5.175 ,-0.0833439 ,1.28022 
208,5.2 ,-0.0935528 ,1.28025 
209,5.225 ,-0.103687 ,1.28019 
210,5.25 ,-0.113738 ,1.28005 
211,5.275 ,-0.123698 ,1.27983 
212,5.3 ,-0.133559 ,1.27954 
213,5.325 ,-0.143314 ,1.27916 
214,5.35 ,-0.152953 ,1.27871 
215,5.375 ,-0.162471 ,1.27819 
216,5.4 ,-0.171859 ,1.27758 
217,5.425 ,-0.181109 ,1.27691 
218,5.45 ,-0.190215 ,1.27616 
219,5.475 ,-0.19917 ,1.27534 
220,5.5 ,-0.207965 ,1.27446 
221,5.525 ,-0.216595 ,1.2735 
222,5.55 ,-0.225053 ,1.27247 
223,5.575 ,-0.233331 ,1.27137 
224,5.6 ,-0.241425 ,1.27021 
225,5.625 ,-0.249326 ,1.26898 
226,5.65 ,-0.25703 ,1.26768 
227,5.675 ,-0.26453 ,1.26632 
228,5.7 ,-0.271821 ,1.2649 
229,5.725 ,-0.278897 ,1.26341 
230,5.75 ,-0.285753 ,1.26186 
231,5.775 ,-0.292383 ,1.26025 
232,5.8 ,-0.298784 ,1.25858 
233,5.825 ,-0.304949 ,1.25685 
234,5.85 ,-0.310874 ,1.25506 
235,5.875 ,-0.316556 ,1.25321 
236,5.9 ,-0.32199 ,1.2513 
237,5.925 ,-0.327172 ,1.24933 
238,5.95 ,-0.332099 ,1.2473 
239,5.975 ,-0.336766 ,1.24522 
240,6 ,-0.341172 ,1.24309 
241,6.025 ,-0.345313 ,1.24089 
242,6.05 ,-0.349185 ,1.23865 
243,6.075 ,-0.352788 ,1.23635 
244,6.1 ,-0.356118 ,1.23399 
245,6.125 ,-0.359173 ,1.23158 
246,6.15 ,-0.361952 ,1.22912 
247,6.175 ,-0.364453 ,1.22661 
248,6.2 ,-0.366674 ,1.22405 
249,6.225 ,-0.368615 ,1.22143 
250,6.25 ,-0.370275 ,1.21876 
251,6.275 ,-0.371652 ,1.21605 
252,6.3 ,-0.372747 ,1.21328 
253,6.325 ,-0.37356 ,1.21047 
254,6.35 ,-0.37409 ,1.20761 
255,6.375 ,-0.374337 ,1.20469 
256,6.4 ,-0.374303 ,1.20173 
257,6.425 ,-0.373987 ,1.19873 
258,6.45 ,-0.373392 ,1.19567 
259,6.475 ,-0.372517 ,1.19257 
260,6.5 ,-0.371365 ,1.18943 
261,6.525 ,-0.369937 ,1.18623 
262,6.55 ,-0.368234 ,1.183 
263,6.575 ,-0.366259 ,1.17971 
264,6.6 ,-0.364014 ,1.17639 
265,6.625 ,-0.361502 ,1.17301 
266,6.65 ,-0.358724 ,1.1696 
267,6.675 ,-0.355685 ,1.16614 
268,6.7 ,-0.352386 ,1.16264 
269,6.725 ,-0.348831 ,1.15909 
270,6.75 ,-0.345023 ,1.1555 
271,6.775 ,-0.340966 ,1.15187 
272,6.8 ,-0.336664 ,1.1482 
273,6.825 ,-0.33212 ,1.14449 
274,6.85 ,-0.327339 ,1.14073 
275,6.875 ,-0.322324 ,1.13693 
276,6.9 ,-0.31708 ,1.1331 
277,6.925 ,-0.311612 ,1.12922 
278,6.95 ,-0.305924 ,1.1253 
279,6.975 ,-0.30002 ,1.12134 
280,7 ,-0.293907 ,1.11735 
281,7.025 ,-0.287588 ,1.11331 
282,7.05 ,-0.281069 ,1.10924 
283,7.075 ,-0.274355 ,1.10512 
284,7.1 ,-0.267452 ,1.10097 
285,7.125 ,-0.260364 ,1.09678 
286,7.15 ,-0.253099 ,1.09255 
287,7.175 ,-0.24566 ,1.08828 
288,7.2 ,-0.238054 ,1.08398 
289,7.225 ,-0.230287 ,1.07963 
290,7.25 ,-0.222365 ,1.07525 
291,7.275 ,-0.214293 ,1.07084 
292,7.3 ,-0.206078 ,1.06639 
293,7.325 ,-0.197725 ,1.0619 
294,7.35 ,-0.189242 ,1.05737 
295,7.375 ,-0.180633 ,1.05281 
296,7.4 ,-0.171905 ,1.04821 
297,7.425 ,-0.163065 ,1.04358 
298,7.45 ,-0.154118 ,1.03891 
299,7.475 ,-0.145071 ,1.03421 
300,7.5 ,-0.135931 ,1.02947 
301,7.525 ,-0.126703 ,1.0247 
302,7.55 ,-0.117394 ,1.01989 
303,7.575 ,-0.10801 ,1.01505 
304,7.6 ,-0.0985572 ,1.01017 
305,7.625 ,-0.0890424 ,1.00526 
306,7.65 ,-0.0794718 ,1.00031 
307,7.675 ,-0.0698515 ,0.995336 
308,7.7 ,-0.0601877 ,0.990324 
309,7.725 ,-0.0504866 ,0.985278 
310,7.75 ,-0.0407545 ,0.9802 
311,7.775 ,-0.0309973 ,0.975088 
312,7.8 ,-0.0212213 ,0.969944 
313,7.825 ,-0.0114325 ,0.964767 
314,7.85 ,-0.00163668 ,0.959557 
315,7.875 ,0.00816009 ,0.954315 
316,7.9 ,0.017952 ,0.94904 
317,7.925 ,0.0277333 ,0.943734 
318,7.95 ,0.0374982 ,0.938395 
319,7.975 ,0.0472411 ,0.933024 
320,8 ,0.0569565 ,0.927622 
321,8.025 ,0.0666388 ,0.922188 
322,8.05 ,0.0762828 ,0.916723 
323,8.075 ,0.0858831 ,0.911226 
324,8.1 ,0.0954344 ,0.905699 
325,8.125 ,0.104932 ,0.90014 
326,8.15 ,0.11437 ,0.89455 
327,8.175 ,0.123745 ,0.888929 
328,8.2 ,0.13305 ,0.883278 
329,8.225 ,0.142282 ,0.877596 
330,8.25 ,0.151437 ,0.871884 
331,8.275 ,0.160508 ,0.866142 
332,8.3 ,0.169493 ,0.860369 
333,8.325 ,0.178387 ,0.854566 
334,8.35 ,0.187185 ,0.848734 
335,8.375 ,0.195884 ,0.842871 
336,8.4 ,0.20448 ,0.836979 
337,8.425 ,0.212969 ,0.831057 
338,8.45 ,0.221347 ,0.825105 
339,8.475 ,0.229612 ,0.819124 
340,8.5 ,0.237758 ,0.813114 
341,8.525 ,0.245784 ,0.807075 
342,8.55 ,0.253686 ,0.801006 
343,8.575 ,0.261461 ,0.794909 
344,8.6 ,0.269106 ,0.788782 
345,8.625 ,0.276618 ,0.782627 
346,8.65 ,0.283995 ,0.776443 
347,8.675 ,0.291235 ,0.77023 
348,8.7 ,0.298334 ,0.763989 
349,8.725 ,0.30529 ,0.75772 
350,8.75 ,0.312102 ,0.751422 
351,8.775 ,0.318768 ,0.745095 
352,8.8 ,0.325285 ,0.738741 
353,8.825 ,0.331652 ,0.732358 
354,8.85 ,0.337867 ,0.725948 
355,8.875 ,0.343929 ,0.719509 
356,8.9 ,0.349836 ,0.713043 
357,8.925 ,0.355587 ,0.706549 
358,8.95 ,0.361181 ,0.700027 
359,8.975 ,0.366618 ,0.693478 
360,9 ,0.371895 ,0.686901 
361,9.025 ,0.377013 ,0.680296 
362,9.05 ,0.38197 ,0.673665 
363,9.075 ,0.386767 ,0.667006 
364,9.1 ,0.391402 ,0.660319 
365,9.125 ,0.395876 ,0.653606 
366,9.15 ,0.400188 ,0.646865 
367,9.175 ,0.404338 ,0.640098 
368,9.2 ,0.408327 ,0.633303 
369,9.225 ,0.412154 ,0.626482 
370,9.25 ,0.41582 ,0.619634 
371,9.275 ,0.419324 ,0.612759 
372,9.3 ,0.422668 ,0.605858 
373,9.325 ,0.425852 ,0.598929 
374,9.35 ,0.428877 ,0.591975 
375,9.375 ,0.431743 ,0.584993 
376,9.4 ,0.434451 ,0.577986 
377,9.425 ,0.437002 ,0.570952 
378,9.45 ,0.439397 ,0.563892 
379,9.475 ,0.441637 ,0.556805 
380,9.5 ,0.443724 ,0.549692 
381,9.525 ,0.445658 ,0.542554 
382,9.55 ,0.447441 ,0.535389 
383,9.575 ,0.449074 ,0.528198 
384,9.6 ,0.45056 ,0.520981 
385,9.625 ,0.451898 ,0.513738 
386,9.65 ,0.453091 ,0.50647 
387,9.675 ,0.454141 ,0.499175 
388,9.7 ,0.455049 ,0.491855 
389,9.725 ,0.455818 ,0.48451 
390,9.75 ,0.456448 ,0.477138 
391,9.775 ,0.456942 ,0.469741 
392,9.8 ,0.457302 ,0.462319 
393,9.825 ,0.45753 ,0.454871 
394,9.85 ,0.457628 ,0.447398 
395,9.875 ,0.457598 ,0.439899 
396,9.9 ,0.457442 ,0.432375 
397,9.925 ,0.457163 ,0.424825 
398,9.95 ,0.456762 ,0.417251 
399,9.975 ,0.456242 ,0.409651 
400,10 ,0.455605 ,0.402026 
401,10.025 ,0.454854 ,0.394376 
402,10.05 ,0.45399 ,0.386701 
403,10.075 ,0.453017 ,0.379001 
404,10.1 ,0.451937 ,0.371276 
405,10.125 ,0.450751 ,0.363526 
406,10.15 ,0.449464 ,0.355751 
407,10.175 ,0.448076 ,0.347952 
408,10.2 ,0.446591 ,0.340127 
409,10.225 ,0.445011 ,0.332278 
410,10.25 ,0.443338 ,0.324404 
411,10.275 ,0.441576 ,0.316506 
412,10.3 ,0.439726 ,0.308583 
413,10.325 ,0.437792 ,0.300667 
414,10.35 ,0.435775 ,0.292788 
415,10.375 ,0.433679 ,0.284946 
416,10.4 ,0.431505 ,0.27714 
417,10.425 ,0.429256 ,0.269371 
418,10.45 ,0.426936 ,0.261637 
419,10.475 ,0.424545 ,0.253939 
420,10.5 ,0.422087 ,0.246276 
421,10.525 ,0.419564 ,0.238649 
422,10.55 ,0.416979 ,0.231057 
423,10.575 ,0.414333 ,0.223499 
424,10.6 ,0.411629 ,0.215975 
425,10.625 ,0.40887 ,0.208486 
426,10.65 ,0.406058 ,0.201031 
427,10.675 ,0.403194 ,0.19361 
428,10.7 ,0.400282 ,0.186222 
429,10.725 ,0.397323 ,0.178867 
430,10.75 ,0.39432 ,0.171546 
431,10.775 ,0.391274 ,0.164257 
432,10.8 ,0.388189 ,0.157001 
433,10.825 ,0.385065 ,0.149778 
434,10.85 ,0.381905 ,0.142586 
435,10.875 ,0.378711 ,0.135427 
436,10.9 ,0.375485 ,0.128299 
437,10.925 ,0.372229 ,0.121203 
438,10.95 ,0.368945 ,0.114138 
439,10.975 ,0.365634 ,0.107105 
440,11 ,0.362299 ,0.100102 
441,11.025 ,0.358941 ,0.0931304 
442,11.05 ,0.355563 ,0.086189 
443,11.075 ,0.352165 ,0.079278 
444,11.1 ,0.34875 ,0.0723971 
445,11.125 ,0.345319 ,0.0655462 
446,11.15 ,0.341873 ,0.058725 
447,11.175 ,0.338416 ,0.0519333 
448,11.2 ,0.334947 ,0.045171 
449,11.225 ,0.331469 ,0.0384379 
450,11.25 ,0.327983 ,0.0317337 
451,11.275 ,0.32449 ,0.0250584 
452,11.3 ,0.320992 ,0.0184117 
453,11.325 ,0.317491 ,0.0117934 
454,11.35 ,0.313987 ,0.0052033 
455,11.375 ,0.310482 ,-0.0013587 
456,11.4 ,0.306978 ,-0.00789281 
457,11.425 ,0.303475 ,-0.0143992 
458,11.45 ,0.299974 ,-0.0208781 
459,11.475 ,0.296478 ,-0.0273296 
460,11.5 ,0.292987 ,-0.0337539 
461,11.525 ,0.289501 ,-0.0401512 
462,11.55 ,0.286024 ,-0.0465217 
463,11.575 ,0.282554 ,-0.0528654 
464,11.6 ,0.279094 ,-0.0591827 
465,11.625 ,0.275644 ,-0.0654736 
466,11.65 ,0.272205 ,-0.0717384 
467,11.675 ,0.268779 ,-0.0779771 
468,11.7 ,0.265365 ,-0.08419 
469,11.725 ,0.261966 ,-0.0903772 
470,11.75 ,0.258581 ,-0.0965388 
471,11.775 ,0.255212 ,-0.102675 
472,11.8 ,0.25186 ,-0.108786 
473,11.825 ,0.248524 ,-0.114872 
474,11.85 ,0.245207 ,-0.120933 
475,11.875 ,0.241908 ,-0.126969 
476,11.9 ,0.238628 ,-0.132981 
477,11.925 ,0.235368 ,-0.138968 
478,11.95 ,0.232128 ,-0.144931 
479,11.975 ,0.228909 ,-0.15087 
480,12 ,0.225712 ,-0.156785 
481,12.025 ,0.222537 ,-0.162676 
482,12.05 ,0.219385 ,-0.168543 
483,12.075 ,0.216256 ,-0.174386 
484,12.1 ,0.21315 ,-0.180206 
485,12.125 ,0.210069 ,-0.186003 
486,12.15 ,0.207011 ,-0.191777 
487,12.175 ,0.203979 ,-0.197528 
488,12.2 ,0.200972 ,-0.203255 
489,12.225 ,0.19799 ,-0.20896 
490,12.25 ,0.195034 ,-0.214643 
491,12.275 ,0.192105 ,-0.220303 
492,12.3 ,0.189201 ,-0.22594 
493,12.325 ,0.186325 ,-0.231555 
494,12.35 ,0.183475 ,-0.237149 
495,12.375 ,0.180653 ,-0.24272 
496,12.4 ,0.177858 ,-0.248269 
497,12.425 ,0.175091 ,-0.253797 
498,12.45 ,0.172351 ,-0.259303 
499,12.475 ,0.169639 ,-0.264788 
500,12.5 ,0.166956 ,-0.270251 
501,12.525 ,0.1643 ,-0.275694 
502,12.55 ,0.161673 ,-0.281115 
503,12.575 ,0.159075 ,-0.286515 
504,12.6 ,0.156505 ,-0.291894 
505,12.625 ,0.153963 ,-0.297253 
506,12.65 ,0.15145 ,-0.302591 
507,12.675 ,0.148966 ,-0.307909 
508,12.7 ,0.14651 ,-0.313206 
509,12.725 ,0.144083 ,-0.318483 
510,12.75 ,0.141684 ,-0.32374 
511,12.775 ,0.139315 ,-0.328977 
512,12.8 ,0.136974 ,-0.334194 
513,12.825 ,0.134661 ,-0.339391 
514,12.85 ,0.132377 ,-0.344568 
515,12.875 ,0.130122 ,-0.349726 
516,12.9 ,0.127895 ,-0.354865 
517,12.925 ,0.125697 ,-0.359984 
518,12.95 ,0.123526 ,-0.365084 
519,12.975 ,0.121384 ,-0.370165 
520,13 ,0.11927 ,-0.375227 
521,13.025 ,0.117184 ,-0.380269 
522,13.05 ,0.115126 ,-0.385294 
523,13.075 ,0.113095 ,-0.390299 
524,13.1 ,0.111093 ,-0.395286 
525,13.125 ,0.109117 ,-0.400254 
526,13.15 ,0.107169 ,-0.405204 
527,13.175 ,0.105248 ,-0.410136 
528,13.2 ,0.103354 ,-0.415049 
529,13.225 ,0.101487 ,-0.419945 
530,13.25 ,0.0996462 ,-0.424822 
531,13.275 ,0.097832 ,-0.429682 
532,13.3 ,0.0960442 ,-0.434523 
533,13.325 ,0.0942824 ,-0.439347 
534,13.35 ,0.0925466 ,-0.444154 
535,13.375 ,0.0908364 ,-0.448943 
536,13.4 ,0.0891517 ,-0.453714 
537,13.425 ,0.0874923 ,-0.458469 
538,13.45 ,0.0858579 ,-0.463206 
539,13.475 ,0.0842484 ,-0.467926 
540,13.5 ,0.0826636 ,-0.472628 
541,13.525 ,0.0811031 ,-0.477314 
542,13.55 ,0.0795669 ,-0.481983 
543,13.575 ,0.0780546 ,-0.486636 
544,13.6 ,0.0765661 ,-0.491272 
545,13.625 ,0.0751011 ,-0.495891 
546,13.65 ,0.0736593 ,-0.500493 
547,13.675 ,0.0722406 ,-0.50508 
548,13.7 ,0.0708447 ,-0.509649 
549,13.725 ,0.0694714 ,-0.514203 
550,13.75 ,0.0681204 ,-0.518741 
551,13.775 ,0.0667914 ,-0.523262 
552,13.8 ,0.0654844 ,-0.527768 
553,13.825 ,0.0641989 ,-0.532257 
554,13.85 ,0.0629348 ,-0.536731 
555,13.875 ,0.0616917 ,-0.541189 
556,13.9 ,0.0604696 ,-0.545632 
557,13.925 ,0.0592681 ,-0.550059 
558,13.95 ,0.0580869 ,-0.55447 
559,13.975 ,0.0569259 ,-0.558867 
560,14 ,0.0557848 ,-0.563247 
561,14.025 ,0.0546633 ,-0.567613 
562,14.05 ,0.0535612 ,-0.571963 
563,14.075 ,0.0524782 ,-0.576299 
564,14.1 ,0.0514142 ,-0.580619 
565,14.125 ,0.0503688 ,-0.584925 
566,14.15 ,0.0493418 ,-0.589215 
567,14.175 ,0.048333 ,-0.593491 
568,14.2 ,0.0473421 ,-0.597752 
569,14.225 ,0.0463689 ,-0.601999 
570,14.25 ,0.0454131 ,-0.606231 
571,14.275 ,0.0444746 ,-0.610448 
572,14.3 ,0.043553 ,-0.614652 
573,14.325 ,0.0426482 ,-0.61884 
574,14.35 ,0.0417598 ,-0.623015 
575,14.375 ,0.0408877 ,-0.627175 
576,14.4 ,0.0400317 ,-0.631322 
577,14.425 ,0.0391914 ,-0.635454 
578,14.45 ,0.0383667 ,-0.639573 
579,14.475 ,0.0375573 ,-0.643677 
580,14.5 ,0.0367631 ,-0.647768 
581,14.525 ,0.0359837 ,-0.651845 
582,14.55 ,0.035219 ,-0.655908 
583,14.575 ,0.0344687 ,-0.659958 
584,14.6 ,0.0337327 ,-0.663994 
585,14.625 ,0.0330106 ,-0.668016 
586,14.65 ,0.0323023 ,-0.672026 
587,14.675 ,0.0316076 ,-0.676022 
588,14.7 ,0.0309263 ,-0.680004 
589,14.725 ,0.0302581 ,-0.683974 
590,14.75 ,0.0296028 ,-0.68793 
591,14.775 ,0.0289602 ,-0.691873 
592,14.8 ,0.0283302 ,-0.695804 
593,14.825 ,0.0277125 ,-0.699721 
594,14.85 ,0.0271069 ,-0.703625 
595,14.875 ,0.0265133 ,-0.707517 
596,14.9 ,0.0259313 ,-0.711396 
597,14.925 ,0.0253609 ,-0.715262 
598,14.95 ,0.0248019 ,-0.719115 
599,14.975 ,0.0242539 ,-0.722956 
600,15 ,0.023717 ,-0.726785 
601,15.025 ,0.0231908 ,-0.730601 
602,15.05 ,0.0226752 ,-0.734404 
603,15.075 ,0.02217 ,-0.738196 
604,15.1 ,0.021675 ,-0.741975 
605,15.125 ,0.0211901 ,-0.745742 
606,15.15 ,0.0207151 ,-0.749496 
607,15.175 ,0.0202498 ,-0.753239 
608,15.2 ,0.019794 ,-0.756969 
609,15.225 ,0.0193475 ,-0.760688 
610,15.25 ,0.0189103 ,-0.764395 
611,15.275 ,0.0184821 ,-0.76809 
612,15.3 ,0.0180628 ,-0.771773 
613,15.325 ,0.0176522 ,-0.775444 
614,15.35 ,0.0172501 ,-0.779103 
615,15.375 ,0.0168564 ,-0.782751 
616,15.4 ,0.016471 ,-0.786388 
617,15.425 ,0.0160937 ,-0.790013 
618,15.45 ,0.0157243 ,-0.793626 
619,15.475 ,0.0153628 ,-0.797228 
620,15.5 ,0.0150089 ,-0.800819 
621,15.525 ,0.0146624 ,-0.804398 
622,15.55 ,0.0143234 ,-0.807966 
623,15.575 ,0.0139916 ,-0.811523 
624,15.6 ,0.0136669 ,-0.815069 
625,15.625 ,0.0133492 ,-0.818603 
626,15.65 ,0.0130383 ,-0.822127 
627,15.675 ,0.0127341 ,-0.82564 
628,15.7 ,0.0124364 ,-0.829141 
629,15.725 ,0.0121452 ,-0.832632 
630,15.75 ,0.0118604 ,-0.836112 
631,15.775 ,0.0115817 ,-0.839581 
632,15.8 ,0.0113091 ,-0.84304 
633,15.825 ,0.0110424 ,-0.846487 
634,15.85 ,0.0107816 ,-0.849924 
635,15.875 ,0.0105266 ,-0.853351 
636,15.9 ,0.0102771 ,-0.856767 
637,15.925 ,0.0100332 ,-0.860172 
638,15.95 ,0.00979462 ,-0.863567 
639,15.975 ,0.00956135 ,-0.866952 
640,16 ,0.00933326 ,-0.870326 
641,16.025 ,0.00911025 ,-0.87369 
642,16.05 ,0.00889221 ,-0.877044 
643,16.075 ,0.00867905 ,-0.880388 
644,16.1 ,0.00847066 ,-0.883721 
645,16.125 ,0.00826695 ,-0.887044 
646,16.15 ,0.00806783 ,-0.890358 
647,16.175 ,0.00787319 ,-0.893661 
648,16.2 ,0.00768295 ,-0.896954 
649,16.225 ,0.00749702 ,-0.900237 
650,16.25 ,0.00731531 ,-0.903511 
651,16.275 ,0.00713773 ,-0.906774 
652,16.3 ,0.00696419 ,-0.910028 
653,16.325 ,0.00679462 ,-0.913272 
654,16.35 ,0.00662892 ,-0.916506 
655,16.375 ,0.00646702 ,-0.919731 
656,16.4 ,0.00630884 ,-0.922946 
657,16.425 ,0.0061543 ,-0.926151 
658,16.45 ,0.00600332 ,-0.929347 
659,16.475 ,0.00585582 ,-0.932533 
660,16.5 ,0.00571175 ,-0.93571 
661,16.525 ,0.00557101 ,-0.938878 
662,16.55 ,0.00543354 ,-0.942036 
663,16.575 ,0.00529927 ,-0.945185 
664,16.6 ,0.00516813 ,-0.948324 
665,16.625 ,0.00504005 ,-0.951455 
666,16.65 ,0.00491497 ,-0.954576 
667,16.675 ,0.00479282 ,-0.957688 
668,16.7 ,0.00467354 ,-0.960791 
669,16.725 ,0.00455707 ,-0.963884 
670,16.75 ,0.00444334 ,-0.966969 
671,16.775 ,0.0043323 ,-0.970045 
672,16.8 ,0.00422389 ,-0.973111 
673,16.825 ,0.00411804 ,-0.976169 
674,16.85 ,0.00401471 ,-0.979218 
675,16.875 ,0.00391384 ,-0.982258 
676,16.9 ,0.00381536 ,-0.985289 
677,16.925 ,0.00371924 ,-0.988312 
678,16.95 ,0.00362541 ,-0.991325 
679,16.975 ,0.00353383 ,-0.99433 
680,17 ,0.00344445 ,-0.997327 
681,17.025 ,0.00335721 ,-1.00031 
682,17.05 ,0.00327208 ,-1.00329 
683,17.075 ,0.00318899 ,-1.00626 
684,17.1 ,0.00310791 ,-1.00923 
685,17.125 ,0.00302879 ,-1.01218 
686,17.15 ,0.00295159 ,-1.01513 
687,17.175 ,0.00287626 ,-1.01806 
688,17.2 ,0.00280276 ,-1.02099 
689,17.225 ,0.00273105 ,-1.02391 
690,17.25 ,0.00266109 ,-1.02682 
691,17.275 ,0.00259283 ,-1.02973 
692,17.3 ,0.00252624 ,-1.03262 
693,17.325 ,0.00246129 ,-1.03551 
694,17.35 ,0.00239792 ,-1.03839 
695,17.375 ,0.00233611 ,-1.04126 
696,17.4 ,0.00227583 ,-1.04412 
697,17.425 ,0.00221703 ,-1.04698 
698,17.45 ,0.00215968 ,-1.04982 
699,17.475 ,0.00210374 ,-1.05266 
700,17.5 ,0.00204919 ,-1.05549 
701,17.525 ,0.00199599 ,-1.05832 
702,17.55 ,0.00194412 ,-1.06113 
703,17.575 ,0.00189353 ,-1.06394 
704,17.6 ,0.0018442 ,-1.06674 
705,17.625 ,0.0017961 ,-1.06953 
706,17.65 ,0.0017492 ,-1.07231 
707,17.675 ,0.00170347 ,-1.07509 
708,17.7 ,0.00165889 ,-1.07786 
709,17.725 ,0.00161543 ,-1.08062 
710,17.75 ,0.00157306 ,-1.08337 
711,17.775 ,0.00153175 ,-1.08612 
712,17.8 ,0.00149148 ,-1.08885 
713,17.825 ,0.00145223 ,-1.09158 
714,17.85 ,0.00141397 ,-1.09431 
715,17.875 ,0.00137667 ,-1.09702 
716,17.9 ,0.00134032 ,-1.09973 
717,17.925 ,0.00130489 ,-1.10243 
718,17.95 ,0.00127036 ,-1.10512 
719,17.975 ,0.00123671 ,-1.10781 
720,18 ,0.00120391 ,-1.11049 
721,18.025 ,0.00117195 ,-1.11316 
722,18.05 ,0.0011408 ,-1.11582 
723,18.075 ,0.00111045 ,-1.11848 
724,18.1 ,0.00108088 ,-1.12113 
725,18.125 ,0.00105206 ,-1.12377 
726,18.15 ,0.00102398 ,-1.12641 
727,18.175 ,0.000996627 ,-1.12904 
728,18.2 ,0.000969974 ,-1.13166 
729,18.225 ,0.000944007 ,-1.13427 
730,18.25 ,0.000918709 ,-1.13688 
731,18.275 ,0.000894063 ,-1.13948 
732,18.3 ,0.000870055 ,-1.14207 
733,18.325 ,0.000846668 ,-1.14466 
734,18.35 ,0.000823886 ,-1.14724 
735,18.375 ,0.000801695 ,-1.14981 
736,18.4 ,0.000780081 ,-1.15237 
737,18.425 ,0.000759028 ,-1.15493 
738,18.45 ,0.000738523 ,-1.15748 
739,18.475 ,0.000718552 ,-1.16003 
740,18.5 ,0.000699103 ,-1.16257 
741,18.525 ,0.000680161 ,-1.1651 
742,18.55 ,0.000661715 ,-1.16762 
743,18.575 ,0.000643751 ,-1.17014 
744,18.6 ,0.000626259 ,-1.17265 
745,18.625 ,0.000609225 ,-1.17516 
746,18.65 ,0.000592639 ,-1.17766 
747,18.675 ,0.000576489 ,-1.18015 
748,18.7 ,0.000560765 ,-1.18263 
749,18.725 ,0.000545455 ,-1.18511 
750,18.75 ,0.000530549 ,-1.18758 
751,18.775 ,0.000516037 ,-1.19005 
752,18.8 ,0.000501908 ,-1.19251 
753,18.825 ,0.000488154 ,-1.19496 
754,18.85 ,0.000474764 ,-1.19741 
755,18.875 ,0.00046173 ,-1.19985 
756,18.9 ,0.000449042 ,-1.20228 
757,18.925 ,0.000436691 ,-1.20471 
758,18.95 ,0.000424669 ,-1.20713 
759,18.975 ,0.000412968 ,-1.20955 
760,19 ,0.000401579 ,-1.21196 
761,19.025 ,0.000390494 ,-1.21436 
762,19.05 ,0.000379705 ,-1.21675 
763,19.075 ,0.000369205 ,-1.21914 
764,19.1 ,0.000358987 ,-1.22153 
765,19.125 ,0.000349042 ,-1.22391 
766,19.15 ,0.000339365 ,-1.22628 
767,19.175 ,0.000329947 ,-1.22864 
768,19.2 ,0.000320783 ,-1.231 
769,19.225 ,0.000311866 ,-1.23336 
770,19.25 ,0.00030319 ,-1.2357 
771,19.275 ,0.000294747 ,-1.23805 
772,19.3 ,0.000286533 ,-1.24038 
773,19.325 ,0.00027854 ,-1.24271 
774,19.35 ,0.000270764 ,-1.24504 
775,19.375 ,0.000263199 ,-1.24735 
776,19.4 ,0.000255839 ,-1.24967 
777,19.425 ,0.000248679 ,-1.25197 
778,19.45 ,0.000241713 ,-1.25427 
779,19.475 ,0.000234937 ,-1.25657 
780,19.5 ,0.000228346 ,-1.25886 
781,19.525 ,0.000221934 ,-1.26114 
782,19.55 ,0.000215697 ,-1.26342 
783,19.575 ,0.00020963 ,-1.26569 
784,19.6 ,0.000203729 ,-1.26795 
785,19.625 ,0.00019799 ,-1.27021 
786,19.65 ,0.000192408 ,-1.27247 
787,19.675 ,0.000186979 ,-1.27472 
788,19.7 ,0.000181698 ,-1.27696 
789,19.725 ,0.000176563 ,-1.2792 
790,19.75 ,0.000171569 ,-1.28143 
791,19.775 ,0.000166713 ,-1.28366 
792,19.8 ,0.00016199 ,-1.28588 
793,19.825 ,0.000157397 ,-1.28809 
794,19.85 ,0.000152932 ,-1.2903 
795,19.875 ,0.000148589 ,-1.29251 
796,19.9 ,0.000144366 ,-1.29471 
797,19.925 ,0.000140261 ,-1.2969 
798,19.95 ,0.000136269 ,-1.29909 
799,19.975 ,0.000132388 ,-1.30127 
800,20 ,0.000128614 ,-1.30345 
801,20.025 ,0.000124945 ,-1.30562 
802,20.05 ,0.000121378 ,-1.30779 
803,20.075 ,0.00011791 ,-1.30995 
804,20.1 ,0.000114539 ,-1.31211 
805,20.125 ,0.000111262 ,-1.31426 
806,20.15 ,0.000108076 ,-1.31641 
807,20.175 ,0.000104979 ,-1.31855 
808,20.2 ,0.000101969 ,-1.32068 
809,20.225 ,9.90427e-05 ,-1.32281 
810,20.25 ,9.61984e-05 ,-1.32494 
811,20.275 ,9.34338e-05 ,-1.32706 
812,20.3 ,9.07466e-05 ,-1.32917 
813,20.325 ,8.81349e-05 ,-1.33128 
814,20.35 ,8.55965e-05 ,-1.33339 
815,20.375 ,8.31294e-05 ,-1.33549 
816,20.4 ,8.07317e-05 ,-1.33758 
817,20.425 ,7.84015e-05 ,-1.33967 
818,20.45 ,7.6137e-05 ,-1.34175 
819,20.475 ,7.39363e-05 ,-1.34383 
820,20.5 ,7.17977e-05 ,-1.34591 
821,20.525 ,6.97195e-05 ,-1.34798 
822,20.55 ,6.77e-05 ,-1.35004 
823,20.575 ,6.57377e-05 ,-1.3521 
824,20.6 ,6.38309e-05 ,-1.35416 
825,20.625 ,6.19782e-05 ,-1.35621 
826,20.65 ,6.0178e-05 ,-1.35825 
827,20.675 ,5.84289e-05 ,-1.36029 
828,20.7 ,5.67295e-05 ,-1.36233 
829,20.725 ,5.50783e-05 ,-1.36436 
830,20.75 ,5.34742e-05 ,-1.36638 
831,20.775 ,5.19157e-05 ,-1.3684 
832,20.8 ,5.04016e-05 ,-1.37042 
833,20.825 ,4.89307e-05 ,-1.37243 
834,20.85 ,4.75017e-05 ,-1.37444 
835,20.875 ,4.61136e-05 ,-1.37644 
836,20.9 ,4.47651e-05 ,-1.37844 
837,20.925 ,4.34553e-05 ,-1.38043 
838,20.95 ,4.21829e-05 ,-1.38242 
839,20.975 ,4.09469e-05 ,-1.3844 
840,21 ,3.97464e-05 ,-1.38638 
841,21.025 ,3.85803e-05 ,-1.38835 
842,21.05 ,3.74477e-05 ,-1.39032 
843,21.075 ,3.63477e-05 ,-1.39228 
844,21.1 ,3.52792e-05 ,-1.39424 
845,21.125 ,3.42416e-05 ,-1.3962 
846,21.15 ,3.32338e-05 ,-1.39815 
847,21.175 ,3.2255e-05 ,-1.4001 
848,21.2 ,3.13045e-05 ,-1.40204 
849,21.225 ,3.03814e-05 ,-1.40398 
850,21.25 ,2.9485e-05 ,-1.40591 
851,21.275 ,2.86144e-05 ,-1.40784 
852,21.3 ,2.77691e-05 ,-1.40976 
853,21.325 ,2.69482e-05 ,-1.41168 
854,21.35 ,2.61511e-05 ,-1.41359 
855,21.375 ,2.53771e-05 ,-1.41551 
856,21.4 ,2.46256e-05 ,-1.41741 
857,21.425 ,2.38959e-05 ,-1.41931 
858,21.45 ,2.31874e-05 ,-1.42121 
859,21.475 ,2.24994e-05 ,-1.4231 
860,21.5 ,2.18315e-05 ,-1.42499 
861,21.525 ,2.11831e-05 ,-1.42688 
862,21.55 ,2.05535e-05 ,-1.42876 
863,21.575 ,1.99423e-05 ,-1.43063 
864,21.6 ,1.93489e-05 ,-1.4325 
865,21.625 ,1.87728e-05 ,-1.43437 
866,21.65 ,1.82136e-05 ,-1.43624 
867,21.675 ,1.76707e-05 ,-1.43809 
868,21.7 ,1.71437e-05 ,-1.43995 
869,21.725 ,1.66322e-05 ,-1.4418 
870,21.75 ,1.61356e-05 ,-1.44365 
871,21.775 ,1.56536e-05 ,-1.44549 
872,21.8 ,1.51857e-05 ,-1.44733 
873,21.825 ,1.47315e-05 ,-1.44916 
874,21.85 ,1.42908e-05 ,-1.45099 
875,21.875 ,1.38629e-05 ,-1.45281 
876,21.9 ,1.34477e-05 ,-1.45464 
877,21.925 ,1.30447e-05 ,-1.45645 
878,21.95 ,1.26535e-05 ,-1.45827 
879,21.975 ,1.22739e-05 ,-1.46008 
880,22 ,1.19055e-05 ,-1.46188 
881,22.025 ,1.1548e-05 ,-1.46368 
882,22.05 ,1.1201e-05 ,-1.46548 
883,22.075 ,1.08643e-05 ,-1.46727 
884,22.1 ,1.05376e-05 ,-1.46906 
885,22.125 ,1.02205e-05 ,-1.47085 
886,22.15 ,9.91282e-06 ,-1.47263 
887,22.175 ,9.61427e-06 ,-1.47441 
888,22.2 ,9.32459e-06 ,-1.47618 
889,22.225 ,9.04351e-06 ,-1.47795 
890,22.25 ,8.77078e-06 ,-1.47971 
891,22.275 ,8.50617e-06 ,-1.48147 
892,22.3 ,8.24943e-06 ,-1.48323 
893,22.325 ,8.00034e-06 ,-1.48499 
894,22.35 ,7.75867e-06 ,-1.48674 
895,22.375 ,7.52422e-06 ,-1.48848 
896,22.4 ,7.29677e-06 ,-1.49022 
897,22.425 ,7.07611e-06 ,-1.49196 
898,22.45 ,6.86205e-06 ,-1.4937 
899,22.475 ,6.6544e-06 ,-1.49543 
900,22.5 ,6.45297e-06 ,-1.49716 
901,22.525 ,6.25757e-06 ,-1.49888 
902,22.55 ,6.06804e-06 ,-1.5006 
903,22.575 ,5.8842e-06 ,-1.50231 
904,22.6 ,5.70589e-06 ,-1.50403 
905,22.625 ,5.53294e-06 ,-1.50573 
906,22.65 ,5.36519e-06 ,-1.50744 
907,22.675 ,5.20251e-06 ,-1.50914 
908,22.7 ,5.04473e-06 ,-1.51084 
909,22.725 ,4.89171e-06 ,-1.51253 
910,22.75 ,4.74332e-06 ,-1.51422 
911,22.775 ,4.59941e-06 ,-1.51591 
912,22.8 ,4.45987e-06 ,-1.51759 
913,22.825 ,4.32456e-06 ,-1.51927 
914,22.85 ,4.19335e-06 ,-1.52094 
915,22.875 ,4.06613e-06 ,-1.52261 
916,22.9 ,3.94278e-06 ,-1.52428 
917,22.925 ,3.82318e-06 ,-1.52595 
918,22.95 ,3.70723e-06 ,-1.52761 
919,22.975 ,3.59483e-06 ,-1.52926 
920,23 ,3.48585e-06 ,-1.53092 
921,23.025 ,3.38022e-06 ,-1.53257 
922,23.05 ,3.27782e-06 ,-1.53422 
923,23.075 ,3.17856e-06 ,-1.53586 
924,23.1 ,3.08236e-06 ,-1.5375 
925,23.125 ,2.98912e-06 ,-1.53913 
926,23.15 ,2.89875e-06 ,-1.54077 
927,23.175 ,2.81117e-06 ,-1.5424 
928,23.2 ,2.72631e-06 ,-1.54402 
929,23.225 ,2.64408e-06 ,-1.54564 
930,23.25 ,2.5644e-06 ,-1.54726 
931,23.275 ,2.4872e-06 ,-1.54888 
932,23.3 ,2.41241e-06 ,-1.55049 
933,23.325 ,2.33996e-06 ,-1.5521 
934,23.35 ,2.26977e-06 ,-1.5537 
935,23.375 ,2.20179e-06 ,-1.55531 
936,23.4 ,2.13596e-06 ,-1.55691 
937,23.425 ,2.0722e-06 ,-1.5585 
938,23.45 ,2.01046e-06 ,-1.56009 
939,23.475 ,1.95067e-06 ,-1.56168 
940,23.5 ,1.8928e-06 ,-1.56327 
941,23.525 ,1.83677e-06 ,-1.56485 
942,23.55 ,1.78254e-06 ,-1.56643 
943,23.575 ,1.73006e-06 ,-1.568 
944,23.6 ,1.67927e-06 ,-1.56957 
945,23.625 ,1.63012e-06 ,-1.57114 
946,23.65 ,1.58258e-06 ,-1.57271 
947,23.675 ,1.5366e-06 ,-1.57427 
948,23.7 ,1.49212e-06 ,-1.57583 
949,23.725 ,1.44912e-06 ,-1.57738 
950,23.75 ,1.40754e-06 ,-1.57894 
951,23.775 ,1.36736e-06 ,-1.58049 
952,23.8 ,1.32852e-06 ,-1.58203 
953,23.825 ,1.291e-06 ,-1.58357 
954,23.85 ,1.25476e-06 ,-1.58511 
955,23.875 ,1.21976e-06 ,-1.58665 
956,23.9 ,1.18597e-06 ,-1.58818 
957,23.925 ,1.15335e-06 ,-1.58971 
958,23.95 ,1.12189e-06 ,-1.59124 
959,23.975 ,1.09153e-06 ,-1.59276 
960,24 ,1.06227e-06 ,-1.59428 
961,24.025 ,1.03406e-06 ,-1.5958 
962,24.05 ,1.00689e-06 ,-1.59732 
963,24.075 ,9.80719e-07 ,-1.59883 
964,24.1 ,9.55529e-07 ,-1.60034 
965,24.125 ,9.31296e-07 ,-1.60184 
966,24.15 ,9.07994e-07 ,-1.60334 
967,24.175 ,8.85603e-07 ,-1.60484 
968,24.2 ,8.641e-07 ,-1.60634 
969,24.225 ,8.43464e-07 ,-1.60783 
970,24.25 ,8.23677e-07 ,-1.60932 
971,24.275 ,8.04717e-07 ,-1.61081 
972,24.3 ,7.86568e-07 ,-1.61229 
973,24.325 ,7.69212e-07 ,-1.61377 
974,24.35 ,7.52632e-07 ,-1.61525 
975,24.375 ,7.36811e-07 ,-1.61673 
976,24.4 ,7.21735e-07 ,-1.6182 
977,24.425 ,7.07389e-07 ,-1.61967 
978,24.45 ,6.93759e-07 ,-1.62113 
979,24.475 ,6.80832e-07 ,-1.6226 
980,24.5 ,6.68596e-07 ,-1.62406 
981,24.525 ,6.57038e-07 ,-1.62551 
982,24.55 ,6.46148e-07 ,-1.62697 
983,24.575 ,6.35915e-07 ,-1.62842 
984,24.6 ,6.26329e-07 ,-1.62987 
985,24.625 ,6.17382e-07 ,-1.63131 
986,24.65 ,6.09064e-07 ,-1.63275 
987,24.675 ,6.01367e-07 ,-1.63419 
988,24.7 ,5.94285e-07 ,-1.63563 
989,24.725 ,5.8781e-07 ,-1.63706 
990,24.75 ,5.81937e-07 ,-1.6385 
991,24.775 ,5.76659e-07 ,-1.63992 
992,24.8 ,5.71973e-07 ,-1.64135 
993,24.825 ,5.67874e-07 ,-1.64277 
994,24.85 ,5.64358e-07 ,-1.64419 
995,24.875 ,5.61421e-07 ,-1.64561 
996,24.9 ,5.59063e-07 ,-1.64702 
997,24.925 ,5.57279e-07 ,-1.64843 
998,24.95 ,5.5607e-07 ,-1.64984 
999,24.975 ,5.55435e-07 ,-1.65125 
1000,25 ,5.55372e-07 ,-1.65265 