N_e = 20
1,0.02 ,5.27336e-09 ,-29994.6 
2,0.04 ,5.27336e-09 ,-7494.63 
3,0.06 ,1.77938e-08 ,-3327.96 
4,0.08 ,4.21655e-08 ,-1869.65 
5,0.1 ,8.23241e-08 ,-1194.64 
6,0.12 ,1.42192e-07 ,-827.999 
7,0.14 ,2.25675e-07 ,-606.903 
8,0.16 ,3.36662e-07 ,-463.432 
9,0.18 ,4.7902e-07 ,-365.042 
10,0.2 ,6.56588e-07 ,-294.731 
11,0.22 ,8.73189e-07 ,-242.65 
12,0.24 ,1.13261e-06 ,-203.114 
13,0.26 ,1.43861e-06 ,-172.277 
14,0.28 ,1.79492e-06 ,-147.887 
15,0.3 ,2.20524e-06 ,-128.137 
16,0.32 ,2.67322e-06 ,-112.088 
17,0.34 ,3.20253e-06 ,-98.6811 
18,0.36 ,3.79674e-06 ,-87.5663 
19,0.38 ,4.45948e-06 ,-78.0475 
20,0.4 ,5.19421e-06 ,-70.0395 
21,0.42 ,6.00453e-06 ,-63.035 
22,0.44 ,6.89383e-06 ,-57.1159 
23,0.46 ,7.8657e-06 ,-51.8085 
24,0.48 ,8.92346e-06 ,-47.3041 
25,0.5 ,1.00707e-05 ,-43.1834 
26,0.52 ,1.13106e-05 ,-39.677 
27,0.54 ,1.26468e-05 ,-36.4108 
28,0.56 ,1.40824e-05 ,-33.665 
29,0.58 ,1.56211e-05 ,-31.0294 
30,0.6 ,1.7266e-05 ,-28.8267 
31,0.62 ,1.90207e-05 ,-26.6667 
32,0.64 ,2.08883e-05 ,-24.87 
33,0.66 ,2.28726e-05 ,-23.0755 
34,0.68 ,2.49764e-05 ,-21.6253 
35,0.7 ,2.72037e-05 ,-20.1161 
36,0.72 ,2.95574e-05 ,-18.9121 
37,0.74 ,3.20416e-05 ,-17.6291 
38,0.76 ,3.4659e-05 ,-16.6135 
39,0.78 ,3.74138e-05 ,-15.5119 
40,0.8 ,4.03086e-05 ,-14.6803 
41,0.82 ,4.33481e-05 ,-13.7262 
42,0.84 ,4.65348e-05 ,-13.0173 
43,0.86 ,4.98735e-05 ,-12.1842 
44,0.88 ,5.33666e-05 ,-11.5686 
45,0.9 ,5.70189e-05 ,-10.8358 
46,0.92 ,6.08327e-05 ,-10.33 
47,0.94 ,6.48134e-05 ,-9.68107 
48,0.96 ,6.89634e-05 ,-9.23937 
49,0.98 ,7.32881e-05 ,-8.66127 
50,1 ,7.77897e-05 ,-8.26619 
51,1.02 ,8.24736e-05 ,-7.74828 
52,1.04 ,8.73419e-05 ,-7.42548 
53,1.06 ,9.24008e-05 ,-6.95908 
54,1.08 ,9.76525e-05 ,-6.67011 
55,1.1 ,0.000103103 ,-6.24813 
56,1.12 ,0.000108754 ,-5.98113 
57,1.14 ,0.000114613 ,-5.59769 
58,1.16 ,0.00012068 ,-5.38282 
59,1.18 ,0.000126962 ,-5.033 
60,1.2 ,0.000133462 ,-4.83543 
61,1.22 ,0.000140187 ,-4.51511 
62,1.24 ,0.000147137 ,-4.32589 
63,1.26 ,0.00015432 ,-4.03159 
64,1.28 ,0.000161738 ,-3.88325 
65,1.3 ,0.000169397 ,-3.61202 
66,1.32 ,0.0001773 ,-3.47163 
67,1.34 ,0.000185453 ,-3.22094 
68,1.36 ,0.00019386 ,-3.08115 
69,1.38 ,0.000202525 ,-2.84881 
70,1.4 ,0.000211451 ,-2.74345 
71,1.42 ,0.000220646 ,-2.52758 
72,1.44 ,0.000230111 ,-2.42478 
73,1.46 ,0.000239855 ,-2.22375 
74,1.48 ,0.000249879 ,-2.11703 
75,1.5 ,0.000260189 ,-1.9294 
76,1.52 ,0.000270787 ,-1.85331 
77,1.54 ,0.000281681 ,-1.67783 
78,1.56 ,0.000292874 ,-1.60109 
79,1.58 ,0.000304374 ,-1.43665 
80,1.6 ,0.000316181 ,-1.35327 
81,1.62 ,0.000328302 ,-1.19889 
82,1.64 ,0.00034074 ,-1.14382 
83,1.66 ,0.000353502 ,-0.998625 
84,1.68 ,0.000366592 ,-0.940912 
85,1.7 ,0.000380017 ,-0.804132 
86,1.72 ,0.000393778 ,-0.738064 
87,1.74 ,0.000407882 ,-0.608998 
88,1.76 ,0.000422331 ,-0.569743 
89,1.78 ,0.000437135 ,-0.447765 
90,1.8 ,0.000452295 ,-0.404571 
91,1.82 ,0.00046782 ,-0.289117 
92,1.84 ,0.000483712 ,-0.23642 
93,1.86 ,0.000499977 ,-0.126979 
94,1.88 ,0.000516616 ,-0.100079 
95,1.9 ,0.00053364 ,0.00380971 
96,1.92 ,0.000551052 ,0.0355613 
97,1.94 ,0.00056886 ,0.134316 
98,1.96 ,0.000587065 ,0.176392 
99,1.98 ,0.000605675 ,0.270394 
100,2 ,0.000624691 ,0.287422 
101,2.02 ,0.000644125 ,0.377018 
102,2.04 ,0.000663977 ,0.399582 
103,2.06 ,0.00068426 ,0.485089 
104,2.08 ,0.000704973 ,0.518609 
105,2.1 ,0.000726125 ,0.600317 
106,2.12 ,0.000747715 ,0.609376 
107,2.14 ,0.000769758 ,0.68755 
108,2.16 ,0.000792255 ,0.702693 
109,2.18 ,0.000815217 ,0.777576 
110,2.2 ,0.000838645 ,0.804192 
111,2.22 ,0.000862548 ,0.876008 
112,2.24 ,0.000886925 ,0.878652 
113,2.26 ,0.000911793 ,0.947604 
114,2.28 ,0.000937151 ,0.956799 
115,2.3 ,0.000963014 ,1.02308 
116,2.32 ,0.000989381 ,1.04419 
117,2.34 ,0.00101626 ,1.10797 
118,2.36 ,0.00104365 ,1.10553 
119,2.38 ,0.00107158 ,1.16697 
120,2.4 ,0.00110004 ,1.1715 
121,2.42 ,0.00112904 ,1.23074 
122,2.44 ,0.00115858 ,1.24758 
123,2.46 ,0.00118869 ,1.30476 
124,2.48 ,0.00121935 ,1.29844 
125,2.5 ,0.00125058 ,1.35369 
126,2.52 ,0.00128239 ,1.3547 
127,2.54 ,0.00131479 ,1.40813 
128,2.56 ,0.00134778 ,1.42182 
129,2.58 ,0.00138137 ,1.47352 
130,2.6 ,0.00141557 ,1.4644 
131,2.62 ,0.00145038 ,1.51449 
132,2.64 ,0.00148582 ,1.51304 
133,2.66 ,0.0015219 ,1.5616 
134,2.68 ,0.00155861 ,1.57315 
135,2.7 ,0.00159598 ,1.62026 
136,2.72 ,0.00163399 ,1.6093 
137,2.74 ,0.00167268 ,1.65505 
138,2.76 ,0.00171204 ,1.65206 
139,2.78 ,0.00175209 ,1.69651 
140,2.8 ,0.00179283 ,1.70681 
141,2.82 ,0.00183427 ,1.75003 
142,2.84 ,0.00187641 ,1.73809 
143,2.86 ,0.00191928 ,1.78014 
144,2.88 ,0.00196287 ,1.77643 
145,2.9 ,0.0020072 ,1.81735 
146,2.92 ,0.00205227 ,1.82717 
147,2.94 ,0.0020981 ,1.86703 
148,2.96 ,0.00214468 ,1.85485 
149,2.98 ,0.00219204 ,1.89368 
150,3 ,0.00224017 ,1.88994 
151,3.02 ,0.0022891 ,1.9278 
152,3.04 ,0.00233883 ,1.93779 
153,3.06 ,0.00238936 ,1.97471 
154,3.08 ,0.00244069 ,1.96288 
155,3.1 ,0.00249286 ,1.99889 
156,3.12 ,0.00254585 ,1.99567 
157,3.14 ,0.00259969 ,2.03081 
158,3.16 ,0.00265437 ,2.04147 
159,3.18 ,0.00270992 ,2.07577 
160,3.2 ,0.00276631 ,2.06475 
161,3.22 ,0.00282358 ,2.09824 
162,3.24 ,0.00288173 ,2.09594 
163,3.26 ,0.00294078 ,2.12865 
164,3.28 ,0.00300072 ,2.14032 
165,3.3 ,0.00306156 ,2.17227 
166,3.32 ,0.0031233 ,2.16235 
167,3.34 ,0.00318596 ,2.19357 
168,3.36 ,0.00324954 ,2.19244 
169,3.38 ,0.00331406 ,2.22294 
170,3.4 ,0.00337952 ,2.23585 
171,3.42 ,0.00344592 ,2.26564 
172,3.44 ,0.00351325 ,2.257 
173,3.46 ,0.00358154 ,2.28612 
174,3.48 ,0.00365079 ,2.28629 
175,3.5 ,0.00372101 ,2.31475 
176,3.52 ,0.0037922 ,2.32898 
177,3.54 ,0.00386436 ,2.35678 
178,3.56 ,0.00393748 ,2.34946 
179,3.58 ,0.00401159 ,2.37664 
180,3.6 ,0.00408669 ,2.37813 
181,3.62 ,0.00416278 ,2.40468 
182,3.64 ,0.00423986 ,2.42021 
183,3.66 ,0.00431793 ,2.44616 
184,3.68 ,0.00439698 ,2.4401 
185,3.7 ,0.00447704 ,2.46545 
186,3.72 ,0.00455809 ,2.46817 
187,3.74 ,0.00464015 ,2.49295 
188,3.76 ,0.00472321 ,2.50966 
189,3.78 ,0.00480726 ,2.53386 
190,3.8 ,0.00489229 ,2.52894 
191,3.82 ,0.00497833 ,2.55258 
192,3.84 ,0.00506537 ,2.55637 
193,3.86 ,0.00515341 ,2.57947 
194,3.88 ,0.00524245 ,2.59719 
195,3.9 ,0.00533247 ,2.61974 
196,3.92 ,0.00542346 ,2.61576 
197,3.94 ,0.00551544 ,2.63778 
198,3.96 ,0.00560841 ,2.64246 
199,3.98 ,0.00570236 ,2.66396 
200,4 ,0.00579728 ,2.68248 
201,4.02 ,0.00589316 ,2.70347 
202,4.04 ,0.00598998 ,2.70022 
203,4.06 ,0.00608776 ,2.7207 
204,4.08 ,0.00618649 ,2.72603 
205,4.1 ,0.00628617 ,2.74602 
206,4.12 ,0.00638679 ,2.76512 
207,4.14 ,0.00648832 ,2.78463 
208,4.16 ,0.00659074 ,2.78188 
209,4.18 ,0.00669408 ,2.80091 
210,4.2 ,0.00679831 ,2.80666 
211,4.22 ,0.00690345 ,2.82522 
212,4.24 ,0.00700947 ,2.84468 
213,4.26 ,0.00711633 ,2.86277 
214,4.28 ,0.00722403 ,2.86032 
215,4.3 ,0.00733258 ,2.87796 
216,4.32 ,0.00744195 ,2.88393 
217,4.34 ,0.00755216 ,2.90113 
218,4.36 ,0.00766318 ,2.92074 
219,4.38 ,0.00777498 ,2.93751 
220,4.4 ,0.00788752 ,2.93514 
221,4.42 ,0.00800083 ,2.95147 
222,4.44 ,0.00811489 ,2.95748 
223,4.46 ,0.00822969 ,2.9734 
224,4.48 ,0.00834522 ,2.99298 
225,4.5 ,0.00846143 ,3.0085 
226,4.52 ,0.00857829 ,3.00605 
227,4.54 ,0.00869582 ,3.02116 
228,4.56 ,0.00881401 ,3.02704 
229,4.58 ,0.00893284 ,3.04176 
230,4.6 ,0.00905229 ,3.06118 
231,4.62 ,0.00917231 ,3.07552 
232,4.64 ,0.00929287 ,3.07287 
233,4.66 ,0.009414 ,3.08683 
234,4.68 ,0.00953567 ,3.09247 
235,4.7 ,0.00965787 ,3.10608 
236,4.72 ,0.00978057 ,3.12522 
237,4.74 ,0.00990372 ,3.13847 
238,4.76 ,0.0100273 ,3.13551 
239,4.78 ,0.0101513 ,3.14842 
240,4.8 ,0.0102757 ,3.15373 
241,4.82 ,0.0104006 ,3.1663 
242,4.84 ,0.0105258 ,3.1851 
243,4.86 ,0.0106513 ,3.19735 
244,4.88 ,0.0107771 ,3.19403 
245,4.9 ,0.0109033 ,3.20596 
246,4.92 ,0.0110297 ,3.21089 
247,4.94 ,0.0111563 ,3.22251 
248,4.96 ,0.0112832 ,3.24093 
249,4.98 ,0.0114103 ,3.25225 
250,5 ,0.0115376 ,3.24854 
251,5.02 ,0.011665 ,3.25957 
252,5.04 ,0.0117925 ,3.26411 
253,5.06 ,0.0119201 ,3.27486 
254,5.08 ,0.0120479 ,3.29287 
255,5.1 ,0.0121757 ,3.30335 
256,5.12 ,0.0123034 ,3.29924 
257,5.14 ,0.0124312 ,3.30945 
258,5.16 ,0.012559 ,3.31359 
259,5.18 ,0.0126867 ,3.32355 
260,5.2 ,0.0128144 ,3.34116 
261,5.22 ,0.0129419 ,3.35087 
262,5.24 ,0.0130693 ,3.34637 
263,5.26 ,0.0131966 ,3.35583 
264,5.28 ,0.0133236 ,3.35958 
265,5.3 ,0.0134505 ,3.36881 
266,5.32 ,0.0135772 ,3.38605 
267,5.34 ,0.0137035 ,3.39505 
268,5.36 ,0.0138296 ,3.39018 
269,5.38 ,0.0139553 ,3.39895 
270,5.4 ,0.0140807 ,3.40234 
271,5.42 ,0.0142057 ,3.4109 
272,5.44 ,0.0143304 ,3.42779 
273,5.46 ,0.0144546 ,3.43614 
274,5.48 ,0.0145783 ,3.43092 
275,5.5 ,0.0147016 ,3.43907 
276,5.52 ,0.0148243 ,3.44212 
277,5.54 ,0.0149465 ,3.45007 
278,5.56 ,0.0150682 ,3.46663 
279,5.58 ,0.0151893 ,3.47437 
280,5.6 ,0.0153097 ,3.46884 
281,5.62 ,0.0154294 ,3.4764 
282,5.64 ,0.0155485 ,3.47915 
283,5.66 ,0.0156669 ,3.48652 
284,5.68 ,0.0157846 ,3.50278 
285,5.7 ,0.0159015 ,3.50997 
286,5.72 ,0.0160176 ,3.50414 
287,5.74 ,0.0161328 ,3.51116 
288,5.76 ,0.0162473 ,3.51362 
289,5.78 ,0.0163608 ,3.52046 
290,5.8 ,0.0164735 ,3.53644 
291,5.82 ,0.0165853 ,3.54311 
292,5.84 ,0.016696 ,3.53702 
293,5.86 ,0.0168058 ,3.54351 
294,5.88 ,0.0169145 ,3.54572 
295,5.9 ,0.0170223 ,3.55205 
296,5.92 ,0.017129 ,3.56778 
297,5.94 ,0.0172346 ,3.57395 
298,5.96 ,0.017339 ,3.5676 
299,5.98 ,0.0174423 ,3.57362 
300,6 ,0.0175444 ,3.57557 
301,6.02 ,0.0176454 ,3.58143 
302,6.04 ,0.0177452 ,3.59691 
303,6.06 ,0.0178436 ,3.60261 
304,6.08 ,0.0179408 ,3.59603 
305,6.1 ,0.0180366 ,3.60157 
306,6.12 ,0.0181311 ,3.60329 
307,6.14 ,0.0182244 ,3.60869 
308,6.16 ,0.0183162 ,3.62394 
309,6.18 ,0.0184066 ,3.62918 
310,6.2 ,0.0184956 ,3.62236 
311,6.22 ,0.0185831 ,3.62746 
312,6.24 ,0.0186691 ,3.62895 
313,6.26 ,0.0187537 ,3.6339 
314,6.28 ,0.0188368 ,3.64892 
315,6.3 ,0.0189183 ,3.65373 
316,6.32 ,0.0189981 ,3.64667 
317,6.34 ,0.0190764 ,3.65134 
318,6.36 ,0.0191531 ,3.65259 
319,6.38 ,0.0192282 ,3.65711 
320,6.4 ,0.0193017 ,3.67189 
321,6.42 ,0.0193734 ,3.67627 
322,6.44 ,0.0194434 ,3.66897 
323,6.46 ,0.0195116 ,3.67322 
324,6.48 ,0.0195782 ,3.67422 
325,6.5 ,0.019643 ,3.67833 
326,6.52 ,0.0197061 ,3.69286 
327,6.54 ,0.0197673 ,3.69682 
328,6.56 ,0.0198267 ,3.68928 
329,6.58 ,0.0198843 ,3.6931 
330,6.6 ,0.01994 ,3.69385 
331,6.62 ,0.0199939 ,3.69754 
332,6.64 ,0.0200459 ,3.71182 
333,6.66 ,0.020096 ,3.71537 
334,6.68 ,0.0201441 ,3.70756 
335,6.7 ,0.0201903 ,3.71097 
336,6.72 ,0.0202346 ,3.71145 
337,6.74 ,0.0202769 ,3.71473 
338,6.76 ,0.0203173 ,3.72873 
339,6.78 ,0.0203557 ,3.73187 
340,6.8 ,0.020392 ,3.72378 
341,6.82 ,0.0204264 ,3.72679 
342,6.84 ,0.0204587 ,3.72698 
343,6.86 ,0.020489 ,3.72986 
344,6.88 ,0.0205174 ,3.74356 
345,6.9 ,0.0205436 ,3.7463 
346,6.92 ,0.0205677 ,3.7379 
347,6.94 ,0.0205898 ,3.74051 
348,6.96 ,0.0206098 ,3.74039 
349,6.98 ,0.0206278 ,3.74286 
350,7 ,0.0206438 ,3.75624 
351,7.02 ,0.0206575 ,3.75858 
352,7.04 ,0.0206692 ,3.74986 
353,7.06 ,0.0206787 ,3.75206 
354,7.08 ,0.0206862 ,3.75162 
355,7.1 ,0.0206916 ,3.75368 
356,7.12 ,0.0206949 ,3.76674 
357,7.14 ,0.0206961 ,3.76867 
358,7.16 ,0.0206951 ,3.75961 
359,7.18 ,0.020692 ,3.76141 
360,7.2 ,0.0206868 ,3.76062 
361,7.22 ,0.0206795 ,3.76228 
362,7.24 ,0.0206702 ,3.77498 
363,7.26 ,0.0206587 ,3.77651 
364,7.28 ,0.020645 ,3.7671 
365,7.3 ,0.0206293 ,3.7685 
366,7.32 ,0.0206115 ,3.76735 
367,7.34 ,0.0205916 ,3.76862 
368,7.36 ,0.0205697 ,3.78095 
369,7.38 ,0.0205456 ,3.78209 
370,7.4 ,0.0205195 ,3.77231 
371,7.42 ,0.0204913 ,3.77332 
372,7.44 ,0.020461 ,3.7718 
373,7.46 ,0.0204288 ,3.77268 
374,7.48 ,0.0203945 ,3.78464 
375,7.5 ,0.0203582 ,3.7854 
376,7.52 ,0.0203198 ,3.77524 
377,7.54 ,0.0202794 ,3.77587 
378,7.56 ,0.020237 ,3.77397 
379,7.58 ,0.0201927 ,3.77448 
380,7.6 ,0.0201465 ,3.78606 
381,7.62 ,0.0200983 ,3.78645 
382,7.64 ,0.0200481 ,3.77591 
383,7.66 ,0.0199959 ,3.77618 
384,7.68 ,0.0199419 ,3.77389 
385,7.7 ,0.0198861 ,3.77405 
386,7.72 ,0.0198284 ,3.78524 
387,7.74 ,0.0197688 ,3.78529 
388,7.76 ,0.0197073 ,3.77436 
389,7.78 ,0.019644 ,3.77429 
390,7.8 ,0.019579 ,3.77162 
391,7.82 ,0.0195122 ,3.77144 
392,7.84 ,0.0194436 ,3.78224 
393,7.86 ,0.0193733 ,3.78196 
394,7.88 ,0.0193012 ,3.77065 
395,7.9 ,0.0192275 ,3.77026 
396,7.92 ,0.019152 ,3.7672 
397,7.94 ,0.019075 ,3.7667 
398,7.96 ,0.0189964 ,3.77712 
399,7.98 ,0.0189161 ,3.77653 
400,8 ,0.0188342 ,3.76483 
401,8.02 ,0.0187507 ,3.76414 
402,8.04 ,0.0186657 ,3.76069 
403,8.06 ,0.0185793 ,3.7599 
404,8.08 ,0.0184914 ,3.76993 
405,8.1 ,0.0184019 ,3.76905 
406,8.12 ,0.018311 ,3.75695 
407,8.14 ,0.0182188 ,3.75598 
408,8.16 ,0.0181251 ,3.75214 
409,8.18 ,0.0180301 ,3.75107 
410,8.2 ,0.0179338 ,3.76071 
411,8.22 ,0.0178362 ,3.75956 
412,8.24 ,0.0177373 ,3.74707 
413,8.26 ,0.0176371 ,3.74583 
414,8.28 ,0.0175357 ,3.74159 
415,8.3 ,0.0174331 ,3.74026 
416,8.32 ,0.0173295 ,3.7495 
417,8.34 ,0.0172246 ,3.74809 
418,8.36 ,0.0171186 ,3.73519 
419,8.38 ,0.0170115 ,3.73371 
420,8.4 ,0.0169034 ,3.72906 
421,8.42 ,0.0167942 ,3.72749 
422,8.44 ,0.0166842 ,3.73631 
423,8.46 ,0.0165731 ,3.73467 
424,8.48 ,0.016461 ,3.72135 
425,8.5 ,0.016348 ,3.71963 
426,8.52 ,0.0162342 ,3.71456 
427,8.54 ,0.0161196 ,3.71277 
428,8.56 ,0.0160041 ,3.72116 
429,8.58 ,0.0158879 ,3.71929 
430,8.6 ,0.0157708 ,3.70555 
431,8.62 ,0.015653 ,3.70361 
432,8.64 ,0.0155345 ,3.69811 
433,8.66 ,0.0154154 ,3.69609 
434,8.68 ,0.0152957 ,3.70405 
435,8.7 ,0.0151753 ,3.70197 
436,8.72 ,0.0150542 ,3.68778 
437,8.74 ,0.0149327 ,3.68563 
438,8.76 ,0.0148106 ,3.67968 
439,8.78 ,0.014688 ,3.67746 
440,8.8 ,0.014565 ,3.68496 
441,8.82 ,0.0144415 ,3.68268 
442,8.84 ,0.0143176 ,3.66804 
443,8.86 ,0.0141933 ,3.66569 
444,8.88 ,0.0140686 ,3.65927 
445,8.9 ,0.0139437 ,3.65686 
446,8.92 ,0.0138184 ,3.66389 
447,8.94 ,0.0136929 ,3.66142 
448,8.96 ,0.0135671 ,3.64629 
449,8.98 ,0.0134411 ,3.64376 
450,9 ,0.0133149 ,3.63685 
451,9.02 ,0.0131885 ,3.63426 
452,9.04 ,0.0130621 ,3.6408 
453,9.06 ,0.0129355 ,3.63815 
454,9.08 ,0.0128088 ,3.62252 
455,9.1 ,0.012682 ,3.61982 
456,9.12 ,0.0125552 ,3.61241 
457,9.14 ,0.0124285 ,3.60964 
458,9.16 ,0.0123017 ,3.61567 
459,9.18 ,0.012175 ,3.61285 
460,9.2 ,0.0120484 ,3.59671 
461,9.22 ,0.0119218 ,3.59384 
462,9.24 ,0.0117954 ,3.58591 
463,9.26 ,0.0116692 ,3.58298 
464,9.28 ,0.0115431 ,3.58848 
465,9.3 ,0.0114172 ,3.5855 
466,9.32 ,0.0112915 ,3.56882 
467,9.34 ,0.011166 ,3.5658 
468,9.36 ,0.0110408 ,3.55732 
469,9.38 ,0.0109159 ,3.55425 
470,9.4 ,0.0107913 ,3.55919 
471,9.42 ,0.0106671 ,3.55607 
472,9.44 ,0.0105431 ,3.53884 
473,9.46 ,0.0104195 ,3.53567 
474,9.48 ,0.0102964 ,3.52663 
475,9.5 ,0.0101736 ,3.52341 
476,9.52 ,0.0100514 ,3.52779 
477,9.54 ,0.00992949 ,3.52453 
478,9.56 ,0.00980807 ,3.50673 
479,9.58 ,0.00968715 ,3.50342 
480,9.6 ,0.00956674 ,3.49381 
481,9.62 ,0.00944689 ,3.49046 
482,9.64 ,0.00932758 ,3.49426 
483,9.66 ,0.00920882 ,3.49087 
484,9.68 ,0.0090906 ,3.47248 
485,9.7 ,0.008973 ,3.46905 
486,9.72 ,0.00885601 ,3.45885 
487,9.74 ,0.00873967 ,3.45537 
488,9.76 ,0.00862397 ,3.45858 
489,9.78 ,0.00850892 ,3.45506 
490,9.8 ,0.00839452 ,3.43608 
491,9.82 ,0.00828081 ,3.43253 
492,9.84 ,0.00816781 ,3.42173 
493,9.86 ,0.00805554 ,3.41813 
494,9.88 ,0.00794401 ,3.42074 
495,9.9 ,0.0078332 ,3.41711 
496,9.92 ,0.00772312 ,3.39753 
497,9.94 ,0.00761381 ,3.39386 
498,9.96 ,0.00750529 ,3.38246 
499,9.98 ,0.00739757 ,3.37875 
500,10 ,0.00729065 ,3.38076 
501,10.02 ,0.00718453 ,3.37702 
502,10.04 ,0.0070792 ,3.35683 
503,10.06 ,0.00697472 ,3.35305 
504,10.08 ,0.00687107 ,3.34104 
505,10.1 ,0.00676829 ,3.33723 
506,10.12 ,0.00666637 ,3.33863 
507,10.14 ,0.00656529 ,3.33479 
508,10.16 ,0.00646507 ,3.31399 
509,10.18 ,0.00636573 ,3.31012 
510,10.2 ,0.00626729 ,3.2975 
511,10.22 ,0.00616975 ,3.2936 
512,10.24 ,0.00607311 ,3.29439 
513,10.26 ,0.00597736 ,3.29045 
514,10.28 ,0.00588251 ,3.26905 
515,10.3 ,0.00578857 ,3.26508 
516,10.32 ,0.00569556 ,3.25186 
517,10.34 ,0.00560349 ,3.24787 
518,10.36 ,0.00551234 ,3.24806 
519,10.38 ,0.00542212 ,3.24404 
520,10.4 ,0.00533282 ,3.22204 
521,10.42 ,0.00524446 ,3.21799 
522,10.44 ,0.00515704 ,3.20417 
523,10.46 ,0.00507058 ,3.2001 
524,10.48 ,0.00498506 ,3.19969 
525,10.5 ,0.00490049 ,3.19559 
526,10.52 ,0.00481684 ,3.17301 
527,10.54 ,0.00473415 ,3.16888 
528,10.56 ,0.00465241 ,3.15448 
529,10.58 ,0.00457164 ,3.15033 
530,10.6 ,0.00449181 ,3.14935 
531,10.62 ,0.00441293 ,3.14517 
532,10.64 ,0.00433498 ,3.12202 
533,10.66 ,0.00425799 ,3.11781 
534,10.68 ,0.00418195 ,3.10286 
535,10.7 ,0.00410686 ,3.09863 
536,10.72 ,0.00403272 ,3.0971 
537,10.74 ,0.00395952 ,3.09285 
538,10.76 ,0.00388725 ,3.06915 
539,10.78 ,0.00381592 ,3.06487 
540,10.8 ,0.00374552 ,3.04938 
541,10.82 ,0.00367607 ,3.04508 
542,10.84 ,0.00360755 ,3.04302 
543,10.86 ,0.00353995 ,3.0387 
544,10.88 ,0.00347327 ,3.01447 
545,10.9 ,0.0034075 ,3.01013 
546,10.92 ,0.00334266 ,2.99412 
547,10.94 ,0.00327873 ,2.98976 
548,10.96 ,0.00321571 ,2.98719 
549,10.98 ,0.00315359 ,2.98281 
550,11 ,0.00309235 ,2.95809 
551,11.02 ,0.00303202 ,2.95368 
552,11.04 ,0.00297257 ,2.93719 
553,11.06 ,0.00291401 ,2.93276 
554,11.08 ,0.00285632 ,2.92973 
555,11.1 ,0.00279951 ,2.92528 
556,11.12 ,0.00274355 ,2.9001 
557,11.14 ,0.00268845 ,2.89563 
558,11.16 ,0.00263421 ,2.87869 
559,11.18 ,0.00258081 ,2.8742 
560,11.2 ,0.00252827 ,2.87072 
561,11.22 ,0.00247654 ,2.86621 
562,11.24 ,0.00242564 ,2.84061 
563,11.26 ,0.00237556 ,2.83608 
564,11.28 ,0.0023263 ,2.81872 
565,11.3 ,0.00227785 ,2.81417 
566,11.32 ,0.0022302 ,2.81029 
567,11.34 ,0.00218333 ,2.80572 
568,11.36 ,0.00213725 ,2.77972 
569,11.38 ,0.00209194 ,2.77514 
570,11.4 ,0.00204741 ,2.7574 
571,11.42 ,0.00200364 ,2.75279 
572,11.44 ,0.00196062 ,2.74854 
573,11.46 ,0.00191836 ,2.74392 
574,11.48 ,0.00187682 ,2.71756 
575,11.5 ,0.00183602 ,2.71292 
576,11.52 ,0.00179594 ,2.69483 
577,11.54 ,0.00175658 ,2.69017 
578,11.56 ,0.00171793 ,2.68559 
579,11.58 ,0.00167997 ,2.68091 
580,11.6 ,0.00164271 ,2.65423 
581,11.62 ,0.00160612 ,2.64954 
582,11.64 ,0.00157022 ,2.63115 
583,11.66 ,0.00153498 ,2.62644 
584,11.68 ,0.00150041 ,2.62162 
585,11.7 ,0.00146648 ,2.61698 
586,11.72 ,0.00143319 ,2.59015 
587,11.74 ,0.00140054 ,2.58557 
588,11.76 ,0.00136851 ,2.56712 
589,11.78 ,0.0013371 ,2.56259 
590,11.8 ,0.00130631 ,2.55775 
591,11.82 ,0.00127611 ,2.55328 
592,11.84 ,0.00124651 ,2.52644 
593,11.86 ,0.00121748 ,2.52203 
594,11.88 ,0.00118904 ,2.50358 
595,11.9 ,0.00116117 ,2.49923 
596,11.92 ,0.00113385 ,2.49439 
597,11.94 ,0.00110709 ,2.49009 
598,11.96 ,0.00108087 ,2.46327 
599,11.98 ,0.00105518 ,2.45903 
600,12 ,0.00103002 ,2.4406 
601,12.02 ,0.00100538 ,2.43642 
602,12.04 ,0.000981257 ,2.43161 
603,12.06 ,0.000957632 ,2.42748 
604,12.08 ,0.000934498 ,2.4007 
605,12.1 ,0.000911852 ,2.39663 
606,12.12 ,0.000889686 ,2.37826 
607,12.14 ,0.000867993 ,2.37424 
608,12.16 ,0.000846763 ,2.36949 
609,12.18 ,0.000825988 ,2.36553 
610,12.2 ,0.000805658 ,2.33882 
611,12.22 ,0.000785769 ,2.33491 
612,12.24 ,0.000766313 ,2.31661 
613,12.26 ,0.000747284 ,2.31275 
614,12.28 ,0.000728673 ,2.3081 
615,12.3 ,0.000710472 ,2.30429 
616,12.32 ,0.000692671 ,2.27768 
617,12.34 ,0.000675267 ,2.27392 
618,12.36 ,0.000658252 ,2.25574 
619,12.38 ,0.000641621 ,2.25203 
620,12.4 ,0.000625364 ,2.24749 
621,12.42 ,0.000609474 ,2.24383 
622,12.44 ,0.000593943 ,2.21735 
623,12.46 ,0.000578767 ,2.21374 
624,12.48 ,0.000563939 ,2.19568 
625,12.5 ,0.000549453 ,2.19212 
626,12.52 ,0.000535302 ,2.18772 
627,12.54 ,0.000521477 ,2.18421 
628,12.56 ,0.000507973 ,2.15787 
629,12.58 ,0.000494784 ,2.1544 
630,12.6 ,0.000481905 ,2.1365 
631,12.62 ,0.00046933 ,2.13308 
632,12.64 ,0.000457052 ,2.12885 
633,12.66 ,0.000445064 ,2.12547 
634,12.68 ,0.00043336 ,2.0993 
635,12.7 ,0.000421936 ,2.09597 
636,12.72 ,0.000410785 ,2.07825 
637,12.74 ,0.000399904 ,2.07496 
638,12.76 ,0.000389285 ,2.07091 
639,12.78 ,0.000378923 ,2.06766 
640,12.8 ,0.000368811 ,2.04168 
641,12.82 ,0.000358946 ,2.03849 
642,12.84 ,0.000349323 ,2.02095 
643,12.86 ,0.000339936 ,2.0178 
644,12.88 ,0.00033078 ,2.01394 
645,12.9 ,0.000321851 ,2.01083 
646,12.92 ,0.000313141 ,1.98504 
647,12.94 ,0.000304648 ,1.98198 
648,12.96 ,0.000296367 ,1.96465 
649,12.98 ,0.000288294 ,1.96162 
650,13 ,0.000280423 ,1.95797 
651,13.02 ,0.00027275 ,1.95499 
652,13.04 ,0.00026527 ,1.92942 
653,13.06 ,0.00025798 ,1.92648 
654,13.08 ,0.000250874 ,1.90937 
655,13.1 ,0.000243951 ,1.90646 
656,13.12 ,0.000237204 ,1.90304 
657,13.14 ,0.000230629 ,1.90017 
658,13.16 ,0.000224223 ,1.87483 
659,13.18 ,0.000217982 ,1.87201 
660,13.2 ,0.000211903 ,1.85513 
661,13.22 ,0.000205981 ,1.85234 
662,13.24 ,0.000200214 ,1.84915 
663,13.26 ,0.000194596 ,1.8464 
664,13.28 ,0.000189124 ,1.8213 
665,13.3 ,0.000183796 ,1.81858 
666,13.32 ,0.000178608 ,1.80194 
667,13.34 ,0.000173557 ,1.79927 
668,13.36 ,0.00016864 ,1.79632 
669,13.38 ,0.000163852 ,1.79368 
670,13.4 ,0.000159191 ,1.76882 
671,13.42 ,0.000154654 ,1.76622 
672,13.44 ,0.000150238 ,1.74982 
673,13.46 ,0.00014594 ,1.74726 
674,13.48 ,0.000141758 ,1.74455 
675,13.5 ,0.000137688 ,1.74202 
676,13.52 ,0.000133727 ,1.71741 
677,13.54 ,0.000129874 ,1.71491 
678,13.56 ,0.000126124 ,1.69877 
679,13.58 ,0.000122477 ,1.6963 
680,13.6 ,0.000118929 ,1.69385 
681,13.62 ,0.000115477 ,1.69142 
682,13.64 ,0.00011212 ,1.66706 
683,13.66 ,0.000108854 ,1.66466 
684,13.68 ,0.000105678 ,1.64877 
685,13.7 ,0.00010259 ,1.6464 
686,13.72 ,9.95868e-05 ,1.64421 
687,13.74 ,9.66666e-05 ,1.64187 
688,13.76 ,9.38269e-05 ,1.61777 
689,13.78 ,9.10661e-05 ,1.61546 
690,13.8 ,8.83822e-05 ,1.59982 
691,13.82 ,8.57733e-05 ,1.59755 
692,13.84 ,8.32373e-05 ,1.5956 
693,13.86 ,8.07722e-05 ,1.59336 
694,13.88 ,7.83759e-05 ,1.56951 
695,13.9 ,7.60471e-05 ,1.56729 
696,13.92 ,7.3784e-05 ,1.55191 
697,13.94 ,7.15849e-05 ,1.54972 
698,13.96 ,6.9448e-05 ,1.54803 
699,13.98 ,6.73716e-05 ,1.54587 
700,14 ,6.53539e-05 ,1.52227 
701,14.02 ,6.33937e-05 ,1.52014 
702,14.04 ,6.14894e-05 ,1.505 
703,14.06 ,5.96397e-05 ,1.5029 
704,14.08 ,5.78429e-05 ,1.50145 
705,14.1 ,5.60976e-05 ,1.49938 
706,14.12 ,5.44022e-05 ,1.47602 
707,14.14 ,5.27556e-05 ,1.47398 
708,14.16 ,5.11566e-05 ,1.45908 
709,14.18 ,4.96039e-05 ,1.45706 
710,14.2 ,4.80962e-05 ,1.45585 
711,14.22 ,4.66321e-05 ,1.45386 
712,14.24 ,4.52104e-05 ,1.43074 
713,14.26 ,4.38301e-05 ,1.42877 
714,14.28 ,4.24901e-05 ,1.41411 
715,14.3 ,4.11893e-05 ,1.41217 
716,14.32 ,3.99266e-05 ,1.41119 
717,14.34 ,3.87008e-05 ,1.40928 
718,14.36 ,3.75109e-05 ,1.38639 
719,14.38 ,3.63561e-05 ,1.3845 
720,14.4 ,3.52352e-05 ,1.37006 
721,14.42 ,3.41476e-05 ,1.3682 
722,14.44 ,3.30921e-05 ,1.36744 
723,14.46 ,3.20678e-05 ,1.3656 
724,14.48 ,3.10738e-05 ,1.34293 
725,14.5 ,3.01093e-05 ,1.34112 
726,14.52 ,2.91736e-05 ,1.3269 
727,14.54 ,2.82658e-05 ,1.3251 
728,14.56 ,2.73851e-05 ,1.32457 
729,14.58 ,2.65308e-05 ,1.3228 
730,14.6 ,2.57019e-05 ,1.30034 
731,14.62 ,2.48979e-05 ,1.29859 
732,14.64 ,2.41181e-05 ,1.28458 
733,14.66 ,2.33618e-05 ,1.28285 
734,14.68 ,2.26283e-05 ,1.28252 
735,14.7 ,2.19169e-05 ,1.28082 
736,14.72 ,2.1227e-05 ,1.25856 
737,14.74 ,2.05579e-05 ,1.25688 
738,14.76 ,1.99092e-05 ,1.24306 
739,14.78 ,1.92802e-05 ,1.2414 
740,14.8 ,1.86703e-05 ,1.24126 
741,14.82 ,1.8079e-05 ,1.23962 
742,14.84 ,1.75057e-05 ,1.21755 
743,14.86 ,1.69499e-05 ,1.21594 
744,14.88 ,1.64111e-05 ,1.20231 
745,14.9 ,1.58888e-05 ,1.20071 
746,14.92 ,1.53826e-05 ,1.20075 
747,14.94 ,1.48919e-05 ,1.19918 
748,14.96 ,1.44163e-05 ,1.17729 
749,14.98 ,1.39553e-05 ,1.17573 
750,15 ,1.35086e-05 ,1.16228 
751,15.02 ,1.30756e-05 ,1.16074 
752,15.04 ,1.26561e-05 ,1.16095 
753,15.06 ,1.22496e-05 ,1.15943 
754,15.08 ,1.18556e-05 ,1.13771 
755,15.1 ,1.14739e-05 ,1.13621 
756,15.12 ,1.11041e-05 ,1.12292 
757,15.14 ,1.07458e-05 ,1.12144 
758,15.16 ,1.03987e-05 ,1.12181 
759,15.18 ,1.00624e-05 ,1.12035 
760,15.2 ,9.73656e-06 ,1.09878 
761,15.22 ,9.42096e-06 ,1.09733 
762,15.24 ,9.11526e-06 ,1.08419 
763,15.26 ,8.81918e-06 ,1.08277 
764,15.28 ,8.53242e-06 ,1.08329 
765,15.3 ,8.25466e-06 ,1.08188 
766,15.32 ,7.98563e-06 ,1.06045 
767,15.34 ,7.7251e-06 ,1.05906 
768,15.36 ,7.4728e-06 ,1.04606 
769,15.38 ,7.22849e-06 ,1.04469 
770,15.4 ,6.99193e-06 ,1.04534 
771,15.42 ,6.76286e-06 ,1.04399 
772,15.44 ,6.54104e-06 ,1.02269 
773,15.46 ,6.32628e-06 ,1.02136 
774,15.48 ,6.11836e-06 ,1.00848 
775,15.5 ,5.91707e-06 ,1.00717 
776,15.52 ,5.72221e-06 ,1.00794 
777,15.54 ,5.53357e-06 ,1.00664 
778,15.56 ,5.35093e-06 ,0.985462 
779,15.58 ,5.17416e-06 ,0.984178 
780,15.6 ,5.00305e-06 ,0.97142 
781,15.62 ,4.83744e-06 ,0.970152 
782,15.64 ,4.67716e-06 ,0.971039 
783,15.66 ,4.52203e-06 ,0.969789 
784,15.68 ,4.37187e-06 ,0.94872 
785,15.7 ,4.22656e-06 ,0.947486 
786,15.72 ,4.08595e-06 ,0.934834 
787,15.74 ,3.94989e-06 ,0.933616 
788,15.76 ,3.81823e-06 ,0.934605 
789,15.78 ,3.69083e-06 ,0.933404 
790,15.8 ,3.56755e-06 ,0.912434 
791,15.82 ,3.44827e-06 ,0.911249 
792,15.84 ,3.33287e-06 ,0.898692 
793,15.86 ,3.22124e-06 ,0.897524 
794,15.88 ,3.11324e-06 ,0.898605 
795,15.9 ,3.00876e-06 ,0.897453 
796,15.92 ,2.90767e-06 ,0.876572 
797,15.94 ,2.8099e-06 ,0.875436 
798,15.96 ,2.71532e-06 ,0.862966 
799,15.98 ,2.62385e-06 ,0.861845 
800,16 ,2.53537e-06 ,0.863011 
801,16.02 ,2.4498e-06 ,0.861906 
802,16.04 ,2.36703e-06 ,0.841107 
803,16.06 ,2.28698e-06 ,0.840018 
804,16.08 ,2.20957e-06 ,0.827626 
805,16.1 ,2.13472e-06 ,0.826553 
806,16.12 ,2.06233e-06 ,0.827795 
807,16.14 ,1.99234e-06 ,0.826737 
808,16.16 ,1.92465e-06 ,0.806011 
809,16.18 ,1.8592e-06 ,0.804969 
810,16.2 ,1.79592e-06 ,0.792649 
811,16.22 ,1.73475e-06 ,0.791622 
812,16.24 ,1.6756e-06 ,0.792934 
813,16.26 ,1.61842e-06 ,0.791923 
814,16.28 ,1.56314e-06 ,0.771264 
815,16.3 ,1.50969e-06 ,0.770269 
816,16.32 ,1.45803e-06 ,0.758014 
817,16.34 ,1.4081e-06 ,0.757034 
818,16.36 ,1.35983e-06 ,0.758409 
819,16.38 ,1.31318e-06 ,0.757444 
820,16.4 ,1.26808e-06 ,0.736847 
821,16.42 ,1.2245e-06 ,0.735898 
822,16.44 ,1.18237e-06 ,0.723704 
823,16.46 ,1.14167e-06 ,0.722769 
824,16.48 ,1.10233e-06 ,0.724203 
825,16.5 ,1.06431e-06 ,0.723284 
826,16.52 ,1.02757e-06 ,0.702745 
827,16.54 ,9.92066e-07 ,0.701841 
828,16.56 ,9.57761e-07 ,0.689704 
829,16.58 ,9.24616e-07 ,0.688814 
830,16.6 ,8.92592e-07 ,0.690304 
831,16.62 ,8.61649e-07 ,0.68943 
832,16.64 ,8.31751e-07 ,0.668946 
833,16.66 ,8.02867e-07 ,0.668088 
834,16.68 ,7.74963e-07 ,0.656004 
835,16.7 ,7.48008e-07 ,0.65516 
836,16.72 ,7.2197e-07 ,0.656703 
837,16.74 ,6.96815e-07 ,0.655874 
838,16.76 ,6.72515e-07 ,0.635443 
839,16.78 ,6.49044e-07 ,0.634629 
840,16.8 ,6.26373e-07 ,0.622598 
841,16.82 ,6.04478e-07 ,0.621799 
842,16.84 ,5.83332e-07 ,0.623393 
843,16.86 ,5.62907e-07 ,0.622609 
844,16.88 ,5.4318e-07 ,0.60223 
845,16.9 ,5.2413e-07 ,0.601461 
846,16.92 ,5.05733e-07 ,0.589481 
847,16.94 ,4.87969e-07 ,0.588727 
848,16.96 ,4.70815e-07 ,0.590373 
849,16.98 ,4.5425e-07 ,0.589634 
850,17 ,4.38254e-07 ,0.569307 
851,17.02 ,4.2281e-07 ,0.568583 
852,17.04 ,4.07898e-07 ,0.556655 
853,17.06 ,3.93502e-07 ,0.555946 
854,17.08 ,3.79603e-07 ,0.557645 
855,17.1 ,3.66184e-07 ,0.55695 
856,17.12 ,3.53228e-07 ,0.536676 
857,17.14 ,3.40722e-07 ,0.535996 
858,17.16 ,3.28649e-07 ,0.524122 
859,17.18 ,3.16995e-07 ,0.523457 
860,17.2 ,3.05747e-07 ,0.525211 
861,17.22 ,2.94888e-07 ,0.524561 
862,17.24 ,2.84407e-07 ,0.504342 
863,17.26 ,2.7429e-07 ,0.503707 
864,17.28 ,2.64527e-07 ,0.49189 
865,17.3 ,2.55104e-07 ,0.491268 
866,17.32 ,2.4601e-07 ,0.49308 
867,17.34 ,2.37234e-07 ,0.492474 
868,17.36 ,2.28763e-07 ,0.472314 
869,17.38 ,2.2059e-07 ,0.471723 
870,17.4 ,2.12702e-07 ,0.459966 
871,17.42 ,2.05092e-07 ,0.459389 
872,17.44 ,1.97749e-07 ,0.461262 
873,17.46 ,1.90663e-07 ,0.460699 
874,17.48 ,1.83825e-07 ,0.440603 
875,17.5 ,1.77228e-07 ,0.440055 
876,17.52 ,1.70864e-07 ,0.428363 
877,17.54 ,1.64724e-07 ,0.427829 
878,17.56 ,1.588e-07 ,0.429769 
879,17.58 ,1.53085e-07 ,0.42925 
880,17.6 ,1.47572e-07 ,0.409222 
881,17.62 ,1.42254e-07 ,0.408718 
882,17.64 ,1.37123e-07 ,0.397096 
883,17.66 ,1.32175e-07 ,0.396606 
884,17.68 ,1.27402e-07 ,0.398618 
885,17.7 ,1.22798e-07 ,0.398142 
886,17.72 ,1.18357e-07 ,0.378188 
887,17.74 ,1.14074e-07 ,0.377726 
888,17.76 ,1.09944e-07 ,0.366181 
889,17.78 ,1.0596e-07 ,0.365734 
890,17.8 ,1.02118e-07 ,0.367824 
891,17.82 ,9.84135e-08 ,0.367391 
892,17.84 ,9.48404e-08 ,0.347518 
893,17.86 ,9.13949e-08 ,0.347099 
894,17.88 ,8.80725e-08 ,0.335637 
895,17.9 ,8.48691e-08 ,0.335232 
896,17.92 ,8.17803e-08 ,0.337408 
897,17.94 ,7.88021e-08 ,0.337017 
898,17.96 ,7.59302e-08 ,0.317232 
899,17.98 ,7.31615e-08 ,0.316855 
900,18 ,7.04922e-08 ,0.305484 
901,18.02 ,6.7919e-08 ,0.30512 
902,18.04 ,6.54383e-08 ,0.307389 
903,18.06 ,6.30468e-08 ,0.30704 
904,18.08 ,6.07412e-08 ,0.287351 
905,18.1 ,5.85188e-08 ,0.287015 
906,18.12 ,5.63766e-08 ,0.275742 
907,18.14 ,5.43119e-08 ,0.275419 
908,18.16 ,5.23218e-08 ,0.277789 
909,18.18 ,5.04036e-08 ,0.277481 
910,18.2 ,4.85547e-08 ,0.257894 
911,18.22 ,4.67728e-08 ,0.2576 
912,18.24 ,4.50556e-08 ,0.246432 
913,18.26 ,4.34009e-08 ,0.24615 
914,18.28 ,4.18062e-08 ,0.248628 
915,18.3 ,4.02695e-08 ,0.248359 
916,18.32 ,3.87886e-08 ,0.228884 
917,18.34 ,3.73617e-08 ,0.228629 
918,18.36 ,3.59868e-08 ,0.217574 
919,18.38 ,3.46623e-08 ,0.217332 
920,18.4 ,3.33861e-08 ,0.219925 
921,18.42 ,3.21566e-08 ,0.219695 
922,18.44 ,3.0972e-08 ,0.200338 
923,18.46 ,2.98308e-08 ,0.200121 
924,18.48 ,2.87315e-08 ,0.189186 
925,18.5 ,2.76727e-08 ,0.188982 
926,18.52 ,2.66529e-08 ,0.191697 
927,18.54 ,2.56705e-08 ,0.191505 
928,18.56 ,2.47243e-08 ,0.172271 
929,18.58 ,2.38131e-08 ,0.172091 
930,18.6 ,2.29355e-08 ,0.161281 
931,18.62 ,2.20905e-08 ,0.161113 
932,18.64 ,2.12768e-08 ,0.163955 
933,18.66 ,2.04933e-08 ,0.163798 
934,18.68 ,1.97389e-08 ,0.144692 
935,18.7 ,1.90125e-08 ,0.144546 
936,18.72 ,1.83133e-08 ,0.133866 
937,18.74 ,1.76402e-08 ,0.13373 
938,18.76 ,1.69924e-08 ,0.136702 
939,18.78 ,1.63688e-08 ,0.136577 
940,18.8 ,1.57685e-08 ,0.1176 
941,18.82 ,1.51909e-08 ,0.117485 
942,18.84 ,1.46351e-08 ,0.106933 
943,18.86 ,1.41004e-08 ,0.106827 
944,18.88 ,1.35859e-08 ,0.109926 
945,18.9 ,1.3091e-08 ,0.109829 
946,18.92 ,1.26149e-08 ,0.0909766 
947,18.94 ,1.2157e-08 ,0.0908884 
948,18.96 ,1.17167e-08 ,0.0804579 
949,18.98 ,1.12933e-08 ,0.0803767 
950,19 ,1.08863e-08 ,0.083593 
951,19.02 ,1.0495e-08 ,0.0835184 
952,19.04 ,1.01189e-08 ,0.064779 
953,19.06 ,9.7575e-09 ,0.0647101 
954,19.08 ,9.41029e-09 ,0.0543863 
955,19.1 ,9.07679e-09 ,0.0543214 
956,19.12 ,8.7565e-09 ,0.0576363 
957,19.14 ,8.44895e-09 ,0.0575746 
958,19.16 ,8.15368e-09 ,0.038924 
959,19.18 ,7.87033e-09 ,0.038864 
960,19.2 ,7.59848e-09 ,0.0286172 
961,19.22 ,7.33775e-09 ,0.0285566 
962,19.24 ,7.08776e-09 ,0.0319342 
963,19.26 ,6.84813e-09 ,0.0318715 
964,19.28 ,6.6185e-09 ,0.0132665 
965,19.3 ,6.39859e-09 ,0.0131994 
966,19.32 ,6.18807e-09 ,0.0029776 
967,19.34 ,5.98664e-09 ,0.00290295 
968,19.36 ,5.79402e-09 ,0.00628138 
969,19.38 ,5.60989e-09 ,0.0061966 
970,19.4 ,5.43399e-09 ,-0.0124363 
971,19.42 ,5.2661e-09 ,-0.0125347 
972,19.44 ,5.10595e-09 ,-0.0228183 
973,19.46 ,4.95333e-09 ,-0.0229348 
974,19.48 ,4.80802e-09 ,-0.019658 
975,19.5 ,4.66977e-09 ,-0.0197967 
976,19.52 ,4.53839e-09 ,-0.0385781 
977,19.54 ,4.41371e-09 ,-0.0387442 
978,19.56 ,4.29554e-09 ,-0.049231 
979,19.58 ,4.18371e-09 ,-0.049431 
980,19.6 ,4.07805e-09 ,-0.0464214 
981,19.62 ,3.9784e-09 ,-0.0466614 
982,19.64 ,3.8846e-09 ,-0.0657847 
983,19.66 ,3.79654e-09 ,-0.0660721 
984,19.68 ,3.71407e-09 ,-0.0769879 
985,19.7 ,3.63709e-09 ,-0.0773315 
986,19.72 ,3.56548e-09 ,-0.074852 
987,19.74 ,3.49911e-09 ,-0.0752605 
988,19.76 ,3.43789e-09 ,-0.0950314 
989,19.78 ,3.38174e-09 ,-0.0955147 
990,19.8 ,3.33057e-09 ,-0.107214 
991,19.82 ,3.28431e-09 ,-0.107784 
992,19.84 ,3.24288e-09 ,-0.106245 
993,19.86 ,3.20623e-09 ,-0.106912 
994,19.88 ,3.17428e-09 ,-0.127806 
995,19.9 ,3.147e-09 ,-0.128582 
996,19.92 ,3.12435e-09 ,-0.141616 
997,19.94 ,3.10629e-09 ,-0.142515 
998,19.96 ,3.09281e-09 ,-0.142553 
999,19.98 ,3.08385e-09 ,-0.143587 
1000,20 ,3.07942e-09 ,-0.166339 