prova
1,0.025 ,7.515e-08 ,-19198.8 
2,0.05 ,7.515e-08 ,-4798.79 
3,0.075 ,7.515e-08 ,-2132.12 
4,0.1 ,2.37441e-07 ,-1198.79 
5,0.125 ,5.79471e-07 ,-766.79 
6,0.15 ,1.20104e-06 ,-532.124 
7,0.175 ,2.22385e-06 ,-390.627 
8,0.2 ,3.7914e-06 ,-298.791 
9,0.225 ,6.06876e-06 ,-235.828 
10,0.25 ,9.24236e-06 ,-190.791 
11,0.275 ,1.35198e-05 ,-157.469 
12,0.3 ,1.91296e-05 ,-132.125 
13,0.325 ,2.63207e-05 ,-112.401 
14,0.35 ,3.53625e-05 ,-96.7513 
15,0.375 ,4.65443e-05 ,-84.1257 
16,0.4 ,6.0175e-05 ,-73.7927 
17,0.425 ,7.65825e-05 ,-65.229 
18,0.45 ,9.61137e-05 ,-58.0527 
19,0.475 ,0.000119134 ,-51.9794 
20,0.5 ,0.000146025 ,-46.7942 
21,0.525 ,0.000177189 ,-42.332 
22,0.55 ,0.000213042 ,-38.4645 
23,0.575 ,0.000254018 ,-35.0904 
24,0.6 ,0.000300567 ,-32.1293 
25,0.625 ,0.000353152 ,-29.5165 
26,0.65 ,0.000412253 ,-27.1994 
27,0.675 ,0.000478364 ,-25.135 
28,0.7 ,0.00055199 ,-23.2879 
29,0.725 ,0.000633652 ,-21.6287 
30,0.75 ,0.00072388 ,-20.1327 
31,0.775 ,0.000823217 ,-18.7791 
32,0.8 ,0.000932218 ,-17.5506 
33,0.825 ,0.00105144 ,-16.4321 
34,0.85 ,0.00118147 ,-15.411 
35,0.875 ,0.00132288 ,-14.4761 
36,0.9 ,0.00147625 ,-13.6182 
37,0.925 ,0.00164219 ,-12.829 
38,0.95 ,0.0018213 ,-12.1013 
39,0.975 ,0.00201419 ,-11.429 
40,1 ,0.00222146 ,-10.8065 
41,1.025 ,0.00244374 ,-10.2291 
42,1.05 ,0.00268164 ,-9.69257 
43,1.075 ,0.00293578 ,-9.19309 
44,1.1 ,0.0032068 ,-8.72735 
45,1.125 ,0.0034953 ,-8.29239 
46,1.15 ,0.00380192 ,-7.88557 
47,1.175 ,0.00412728 ,-7.50452 
48,1.2 ,0.00447199 ,-7.14711 
49,1.225 ,0.00483669 ,-6.81145 
50,1.25 ,0.00522197 ,-6.4958 
51,1.275 ,0.00562845 ,-6.19861 
52,1.3 ,0.00605674 ,-5.91849 
53,1.325 ,0.00650743 ,-5.65415 
54,1.35 ,0.00698111 ,-5.40444 
55,1.375 ,0.00747838 ,-5.16831 
56,1.4 ,0.0079998 ,-4.9448 
57,1.425 ,0.00854594 ,-4.73302 
58,1.45 ,0.00911737 ,-4.53218 
59,1.475 ,0.00971462 ,-4.34155 
60,1.5 ,0.0103382 ,-4.16046 
61,1.525 ,0.0109887 ,-3.98827 
62,1.55 ,0.0116666 ,-3.82443 
63,1.575 ,0.0123724 ,-3.66841 
64,1.6 ,0.0131065 ,-3.51973 
65,1.625 ,0.0138694 ,-3.37794 
66,1.65 ,0.0146617 ,-3.24262 
67,1.675 ,0.0154836 ,-3.1134 
68,1.7 ,0.0163357 ,-2.98992 
69,1.725 ,0.0172183 ,-2.87184 
70,1.75 ,0.0181318 ,-2.75888 
71,1.775 ,0.0190766 ,-2.65073 
72,1.8 ,0.020053 ,-2.54714 
73,1.825 ,0.0210613 ,-2.44785 
74,1.85 ,0.0221018 ,-2.35265 
75,1.875 ,0.0231748 ,-2.26131 
76,1.9 ,0.0242806 ,-2.17363 
77,1.925 ,0.0254193 ,-2.08943 
78,1.95 ,0.0265913 ,-2.00852 
79,1.975 ,0.0277966 ,-1.93075 
80,2 ,0.0290354 ,-1.85595 
81,2.025 ,0.030308 ,-1.784 
82,2.05 ,0.0316143 ,-1.71473 
83,2.075 ,0.0329545 ,-1.64804 
84,2.1 ,0.0343287 ,-1.5838 
85,2.125 ,0.0357368 ,-1.52189 
86,2.15 ,0.0371789 ,-1.46221 
87,2.175 ,0.038655 ,-1.40465 
88,2.2 ,0.0401651 ,-1.34913 
89,2.225 ,0.0417089 ,-1.29555 
90,2.25 ,0.0432866 ,-1.24383 
91,2.275 ,0.0448979 ,-1.19388 
92,2.3 ,0.0465427 ,-1.14564 
93,2.325 ,0.0482209 ,-1.09902 
94,2.35 ,0.0499321 ,-1.05397 
95,2.375 ,0.0516763 ,-1.01041 
96,2.4 ,0.0534531 ,-0.968284 
97,2.425 ,0.0552622 ,-0.927537 
98,2.45 ,0.0571033 ,-0.888113 
99,2.475 ,0.0589762 ,-0.849958 
100,2.5 ,0.0608804 ,-0.813023 
101,2.525 ,0.0628155 ,-0.777261 
102,2.55 ,0.0647811 ,-0.742627 
103,2.575 ,0.0667768 ,-0.709078 
104,2.6 ,0.0688021 ,-0.676573 
105,2.625 ,0.0708564 ,-0.645074 
106,2.65 ,0.0729394 ,-0.614543 
107,2.675 ,0.0750503 ,-0.584946 
108,2.7 ,0.0771887 ,-0.556248 
109,2.725 ,0.0793539 ,-0.528417 
110,2.75 ,0.0815454 ,-0.501423 
111,2.775 ,0.0837623 ,-0.475237 
112,2.8 ,0.0860042 ,-0.449831 
113,2.825 ,0.0882702 ,-0.425177 
114,2.85 ,0.0905597 ,-0.40125 
115,2.875 ,0.0928719 ,-0.378026 
116,2.9 ,0.0952061 ,-0.355482 
117,2.925 ,0.0975613 ,-0.333594 
118,2.95 ,0.099937 ,-0.312342 
119,2.975 ,0.102332 ,-0.291705 
120,3 ,0.104746 ,-0.271663 
121,3.025 ,0.107177 ,-0.252197 
122,3.05 ,0.109626 ,-0.233289 
123,3.075 ,0.11209 ,-0.214921 
124,3.1 ,0.11457 ,-0.197078 
125,3.125 ,0.117064 ,-0.179743 
126,3.15 ,0.11957 ,-0.1629 
127,3.175 ,0.122089 ,-0.146535 
128,3.2 ,0.124619 ,-0.130633 
129,3.225 ,0.12716 ,-0.115181 
130,3.25 ,0.129709 ,-0.100166 
131,3.275 ,0.132267 ,-0.0855746 
132,3.3 ,0.134831 ,-0.0713951 
133,3.325 ,0.137402 ,-0.0576157 
134,3.35 ,0.139978 ,-0.0442251 
135,3.375 ,0.142557 ,-0.0312124 
136,3.4 ,0.145139 ,-0.0185672 
137,3.425 ,0.147723 ,-0.00627935 
138,3.45 ,0.150308 ,0.00566087 
139,3.475 ,0.152892 ,0.0172628 
140,3.5 ,0.155474 ,0.0285356 
141,3.525 ,0.158054 ,0.0394878 
142,3.55 ,0.160629 ,0.050128 
143,3.575 ,0.1632 ,0.0604642 
144,3.6 ,0.165764 ,0.0705043 
145,3.625 ,0.168321 ,0.0802559 
146,3.65 ,0.17087 ,0.0897262 
147,3.675 ,0.173409 ,0.0989225 
148,3.7 ,0.175938 ,0.107851 
149,3.725 ,0.178454 ,0.11652 
150,3.75 ,0.180958 ,0.124933 
151,3.775 ,0.183447 ,0.133099 
152,3.8 ,0.185921 ,0.141022 
153,3.825 ,0.188379 ,0.14871 
154,3.85 ,0.190819 ,0.156166 
155,3.875 ,0.193241 ,0.163397 
156,3.9 ,0.195643 ,0.170407 
157,3.925 ,0.198024 ,0.177203 
158,3.95 ,0.200383 ,0.183788 
159,3.975 ,0.202719 ,0.190168 
160,4 ,0.205031 ,0.196347 
161,4.025 ,0.207318 ,0.202329 
162,4.05 ,0.209579 ,0.20812 
163,4.075 ,0.211812 ,0.213722 
164,4.1 ,0.214017 ,0.219141 
165,4.125 ,0.216193 ,0.22438 
166,4.15 ,0.218338 ,0.229443 
167,4.175 ,0.220453 ,0.234334 
168,4.2 ,0.222535 ,0.239056 
169,4.225 ,0.224583 ,0.243612 
170,4.25 ,0.226598 ,0.248007 
171,4.275 ,0.228577 ,0.252244 
172,4.3 ,0.23052 ,0.256325 
173,4.325 ,0.232427 ,0.260253 
174,4.35 ,0.234295 ,0.264033 
175,4.375 ,0.236125 ,0.267666 
176,4.4 ,0.237915 ,0.271156 
177,4.425 ,0.239665 ,0.274505 
178,4.45 ,0.241374 ,0.277717 
179,4.475 ,0.243041 ,0.280793 
180,4.5 ,0.244666 ,0.283736 
181,4.525 ,0.246247 ,0.286548 
182,4.55 ,0.247784 ,0.289233 
183,4.575 ,0.249276 ,0.291793 
184,4.6 ,0.250723 ,0.294228 
185,4.625 ,0.252123 ,0.296543 
186,4.65 ,0.253477 ,0.298739 
187,4.675 ,0.254783 ,0.300818 
188,4.7 ,0.256042 ,0.302782 
189,4.725 ,0.257252 ,0.304634 
190,4.75 ,0.258413 ,0.306374 
191,4.775 ,0.259525 ,0.308006 
192,4.8 ,0.260587 ,0.30953 
193,4.825 ,0.261598 ,0.310949 
194,4.85 ,0.262559 ,0.312264 
195,4.875 ,0.263468 ,0.313478 
196,4.9 ,0.264326 ,0.314591 
197,4.925 ,0.265131 ,0.315606 
198,4.95 ,0.265885 ,0.316523 
199,4.975 ,0.266585 ,0.317372 
200,5 ,0.267233 ,0.318188 
201,5.025 ,0.267828 ,0.318972 
202,5.05 ,0.268369 ,0.319725 
203,5.075 ,0.268857 ,0.320448 
204,5.1 ,0.269291 ,0.321141 
205,5.125 ,0.269671 ,0.321805 
206,5.15 ,0.269997 ,0.322441 
207,5.175 ,0.270268 ,0.32305 
208,5.2 ,0.270484 ,0.323632 
209,5.225 ,0.270646 ,0.324188 
210,5.25 ,0.270753 ,0.324719 
211,5.275 ,0.270806 ,0.325225 
212,5.3 ,0.270803 ,0.325707 
213,5.325 ,0.270745 ,0.326165 
214,5.35 ,0.270631 ,0.326601 
215,5.375 ,0.270463 ,0.327015 
216,5.4 ,0.270239 ,0.327406 
217,5.425 ,0.26996 ,0.327777 
218,5.45 ,0.269626 ,0.328127 
219,5.475 ,0.269236 ,0.328457 
220,5.5 ,0.268791 ,0.328767 
221,5.525 ,0.268291 ,0.329058 
222,5.55 ,0.267736 ,0.32933 
223,5.575 ,0.267125 ,0.329584 
224,5.6 ,0.26646 ,0.329821 
225,5.625 ,0.26574 ,0.33004 
226,5.65 ,0.264964 ,0.330242 
227,5.675 ,0.264135 ,0.330428 
228,5.7 ,0.26325 ,0.330598 
229,5.725 ,0.262311 ,0.330752 
230,5.75 ,0.261318 ,0.330891 
231,5.775 ,0.260271 ,0.331016 
232,5.8 ,0.25917 ,0.331125 
233,5.825 ,0.258016 ,0.331221 
234,5.85 ,0.256808 ,0.331302 
235,5.875 ,0.255547 ,0.331371 
236,5.9 ,0.254233 ,0.331426 
237,5.925 ,0.252866 ,0.331468 
238,5.95 ,0.251447 ,0.331498 
239,5.975 ,0.249976 ,0.331516 
240,6 ,0.248453 ,0.331522 
241,6.025 ,0.246878 ,0.331516 
242,6.05 ,0.245252 ,0.331499 
243,6.075 ,0.243576 ,0.331471 
244,6.1 ,0.241849 ,0.331432 
245,6.125 ,0.240072 ,0.331383 
246,6.15 ,0.238245 ,0.331323 
247,6.175 ,0.236369 ,0.331254 
248,6.2 ,0.234444 ,0.331175 
249,6.225 ,0.232471 ,0.331086 
250,6.25 ,0.230449 ,0.330988 
251,6.275 ,0.22838 ,0.330881 
252,6.3 ,0.226263 ,0.330766 
253,6.325 ,0.2241 ,0.330641 
254,6.35 ,0.22189 ,0.330509 
255,6.375 ,0.219635 ,0.330368 
256,6.4 ,0.217334 ,0.330219 
257,6.425 ,0.214989 ,0.330063 
258,6.45 ,0.212599 ,0.329899 
259,6.475 ,0.210165 ,0.329728 
260,6.5 ,0.207688 ,0.329549 
261,6.525 ,0.205168 ,0.329364 
262,6.55 ,0.202606 ,0.329171 
263,6.575 ,0.200002 ,0.328972 
264,6.6 ,0.197357 ,0.328767 
265,6.625 ,0.194671 ,0.328555 
266,6.65 ,0.191946 ,0.328337 
267,6.675 ,0.189181 ,0.328113 
268,6.7 ,0.186377 ,0.327883 
269,6.725 ,0.183535 ,0.327647 
270,6.75 ,0.180656 ,0.327406 
271,6.775 ,0.17774 ,0.32716 
272,6.8 ,0.174787 ,0.326908 
273,6.825 ,0.171798 ,0.326651 
274,6.85 ,0.168775 ,0.326389 
275,6.875 ,0.165717 ,0.326122 
276,6.9 ,0.162625 ,0.32585 
277,6.925 ,0.1595 ,0.325574 
278,6.95 ,0.156343 ,0.325293 
279,6.975 ,0.153154 ,0.325008 
280,7 ,0.149934 ,0.324719 
281,7.025 ,0.146683 ,0.324425 
282,7.05 ,0.143403 ,0.324128 
283,7.075 ,0.140093 ,0.323826 
284,7.1 ,0.136756 ,0.32352 
285,7.125 ,0.13339 ,0.323211 
286,7.15 ,0.129998 ,0.322898 
287,7.175 ,0.126579 ,0.322582 
288,7.2 ,0.123135 ,0.322262 
289,7.225 ,0.119666 ,0.321939 
290,7.25 ,0.116173 ,0.321613 
291,7.275 ,0.112657 ,0.321283 
292,7.3 ,0.109118 ,0.32095 
293,7.325 ,0.105557 ,0.320615 
294,7.35 ,0.101975 ,0.320276 
295,7.375 ,0.0983725 ,0.319935 
296,7.4 ,0.0947504 ,0.319591 
297,7.425 ,0.0911093 ,0.319244 
298,7.45 ,0.0874501 ,0.318894 
299,7.475 ,0.0837735 ,0.318543 
300,7.5 ,0.0800802 ,0.318188 
301,7.525 ,0.0763709 ,0.317831 
302,7.55 ,0.0726465 ,0.317472 
303,7.575 ,0.0689077 ,0.317111 
304,7.6 ,0.0651552 ,0.316748 
305,7.625 ,0.0613898 ,0.316382 
306,7.65 ,0.0576123 ,0.316015 
307,7.675 ,0.0538234 ,0.315645 
308,7.7 ,0.0500239 ,0.315274 
309,7.725 ,0.0462145 ,0.3149 
310,7.75 ,0.0423961 ,0.314525 
311,7.775 ,0.0385693 ,0.314149 
312,7.8 ,0.0347349 ,0.31377 
313,7.825 ,0.0308937 ,0.31339 
314,7.85 ,0.0270465 ,0.313008 
315,7.875 ,0.0231939 ,0.312625 
316,7.9 ,0.0193369 ,0.31224 
317,7.925 ,0.015476 ,0.311854 
318,7.95 ,0.0116122 ,0.311467 
319,7.975 ,0.00774608 ,0.311078 
320,8 ,0.00387846 ,0.310688 
321,8.025 ,1.00877e-05 ,0.310297 
322,8.05 ,-0.00385829 ,0.309905 
323,8.075 ,-0.00772591 ,0.309511 
324,8.1 ,-0.011592 ,0.309116 
325,8.125 ,-0.0154559 ,0.308721 
326,8.15 ,-0.0193168 ,0.308324 
327,8.175 ,-0.023174 ,0.307926 
328,8.2 ,-0.0270268 ,0.307528 
329,8.225 ,-0.0308743 ,0.307128 
330,8.25 ,-0.0347159 ,0.306728 
331,8.275 ,-0.0385509 ,0.306327 
332,8.3 ,-0.0423784 ,0.305925 
333,8.325 ,-0.0461979 ,0.305523 
334,8.35 ,-0.0500086 ,0.305119 
335,8.375 ,-0.0538097 ,0.304715 
336,8.4 ,-0.0576005 ,0.304311 
337,8.425 ,-0.0613804 ,0.303905 
338,8.45 ,-0.0651487 ,0.3035 
339,8.475 ,-0.0689046 ,0.303093 
340,8.5 ,-0.0726474 ,0.302686 
341,8.525 ,-0.0763765 ,0.302279 
342,8.55 ,-0.0800912 ,0.301871 
343,8.575 ,-0.0837908 ,0.301463 
344,8.6 ,-0.0874745 ,0.301055 
345,8.625 ,-0.0911418 ,0.300646 
346,8.65 ,-0.094792 ,0.300236 
347,8.675 ,-0.0984244 ,0.299827 
348,8.7 ,-0.102038 ,0.299417 
349,8.725 ,-0.105633 ,0.299007 
350,8.75 ,-0.109208 ,0.298596 
351,8.775 ,-0.112763 ,0.298186 
352,8.8 ,-0.116297 ,0.297775 
353,8.825 ,-0.119809 ,0.297364 
354,8.85 ,-0.123299 ,0.296953 
355,8.875 ,-0.126766 ,0.296542 
356,8.9 ,-0.130209 ,0.29613 
357,8.925 ,-0.133628 ,0.295719 
358,8.95 ,-0.137023 ,0.295308 
359,8.975 ,-0.140392 ,0.294896 
360,9 ,-0.143736 ,0.294484 
361,9.025 ,-0.147053 ,0.294073 
362,9.05 ,-0.150343 ,0.293661 
363,9.075 ,-0.153605 ,0.29325 
364,9.1 ,-0.15684 ,0.292839 
365,9.125 ,-0.160045 ,0.292427 
366,9.15 ,-0.163221 ,0.292016 
367,9.175 ,-0.166368 ,0.291605 
368,9.2 ,-0.169484 ,0.291194 
369,9.225 ,-0.17257 ,0.290783 
370,9.25 ,-0.175623 ,0.290372 
371,9.275 ,-0.178646 ,0.289962 
372,9.3 ,-0.181635 ,0.289551 
373,9.325 ,-0.184592 ,0.289141 
374,9.35 ,-0.187516 ,0.288731 
375,9.375 ,-0.190405 ,0.288322 
376,9.4 ,-0.193261 ,0.287912 
377,9.425 ,-0.196081 ,0.287503 
378,9.45 ,-0.198867 ,0.287094 
379,9.475 ,-0.201616 ,0.286685 
380,9.5 ,-0.20433 ,0.286277 
381,9.525 ,-0.207007 ,0.285869 
382,9.55 ,-0.209647 ,0.285461 
383,9.575 ,-0.212249 ,0.285054 
384,9.6 ,-0.214814 ,0.284647 
385,9.625 ,-0.217341 ,0.28424 
386,9.65 ,-0.219829 ,0.283833 
387,9.675 ,-0.222278 ,0.283427 
388,9.7 ,-0.224687 ,0.283022 
389,9.725 ,-0.227057 ,0.282617 
390,9.75 ,-0.229387 ,0.282212 
391,9.775 ,-0.231676 ,0.281807 
392,9.8 ,-0.233925 ,0.281404 
393,9.825 ,-0.236132 ,0.281 
394,9.85 ,-0.238298 ,0.280597 
395,9.875 ,-0.240422 ,0.280194 
396,9.9 ,-0.242504 ,0.279792 
397,9.925 ,-0.244543 ,0.27939 
398,9.95 ,-0.24654 ,0.278989 
399,9.975 ,-0.248494 ,0.278588 
400,10 ,-0.250405 ,0.278188 
401,10.025 ,-0.252272 ,0.277788 
402,10.05 ,-0.254095 ,0.277389 
403,10.075 ,-0.255874 ,0.27699 
404,10.1 ,-0.257609 ,0.276592 
405,10.125 ,-0.2593 ,0.276195 
406,10.15 ,-0.260945 ,0.275797 
407,10.175 ,-0.262546 ,0.275401 
408,10.2 ,-0.264101 ,0.275005 
409,10.225 ,-0.265612 ,0.274609 
410,10.25 ,-0.267076 ,0.274214 
411,10.275 ,-0.268495 ,0.27382 
412,10.3 ,-0.269867 ,0.273426 
413,10.325 ,-0.271194 ,0.273033 
414,10.35 ,-0.272474 ,0.27264 
415,10.375 ,-0.273708 ,0.272248 
416,10.4 ,-0.274896 ,0.271857 
417,10.425 ,-0.276036 ,0.271466 
418,10.45 ,-0.27713 ,0.271076 
419,10.475 ,-0.278177 ,0.270686 
420,10.5 ,-0.279177 ,0.270297 
421,10.525 ,-0.28013 ,0.269909 
422,10.55 ,-0.281035 ,0.269521 
423,10.575 ,-0.281893 ,0.269134 
424,10.6 ,-0.282704 ,0.268747 
425,10.625 ,-0.283467 ,0.268361 
426,10.65 ,-0.284183 ,0.267976 
427,10.675 ,-0.284851 ,0.267591 
428,10.7 ,-0.285471 ,0.267207 
429,10.725 ,-0.286044 ,0.266824 
430,10.75 ,-0.286569 ,0.266441 
431,10.775 ,-0.287046 ,0.266059 
432,10.8 ,-0.287475 ,0.265678 
433,10.825 ,-0.287857 ,0.265297 
434,10.85 ,-0.288191 ,0.264917 
435,10.875 ,-0.288478 ,0.264538 
436,10.9 ,-0.288716 ,0.264159 
437,10.925 ,-0.288907 ,0.263781 
438,10.95 ,-0.289051 ,0.263404 
439,10.975 ,-0.289147 ,0.263027 
440,11 ,-0.289195 ,0.262651 
441,11.025 ,-0.289196 ,0.262276 
442,11.05 ,-0.289149 ,0.261901 
443,11.075 ,-0.289055 ,0.261527 
444,11.1 ,-0.288914 ,0.261154 
445,11.125 ,-0.288726 ,0.260781 
446,11.15 ,-0.28849 ,0.260409 
447,11.175 ,-0.288208 ,0.260038 
448,11.2 ,-0.287879 ,0.259668 
449,11.225 ,-0.287503 ,0.259298 
450,11.25 ,-0.28708 ,0.258929 
451,11.275 ,-0.286611 ,0.258561 
452,11.3 ,-0.286096 ,0.258193 
453,11.325 ,-0.285534 ,0.257826 
454,11.35 ,-0.284927 ,0.25746 
455,11.375 ,-0.284274 ,0.257094 
456,11.4 ,-0.283575 ,0.256729 
457,11.425 ,-0.28283 ,0.256365 
458,11.45 ,-0.28204 ,0.256002 
459,11.475 ,-0.281206 ,0.255639 
460,11.5 ,-0.280326 ,0.255277 
461,11.525 ,-0.279401 ,0.254916 
462,11.55 ,-0.278432 ,0.254555 
463,11.575 ,-0.277419 ,0.254195 
464,11.6 ,-0.276361 ,0.253836 
465,11.625 ,-0.27526 ,0.253478 
466,11.65 ,-0.274115 ,0.25312 
467,11.675 ,-0.272927 ,0.252763 
468,11.7 ,-0.271695 ,0.252407 
469,11.725 ,-0.270421 ,0.252051 
470,11.75 ,-0.269104 ,0.251697 
471,11.775 ,-0.267745 ,0.251342 
472,11.8 ,-0.266344 ,0.250989 
473,11.825 ,-0.264901 ,0.250636 
474,11.85 ,-0.263416 ,0.250285 
475,11.875 ,-0.26189 ,0.249933 
476,11.9 ,-0.260324 ,0.249583 
477,11.925 ,-0.258716 ,0.249233 
478,11.95 ,-0.257069 ,0.248884 
479,11.975 ,-0.255381 ,0.248536 
480,12 ,-0.253654 ,0.248188 
481,12.025 ,-0.251888 ,0.247841 
482,12.05 ,-0.250082 ,0.247495 
483,12.075 ,-0.248238 ,0.24715 
484,12.1 ,-0.246355 ,0.246805 
485,12.125 ,-0.244435 ,0.246461 
486,12.15 ,-0.242476 ,0.246118 
487,12.175 ,-0.240481 ,0.245775 
488,12.2 ,-0.238448 ,0.245434 
489,12.225 ,-0.236379 ,0.245092 
490,12.25 ,-0.234274 ,0.244752 
491,12.275 ,-0.232133 ,0.244412 
492,12.3 ,-0.229956 ,0.244074 
493,12.325 ,-0.227745 ,0.243735 
494,12.35 ,-0.225498 ,0.243398 
495,12.375 ,-0.223218 ,0.243061 
496,12.4 ,-0.220903 ,0.242725 
497,12.425 ,-0.218555 ,0.24239 
498,12.45 ,-0.216174 ,0.242055 
499,12.475 ,-0.21376 ,0.241721 
500,12.5 ,-0.211314 ,0.241388 
501,12.525 ,-0.208836 ,0.241056 
502,12.55 ,-0.206326 ,0.240724 
503,12.575 ,-0.203786 ,0.240393 
504,12.6 ,-0.201215 ,0.240063 
505,12.625 ,-0.198613 ,0.239733 
506,12.65 ,-0.195982 ,0.239404 
507,12.675 ,-0.193322 ,0.239076 
508,12.7 ,-0.190632 ,0.238749 
509,12.725 ,-0.187915 ,0.238422 
510,12.75 ,-0.185169 ,0.238096 
511,12.775 ,-0.182395 ,0.237771 
512,12.8 ,-0.179595 ,0.237446 
513,12.825 ,-0.176768 ,0.237122 
514,12.85 ,-0.173915 ,0.236799 
515,12.875 ,-0.171036 ,0.236476 
516,12.9 ,-0.168131 ,0.236155 
517,12.925 ,-0.165202 ,0.235834 
518,12.95 ,-0.162249 ,0.235513 
519,12.975 ,-0.159271 ,0.235194 
520,13 ,-0.156271 ,0.234875 
521,13.025 ,-0.153247 ,0.234556 
522,13.05 ,-0.150201 ,0.234239 
523,13.075 ,-0.147133 ,0.233922 
524,13.1 ,-0.144043 ,0.233606 
525,13.125 ,-0.140932 ,0.23329 
526,13.15 ,-0.137801 ,0.232975 
527,13.175 ,-0.13465 ,0.232661 
528,13.2 ,-0.131479 ,0.232348 
529,13.225 ,-0.128289 ,0.232035 
530,13.25 ,-0.12508 ,0.231723 
531,13.275 ,-0.121853 ,0.231412 
532,13.3 ,-0.118609 ,0.231101 
533,13.325 ,-0.115348 ,0.230791 
534,13.35 ,-0.11207 ,0.230482 
535,13.375 ,-0.108775 ,0.230174 
536,13.4 ,-0.105465 ,0.229866 
537,13.425 ,-0.10214 ,0.229558 
538,13.45 ,-0.0988006 ,0.229252 
539,13.475 ,-0.0954468 ,0.228946 
540,13.5 ,-0.0920793 ,0.228641 
541,13.525 ,-0.0886986 ,0.228336 
542,13.55 ,-0.0853053 ,0.228033 
543,13.575 ,-0.0818998 ,0.227729 
544,13.6 ,-0.0784826 ,0.227427 
545,13.625 ,-0.0750543 ,0.227125 
546,13.65 ,-0.0716154 ,0.226824 
547,13.675 ,-0.0681663 ,0.226524 
548,13.7 ,-0.0647075 ,0.226224 
549,13.725 ,-0.0612396 ,0.225925 
550,13.75 ,-0.0577631 ,0.225626 
551,13.775 ,-0.0542784 ,0.225328 
552,13.8 ,-0.050786 ,0.225031 
553,13.825 ,-0.0472866 ,0.224735 
554,13.85 ,-0.0437804 ,0.224439 
555,13.875 ,-0.0402682 ,0.224144 
556,13.9 ,-0.0367502 ,0.223849 
557,13.925 ,-0.0332272 ,0.223556 
558,13.95 ,-0.0296995 ,0.223262 
559,13.975 ,-0.0261677 ,0.22297 
560,14 ,-0.0226322 ,0.222678 
561,14.025 ,-0.0190936 ,0.222387 
562,14.05 ,-0.0155523 ,0.222096 
563,14.075 ,-0.0120088 ,0.221806 
564,14.1 ,-0.00846371 ,0.221517 
565,14.125 ,-0.00491742 ,0.221228 
566,14.15 ,-0.00137046 ,0.22094 
567,14.175 ,0.00217669 ,0.220653 
568,14.2 ,0.00572355 ,0.220366 
569,14.225 ,0.00926961 ,0.22008 
570,14.25 ,0.0128144 ,0.219795 
571,14.275 ,0.0163574 ,0.21951 
572,14.3 ,0.0198982 ,0.219226 
573,14.325 ,0.0234363 ,0.218942 
574,14.35 ,0.0269711 ,0.218659 
575,14.375 ,0.0305023 ,0.218377 
576,14.4 ,0.0340293 ,0.218096 
577,14.425 ,0.0375517 ,0.217815 
578,14.45 ,0.0410689 ,0.217534 
579,14.475 ,0.0445806 ,0.217254 
580,14.5 ,0.0480862 ,0.216975 
581,14.525 ,0.0515853 ,0.216697 
582,14.55 ,0.0550774 ,0.216419 
583,14.575 ,0.0585621 ,0.216142 
584,14.6 ,0.0620388 ,0.215865 
585,14.625 ,0.0655072 ,0.215589 
586,14.65 ,0.0689667 ,0.215314 
587,14.675 ,0.072417 ,0.215039 
588,14.7 ,0.0758576 ,0.214765 
589,14.725 ,0.0792879 ,0.214491 
590,14.75 ,0.0827076 ,0.214218 
591,14.775 ,0.0861163 ,0.213946 
592,14.8 ,0.0895134 ,0.213674 
593,14.825 ,0.0928986 ,0.213403 
594,14.85 ,0.0962714 ,0.213132 
595,14.875 ,0.0996314 ,0.212862 
596,14.9 ,0.102978 ,0.212593 
597,14.925 ,0.106311 ,0.212324 
598,14.95 ,0.10963 ,0.212056 
599,14.975 ,0.112934 ,0.211788 
600,15 ,0.116224 ,0.211522 
601,15.025 ,0.119498 ,0.211255 
602,15.05 ,0.122756 ,0.210989 
603,15.075 ,0.125998 ,0.210724 
604,15.1 ,0.129224 ,0.21046 
605,15.125 ,0.132432 ,0.210196 
606,15.15 ,0.135624 ,0.209932 
607,15.175 ,0.138797 ,0.209669 
608,15.2 ,0.141952 ,0.209407 
609,15.225 ,0.145089 ,0.209145 
610,15.25 ,0.148206 ,0.208884 
611,15.275 ,0.151305 ,0.208624 
612,15.3 ,0.154383 ,0.208364 
613,15.325 ,0.157441 ,0.208104 
614,15.35 ,0.160479 ,0.207846 
615,15.375 ,0.163497 ,0.207587 
616,15.4 ,0.166492 ,0.20733 
617,15.425 ,0.169467 ,0.207073 
618,15.45 ,0.172419 ,0.206816 
619,15.475 ,0.175349 ,0.20656 
620,15.5 ,0.178257 ,0.206305 
621,15.525 ,0.181141 ,0.20605 
622,15.55 ,0.184002 ,0.205796 
623,15.575 ,0.18684 ,0.205542 
624,15.6 ,0.189653 ,0.205289 
625,15.625 ,0.192442 ,0.205036 
626,15.65 ,0.195207 ,0.204784 
627,15.675 ,0.197946 ,0.204533 
628,15.7 ,0.200661 ,0.204282 
629,15.725 ,0.203349 ,0.204031 
630,15.75 ,0.206012 ,0.203782 
631,15.775 ,0.208648 ,0.203532 
632,15.8 ,0.211258 ,0.203284 
633,15.825 ,0.213841 ,0.203035 
634,15.85 ,0.216397 ,0.202788 
635,15.875 ,0.218925 ,0.202541 
636,15.9 ,0.221426 ,0.202294 
637,15.925 ,0.223899 ,0.202048 
638,15.95 ,0.226343 ,0.201803 
639,15.975 ,0.228759 ,0.201558 
640,16 ,0.231146 ,0.201313 
641,16.025 ,0.233504 ,0.201069 
642,16.05 ,0.235833 ,0.200826 
643,16.075 ,0.238132 ,0.200583 
644,16.1 ,0.240402 ,0.200341 
645,16.125 ,0.242641 ,0.200099 
646,16.15 ,0.244849 ,0.199858 
647,16.175 ,0.247028 ,0.199617 
648,16.2 ,0.249175 ,0.199377 
649,16.225 ,0.251291 ,0.199137 
650,16.25 ,0.253376 ,0.198898 
651,16.275 ,0.25543 ,0.19866 
652,16.3 ,0.257452 ,0.198422 
653,16.325 ,0.259442 ,0.198184 
654,16.35 ,0.2614 ,0.197947 
655,16.375 ,0.263325 ,0.19771 
656,16.4 ,0.265218 ,0.197474 
657,16.425 ,0.267078 ,0.197239 
658,16.45 ,0.268905 ,0.197004 
659,16.475 ,0.2707 ,0.196769 
660,16.5 ,0.27246 ,0.196535 
661,16.525 ,0.274188 ,0.196302 
662,16.55 ,0.275882 ,0.196069 
663,16.575 ,0.277541 ,0.195836 
664,16.6 ,0.279167 ,0.195604 
665,16.625 ,0.280759 ,0.195373 
666,16.65 ,0.282317 ,0.195142 
667,16.675 ,0.28384 ,0.194911 
668,16.7 ,0.285329 ,0.194681 
669,16.725 ,0.286782 ,0.194452 
670,16.75 ,0.288201 ,0.194223 
671,16.775 ,0.289585 ,0.193994 
672,16.8 ,0.290934 ,0.193766 
673,16.825 ,0.292248 ,0.193539 
674,16.85 ,0.293526 ,0.193312 
675,16.875 ,0.294769 ,0.193085 
676,16.9 ,0.295976 ,0.192859 
677,16.925 ,0.297148 ,0.192634 
678,16.95 ,0.298284 ,0.192409 
679,16.975 ,0.299384 ,0.192184 
680,17 ,0.300448 ,0.19196 
681,17.025 ,0.301476 ,0.191736 
682,17.05 ,0.302467 ,0.191513 
683,17.075 ,0.303423 ,0.19129 
684,17.1 ,0.304342 ,0.191068 
685,17.125 ,0.305225 ,0.190846 
686,17.15 ,0.306072 ,0.190625 
687,17.175 ,0.306882 ,0.190404 
688,17.2 ,0.307656 ,0.190184 
689,17.225 ,0.308393 ,0.189964 
690,17.25 ,0.309093 ,0.189745 
691,17.275 ,0.309757 ,0.189526 
692,17.3 ,0.310384 ,0.189307 
693,17.325 ,0.310974 ,0.189089 
694,17.35 ,0.311528 ,0.188872 
695,17.375 ,0.312045 ,0.188655 
696,17.4 ,0.312525 ,0.188438 
697,17.425 ,0.312968 ,0.188222 
698,17.45 ,0.313374 ,0.188006 
699,17.475 ,0.313744 ,0.187791 
700,17.5 ,0.314077 ,0.187576 
701,17.525 ,0.314373 ,0.187362 
702,17.55 ,0.314632 ,0.187148 
703,17.575 ,0.314854 ,0.186934 
704,17.6 ,0.31504 ,0.186721 
705,17.625 ,0.315188 ,0.186509 
706,17.65 ,0.3153 ,0.186297 
707,17.675 ,0.315376 ,0.186085 
708,17.7 ,0.315414 ,0.185874 
709,17.725 ,0.315416 ,0.185663 
710,17.75 ,0.315382 ,0.185453 
711,17.775 ,0.315311 ,0.185243 
712,17.8 ,0.315203 ,0.185033 
713,17.825 ,0.315059 ,0.184824 
714,17.85 ,0.314878 ,0.184616 
715,17.875 ,0.314662 ,0.184408 
716,17.9 ,0.314408 ,0.1842 
717,17.925 ,0.314119 ,0.183993 
718,17.95 ,0.313794 ,0.183786 
719,17.975 ,0.313432 ,0.183579 
720,18 ,0.313035 ,0.183373 
721,18.025 ,0.312602 ,0.183168 
722,18.05 ,0.312132 ,0.182963 
723,18.075 ,0.311628 ,0.182758 
724,18.1 ,0.311087 ,0.182554 
725,18.125 ,0.310511 ,0.18235 
726,18.15 ,0.3099 ,0.182146 
727,18.175 ,0.309254 ,0.181943 
728,18.2 ,0.308572 ,0.181741 
729,18.225 ,0.307855 ,0.181539 
730,18.25 ,0.307103 ,0.181337 
731,18.275 ,0.306317 ,0.181136 
732,18.3 ,0.305496 ,0.180935 
733,18.325 ,0.30464 ,0.180734 
734,18.35 ,0.30375 ,0.180534 
735,18.375 ,0.302826 ,0.180335 
736,18.4 ,0.301867 ,0.180135 
737,18.425 ,0.300875 ,0.179936 
738,18.45 ,0.299848 ,0.179738 
739,18.475 ,0.298788 ,0.17954 
740,18.5 ,0.297695 ,0.179342 
741,18.525 ,0.296568 ,0.179145 
742,18.55 ,0.295408 ,0.178948 
743,18.575 ,0.294214 ,0.178752 
744,18.6 ,0.292988 ,0.178556 
745,18.625 ,0.29173 ,0.17836 
746,18.65 ,0.290438 ,0.178165 
747,18.675 ,0.289115 ,0.17797 
748,18.7 ,0.287759 ,0.177776 
749,18.725 ,0.286371 ,0.177582 
750,18.75 ,0.284952 ,0.177388 
751,18.775 ,0.283501 ,0.177195 
752,18.8 ,0.282018 ,0.177002 
753,18.825 ,0.280504 ,0.17681 
754,18.85 ,0.27896 ,0.176618 
755,18.875 ,0.277384 ,0.176426 
756,18.9 ,0.275778 ,0.176235 
757,18.925 ,0.274142 ,0.176044 
758,18.95 ,0.272475 ,0.175853 
759,18.975 ,0.270779 ,0.175663 
760,19 ,0.269052 ,0.175474 
761,19.025 ,0.267296 ,0.175284 
762,19.05 ,0.265511 ,0.175095 
763,19.075 ,0.263697 ,0.174907 
764,19.1 ,0.261854 ,0.174718 
765,19.125 ,0.259983 ,0.174531 
766,19.15 ,0.258083 ,0.174343 
767,19.175 ,0.256155 ,0.174156 
768,19.2 ,0.254199 ,0.173969 
769,19.225 ,0.252215 ,0.173783 
770,19.25 ,0.250204 ,0.173597 
771,19.275 ,0.248166 ,0.173412 
772,19.3 ,0.246101 ,0.173226 
773,19.325 ,0.24401 ,0.173042 
774,19.35 ,0.241892 ,0.172857 
775,19.375 ,0.239747 ,0.172673 
776,19.4 ,0.237577 ,0.172489 
777,19.425 ,0.235382 ,0.172306 
778,19.45 ,0.233161 ,0.172123 
779,19.475 ,0.230915 ,0.17194 
780,19.5 ,0.228644 ,0.171758 
781,19.525 ,0.226348 ,0.171576 
782,19.55 ,0.224029 ,0.171395 
783,19.575 ,0.221685 ,0.171214 
784,19.6 ,0.219318 ,0.171033 
785,19.625 ,0.216927 ,0.170852 
786,19.65 ,0.214513 ,0.170672 
787,19.675 ,0.212076 ,0.170493 
788,19.7 ,0.209616 ,0.170313 
789,19.725 ,0.207134 ,0.170134 
790,19.75 ,0.204631 ,0.169956 
791,19.775 ,0.202105 ,0.169777 
792,19.8 ,0.199558 ,0.169599 
793,19.825 ,0.19699 ,0.169422 
794,19.85 ,0.194401 ,0.169244 
795,19.875 ,0.191791 ,0.169068 
796,19.9 ,0.189161 ,0.168891 
797,19.925 ,0.186511 ,0.168715 
798,19.95 ,0.183842 ,0.168539 
799,19.975 ,0.181153 ,0.168363 
800,20 ,0.178445 ,0.168188 
801,20.025 ,0.175718 ,0.168013 
802,20.05 ,0.172973 ,0.167839 
803,20.075 ,0.17021 ,0.167665 
804,20.1 ,0.167429 ,0.167491 
805,20.125 ,0.16463 ,0.167317 
806,20.15 ,0.161814 ,0.167144 
807,20.175 ,0.158981 ,0.166972 
808,20.2 ,0.156132 ,0.166799 
809,20.225 ,0.153266 ,0.166627 
810,20.25 ,0.150385 ,0.166455 
811,20.275 ,0.147488 ,0.166284 
812,20.3 ,0.144575 ,0.166113 
813,20.325 ,0.141647 ,0.165942 
814,20.35 ,0.138705 ,0.165771 
815,20.375 ,0.135748 ,0.165601 
816,20.4 ,0.132778 ,0.165432 
817,20.425 ,0.129793 ,0.165262 
818,20.45 ,0.126796 ,0.165093 
819,20.475 ,0.123785 ,0.164924 
820,20.5 ,0.120761 ,0.164756 
821,20.525 ,0.117725 ,0.164588 
822,20.55 ,0.114677 ,0.16442 
823,20.575 ,0.111617 ,0.164252 
824,20.6 ,0.108545 ,0.164085 
825,20.625 ,0.105463 ,0.163918 
826,20.65 ,0.102369 ,0.163752 
827,20.675 ,0.0992653 ,0.163585 
828,20.7 ,0.0961512 ,0.16342 
829,20.725 ,0.0930274 ,0.163254 
830,20.75 ,0.0898941 ,0.163089 
831,20.775 ,0.0867516 ,0.162924 
832,20.8 ,0.0836002 ,0.162759 
833,20.825 ,0.0804404 ,0.162595 
834,20.85 ,0.0772724 ,0.162431 
835,20.875 ,0.0740965 ,0.162267 
836,20.9 ,0.0709132 ,0.162104 
837,20.925 ,0.0677226 ,0.161941 
838,20.95 ,0.0645252 ,0.161778 
839,20.975 ,0.0613213 ,0.161616 
840,21 ,0.0581111 ,0.161454 
841,21.025 ,0.0548951 ,0.161292 
842,21.05 ,0.0516736 ,0.16113 
843,21.075 ,0.0484469 ,0.160969 
844,21.1 ,0.0452153 ,0.160808 
845,21.125 ,0.0419791 ,0.160647 
846,21.15 ,0.0387388 ,0.160487 
847,21.175 ,0.0354945 ,0.160327 
848,21.2 ,0.0322467 ,0.160168 
849,21.225 ,0.0289957 ,0.160008 
850,21.25 ,0.0257417 ,0.159849 
851,21.275 ,0.0224852 ,0.15969 
852,21.3 ,0.0192265 ,0.159532 
853,21.325 ,0.0159658 ,0.159374 
854,21.35 ,0.0127036 ,0.159216 
855,21.375 ,0.00944003 ,0.159058 
856,21.4 ,0.00617557 ,0.158901 
857,21.425 ,0.0029105 ,0.158744 
858,21.45 ,-0.000354862 ,0.158587 
859,21.475 ,-0.00362019 ,0.158431 
860,21.5 ,-0.00688516 ,0.158275 
861,21.525 ,-0.0101494 ,0.158119 
862,21.55 ,-0.0134127 ,0.157963 
863,21.575 ,-0.0166747 ,0.157808 
864,21.6 ,-0.019935 ,0.157653 
865,21.625 ,-0.0231934 ,0.157499 
866,21.65 ,-0.0264494 ,0.157344 
867,21.675 ,-0.0297029 ,0.15719 
868,21.7 ,-0.0329534 ,0.157036 
869,21.725 ,-0.0362008 ,0.156883 
870,21.75 ,-0.0394445 ,0.15673 
871,21.775 ,-0.0426844 ,0.156577 
872,21.8 ,-0.0459202 ,0.156424 
873,21.825 ,-0.0491514 ,0.156272 
874,21.85 ,-0.0523778 ,0.15612 
875,21.875 ,-0.0555992 ,0.155968 
876,21.9 ,-0.0588151 ,0.155816 
877,21.925 ,-0.0620252 ,0.155665 
878,21.95 ,-0.0652294 ,0.155514 
879,21.975 ,-0.0684272 ,0.155363 
880,22 ,-0.0716183 ,0.155213 
881,22.025 ,-0.0748025 ,0.155063 
882,22.05 ,-0.0779795 ,0.154913 
883,22.075 ,-0.0811489 ,0.154763 
884,22.1 ,-0.0843105 ,0.154614 
885,22.125 ,-0.0874639 ,0.154465 
886,22.15 ,-0.0906089 ,0.154316 
887,22.175 ,-0.0937451 ,0.154168 
888,22.2 ,-0.0968723 ,0.15402 
889,22.225 ,-0.0999902 ,0.153872 
890,22.25 ,-0.103098 ,0.153724 
891,22.275 ,-0.106197 ,0.153577 
892,22.3 ,-0.109285 ,0.15343 
893,22.325 ,-0.112363 ,0.153283 
894,22.35 ,-0.11543 ,0.153136 
895,22.375 ,-0.118485 ,0.15299 
896,22.4 ,-0.12153 ,0.152844 
897,22.425 ,-0.124563 ,0.152698 
898,22.45 ,-0.127584 ,0.152553 
899,22.475 ,-0.130593 ,0.152407 
900,22.5 ,-0.133589 ,0.152262 
901,22.525 ,-0.136573 ,0.152118 
902,22.55 ,-0.139544 ,0.151973 
903,22.575 ,-0.142501 ,0.151829 
904,22.6 ,-0.145445 ,0.151685 
905,22.625 ,-0.148375 ,0.151541 
906,22.65 ,-0.151291 ,0.151398 
907,22.675 ,-0.154193 ,0.151255 
908,22.7 ,-0.157081 ,0.151112 
909,22.725 ,-0.159953 ,0.150969 
910,22.75 ,-0.16281 ,0.150827 
911,22.775 ,-0.165652 ,0.150685 
912,22.8 ,-0.168479 ,0.150543 
913,22.825 ,-0.171289 ,0.150401 
914,22.85 ,-0.174083 ,0.15026 
915,22.875 ,-0.176862 ,0.150119 
916,22.9 ,-0.179623 ,0.149978 
917,22.925 ,-0.182368 ,0.149837 
918,22.95 ,-0.185095 ,0.149697 
919,22.975 ,-0.187805 ,0.149557 
920,23 ,-0.190498 ,0.149417 
921,23.025 ,-0.193173 ,0.149277 
922,23.05 ,-0.19583 ,0.149138 
923,23.075 ,-0.198468 ,0.148999 
924,23.1 ,-0.201089 ,0.14886 
925,23.125 ,-0.20369 ,0.148721 
926,23.15 ,-0.206272 ,0.148583 
927,23.175 ,-0.208836 ,0.148445 
928,23.2 ,-0.21138 ,0.148307 
929,23.225 ,-0.213904 ,0.148169 
930,23.25 ,-0.216409 ,0.148032 
931,23.275 ,-0.218893 ,0.147895 
932,23.3 ,-0.221357 ,0.147758 
933,23.325 ,-0.223801 ,0.147621 
934,23.35 ,-0.226225 ,0.147485 
935,23.375 ,-0.228627 ,0.147349 
936,23.4 ,-0.231008 ,0.147213 
937,23.425 ,-0.233368 ,0.147077 
938,23.45 ,-0.235707 ,0.146942 
939,23.475 ,-0.238024 ,0.146807 
940,23.5 ,-0.240319 ,0.146672 
941,23.525 ,-0.242592 ,0.146537 
942,23.55 ,-0.244843 ,0.146402 
943,23.575 ,-0.247071 ,0.146268 
944,23.6 ,-0.249277 ,0.146134 
945,23.625 ,-0.25146 ,0.146 
946,23.65 ,-0.25362 ,0.145867 
947,23.675 ,-0.255757 ,0.145734 
948,23.7 ,-0.257871 ,0.1456 
949,23.725 ,-0.259961 ,0.145468 
950,23.75 ,-0.262028 ,0.145335 
951,23.775 ,-0.264071 ,0.145203 
952,23.8 ,-0.26609 ,0.14507 
953,23.825 ,-0.268085 ,0.144939 
954,23.85 ,-0.270055 ,0.144807 
955,23.875 ,-0.272001 ,0.144675 
956,23.9 ,-0.273922 ,0.144544 
957,23.925 ,-0.275819 ,0.144413 
958,23.95 ,-0.277691 ,0.144282 
959,23.975 ,-0.279538 ,0.144152 
960,24 ,-0.281359 ,0.144022 
961,24.025 ,-0.283155 ,0.143891 
962,24.05 ,-0.284926 ,0.143762 
963,24.075 ,-0.286671 ,0.143632 
964,24.1 ,-0.288391 ,0.143502 
965,24.125 ,-0.290084 ,0.143373 
966,24.15 ,-0.291752 ,0.143244 
967,24.175 ,-0.293393 ,0.143116 
968,24.2 ,-0.295009 ,0.142987 
969,24.225 ,-0.296598 ,0.142859 
970,24.25 ,-0.29816 ,0.142731 
971,24.275 ,-0.299696 ,0.142603 
972,24.3 ,-0.301205 ,0.142475 
973,24.325 ,-0.302687 ,0.142348 
974,24.35 ,-0.304142 ,0.142221 
975,24.375 ,-0.305571 ,0.142094 
976,24.4 ,-0.306972 ,0.141967 
977,24.425 ,-0.308346 ,0.14184 
978,24.45 ,-0.309692 ,0.141714 
979,24.475 ,-0.311011 ,0.141588 
980,24.5 ,-0.312303 ,0.141462 
981,24.525 ,-0.313567 ,0.141336 
982,24.55 ,-0.314803 ,0.141211 
983,24.575 ,-0.316012 ,0.141085 
984,24.6 ,-0.317192 ,0.14096 
985,24.625 ,-0.318345 ,0.140836 
986,24.65 ,-0.31947 ,0.140711 
987,24.675 ,-0.320566 ,0.140586 
988,24.7 ,-0.321635 ,0.140462 
989,24.725 ,-0.322675 ,0.140338 
990,24.75 ,-0.323687 ,0.140215 
991,24.775 ,-0.32467 ,0.140091 
992,24.8 ,-0.325626 ,0.139968 
993,24.825 ,-0.326552 ,0.139844 
994,24.85 ,-0.32745 ,0.139721 
995,24.875 ,-0.32832 ,0.139599 
996,24.9 ,-0.329161 ,0.139476 
997,24.925 ,-0.329973 ,0.139354 
998,24.95 ,-0.330756 ,0.139232 
999,24.975 ,-0.331511 ,0.13911 
1000,25 ,-0.332236 ,0.138988 