N_e = 8
1,0.025 ,0.001365 ,-3197.83 
2,0.05 ,0.001365 ,-797.834 
3,0.075 ,0.001365 ,-353.39 
4,0.1 ,0.0023631 ,-197.835 
5,0.125 ,0.00365377 ,-125.835 
6,0.15 ,0.00523189 ,-86.7237 
7,0.175 ,0.00709359 ,-63.1411 
8,0.2 ,0.00923521 ,-47.8351 
9,0.225 ,0.0116529 ,-37.3415 
10,0.25 ,0.0143426 ,-29.8355 
11,0.275 ,0.0172996 ,-24.282 
12,0.3 ,0.0205192 ,-20.0582 
13,0.325 ,0.0239959 ,-16.7711 
14,0.35 ,0.0277242 ,-14.163 
15,0.375 ,0.0316978 ,-12.059 
16,0.4 ,0.0359103 ,-10.3371 
17,0.425 ,0.0403548 ,-8.91009 
18,0.45 ,0.0450239 ,-7.71433 
19,0.475 ,0.0499101 ,-6.70244 
20,0.5 ,0.0550054 ,-5.83857 
21,0.525 ,0.0603014 ,-5.09523 
22,0.55 ,0.0657893 ,-4.45101 
23,0.575 ,0.0714603 ,-3.88905 
24,0.6 ,0.0773049 ,-3.39594 
25,0.625 ,0.0833136 ,-2.96089 
26,0.65 ,0.0894764 ,-2.57514 
27,0.675 ,0.0957832 ,-2.23153 
28,0.7 ,0.102224 ,-1.92416 
29,0.725 ,0.108787 ,-1.64811 
30,0.75 ,0.115462 ,-1.39928 
31,0.775 ,0.122239 ,-1.17421 
32,0.8 ,0.129105 ,-0.969997 
33,0.825 ,0.136049 ,-0.784142 
34,0.85 ,0.14306 ,-0.614522 
35,0.875 ,0.150126 ,-0.459311 
36,0.9 ,0.157235 ,-0.316933 
37,0.925 ,0.164375 ,-0.186022 
38,0.95 ,0.171534 ,-0.065388 
39,0.975 ,0.1787 ,0.0460066 
40,1 ,0.185861 ,0.149072 
41,1.025 ,0.193005 ,0.244609 
42,1.05 ,0.200119 ,0.333325 
43,1.075 ,0.207192 ,0.415843 
44,1.1 ,0.21421 ,0.49272 
45,1.125 ,0.221163 ,0.564449 
46,1.15 ,0.228038 ,0.631472 
47,1.175 ,0.234823 ,0.694182 
48,1.2 ,0.241505 ,0.752934 
49,1.225 ,0.248075 ,0.808046 
50,1.25 ,0.254519 ,0.859805 
51,1.275 ,0.260826 ,0.908469 
52,1.3 ,0.266985 ,0.954273 
53,1.325 ,0.272985 ,0.997428 
54,1.35 ,0.278814 ,1.03813 
55,1.375 ,0.284463 ,1.07655 
56,1.4 ,0.289921 ,1.11285 
57,1.425 ,0.295177 ,1.14717 
58,1.45 ,0.300221 ,1.17966 
59,1.475 ,0.305044 ,1.21043 
60,1.5 ,0.309636 ,1.23959 
61,1.525 ,0.313988 ,1.26725 
62,1.55 ,0.318092 ,1.2935 
63,1.575 ,0.321938 ,1.31843 
64,1.6 ,0.32552 ,1.34212 
65,1.625 ,0.328828 ,1.36465 
66,1.65 ,0.331856 ,1.38608 
67,1.675 ,0.334596 ,1.40647 
68,1.7 ,0.337042 ,1.42589 
69,1.725 ,0.339188 ,1.4444 
70,1.75 ,0.341028 ,1.46203 
71,1.775 ,0.342556 ,1.47885 
72,1.8 ,0.343768 ,1.49488 
73,1.825 ,0.344658 ,1.51019 
74,1.85 ,0.345223 ,1.52479 
75,1.875 ,0.34546 ,1.53874 
76,1.9 ,0.345364 ,1.55206 
77,1.925 ,0.344933 ,1.56478 
78,1.95 ,0.344164 ,1.57693 
79,1.975 ,0.343057 ,1.58855 
80,2 ,0.341609 ,1.59965 
81,2.025 ,0.339819 ,1.61026 
82,2.05 ,0.337688 ,1.6204 
83,2.075 ,0.335215 ,1.6301 
84,2.1 ,0.3324 ,1.63938 
85,2.125 ,0.329244 ,1.64825 
86,2.15 ,0.32575 ,1.65673 
87,2.175 ,0.321918 ,1.66483 
88,2.2 ,0.317751 ,1.67259 
89,2.225 ,0.313252 ,1.68 
90,2.25 ,0.308425 ,1.68708 
91,2.275 ,0.303272 ,1.69385 
92,2.3 ,0.297798 ,1.70032 
93,2.325 ,0.292007 ,1.70651 
94,2.35 ,0.285906 ,1.71241 
95,2.375 ,0.279498 ,1.71805 
96,2.4 ,0.27279 ,1.72343 
97,2.425 ,0.265788 ,1.72856 
98,2.45 ,0.2585 ,1.73346 
99,2.475 ,0.250931 ,1.73813 
100,2.5 ,0.24309 ,1.74258 
101,2.525 ,0.234983 ,1.74681 
102,2.55 ,0.226621 ,1.75085 
103,2.575 ,0.21801 ,1.75468 
104,2.6 ,0.209161 ,1.75832 
105,2.625 ,0.200081 ,1.76178 
106,2.65 ,0.190782 ,1.76505 
107,2.675 ,0.181272 ,1.76816 
108,2.7 ,0.171561 ,1.7711 
109,2.725 ,0.161661 ,1.77387 
110,2.75 ,0.151581 ,1.77649 
111,2.775 ,0.141333 ,1.77896 
112,2.8 ,0.130928 ,1.78128 
113,2.825 ,0.120378 ,1.78346 
114,2.85 ,0.109693 ,1.7855 
115,2.875 ,0.0988857 ,1.78741 
116,2.9 ,0.087968 ,1.78918 
117,2.925 ,0.0769519 ,1.79083 
118,2.95 ,0.0658498 ,1.79236 
119,2.975 ,0.0546738 ,1.79376 
120,3 ,0.0434366 ,1.79505 
121,3.025 ,0.0321506 ,1.79623 
122,3.05 ,0.0208286 ,1.79729 
123,3.075 ,0.00948318 ,1.79825 
124,3.1 ,-0.00187291 ,1.79911 
125,3.125 ,-0.0132269 ,1.79986 
126,3.15 ,-0.024566 ,1.80051 
127,3.175 ,-0.0358775 ,1.80107 
128,3.2 ,-0.0471485 ,1.80153 
129,3.225 ,-0.0583665 ,1.8019 
130,3.25 ,-0.0695188 ,1.80218 
131,3.275 ,-0.0805928 ,1.80237 
132,3.3 ,-0.091576 ,1.80248 
133,3.325 ,-0.102456 ,1.8025 
134,3.35 ,-0.113221 ,1.80244 
135,3.375 ,-0.123858 ,1.8023 
136,3.4 ,-0.134355 ,1.80209 
137,3.425 ,-0.144702 ,1.80179 
138,3.45 ,-0.154885 ,1.80142 
139,3.475 ,-0.164894 ,1.80098 
140,3.5 ,-0.174717 ,1.80046 
141,3.525 ,-0.184344 ,1.79988 
142,3.55 ,-0.193764 ,1.79922 
143,3.575 ,-0.202965 ,1.7985 
144,3.6 ,-0.211939 ,1.79771 
145,3.625 ,-0.220674 ,1.79686 
146,3.65 ,-0.229162 ,1.79594 
147,3.675 ,-0.237392 ,1.79496 
148,3.7 ,-0.245356 ,1.79391 
149,3.725 ,-0.253045 ,1.79281 
150,3.75 ,-0.26045 ,1.79165 
151,3.775 ,-0.267564 ,1.79042 
152,3.8 ,-0.274379 ,1.78915 
153,3.825 ,-0.280886 ,1.78781 
154,3.85 ,-0.28708 ,1.78642 
155,3.875 ,-0.292954 ,1.78497 
156,3.9 ,-0.2985 ,1.78347 
157,3.925 ,-0.303714 ,1.78192 
158,3.95 ,-0.30859 ,1.78031 
159,3.975 ,-0.313122 ,1.77866 
160,4 ,-0.317307 ,1.77695 
161,4.025 ,-0.321139 ,1.77519 
162,4.05 ,-0.324614 ,1.77339 
163,4.075 ,-0.32773 ,1.77153 
164,4.1 ,-0.330483 ,1.76963 
165,4.125 ,-0.332871 ,1.76768 
166,4.15 ,-0.334891 ,1.76568 
167,4.175 ,-0.336541 ,1.76364 
168,4.2 ,-0.33782 ,1.76155 
169,4.225 ,-0.338728 ,1.75942 
170,4.25 ,-0.339263 ,1.75724 
171,4.275 ,-0.339426 ,1.75502 
172,4.3 ,-0.339216 ,1.75276 
173,4.325 ,-0.338634 ,1.75045 
174,4.35 ,-0.337683 ,1.74811 
175,4.375 ,-0.336362 ,1.74572 
176,4.4 ,-0.334674 ,1.74329 
177,4.425 ,-0.332622 ,1.74082 
178,4.45 ,-0.330208 ,1.73831 
179,4.475 ,-0.327435 ,1.73576 
180,4.5 ,-0.324307 ,1.73317 
181,4.525 ,-0.320828 ,1.73054 
182,4.55 ,-0.317002 ,1.72787 
183,4.575 ,-0.312833 ,1.72516 
184,4.6 ,-0.308327 ,1.72242 
185,4.625 ,-0.303489 ,1.71964 
186,4.65 ,-0.298325 ,1.71682 
187,4.675 ,-0.292842 ,1.71397 
188,4.7 ,-0.287044 ,1.71108 
189,4.725 ,-0.280939 ,1.70815 
190,4.75 ,-0.274535 ,1.70519 
191,4.775 ,-0.267838 ,1.70219 
192,4.8 ,-0.260856 ,1.69916 
193,4.825 ,-0.253597 ,1.69609 
194,4.85 ,-0.246069 ,1.69299 
195,4.875 ,-0.238281 ,1.68986 
196,4.9 ,-0.230241 ,1.68669 
197,4.925 ,-0.221959 ,1.68348 
198,4.95 ,-0.213443 ,1.68025 
199,4.975 ,-0.204703 ,1.67698 
200,5 ,-0.195748 ,1.67368 
201,5.025 ,-0.186588 ,1.67034 
202,5.05 ,-0.177234 ,1.66697 
203,5.075 ,-0.167695 ,1.66357 
204,5.1 ,-0.157982 ,1.66014 
205,5.125 ,-0.148105 ,1.65668 
206,5.15 ,-0.138075 ,1.65318 
207,5.175 ,-0.127902 ,1.64966 
208,5.2 ,-0.117597 ,1.6461 
209,5.225 ,-0.107171 ,1.64251 
210,5.25 ,-0.096635 ,1.6389 
211,5.275 ,-0.0860001 ,1.63525 
212,5.3 ,-0.0752773 ,1.63157 
213,5.325 ,-0.0644777 ,1.62786 
214,5.35 ,-0.0536126 ,1.62412 
215,5.375 ,-0.042693 ,1.62035 
216,5.4 ,-0.0317302 ,1.61655 
217,5.425 ,-0.0207353 ,1.61272 
218,5.45 ,-0.00971952 ,1.60887 
219,5.475 ,0.00130603 ,1.60498 
220,5.5 ,0.0123303 ,1.60107 
221,5.525 ,0.0233422 ,1.59712 
222,5.55 ,0.0343308 ,1.59315 
223,5.575 ,0.0452853 ,1.58915 
224,5.6 ,0.0561947 ,1.58512 
225,5.625 ,0.0670485 ,1.58106 
226,5.65 ,0.0778361 ,1.57698 
227,5.675 ,0.088547 ,1.57286 
228,5.7 ,0.0991708 ,1.56872 
229,5.725 ,0.109697 ,1.56455 
230,5.75 ,0.120117 ,1.56035 
231,5.775 ,0.130419 ,1.55613 
232,5.8 ,0.140594 ,1.55188 
233,5.825 ,0.150633 ,1.5476 
234,5.85 ,0.160527 ,1.54329 
235,5.875 ,0.170265 ,1.53896 
236,5.9 ,0.17984 ,1.5346 
237,5.925 ,0.189242 ,1.53022 
238,5.95 ,0.198464 ,1.5258 
239,5.975 ,0.207496 ,1.52136 
240,6 ,0.216331 ,1.5169 
241,6.025 ,0.224961 ,1.5124 
242,6.05 ,0.233378 ,1.50788 
243,6.075 ,0.241575 ,1.50334 
244,6.1 ,0.249545 ,1.49877 
245,6.125 ,0.257282 ,1.49417 
246,6.15 ,0.264778 ,1.48955 
247,6.175 ,0.272028 ,1.4849 
248,6.2 ,0.279025 ,1.48022 
249,6.225 ,0.285764 ,1.47552 
250,6.25 ,0.29224 ,1.4708 
251,6.275 ,0.298447 ,1.46605 
252,6.3 ,0.304381 ,1.46127 
253,6.325 ,0.310037 ,1.45647 
254,6.35 ,0.31541 ,1.45164 
255,6.375 ,0.320498 ,1.44679 
256,6.4 ,0.325295 ,1.44191 
257,6.425 ,0.3298 ,1.437 
258,6.45 ,0.334008 ,1.43208 
259,6.475 ,0.337917 ,1.42712 
260,6.5 ,0.341525 ,1.42215 
261,6.525 ,0.34483 ,1.41714 
262,6.55 ,0.347829 ,1.41212 
263,6.575 ,0.350521 ,1.40706 
264,6.6 ,0.352905 ,1.40199 
265,6.625 ,0.35498 ,1.39689 
266,6.65 ,0.356744 ,1.39176 
267,6.675 ,0.358199 ,1.38661 
268,6.7 ,0.359343 ,1.38144 
269,6.725 ,0.360177 ,1.37624 
270,6.75 ,0.360701 ,1.37101 
271,6.775 ,0.360916 ,1.36577 
272,6.8 ,0.360823 ,1.3605 
273,6.825 ,0.360423 ,1.3552 
274,6.85 ,0.359718 ,1.34988 
275,6.875 ,0.358709 ,1.34454 
276,6.9 ,0.357399 ,1.33917 
277,6.925 ,0.35579 ,1.33378 
278,6.95 ,0.353885 ,1.32836 
279,6.975 ,0.351685 ,1.32292 
280,7 ,0.349195 ,1.31746 
281,7.025 ,0.346417 ,1.31197 
282,7.05 ,0.343355 ,1.30646 
283,7.075 ,0.340013 ,1.30093 
284,7.1 ,0.336395 ,1.29537 
285,7.125 ,0.332504 ,1.28979 
286,7.15 ,0.328345 ,1.28419 
287,7.175 ,0.323923 ,1.27856 
288,7.2 ,0.319241 ,1.27291 
289,7.225 ,0.314306 ,1.26723 
290,7.25 ,0.309122 ,1.26154 
291,7.275 ,0.303694 ,1.25581 
292,7.3 ,0.298028 ,1.25007 
293,7.325 ,0.292129 ,1.2443 
294,7.35 ,0.286003 ,1.23851 
295,7.375 ,0.279655 ,1.2327 
296,7.4 ,0.273092 ,1.22686 
297,7.425 ,0.26632 ,1.221 
298,7.45 ,0.259344 ,1.21512 
299,7.475 ,0.252171 ,1.20921 
300,7.5 ,0.244808 ,1.20328 
301,7.525 ,0.237261 ,1.19733 
302,7.55 ,0.229536 ,1.19135 
303,7.575 ,0.22164 ,1.18535 
304,7.6 ,0.21358 ,1.17933 
305,7.625 ,0.205363 ,1.17329 
306,7.65 ,0.196995 ,1.16722 
307,7.675 ,0.188484 ,1.16113 
308,7.7 ,0.179835 ,1.15502 
309,7.725 ,0.171057 ,1.14888 
310,7.75 ,0.162156 ,1.14273 
311,7.775 ,0.153139 ,1.13655 
312,7.8 ,0.144013 ,1.13034 
313,7.825 ,0.134786 ,1.12412 
314,7.85 ,0.125464 ,1.11787 
315,7.875 ,0.116054 ,1.1116 
316,7.9 ,0.106564 ,1.1053 
317,7.925 ,0.0969996 ,1.09899 
318,7.95 ,0.087369 ,1.09265 
319,7.975 ,0.0776787 ,1.08629 
320,8 ,0.0679356 ,1.0799 
321,8.025 ,0.0581467 ,1.0735 
322,8.05 ,0.0483188 ,1.06707 
323,8.075 ,0.0384587 ,1.06062 
324,8.1 ,0.028573 ,1.05415 
325,8.125 ,0.0186686 ,1.04765 
326,8.15 ,0.00875188 ,1.04113 
327,8.175 ,-0.00117053 ,1.03459 
328,8.2 ,-0.0110922 ,1.02803 
329,8.225 ,-0.0210067 ,1.02145 
330,8.25 ,-0.0309078 ,1.01484 
331,8.275 ,-0.0407894 ,1.00821 
332,8.3 ,-0.0506452 ,1.00156 
333,8.325 ,-0.0604694 ,0.994887 
334,8.35 ,-0.0702559 ,0.988192 
335,8.375 ,-0.0799991 ,0.981474 
336,8.4 ,-0.0896932 ,0.974735 
337,8.425 ,-0.0993327 ,0.967973 
338,8.45 ,-0.108912 ,0.961189 
339,8.475 ,-0.118426 ,0.954383 
340,8.5 ,-0.127869 ,0.947555 
341,8.525 ,-0.137237 ,0.940705 
342,8.55 ,-0.146524 ,0.933833 
343,8.575 ,-0.155725 ,0.926939 
344,8.6 ,-0.164837 ,0.920023 
345,8.625 ,-0.173853 ,0.913085 
346,8.65 ,-0.18277 ,0.906125 
347,8.675 ,-0.191584 ,0.899143 
348,8.7 ,-0.20029 ,0.89214 
349,8.725 ,-0.208885 ,0.885114 
350,8.75 ,-0.217364 ,0.878066 
351,8.775 ,-0.225723 ,0.870997 
352,8.8 ,-0.23396 ,0.863906 
353,8.825 ,-0.24207 ,0.856793 
354,8.85 ,-0.250051 ,0.849658 
355,8.875 ,-0.257899 ,0.842501 
356,8.9 ,-0.265612 ,0.835322 
357,8.925 ,-0.273185 ,0.828122 
358,8.95 ,-0.280617 ,0.8209 
359,8.975 ,-0.287906 ,0.813656 
360,9 ,-0.295048 ,0.80639 
361,9.025 ,-0.302041 ,0.799103 
362,9.05 ,-0.308883 ,0.791794 
363,9.075 ,-0.315573 ,0.784463 
364,9.1 ,-0.322107 ,0.77711 
365,9.125 ,-0.328486 ,0.769736 
366,9.15 ,-0.334706 ,0.76234 
367,9.175 ,-0.340767 ,0.754923 
368,9.2 ,-0.346667 ,0.747483 
369,9.225 ,-0.352405 ,0.740023 
370,9.25 ,-0.35798 ,0.73254 
371,9.275 ,-0.363392 ,0.725036 
372,9.3 ,-0.368638 ,0.71751 
373,9.325 ,-0.37372 ,0.709963 
374,9.35 ,-0.378635 ,0.702394 
375,9.375 ,-0.383384 ,0.694804 
376,9.4 ,-0.387967 ,0.687192 
377,9.425 ,-0.392383 ,0.679558 
378,9.45 ,-0.396633 ,0.671903 
379,9.475 ,-0.400716 ,0.664226 
380,9.5 ,-0.404633 ,0.656528 
381,9.525 ,-0.408383 ,0.648809 
382,9.55 ,-0.411968 ,0.641067 
383,9.575 ,-0.415388 ,0.633305 
384,9.6 ,-0.418644 ,0.62552 
385,9.625 ,-0.421736 ,0.617715 
386,9.65 ,-0.424665 ,0.609888 
387,9.675 ,-0.427432 ,0.602039 
388,9.7 ,-0.430039 ,0.594169 
389,9.725 ,-0.432485 ,0.586278 
390,9.75 ,-0.434774 ,0.578365 
391,9.775 ,-0.436905 ,0.57043 
392,9.8 ,-0.43888 ,0.562475 
393,9.825 ,-0.440701 ,0.554497 
394,9.85 ,-0.44237 ,0.546499 
395,9.875 ,-0.443887 ,0.538479 
396,9.9 ,-0.445255 ,0.530438 
397,9.925 ,-0.446475 ,0.522375 
398,9.95 ,-0.447549 ,0.514291 
399,9.975 ,-0.44848 ,0.506186 
400,10 ,-0.449269 ,0.498059 
401,10.025 ,-0.449918 ,0.489911 
402,10.05 ,-0.450429 ,0.481741 
403,10.075 ,-0.450805 ,0.47355 
404,10.1 ,-0.451047 ,0.465338 
405,10.125 ,-0.451158 ,0.457105 
406,10.15 ,-0.45114 ,0.44885 
407,10.175 ,-0.450995 ,0.440574 
408,10.2 ,-0.450727 ,0.432277 
409,10.225 ,-0.450336 ,0.423958 
410,10.25 ,-0.449826 ,0.415618 
411,10.275 ,-0.4492 ,0.407257 
412,10.3 ,-0.448459 ,0.398875 
413,10.325 ,-0.447606 ,0.390503 
414,10.35 ,-0.446644 ,0.382172 
415,10.375 ,-0.445575 ,0.37388 
416,10.4 ,-0.444403 ,0.365628 
417,10.425 ,-0.443128 ,0.357416 
418,10.45 ,-0.441755 ,0.349243 
419,10.475 ,-0.440285 ,0.341108 
420,10.5 ,-0.438722 ,0.333012 
421,10.525 ,-0.437067 ,0.324954 
422,10.55 ,-0.435323 ,0.316934 
423,10.575 ,-0.433493 ,0.308952 
424,10.6 ,-0.431579 ,0.301008 
425,10.625 ,-0.429585 ,0.2931 
426,10.65 ,-0.427511 ,0.28523 
427,10.675 ,-0.425361 ,0.277396 
428,10.7 ,-0.423138 ,0.269598 
429,10.725 ,-0.420843 ,0.261837 
430,10.75 ,-0.418479 ,0.254112 
431,10.775 ,-0.416049 ,0.246422 
432,10.8 ,-0.413555 ,0.238768 
433,10.825 ,-0.410999 ,0.231149 
434,10.85 ,-0.408384 ,0.223564 
435,10.875 ,-0.405711 ,0.216015 
436,10.9 ,-0.402984 ,0.2085 
437,10.925 ,-0.400205 ,0.201019 
438,10.95 ,-0.397375 ,0.193572 
439,10.975 ,-0.394497 ,0.186159 
440,11 ,-0.391573 ,0.178779 
441,11.025 ,-0.388605 ,0.171433 
442,11.05 ,-0.385596 ,0.16412 
443,11.075 ,-0.382547 ,0.15684 
444,11.1 ,-0.379461 ,0.149592 
445,11.125 ,-0.376339 ,0.142377 
446,11.15 ,-0.373183 ,0.135193 
447,11.175 ,-0.369996 ,0.128042 
448,11.2 ,-0.36678 ,0.120923 
449,11.225 ,-0.363536 ,0.113835 
450,11.25 ,-0.360266 ,0.106779 
451,11.275 ,-0.356972 ,0.0997533 
452,11.3 ,-0.353655 ,0.0927589 
453,11.325 ,-0.350318 ,0.0857952 
454,11.35 ,-0.346963 ,0.078862 
455,11.375 ,-0.34359 ,0.0719592 
456,11.4 ,-0.340202 ,0.0650865 
457,11.425 ,-0.336799 ,0.0582437 
458,11.45 ,-0.333385 ,0.0514307 
459,11.475 ,-0.32996 ,0.0446472 
460,11.5 ,-0.326526 ,0.037893 
461,11.525 ,-0.323084 ,0.031168 
462,11.55 ,-0.319635 ,0.024472 
463,11.575 ,-0.316182 ,0.0178047 
464,11.6 ,-0.312726 ,0.0111661 
465,11.625 ,-0.309267 ,0.00455588 
466,11.65 ,-0.305807 ,-0.0020261 
467,11.675 ,-0.302347 ,-0.00858004 
468,11.7 ,-0.29889 ,-0.0151061 
469,11.725 ,-0.295435 ,-0.0216045 
470,11.75 ,-0.291984 ,-0.0280753 
471,11.775 ,-0.288538 ,-0.0345188 
472,11.8 ,-0.285098 ,-0.0409351 
473,11.825 ,-0.281666 ,-0.0473245 
474,11.85 ,-0.278242 ,-0.053687 
475,11.875 ,-0.274827 ,-0.0600228 
476,11.9 ,-0.271423 ,-0.0663321 
477,11.925 ,-0.26803 ,-0.0726151 
478,11.95 ,-0.264649 ,-0.078872 
479,11.975 ,-0.261281 ,-0.0851028 
480,12 ,-0.257927 ,-0.0913078 
481,12.025 ,-0.254587 ,-0.0974871 
482,12.05 ,-0.251264 ,-0.103641 
483,12.075 ,-0.247956 ,-0.109769 
484,12.1 ,-0.244666 ,-0.115873 
485,12.125 ,-0.241393 ,-0.121951 
486,12.15 ,-0.238138 ,-0.128004 
487,12.175 ,-0.234903 ,-0.134033 
488,12.2 ,-0.231687 ,-0.140036 
489,12.225 ,-0.228492 ,-0.146016 
490,12.25 ,-0.225317 ,-0.151971 
491,12.275 ,-0.222164 ,-0.157902 
492,12.3 ,-0.219033 ,-0.163809 
493,12.325 ,-0.215924 ,-0.169692 
494,12.35 ,-0.212838 ,-0.175552 
495,12.375 ,-0.209776 ,-0.181388 
496,12.4 ,-0.206737 ,-0.1872 
497,12.425 ,-0.203722 ,-0.19299 
498,12.45 ,-0.200732 ,-0.198756 
499,12.475 ,-0.197767 ,-0.204499 
500,12.5 ,-0.194827 ,-0.210219 
501,12.525 ,-0.191913 ,-0.215916 
502,12.55 ,-0.189025 ,-0.221591 
503,12.575 ,-0.186163 ,-0.227244 
504,12.6 ,-0.183327 ,-0.232874 
505,12.625 ,-0.180518 ,-0.238482 
506,12.65 ,-0.177736 ,-0.244067 
507,12.675 ,-0.174981 ,-0.249631 
508,12.7 ,-0.172253 ,-0.255173 
509,12.725 ,-0.169553 ,-0.260694 
510,12.75 ,-0.16688 ,-0.266192 
511,12.775 ,-0.164236 ,-0.27167 
512,12.8 ,-0.161619 ,-0.277126 
513,12.825 ,-0.15903 ,-0.282561 
514,12.85 ,-0.156469 ,-0.287975 
515,12.875 ,-0.153936 ,-0.293368 
516,12.9 ,-0.151431 ,-0.29874 
517,12.925 ,-0.148955 ,-0.304091 
518,12.95 ,-0.146507 ,-0.309422 
519,12.975 ,-0.144088 ,-0.314732 
520,13 ,-0.141696 ,-0.320022 
521,13.025 ,-0.139334 ,-0.325292 
522,13.05 ,-0.136999 ,-0.330542 
523,13.075 ,-0.134693 ,-0.335772 
524,13.1 ,-0.132415 ,-0.340982 
525,13.125 ,-0.130165 ,-0.346172 
526,13.15 ,-0.127943 ,-0.351342 
527,13.175 ,-0.12575 ,-0.356493 
528,13.2 ,-0.123584 ,-0.361625 
529,13.225 ,-0.121447 ,-0.366737 
530,13.25 ,-0.119337 ,-0.37183 
531,13.275 ,-0.117255 ,-0.376904 
532,13.3 ,-0.1152 ,-0.381958 
533,13.325 ,-0.113173 ,-0.386994 
534,13.35 ,-0.111174 ,-0.392012 
535,13.375 ,-0.109202 ,-0.39701 
536,13.4 ,-0.107256 ,-0.40199 
537,13.425 ,-0.105338 ,-0.406952 
538,13.45 ,-0.103447 ,-0.411895 
539,13.475 ,-0.101582 ,-0.41682 
540,13.5 ,-0.0997435 ,-0.421726 
541,13.525 ,-0.0979314 ,-0.426615 
542,13.55 ,-0.0961454 ,-0.431485 
543,13.575 ,-0.0943854 ,-0.436338 
544,13.6 ,-0.0926511 ,-0.441173 
545,13.625 ,-0.0909424 ,-0.445991 
546,13.65 ,-0.0892589 ,-0.45079 
547,13.675 ,-0.0876007 ,-0.455573 
548,13.7 ,-0.0859674 ,-0.460338 
549,13.725 ,-0.0843588 ,-0.465085 
550,13.75 ,-0.0827747 ,-0.469816 
551,13.775 ,-0.081215 ,-0.474529 
552,13.8 ,-0.0796793 ,-0.479225 
553,13.825 ,-0.0781675 ,-0.483905 
554,13.85 ,-0.0766794 ,-0.488567 
555,13.875 ,-0.0752146 ,-0.493213 
556,13.9 ,-0.0737731 ,-0.497842 
557,13.925 ,-0.0723544 ,-0.502455 
558,13.95 ,-0.0709586 ,-0.507051 
559,13.975 ,-0.0695852 ,-0.511631 
560,14 ,-0.068234 ,-0.516194 
561,14.025 ,-0.0669049 ,-0.520742 
562,14.05 ,-0.0655975 ,-0.525273 
563,14.075 ,-0.0643117 ,-0.529788 
564,14.1 ,-0.0630472 ,-0.534287 
565,14.125 ,-0.0618037 ,-0.538771 
566,14.15 ,-0.060581 ,-0.543238 
567,14.175 ,-0.0593789 ,-0.54769 
568,14.2 ,-0.0581972 ,-0.552126 
569,14.225 ,-0.0570355 ,-0.556547 
570,14.25 ,-0.0558936 ,-0.560952 
571,14.275 ,-0.0547714 ,-0.565342 
572,14.3 ,-0.0536685 ,-0.569717 
573,14.325 ,-0.0525847 ,-0.574076 
574,14.35 ,-0.0515198 ,-0.578421 
575,14.375 ,-0.0504735 ,-0.58275 
576,14.4 ,-0.0494456 ,-0.587064 
577,14.425 ,-0.0484358 ,-0.591363 
578,14.45 ,-0.0474439 ,-0.595648 
579,14.475 ,-0.0464697 ,-0.599918 
580,14.5 ,-0.0455129 ,-0.604173 
581,14.525 ,-0.0445733 ,-0.608413 
582,14.55 ,-0.0436507 ,-0.612639 
583,14.575 ,-0.0427448 ,-0.616851 
584,14.6 ,-0.0418553 ,-0.621048 
585,14.625 ,-0.0409821 ,-0.625231 
586,14.65 ,-0.0401249 ,-0.6294 
587,14.675 ,-0.0392835 ,-0.633554 
588,14.7 ,-0.0384577 ,-0.637695 
589,14.725 ,-0.0376471 ,-0.641821 
590,14.75 ,-0.0368517 ,-0.645934 
591,14.775 ,-0.0360712 ,-0.650032 
592,14.8 ,-0.0353053 ,-0.654117 
593,14.825 ,-0.0345538 ,-0.658188 
594,14.85 ,-0.0338166 ,-0.662246 
595,14.875 ,-0.0330933 ,-0.66629 
596,14.9 ,-0.0323839 ,-0.67032 
597,14.925 ,-0.031688 ,-0.674337 
598,14.95 ,-0.0310054 ,-0.678341 
599,14.975 ,-0.030336 ,-0.682331 
600,15 ,-0.0296796 ,-0.686308 
601,15.025 ,-0.0290358 ,-0.690272 
602,15.05 ,-0.0284046 ,-0.694222 
603,15.075 ,-0.0277858 ,-0.69816 
604,15.1 ,-0.027179 ,-0.702084 
605,15.125 ,-0.0265842 ,-0.705996 
606,15.15 ,-0.0260011 ,-0.709895 
607,15.175 ,-0.0254295 ,-0.713781 
608,15.2 ,-0.0248693 ,-0.717654 
609,15.225 ,-0.0243203 ,-0.721515 
610,15.25 ,-0.0237822 ,-0.725363 
611,15.275 ,-0.0232549 ,-0.729198 
612,15.3 ,-0.0227382 ,-0.733021 
613,15.325 ,-0.0222319 ,-0.736832 
614,15.35 ,-0.0217358 ,-0.74063 
615,15.375 ,-0.0212498 ,-0.744416 
616,15.4 ,-0.0207737 ,-0.74819 
617,15.425 ,-0.0203073 ,-0.751951 
618,15.45 ,-0.0198505 ,-0.7557 
619,15.475 ,-0.019403 ,-0.759438 
620,15.5 ,-0.0189647 ,-0.763163 
621,15.525 ,-0.0185355 ,-0.766876 
622,15.55 ,-0.0181152 ,-0.770578 
623,15.575 ,-0.0177036 ,-0.774267 
624,15.6 ,-0.0173005 ,-0.777945 
625,15.625 ,-0.0169059 ,-0.781611 
626,15.65 ,-0.0165195 ,-0.785265 
627,15.675 ,-0.0161413 ,-0.788908 
628,15.7 ,-0.015771 ,-0.792539 
629,15.725 ,-0.0154085 ,-0.796159 
630,15.75 ,-0.0150536 ,-0.799767 
631,15.775 ,-0.0147063 ,-0.803364 
632,15.8 ,-0.0143664 ,-0.806949 
633,15.825 ,-0.0140338 ,-0.810524 
634,15.85 ,-0.0137082 ,-0.814087 
635,15.875 ,-0.0133896 ,-0.817638 
636,15.9 ,-0.0130779 ,-0.821179 
637,15.925 ,-0.0127728 ,-0.824709 
638,15.95 ,-0.0124744 ,-0.828227 
639,15.975 ,-0.0121824 ,-0.831735 
640,16 ,-0.0118968 ,-0.835231 
641,16.025 ,-0.0116173 ,-0.838717 
642,16.05 ,-0.011344 ,-0.842192 
643,16.075 ,-0.0110766 ,-0.845656 
644,16.1 ,-0.010815 ,-0.84911 
645,16.125 ,-0.0105592 ,-0.852553 
646,16.15 ,-0.0103091 ,-0.855985 
647,16.175 ,-0.0100644 ,-0.859406 
648,16.2 ,-0.0098252 ,-0.862817 
649,16.225 ,-0.00959125 ,-0.866218 
650,16.25 ,-0.0093625 ,-0.869608 
651,16.275 ,-0.00913884 ,-0.872988 
652,16.3 ,-0.00892016 ,-0.876358 
653,16.325 ,-0.00870638 ,-0.879717 
654,16.35 ,-0.00849737 ,-0.883066 
655,16.375 ,-0.00829306 ,-0.886404 
656,16.4 ,-0.00809334 ,-0.889733 
657,16.425 ,-0.00789812 ,-0.893052 
658,16.45 ,-0.00770732 ,-0.89636 
659,16.475 ,-0.00752083 ,-0.899658 
660,16.5 ,-0.00733856 ,-0.902947 
661,16.525 ,-0.00716044 ,-0.906225 
662,16.55 ,-0.00698638 ,-0.909494 
663,16.575 ,-0.00681629 ,-0.912753 
664,16.6 ,-0.00665008 ,-0.916002 
665,16.625 ,-0.00648768 ,-0.919242 
666,16.65 ,-0.00632901 ,-0.922471 
667,16.675 ,-0.00617399 ,-0.925691 
668,16.7 ,-0.00602255 ,-0.928902 
669,16.725 ,-0.00587459 ,-0.932102 
670,16.75 ,-0.00573006 ,-0.935294 
671,16.775 ,-0.00558888 ,-0.938476 
672,16.8 ,-0.00545098 ,-0.941648 
673,16.825 ,-0.00531629 ,-0.944811 
674,16.85 ,-0.00518474 ,-0.947965 
675,16.875 ,-0.00505625 ,-0.951109 
676,16.9 ,-0.00493078 ,-0.954244 
677,16.925 ,-0.00480824 ,-0.95737 
678,16.95 ,-0.00468858 ,-0.960486 
679,16.975 ,-0.00457174 ,-0.963594 
680,17 ,-0.00445765 ,-0.966692 
681,17.025 ,-0.00434625 ,-0.969782 
682,17.05 ,-0.00423749 ,-0.972862 
683,17.075 ,-0.00413131 ,-0.975933 
684,17.1 ,-0.00402764 ,-0.978995 
685,17.125 ,-0.00392644 ,-0.982049 
686,17.15 ,-0.00382765 ,-0.985093 
687,17.175 ,-0.00373121 ,-0.988129 
688,17.2 ,-0.00363708 ,-0.991156 
689,17.225 ,-0.00354521 ,-0.994174 
690,17.25 ,-0.00345553 ,-0.997184 
691,17.275 ,-0.00336801 ,-1.00018 
692,17.3 ,-0.0032826 ,-1.00318 
693,17.325 ,-0.00319924 ,-1.00616 
694,17.35 ,-0.0031179 ,-1.00913 
695,17.375 ,-0.00303852 ,-1.0121 
696,17.4 ,-0.00296106 ,-1.01506 
697,17.425 ,-0.00288548 ,-1.01801 
698,17.45 ,-0.00281174 ,-1.02095 
699,17.475 ,-0.0027398 ,-1.02388 
700,17.5 ,-0.0026696 ,-1.02681 
701,17.525 ,-0.00260112 ,-1.02972 
702,17.55 ,-0.00253432 ,-1.03263 
703,17.575 ,-0.00246914 ,-1.03553 
704,17.6 ,-0.00240557 ,-1.03842 
705,17.625 ,-0.00234356 ,-1.0413 
706,17.65 ,-0.00228307 ,-1.04418 
707,17.675 ,-0.00222408 ,-1.04705 
708,17.7 ,-0.00216654 ,-1.0499 
709,17.725 ,-0.00211042 ,-1.05276 
710,17.75 ,-0.00205569 ,-1.0556 
711,17.775 ,-0.00200232 ,-1.05843 
712,17.8 ,-0.00195027 ,-1.06126 
713,17.825 ,-0.00189951 ,-1.06408 
714,17.85 ,-0.00185002 ,-1.06689 
715,17.875 ,-0.00180176 ,-1.06969 
716,17.9 ,-0.00175471 ,-1.07249 
717,17.925 ,-0.00170883 ,-1.07528 
718,17.95 ,-0.0016641 ,-1.07806 
719,17.975 ,-0.00162049 ,-1.08083 
720,18 ,-0.00157798 ,-1.08359 
721,18.025 ,-0.00153653 ,-1.08635 
722,18.05 ,-0.00149613 ,-1.0891 
723,18.075 ,-0.00145675 ,-1.09184 
724,18.1 ,-0.00141836 ,-1.09457 
725,18.125 ,-0.00138094 ,-1.0973 
726,18.15 ,-0.00134447 ,-1.10002 
727,18.175 ,-0.00130893 ,-1.10273 
728,18.2 ,-0.00127428 ,-1.10543 
729,18.225 ,-0.00124052 ,-1.10813 
730,18.25 ,-0.00120761 ,-1.11082 
731,18.275 ,-0.00117555 ,-1.1135 
732,18.3 ,-0.0011443 ,-1.11618 
733,18.325 ,-0.00111385 ,-1.11885 
734,18.35 ,-0.00108418 ,-1.12151 
735,18.375 ,-0.00105527 ,-1.12416 
736,18.4 ,-0.0010271 ,-1.1268 
737,18.425 ,-0.000999649 ,-1.12944 
738,18.45 ,-0.000972908 ,-1.13207 
739,18.475 ,-0.000946856 ,-1.1347 
740,18.5 ,-0.000921476 ,-1.13732 
741,18.525 ,-0.00089675 ,-1.13993 
742,18.55 ,-0.000872663 ,-1.14253 
743,18.575 ,-0.0008492 ,-1.14513 
744,18.6 ,-0.000826344 ,-1.14772 
745,18.625 ,-0.000804081 ,-1.1503 
746,18.65 ,-0.000782396 ,-1.15287 
747,18.675 ,-0.000761275 ,-1.15544 
748,18.7 ,-0.000740704 ,-1.158 
749,18.725 ,-0.000720669 ,-1.16056 
750,18.75 ,-0.000701157 ,-1.16311 
751,18.775 ,-0.000682154 ,-1.16565 
752,18.8 ,-0.000663648 ,-1.16818 
753,18.825 ,-0.000645627 ,-1.17071 
754,18.85 ,-0.000628079 ,-1.17323 
755,18.875 ,-0.00061099 ,-1.17575 
756,18.9 ,-0.000594351 ,-1.17826 
757,18.925 ,-0.00057815 ,-1.18076 
758,18.95 ,-0.000562375 ,-1.18325 
759,18.975 ,-0.000547016 ,-1.18574 
760,19 ,-0.000532063 ,-1.18822 
761,19.025 ,-0.000517505 ,-1.1907 
762,19.05 ,-0.000503332 ,-1.19317 
763,19.075 ,-0.000489534 ,-1.19563 
764,19.1 ,-0.000476102 ,-1.19808 
765,19.125 ,-0.000463027 ,-1.20053 
766,19.15 ,-0.000450299 ,-1.20298 
767,19.175 ,-0.00043791 ,-1.20541 
768,19.2 ,-0.00042585 ,-1.20784 
769,19.225 ,-0.000414112 ,-1.21027 
770,19.25 ,-0.000402688 ,-1.21269 
771,19.275 ,-0.000391568 ,-1.2151 
772,19.3 ,-0.000380746 ,-1.2175 
773,19.325 ,-0.000370214 ,-1.2199 
774,19.35 ,-0.000359964 ,-1.2223 
775,19.375 ,-0.000349989 ,-1.22468 
776,19.4 ,-0.000340282 ,-1.22706 
777,19.425 ,-0.000330836 ,-1.22944 
778,19.45 ,-0.000321644 ,-1.23181 
779,19.475 ,-0.0003127 ,-1.23417 
780,19.5 ,-0.000303997 ,-1.23652 
781,19.525 ,-0.000295528 ,-1.23888 
782,19.55 ,-0.000287289 ,-1.24122 
783,19.575 ,-0.000279273 ,-1.24356 
784,19.6 ,-0.000271474 ,-1.24589 
785,19.625 ,-0.000263886 ,-1.24822 
786,19.65 ,-0.000256504 ,-1.25054 
787,19.675 ,-0.000249322 ,-1.25285 
788,19.7 ,-0.000242336 ,-1.25516 
789,19.725 ,-0.00023554 ,-1.25746 
790,19.75 ,-0.000228929 ,-1.25976 
791,19.775 ,-0.000222498 ,-1.26205 
792,19.8 ,-0.000216243 ,-1.26434 
793,19.825 ,-0.000210158 ,-1.26662 
794,19.85 ,-0.00020424 ,-1.26889 
795,19.875 ,-0.000198484 ,-1.27116 
796,19.9 ,-0.000192886 ,-1.27342 
797,19.925 ,-0.000187441 ,-1.27568 
798,19.95 ,-0.000182146 ,-1.27793 
799,19.975 ,-0.000176996 ,-1.28018 
800,20 ,-0.000171988 ,-1.28242 
801,20.025 ,-0.000167117 ,-1.28465 
802,20.05 ,-0.000162381 ,-1.28688 
803,20.075 ,-0.000157775 ,-1.28911 
804,20.1 ,-0.000153297 ,-1.29132 
805,20.125 ,-0.000148942 ,-1.29354 
806,20.15 ,-0.000144708 ,-1.29574 
807,20.175 ,-0.000140591 ,-1.29795 
808,20.2 ,-0.000136588 ,-1.30014 
809,20.225 ,-0.000132696 ,-1.30233 
810,20.25 ,-0.000128912 ,-1.30452 
811,20.275 ,-0.000125233 ,-1.3067 
812,20.3 ,-0.000121656 ,-1.30887 
813,20.325 ,-0.000118179 ,-1.31104 
814,20.35 ,-0.000114799 ,-1.31321 
815,20.375 ,-0.000111513 ,-1.31537 
816,20.4 ,-0.000108318 ,-1.31752 
817,20.425 ,-0.000105213 ,-1.31967 
818,20.45 ,-0.000102195 ,-1.32181 
819,20.475 ,-9.92608e-05 ,-1.32395 
820,20.5 ,-9.6409e-05 ,-1.32608 
821,20.525 ,-9.36371e-05 ,-1.32821 
822,20.55 ,-9.09429e-05 ,-1.33033 
823,20.575 ,-8.83244e-05 ,-1.33245 
824,20.6 ,-8.57794e-05 ,-1.33456 
825,20.625 ,-8.33059e-05 ,-1.33667 
826,20.65 ,-8.09021e-05 ,-1.33877 
827,20.675 ,-7.8566e-05 ,-1.34086 
828,20.7 ,-7.62957e-05 ,-1.34296 
829,20.725 ,-7.40894e-05 ,-1.34504 
830,20.75 ,-7.19455e-05 ,-1.34712 
831,20.775 ,-6.98621e-05 ,-1.3492 
832,20.8 ,-6.78376e-05 ,-1.35127 
833,20.825 ,-6.58704e-05 ,-1.35334 
834,20.85 ,-6.3959e-05 ,-1.3554 
835,20.875 ,-6.21017e-05 ,-1.35746 
836,20.9 ,-6.02971e-05 ,-1.35951 
837,20.925 ,-5.85438e-05 ,-1.36156 
838,20.95 ,-5.68403e-05 ,-1.3636 
839,20.975 ,-5.51852e-05 ,-1.36564 
840,21 ,-5.35772e-05 ,-1.36767 
841,21.025 ,-5.2015e-05 ,-1.3697 
842,21.05 ,-5.04974e-05 ,-1.37172 
843,21.075 ,-4.90231e-05 ,-1.37374 
844,21.1 ,-4.75908e-05 ,-1.37575 
845,21.125 ,-4.61995e-05 ,-1.37776 
846,21.15 ,-4.48479e-05 ,-1.37976 
847,21.175 ,-4.35351e-05 ,-1.38176 
848,21.2 ,-4.22598e-05 ,-1.38376 
849,21.225 ,-4.10211e-05 ,-1.38575 
850,21.25 ,-3.98179e-05 ,-1.38773 
851,21.275 ,-3.86493e-05 ,-1.38971 
852,21.3 ,-3.75142e-05 ,-1.39169 
853,21.325 ,-3.64117e-05 ,-1.39366 
854,21.35 ,-3.5341e-05 ,-1.39562 
855,21.375 ,-3.43011e-05 ,-1.39759 
856,21.4 ,-3.32912e-05 ,-1.39954 
857,21.425 ,-3.23104e-05 ,-1.4015 
858,21.45 ,-3.13579e-05 ,-1.40344 
859,21.475 ,-3.04329e-05 ,-1.40539 
860,21.5 ,-2.95346e-05 ,-1.40733 
861,21.525 ,-2.86623e-05 ,-1.40926 
862,21.55 ,-2.78153e-05 ,-1.41119 
863,21.575 ,-2.69928e-05 ,-1.41312 
864,21.6 ,-2.61941e-05 ,-1.41504 
865,21.625 ,-2.54186e-05 ,-1.41696 
866,21.65 ,-2.46656e-05 ,-1.41887 
867,21.675 ,-2.39345e-05 ,-1.42078 
868,21.7 ,-2.32247e-05 ,-1.42268 
869,21.725 ,-2.25355e-05 ,-1.42458 
870,21.75 ,-2.18663e-05 ,-1.42647 
871,21.775 ,-2.12167e-05 ,-1.42836 
872,21.8 ,-2.0586e-05 ,-1.43025 
873,21.825 ,-1.99737e-05 ,-1.43213 
874,21.85 ,-1.93793e-05 ,-1.43401 
875,21.875 ,-1.88022e-05 ,-1.43588 
876,21.9 ,-1.82421e-05 ,-1.43775 
877,21.925 ,-1.76983e-05 ,-1.43962 
878,21.95 ,-1.71704e-05 ,-1.44148 
879,21.975 ,-1.66581e-05 ,-1.44334 
880,22 ,-1.61607e-05 ,-1.44519 
881,22.025 ,-1.5678e-05 ,-1.44704 
882,22.05 ,-1.52094e-05 ,-1.44888 
883,22.075 ,-1.47546e-05 ,-1.45072 
884,22.1 ,-1.43132e-05 ,-1.45255 
885,22.125 ,-1.38847e-05 ,-1.45439 
886,22.15 ,-1.34689e-05 ,-1.45621 
887,22.175 ,-1.30654e-05 ,-1.45804 
888,22.2 ,-1.26737e-05 ,-1.45986 
889,22.225 ,-1.22937e-05 ,-1.46167 
890,22.25 ,-1.19248e-05 ,-1.46348 
891,22.275 ,-1.15669e-05 ,-1.46529 
892,22.3 ,-1.12196e-05 ,-1.46709 
893,22.325 ,-1.08825e-05 ,-1.46889 
894,22.35 ,-1.05554e-05 ,-1.47068 
895,22.375 ,-1.02381e-05 ,-1.47248 
896,22.4 ,-9.93014e-06 ,-1.47426 
897,22.425 ,-9.63136e-06 ,-1.47604 
898,22.45 ,-9.34146e-06 ,-1.47782 
899,22.475 ,-9.06019e-06 ,-1.4796 
900,22.5 ,-8.7873e-06 ,-1.48137 
901,22.525 ,-8.52254e-06 ,-1.48314 
902,22.55 ,-8.26569e-06 ,-1.4849 
903,22.575 ,-8.0165e-06 ,-1.48666 
904,22.6 ,-7.77477e-06 ,-1.48841 
905,22.625 ,-7.54027e-06 ,-1.49017 
906,22.65 ,-7.31279e-06 ,-1.49191 
907,22.675 ,-7.09213e-06 ,-1.49366 
908,22.7 ,-6.8781e-06 ,-1.4954 
909,22.725 ,-6.67049e-06 ,-1.49713 
910,22.75 ,-6.46912e-06 ,-1.49887 
911,22.775 ,-6.27382e-06 ,-1.50059 
912,22.8 ,-6.0844e-06 ,-1.50232 
913,22.825 ,-5.90069e-06 ,-1.50404 
914,22.85 ,-5.72253e-06 ,-1.50576 
915,22.875 ,-5.54975e-06 ,-1.50747 
916,22.9 ,-5.38221e-06 ,-1.50918 
917,22.925 ,-5.21974e-06 ,-1.51089 
918,22.95 ,-5.0622e-06 ,-1.51259 
919,22.975 ,-4.90945e-06 ,-1.51429 
920,23 ,-4.76134e-06 ,-1.51598 
921,23.025 ,-4.61775e-06 ,-1.51767 
922,23.05 ,-4.47853e-06 ,-1.51936 
923,23.075 ,-4.34357e-06 ,-1.52105 
924,23.1 ,-4.21274e-06 ,-1.52273 
925,23.125 ,-4.08592e-06 ,-1.5244 
926,23.15 ,-3.96299e-06 ,-1.52608 
927,23.175 ,-3.84384e-06 ,-1.52774 
928,23.2 ,-3.72837e-06 ,-1.52941 
929,23.225 ,-3.61645e-06 ,-1.53107 
930,23.25 ,-3.508e-06 ,-1.53273 
931,23.275 ,-3.40291e-06 ,-1.53439 
932,23.3 ,-3.30108e-06 ,-1.53604 
933,23.325 ,-3.20242e-06 ,-1.53769 
934,23.35 ,-3.10684e-06 ,-1.53933 
935,23.375 ,-3.01425e-06 ,-1.54097 
936,23.4 ,-2.92456e-06 ,-1.54261 
937,23.425 ,-2.83769e-06 ,-1.54424 
938,23.45 ,-2.75356e-06 ,-1.54587 
939,23.475 ,-2.67209e-06 ,-1.5475 
940,23.5 ,-2.5932e-06 ,-1.54913 
941,23.525 ,-2.51683e-06 ,-1.55075 
942,23.55 ,-2.4429e-06 ,-1.55236 
943,23.575 ,-2.37133e-06 ,-1.55398 
944,23.6 ,-2.30207e-06 ,-1.55559 
945,23.625 ,-2.23505e-06 ,-1.55719 
946,23.65 ,-2.1702e-06 ,-1.5588 
947,23.675 ,-2.10747e-06 ,-1.5604 
948,23.7 ,-2.0468e-06 ,-1.56199 
949,23.725 ,-1.98812e-06 ,-1.56359 
950,23.75 ,-1.93138e-06 ,-1.56518 
951,23.775 ,-1.87654e-06 ,-1.56676 
952,23.8 ,-1.82353e-06 ,-1.56834 
953,23.825 ,-1.77231e-06 ,-1.56992 
954,23.85 ,-1.72282e-06 ,-1.5715 
955,23.875 ,-1.67504e-06 ,-1.57307 
956,23.9 ,-1.62889e-06 ,-1.57464 
957,23.925 ,-1.58435e-06 ,-1.57621 
958,23.95 ,-1.54138e-06 ,-1.57777 
959,23.975 ,-1.49992e-06 ,-1.57933 
960,24 ,-1.45994e-06 ,-1.58089 
961,24.025 ,-1.42141e-06 ,-1.58244 
962,24.05 ,-1.38428e-06 ,-1.584 
963,24.075 ,-1.34852e-06 ,-1.58554 
964,24.1 ,-1.3141e-06 ,-1.58709 
965,24.125 ,-1.28098e-06 ,-1.58863 
966,24.15 ,-1.24913e-06 ,-1.59016 
967,24.175 ,-1.21853e-06 ,-1.5917 
968,24.2 ,-1.18913e-06 ,-1.59323 
969,24.225 ,-1.16093e-06 ,-1.59476 
970,24.25 ,-1.13387e-06 ,-1.59628 
971,24.275 ,-1.10795e-06 ,-1.59781 
972,24.3 ,-1.08314e-06 ,-1.59932 
973,24.325 ,-1.05941e-06 ,-1.60084 
974,24.35 ,-1.03674e-06 ,-1.60235 
975,24.375 ,-1.01511e-06 ,-1.60386 
976,24.4 ,-9.94494e-07 ,-1.60537 
977,24.425 ,-9.74878e-07 ,-1.60687 
978,24.45 ,-9.5624e-07 ,-1.60837 
979,24.475 ,-9.38564e-07 ,-1.60987 
980,24.5 ,-9.21833e-07 ,-1.61136 
981,24.525 ,-9.06029e-07 ,-1.61285 
982,24.55 ,-8.9114e-07 ,-1.61434 
983,24.575 ,-8.77149e-07 ,-1.61583 
984,24.6 ,-8.64044e-07 ,-1.61731 
985,24.625 ,-8.51813e-07 ,-1.61879 
986,24.65 ,-8.40444e-07 ,-1.62026 
987,24.675 ,-8.29926e-07 ,-1.62174 
988,24.7 ,-8.20249e-07 ,-1.62321 
989,24.725 ,-8.11404e-07 ,-1.62467 
990,24.75 ,-8.03383e-07 ,-1.62614 
991,24.775 ,-7.96179e-07 ,-1.6276 
992,24.8 ,-7.89785e-07 ,-1.62906 
993,24.825 ,-7.84195e-07 ,-1.63051 
994,24.85 ,-7.79404e-07 ,-1.63197 
995,24.875 ,-7.75408e-07 ,-1.63341 
996,24.9 ,-7.72204e-07 ,-1.63486 
997,24.925 ,-7.6979e-07 ,-1.63631 
998,24.95 ,-7.68162e-07 ,-1.63775 
999,24.975 ,-7.67321e-07 ,-1.63918 
1000,25 ,-7.67266e-07 ,-1.64062 