N_e = 18
1,0.025 ,0.0295596 ,0.898469 
2,0.05 ,0.0295596 ,0.898438 
3,0.075 ,0.0295596 ,0.898387 
4,0.1 ,0.0393888 ,0.898315 
5,0.125 ,0.0491959 ,0.898222 
6,0.15 ,0.0589754 ,0.898109 
7,0.175 ,0.0687217 ,0.897975 
8,0.2 ,0.0784296 ,0.89782 
9,0.225 ,0.0880934 ,0.897645 
10,0.25 ,0.0977077 ,0.89745 
11,0.275 ,0.107267 ,0.897234 
12,0.3 ,0.116767 ,0.896997 
13,0.325 ,0.126201 ,0.896739 
14,0.35 ,0.135564 ,0.896461 
15,0.375 ,0.144851 ,0.896163 
16,0.4 ,0.154057 ,0.895843 
17,0.425 ,0.163177 ,0.895504 
18,0.45 ,0.172206 ,0.895143 
19,0.475 ,0.181138 ,0.894762 
20,0.5 ,0.189969 ,0.894361 
21,0.525 ,0.198694 ,0.893939 
22,0.55 ,0.207308 ,0.893496 
23,0.575 ,0.215806 ,0.893032 
24,0.6 ,0.224183 ,0.892549 
25,0.625 ,0.232436 ,0.892044 
26,0.65 ,0.240559 ,0.891519 
27,0.675 ,0.248548 ,0.890973 
28,0.7 ,0.256398 ,0.890407 
29,0.725 ,0.264106 ,0.88982 
30,0.75 ,0.271667 ,0.889212 
31,0.775 ,0.279077 ,0.888584 
32,0.8 ,0.286332 ,0.887936 
33,0.825 ,0.293428 ,0.887266 
34,0.85 ,0.300361 ,0.886576 
35,0.875 ,0.307128 ,0.885866 
36,0.9 ,0.313725 ,0.885135 
37,0.925 ,0.320149 ,0.884383 
38,0.95 ,0.326395 ,0.883611 
39,0.975 ,0.332461 ,0.882818 
40,1 ,0.338344 ,0.882005 
41,1.025 ,0.34404 ,0.881171 
42,1.05 ,0.349547 ,0.880316 
43,1.075 ,0.354862 ,0.879441 
44,1.1 ,0.359981 ,0.878545 
45,1.125 ,0.364903 ,0.877628 
46,1.15 ,0.369624 ,0.876691 
47,1.175 ,0.374144 ,0.875734 
48,1.2 ,0.378458 ,0.874756 
49,1.225 ,0.382565 ,0.873757 
50,1.25 ,0.386464 ,0.872737 
51,1.275 ,0.390152 ,0.871697 
52,1.3 ,0.393627 ,0.870637 
53,1.325 ,0.396888 ,0.869556 
54,1.35 ,0.399933 ,0.868454 
55,1.375 ,0.402761 ,0.867332 
56,1.4 ,0.405371 ,0.866189 
57,1.425 ,0.407762 ,0.865025 
58,1.45 ,0.409932 ,0.863841 
59,1.475 ,0.411881 ,0.862636 
60,1.5 ,0.413607 ,0.861411 
61,1.525 ,0.415111 ,0.860165 
62,1.55 ,0.416392 ,0.858899 
63,1.575 ,0.41745 ,0.857611 
64,1.6 ,0.418283 ,0.856304 
65,1.625 ,0.418893 ,0.854975 
66,1.65 ,0.419279 ,0.853627 
67,1.675 ,0.419441 ,0.852257 
68,1.7 ,0.41938 ,0.850867 
69,1.725 ,0.419096 ,0.849456 
70,1.75 ,0.418589 ,0.848025 
71,1.775 ,0.417861 ,0.846573 
72,1.8 ,0.416911 ,0.845101 
73,1.825 ,0.415741 ,0.843608 
74,1.85 ,0.414352 ,0.842094 
75,1.875 ,0.412745 ,0.84056 
76,1.9 ,0.410921 ,0.839005 
77,1.925 ,0.408882 ,0.83743 
78,1.95 ,0.406629 ,0.835834 
79,1.975 ,0.404163 ,0.834217 
80,2 ,0.401487 ,0.83258 
81,2.025 ,0.398601 ,0.830922 
82,2.05 ,0.395509 ,0.829244 
83,2.075 ,0.392211 ,0.827545 
84,2.1 ,0.388711 ,0.825825 
85,2.125 ,0.38501 ,0.824085 
86,2.15 ,0.381111 ,0.822324 
87,2.175 ,0.377016 ,0.820543 
88,2.2 ,0.372728 ,0.818741 
89,2.225 ,0.368249 ,0.816918 
90,2.25 ,0.363582 ,0.815075 
91,2.275 ,0.35873 ,0.813212 
92,2.3 ,0.353695 ,0.811327 
93,2.325 ,0.348481 ,0.809422 
94,2.35 ,0.343091 ,0.807497 
95,2.375 ,0.337528 ,0.805551 
96,2.4 ,0.331794 ,0.803584 
97,2.425 ,0.325894 ,0.801597 
98,2.45 ,0.319831 ,0.799589 
99,2.475 ,0.313608 ,0.797561 
100,2.5 ,0.307229 ,0.795511 
101,2.525 ,0.300697 ,0.793442 
102,2.55 ,0.294016 ,0.791352 
103,2.575 ,0.287189 ,0.789241 
104,2.6 ,0.280221 ,0.787109 
105,2.625 ,0.273115 ,0.784957 
106,2.65 ,0.265875 ,0.782785 
107,2.675 ,0.258504 ,0.780591 
108,2.7 ,0.251008 ,0.778378 
109,2.725 ,0.24339 ,0.776143 
110,2.75 ,0.235653 ,0.773888 
111,2.775 ,0.227803 ,0.771613 
112,2.8 ,0.219843 ,0.769316 
113,2.825 ,0.211777 ,0.767 
114,2.85 ,0.203609 ,0.764662 
115,2.875 ,0.195344 ,0.762304 
116,2.9 ,0.186986 ,0.759926 
117,2.925 ,0.17854 ,0.757527 
118,2.95 ,0.170008 ,0.755107 
119,2.975 ,0.161397 ,0.752666 
120,3 ,0.15271 ,0.750206 
121,3.025 ,0.143951 ,0.747724 
122,3.05 ,0.135124 ,0.745222 
123,3.075 ,0.126235 ,0.742699 
124,3.1 ,0.117287 ,0.740156 
125,3.125 ,0.108285 ,0.737592 
126,3.15 ,0.0992334 ,0.735007 
127,3.175 ,0.0901358 ,0.732402 
128,3.2 ,0.080997 ,0.729777 
129,3.225 ,0.0718213 ,0.72713 
130,3.25 ,0.0626129 ,0.724464 
131,3.275 ,0.0533761 ,0.721776 
132,3.3 ,0.0441153 ,0.719068 
133,3.325 ,0.0348346 ,0.716339 
134,3.35 ,0.0255384 ,0.71359 
135,3.375 ,0.0162308 ,0.71082 
136,3.4 ,0.0069159 ,0.70803 
137,3.425 ,-0.00240202 ,0.705219 
138,3.45 ,-0.0117189 ,0.702387 
139,3.475 ,-0.0210306 ,0.699535 
140,3.5 ,-0.0303331 ,0.696662 
141,3.525 ,-0.0396225 ,0.693769 
142,3.55 ,-0.0488946 ,0.690855 
143,3.575 ,-0.0581456 ,0.68792 
144,3.6 ,-0.0673717 ,0.684965 
145,3.625 ,-0.0765689 ,0.681989 
146,3.65 ,-0.0857335 ,0.678993 
147,3.675 ,-0.0948617 ,0.675976 
148,3.7 ,-0.10395 ,0.672938 
149,3.725 ,-0.112994 ,0.66988 
150,3.75 ,-0.121991 ,0.666801 
151,3.775 ,-0.130938 ,0.663702 
152,3.8 ,-0.13983 ,0.660582 
153,3.825 ,-0.148664 ,0.657442 
154,3.85 ,-0.157437 ,0.654281 
155,3.875 ,-0.166146 ,0.651099 
156,3.9 ,-0.174787 ,0.647896 
157,3.925 ,-0.183357 ,0.644674 
158,3.95 ,-0.191854 ,0.64143 
159,3.975 ,-0.200273 ,0.638166 
160,4 ,-0.208613 ,0.634881 
161,4.025 ,-0.21687 ,0.631576 
162,4.05 ,-0.225041 ,0.62825 
163,4.075 ,-0.233124 ,0.624904 
164,4.1 ,-0.241116 ,0.621537 
165,4.125 ,-0.249015 ,0.618149 
166,4.15 ,-0.256817 ,0.614741 
167,4.175 ,-0.26452 ,0.611312 
168,4.2 ,-0.272123 ,0.607863 
169,4.225 ,-0.279622 ,0.604392 
170,4.25 ,-0.287015 ,0.600902 
171,4.275 ,-0.294301 ,0.597391 
172,4.3 ,-0.301476 ,0.593859 
173,4.325 ,-0.30854 ,0.590306 
174,4.35 ,-0.31549 ,0.586733 
175,4.375 ,-0.322325 ,0.58314 
176,4.4 ,-0.329041 ,0.579526 
177,4.425 ,-0.335639 ,0.575891 
178,4.45 ,-0.342116 ,0.572236 
179,4.475 ,-0.348471 ,0.56856 
180,4.5 ,-0.354701 ,0.564863 
181,4.525 ,-0.360807 ,0.561146 
182,4.55 ,-0.366786 ,0.557408 
183,4.575 ,-0.372637 ,0.55365 
184,4.6 ,-0.378359 ,0.549871 
185,4.625 ,-0.383951 ,0.546071 
186,4.65 ,-0.389413 ,0.542251 
187,4.675 ,-0.394742 ,0.538411 
188,4.7 ,-0.399938 ,0.534549 
189,4.725 ,-0.405001 ,0.530667 
190,4.75 ,-0.409929 ,0.526765 
191,4.775 ,-0.414723 ,0.522842 
192,4.8 ,-0.419381 ,0.518898 
193,4.825 ,-0.423903 ,0.514934 
194,4.85 ,-0.428288 ,0.510949 
195,4.875 ,-0.432537 ,0.506944 
196,4.9 ,-0.436649 ,0.502918 
197,4.925 ,-0.440624 ,0.498871 
198,4.95 ,-0.444461 ,0.494804 
199,4.975 ,-0.44816 ,0.490716 
200,5 ,-0.451723 ,0.486607 
201,5.025 ,-0.455148 ,0.482478 
202,5.05 ,-0.458435 ,0.478329 
203,5.075 ,-0.461586 ,0.474159 
204,5.1 ,-0.4646 ,0.469968 
205,5.125 ,-0.467477 ,0.465756 
206,5.15 ,-0.470218 ,0.461524 
207,5.175 ,-0.472824 ,0.457272 
208,5.2 ,-0.475294 ,0.452999 
209,5.225 ,-0.47763 ,0.448705 
210,5.25 ,-0.479832 ,0.44439 
211,5.275 ,-0.481901 ,0.440056 
212,5.3 ,-0.483837 ,0.4357 
213,5.325 ,-0.485642 ,0.431324 
214,5.35 ,-0.487315 ,0.426927 
215,5.375 ,-0.488859 ,0.42251 
216,5.4 ,-0.490273 ,0.418072 
217,5.425 ,-0.491559 ,0.413613 
218,5.45 ,-0.492719 ,0.409134 
219,5.475 ,-0.493752 ,0.404635 
220,5.5 ,-0.49466 ,0.400114 
221,5.525 ,-0.495445 ,0.395573 
222,5.55 ,-0.496107 ,0.391012 
223,5.575 ,-0.496648 ,0.38643 
224,5.6 ,-0.497069 ,0.381827 
225,5.625 ,-0.497372 ,0.377204 
226,5.65 ,-0.497557 ,0.37256 
227,5.675 ,-0.497626 ,0.367896 
228,5.7 ,-0.497581 ,0.363211 
229,5.725 ,-0.497423 ,0.358505 
230,5.75 ,-0.497153 ,0.353779 
231,5.775 ,-0.496774 ,0.349032 
232,5.8 ,-0.496286 ,0.344264 
233,5.825 ,-0.495692 ,0.339476 
234,5.85 ,-0.494992 ,0.334668 
235,5.875 ,-0.494189 ,0.329839 
236,5.9 ,-0.493283 ,0.324989 
237,5.925 ,-0.492278 ,0.320118 
238,5.95 ,-0.491174 ,0.315227 
239,5.975 ,-0.489974 ,0.310316 
240,6 ,-0.488678 ,0.305384 
241,6.025 ,-0.487289 ,0.300431 
242,6.05 ,-0.485809 ,0.295458 
243,6.075 ,-0.484238 ,0.290464 
244,6.1 ,-0.48258 ,0.285449 
245,6.125 ,-0.480836 ,0.280414 
246,6.15 ,-0.479008 ,0.275358 
247,6.175 ,-0.477097 ,0.270282 
248,6.2 ,-0.475106 ,0.265185 
249,6.225 ,-0.473035 ,0.260067 
250,6.25 ,-0.470888 ,0.254929 
251,6.275 ,-0.468666 ,0.249771 
252,6.3 ,-0.466371 ,0.244591 
253,6.325 ,-0.464005 ,0.239391 
254,6.35 ,-0.461569 ,0.234171 
255,6.375 ,-0.459065 ,0.22893 
256,6.4 ,-0.456496 ,0.223668 
257,6.425 ,-0.453863 ,0.218386 
258,6.45 ,-0.451168 ,0.213083 
259,6.475 ,-0.448413 ,0.20776 
260,6.5 ,-0.4456 ,0.202416 
261,6.525 ,-0.44273 ,0.197051 
262,6.55 ,-0.439806 ,0.191666 
263,6.575 ,-0.436829 ,0.18626 
264,6.6 ,-0.433801 ,0.180834 
265,6.625 ,-0.430724 ,0.175387 
266,6.65 ,-0.4276 ,0.169919 
267,6.675 ,-0.424431 ,0.164431 
268,6.7 ,-0.421218 ,0.158922 
269,6.725 ,-0.417963 ,0.153393 
270,6.75 ,-0.414668 ,0.147843 
271,6.775 ,-0.411335 ,0.142272 
272,6.8 ,-0.407965 ,0.136681 
273,6.825 ,-0.404561 ,0.131069 
274,6.85 ,-0.401123 ,0.125437 
275,6.875 ,-0.397654 ,0.119784 
276,6.9 ,-0.394155 ,0.11411 
277,6.925 ,-0.390628 ,0.108416 
278,6.95 ,-0.387074 ,0.102701 
279,6.975 ,-0.383496 ,0.0969661 
280,7 ,-0.379894 ,0.0912102 
281,7.025 ,-0.376271 ,0.0854337 
282,7.05 ,-0.372627 ,0.0796366 
283,7.075 ,-0.368965 ,0.0738189 
284,7.1 ,-0.365286 ,0.0679806 
285,7.125 ,-0.361592 ,0.0621217 
286,7.15 ,-0.357883 ,0.0562422 
287,7.175 ,-0.354162 ,0.0503422 
288,7.2 ,-0.35043 ,0.0444215 
289,7.225 ,-0.346688 ,0.0384803 
290,7.25 ,-0.342937 ,0.0325184 
291,7.275 ,-0.33918 ,0.026536 
292,7.3 ,-0.335417 ,0.0205329 
293,7.325 ,-0.33165 ,0.0145093 
294,7.35 ,-0.327879 ,0.00846508 
295,7.375 ,-0.324107 ,0.00240026 
296,7.4 ,-0.320335 ,-0.00368515 
297,7.425 ,-0.316563 ,-0.00979115 
298,7.45 ,-0.312793 ,-0.0159177 
299,7.475 ,-0.309026 ,-0.0220649 
300,7.5 ,-0.305264 ,-0.0282327 
301,7.525 ,-0.301507 ,-0.0344211 
302,7.55 ,-0.297756 ,-0.0406301 
303,7.575 ,-0.294013 ,-0.0468596 
304,7.6 ,-0.290279 ,-0.0531098 
305,7.625 ,-0.286554 ,-0.0593806 
306,7.65 ,-0.28284 ,-0.0656719 
307,7.675 ,-0.279137 ,-0.0719838 
308,7.7 ,-0.275447 ,-0.0783164 
309,7.725 ,-0.271771 ,-0.0846695 
310,7.75 ,-0.268109 ,-0.0910432 
311,7.775 ,-0.264462 ,-0.0974375 
312,7.8 ,-0.260831 ,-0.103852 
313,7.825 ,-0.257217 ,-0.110288 
314,7.85 ,-0.253621 ,-0.116744 
315,7.875 ,-0.250043 ,-0.123221 
316,7.9 ,-0.246485 ,-0.129718 
317,7.925 ,-0.242947 ,-0.136236 
318,7.95 ,-0.239429 ,-0.142774 
319,7.975 ,-0.235933 ,-0.149333 
320,8 ,-0.232458 ,-0.155913 
321,8.025 ,-0.229007 ,-0.162513 
322,8.05 ,-0.225578 ,-0.169134 
323,8.075 ,-0.222174 ,-0.175776 
324,8.1 ,-0.218793 ,-0.182438 
325,8.125 ,-0.215438 ,-0.18912 
326,8.15 ,-0.212109 ,-0.195823 
327,8.175 ,-0.208805 ,-0.202547 
328,8.2 ,-0.205527 ,-0.209292 
329,8.225 ,-0.202277 ,-0.216057 
330,8.25 ,-0.199054 ,-0.222842 
331,8.275 ,-0.195858 ,-0.229648 
332,8.3 ,-0.192691 ,-0.236475 
333,8.325 ,-0.189552 ,-0.243323 
334,8.35 ,-0.186442 ,-0.250191 
335,8.375 ,-0.183361 ,-0.257079 
336,8.4 ,-0.18031 ,-0.263988 
337,8.425 ,-0.177288 ,-0.270918 
338,8.45 ,-0.174296 ,-0.277868 
339,8.475 ,-0.171335 ,-0.284839 
340,8.5 ,-0.168404 ,-0.291831 
341,8.525 ,-0.165504 ,-0.298843 
342,8.55 ,-0.162635 ,-0.305876 
343,8.575 ,-0.159796 ,-0.312929 
344,8.6 ,-0.15699 ,-0.320003 
345,8.625 ,-0.154214 ,-0.327097 
346,8.65 ,-0.15147 ,-0.334212 
347,8.675 ,-0.148758 ,-0.341348 
348,8.7 ,-0.146077 ,-0.348504 
349,8.725 ,-0.143428 ,-0.355681 
350,8.75 ,-0.140811 ,-0.362879 
351,8.775 ,-0.138226 ,-0.370097 
352,8.8 ,-0.135673 ,-0.377336 
353,8.825 ,-0.133152 ,-0.384595 
354,8.85 ,-0.130663 ,-0.391875 
355,8.875 ,-0.128206 ,-0.399175 
356,8.9 ,-0.125781 ,-0.406496 
357,8.925 ,-0.123388 ,-0.413838 
358,8.95 ,-0.121027 ,-0.4212 
359,8.975 ,-0.118698 ,-0.428583 
360,9 ,-0.1164 ,-0.435986 
361,9.025 ,-0.114134 ,-0.44341 
362,9.05 ,-0.1119 ,-0.450855 
363,9.075 ,-0.109697 ,-0.45832 
364,9.1 ,-0.107526 ,-0.465806 
365,9.125 ,-0.105386 ,-0.473312 
366,9.15 ,-0.103278 ,-0.480839 
367,9.175 ,-0.1012 ,-0.488387 
368,9.2 ,-0.0991531 ,-0.495955 
369,9.225 ,-0.097137 ,-0.503543 
370,9.25 ,-0.0951515 ,-0.511153 
371,9.275 ,-0.0931964 ,-0.518783 
372,9.3 ,-0.0912715 ,-0.526433 
373,9.325 ,-0.0893767 ,-0.534104 
374,9.35 ,-0.0875116 ,-0.541796 
375,9.375 ,-0.0856763 ,-0.549508 
376,9.4 ,-0.0838703 ,-0.557241 
377,9.425 ,-0.0820935 ,-0.564995 
378,9.45 ,-0.0803457 ,-0.572769 
379,9.475 ,-0.0786267 ,-0.580563 
380,9.5 ,-0.0769363 ,-0.588379 
381,9.525 ,-0.0752741 ,-0.596215 
382,9.55 ,-0.0736399 ,-0.604071 
383,9.575 ,-0.0720336 ,-0.611948 
384,9.6 ,-0.0704548 ,-0.619846 
385,9.625 ,-0.0689033 ,-0.627764 
386,9.65 ,-0.0673788 ,-0.635703 
387,9.675 ,-0.0658812 ,-0.643662 
388,9.7 ,-0.06441 ,-0.651642 
389,9.725 ,-0.062965 ,-0.659643 
390,9.75 ,-0.061546 ,-0.667664 
391,9.775 ,-0.0601527 ,-0.675706 
392,9.8 ,-0.0587848 ,-0.683768 
393,9.825 ,-0.057442 ,-0.691851 
394,9.85 ,-0.0561241 ,-0.699955 
395,9.875 ,-0.0548307 ,-0.708079 
396,9.9 ,-0.0535615 ,-0.716224 
397,9.925 ,-0.0523164 ,-0.724389 
398,9.95 ,-0.0510949 ,-0.732575 
399,9.975 ,-0.0498968 ,-0.740782 
400,10 ,-0.0487218 ,-0.749009 
401,10.025 ,-0.0475697 ,-0.757257 
402,10.05 ,-0.04644 ,-0.765525 
403,10.075 ,-0.0453326 ,-0.773814 
404,10.1 ,-0.0442471 ,-0.782123 
405,10.125 ,-0.0431832 ,-0.790454 
406,10.15 ,-0.0421407 ,-0.798804 
407,10.175 ,-0.0411192 ,-0.807176 
408,10.2 ,-0.0401184 ,-0.815567 
409,10.225 ,-0.0391381 ,-0.82398 
410,10.25 ,-0.0381779 ,-0.832413 
411,10.275 ,-0.0372376 ,-0.840867 
412,10.3 ,-0.0363169 ,-0.849341 
413,10.325 ,-0.0354155 ,-0.857836 
414,10.35 ,-0.034533 ,-0.866351 
415,10.375 ,-0.0336692 ,-0.874887 
416,10.4 ,-0.0328239 ,-0.883444 
417,10.425 ,-0.0319967 ,-0.892021 
418,10.45 ,-0.0311873 ,-0.900619 
419,10.475 ,-0.0303954 ,-0.909237 
420,10.5 ,-0.0296209 ,-0.917876 
421,10.525 ,-0.0288633 ,-0.926536 
422,10.55 ,-0.0281225 ,-0.935216 
423,10.575 ,-0.0273981 ,-0.943917 
424,10.6 ,-0.0266898 ,-0.952638 
425,10.625 ,-0.0259974 ,-0.96138 
426,10.65 ,-0.0253207 ,-0.970143 
427,10.675 ,-0.0246593 ,-0.978924 
428,10.7 ,-0.024013 ,-0.987678 
429,10.725 ,-0.0233816 ,-0.996392 
430,10.75 ,-0.0227646 ,-1.00507 
431,10.775 ,-0.022162 ,-1.0137 
432,10.8 ,-0.0215735 ,-1.02229 
433,10.825 ,-0.0209987 ,-1.03085 
434,10.85 ,-0.0204374 ,-1.03936 
435,10.875 ,-0.0198894 ,-1.04784 
436,10.9 ,-0.0193545 ,-1.05627 
437,10.925 ,-0.0188323 ,-1.06467 
438,10.95 ,-0.0183226 ,-1.07303 
439,10.975 ,-0.0178253 ,-1.08135 
440,11 ,-0.01734 ,-1.08963 
441,11.025 ,-0.0168665 ,-1.09788 
442,11.05 ,-0.0164045 ,-1.10609 
443,11.075 ,-0.015954 ,-1.11426 
444,11.1 ,-0.0155145 ,-1.12239 
445,11.125 ,-0.0150859 ,-1.13049 
446,11.15 ,-0.014668 ,-1.13855 
447,11.175 ,-0.0142605 ,-1.14658 
448,11.2 ,-0.0138632 ,-1.15457 
449,11.225 ,-0.0134759 ,-1.16252 
450,11.25 ,-0.0130984 ,-1.17044 
451,11.275 ,-0.0127305 ,-1.17832 
452,11.3 ,-0.012372 ,-1.18617 
453,11.325 ,-0.0120226 ,-1.19399 
454,11.35 ,-0.0116823 ,-1.20177 
455,11.375 ,-0.0113507 ,-1.20951 
456,11.4 ,-0.0110276 ,-1.21722 
457,11.425 ,-0.010713 ,-1.2249 
458,11.45 ,-0.0104066 ,-1.23255 
459,11.475 ,-0.0101082 ,-1.24016 
460,11.5 ,-0.00981758 ,-1.24774 
461,11.525 ,-0.00953465 ,-1.25528 
462,11.55 ,-0.00925921 ,-1.26279 
463,11.575 ,-0.00899108 ,-1.27027 
464,11.6 ,-0.00873008 ,-1.27772 
465,11.625 ,-0.00847605 ,-1.28514 
466,11.65 ,-0.00822884 ,-1.29252 
467,11.675 ,-0.00798827 ,-1.29987 
468,11.7 ,-0.00775419 ,-1.30719 
469,11.725 ,-0.00752644 ,-1.31448 
470,11.75 ,-0.00730488 ,-1.32174 
471,11.775 ,-0.00708936 ,-1.32897 
472,11.8 ,-0.00687972 ,-1.33617 
473,11.825 ,-0.00667583 ,-1.34333 
474,11.85 ,-0.00647755 ,-1.35047 
475,11.875 ,-0.00628473 ,-1.35758 
476,11.9 ,-0.00609724 ,-1.36465 
477,11.925 ,-0.00591496 ,-1.3717 
478,11.95 ,-0.00573774 ,-1.37872 
479,11.975 ,-0.00556547 ,-1.3857 
480,12 ,-0.00539802 ,-1.39266 
481,12.025 ,-0.00523527 ,-1.39959 
482,12.05 ,-0.0050771 ,-1.40649 
483,12.075 ,-0.0049234 ,-1.41337 
484,12.1 ,-0.00477404 ,-1.42021 
485,12.125 ,-0.00462892 ,-1.42703 
486,12.15 ,-0.00448793 ,-1.43382 
487,12.175 ,-0.00435096 ,-1.44058 
488,12.2 ,-0.0042179 ,-1.44731 
489,12.225 ,-0.00408867 ,-1.45401 
490,12.25 ,-0.00396315 ,-1.46069 
491,12.275 ,-0.00384124 ,-1.46734 
492,12.3 ,-0.00372287 ,-1.47396 
493,12.325 ,-0.00360792 ,-1.48056 
494,12.35 ,-0.0034963 ,-1.48713 
495,12.375 ,-0.00338794 ,-1.49367 
496,12.4 ,-0.00328275 ,-1.50019 
497,12.425 ,-0.00318063 ,-1.50668 
498,12.45 ,-0.0030815 ,-1.51314 
499,12.475 ,-0.00298529 ,-1.51958 
500,12.5 ,-0.00289192 ,-1.526 
501,12.525 ,-0.0028013 ,-1.53238 
502,12.55 ,-0.00271337 ,-1.53875 
503,12.575 ,-0.00262804 ,-1.54508 
504,12.6 ,-0.00254526 ,-1.55139 
505,12.625 ,-0.00246494 ,-1.55768 
506,12.65 ,-0.00238702 ,-1.56394 
507,12.675 ,-0.00231143 ,-1.57018 
508,12.7 ,-0.00223812 ,-1.57639 
509,12.725 ,-0.00216701 ,-1.58258 
510,12.75 ,-0.00209804 ,-1.58874 
511,12.775 ,-0.00203116 ,-1.59488 
512,12.8 ,-0.0019663 ,-1.601 
513,12.825 ,-0.00190341 ,-1.60709 
514,12.85 ,-0.00184243 ,-1.61316 
515,12.875 ,-0.0017833 ,-1.6192 
516,12.9 ,-0.00172599 ,-1.62522 
517,12.925 ,-0.00167042 ,-1.63122 
518,12.95 ,-0.00161656 ,-1.63719 
519,12.975 ,-0.00156436 ,-1.64314 
520,13 ,-0.00151376 ,-1.64907 
521,13.025 ,-0.00146472 ,-1.65498 
522,13.05 ,-0.00141719 ,-1.66086 
523,13.075 ,-0.00137114 ,-1.66672 
524,13.1 ,-0.00132651 ,-1.67256 
525,13.125 ,-0.00128328 ,-1.67838 
526,13.15 ,-0.00124138 ,-1.68417 
527,13.175 ,-0.0012008 ,-1.68994 
528,13.2 ,-0.00116148 ,-1.69569 
529,13.225 ,-0.0011234 ,-1.70142 
530,13.25 ,-0.00108651 ,-1.70713 
531,13.275 ,-0.00105078 ,-1.71281 
532,13.3 ,-0.00101617 ,-1.71848 
533,13.325 ,-0.000982654 ,-1.72412 
534,13.35 ,-0.000950198 ,-1.72974 
535,13.375 ,-0.000918769 ,-1.73534 
536,13.4 ,-0.000888337 ,-1.74092 
537,13.425 ,-0.000858871 ,-1.74648 
538,13.45 ,-0.000830343 ,-1.75202 
539,13.475 ,-0.000802724 ,-1.75754 
540,13.5 ,-0.000775988 ,-1.76303 
541,13.525 ,-0.000750106 ,-1.76851 
542,13.55 ,-0.000725053 ,-1.77397 
543,13.575 ,-0.000700805 ,-1.7794 
544,13.6 ,-0.000677335 ,-1.78482 
545,13.625 ,-0.000654622 ,-1.79022 
546,13.65 ,-0.000632641 ,-1.79559 
547,13.675 ,-0.00061137 ,-1.80095 
548,13.7 ,-0.000590787 ,-1.80629 
549,13.725 ,-0.000570871 ,-1.81161 
550,13.75 ,-0.000551602 ,-1.81691 
551,13.775 ,-0.000532959 ,-1.82218 
552,13.8 ,-0.000514923 ,-1.82745 
553,13.825 ,-0.000497475 ,-1.83269 
554,13.85 ,-0.000480597 ,-1.83791 
555,13.875 ,-0.000464271 ,-1.84311 
556,13.9 ,-0.00044848 ,-1.8483 
557,13.925 ,-0.000433207 ,-1.85346 
558,13.95 ,-0.000418436 ,-1.85861 
559,13.975 ,-0.000404151 ,-1.86374 
560,14 ,-0.000390337 ,-1.86885 
561,14.025 ,-0.000376979 ,-1.87395 
562,14.05 ,-0.000364063 ,-1.87902 
563,14.075 ,-0.000351574 ,-1.88408 
564,14.1 ,-0.000339499 ,-1.88912 
565,14.125 ,-0.000327825 ,-1.89414 
566,14.15 ,-0.000316539 ,-1.89914 
567,14.175 ,-0.000305628 ,-1.90413 
568,14.2 ,-0.000295082 ,-1.90909 
569,14.225 ,-0.000284888 ,-1.91405 
570,14.25 ,-0.000275034 ,-1.91898 
571,14.275 ,-0.000265511 ,-1.92389 
572,14.3 ,-0.000256306 ,-1.92879 
573,14.325 ,-0.000247411 ,-1.93367 
574,14.35 ,-0.000238815 ,-1.93854 
575,14.375 ,-0.000230508 ,-1.94339 
576,14.4 ,-0.000222481 ,-1.94822 
577,14.425 ,-0.000214725 ,-1.95303 
578,14.45 ,-0.000207231 ,-1.95783 
579,14.475 ,-0.000199991 ,-1.96261 
580,14.5 ,-0.000192996 ,-1.96738 
581,14.525 ,-0.000186239 ,-1.97212 
582,14.55 ,-0.000179711 ,-1.97686 
583,14.575 ,-0.000173405 ,-1.98157 
584,14.6 ,-0.000167313 ,-1.98627 
585,14.625 ,-0.00016143 ,-1.99095 
586,14.65 ,-0.000155747 ,-1.99562 
587,14.675 ,-0.000150259 ,-2.00027 
588,14.7 ,-0.000144959 ,-2.00491 
589,14.725 ,-0.00013984 ,-2.00953 
590,14.75 ,-0.000134897 ,-2.01413 
591,14.775 ,-0.000130124 ,-2.01872 
592,14.8 ,-0.000125515 ,-2.02329 
593,14.825 ,-0.000121064 ,-2.02785 
594,14.85 ,-0.000116767 ,-2.03239 
595,14.875 ,-0.000112619 ,-2.03692 
596,14.9 ,-0.000108614 ,-2.04143 
597,14.925 ,-0.000104747 ,-2.04593 
598,14.95 ,-0.000101014 ,-2.05041 
599,14.975 ,-9.74112e-05 ,-2.05488 
600,15 ,-9.39332e-05 ,-2.05933 
601,15.025 ,-9.0576e-05 ,-2.06377 
602,15.05 ,-8.73358e-05 ,-2.06819 
603,15.075 ,-8.42084e-05 ,-2.0726 
604,15.1 ,-8.11901e-05 ,-2.07699 
605,15.125 ,-7.82772e-05 ,-2.08137 
606,15.15 ,-7.54661e-05 ,-2.08573 
607,15.175 ,-7.27534e-05 ,-2.09008 
608,15.2 ,-7.01358e-05 ,-2.09442 
609,15.225 ,-6.761e-05 ,-2.09874 
610,15.25 ,-6.51729e-05 ,-2.10305 
611,15.275 ,-6.28215e-05 ,-2.10734 
612,15.3 ,-6.05528e-05 ,-2.11162 
613,15.325 ,-5.8364e-05 ,-2.11588 
614,15.35 ,-5.62524e-05 ,-2.12013 
615,15.375 ,-5.42154e-05 ,-2.12437 
616,15.4 ,-5.22503e-05 ,-2.12859 
617,15.425 ,-5.03548e-05 ,-2.1328 
618,15.45 ,-4.85264e-05 ,-2.137 
619,15.475 ,-4.67628e-05 ,-2.14118 
620,15.5 ,-4.50618e-05 ,-2.14535 
621,15.525 ,-4.34213e-05 ,-2.14951 
622,15.55 ,-4.18391e-05 ,-2.15365 
623,15.575 ,-4.03132e-05 ,-2.15778 
624,15.6 ,-3.88416e-05 ,-2.16189 
625,15.625 ,-3.74226e-05 ,-2.166 
626,15.65 ,-3.60542e-05 ,-2.17009 
627,15.675 ,-3.47347e-05 ,-2.17416 
628,15.7 ,-3.34625e-05 ,-2.17823 
629,15.725 ,-3.22358e-05 ,-2.18228 
630,15.75 ,-3.1053e-05 ,-2.18631 
631,15.775 ,-2.99127e-05 ,-2.19034 
632,15.8 ,-2.88134e-05 ,-2.19435 
633,15.825 ,-2.77536e-05 ,-2.19835 
634,15.85 ,-2.67319e-05 ,-2.20234 
635,15.875 ,-2.5747e-05 ,-2.20631 
636,15.9 ,-2.47976e-05 ,-2.21027 
637,15.925 ,-2.38825e-05 ,-2.21422 
638,15.95 ,-2.30004e-05 ,-2.21816 
639,15.975 ,-2.21502e-05 ,-2.22208 
640,16 ,-2.13308e-05 ,-2.226 
641,16.025 ,-2.05411e-05 ,-2.2299 
642,16.05 ,-1.978e-05 ,-2.23378 
643,16.075 ,-1.90465e-05 ,-2.23766 
644,16.1 ,-1.83397e-05 ,-2.24152 
645,16.125 ,-1.76585e-05 ,-2.24538 
646,16.15 ,-1.70022e-05 ,-2.24922 
647,16.175 ,-1.63697e-05 ,-2.25304 
648,16.2 ,-1.57603e-05 ,-2.25686 
649,16.225 ,-1.51731e-05 ,-2.26066 
650,16.25 ,-1.46074e-05 ,-2.26446 
651,16.275 ,-1.40623e-05 ,-2.26824 
652,16.3 ,-1.35372e-05 ,-2.27201 
653,16.325 ,-1.30313e-05 ,-2.27577 
654,16.35 ,-1.2544e-05 ,-2.27951 
655,16.375 ,-1.20745e-05 ,-2.28325 
656,16.4 ,-1.16222e-05 ,-2.28697 
657,16.425 ,-1.11866e-05 ,-2.29068 
658,16.45 ,-1.0767e-05 ,-2.29439 
659,16.475 ,-1.03628e-05 ,-2.29808 
660,16.5 ,-9.9735e-06 ,-2.30175 
661,16.525 ,-9.59856e-06 ,-2.30542 
662,16.55 ,-9.23745e-06 ,-2.30908 
663,16.575 ,-8.88967e-06 ,-2.31272 
664,16.6 ,-8.55474e-06 ,-2.31636 
665,16.625 ,-8.2322e-06 ,-2.31998 
666,16.65 ,-7.9216e-06 ,-2.32359 
667,16.675 ,-7.6225e-06 ,-2.3272 
668,16.7 ,-7.33449e-06 ,-2.33079 
669,16.725 ,-7.05716e-06 ,-2.33437 
670,16.75 ,-6.79014e-06 ,-2.33794 
671,16.775 ,-6.53303e-06 ,-2.3415 
672,16.8 ,-6.28549e-06 ,-2.34504 
673,16.825 ,-6.04716e-06 ,-2.34858 
674,16.85 ,-5.81771e-06 ,-2.35211 
675,16.875 ,-5.59681e-06 ,-2.35563 
676,16.9 ,-5.38416e-06 ,-2.35913 
677,16.925 ,-5.17944e-06 ,-2.36263 
678,16.95 ,-4.98237e-06 ,-2.36611 
679,16.975 ,-4.79267e-06 ,-2.36959 
680,17 ,-4.61007e-06 ,-2.37305 
681,17.025 ,-4.43431e-06 ,-2.37651 
682,17.05 ,-4.26513e-06 ,-2.37996 
683,17.075 ,-4.1023e-06 ,-2.38339 
684,17.1 ,-3.94558e-06 ,-2.38681 
685,17.125 ,-3.79475e-06 ,-2.39023 
686,17.15 ,-3.64959e-06 ,-2.39363 
687,17.175 ,-3.50988e-06 ,-2.39703 
688,17.2 ,-3.37544e-06 ,-2.40041 
689,17.225 ,-3.24606e-06 ,-2.40379 
690,17.25 ,-3.12156e-06 ,-2.40716 
691,17.275 ,-3.00175e-06 ,-2.41051 
692,17.3 ,-2.88647e-06 ,-2.41386 
693,17.325 ,-2.77555e-06 ,-2.41719 
694,17.35 ,-2.66881e-06 ,-2.42052 
695,17.375 ,-2.56612e-06 ,-2.42384 
696,17.4 ,-2.46731e-06 ,-2.42715 
697,17.425 ,-2.37225e-06 ,-2.43044 
698,17.45 ,-2.28079e-06 ,-2.43373 
699,17.475 ,-2.1928e-06 ,-2.43701 
700,17.5 ,-2.10815e-06 ,-2.44028 
701,17.525 ,-2.02671e-06 ,-2.44354 
702,17.55 ,-1.94837e-06 ,-2.44679 
703,17.575 ,-1.87301e-06 ,-2.45004 
704,17.6 ,-1.80052e-06 ,-2.45327 
705,17.625 ,-1.73079e-06 ,-2.45649 
706,17.65 ,-1.66372e-06 ,-2.45971 
707,17.675 ,-1.59921e-06 ,-2.46291 
708,17.7 ,-1.53716e-06 ,-2.46611 
709,17.725 ,-1.47747e-06 ,-2.4693 
710,17.75 ,-1.42007e-06 ,-2.47247 
711,17.775 ,-1.36487e-06 ,-2.47564 
712,17.8 ,-1.31177e-06 ,-2.47881 
713,17.825 ,-1.26071e-06 ,-2.48196 
714,17.85 ,-1.2116e-06 ,-2.4851 
715,17.875 ,-1.16438e-06 ,-2.48823 
716,17.9 ,-1.11896e-06 ,-2.49136 
717,17.925 ,-1.07529e-06 ,-2.49448 
718,17.95 ,-1.0333e-06 ,-2.49758 
719,17.975 ,-9.92917e-07 ,-2.50068 
720,18 ,-9.54087e-07 ,-2.50377 
721,18.025 ,-9.16751e-07 ,-2.50686 
722,18.05 ,-8.80852e-07 ,-2.50993 
723,18.075 ,-8.46334e-07 ,-2.51299 
724,18.1 ,-8.13146e-07 ,-2.51605 
725,18.125 ,-7.81237e-07 ,-2.5191 
726,18.15 ,-7.50558e-07 ,-2.52214 
727,18.175 ,-7.21062e-07 ,-2.52517 
728,18.2 ,-6.92705e-07 ,-2.52819 
729,18.225 ,-6.65442e-07 ,-2.53121 
730,18.25 ,-6.39232e-07 ,-2.53422 
731,18.275 ,-6.14034e-07 ,-2.53721 
732,18.3 ,-5.89811e-07 ,-2.5402 
733,18.325 ,-5.66523e-07 ,-2.54319 
734,18.35 ,-5.44137e-07 ,-2.54616 
735,18.375 ,-5.22616e-07 ,-2.54913 
736,18.4 ,-5.01929e-07 ,-2.55208 
737,18.425 ,-4.82042e-07 ,-2.55503 
738,18.45 ,-4.62924e-07 ,-2.55797 
739,18.475 ,-4.44547e-07 ,-2.56091 
740,18.5 ,-4.26882e-07 ,-2.56383 
741,18.525 ,-4.09901e-07 ,-2.56675 
742,18.55 ,-3.93577e-07 ,-2.56966 
743,18.575 ,-3.77886e-07 ,-2.57256 
744,18.6 ,-3.62802e-07 ,-2.57546 
745,18.625 ,-3.48302e-07 ,-2.57835 
746,18.65 ,-3.34364e-07 ,-2.58122 
747,18.675 ,-3.20965e-07 ,-2.5841 
748,18.7 ,-3.08084e-07 ,-2.58696 
749,18.725 ,-2.95702e-07 ,-2.58981 
750,18.75 ,-2.83799e-07 ,-2.59266 
751,18.775 ,-2.72355e-07 ,-2.5955 
752,18.8 ,-2.61353e-07 ,-2.59834 
753,18.825 ,-2.50776e-07 ,-2.60116 
754,18.85 ,-2.40606e-07 ,-2.60398 
755,18.875 ,-2.30828e-07 ,-2.60679 
756,18.9 ,-2.21427e-07 ,-2.60959 
757,18.925 ,-2.12386e-07 ,-2.61239 
758,18.95 ,-2.03692e-07 ,-2.61518 
759,18.975 ,-1.95331e-07 ,-2.61796 
760,19 ,-1.8729e-07 ,-2.62073 
761,19.025 ,-1.79556e-07 ,-2.6235 
762,19.05 ,-1.72116e-07 ,-2.62626 
763,19.075 ,-1.64959e-07 ,-2.62901 
764,19.1 ,-1.58073e-07 ,-2.63176 
765,19.125 ,-1.51446e-07 ,-2.63449 
766,19.15 ,-1.45069e-07 ,-2.63722 
767,19.175 ,-1.38932e-07 ,-2.63995 
768,19.2 ,-1.33023e-07 ,-2.64266 
769,19.225 ,-1.27335e-07 ,-2.64537 
770,19.25 ,-1.21857e-07 ,-2.64807 
771,19.275 ,-1.1658e-07 ,-2.65077 
772,19.3 ,-1.11497e-07 ,-2.65346 
773,19.325 ,-1.06599e-07 ,-2.65614 
774,19.35 ,-1.01877e-07 ,-2.65881 
775,19.375 ,-9.73253e-08 ,-2.66148 
776,19.4 ,-9.29353e-08 ,-2.66414 
777,19.425 ,-8.86999e-08 ,-2.66679 
778,19.45 ,-8.46125e-08 ,-2.66944 
779,19.475 ,-8.06662e-08 ,-2.67208 
780,19.5 ,-7.68546e-08 ,-2.67471 
781,19.525 ,-7.31716e-08 ,-2.67734 
782,19.55 ,-6.9611e-08 ,-2.67996 
783,19.575 ,-6.6167e-08 ,-2.68257 
784,19.6 ,-6.2834e-08 ,-2.68518 
785,19.625 ,-5.96064e-08 ,-2.68778 
786,19.65 ,-5.6479e-08 ,-2.69037 
787,19.675 ,-5.34465e-08 ,-2.69296 
788,19.7 ,-5.05041e-08 ,-2.69554 
789,19.725 ,-4.76467e-08 ,-2.69811 
790,19.75 ,-4.48697e-08 ,-2.70068 
791,19.775 ,-4.21684e-08 ,-2.70324 
792,19.8 ,-3.95384e-08 ,-2.70579 
793,19.825 ,-3.69752e-08 ,-2.70834 
794,19.85 ,-3.44747e-08 ,-2.71088 
795,19.875 ,-3.20325e-08 ,-2.71342 
796,19.9 ,-2.96447e-08 ,-2.71595 
797,19.925 ,-2.73073e-08 ,-2.71847 
798,19.95 ,-2.50162e-08 ,-2.72098 
799,19.975 ,-2.27677e-08 ,-2.72349 
800,20 ,-2.05579e-08 ,-2.726 
801,20.025 ,-1.83832e-08 ,-2.72849 
802,20.05 ,-1.62398e-08 ,-2.73098 
803,20.075 ,-1.41241e-08 ,-2.73347 
804,20.1 ,-1.20326e-08 ,-2.73595 
805,20.125 ,-9.96166e-09 ,-2.73842 
806,20.15 ,-7.90776e-09 ,-2.74088 
807,20.175 ,-5.86741e-09 ,-2.74334 
808,20.2 ,-3.83712e-09 ,-2.7458 
809,20.225 ,-1.81342e-09 ,-2.74825 
810,20.25 ,2.07166e-10 ,-2.75069 
811,20.275 ,2.22811e-09 ,-2.75312 
812,20.3 ,4.25289e-09 ,-2.75555 
813,20.325 ,6.285e-09 ,-2.75798 
814,20.35 ,8.32794e-09 ,-2.76039 
815,20.375 ,1.03853e-08 ,-2.76281 
816,20.4 ,1.24605e-08 ,-2.76521 
817,20.425 ,1.45573e-08 ,-2.76761 
818,20.45 ,1.66793e-08 ,-2.77001 
819,20.475 ,1.88301e-08 ,-2.77239 
820,20.5 ,2.10136e-08 ,-2.77478 
821,20.525 ,2.32335e-08 ,-2.77715 
822,20.55 ,2.54938e-08 ,-2.77952 
823,20.575 ,2.77984e-08 ,-2.78189 
824,20.6 ,3.01513e-08 ,-2.78425 
825,20.625 ,3.25566e-08 ,-2.7866 
826,20.65 ,3.50187e-08 ,-2.78895 
827,20.675 ,3.75419e-08 ,-2.79129 
828,20.7 ,4.01305e-08 ,-2.79363 
829,20.725 ,4.27892e-08 ,-2.79596 
830,20.75 ,4.55227e-08 ,-2.79829 
831,20.775 ,4.83359e-08 ,-2.80061 
832,20.8 ,5.12336e-08 ,-2.80292 
833,20.825 ,5.42211e-08 ,-2.80523 
834,20.85 ,5.73037e-08 ,-2.80753 
835,20.875 ,6.04869e-08 ,-2.80983 
836,20.9 ,6.37763e-08 ,-2.81212 
837,20.925 ,6.71778e-08 ,-2.81441 
838,20.95 ,7.06975e-08 ,-2.81669 
839,20.975 ,7.43417e-08 ,-2.81896 
840,21 ,7.81169e-08 ,-2.82123 
841,21.025 ,8.20298e-08 ,-2.8235 
842,21.05 ,8.60875e-08 ,-2.82576 
843,21.075 ,9.02973e-08 ,-2.82801 
844,21.1 ,9.46667e-08 ,-2.83026 
845,21.125 ,9.92036e-08 ,-2.8325 
846,21.15 ,1.03916e-07 ,-2.83474 
847,21.175 ,1.08813e-07 ,-2.83698 
848,21.2 ,1.13902e-07 ,-2.8392 
849,21.225 ,1.19194e-07 ,-2.84143 
850,21.25 ,1.24698e-07 ,-2.84364 
851,21.275 ,1.30423e-07 ,-2.84586 
852,21.3 ,1.3638e-07 ,-2.84806 
853,21.325 ,1.4258e-07 ,-2.85026 
854,21.35 ,1.49034e-07 ,-2.85246 
855,21.375 ,1.55754e-07 ,-2.85465 
856,21.4 ,1.62751e-07 ,-2.85684 
857,21.425 ,1.7004e-07 ,-2.85902 
858,21.45 ,1.77632e-07 ,-2.86119 
859,21.475 ,1.85542e-07 ,-2.86337 
860,21.5 ,1.93784e-07 ,-2.86553 
861,21.525 ,2.02373e-07 ,-2.86769 
862,21.55 ,2.11325e-07 ,-2.86985 
863,21.575 ,2.20656e-07 ,-2.872 
864,21.6 ,2.30383e-07 ,-2.87414 
865,21.625 ,2.40524e-07 ,-2.87629 
866,21.65 ,2.51097e-07 ,-2.87842 
867,21.675 ,2.62123e-07 ,-2.88055 
868,21.7 ,2.7362e-07 ,-2.88268 
869,21.725 ,2.8561e-07 ,-2.8848 
870,21.75 ,2.98116e-07 ,-2.88692 
871,21.775 ,3.11159e-07 ,-2.88903 
872,21.8 ,3.24764e-07 ,-2.89113 
873,21.825 ,3.38956e-07 ,-2.89324 
874,21.85 ,3.53762e-07 ,-2.89533 
875,21.875 ,3.69207e-07 ,-2.89742 
876,21.9 ,3.85321e-07 ,-2.89951 
877,21.925 ,4.02134e-07 ,-2.90159 
878,21.95 ,4.19676e-07 ,-2.90367 
879,21.975 ,4.37979e-07 ,-2.90575 
880,22 ,4.57079e-07 ,-2.90781 
881,22.025 ,4.77009e-07 ,-2.90988 
882,22.05 ,4.97806e-07 ,-2.91194 
883,22.075 ,5.1951e-07 ,-2.91399 
884,22.1 ,5.4216e-07 ,-2.91604 
885,22.125 ,5.65799e-07 ,-2.91809 
886,22.15 ,5.90469e-07 ,-2.92013 
887,22.175 ,6.16217e-07 ,-2.92216 
888,22.2 ,6.43091e-07 ,-2.92419 
889,22.225 ,6.71141e-07 ,-2.92622 
890,22.25 ,7.00418e-07 ,-2.92824 
891,22.275 ,7.30977e-07 ,-2.93026 
892,22.3 ,7.62875e-07 ,-2.93227 
893,22.325 ,7.96171e-07 ,-2.93428 
894,22.35 ,8.30928e-07 ,-2.93629 
895,22.375 ,8.6721e-07 ,-2.93829 
896,22.4 ,9.05084e-07 ,-2.94028 
897,22.425 ,9.44623e-07 ,-2.94227 
898,22.45 ,9.85898e-07 ,-2.94426 
899,22.475 ,1.02899e-06 ,-2.94624 
900,22.5 ,1.07397e-06 ,-2.94822 
901,22.525 ,1.12094e-06 ,-2.95019 
902,22.55 ,1.16997e-06 ,-2.95216 
903,22.575 ,1.22116e-06 ,-2.95412 
904,22.6 ,1.27461e-06 ,-2.95608 
905,22.625 ,1.33041e-06 ,-2.95804 
906,22.65 ,1.38867e-06 ,-2.95999 
907,22.675 ,1.4495e-06 ,-2.96194 
908,22.7 ,1.51301e-06 ,-2.96388 
909,22.725 ,1.57933e-06 ,-2.96582 
910,22.75 ,1.64857e-06 ,-2.96775 
911,22.775 ,1.72088e-06 ,-2.96968 
912,22.8 ,1.79638e-06 ,-2.97161 
913,22.825 ,1.87521e-06 ,-2.97353 
914,22.85 ,1.95753e-06 ,-2.97545 
915,22.875 ,2.04349e-06 ,-2.97736 
916,22.9 ,2.13326e-06 ,-2.97927 
917,22.925 ,2.227e-06 ,-2.98118 
918,22.95 ,2.32488e-06 ,-2.98308 
919,22.975 ,2.42711e-06 ,-2.98497 
920,23 ,2.53386e-06 ,-2.98687 
921,23.025 ,2.64534e-06 ,-2.98875 
922,23.05 ,2.76176e-06 ,-2.99064 
923,23.075 ,2.88335e-06 ,-2.99252 
924,23.1 ,3.01033e-06 ,-2.99439 
925,23.125 ,3.14295e-06 ,-2.99627 
926,23.15 ,3.28145e-06 ,-2.99813 
927,23.175 ,3.42611e-06 ,-3 
928,23.2 ,3.57718e-06 ,-3.00186 
929,23.225 ,3.73497e-06 ,-3.00371 
930,23.25 ,3.89978e-06 ,-3.00557 
931,23.275 ,4.07191e-06 ,-3.00741 
932,23.3 ,4.25169e-06 ,-3.00926 
933,23.325 ,4.43947e-06 ,-3.0111 
934,23.35 ,4.63561e-06 ,-3.01293 
935,23.375 ,4.84048e-06 ,-3.01477 
936,23.4 ,5.05447e-06 ,-3.01659 
937,23.425 ,5.278e-06 ,-3.01842 
938,23.45 ,5.51148e-06 ,-3.02024 
939,23.475 ,5.75536e-06 ,-3.02206 
940,23.5 ,6.01012e-06 ,-3.02387 
941,23.525 ,6.27624e-06 ,-3.02568 
942,23.55 ,6.55423e-06 ,-3.02748 
943,23.575 ,6.84463e-06 ,-3.02928 
944,23.6 ,7.14798e-06 ,-3.03108 
945,23.625 ,7.46488e-06 ,-3.03287 
946,23.65 ,7.79593e-06 ,-3.03466 
947,23.675 ,8.14177e-06 ,-3.03645 
948,23.7 ,8.50306e-06 ,-3.03823 
949,23.725 ,8.8805e-06 ,-3.04001 
950,23.75 ,9.27482e-06 ,-3.04179 
951,23.775 ,9.68678e-06 ,-3.04356 
952,23.8 ,1.01172e-05 ,-3.04532 
953,23.825 ,1.05668e-05 ,-3.04709 
954,23.85 ,1.10366e-05 ,-3.04885 
955,23.875 ,1.15274e-05 ,-3.0506 
956,23.9 ,1.20402e-05 ,-3.05236 
957,23.925 ,1.25759e-05 ,-3.0541 
958,23.95 ,1.31357e-05 ,-3.05585 
959,23.975 ,1.37205e-05 ,-3.05759 
960,24 ,1.43316e-05 ,-3.05933 
961,24.025 ,1.49701e-05 ,-3.06106 
962,24.05 ,1.56373e-05 ,-3.06279 
963,24.075 ,1.63343e-05 ,-3.06452 
964,24.1 ,1.70627e-05 ,-3.06625 
965,24.125 ,1.78238e-05 ,-3.06797 
966,24.15 ,1.8619e-05 ,-3.06968 
967,24.175 ,1.945e-05 ,-3.07139 
968,24.2 ,2.03183e-05 ,-3.0731 
969,24.225 ,2.12257e-05 ,-3.07481 
970,24.25 ,2.21738e-05 ,-3.07651 
971,24.275 ,2.31646e-05 ,-3.07821 
972,24.3 ,2.42e-05 ,-3.07991 
973,24.325 ,2.52819e-05 ,-3.0816 
974,24.35 ,2.64126e-05 ,-3.08329 
975,24.375 ,2.75942e-05 ,-3.08497 
976,24.4 ,2.88289e-05 ,-3.08665 
977,24.425 ,3.01193e-05 ,-3.08833 
978,24.45 ,3.14679e-05 ,-3.09 
979,24.475 ,3.28772e-05 ,-3.09168 
980,24.5 ,3.43501e-05 ,-3.09334 
981,24.525 ,3.58894e-05 ,-3.09501 
982,24.55 ,3.74981e-05 ,-3.09667 
983,24.575 ,3.91794e-05 ,-3.09833 
984,24.6 ,4.09366e-05 ,-3.09998 
985,24.625 ,4.27732e-05 ,-3.10163 
986,24.65 ,4.46926e-05 ,-3.10328 
987,24.675 ,4.66988e-05 ,-3.10492 
988,24.7 ,4.87956e-05 ,-3.10656 
989,24.725 ,5.09871e-05 ,-3.1082 
990,24.75 ,5.32777e-05 ,-3.10983 
991,24.775 ,5.56719e-05 ,-3.11147 
992,24.8 ,5.81744e-05 ,-3.11309 
993,24.825 ,6.079e-05 ,-3.11472 
994,24.85 ,6.35241e-05 ,-3.11634 
995,24.875 ,6.63818e-05 ,-3.11796 
996,24.9 ,6.9369e-05 ,-3.11957 
997,24.925 ,7.24914e-05 ,-3.12118 
998,24.95 ,7.57553e-05 ,-3.12279 
999,24.975 ,7.91671e-05 ,-3.12439 
1000,25 ,8.27334e-05 ,-3.126 