N_e = 2
1,0.025 ,0.000464756 ,-3198.79 
2,0.05 ,0.000464756 ,-798.792 
3,0.075 ,0.000631254 ,-354.348 
4,0.1 ,0.000820238 ,-198.794 
5,0.125 ,0.00101554 ,-126.794 
6,0.15 ,0.00121318 ,-87.6856 
7,0.175 ,0.00141178 ,-64.102 
8,0.2 ,0.00161072 ,-48.7984 
9,0.225 ,0.00180972 ,-38.3035 
10,0.25 ,0.00200857 ,-30.8038 
11,0.275 ,0.00220718 ,-25.2486 
12,0.3 ,0.00240545 ,-21.0316 
13,0.325 ,0.00260331 ,-17.7424 
14,0.35 ,0.0028007 ,-15.141 
15,0.375 ,0.00299759 ,-13.0344 
16,0.4 ,0.00319392 ,-11.323 
17,0.425 ,0.00338966 ,-9.89306 
18,0.45 ,0.00358476 ,-8.70823 
19,0.475 ,0.0037792 ,-7.69295 
20,0.5 ,0.00397294 ,-6.83966 
21,0.525 ,0.00416596 ,-6.09253 
22,0.55 ,0.00435821 ,-5.4626 
23,0.575 ,0.00454969 ,-4.89647 
24,0.6 ,0.00474035 ,-4.41784 
25,0.625 ,0.0049302 ,-3.97823 
26,0.65 ,0.00511918 ,-3.60638 
27,0.675 ,0.0053073 ,-3.25783 
28,0.7 ,0.00549451 ,-2.96785 
29,0.725 ,0.00568083 ,-2.6865 
30,0.75 ,0.00586621 ,-2.455 
31,0.775 ,0.00605067 ,-2.22429 
32,0.8 ,0.00623418 ,-2.03655 
33,0.825 ,0.00641673 ,-1.84472 
34,0.85 ,0.0065983 ,-1.6948 
35,0.875 ,0.00677891 ,-1.53329 
36,0.9 ,0.00695852 ,-1.41027 
37,0.925 ,0.00713717 ,-1.27276 
38,0.95 ,0.00731482 ,-1.17034 
39,0.975 ,0.00749149 ,-1.05206 
40,1 ,0.00766714 ,-0.970148 
41,1.025 ,0.00784183 ,-0.867448 
42,1.05 ,0.00801551 ,-0.799259 
43,1.075 ,0.00818824 ,-0.709322 
44,1.1 ,0.00835996 ,-0.651549 
45,1.125 ,0.00853074 ,-0.572161 
46,1.15 ,0.00870052 ,-0.526898 
47,1.175 ,0.00886937 ,-0.456305 
48,1.2 ,0.00903724 ,-0.418406 
49,1.225 ,0.00920421 ,-0.355205 
50,1.25 ,0.00937023 ,-0.322609 
51,1.275 ,0.00953536 ,-0.265666 
52,1.3 ,0.00969955 ,-0.241421 
53,1.325 ,0.00986288 ,-0.189813 
54,1.35 ,0.0100253 ,-0.169517 
55,1.375 ,0.0101869 ,-0.122488 
56,1.4 ,0.0103476 ,-0.104665 
57,1.425 ,0.0105076 ,-0.0615896 
58,1.45 ,0.0106666 ,-0.0497548 
59,1.475 ,0.0108249 ,-0.0101135 
60,1.5 ,0.0109824 ,-0.000239688 
61,1.525 ,0.0111392 ,0.0364014 
62,1.55 ,0.0112951 ,0.0454843 
63,1.575 ,0.0114504 ,0.0794898 
64,1.6 ,0.0116049 ,0.0840152 
65,1.625 ,0.0117588 ,0.115693 
66,1.65 ,0.0119119 ,0.11948 
67,1.675 ,0.0120644 ,0.149091 
68,1.7 ,0.0122162 ,0.153134 
69,1.725 ,0.0123673 ,0.180902 
70,1.75 ,0.0125179 ,0.181287 
71,1.775 ,0.0126678 ,0.207402 
72,1.8 ,0.0128171 ,0.207823 
73,1.825 ,0.0129659 ,0.232447 
74,1.85 ,0.0131141 ,0.233792 
75,1.875 ,0.0132617 ,0.257068 
76,1.9 ,0.0134087 ,0.255329 
77,1.925 ,0.0135553 ,0.277379 
78,1.95 ,0.0137013 ,0.276169 
79,1.975 ,0.0138468 ,0.297099 
80,2 ,0.0139918 ,0.297236 
81,2.025 ,0.0141363 ,0.317138 
82,2.05 ,0.0142802 ,0.314553 
83,2.075 ,0.0144237 ,0.333508 
84,2.1 ,0.0145667 ,0.33176 
85,2.125 ,0.0147093 ,0.349839 
86,2.15 ,0.0148514 ,0.349698 
87,2.175 ,0.014993 ,0.366965 
88,2.2 ,0.0151341 ,0.36432 
89,2.225 ,0.0152748 ,0.380829 
90,2.25 ,0.015415 ,0.379202 
91,2.275 ,0.0155547 ,0.395002 
92,2.3 ,0.015694 ,0.395131 
93,2.325 ,0.0158328 ,0.410266 
94,2.35 ,0.0159711 ,0.408011 
95,2.375 ,0.0161089 ,0.422521 
96,2.4 ,0.0162462 ,0.421378 
97,2.425 ,0.0163831 ,0.435298 
98,2.45 ,0.0165195 ,0.435983 
99,2.475 ,0.0166553 ,0.449344 
100,2.5 ,0.0167906 ,0.447698 
101,2.525 ,0.0169254 ,0.460529 
102,2.55 ,0.0170597 ,0.460031 
103,2.575 ,0.0171934 ,0.472358 
104,2.6 ,0.0173265 ,0.473709 
105,2.625 ,0.0174591 ,0.485556 
106,2.65 ,0.017591 ,0.484584 
107,2.675 ,0.0177224 ,0.495973 
108,2.7 ,0.0178531 ,0.496148 
109,2.725 ,0.0179832 ,0.507098 
110,2.75 ,0.0181126 ,0.50911 
111,2.775 ,0.0182414 ,0.519641 
112,2.8 ,0.0183694 ,0.519311 
113,2.825 ,0.0184968 ,0.52944 
114,2.85 ,0.0186234 ,0.530231 
115,2.875 ,0.0187493 ,0.539973 
116,2.9 ,0.0188743 ,0.542572 
117,2.925 ,0.0189986 ,0.551943 
118,2.95 ,0.0191221 ,0.552166 
119,2.975 ,0.0192447 ,0.561179 
120,3 ,0.0193664 ,0.562487 
121,3.025 ,0.0194873 ,0.571155 
122,3.05 ,0.0196073 ,0.574232 
123,3.075 ,0.0197263 ,0.582568 
124,3.1 ,0.0198443 ,0.583229 
125,3.125 ,0.0199614 ,0.591246 
126,3.15 ,0.0200774 ,0.592949 
127,3.175 ,0.0201924 ,0.600657 
128,3.2 ,0.0203064 ,0.604088 
129,3.225 ,0.0204192 ,0.611497 
130,3.25 ,0.020531 ,0.612471 
131,3.275 ,0.0206416 ,0.619592 
132,3.3 ,0.020751 ,0.621569 
133,3.325 ,0.0208592 ,0.628412 
134,3.35 ,0.0209663 ,0.632076 
135,3.375 ,0.021072 ,0.63865 
136,3.4 ,0.0211765 ,0.63982 
137,3.425 ,0.0212797 ,0.646133 
138,3.45 ,0.0213816 ,0.648269 
139,3.475 ,0.0214821 ,0.65433 
140,3.5 ,0.0215812 ,0.658119 
141,3.525 ,0.021679 ,0.663937 
142,3.55 ,0.0217753 ,0.665197 
143,3.575 ,0.0218701 ,0.67078 
144,3.6 ,0.0219635 ,0.672975 
145,3.625 ,0.0220554 ,0.678329 
146,3.65 ,0.0221457 ,0.682147 
147,3.675 ,0.0222345 ,0.687281 
148,3.7 ,0.0223217 ,0.688544 
149,3.725 ,0.0224073 ,0.693463 
150,3.75 ,0.0224913 ,0.695635 
151,3.775 ,0.0225736 ,0.700348 
152,3.8 ,0.0226543 ,0.70412 
153,3.825 ,0.0227332 ,0.708632 
154,3.85 ,0.0228105 ,0.709826 
155,3.875 ,0.022886 ,0.714144 
156,3.9 ,0.0229597 ,0.716227 
157,3.925 ,0.0230317 ,0.720357 
158,3.95 ,0.0231019 ,0.724022 
159,3.975 ,0.0231702 ,0.727969 
160,4 ,0.0232367 ,0.72904 
161,4.025 ,0.0233014 ,0.73281 
162,4.05 ,0.0233642 ,0.734756 
163,4.075 ,0.0234251 ,0.738355 
164,4.1 ,0.0234841 ,0.741868 
165,4.125 ,0.0235411 ,0.745301 
166,4.15 ,0.0235962 ,0.746209 
167,4.175 ,0.0236494 ,0.74948 
168,4.2 ,0.0237006 ,0.751251 
169,4.225 ,0.0237498 ,0.754367 
170,4.25 ,0.023797 ,0.757697 
171,4.275 ,0.0238422 ,0.760661 
172,4.3 ,0.0238853 ,0.761376 
173,4.325 ,0.0239264 ,0.764193 
174,4.35 ,0.0239655 ,0.765765 
175,4.375 ,0.0240025 ,0.768439 
176,4.4 ,0.0240375 ,0.771564 
177,4.425 ,0.0240704 ,0.774099 
178,4.45 ,0.0241011 ,0.774605 
179,4.475 ,0.0241298 ,0.777005 
180,4.5 ,0.0241564 ,0.778363 
181,4.525 ,0.0241809 ,0.780632 
182,4.55 ,0.0242033 ,0.783539 
183,4.575 ,0.0242236 ,0.785681 
184,4.6 ,0.0242417 ,0.785966 
185,4.625 ,0.0242577 ,0.787985 
186,4.65 ,0.0242716 ,0.789119 
187,4.675 ,0.0242834 ,0.791017 
188,4.7 ,0.024293 ,0.793699 
189,4.725 ,0.0243005 ,0.79548 
190,4.75 ,0.0243058 ,0.795539 
191,4.775 ,0.024309 ,0.797206 
192,4.8 ,0.0243101 ,0.798114 
193,4.825 ,0.024309 ,0.79967 
194,4.85 ,0.0243058 ,0.802125 
195,4.875 ,0.0243005 ,0.803573 
196,4.9 ,0.0242931 ,0.803404 
197,4.925 ,0.0242835 ,0.804747 
198,4.95 ,0.0242718 ,0.805428 
199,4.975 ,0.024258 ,0.806669 
200,5 ,0.0242421 ,0.808897 
201,5.025 ,0.0242241 ,0.810037 
202,5.05 ,0.024204 ,0.809643 
203,5.075 ,0.0241818 ,0.810686 
204,5.1 ,0.0241576 ,0.811142 
205,5.125 ,0.0241313 ,0.812089 
206,5.15 ,0.0241029 ,0.814095 
207,5.175 ,0.0240724 ,0.814948 
208,5.2 ,0.02404 ,0.814333 
209,5.225 ,0.0240055 ,0.815096 
210,5.25 ,0.0239689 ,0.815332 
211,5.275 ,0.0239304 ,0.816006 
212,5.3 ,0.0238899 ,0.817793 
213,5.325 ,0.0238474 ,0.818379 
214,5.35 ,0.023803 ,0.817547 
215,5.375 ,0.0237566 ,0.818048 
216,5.4 ,0.0237082 ,0.81807 
217,5.425 ,0.023658 ,0.818487 
218,5.45 ,0.0236059 ,0.820061 
219,5.475 ,0.0235518 ,0.820397 
220,5.5 ,0.0234959 ,0.819353 
221,5.525 ,0.0234381 ,0.819608 
222,5.55 ,0.0233785 ,0.819421 
223,5.575 ,0.0233171 ,0.819597 
224,5.6 ,0.0232539 ,0.820964 
225,5.625 ,0.0231889 ,0.821064 
226,5.65 ,0.0231221 ,0.819815 
227,5.675 ,0.0230536 ,0.819838 
228,5.7 ,0.0229834 ,0.819448 
229,5.725 ,0.0229115 ,0.819397 
230,5.75 ,0.0228379 ,0.820562 
231,5.775 ,0.0227627 ,0.820438 
232,5.8 ,0.0226858 ,0.81899 
233,5.825 ,0.0226073 ,0.818794 
234,5.85 ,0.0225272 ,0.818206 
235,5.875 ,0.0224456 ,0.81794 
236,5.9 ,0.0223624 ,0.81891 
237,5.925 ,0.0222776 ,0.818575 
238,5.95 ,0.0221914 ,0.816934 
239,5.975 ,0.0221037 ,0.81653 
240,6 ,0.0220146 ,0.815751 
241,6.025 ,0.021924 ,0.81528 
242,6.05 ,0.0218321 ,0.816061 
243,6.075 ,0.0217387 ,0.815525 
244,6.1 ,0.021644 ,0.813697 
245,6.125 ,0.021548 ,0.813096 
246,6.15 ,0.0214507 ,0.812132 
247,6.175 ,0.0213521 ,0.811468 
248,6.2 ,0.0212523 ,0.812067 
249,6.225 ,0.0211512 ,0.81134 
250,6.25 ,0.021049 ,0.809332 
251,6.275 ,0.0209456 ,0.808543 
252,6.3 ,0.020841 ,0.807402 
253,6.325 ,0.0207353 ,0.806553 
254,6.35 ,0.0206286 ,0.806977 
255,6.375 ,0.0205208 ,0.806069 
256,6.4 ,0.0204119 ,0.803888 
257,6.425 ,0.020302 ,0.802922 
258,6.45 ,0.0201912 ,0.80161 
259,6.475 ,0.0200794 ,0.800587 
260,6.5 ,0.0199667 ,0.800842 
261,6.525 ,0.0198531 ,0.799763 
262,6.55 ,0.0197386 ,0.797417 
263,6.575 ,0.0196233 ,0.796283 
264,6.6 ,0.0195071 ,0.794807 
265,6.625 ,0.0193902 ,0.79362 
266,6.65 ,0.0192725 ,0.793714 
267,6.675 ,0.0191541 ,0.792474 
268,6.7 ,0.019035 ,0.789969 
269,6.725 ,0.0189152 ,0.788676 
270,6.75 ,0.0187947 ,0.787045 
271,6.775 ,0.0186736 ,0.785701 
272,6.8 ,0.0185519 ,0.785643 
273,6.825 ,0.0184297 ,0.784249 
274,6.85 ,0.0183069 ,0.781593 
275,6.875 ,0.0181836 ,0.780151 
276,6.9 ,0.0180598 ,0.778371 
277,6.925 ,0.0179355 ,0.776881 
278,6.95 ,0.0178109 ,0.776675 
279,6.975 ,0.0176858 ,0.775138 
280,7 ,0.0175603 ,0.772338 
281,7.025 ,0.0174344 ,0.770754 
282,7.05 ,0.0173082 ,0.768832 
283,7.075 ,0.0171818 ,0.767203 
284,7.1 ,0.017055 ,0.766858 
285,7.125 ,0.016928 ,0.765184 
286,7.15 ,0.0168008 ,0.762246 
287,7.175 ,0.0166733 ,0.760528 
288,7.2 ,0.0165457 ,0.758471 
289,7.225 ,0.0164179 ,0.75671 
290,7.25 ,0.01629 ,0.756231 
291,7.275 ,0.016162 ,0.754428 
292,7.3 ,0.0160339 ,0.751358 
293,7.325 ,0.0159057 ,0.749513 
294,7.35 ,0.0157775 ,0.747326 
295,7.375 ,0.0156493 ,0.74544 
296,7.4 ,0.0155212 ,0.744833 
297,7.425 ,0.015393 ,0.742906 
298,7.45 ,0.0152649 ,0.739711 
299,7.475 ,0.0151369 ,0.737744 
300,7.5 ,0.015009 ,0.735432 
301,7.525 ,0.0148812 ,0.733426 
302,7.55 ,0.0147535 ,0.732696 
303,7.575 ,0.0146261 ,0.730652 
304,7.6 ,0.0144988 ,0.727334 
305,7.625 ,0.0143717 ,0.725252 
306,7.65 ,0.0142448 ,0.722819 
307,7.675 ,0.0141182 ,0.720699 
308,7.7 ,0.0139919 ,0.71985 
309,7.725 ,0.0138659 ,0.717693 
310,7.75 ,0.0137401 ,0.714257 
311,7.775 ,0.0136147 ,0.712063 
312,7.8 ,0.0134897 ,0.709514 
313,7.825 ,0.013365 ,0.707284 
314,7.85 ,0.0132407 ,0.706319 
315,7.875 ,0.0131167 ,0.704059 
316,7.9 ,0.0129932 ,0.700543 
317,7.925 ,0.0128702 ,0.698306 
318,7.95 ,0.0127476 ,0.695738 
319,7.975 ,0.0126254 ,0.693527 
320,8 ,0.0125038 ,0.692605 
321,8.025 ,0.0123826 ,0.690419 
322,8.05 ,0.0122619 ,0.686972 
323,8.075 ,0.0121418 ,0.684811 
324,8.1 ,0.0120222 ,0.682311 
325,8.125 ,0.0119032 ,0.680175 
326,8.15 ,0.0117847 ,0.679319 
327,8.175 ,0.0116668 ,0.677207 
328,8.2 ,0.0115495 ,0.673825 
329,8.225 ,0.0114328 ,0.671737 
330,8.25 ,0.0113167 ,0.6693 
331,8.275 ,0.0112012 ,0.667236 
332,8.3 ,0.0110864 ,0.666443 
333,8.325 ,0.0109722 ,0.664401 
334,8.35 ,0.0108586 ,0.661081 
335,8.375 ,0.0107457 ,0.659062 
336,8.4 ,0.0106335 ,0.656686 
337,8.425 ,0.0105219 ,0.654689 
338,8.45 ,0.010411 ,0.653956 
339,8.475 ,0.0103008 ,0.651981 
340,8.5 ,0.0101913 ,0.648719 
341,8.525 ,0.0100825 ,0.646766 
342,8.55 ,0.00997444 ,0.644448 
343,8.575 ,0.00986706 ,0.642516 
344,8.6 ,0.00976041 ,0.641838 
345,8.625 ,0.00965447 ,0.639928 
346,8.65 ,0.00954926 ,0.636721 
347,8.675 ,0.00944478 ,0.634832 
348,8.7 ,0.00934104 ,0.632566 
349,8.725 ,0.00923805 ,0.630698 
350,8.75 ,0.0091358 ,0.630072 
351,8.775 ,0.0090343 ,0.628224 
352,8.8 ,0.00893354 ,0.625067 
353,8.825 ,0.00883354 ,0.623239 
354,8.85 ,0.0087343 ,0.621024 
355,8.875 ,0.00863582 ,0.619215 
356,8.9 ,0.0085381 ,0.618639 
357,8.925 ,0.00844114 ,0.61685 
358,8.95 ,0.00834494 ,0.613742 
359,8.975 ,0.00824951 ,0.611971 
360,9 ,0.00815485 ,0.609803 
361,9.025 ,0.00806096 ,0.608052 
362,9.05 ,0.00796784 ,0.607522 
363,9.075 ,0.00787549 ,0.605789 
364,9.1 ,0.0077839 ,0.602726 
365,9.125 ,0.00769309 ,0.601012 
366,9.15 ,0.00760304 ,0.598888 
367,9.175 ,0.00751377 ,0.597192 
368,9.2 ,0.00742527 ,0.596705 
369,9.225 ,0.00733753 ,0.595026 
370,9.25 ,0.00725056 ,0.592006 
371,9.275 ,0.00716436 ,0.590345 
372,9.3 ,0.00707892 ,0.588263 
373,9.325 ,0.00699425 ,0.586619 
374,9.35 ,0.00691035 ,0.586173 
375,9.375 ,0.0068272 ,0.584546 
376,9.4 ,0.00674481 ,0.581565 
377,9.425 ,0.00666318 ,0.579955 
378,9.45 ,0.00658231 ,0.577912 
379,9.475 ,0.0065022 ,0.576319 
380,9.5 ,0.00642284 ,0.575911 
381,9.525 ,0.00634422 ,0.574334 
382,9.55 ,0.00626635 ,0.57139 
383,9.575 ,0.00618923 ,0.569829 
384,9.6 ,0.00611285 ,0.567823 
385,9.625 ,0.00603721 ,0.566277 
386,9.65 ,0.00596231 ,0.565905 
387,9.675 ,0.00588814 ,0.564376 
388,9.7 ,0.00581469 ,0.561467 
389,9.725 ,0.00574198 ,0.559953 
390,9.75 ,0.00566999 ,0.557981 
391,9.775 ,0.00559872 ,0.556482 
392,9.8 ,0.00552818 ,0.556143 
393,9.825 ,0.00545834 ,0.554659 
394,9.85 ,0.00538921 ,0.551783 
395,9.875 ,0.00532079 ,0.550314 
396,9.9 ,0.00525308 ,0.548374 
397,9.925 ,0.00518606 ,0.546919 
398,9.95 ,0.00511974 ,0.546612 
399,9.975 ,0.00505411 ,0.545172 
400,10 ,0.00498917 ,0.542326 
401,10.025 ,0.00492491 ,0.540901 
402,10.05 ,0.00486133 ,0.53899 
403,10.075 ,0.00479843 ,0.537578 
404,10.1 ,0.0047362 ,0.537299 
405,10.125 ,0.00467463 ,0.535902 
406,10.15 ,0.00461373 ,0.533085 
407,10.175 ,0.00455348 ,0.5317 
408,10.2 ,0.00449389 ,0.529817 
409,10.225 ,0.00443495 ,0.528447 
410,10.25 ,0.00437666 ,0.528195 
411,10.275 ,0.00431901 ,0.526838 
412,10.3 ,0.00426199 ,0.524047 
413,10.325 ,0.0042056 ,0.522703 
414,10.35 ,0.00414985 ,0.520846 
415,10.375 ,0.00409471 ,0.519515 
416,10.4 ,0.0040402 ,0.519288 
417,10.425 ,0.0039863 ,0.51797 
418,10.45 ,0.003933 ,0.515204 
419,10.475 ,0.00388031 ,0.513898 
420,10.5 ,0.00382822 ,0.512065 
421,10.525 ,0.00377673 ,0.510772 
422,10.55 ,0.00372582 ,0.510569 
423,10.575 ,0.00367551 ,0.509288 
424,10.6 ,0.00362577 ,0.506545 
425,10.625 ,0.00357661 ,0.505276 
426,10.65 ,0.00352802 ,0.503465 
427,10.675 ,0.00348 ,0.502209 
428,10.7 ,0.00343254 ,0.502027 
429,10.725 ,0.00338564 ,0.500783 
430,10.75 ,0.00333929 ,0.49806 
431,10.775 ,0.00329348 ,0.496828 
432,10.8 ,0.00324822 ,0.495037 
433,10.825 ,0.00320351 ,0.493816 
434,10.85 ,0.00315932 ,0.493654 
435,10.875 ,0.00311566 ,0.492445 
436,10.9 ,0.00307253 ,0.489742 
437,10.925 ,0.00302992 ,0.488544 
438,10.95 ,0.00298782 ,0.486772 
439,10.975 ,0.00294623 ,0.485585 
440,11 ,0.00290515 ,0.485441 
441,11.025 ,0.00286457 ,0.484266 
442,11.05 ,0.00282449 ,0.48158 
443,11.075 ,0.00278489 ,0.480416 
444,11.1 ,0.00274578 ,0.478661 
445,11.125 ,0.00270716 ,0.477507 
446,11.15 ,0.00266902 ,0.477381 
447,11.175 ,0.00263134 ,0.476237 
448,11.2 ,0.00259414 ,0.473569 
449,11.225 ,0.0025574 ,0.472436 
450,11.25 ,0.00252112 ,0.470697 
451,11.275 ,0.00248529 ,0.469575 
452,11.3 ,0.00244992 ,0.469464 
453,11.325 ,0.00241499 ,0.468352 
454,11.35 ,0.0023805 ,0.465698 
455,11.375 ,0.00234645 ,0.464597 
456,11.4 ,0.00231283 ,0.462873 
457,11.425 ,0.00227964 ,0.461781 
458,11.45 ,0.00224687 ,0.461684 
459,11.475 ,0.00221452 ,0.460603 
460,11.5 ,0.00218259 ,0.457963 
461,11.525 ,0.00215107 ,0.456891 
462,11.55 ,0.00211995 ,0.45518 
463,11.575 ,0.00208924 ,0.454119 
464,11.6 ,0.00205893 ,0.454035 
465,11.625 ,0.002029 ,0.452983 
466,11.65 ,0.00199947 ,0.450355 
467,11.675 ,0.00197032 ,0.449313 
468,11.7 ,0.00194156 ,0.447613 
469,11.725 ,0.00191317 ,0.446581 
470,11.75 ,0.00188516 ,0.446508 
471,11.775 ,0.00185751 ,0.445484 
472,11.8 ,0.00183023 ,0.442868 
473,11.825 ,0.0018033 ,0.441854 
474,11.85 ,0.00177674 ,0.440165 
475,11.875 ,0.00175053 ,0.43916 
476,11.9 ,0.00172467 ,0.439098 
477,11.925 ,0.00169915 ,0.438102 
478,11.95 ,0.00167397 ,0.435496 
479,11.975 ,0.00164914 ,0.434509 
480,12 ,0.00162463 ,0.43283 
481,12.025 ,0.00160046 ,0.431852 
482,12.05 ,0.00157661 ,0.431799 
483,12.075 ,0.00155308 ,0.43083 
484,12.1 ,0.00152987 ,0.428232 
485,12.125 ,0.00150698 ,0.427272 
486,12.15 ,0.00148439 ,0.425602 
487,12.175 ,0.00146212 ,0.42465 
488,12.2 ,0.00144015 ,0.424605 
489,12.225 ,0.00141848 ,0.423662 
490,12.25 ,0.0013971 ,0.421072 
491,12.275 ,0.00137602 ,0.420137 
492,12.3 ,0.00135523 ,0.418475 
493,12.325 ,0.00133473 ,0.417548 
494,12.35 ,0.00131451 ,0.417511 
495,12.375 ,0.00129457 ,0.416593 
496,12.4 ,0.00127491 ,0.41401 
497,12.425 ,0.00125551 ,0.4131 
498,12.45 ,0.00123639 ,0.411444 
499,12.475 ,0.00121754 ,0.410542 
500,12.5 ,0.00119895 ,0.410511 
501,12.525 ,0.00118062 ,0.409618 
502,12.55 ,0.00116254 ,0.407041 
503,12.575 ,0.00114472 ,0.406155 
504,12.6 ,0.00112715 ,0.404505 
505,12.625 ,0.00110983 ,0.403627 
506,12.65 ,0.00109275 ,0.403601 
507,12.675 ,0.00107591 ,0.402731 
508,12.7 ,0.00105932 ,0.400159 
509,12.725 ,0.00104295 ,0.399297 
510,12.75 ,0.00102682 ,0.397652 
511,12.775 ,0.00101092 ,0.396797 
512,12.8 ,0.00099525 ,0.396776 
513,12.825 ,0.000979801 ,0.395929 
514,12.85 ,0.000964572 ,0.393361 
515,12.875 ,0.000949562 ,0.392522 
516,12.9 ,0.000934767 ,0.39088 
517,12.925 ,0.000920185 ,0.390048 
518,12.95 ,0.000905814 ,0.390031 
519,12.975 ,0.00089165 ,0.389206 
520,13 ,0.00087769 ,0.386642 
521,13.025 ,0.000863933 ,0.385825 
522,13.05 ,0.000850374 ,0.384187 
523,13.075 ,0.000837014 ,0.383376 
524,13.1 ,0.000823847 ,0.383362 
525,13.125 ,0.000810873 ,0.382559 
526,13.15 ,0.000798087 ,0.379998 
527,13.175 ,0.000785488 ,0.379202 
528,13.2 ,0.000773074 ,0.377567 
529,13.225 ,0.000760842 ,0.376777 
530,13.25 ,0.00074879 ,0.376766 
531,13.275 ,0.000736914 ,0.375983 
532,13.3 ,0.000725214 ,0.373425 
533,13.325 ,0.000713686 ,0.372649 
534,13.35 ,0.000702328 ,0.371016 
535,13.375 ,0.000691139 ,0.370248 
536,13.4 ,0.000680116 ,0.370237 
537,13.425 ,0.000669256 ,0.369476 
538,13.45 ,0.000658557 ,0.366918 
539,13.475 ,0.000648017 ,0.366163 
540,13.5 ,0.000637635 ,0.364531 
541,13.525 ,0.000627407 ,0.363783 
542,13.55 ,0.000617333 ,0.363774 
543,13.575 ,0.00060741 ,0.363032 
544,13.6 ,0.000597634 ,0.360476 
545,13.625 ,0.000588006 ,0.359741 
546,13.65 ,0.000578523 ,0.358109 
547,13.675 ,0.000569182 ,0.35738 
548,13.7 ,0.000559983 ,0.357372 
549,13.725 ,0.000550922 ,0.35665 
550,13.75 ,0.000541998 ,0.354093 
551,13.775 ,0.000533209 ,0.353377 
552,13.8 ,0.000524553 ,0.351746 
553,13.825 ,0.000516029 ,0.351036 
554,13.85 ,0.000507635 ,0.351027 
555,13.875 ,0.000499368 ,0.350324 
556,13.9 ,0.000491227 ,0.347767 
557,13.925 ,0.000483211 ,0.347071 
558,13.95 ,0.000475317 ,0.345438 
559,13.975 ,0.000467544 ,0.344748 
560,14 ,0.00045989 ,0.344738 
561,14.025 ,0.000452354 ,0.344054 
562,14.05 ,0.000444933 ,0.341496 
563,14.075 ,0.000437626 ,0.340818 
564,14.1 ,0.000430432 ,0.339184 
565,14.125 ,0.000423349 ,0.338512 
566,14.15 ,0.000416376 ,0.338501 
567,14.175 ,0.00040951 ,0.337835 
568,14.2 ,0.000402751 ,0.335275 
569,14.225 ,0.000396096 ,0.334615 
570,14.25 ,0.000389545 ,0.33298 
571,14.275 ,0.000383096 ,0.332326 
572,14.3 ,0.000376747 ,0.332313 
573,14.325 ,0.000370497 ,0.331664 
574,14.35 ,0.000364344 ,0.329103 
575,14.375 ,0.000358288 ,0.32846 
576,14.4 ,0.000352326 ,0.326824 
577,14.425 ,0.000346458 ,0.326186 
578,14.45 ,0.000340682 ,0.326172 
579,14.475 ,0.000334996 ,0.32554 
580,14.5 ,0.0003294 ,0.322977 
581,14.525 ,0.000323892 ,0.322351 
582,14.55 ,0.00031847 ,0.320712 
583,14.575 ,0.000313135 ,0.320092 
584,14.6 ,0.000307884 ,0.320075 
585,14.625 ,0.000302715 ,0.31946 
586,14.65 ,0.000297629 ,0.316894 
587,14.675 ,0.000292623 ,0.316285 
588,14.7 ,0.000287696 ,0.314643 
589,14.725 ,0.000282848 ,0.31404 
590,14.75 ,0.000278077 ,0.31402 
591,14.775 ,0.000273382 ,0.313421 
592,14.8 ,0.000268762 ,0.310853 
593,14.825 ,0.000264216 ,0.31026 
594,14.85 ,0.000259742 ,0.308615 
595,14.875 ,0.00025534 ,0.308027 
596,14.9 ,0.000251009 ,0.308004 
597,14.925 ,0.000246747 ,0.307422 
598,14.95 ,0.000242553 ,0.30485 
599,14.975 ,0.000238427 ,0.304273 
600,15 ,0.000234367 ,0.302625 
601,15.025 ,0.000230373 ,0.302053 
602,15.05 ,0.000226443 ,0.302026 
603,15.075 ,0.000222576 ,0.30146 
604,15.1 ,0.000218772 ,0.298884 
605,15.125 ,0.00021503 ,0.298323 
606,15.15 ,0.000211348 ,0.296671 
607,15.175 ,0.000207726 ,0.296115 
608,15.2 ,0.000204163 ,0.296084 
609,15.225 ,0.000200658 ,0.295533 
610,15.25 ,0.00019721 ,0.292954 
611,15.275 ,0.000193818 ,0.292408 
612,15.3 ,0.000190481 ,0.290752 
613,15.325 ,0.000187199 ,0.290211 
614,15.35 ,0.00018397 ,0.290176 
615,15.375 ,0.000180795 ,0.28964 
616,15.4 ,0.000177671 ,0.287057 
617,15.425 ,0.000174599 ,0.286526 
618,15.45 ,0.000171577 ,0.284865 
619,15.475 ,0.000168604 ,0.284339 
620,15.5 ,0.000165681 ,0.2843 
621,15.525 ,0.000162806 ,0.283779 
622,15.55 ,0.000159978 ,0.281191 
623,15.575 ,0.000157197 ,0.280675 
624,15.6 ,0.000154461 ,0.27901 
625,15.625 ,0.000151771 ,0.278499 
626,15.65 ,0.000149126 ,0.278455 
627,15.675 ,0.000146525 ,0.277949 
628,15.7 ,0.000143966 ,0.275356 
629,15.725 ,0.00014145 ,0.274854 
630,15.75 ,0.000138976 ,0.273185 
631,15.775 ,0.000136543 ,0.272688 
632,15.8 ,0.000134151 ,0.27264 
633,15.825 ,0.000131798 ,0.272147 
634,15.85 ,0.000129485 ,0.26955 
635,15.875 ,0.00012721 ,0.269062 
636,15.9 ,0.000124974 ,0.267388 
637,15.925 ,0.000122775 ,0.266905 
638,15.95 ,0.000120613 ,0.266852 
639,15.975 ,0.000118487 ,0.266373 
640,16 ,0.000116396 ,0.263771 
641,16.025 ,0.000114341 ,0.263297 
642,16.05 ,0.000112321 ,0.261618 
643,16.075 ,0.000110334 ,0.261148 
644,16.1 ,0.000108381 ,0.26109 
645,16.125 ,0.000106462 ,0.260625 
646,16.15 ,0.000104574 ,0.258018 
647,16.175 ,0.000102718 ,0.257558 
648,16.2 ,0.000100894 ,0.255874 
649,16.225 ,9.91007e-05 ,0.255418 
650,16.25 ,9.73379e-05 ,0.255355 
651,16.275 ,9.5605e-05 ,0.254903 
652,16.3 ,9.39014e-05 ,0.252291 
653,16.325 ,9.22269e-05 ,0.251843 
654,16.35 ,9.05808e-05 ,0.250154 
655,16.375 ,8.89629e-05 ,0.249711 
656,16.4 ,8.73726e-05 ,0.249643 
657,16.425 ,8.58094e-05 ,0.249205 
658,16.45 ,8.42729e-05 ,0.246587 
659,16.475 ,8.27627e-05 ,0.246153 
660,16.5 ,8.12784e-05 ,0.244459 
661,16.525 ,7.98195e-05 ,0.244029 
662,16.55 ,7.83857e-05 ,0.243956 
663,16.575 ,7.69765e-05 ,0.24353 
664,16.6 ,7.55914e-05 ,0.240907 
665,16.625 ,7.42303e-05 ,0.240486 
666,16.65 ,7.28925e-05 ,0.238786 
667,16.675 ,7.15779e-05 ,0.238369 
668,16.7 ,7.02859e-05 ,0.238291 
669,16.725 ,6.90163e-05 ,0.237877 
670,16.75 ,6.77685e-05 ,0.23525 
671,16.775 ,6.65424e-05 ,0.234841 
672,16.8 ,6.53375e-05 ,0.233136 
673,16.825 ,6.41535e-05 ,0.232731 
674,16.85 ,6.29901e-05 ,0.232648 
675,16.875 ,6.18468e-05 ,0.232247 
676,16.9 ,6.07234e-05 ,0.229614 
677,16.925 ,5.96195e-05 ,0.229217 
678,16.95 ,5.85349e-05 ,0.227507 
679,16.975 ,5.74692e-05 ,0.227114 
680,17 ,5.64221e-05 ,0.227026 
681,17.025 ,5.53933e-05 ,0.226637 
682,17.05 ,5.43824e-05 ,0.223999 
683,17.075 ,5.33892e-05 ,0.223614 
684,17.1 ,5.24134e-05 ,0.221899 
685,17.125 ,5.14547e-05 ,0.221518 
686,17.15 ,5.05128e-05 ,0.221425 
687,17.175 ,4.95875e-05 ,0.221047 
688,17.2 ,4.86784e-05 ,0.218404 
689,17.225 ,4.77853e-05 ,0.218031 
690,17.25 ,4.69079e-05 ,0.216311 
691,17.275 ,4.6046e-05 ,0.215942 
692,17.3 ,4.51993e-05 ,0.215843 
693,17.325 ,4.43675e-05 ,0.215478 
694,17.35 ,4.35504e-05 ,0.21283 
695,17.375 ,4.27477e-05 ,0.212468 
696,17.4 ,4.19593e-05 ,0.210743 
697,17.425 ,4.11848e-05 ,0.210386 
698,17.45 ,4.0424e-05 ,0.210282 
699,17.475 ,3.96768e-05 ,0.209928 
700,17.5 ,3.89428e-05 ,0.207275 
701,17.525 ,3.82218e-05 ,0.206925 
702,17.55 ,3.75137e-05 ,0.205195 
703,17.575 ,3.68182e-05 ,0.204848 
704,17.6 ,3.6135e-05 ,0.20474 
705,17.625 ,3.54641e-05 ,0.204397 
706,17.65 ,3.48051e-05 ,0.201739 
707,17.675 ,3.41579e-05 ,0.2014 
708,17.7 ,3.35222e-05 ,0.199665 
709,17.725 ,3.2898e-05 ,0.19933 
710,17.75 ,3.22849e-05 ,0.199216 
711,17.775 ,3.16828e-05 ,0.198885 
712,17.8 ,3.10915e-05 ,0.196222 
713,17.825 ,3.05108e-05 ,0.195894 
714,17.85 ,2.99405e-05 ,0.194155 
715,17.875 ,2.93805e-05 ,0.19383 
716,17.9 ,2.88306e-05 ,0.193712 
717,17.925 ,2.82906e-05 ,0.193391 
718,17.95 ,2.77603e-05 ,0.190724 
719,17.975 ,2.72395e-05 ,0.190407 
720,18 ,2.67282e-05 ,0.188663 
721,18.025 ,2.62261e-05 ,0.188349 
722,18.05 ,2.57332e-05 ,0.188226 
723,18.075 ,2.52491e-05 ,0.187916 
724,18.1 ,2.47738e-05 ,0.185244 
725,18.125 ,2.43071e-05 ,0.184938 
726,18.15 ,2.38489e-05 ,0.183189 
727,18.175 ,2.3399e-05 ,0.182886 
728,18.2 ,2.29572e-05 ,0.182759 
729,18.225 ,2.25236e-05 ,0.182459 
730,18.25 ,2.20977e-05 ,0.179783 
731,18.275 ,2.16797e-05 ,0.179487 
732,18.3 ,2.12693e-05 ,0.177734 
733,18.325 ,2.08664e-05 ,0.177441 
734,18.35 ,2.04708e-05 ,0.17731 
735,18.375 ,2.00825e-05 ,0.177021 
736,18.4 ,1.97012e-05 ,0.17434 
737,18.425 ,1.9327e-05 ,0.174054 
738,18.45 ,1.89596e-05 ,0.172298 
739,18.475 ,1.85989e-05 ,0.172015 
740,18.5 ,1.82448e-05 ,0.17188 
741,18.525 ,1.78973e-05 ,0.171601 
742,18.55 ,1.75561e-05 ,0.168916 
743,18.575 ,1.72212e-05 ,0.16864 
744,18.6 ,1.68925e-05 ,0.16688 
745,18.625 ,1.65699e-05 ,0.166607 
746,18.65 ,1.62532e-05 ,0.166468 
747,18.675 ,1.59423e-05 ,0.166199 
748,18.7 ,1.56371e-05 ,0.163511 
749,18.725 ,1.53376e-05 ,0.163245 
750,18.75 ,1.50437e-05 ,0.161481 
751,18.775 ,1.47552e-05 ,0.161218 
752,18.8 ,1.4472e-05 ,0.161075 
753,18.825 ,1.41941e-05 ,0.160816 
754,18.85 ,1.39213e-05 ,0.158124 
755,18.875 ,1.36536e-05 ,0.157868 
756,18.9 ,1.33909e-05 ,0.1561 
757,18.925 ,1.3133e-05 ,0.155847 
758,18.95 ,1.288e-05 ,0.155701 
759,18.975 ,1.26317e-05 ,0.155451 
760,19 ,1.23879e-05 ,0.152757 
761,19.025 ,1.21488e-05 ,0.15251 
762,19.05 ,1.19141e-05 ,0.150739 
763,19.075 ,1.16838e-05 ,0.150496 
764,19.1 ,1.14578e-05 ,0.150347 
765,19.125 ,1.1236e-05 ,0.150106 
766,19.15 ,1.10183e-05 ,0.147409 
767,19.175 ,1.08048e-05 ,0.147171 
768,19.2 ,1.05952e-05 ,0.145398 
769,19.225 ,1.03896e-05 ,0.145163 
770,19.25 ,1.01879e-05 ,0.145012 
771,19.275 ,9.98989e-06 ,0.14478 
772,19.3 ,9.79565e-06 ,0.14208 
773,19.325 ,9.60506e-06 ,0.141852 
774,19.35 ,9.41805e-06 ,0.140076 
775,19.375 ,9.23458e-06 ,0.139851 
776,19.4 ,9.05457e-06 ,0.139696 
777,19.425 ,8.87796e-06 ,0.139474 
778,19.45 ,8.70467e-06 ,0.136772 
779,19.475 ,8.53466e-06 ,0.136553 
780,19.5 ,8.36787e-06 ,0.134774 
781,19.525 ,8.20424e-06 ,0.134558 
782,19.55 ,8.04371e-06 ,0.134401 
783,19.575 ,7.88623e-06 ,0.134188 
784,19.6 ,7.73172e-06 ,0.131484 
785,19.625 ,7.58015e-06 ,0.131274 
786,19.65 ,7.43146e-06 ,0.129493 
787,19.675 ,7.2856e-06 ,0.129286 
788,19.7 ,7.14252e-06 ,0.129127 
789,19.725 ,7.00216e-06 ,0.128923 
790,19.75 ,6.86447e-06 ,0.126216 
791,19.775 ,6.72941e-06 ,0.126015 
792,19.8 ,6.59692e-06 ,0.124233 
793,19.825 ,6.46697e-06 ,0.124035 
794,19.85 ,6.3395e-06 ,0.123874 
795,19.875 ,6.21447e-06 ,0.123679 
796,19.9 ,6.09183e-06 ,0.120971 
797,19.925 ,5.97154e-06 ,0.120778 
798,19.95 ,5.85355e-06 ,0.118995 
799,19.975 ,5.73783e-06 ,0.118805 
800,20 ,5.62433e-06 ,0.118643 
801,20.025 ,5.51301e-06 ,0.118456 
802,20.05 ,5.40382e-06 ,0.115747 
803,20.075 ,5.29674e-06 ,0.115563 
804,20.1 ,5.19172e-06 ,0.113778 
805,20.125 ,5.08872e-06 ,0.113597 
806,20.15 ,4.98771e-06 ,0.113435 
807,20.175 ,4.88865e-06 ,0.113256 
808,20.2 ,4.79149e-06 ,0.110546 
809,20.225 ,4.69622e-06 ,0.11037 
810,20.25 ,4.60278e-06 ,0.108585 
811,20.275 ,4.51116e-06 ,0.108412 
812,20.3 ,4.42131e-06 ,0.108249 
813,20.325 ,4.3332e-06 ,0.108079 
814,20.35 ,4.2468e-06 ,0.105368 
815,20.375 ,4.16207e-06 ,0.105201 
816,20.4 ,4.07898e-06 ,0.103415 
817,20.425 ,3.99752e-06 ,0.10325 
818,20.45 ,3.91764e-06 ,0.103087 
819,20.475 ,3.83931e-06 ,0.102925 
820,20.5 ,3.7625e-06 ,0.100214 
821,20.525 ,3.68719e-06 ,0.100055 
822,20.55 ,3.61335e-06 ,0.0982688 
823,20.575 ,3.54095e-06 ,0.0981121 
824,20.6 ,3.46997e-06 ,0.0979491 
825,20.625 ,3.40037e-06 ,0.097795 
826,20.65 ,3.33213e-06 ,0.0950845 
827,20.675 ,3.26523e-06 ,0.094933 
828,20.7 ,3.19964e-06 ,0.0931476 
829,20.725 ,3.13533e-06 ,0.0929988 
830,20.75 ,3.07229e-06 ,0.0928363 
831,20.775 ,3.01048e-06 ,0.0926901 
832,20.8 ,2.94989e-06 ,0.0899802 
833,20.825 ,2.89048e-06 ,0.0898366 
834,20.85 ,2.83225e-06 ,0.0880519 
835,20.875 ,2.77516e-06 ,0.0879109 
836,20.9 ,2.7192e-06 ,0.0877493 
837,20.925 ,2.66434e-06 ,0.0876108 
838,20.95 ,2.61056e-06 ,0.084902 
839,20.975 ,2.55784e-06 ,0.0847661 
840,21 ,2.50616e-06 ,0.0829825 
841,21.025 ,2.45551e-06 ,0.0828492 
842,21.05 ,2.40586e-06 ,0.0826889 
843,21.075 ,2.35719e-06 ,0.082558 
844,21.1 ,2.30949e-06 ,0.0798506 
845,21.125 ,2.26273e-06 ,0.0797222 
846,21.15 ,2.2169e-06 ,0.0779402 
847,21.175 ,2.17198e-06 ,0.0778144 
848,21.2 ,2.12795e-06 ,0.0776558 
849,21.225 ,2.0848e-06 ,0.0775324 
850,21.25 ,2.04251e-06 ,0.0748268 
851,21.275 ,2.00106e-06 ,0.0747058 
852,21.3 ,1.96044e-06 ,0.0729258 
853,21.325 ,1.92062e-06 ,0.0728074 
854,21.35 ,1.88161e-06 ,0.0726508 
855,21.375 ,1.84337e-06 ,0.0725348 
856,21.4 ,1.8059e-06 ,0.0698314 
857,21.425 ,1.76917e-06 ,0.0697178 
858,21.45 ,1.73319e-06 ,0.0679402 
859,21.475 ,1.69792e-06 ,0.067829 
860,21.5 ,1.66336e-06 ,0.0676749 
861,21.525 ,1.6295e-06 ,0.0675661 
862,21.55 ,1.59632e-06 ,0.0648654 
863,21.575 ,1.5638e-06 ,0.064759 
864,21.6 ,1.53194e-06 ,0.0629841 
865,21.625 ,1.50072e-06 ,0.06288 
866,21.65 ,1.47014e-06 ,0.0627289 
867,21.675 ,1.44017e-06 ,0.0626272 
868,21.7 ,1.4108e-06 ,0.0599295 
869,21.725 ,1.38203e-06 ,0.0598302 
870,21.75 ,1.35384e-06 ,0.0580585 
871,21.775 ,1.32623e-06 ,0.0579615 
872,21.8 ,1.29917e-06 ,0.0578137 
873,21.825 ,1.27266e-06 ,0.057719 
874,21.85 ,1.2467e-06 ,0.0550247 
875,21.875 ,1.22126e-06 ,0.0549323 
876,21.9 ,1.19633e-06 ,0.0531643 
877,21.925 ,1.17192e-06 ,0.0530742 
878,21.95 ,1.14801e-06 ,0.0529301 
879,21.975 ,1.12458e-06 ,0.0528423 
880,22 ,1.10163e-06 ,0.050152 
881,22.025 ,1.07916e-06 ,0.0500664 
882,22.05 ,1.05714e-06 ,0.0483024 
883,22.075 ,1.03557e-06 ,0.048219 
884,22.1 ,1.01445e-06 ,0.0480792 
885,22.125 ,9.93767e-07 ,0.0479981 
886,22.15 ,9.73506e-07 ,0.0453121 
887,22.175 ,9.53663e-07 ,0.0452333 
888,22.2 ,9.3423e-07 ,0.0434737 
889,22.225 ,9.15199e-07 ,0.0433971 
890,22.25 ,8.96562e-07 ,0.0432618 
891,22.275 ,8.78311e-07 ,0.0431874 
892,22.3 ,8.60439e-07 ,0.0405062 
893,22.325 ,8.42939e-07 ,0.0404339 
894,22.35 ,8.25802e-07 ,0.0386792 
895,22.375 ,8.09024e-07 ,0.0386091 
896,22.4 ,7.92596e-07 ,0.038479 
897,22.425 ,7.76511e-07 ,0.038411 
898,22.45 ,7.60763e-07 ,0.035735 
899,22.475 ,7.45346e-07 ,0.0356692 
900,22.5 ,7.30252e-07 ,0.0339199 
901,22.525 ,7.15477e-07 ,0.0338563 
902,22.55 ,7.01014e-07 ,0.0337316 
903,22.575 ,6.86855e-07 ,0.03367 
904,22.6 ,6.72997e-07 ,0.0309997 
905,22.625 ,6.59432e-07 ,0.0309402 
906,22.65 ,6.46155e-07 ,0.0291967 
907,22.675 ,6.33162e-07 ,0.0291394 
908,22.7 ,6.20446e-07 ,0.0290207 
909,22.725 ,6.08002e-07 ,0.0289654 
910,22.75 ,5.95824e-07 ,0.0263011 
911,22.775 ,5.83907e-07 ,0.0262479 
912,22.8 ,5.72248e-07 ,0.0245107 
913,22.825 ,5.6084e-07 ,0.0244595 
914,22.85 ,5.4968e-07 ,0.0243472 
915,22.875 ,5.38761e-07 ,0.0242981 
916,22.9 ,5.28079e-07 ,0.0216403 
917,22.925 ,5.17631e-07 ,0.0215933 
918,22.95 ,5.07411e-07 ,0.0198627 
919,22.975 ,4.97416e-07 ,0.0198176 
920,23 ,4.8764e-07 ,0.0197121 
921,23.025 ,4.78081e-07 ,0.0196691 
922,23.05 ,4.68732e-07 ,0.0170183 
923,23.075 ,4.59592e-07 ,0.0169772 
924,23.1 ,4.50656e-07 ,0.0152538 
925,23.125 ,4.41919e-07 ,0.0152147 
926,23.15 ,4.33379e-07 ,0.0151165 
927,23.175 ,4.25032e-07 ,0.0150794 
928,23.2 ,4.16873e-07 ,0.012436 
929,23.225 ,4.089e-07 ,0.0124009 
930,23.25 ,4.01109e-07 ,0.010685 
931,23.275 ,3.93497e-07 ,0.0106518 
932,23.3 ,3.8606e-07 ,0.0105613 
933,23.325 ,3.78796e-07 ,0.01053 
934,23.35 ,3.717e-07 ,0.00789449 
935,23.375 ,3.6477e-07 ,0.00786515 
936,23.4 ,3.58003e-07 ,0.00615727 
937,23.425 ,3.51397e-07 ,0.00612984 
938,23.45 ,3.44947e-07 ,0.00604747 
939,23.475 ,3.38652e-07 ,0.00602193 
940,23.5 ,3.32509e-07 ,0.00339473 
941,23.525 ,3.26514e-07 ,0.00337108 
942,23.55 ,3.20665e-07 ,0.00167165 
943,23.575 ,3.14961e-07 ,0.00164987 
944,23.6 ,3.09397e-07 ,0.0015761 
945,23.625 ,3.03972e-07 ,0.00155618 
946,23.65 ,2.98684e-07 ,-0.00106227 
947,23.675 ,2.93529e-07 ,-0.00108034 
948,23.7 ,2.88507e-07 ,-0.00277087 
949,23.725 ,2.83613e-07 ,-0.00278711 
950,23.75 ,2.78848e-07 ,-0.00285184 
951,23.775 ,2.74207e-07 ,-0.00286624 
952,23.8 ,2.69689e-07 ,-0.00547551 
953,23.825 ,2.65293e-07 ,-0.0054881 
954,23.85 ,2.61016e-07 ,-0.0071693 
955,23.875 ,2.56856e-07 ,-0.00718009 
956,23.9 ,2.52812e-07 ,-0.00723534 
957,23.925 ,2.48881e-07 ,-0.00724434 
958,23.95 ,2.45062e-07 ,-0.00984398 
959,23.975 ,2.41353e-07 ,-0.00985121 
960,24 ,2.37752e-07 ,-0.0115226 
961,24.025 ,2.34258e-07 ,-0.0115281 
962,24.05 ,2.3087e-07 ,-0.0115734 
963,24.075 ,2.27585e-07 ,-0.0115771 
964,24.1 ,2.24402e-07 ,-0.0141667 
965,24.125 ,2.2132e-07 ,-0.0141687 
966,24.15 ,2.18338e-07 ,-0.0158299 
967,24.175 ,2.15453e-07 ,-0.0158301 
968,24.2 ,2.12665e-07 ,-0.0158651 
969,24.225 ,2.09972e-07 ,-0.0158636 
970,24.25 ,2.07374e-07 ,-0.0184427 
971,24.275 ,2.04868e-07 ,-0.0184395 
972,24.3 ,2.02454e-07 ,-0.0200901 
973,24.325 ,2.00131e-07 ,-0.0200852 
974,24.35 ,1.97897e-07 ,-0.0201094 
975,24.375 ,1.95751e-07 ,-0.0201028 
976,24.4 ,1.93693e-07 ,-0.0226709 
977,24.425 ,1.91722e-07 ,-0.0226627 
978,24.45 ,1.89836e-07 ,-0.0243022 
979,24.475 ,1.88035e-07 ,-0.0242923 
980,24.5 ,1.86318e-07 ,-0.0243053 
981,24.525 ,1.84683e-07 ,-0.0242937 
982,24.55 ,1.83131e-07 ,-0.0268505 
983,24.575 ,1.8166e-07 ,-0.0268373 
984,24.6 ,1.8027e-07 ,-0.0284653 
985,24.625 ,1.7896e-07 ,-0.0284505 
986,24.65 ,1.77729e-07 ,-0.0284518 
987,24.675 ,1.76578e-07 ,-0.0284353 
988,24.7 ,1.75504e-07 ,-0.0309804 
989,24.725 ,1.74508e-07 ,-0.0309623 
990,24.75 ,1.73589e-07 ,-0.0325784 
991,24.775 ,1.72746e-07 ,-0.0325588 
992,24.8 ,1.7198e-07 ,-0.0325481 
993,24.825 ,1.7129e-07 ,-0.0325268 
994,24.85 ,1.70675e-07 ,-0.0350597 
995,24.875 ,1.70135e-07 ,-0.0350368 
996,24.9 ,1.6967e-07 ,-0.0366406 
997,24.925 ,1.69279e-07 ,-0.0366162 
998,24.95 ,1.68963e-07 ,-0.0365931 
999,24.975 ,1.6872e-07 ,-0.0365671 
1000,25 ,1.68552e-07 ,-0.0390874 