N_e = 26
1,0.027 ,0.0225476 ,0.190224 
2,0.053973 ,0.0225589 ,0.19012 
3,0.080946 ,0.022562 ,0.190093 
4,0.107919 ,0.0225628 ,0.190056 
5,0.134892 ,0.0225626 ,0.190045 
6,0.161865 ,0.0225616 ,0.190012 
7,0.188838 ,0.0225601 ,0.19 
8,0.215811 ,0.0225582 ,0.189964 
9,0.242784 ,0.0225558 ,0.189949 
10,0.269757 ,0.0225531 ,0.189909 
11,0.29673 ,0.02255 ,0.189889 
12,0.323703 ,0.0225465 ,0.189845 
13,0.350676 ,0.0225427 ,0.18982 
14,0.377649 ,0.0225386 ,0.18977 
15,0.404622 ,0.0225341 ,0.18974 
16,0.431595 ,0.0225294 ,0.189686 
17,0.458568 ,0.0225242 ,0.189651 
18,0.485541 ,0.0225188 ,0.189591 
19,0.512514 ,0.0225131 ,0.189551 
20,0.539487 ,0.022507 ,0.189486 
21,0.56646 ,0.0225006 ,0.189442 
22,0.593433 ,0.0224939 ,0.189372 
23,0.620406 ,0.0224869 ,0.189322 
24,0.647379 ,0.0224796 ,0.189248 
25,0.674352 ,0.022472 ,0.189193 
26,0.701325 ,0.022464 ,0.189114 
27,0.728298 ,0.0224558 ,0.189055 
28,0.755271 ,0.0224472 ,0.188971 
29,0.782244 ,0.0224384 ,0.188908 
30,0.809217 ,0.0224292 ,0.18882 
31,0.83619 ,0.0224197 ,0.188752 
32,0.863163 ,0.02241 ,0.18866 
33,0.890136 ,0.0223999 ,0.188588 
34,0.917109 ,0.0223895 ,0.188491 
35,0.944082 ,0.0223789 ,0.188415 
36,0.971055 ,0.0223679 ,0.188315 
37,0.998028 ,0.0223567 ,0.188236 
38,1.025 ,0.0223451 ,0.188131 
39,1.05197 ,0.0223333 ,0.188048 
40,1.07895 ,0.0223211 ,0.187941 
41,1.10592 ,0.0223087 ,0.187854 
42,1.13289 ,0.022296 ,0.187743 
43,1.15987 ,0.022283 ,0.187653 
44,1.18684 ,0.0222697 ,0.187539 
45,1.21381 ,0.0222561 ,0.187447 
46,1.24079 ,0.0222422 ,0.18733 
47,1.26776 ,0.0222281 ,0.187234 
48,1.29473 ,0.0222137 ,0.187115 
49,1.3217 ,0.022199 ,0.187017 
50,1.34868 ,0.022184 ,0.186895 
51,1.37565 ,0.0221687 ,0.186795 
52,1.40262 ,0.0221532 ,0.18667 
53,1.4296 ,0.0221374 ,0.186568 
54,1.45657 ,0.0221213 ,0.186442 
55,1.48354 ,0.0221049 ,0.186338 
56,1.51051 ,0.0220883 ,0.18621 
57,1.53749 ,0.0220714 ,0.186104 
58,1.56446 ,0.0220542 ,0.185974 
59,1.59143 ,0.0220368 ,0.185867 
60,1.61841 ,0.0220191 ,0.185737 
61,1.64538 ,0.0220011 ,0.185628 
62,1.67235 ,0.0219829 ,0.185497 
63,1.69933 ,0.0219644 ,0.185388 
64,1.7263 ,0.0219457 ,0.185255 
65,1.75327 ,0.0219267 ,0.185145 
66,1.78024 ,0.0219074 ,0.185012 
67,1.80722 ,0.0218879 ,0.184902 
68,1.83419 ,0.0218682 ,0.184768 
69,1.86116 ,0.0218482 ,0.184658 
70,1.88814 ,0.0218279 ,0.184525 
71,1.91511 ,0.0218074 ,0.184415 
72,1.94208 ,0.0217866 ,0.184281 
73,1.96906 ,0.0217656 ,0.184171 
74,1.99603 ,0.0217444 ,0.184038 
75,2.023 ,0.0217229 ,0.183929 
76,2.04998 ,0.0217012 ,0.183796 
77,2.07695 ,0.0216792 ,0.183688 
78,2.10392 ,0.021657 ,0.183556 
79,2.13089 ,0.0216345 ,0.183449 
80,2.15787 ,0.0216119 ,0.183318 
81,2.18484 ,0.021589 ,0.183212 
82,2.21181 ,0.0215658 ,0.183083 
83,2.23879 ,0.0215424 ,0.182978 
84,2.26576 ,0.0215188 ,0.18285 
85,2.29273 ,0.021495 ,0.182747 
86,2.31971 ,0.0214709 ,0.182621 
87,2.34668 ,0.0214467 ,0.18252 
88,2.37365 ,0.0214221 ,0.182396 
89,2.40062 ,0.0213974 ,0.182296 
90,2.4276 ,0.0213725 ,0.182174 
91,2.45457 ,0.0213473 ,0.182077 
92,2.48154 ,0.0213219 ,0.181958 
93,2.50852 ,0.0212963 ,0.181863 
94,2.53549 ,0.0212705 ,0.181746 
95,2.56246 ,0.0212444 ,0.181654 
96,2.58944 ,0.0212182 ,0.181539 
97,2.61641 ,0.0211917 ,0.18145 
98,2.64338 ,0.021165 ,0.181338 
99,2.67035 ,0.0211382 ,0.181252 
100,2.69733 ,0.0211111 ,0.181143 
101,2.7243 ,0.0210838 ,0.18106 
102,2.75127 ,0.0210563 ,0.180954 
103,2.77825 ,0.0210285 ,0.180874 
104,2.80522 ,0.0210006 ,0.180772 
105,2.83219 ,0.0209725 ,0.180695 
106,2.85917 ,0.0209442 ,0.180596 
107,2.88614 ,0.0209157 ,0.180523 
108,2.91311 ,0.0208869 ,0.180427 
109,2.94008 ,0.020858 ,0.180357 
110,2.96706 ,0.0208289 ,0.180266 
111,2.99403 ,0.0207996 ,0.1802 
112,3.021 ,0.0207701 ,0.180112 
113,3.04798 ,0.0207404 ,0.180049 
114,3.07495 ,0.0207105 ,0.179965 
115,3.10192 ,0.0206804 ,0.179907 
116,3.12889 ,0.0206501 ,0.179826 
117,3.15587 ,0.0206196 ,0.179772 
118,3.18284 ,0.0205889 ,0.179696 
119,3.20981 ,0.0205581 ,0.179645 
120,3.23679 ,0.020527 ,0.179573 
121,3.26376 ,0.0204958 ,0.179527 
122,3.29073 ,0.0204644 ,0.179458 
123,3.31771 ,0.0204327 ,0.179416 
124,3.34468 ,0.0204009 ,0.179352 
125,3.37165 ,0.020369 ,0.179314 
126,3.39863 ,0.0203368 ,0.179254 
127,3.4256 ,0.0203044 ,0.17922 
128,3.45257 ,0.0202719 ,0.179164 
129,3.47954 ,0.0202392 ,0.179134 
130,3.50652 ,0.0202063 ,0.179082 
131,3.53349 ,0.0201732 ,0.179057 
132,3.56046 ,0.02014 ,0.179009 
133,3.58744 ,0.0201065 ,0.178988 
134,3.61441 ,0.0200729 ,0.178944 
135,3.64138 ,0.0200391 ,0.178927 
136,3.66836 ,0.0200051 ,0.178888 
137,3.69533 ,0.019971 ,0.178874 
138,3.7223 ,0.0199366 ,0.178839 
139,3.74927 ,0.0199021 ,0.17883 
140,3.77625 ,0.0198674 ,0.178798 
141,3.80322 ,0.0198326 ,0.178793 
142,3.83019 ,0.0197975 ,0.178766 
143,3.85717 ,0.0197623 ,0.178765 
144,3.88414 ,0.0197269 ,0.178741 
145,3.91111 ,0.0196913 ,0.178744 
146,3.93809 ,0.0196556 ,0.178724 
147,3.96506 ,0.0196197 ,0.17873 
148,3.99203 ,0.0195836 ,0.178714 
149,4.019 ,0.0195473 ,0.178724 
150,4.04598 ,0.0195109 ,0.178712 
151,4.07295 ,0.0194743 ,0.178725 
152,4.09992 ,0.0194375 ,0.178716 
153,4.1269 ,0.0194005 ,0.178733 
154,4.15387 ,0.0193634 ,0.178727 
155,4.18084 ,0.0193261 ,0.178748 
156,4.20782 ,0.0192886 ,0.178745 
157,4.23479 ,0.019251 ,0.178769 
158,4.26176 ,0.0192132 ,0.178769 
159,4.28873 ,0.0191752 ,0.178796 
160,4.31571 ,0.019137 ,0.178799 
161,4.34268 ,0.0190987 ,0.178829 
162,4.36965 ,0.0190602 ,0.178835 
163,4.39663 ,0.0190215 ,0.178867 
164,4.4236 ,0.0189827 ,0.178876 
165,4.45057 ,0.0189437 ,0.178911 
166,4.47755 ,0.0189045 ,0.178922 
167,4.50452 ,0.0188652 ,0.178959 
168,4.53149 ,0.0188256 ,0.178973 
169,4.55846 ,0.018786 ,0.179012 
170,4.58544 ,0.0187461 ,0.179028 
171,4.61241 ,0.0187061 ,0.179069 
172,4.63938 ,0.0186659 ,0.179087 
173,4.66636 ,0.0186255 ,0.17913 
174,4.69333 ,0.018585 ,0.17915 
175,4.7203 ,0.0185443 ,0.179194 
176,4.74728 ,0.0185035 ,0.179215 
177,4.77425 ,0.0184624 ,0.179261 
178,4.80122 ,0.0184212 ,0.179284 
179,4.82819 ,0.0183799 ,0.179331 
180,4.85517 ,0.0183383 ,0.179354 
181,4.88214 ,0.0182966 ,0.179402 
182,4.90911 ,0.0182548 ,0.179427 
183,4.93609 ,0.0182127 ,0.179476 
184,4.96306 ,0.0181705 ,0.179501 
185,4.99003 ,0.0181282 ,0.17955 
186,5.01701 ,0.0180857 ,0.179576 
187,5.04398 ,0.018043 ,0.179626 
188,5.07095 ,0.0180001 ,0.179652 
189,5.09792 ,0.0179571 ,0.179702 
190,5.1249 ,0.0179139 ,0.179728 
191,5.15187 ,0.0178706 ,0.179777 
192,5.17884 ,0.017827 ,0.179803 
193,5.20582 ,0.0177834 ,0.179852 
194,5.23279 ,0.0177395 ,0.179878 
195,5.25976 ,0.0176955 ,0.179927 
196,5.28674 ,0.0176514 ,0.179951 
197,5.31371 ,0.0176071 ,0.179999 
198,5.34068 ,0.0175626 ,0.180023 
199,5.36765 ,0.0175179 ,0.18007 
200,5.39463 ,0.0174731 ,0.180093 
201,5.4216 ,0.0174281 ,0.180139 
202,5.44857 ,0.017383 ,0.18016 
203,5.47555 ,0.0173377 ,0.180205 
204,5.50252 ,0.0172923 ,0.180225 
205,5.52949 ,0.0172467 ,0.180268 
206,5.55647 ,0.0172009 ,0.180286 
207,5.58344 ,0.017155 ,0.180327 
208,5.61041 ,0.017109 ,0.180343 
209,5.63738 ,0.0170627 ,0.180382 
210,5.66436 ,0.0170164 ,0.180396 
211,5.69133 ,0.0169698 ,0.180433 
212,5.7183 ,0.0169231 ,0.180445 
213,5.74528 ,0.0168763 ,0.180479 
214,5.77225 ,0.0168293 ,0.180488 
215,5.79922 ,0.0167822 ,0.18052 
216,5.8262 ,0.0167349 ,0.180527 
217,5.85317 ,0.0166874 ,0.180555 
218,5.88014 ,0.0166398 ,0.180559 
219,5.90711 ,0.0165921 ,0.180585 
220,5.93409 ,0.0165442 ,0.180586 
221,5.96106 ,0.0164962 ,0.180608 
222,5.98803 ,0.016448 ,0.180606 
223,6.01501 ,0.0163997 ,0.180625 
224,6.04198 ,0.0163512 ,0.180619 
225,6.06895 ,0.0163026 ,0.180635 
226,6.09593 ,0.0162539 ,0.180625 
227,6.1229 ,0.016205 ,0.180637 
228,6.14987 ,0.0161559 ,0.180624 
229,6.17684 ,0.0161068 ,0.180632 
230,6.20382 ,0.0160575 ,0.180616 
231,6.23079 ,0.016008 ,0.18062 
232,6.25776 ,0.0159584 ,0.180599 
233,6.28474 ,0.0159087 ,0.1806 
234,6.31171 ,0.0158589 ,0.180575 
235,6.33868 ,0.0158089 ,0.180571 
236,6.36566 ,0.0157588 ,0.180542 
237,6.39263 ,0.0157086 ,0.180534 
238,6.4196 ,0.0156582 ,0.180501 
239,6.44657 ,0.0156077 ,0.180488 
240,6.47355 ,0.0155571 ,0.180451 
241,6.50052 ,0.0155064 ,0.180434 
242,6.52749 ,0.0154555 ,0.180392 
243,6.55447 ,0.0154045 ,0.180371 
244,6.58144 ,0.0153534 ,0.180325 
245,6.60841 ,0.0153022 ,0.180299 
246,6.63539 ,0.0152509 ,0.180248 
247,6.66236 ,0.0151995 ,0.180218 
248,6.68933 ,0.0151479 ,0.180162 
249,6.7163 ,0.0150962 ,0.180128 
250,6.74328 ,0.0150444 ,0.180068 
251,6.77025 ,0.0149925 ,0.180028 
252,6.79722 ,0.0149405 ,0.179964 
253,6.8242 ,0.0148884 ,0.17992 
254,6.85117 ,0.0148362 ,0.179851 
255,6.87814 ,0.0147839 ,0.179802 
256,6.90512 ,0.0147315 ,0.179728 
257,6.93209 ,0.014679 ,0.179676 
258,6.95906 ,0.0146264 ,0.179597 
259,6.98603 ,0.0145737 ,0.17954 
260,7.01301 ,0.0145209 ,0.179457 
261,7.03998 ,0.014468 ,0.179395 
262,7.06695 ,0.014415 ,0.179307 
263,7.09393 ,0.0143619 ,0.179241 
264,7.1209 ,0.0143087 ,0.179149 
265,7.14787 ,0.0142555 ,0.179078 
266,7.17485 ,0.0142022 ,0.178982 
267,7.20182 ,0.0141487 ,0.178907 
268,7.22879 ,0.0140953 ,0.178806 
269,7.25576 ,0.0140417 ,0.178727 
270,7.28274 ,0.013988 ,0.178622 
271,7.30971 ,0.0139343 ,0.178539 
272,7.33668 ,0.0138805 ,0.17843 
273,7.36366 ,0.0138266 ,0.178343 
274,7.39063 ,0.0137727 ,0.17823 
275,7.4176 ,0.0137187 ,0.178138 
276,7.44458 ,0.0136646 ,0.178022 
277,7.47155 ,0.0136105 ,0.177926 
278,7.49852 ,0.0135563 ,0.177806 
279,7.52549 ,0.0135021 ,0.177707 
280,7.55247 ,0.0134478 ,0.177583 
281,7.57944 ,0.0133934 ,0.17748 
282,7.60641 ,0.013339 ,0.177353 
283,7.63339 ,0.0132845 ,0.177247 
284,7.66036 ,0.01323 ,0.177116 
285,7.68733 ,0.0131754 ,0.177007 
286,7.71431 ,0.0131208 ,0.176873 
287,7.74128 ,0.0130661 ,0.17676 
288,7.76825 ,0.0130114 ,0.176623 
289,7.79522 ,0.0129567 ,0.176508 
290,7.8222 ,0.0129019 ,0.176368 
291,7.84917 ,0.0128471 ,0.17625 
292,7.87614 ,0.0127922 ,0.176107 
293,7.90312 ,0.0127374 ,0.175987 
294,7.93009 ,0.0126824 ,0.175841 
295,7.95706 ,0.0126275 ,0.175718 
296,7.98404 ,0.0125725 ,0.175571 
297,8.01101 ,0.0125175 ,0.175445 
298,8.03798 ,0.0124625 ,0.175296 
299,8.06495 ,0.0124075 ,0.175168 
300,8.09193 ,0.0123524 ,0.175016 
301,8.1189 ,0.0122973 ,0.174887 
302,8.14587 ,0.0122422 ,0.174733 
303,8.17285 ,0.0121871 ,0.174602 
304,8.19982 ,0.012132 ,0.174447 
305,8.22679 ,0.0120769 ,0.174314 
306,8.25376 ,0.0120217 ,0.174157 
307,8.28074 ,0.0119666 ,0.174023 
308,8.30771 ,0.0119115 ,0.173865 
309,8.33468 ,0.0118563 ,0.17373 
310,8.36166 ,0.0118011 ,0.173571 
311,8.38863 ,0.011746 ,0.173434 
312,8.4156 ,0.0116908 ,0.173274 
313,8.44258 ,0.0116357 ,0.173137 
314,8.46955 ,0.0115806 ,0.172976 
315,8.49652 ,0.0115254 ,0.172838 
316,8.52349 ,0.0114703 ,0.172677 
317,8.55047 ,0.0114152 ,0.172538 
318,8.57744 ,0.0113601 ,0.172376 
319,8.60441 ,0.011305 ,0.172237 
320,8.63139 ,0.01125 ,0.172075 
321,8.65836 ,0.0111949 ,0.171935 
322,8.68533 ,0.0111399 ,0.171773 
323,8.71231 ,0.0110849 ,0.171633 
324,8.73928 ,0.0110299 ,0.171471 
325,8.76625 ,0.0109749 ,0.171331 
326,8.79322 ,0.01092 ,0.171169 
327,8.8202 ,0.0108651 ,0.171029 
328,8.84717 ,0.0108102 ,0.170867 
329,8.87414 ,0.0107554 ,0.170728 
330,8.90112 ,0.0107005 ,0.170566 
331,8.92809 ,0.0106458 ,0.170427 
332,8.95506 ,0.010591 ,0.170265 
333,8.98204 ,0.0105363 ,0.170127 
334,9.00901 ,0.0104816 ,0.169965 
335,9.03598 ,0.010427 ,0.169827 
336,9.06295 ,0.0103724 ,0.169666 
337,9.08993 ,0.0103178 ,0.169529 
338,9.1169 ,0.0102633 ,0.169369 
339,9.14387 ,0.0102089 ,0.169231 
340,9.17085 ,0.0101545 ,0.169072 
341,9.19782 ,0.0101001 ,0.168935 
342,9.22479 ,0.0100458 ,0.168776 
343,9.25177 ,0.0099915 ,0.16864 
344,9.27874 ,0.00993729 ,0.168481 
345,9.30571 ,0.00988312 ,0.168346 
346,9.33268 ,0.00982901 ,0.168188 
347,9.35966 ,0.00977496 ,0.168052 
348,9.38663 ,0.00972096 ,0.167895 
349,9.4136 ,0.00966702 ,0.16776 
350,9.44058 ,0.00961314 ,0.167603 
351,9.46755 ,0.00955932 ,0.167469 
352,9.49452 ,0.00950556 ,0.167312 
353,9.5215 ,0.00945186 ,0.167178 
354,9.54847 ,0.00939823 ,0.167021 
355,9.57544 ,0.00934466 ,0.166887 
356,9.60241 ,0.00929115 ,0.166731 
357,9.62939 ,0.00923772 ,0.166597 
358,9.65636 ,0.00918435 ,0.166441 
359,9.68333 ,0.00913105 ,0.166307 
360,9.71031 ,0.00907782 ,0.16615 
361,9.73728 ,0.00902467 ,0.166016 
362,9.76425 ,0.00897158 ,0.165859 
363,9.79123 ,0.00891857 ,0.165724 
364,9.8182 ,0.00886564 ,0.165566 
365,9.84517 ,0.00881278 ,0.16543 
366,9.87214 ,0.00875999 ,0.165272 
367,9.89912 ,0.00870729 ,0.165135 
368,9.92609 ,0.00865466 ,0.164976 
369,9.95306 ,0.00860211 ,0.164837 
370,9.98004 ,0.00854964 ,0.164677 
371,10.007 ,0.00849726 ,0.164537 
372,10.034 ,0.00844495 ,0.164374 
373,10.061 ,0.00839273 ,0.164232 
374,10.0879 ,0.0083406 ,0.164068 
375,10.1149 ,0.00828854 ,0.163923 
376,10.1419 ,0.00823658 ,0.163757 
377,10.1688 ,0.0081847 ,0.16361 
378,10.1958 ,0.00813291 ,0.16344 
379,10.2228 ,0.00808121 ,0.16329 
380,10.2498 ,0.0080296 ,0.163117 
381,10.2767 ,0.00797808 ,0.162963 
382,10.3037 ,0.00792665 ,0.162786 
383,10.3307 ,0.00787532 ,0.162628 
384,10.3577 ,0.00782408 ,0.162447 
385,10.3846 ,0.00777293 ,0.162285 
386,10.4116 ,0.00772188 ,0.162099 
387,10.4386 ,0.00767093 ,0.161932 
388,10.4656 ,0.00762007 ,0.161741 
389,10.4925 ,0.00756931 ,0.161567 
390,10.5195 ,0.00751865 ,0.161371 
391,10.5465 ,0.00746809 ,0.161191 
392,10.5734 ,0.00741763 ,0.160988 
393,10.6004 ,0.00736727 ,0.160802 
394,10.6274 ,0.00731702 ,0.160591 
395,10.6544 ,0.00726687 ,0.160398 
396,10.6813 ,0.00721682 ,0.16018 
397,10.7083 ,0.00716688 ,0.159977 
398,10.7353 ,0.00711704 ,0.159751 
399,10.7623 ,0.00706732 ,0.15954 
400,10.7892 ,0.0070177 ,0.159305 
401,10.8162 ,0.00696819 ,0.159084 
402,10.8432 ,0.0069188 ,0.158838 
403,10.8701 ,0.00686951 ,0.158607 
404,10.8971 ,0.00682034 ,0.158351 
405,10.9241 ,0.00677128 ,0.158109 
406,10.9511 ,0.00672233 ,0.157841 
407,10.978 ,0.0066735 ,0.157587 
408,11.005 ,0.00662479 ,0.157307 
409,11.032 ,0.00657619 ,0.15704 
410,11.059 ,0.00652771 ,0.156747 
411,11.0859 ,0.00647935 ,0.156466 
412,11.1129 ,0.00643112 ,0.156159 
413,11.1399 ,0.006383 ,0.155863 
414,11.1668 ,0.00633501 ,0.155541 
415,11.1938 ,0.00628714 ,0.15523 
416,11.2208 ,0.0062394 ,0.154892 
417,11.2478 ,0.00619178 ,0.154564 
418,11.2747 ,0.00614429 ,0.154209 
419,11.3017 ,0.00609693 ,0.153863 
420,11.3287 ,0.0060497 ,0.153491 
421,11.3557 ,0.0060026 ,0.153126 
422,11.3826 ,0.00595563 ,0.152735 
423,11.4096 ,0.0059088 ,0.152351 
424,11.4366 ,0.0058621 ,0.151939 
425,11.4636 ,0.00581553 ,0.151534 
426,11.4905 ,0.00576911 ,0.151102 
427,11.5175 ,0.00572282 ,0.150675 
428,11.5445 ,0.00567667 ,0.15022 
429,11.5714 ,0.00563066 ,0.149771 
430,11.5984 ,0.0055848 ,0.149293 
431,11.6254 ,0.00553907 ,0.148819 
432,11.6524 ,0.0054935 ,0.148316 
433,11.6793 ,0.00544807 ,0.147817 
434,11.7063 ,0.00540278 ,0.147289 
435,11.7333 ,0.00535765 ,0.146764 
436,11.7603 ,0.00531267 ,0.146209 
437,11.7872 ,0.00526783 ,0.145656 
438,11.8142 ,0.00522316 ,0.145073 
439,11.8412 ,0.00517863 ,0.144491 
440,11.8681 ,0.00513427 ,0.143878 
441,11.8951 ,0.00509006 ,0.143266 
442,11.9221 ,0.00504601 ,0.142623 
443,11.9491 ,0.00500212 ,0.14198 
444,11.976 ,0.00495839 ,0.141305 
445,12.003 ,0.00491483 ,0.140629 
446,12.03 ,0.00487143 ,0.139921 
447,12.057 ,0.0048282 ,0.13921 
448,12.0839 ,0.00478514 ,0.138468 
449,12.1109 ,0.00474224 ,0.137722 
450,12.1379 ,0.00469952 ,0.136944 
451,12.1648 ,0.00465698 ,0.136162 
452,12.1918 ,0.0046146 ,0.135347 
453,12.2188 ,0.00457241 ,0.134526 
454,12.2458 ,0.00453039 ,0.133673 
455,12.2727 ,0.00448855 ,0.132813 
456,12.2997 ,0.0044469 ,0.13192 
457,12.3267 ,0.00440542 ,0.131019 
458,12.3537 ,0.00436414 ,0.130084 
459,12.3806 ,0.00432304 ,0.129142 
460,12.4076 ,0.00428212 ,0.128164 
461,12.4346 ,0.0042414 ,0.127178 
462,12.4616 ,0.00420087 ,0.126157 
463,12.4885 ,0.00416053 ,0.125126 
464,12.5155 ,0.00412039 ,0.124059 
465,12.5425 ,0.00408045 ,0.122982 
466,12.5694 ,0.0040407 ,0.121868 
467,12.5964 ,0.00400115 ,0.120743 
468,12.6234 ,0.00396181 ,0.119581 
469,12.6504 ,0.00392267 ,0.118407 
470,12.6773 ,0.00388374 ,0.117195 
471,12.7043 ,0.00384501 ,0.11597 
472,12.7313 ,0.0038065 ,0.114708 
473,12.7583 ,0.00376819 ,0.113431 
474,12.7852 ,0.0037301 ,0.112116 
475,12.8122 ,0.00369222 ,0.110785 
476,12.8392 ,0.00365456 ,0.109416 
477,12.8661 ,0.00361712 ,0.108031 
478,12.8931 ,0.0035799 ,0.106607 
479,12.9201 ,0.0035429 ,0.105165 
480,12.9471 ,0.00350613 ,0.103684 
481,12.974 ,0.00346957 ,0.102184 
482,13.001 ,0.00343325 ,0.100645 
483,13.028 ,0.00339716 ,0.0990864 
484,13.055 ,0.0033613 ,0.0974874 
485,13.0819 ,0.00332566 ,0.0958681 
486,13.1089 ,0.00329027 ,0.094208 
487,13.1359 ,0.00325511 ,0.0925267 
488,13.1629 ,0.00322019 ,0.0908042 
489,13.1898 ,0.0031855 ,0.0890595 
490,13.2168 ,0.00315106 ,0.0872731 
491,13.2438 ,0.00311687 ,0.0854636 
492,13.2707 ,0.00308291 ,0.0836119 
493,13.2977 ,0.00304921 ,0.0817361 
494,13.3247 ,0.00301575 ,0.0798177 
495,13.3517 ,0.00298254 ,0.0778744 
496,13.3786 ,0.00294958 ,0.0758879 
497,13.4056 ,0.00291688 ,0.0738756 
498,13.4326 ,0.00288443 ,0.0718198 
499,13.4596 ,0.00285224 ,0.0697552 
500,13.4865 ,0.00282031 ,0.0677153 
501,13.5135 ,0.00278863 ,0.0657192 
502,13.5405 ,0.00275722 ,0.0637498 
503,13.5674 ,0.00272607 ,0.0618227 
504,13.5944 ,0.00269518 ,0.0599213 
505,13.6214 ,0.00266456 ,0.058061 
506,13.6484 ,0.0026342 ,0.0562254 
507,13.6753 ,0.0026041 ,0.0544294 
508,13.7023 ,0.00257427 ,0.0526573 
509,13.7293 ,0.00254471 ,0.0509236 
510,13.7563 ,0.00251541 ,0.0492128 
511,13.7832 ,0.00248638 ,0.0475391 
512,13.8102 ,0.00245761 ,0.0458876 
513,13.8372 ,0.00242912 ,0.0442719 
514,13.8641 ,0.00240088 ,0.0426776 
515,13.8911 ,0.00237292 ,0.0411179 
516,13.9181 ,0.00234522 ,0.0395788 
517,13.9451 ,0.00231778 ,0.0380732 
518,13.972 ,0.00229061 ,0.0365874 
519,13.999 ,0.0022637 ,0.035134 
520,14.026 ,0.00223705 ,0.0336996 
521,14.053 ,0.00221067 ,0.0322966 
522,14.0799 ,0.00218455 ,0.0309119 
523,14.1069 ,0.00215869 ,0.0295575 
524,14.1339 ,0.00213309 ,0.0282208 
525,14.1609 ,0.00210774 ,0.0269133 
526,14.1878 ,0.00208266 ,0.0256229 
527,14.2148 ,0.00205783 ,0.0243607 
528,14.2418 ,0.00203326 ,0.0231149 
529,14.2687 ,0.00200894 ,0.0218965 
530,14.2957 ,0.00198487 ,0.0206938 
531,14.3227 ,0.00196105 ,0.0195176 
532,14.3497 ,0.00193749 ,0.0183565 
533,14.3766 ,0.00191417 ,0.017221 
534,14.4036 ,0.0018911 ,0.0161 
535,14.4306 ,0.00186828 ,0.0150038 
536,14.4576 ,0.0018457 ,0.0139216 
537,14.4845 ,0.00182336 ,0.0128633 
538,14.5115 ,0.00180127 ,0.0118185 
539,14.5385 ,0.00177941 ,0.0107967 
540,14.5654 ,0.00175779 ,0.00978797 
541,14.5924 ,0.00173641 ,0.00880154 
542,14.6194 ,0.00171526 ,0.0078276 
543,14.6464 ,0.00169435 ,0.00687523 
544,14.6733 ,0.00167366 ,0.00593487 
545,14.7003 ,0.00165321 ,0.00501536 
546,14.7273 ,0.00163298 ,0.00410742 
547,14.7543 ,0.00161298 ,0.00321962 
548,14.7812 ,0.0015932 ,0.00234295 
549,14.8082 ,0.00157365 ,0.00148575 
550,14.8352 ,0.00155431 ,0.000639252 
551,14.8621 ,0.0015352 ,-0.000188422 
552,14.8891 ,0.0015163 ,-0.0010058 
553,14.9161 ,0.00149762 ,-0.00180499 
554,14.9431 ,0.00147915 ,-0.00259427 
555,14.97 ,0.00146089 ,-0.00336597 
556,14.997 ,0.00144284 ,-0.00412815 
557,15.024 ,0.001425 ,-0.00487332 
558,15.051 ,0.00140736 ,-0.00560934 
559,15.0779 ,0.00138993 ,-0.00632892 
560,15.1049 ,0.0013727 ,-0.00703969 
561,15.1319 ,0.00135567 ,-0.00773458 
562,15.1589 ,0.00133884 ,-0.00842099 
563,15.1858 ,0.0013222 ,-0.00909204 
564,15.2128 ,0.00130576 ,-0.00975495 
565,15.2398 ,0.00128952 ,-0.010403 
566,15.2667 ,0.00127346 ,-0.0110432 
567,15.2937 ,0.00125759 ,-0.0116691 
568,15.3207 ,0.00124192 ,-0.0122874 
569,15.3477 ,0.00122642 ,-0.0128919 
570,15.3746 ,0.00121111 ,-0.0134891 
571,15.4016 ,0.00119598 ,-0.0140729 
572,15.4286 ,0.00118103 ,-0.0146497 
573,15.4556 ,0.00116626 ,-0.0152135 
574,15.4825 ,0.00115167 ,-0.0157706 
575,15.5095 ,0.00113725 ,-0.0163152 
576,15.5365 ,0.001123 ,-0.0168534 
577,15.5634 ,0.00110893 ,-0.0173794 
578,15.5904 ,0.00109502 ,-0.0178992 
579,15.6174 ,0.00108128 ,-0.0184073 
580,15.6444 ,0.00106771 ,-0.0189094 
581,15.6713 ,0.0010543 ,-0.0194002 
582,15.6983 ,0.00104105 ,-0.0198852 
583,15.7253 ,0.00102796 ,-0.0203593 
584,15.7523 ,0.00101503 ,-0.0208278 
585,15.7792 ,0.00100226 ,-0.0212857 
586,15.8062 ,0.000989645 ,-0.0217384 
587,15.8332 ,0.000977183 ,-0.0221807 
588,15.8602 ,0.000964872 ,-0.022618 
589,15.8871 ,0.000952712 ,-0.0230453 
590,15.9141 ,0.000940701 ,-0.0234678 
591,15.9411 ,0.000928836 ,-0.0238806 
592,15.968 ,0.000917117 ,-0.0242887 
593,15.995 ,0.000905542 ,-0.0246875 
594,16.022 ,0.000894109 ,-0.0250818 
595,16.049 ,0.000882816 ,-0.0254671 
596,16.0759 ,0.000871663 ,-0.025848 
597,16.1029 ,0.000860647 ,-0.0262202 
598,16.1299 ,0.000849766 ,-0.0265882 
599,16.1569 ,0.000839021 ,-0.0269478 
600,16.1838 ,0.000828407 ,-0.0273034 
601,16.2108 ,0.000817926 ,-0.0276508 
602,16.2378 ,0.000807574 ,-0.0279944 
603,16.2647 ,0.00079735 ,-0.02833 
604,16.2917 ,0.000787253 ,-0.028662 
605,16.3187 ,0.000777282 ,-0.0289863 
606,16.3457 ,0.000767435 ,-0.029307 
607,16.3726 ,0.00075771 ,-0.0296203 
608,16.3996 ,0.000748106 ,-0.0299302 
609,16.4266 ,0.000738621 ,-0.0302329 
610,16.4536 ,0.000729255 ,-0.0305323 
611,16.4805 ,0.000720006 ,-0.0308248 
612,16.5075 ,0.000710873 ,-0.0311141 
613,16.5345 ,0.000701853 ,-0.0313967 
614,16.5614 ,0.000692946 ,-0.0316763 
615,16.5884 ,0.000684151 ,-0.0319493 
616,16.6154 ,0.000675466 ,-0.0322194 
617,16.6424 ,0.00066689 ,-0.0324832 
618,16.6693 ,0.000658421 ,-0.0327442 
619,16.6963 ,0.000650058 ,-0.0329991 
620,16.7233 ,0.000641801 ,-0.0332513 
621,16.7503 ,0.000633647 ,-0.0334975 
622,16.7772 ,0.000625596 ,-0.0337412 
623,16.8042 ,0.000617646 ,-0.0339791 
624,16.8312 ,0.000609796 ,-0.0342145 
625,16.8582 ,0.000602045 ,-0.0344444 
626,16.8851 ,0.000594391 ,-0.0346719 
627,16.9121 ,0.000586834 ,-0.034894 
628,16.9391 ,0.000579372 ,-0.0351138 
629,16.966 ,0.000572005 ,-0.0353284 
630,16.993 ,0.00056473 ,-0.0355408 
631,17.02 ,0.000557548 ,-0.0357481 
632,17.047 ,0.000550456 ,-0.0359533 
633,17.0739 ,0.000543453 ,-0.0361536 
634,17.1009 ,0.00053654 ,-0.0363518 
635,17.1279 ,0.000529713 ,-0.0365453 
636,17.1549 ,0.000522974 ,-0.0367369 
637,17.1818 ,0.000516319 ,-0.0369238 
638,17.2088 ,0.000509749 ,-0.0371088 
639,17.2358 ,0.000503262 ,-0.0372894 
640,17.2627 ,0.000496857 ,-0.0374682 
641,17.2897 ,0.000490534 ,-0.0376427 
642,17.3167 ,0.000484291 ,-0.0378153 
643,17.3437 ,0.000478127 ,-0.0379839 
644,17.3706 ,0.000472041 ,-0.0381507 
645,17.3976 ,0.000466033 ,-0.0383135 
646,17.4246 ,0.0004601 ,-0.0384746 
647,17.4516 ,0.000454244 ,-0.0386319 
648,17.4785 ,0.000448461 ,-0.0387875 
649,17.5055 ,0.000442753 ,-0.0389394 
650,17.5325 ,0.000437117 ,-0.0390897 
651,17.5595 ,0.000431552 ,-0.0392364 
652,17.5864 ,0.000426059 ,-0.0393816 
653,17.6134 ,0.000420635 ,-0.0395233 
654,17.6404 ,0.00041528 ,-0.0396635 
655,17.6673 ,0.000409994 ,-0.0398003 
656,17.6943 ,0.000404775 ,-0.0399358 
657,17.7213 ,0.000399622 ,-0.0400679 
658,17.7483 ,0.000394536 ,-0.0401986 
659,17.7752 ,0.000389514 ,-0.0403262 
660,17.8022 ,0.000384556 ,-0.0404525 
661,17.8292 ,0.000379661 ,-0.0405756 
662,17.8562 ,0.000374829 ,-0.0406975 
663,17.8831 ,0.000370058 ,-0.0408164 
664,17.9101 ,0.000365348 ,-0.0409341 
665,17.9371 ,0.000360699 ,-0.0410489 
666,17.964 ,0.000356109 ,-0.0411625 
667,17.991 ,0.000351577 ,-0.0412733 
668,18.018 ,0.000347103 ,-0.041383 
669,18.045 ,0.000342687 ,-0.0414899 
670,18.0719 ,0.000338327 ,-0.0415958 
671,18.0989 ,0.000334022 ,-0.0416989 
672,18.1259 ,0.000329773 ,-0.0418011 
673,18.1529 ,0.000325578 ,-0.0419006 
674,18.1798 ,0.000321436 ,-0.0419992 
675,18.2068 ,0.000317348 ,-0.0420953 
676,18.2338 ,0.000313311 ,-0.0421904 
677,18.2607 ,0.000309327 ,-0.042283 
678,18.2877 ,0.000305393 ,-0.0423748 
679,18.3147 ,0.00030151 ,-0.0424642 
680,18.3417 ,0.000297676 ,-0.0425527 
681,18.3686 ,0.000293892 ,-0.0426389 
682,18.3956 ,0.000290155 ,-0.0427242 
683,18.4226 ,0.000286467 ,-0.0428073 
684,18.4496 ,0.000282826 ,-0.0428896 
685,18.4765 ,0.000279231 ,-0.0429697 
686,18.5035 ,0.000275683 ,-0.0430491 
687,18.5305 ,0.00027218 ,-0.0431263 
688,18.5575 ,0.000268722 ,-0.0432028 
689,18.5844 ,0.000265308 ,-0.0432772 
690,18.6114 ,0.000261938 ,-0.043351 
691,18.6384 ,0.000258611 ,-0.0434227 
692,18.6653 ,0.000255326 ,-0.0434937 
693,18.6923 ,0.000252084 ,-0.0435628 
694,18.7193 ,0.000248883 ,-0.0436312 
695,18.7463 ,0.000245723 ,-0.0436977 
696,18.7732 ,0.000242604 ,-0.0437637 
697,18.8002 ,0.000239525 ,-0.0438277 
698,18.8272 ,0.000236485 ,-0.0438912 
699,18.8542 ,0.000233484 ,-0.0439528 
700,18.8811 ,0.000230521 ,-0.0440139 
701,18.9081 ,0.000227597 ,-0.0440733 
702,18.9351 ,0.00022471 ,-0.0441321 
703,18.962 ,0.00022186 ,-0.0441892 
704,18.989 ,0.000219046 ,-0.0442458 
705,19.016 ,0.000216269 ,-0.0443007 
706,19.043 ,0.000213527 ,-0.0443551 
707,19.0699 ,0.00021082 ,-0.0444079 
708,19.0969 ,0.000208148 ,-0.0444602 
709,19.1239 ,0.000205511 ,-0.044511 
710,19.1509 ,0.000202907 ,-0.0445613 
711,19.1778 ,0.000200336 ,-0.04461 
712,19.2048 ,0.000197799 ,-0.0446584 
713,19.2318 ,0.000195294 ,-0.0447052 
714,19.2587 ,0.000192821 ,-0.0447516 
715,19.2857 ,0.00019038 ,-0.0447966 
716,19.3127 ,0.00018797 ,-0.0448412 
717,19.3397 ,0.000185591 ,-0.0448843 
718,19.3666 ,0.000183242 ,-0.0449271 
719,19.3936 ,0.000180924 ,-0.0449685 
720,19.4206 ,0.000178635 ,-0.0450096 
721,19.4476 ,0.000176376 ,-0.0450492 
722,19.4745 ,0.000174146 ,-0.0450886 
723,19.5015 ,0.000171944 ,-0.0451266 
724,19.5285 ,0.000169771 ,-0.0451643 
725,19.5555 ,0.000167625 ,-0.0452008 
726,19.5824 ,0.000165507 ,-0.0452369 
727,19.6094 ,0.000163416 ,-0.0452717 
728,19.6364 ,0.000161352 ,-0.0453063 
729,19.6633 ,0.000159314 ,-0.0453397 
730,19.6903 ,0.000157303 ,-0.0453727 
731,19.7173 ,0.000155317 ,-0.0454046 
732,19.7443 ,0.000153357 ,-0.0454362 
733,19.7712 ,0.000151422 ,-0.0454667 
734,19.7982 ,0.000149512 ,-0.0454969 
735,19.8252 ,0.000147626 ,-0.045526 
736,19.8522 ,0.000145765 ,-0.0455548 
737,19.8791 ,0.000143927 ,-0.0455825 
738,19.9061 ,0.000142113 ,-0.04561 
739,19.9331 ,0.000140322 ,-0.0456365 
740,19.96 ,0.000138554 ,-0.0456627 
741,19.987 ,0.000136809 ,-0.0456878 
742,20.014 ,0.000135086 ,-0.0457128 
743,20.041 ,0.000133385 ,-0.0457367 
744,20.0679 ,0.000131707 ,-0.0457604 
745,20.0949 ,0.000130049 ,-0.0457831 
746,20.1219 ,0.000128413 ,-0.0458057 
747,20.1489 ,0.000126798 ,-0.0458272 
748,20.1758 ,0.000125204 ,-0.0458486 
749,20.2028 ,0.00012363 ,-0.0458691 
750,20.2298 ,0.000122076 ,-0.0458893 
751,20.2568 ,0.000120543 ,-0.0459087 
752,20.2837 ,0.000119028 ,-0.0459278 
753,20.3107 ,0.000117534 ,-0.0459461 
754,20.3377 ,0.000116058 ,-0.0459642 
755,20.3646 ,0.000114602 ,-0.0459815 
756,20.3916 ,0.000113164 ,-0.0459985 
757,20.4186 ,0.000111745 ,-0.0460148 
758,20.4456 ,0.000110343 ,-0.0460308 
759,20.4725 ,0.00010896 ,-0.0460461 
760,20.4995 ,0.000107595 ,-0.0460612 
761,20.5265 ,0.000106247 ,-0.0460755 
762,20.5535 ,0.000104916 ,-0.0460897 
763,20.5804 ,0.000103603 ,-0.046103 
764,20.6074 ,0.000102306 ,-0.0461163 
765,20.6344 ,0.000101026 ,-0.0461287 
766,20.6613 ,9.97624e-05 ,-0.0461411 
767,20.6883 ,9.85151e-05 ,-0.0461527 
768,20.7153 ,9.72837e-05 ,-0.0461641 
769,20.7423 ,9.60682e-05 ,-0.0461749 
770,20.7692 ,9.48683e-05 ,-0.0461855 
771,20.7962 ,9.36838e-05 ,-0.0461954 
772,20.8232 ,9.25145e-05 ,-0.0462052 
773,20.8502 ,9.13602e-05 ,-0.0462143 
774,20.8771 ,9.02208e-05 ,-0.0462233 
775,20.9041 ,8.90959e-05 ,-0.0462316 
776,20.9311 ,8.79856e-05 ,-0.0462398 
777,20.958 ,8.68895e-05 ,-0.0462473 
778,20.985 ,8.58075e-05 ,-0.0462548 
779,21.012 ,8.47394e-05 ,-0.0462615 
780,21.039 ,8.3685e-05 ,-0.0462683 
781,21.0659 ,8.26442e-05 ,-0.0462743 
782,21.0929 ,8.16168e-05 ,-0.0462803 
783,21.1199 ,8.06025e-05 ,-0.0462857 
784,21.1469 ,7.96013e-05 ,-0.0462909 
785,21.1738 ,7.8613e-05 ,-0.0462956 
786,21.2008 ,7.76374e-05 ,-0.0463002 
787,21.2278 ,7.66744e-05 ,-0.0463042 
788,21.2548 ,7.57237e-05 ,-0.0463081 
789,21.2817 ,7.47853e-05 ,-0.0463114 
790,21.3087 ,7.3859e-05 ,-0.0463147 
791,21.3357 ,7.29445e-05 ,-0.0463174 
792,21.3626 ,7.20419e-05 ,-0.04632 
793,21.3896 ,7.11509e-05 ,-0.0463221 
794,21.4166 ,7.02713e-05 ,-0.0463241 
795,21.4436 ,6.94031e-05 ,-0.0463256 
796,21.4705 ,6.8546e-05 ,-0.046327 
797,21.4975 ,6.77e-05 ,-0.0463279 
798,21.5245 ,6.6865e-05 ,-0.0463287 
799,21.5515 ,6.60406e-05 ,-0.046329 
800,21.5784 ,6.52269e-05 ,-0.0463292 
801,21.6054 ,6.44237e-05 ,-0.046329 
802,21.6324 ,6.36309e-05 ,-0.0463287 
803,21.6593 ,6.28483e-05 ,-0.0463278 
804,21.6863 ,6.20758e-05 ,-0.046327 
805,21.7133 ,6.13132e-05 ,-0.0463256 
806,21.7403 ,6.05606e-05 ,-0.0463242 
807,21.7672 ,5.98176e-05 ,-0.0463223 
808,21.7942 ,5.90842e-05 ,-0.0463204 
809,21.8212 ,5.83603e-05 ,-0.046318 
810,21.8482 ,5.76458e-05 ,-0.0463156 
811,21.8751 ,5.69405e-05 ,-0.0463127 
812,21.9021 ,5.62444e-05 ,-0.0463098 
813,21.9291 ,5.55572e-05 ,-0.0463064 
814,21.956 ,5.48789e-05 ,-0.046303 
815,21.983 ,5.42095e-05 ,-0.0462991 
816,22.01 ,5.35487e-05 ,-0.0462952 
817,22.037 ,5.28964e-05 ,-0.0462909 
818,22.0639 ,5.22526e-05 ,-0.0462865 
819,22.0909 ,5.16172e-05 ,-0.0462817 
820,22.1179 ,5.099e-05 ,-0.0462769 
821,22.1449 ,5.0371e-05 ,-0.0462717 
822,22.1718 ,4.976e-05 ,-0.0462664 
823,22.1988 ,4.91569e-05 ,-0.0462608 
824,22.2258 ,4.85617e-05 ,-0.0462551 
825,22.2528 ,4.79742e-05 ,-0.046249 
826,22.2797 ,4.73944e-05 ,-0.0462429 
827,22.3067 ,4.68221e-05 ,-0.0462364 
828,22.3337 ,4.62572e-05 ,-0.0462298 
829,22.3606 ,4.56997e-05 ,-0.0462229 
830,22.3876 ,4.51495e-05 ,-0.046216 
831,22.4146 ,4.46065e-05 ,-0.0462087 
832,22.4416 ,4.40706e-05 ,-0.0462013 
833,22.4685 ,4.35416e-05 ,-0.0461936 
834,22.4955 ,4.30196e-05 ,-0.0461859 
835,22.5225 ,4.25044e-05 ,-0.0461778 
836,22.5495 ,4.19959e-05 ,-0.0461697 
837,22.5764 ,4.14941e-05 ,-0.0461612 
838,22.6034 ,4.09989e-05 ,-0.0461528 
839,22.6304 ,4.05102e-05 ,-0.0461439 
840,22.6573 ,4.00279e-05 ,-0.0461351 
841,22.6843 ,3.95519e-05 ,-0.0461259 
842,22.7113 ,3.90822e-05 ,-0.0461167 
843,22.7383 ,3.86186e-05 ,-0.0461071 
844,22.7652 ,3.81612e-05 ,-0.0460976 
845,22.7922 ,3.77098e-05 ,-0.0460877 
846,22.8192 ,3.72643e-05 ,-0.0460778 
847,22.8462 ,3.68248e-05 ,-0.0460675 
848,22.8731 ,3.6391e-05 ,-0.0460573 
849,22.9001 ,3.5963e-05 ,-0.0460467 
850,22.9271 ,3.55406e-05 ,-0.0460362 
851,22.9541 ,3.51238e-05 ,-0.0460253 
852,22.981 ,3.47126e-05 ,-0.0460144 
853,23.008 ,3.43068e-05 ,-0.0460032 
854,23.035 ,3.39064e-05 ,-0.045992 
855,23.0619 ,3.35114e-05 ,-0.0459804 
856,23.0889 ,3.31216e-05 ,-0.0459689 
857,23.1159 ,3.2737e-05 ,-0.0459571 
858,23.1429 ,3.23575e-05 ,-0.0459452 
859,23.1698 ,3.19831e-05 ,-0.0459331 
860,23.1968 ,3.16137e-05 ,-0.045921 
861,23.2238 ,3.12493e-05 ,-0.0459085 
862,23.2508 ,3.08898e-05 ,-0.0458961 
863,23.2777 ,3.05351e-05 ,-0.0458833 
864,23.3047 ,3.01851e-05 ,-0.0458706 
865,23.3317 ,2.98399e-05 ,-0.0458576 
866,23.3586 ,2.94993e-05 ,-0.0458446 
867,23.3856 ,2.91634e-05 ,-0.0458313 
868,23.4126 ,2.8832e-05 ,-0.045818 
869,23.4396 ,2.85051e-05 ,-0.0458044 
870,23.4665 ,2.81826e-05 ,-0.0457909 
871,23.4935 ,2.78645e-05 ,-0.045777 
872,23.5205 ,2.75507e-05 ,-0.0457632 
873,23.5475 ,2.72413e-05 ,-0.045749 
874,23.5744 ,2.6936e-05 ,-0.0457349 
875,23.6014 ,2.6635e-05 ,-0.0457205 
876,23.6284 ,2.6338e-05 ,-0.0457062 
877,23.6553 ,2.60452e-05 ,-0.0456915 
878,23.6823 ,2.57564e-05 ,-0.0456769 
879,23.7093 ,2.54716e-05 ,-0.045662 
880,23.7363 ,2.51907e-05 ,-0.0456471 
881,23.7632 ,2.49137e-05 ,-0.045632 
882,23.7902 ,2.46405e-05 ,-0.0456168 
883,23.8172 ,2.43712e-05 ,-0.0456014 
884,23.8442 ,2.41056e-05 ,-0.045586 
885,23.8711 ,2.38437e-05 ,-0.0455704 
886,23.8981 ,2.35856e-05 ,-0.0455548 
887,23.9251 ,2.3331e-05 ,-0.0455389 
888,23.9521 ,2.308e-05 ,-0.045523 
889,23.979 ,2.28326e-05 ,-0.0455069 
890,24.006 ,2.25887e-05 ,-0.0454908 
891,24.033 ,2.23482e-05 ,-0.0454744 
892,24.0599 ,2.21112e-05 ,-0.0454581 
893,24.0869 ,2.18775e-05 ,-0.0454415 
894,24.1139 ,2.16472e-05 ,-0.0454249 
895,24.1409 ,2.14202e-05 ,-0.0454081 
896,24.1678 ,2.11965e-05 ,-0.0453913 
897,24.1948 ,2.0976e-05 ,-0.0453743 
898,24.2218 ,2.07587e-05 ,-0.0453572 
899,24.2488 ,2.05446e-05 ,-0.04534 
900,24.2757 ,2.03336e-05 ,-0.0453227 
901,24.3027 ,2.01257e-05 ,-0.0453052 
902,24.3297 ,1.99208e-05 ,-0.0452878 
903,24.3566 ,1.9719e-05 ,-0.0452701 
904,24.3836 ,1.95202e-05 ,-0.0452524 
905,24.4106 ,1.93243e-05 ,-0.0452345 
906,24.4376 ,1.91313e-05 ,-0.0452166 
907,24.4645 ,1.89413e-05 ,-0.0451985 
908,24.4915 ,1.87541e-05 ,-0.0451804 
909,24.5185 ,1.85697e-05 ,-0.0451621 
910,24.5455 ,1.83881e-05 ,-0.0451438 
911,24.5724 ,1.82093e-05 ,-0.0451252 
912,24.5994 ,1.80333e-05 ,-0.0451067 
913,24.6264 ,1.78599e-05 ,-0.045088 
914,24.6533 ,1.76892e-05 ,-0.0450693 
915,24.6803 ,1.75212e-05 ,-0.0450503 
916,24.7073 ,1.73558e-05 ,-0.0450314 
917,24.7343 ,1.7193e-05 ,-0.0450123 
918,24.7612 ,1.70328e-05 ,-0.0449932 
919,24.7882 ,1.68751e-05 ,-0.0449738 
920,24.8152 ,1.67199e-05 ,-0.0449545 
921,24.8422 ,1.65672e-05 ,-0.044935 
922,24.8691 ,1.6417e-05 ,-0.0449155 
923,24.8961 ,1.62692e-05 ,-0.0448958 
924,24.9231 ,1.61239e-05 ,-0.0448761 
925,24.9501 ,1.59809e-05 ,-0.0448561 
926,24.977 ,1.58403e-05 ,-0.0448363 
927,25.004 ,1.5702e-05 ,-0.0448162 
928,25.031 ,1.55661e-05 ,-0.0447961 
929,25.0579 ,1.54324e-05 ,-0.0447758 
930,25.0849 ,1.5301e-05 ,-0.0447556 
931,25.1119 ,1.51719e-05 ,-0.0447351 
932,25.1389 ,1.5045e-05 ,-0.0447146 
933,25.1658 ,1.49203e-05 ,-0.044694 
934,25.1928 ,1.47978e-05 ,-0.0446734 
935,25.2198 ,1.46774e-05 ,-0.0446525 
936,25.2468 ,1.45592e-05 ,-0.0446317 
937,25.2737 ,1.44432e-05 ,-0.0446107 
938,25.3007 ,1.43292e-05 ,-0.0445897 
939,25.3277 ,1.42173e-05 ,-0.0445685 
940,25.3546 ,1.41075e-05 ,-0.0445474 
941,25.3816 ,1.39997e-05 ,-0.044526 
942,25.4086 ,1.38939e-05 ,-0.0445047 
943,25.4356 ,1.37902e-05 ,-0.0444831 
944,25.4625 ,1.36884e-05 ,-0.0444616 
945,25.4895 ,1.35886e-05 ,-0.0444399 
946,25.5165 ,1.34908e-05 ,-0.0444182 
947,25.5435 ,1.33949e-05 ,-0.0443963 
948,25.5704 ,1.3301e-05 ,-0.0443745 
949,25.5974 ,1.32089e-05 ,-0.0443524 
950,25.6244 ,1.31187e-05 ,-0.0443304 
951,25.6514 ,1.30304e-05 ,-0.0443081 
952,25.6783 ,1.2944e-05 ,-0.044286 
953,25.7053 ,1.28594e-05 ,-0.0442636 
954,25.7323 ,1.27766e-05 ,-0.0442412 
955,25.7592 ,1.26956e-05 ,-0.0442186 
956,25.7862 ,1.26165e-05 ,-0.0441961 
957,25.8132 ,1.25391e-05 ,-0.0441734 
958,25.8402 ,1.24635e-05 ,-0.0441507 
959,25.8671 ,1.23896e-05 ,-0.0441278 
960,25.8941 ,1.23175e-05 ,-0.0441049 
961,25.9211 ,1.22471e-05 ,-0.0440819 
962,25.9481 ,1.21785e-05 ,-0.0440589 
963,25.975 ,1.21115e-05 ,-0.0440356 
964,26.002 ,1.20462e-05 ,-0.0440125 
965,26.029 ,1.19826e-05 ,-0.0439891 
966,26.0559 ,1.19207e-05 ,-0.0439657 
967,26.0829 ,1.18604e-05 ,-0.0439422 
968,26.1099 ,1.18018e-05 ,-0.0439187 
969,26.1369 ,1.17448e-05 ,-0.043895 
970,26.1638 ,1.16894e-05 ,-0.0438714 
971,26.1908 ,1.16356e-05 ,-0.0438475 
972,26.2178 ,1.15835e-05 ,-0.0438237 
973,26.2448 ,1.15329e-05 ,-0.0437997 
974,26.2717 ,1.14839e-05 ,-0.0437757 
975,26.2987 ,1.14364e-05 ,-0.0437515 
976,26.3257 ,1.13906e-05 ,-0.0437274 
977,26.3526 ,1.13462e-05 ,-0.0437031 
978,26.3796 ,1.13035e-05 ,-0.0436788 
979,26.4066 ,1.12622e-05 ,-0.0436543 
980,26.4336 ,1.12225e-05 ,-0.0436299 
981,26.4605 ,1.11843e-05 ,-0.0436053 
982,26.4875 ,1.11476e-05 ,-0.0435807 
983,26.5145 ,1.11124e-05 ,-0.0435559 
984,26.5415 ,1.10786e-05 ,-0.0435312 
985,26.5684 ,1.10464e-05 ,-0.0435062 
986,26.5954 ,1.10157e-05 ,-0.0434814 
987,26.6224 ,1.09864e-05 ,-0.0434563 
988,26.6494 ,1.09586e-05 ,-0.0434312 
989,26.6763 ,1.09322e-05 ,-0.043406 
990,26.7033 ,1.09073e-05 ,-0.0433808 
991,26.7303 ,1.08838e-05 ,-0.0433554 
992,26.7572 ,1.08618e-05 ,-0.0433301 
993,26.7842 ,1.08411e-05 ,-0.0433046 
994,26.8112 ,1.0822e-05 ,-0.0432791 
995,26.8382 ,1.08042e-05 ,-0.0432534 
996,26.8651 ,1.07878e-05 ,-0.0432278 
997,26.8921 ,1.07729e-05 ,-0.043202 
998,26.9191 ,1.07594e-05 ,-0.0431762 
999,26.9461 ,1.07472e-05 ,-0.0431502 
1000,26.973 ,1.07365e-05 ,-0.0431244 