prova
1,0.025 ,0.000292421 ,-3198.98 
2,0.05 ,0.000292421 ,-798.984 
3,0.075 ,0.000292421 ,-354.539 
4,0.1 ,0.000506512 ,-198.984 
5,0.125 ,0.000783679 ,-126.984 
6,0.15 ,0.00112307 ,-87.873 
7,0.175 ,0.00152414 ,-64.2904 
8,0.2 ,0.00198646 ,-48.9844 
9,0.225 ,0.00250959 ,-38.4908 
10,0.25 ,0.00309309 ,-30.9848 
11,0.275 ,0.00373648 ,-25.4313 
12,0.3 ,0.00443927 ,-21.2075 
13,0.325 ,0.00520089 ,-17.9204 
14,0.35 ,0.00602076 ,-15.3123 
15,0.375 ,0.00689824 ,-13.2083 
16,0.4 ,0.00783267 ,-11.4864 
17,0.425 ,0.00882332 ,-10.0594 
18,0.45 ,0.00986945 ,-8.86365 
19,0.475 ,0.0109702 ,-7.85175 
20,0.5 ,0.0121249 ,-6.98789 
21,0.525 ,0.0133325 ,-6.24454 
22,0.55 ,0.0145921 ,-5.60032 
23,0.575 ,0.0159027 ,-5.03836 
24,0.6 ,0.0172635 ,-4.54525 
25,0.625 ,0.0186733 ,-4.1102 
26,0.65 ,0.0201311 ,-3.72446 
27,0.675 ,0.0216357 ,-3.38085 
28,0.7 ,0.023186 ,-3.07347 
29,0.725 ,0.0247809 ,-2.79742 
30,0.75 ,0.0264191 ,-2.54859 
31,0.775 ,0.0280993 ,-2.32353 
32,0.8 ,0.0298204 ,-2.11931 
33,0.825 ,0.031581 ,-1.93346 
34,0.85 ,0.0333797 ,-1.76384 
35,0.875 ,0.0352152 ,-1.60863 
36,0.9 ,0.0370862 ,-1.46625 
37,0.925 ,0.0389911 ,-1.33534 
38,0.95 ,0.0409285 ,-1.2147 
39,0.975 ,0.0428971 ,-1.10331 
40,1 ,0.0448952 ,-1.00024 
41,1.025 ,0.0469213 ,-0.904704 
42,1.05 ,0.048974 ,-0.815989 
43,1.075 ,0.0510517 ,-0.733471 
44,1.1 ,0.0531528 ,-0.656594 
45,1.125 ,0.0552757 ,-0.584865 
46,1.15 ,0.0574188 ,-0.517842 
47,1.175 ,0.0595804 ,-0.455132 
48,1.2 ,0.061759 ,-0.396379 
49,1.225 ,0.063953 ,-0.341267 
50,1.25 ,0.0661605 ,-0.289509 
51,1.275 ,0.06838 ,-0.240845 
52,1.3 ,0.0706099 ,-0.195041 
53,1.325 ,0.0728483 ,-0.151886 
54,1.35 ,0.0750936 ,-0.111186 
55,1.375 ,0.0773442 ,-0.0727657 
56,1.4 ,0.0795983 ,-0.0364655 
57,1.425 ,0.0818542 ,-0.00213933 
58,1.45 ,0.0841102 ,0.0303465 
59,1.475 ,0.0863646 ,0.0611142 
60,1.5 ,0.0886157 ,0.090276 
61,1.525 ,0.0908618 ,0.117935 
62,1.55 ,0.0931012 ,0.144186 
63,1.575 ,0.0953322 ,0.169117 
64,1.6 ,0.0975532 ,0.192808 
65,1.625 ,0.0997624 ,0.215333 
66,1.65 ,0.101958 ,0.236762 
67,1.675 ,0.104139 ,0.257157 
68,1.7 ,0.106303 ,0.276579 
69,1.725 ,0.108448 ,0.295083 
70,1.75 ,0.110574 ,0.312718 
71,1.775 ,0.112678 ,0.329533 
72,1.8 ,0.114759 ,0.345571 
73,1.825 ,0.116815 ,0.360874 
74,1.85 ,0.118844 ,0.37548 
75,1.875 ,0.120846 ,0.389425 
76,1.9 ,0.122818 ,0.402742 
77,1.925 ,0.12476 ,0.415464 
78,1.95 ,0.126669 ,0.427618 
79,1.975 ,0.128544 ,0.439233 
80,2 ,0.130384 ,0.450334 
81,2.025 ,0.132187 ,0.460946 
82,2.05 ,0.133952 ,0.471091 
83,2.075 ,0.135678 ,0.48079 
84,2.1 ,0.137363 ,0.490064 
85,2.125 ,0.139005 ,0.498932 
86,2.15 ,0.140605 ,0.507412 
87,2.175 ,0.14216 ,0.51552 
88,2.2 ,0.143669 ,0.523272 
89,2.225 ,0.145131 ,0.530683 
90,2.25 ,0.146545 ,0.537768 
91,2.275 ,0.14791 ,0.544539 
92,2.3 ,0.149224 ,0.551009 
93,2.325 ,0.150487 ,0.557191 
94,2.35 ,0.151698 ,0.563096 
95,2.375 ,0.152855 ,0.568734 
96,2.4 ,0.153958 ,0.574116 
97,2.425 ,0.155005 ,0.579251 
98,2.45 ,0.155997 ,0.584148 
99,2.475 ,0.156931 ,0.588817 
100,2.5 ,0.157808 ,0.593265 
101,2.525 ,0.158627 ,0.597501 
102,2.55 ,0.159386 ,0.601531 
103,2.575 ,0.160085 ,0.605364 
104,2.6 ,0.160723 ,0.609005 
105,2.625 ,0.161301 ,0.612462 
106,2.65 ,0.161817 ,0.61574 
107,2.675 ,0.16227 ,0.618845 
108,2.7 ,0.162661 ,0.621783 
109,2.725 ,0.162988 ,0.62456 
110,2.75 ,0.163252 ,0.627179 
111,2.775 ,0.163452 ,0.629647 
112,2.8 ,0.163587 ,0.631968 
113,2.825 ,0.163658 ,0.634147 
114,2.85 ,0.163664 ,0.636187 
115,2.875 ,0.163605 ,0.638092 
116,2.9 ,0.163481 ,0.639868 
117,2.925 ,0.163291 ,0.641516 
118,2.95 ,0.163036 ,0.643042 
119,2.975 ,0.162716 ,0.644448 
120,3 ,0.162329 ,0.645737 
121,3.025 ,0.161878 ,0.646914 
122,3.05 ,0.161361 ,0.64798 
123,3.075 ,0.160778 ,0.648939 
124,3.1 ,0.16013 ,0.649793 
125,3.125 ,0.159418 ,0.650546 
126,3.15 ,0.15864 ,0.651199 
127,3.175 ,0.157798 ,0.651756 
128,3.2 ,0.156892 ,0.652218 
129,3.225 ,0.155922 ,0.652588 
130,3.25 ,0.154888 ,0.652868 
131,3.275 ,0.15379 ,0.653061 
132,3.3 ,0.152631 ,0.653167 
133,3.325 ,0.151408 ,0.65319 
134,3.35 ,0.150124 ,0.653131 
135,3.375 ,0.148779 ,0.652991 
136,3.4 ,0.147373 ,0.652773 
137,3.425 ,0.145907 ,0.652479 
138,3.45 ,0.144382 ,0.652109 
139,3.475 ,0.142797 ,0.651666 
140,3.5 ,0.141154 ,0.651151 
141,3.525 ,0.139454 ,0.650565 
142,3.55 ,0.137698 ,0.64991 
143,3.575 ,0.135885 ,0.649187 
144,3.6 ,0.134017 ,0.648398 
145,3.625 ,0.132095 ,0.647543 
146,3.65 ,0.130119 ,0.646625 
147,3.675 ,0.128091 ,0.645643 
148,3.7 ,0.126011 ,0.6446 
149,3.725 ,0.123881 ,0.643496 
150,3.75 ,0.1217 ,0.642333 
151,3.775 ,0.119471 ,0.641111 
152,3.8 ,0.117194 ,0.639832 
153,3.825 ,0.11487 ,0.638496 
154,3.85 ,0.1125 ,0.637104 
155,3.875 ,0.110085 ,0.635658 
156,3.9 ,0.107627 ,0.634158 
157,3.925 ,0.105126 ,0.632605 
158,3.95 ,0.102583 ,0.630999 
159,3.975 ,0.1 ,0.629343 
160,4 ,0.0973779 ,0.627635 
161,4.025 ,0.0947173 ,0.625878 
162,4.05 ,0.0920197 ,0.624072 
163,4.075 ,0.0892862 ,0.622217 
164,4.1 ,0.0865179 ,0.620314 
165,4.125 ,0.0837161 ,0.618364 
166,4.15 ,0.0808819 ,0.616368 
167,4.175 ,0.0780166 ,0.614325 
168,4.2 ,0.0751214 ,0.612238 
169,4.225 ,0.0721974 ,0.610106 
170,4.25 ,0.0692458 ,0.607929 
171,4.275 ,0.066268 ,0.605709 
172,4.3 ,0.063265 ,0.603446 
173,4.325 ,0.0602382 ,0.601141 
174,4.35 ,0.0571888 ,0.598793 
175,4.375 ,0.054118 ,0.596404 
176,4.4 ,0.051027 ,0.593974 
177,4.425 ,0.047917 ,0.591503 
178,4.45 ,0.0447894 ,0.588992 
179,4.475 ,0.0416452 ,0.586442 
180,4.5 ,0.0384858 ,0.583852 
181,4.525 ,0.0353123 ,0.581223 
182,4.55 ,0.0321261 ,0.578555 
183,4.575 ,0.0289282 ,0.57585 
184,4.6 ,0.0257198 ,0.573107 
185,4.625 ,0.0225023 ,0.570326 
186,4.65 ,0.0192768 ,0.567509 
187,4.675 ,0.0160444 ,0.564655 
188,4.7 ,0.0128063 ,0.561765 
189,4.725 ,0.00956377 ,0.558838 
190,4.75 ,0.00631788 ,0.555876 
191,4.775 ,0.0030698 ,0.552879 
192,4.8 ,-0.00017935 ,0.549847 
193,4.825 ,-0.00342844 ,0.546779 
194,4.85 ,-0.00667635 ,0.543678 
195,4.875 ,-0.009922 ,0.540542 
196,4.9 ,-0.0131643 ,0.537373 
197,4.925 ,-0.0164022 ,0.53417 
198,4.95 ,-0.0196346 ,0.530933 
199,4.975 ,-0.0228605 ,0.527691 
200,5 ,-0.0260788 ,0.524477 
201,5.025 ,-0.0292886 ,0.521291 
202,5.05 ,-0.0324889 ,0.518132 
203,5.075 ,-0.0356786 ,0.515001 
204,5.1 ,-0.0388569 ,0.511897 
205,5.125 ,-0.0420227 ,0.50882 
206,5.15 ,-0.0451752 ,0.505768 
207,5.175 ,-0.0483134 ,0.502743 
208,5.2 ,-0.0514364 ,0.499743 
209,5.225 ,-0.0545433 ,0.496769 
210,5.25 ,-0.0576333 ,0.493819 
211,5.275 ,-0.0607056 ,0.490895 
212,5.3 ,-0.0637592 ,0.487994 
213,5.325 ,-0.0667933 ,0.485118 
214,5.35 ,-0.0698072 ,0.482265 
215,5.375 ,-0.0728001 ,0.479436 
216,5.4 ,-0.0757711 ,0.476631 
217,5.425 ,-0.0787196 ,0.473848 
218,5.45 ,-0.0816448 ,0.471087 
219,5.475 ,-0.0845459 ,0.46835 
220,5.5 ,-0.0874223 ,0.465634 
221,5.525 ,-0.0902733 ,0.46294 
222,5.55 ,-0.0930981 ,0.460268 
223,5.575 ,-0.0958961 ,0.457617 
224,5.6 ,-0.0986668 ,0.454987 
225,5.625 ,-0.101409 ,0.452378 
226,5.65 ,-0.104123 ,0.44979 
227,5.675 ,-0.106808 ,0.447222 
228,5.7 ,-0.109463 ,0.444674 
229,5.725 ,-0.112087 ,0.442146 
230,5.75 ,-0.11468 ,0.439638 
231,5.775 ,-0.117242 ,0.437149 
232,5.8 ,-0.119772 ,0.434679 
233,5.825 ,-0.122269 ,0.432228 
234,5.85 ,-0.124734 ,0.429796 
235,5.875 ,-0.127164 ,0.427383 
236,5.9 ,-0.129561 ,0.424988 
237,5.925 ,-0.131924 ,0.422611 
238,5.95 ,-0.134251 ,0.420253 
239,5.975 ,-0.136543 ,0.417912 
240,6 ,-0.1388 ,0.415588 
241,6.025 ,-0.141021 ,0.413282 
242,6.05 ,-0.143205 ,0.410993 
243,6.075 ,-0.145352 ,0.408721 
244,6.1 ,-0.147462 ,0.406466 
245,6.125 ,-0.149535 ,0.404227 
246,6.15 ,-0.15157 ,0.402005 
247,6.175 ,-0.153567 ,0.399799 
248,6.2 ,-0.155526 ,0.397609 
249,6.225 ,-0.157445 ,0.395435 
250,6.25 ,-0.159326 ,0.393277 
251,6.275 ,-0.161168 ,0.391134 
252,6.3 ,-0.162971 ,0.389007 
253,6.325 ,-0.164733 ,0.386895 
254,6.35 ,-0.166456 ,0.384798 
255,6.375 ,-0.168139 ,0.382716 
256,6.4 ,-0.169782 ,0.380649 
257,6.425 ,-0.171384 ,0.378596 
258,6.45 ,-0.172946 ,0.376558 
259,6.475 ,-0.174467 ,0.374534 
260,6.5 ,-0.175947 ,0.372524 
261,6.525 ,-0.177387 ,0.370528 
262,6.55 ,-0.178785 ,0.368547 
263,6.575 ,-0.180142 ,0.366578 
264,6.6 ,-0.181458 ,0.364624 
265,6.625 ,-0.182732 ,0.362683 
266,6.65 ,-0.183965 ,0.360755 
267,6.675 ,-0.185157 ,0.35884 
268,6.7 ,-0.186306 ,0.356938 
269,6.725 ,-0.187415 ,0.35505 
270,6.75 ,-0.188482 ,0.353174 
271,6.775 ,-0.189507 ,0.35131 
272,6.8 ,-0.190491 ,0.34946 
273,6.825 ,-0.191433 ,0.347621 
274,6.85 ,-0.192333 ,0.345795 
275,6.875 ,-0.193192 ,0.343981 
276,6.9 ,-0.194009 ,0.342179 
277,6.925 ,-0.194785 ,0.340389 
278,6.95 ,-0.195519 ,0.338611 
279,6.975 ,-0.196212 ,0.336844 
280,7 ,-0.196864 ,0.335089 
281,7.025 ,-0.197474 ,0.333346 
282,7.05 ,-0.198044 ,0.331613 
283,7.075 ,-0.198572 ,0.329892 
284,7.1 ,-0.199059 ,0.328183 
285,7.125 ,-0.199506 ,0.326484 
286,7.15 ,-0.199912 ,0.324796 
287,7.175 ,-0.200277 ,0.323119 
288,7.2 ,-0.200602 ,0.321452 
289,7.225 ,-0.200886 ,0.319796 
290,7.25 ,-0.20113 ,0.318151 
291,7.275 ,-0.201335 ,0.316516 
292,7.3 ,-0.201499 ,0.314892 
293,7.325 ,-0.201624 ,0.313277 
294,7.35 ,-0.201709 ,0.311673 
295,7.375 ,-0.201756 ,0.310079 
296,7.4 ,-0.201763 ,0.308494 
297,7.425 ,-0.201731 ,0.30692 
298,7.45 ,-0.20166 ,0.305355 
299,7.475 ,-0.201551 ,0.3038 
300,7.5 ,-0.201404 ,0.302255 
301,7.525 ,-0.201218 ,0.300719 
302,7.55 ,-0.200995 ,0.299192 
303,7.575 ,-0.200734 ,0.297675 
304,7.6 ,-0.200436 ,0.296167 
305,7.625 ,-0.200101 ,0.294668 
306,7.65 ,-0.199728 ,0.293178 
307,7.675 ,-0.19932 ,0.291697 
308,7.7 ,-0.198875 ,0.290225 
309,7.725 ,-0.198394 ,0.288762 
310,7.75 ,-0.197877 ,0.287307 
311,7.775 ,-0.197324 ,0.285861 
312,7.8 ,-0.196736 ,0.284424 
313,7.825 ,-0.196114 ,0.282996 
314,7.85 ,-0.195456 ,0.281575 
315,7.875 ,-0.194765 ,0.280163 
316,7.9 ,-0.194039 ,0.27876 
317,7.925 ,-0.193279 ,0.277364 
318,7.95 ,-0.192486 ,0.275977 
319,7.975 ,-0.191659 ,0.274598 
320,8 ,-0.1908 ,0.273227 
321,8.025 ,-0.189908 ,0.271864 
322,8.05 ,-0.188984 ,0.270508 
323,8.075 ,-0.188028 ,0.269161 
324,8.1 ,-0.18704 ,0.267821 
325,8.125 ,-0.186021 ,0.266489 
326,8.15 ,-0.184971 ,0.265164 
327,8.175 ,-0.183891 ,0.263847 
328,8.2 ,-0.18278 ,0.262538 
329,8.225 ,-0.181639 ,0.261235 
330,8.25 ,-0.180468 ,0.259941 
331,8.275 ,-0.179268 ,0.258653 
332,8.3 ,-0.178039 ,0.257373 
333,8.325 ,-0.176781 ,0.2561 
334,8.35 ,-0.175496 ,0.254834 
335,8.375 ,-0.174182 ,0.253575 
336,8.4 ,-0.17284 ,0.252323 
337,8.425 ,-0.171472 ,0.251078 
338,8.45 ,-0.170076 ,0.249839 
339,8.475 ,-0.168654 ,0.248608 
340,8.5 ,-0.167206 ,0.247383 
341,8.525 ,-0.165731 ,0.246166 
342,8.55 ,-0.164232 ,0.244954 
343,8.575 ,-0.162707 ,0.24375 
344,8.6 ,-0.161157 ,0.242552 
345,8.625 ,-0.159583 ,0.24136 
346,8.65 ,-0.157985 ,0.240175 
347,8.675 ,-0.156363 ,0.238996 
348,8.7 ,-0.154718 ,0.237823 
349,8.725 ,-0.15305 ,0.236657 
350,8.75 ,-0.151359 ,0.235497 
351,8.775 ,-0.149646 ,0.234344 
352,8.8 ,-0.147911 ,0.233196 
353,8.825 ,-0.146154 ,0.232054 
354,8.85 ,-0.144376 ,0.230919 
355,8.875 ,-0.142578 ,0.229789 
356,8.9 ,-0.140759 ,0.228666 
357,8.925 ,-0.138919 ,0.227548 
358,8.95 ,-0.13706 ,0.226436 
359,8.975 ,-0.135182 ,0.22533 
360,9 ,-0.133285 ,0.22423 
361,9.025 ,-0.131368 ,0.223135 
362,9.05 ,-0.129434 ,0.222047 
363,9.075 ,-0.127482 ,0.220963 
364,9.1 ,-0.125512 ,0.219886 
365,9.125 ,-0.123524 ,0.218814 
366,9.15 ,-0.12152 ,0.217747 
367,9.175 ,-0.1195 ,0.216686 
368,9.2 ,-0.117463 ,0.21563 
369,9.225 ,-0.11541 ,0.21458 
370,9.25 ,-0.113342 ,0.213535 
371,9.275 ,-0.111259 ,0.212495 
372,9.3 ,-0.109161 ,0.21146 
373,9.325 ,-0.107048 ,0.210431 
374,9.35 ,-0.104921 ,0.209407 
375,9.375 ,-0.102781 ,0.208388 
376,9.4 ,-0.100628 ,0.207374 
377,9.425 ,-0.0984608 ,0.206365 
378,9.45 ,-0.0962813 ,0.205362 
379,9.475 ,-0.0940896 ,0.204363 
380,9.5 ,-0.0918858 ,0.203369 
381,9.525 ,-0.0896703 ,0.20238 
382,9.55 ,-0.0874434 ,0.201396 
383,9.575 ,-0.0852056 ,0.200417 
384,9.6 ,-0.0829571 ,0.199442 
385,9.625 ,-0.0806983 ,0.198473 
386,9.65 ,-0.0784294 ,0.197508 
387,9.675 ,-0.0761509 ,0.196547 
388,9.7 ,-0.073863 ,0.195592 
389,9.725 ,-0.071566 ,0.194641 
390,9.75 ,-0.0692604 ,0.193695 
391,9.775 ,-0.0669464 ,0.192753 
392,9.8 ,-0.0646243 ,0.191815 
393,9.825 ,-0.0622945 ,0.190883 
394,9.85 ,-0.0599572 ,0.189954 
395,9.875 ,-0.0576129 ,0.189031 
396,9.9 ,-0.0552617 ,0.188111 
397,9.925 ,-0.052904 ,0.187196 
398,9.95 ,-0.0505401 ,0.186285 
399,9.975 ,-0.0481704 ,0.185379 
400,10 ,-0.045795 ,0.184477 
401,10.025 ,-0.0434144 ,0.183579 
402,10.05 ,-0.0410288 ,0.182685 
403,10.075 ,-0.0386385 ,0.181796 
404,10.1 ,-0.0362439 ,0.180911 
405,10.125 ,-0.0338451 ,0.180029 
406,10.15 ,-0.0314425 ,0.179152 
407,10.175 ,-0.0290364 ,0.178279 
408,10.2 ,-0.0266271 ,0.17741 
409,10.225 ,-0.0242148 ,0.176545 
410,10.25 ,-0.0217998 ,0.175685 
411,10.275 ,-0.0193825 ,0.174828 
412,10.3 ,-0.016963 ,0.173974 
413,10.325 ,-0.0145417 ,0.173125 
414,10.35 ,-0.0121188 ,0.17228 
415,10.375 ,-0.00969458 ,0.171439 
416,10.4 ,-0.00726935 ,0.170601 
417,10.425 ,-0.00484334 ,0.169767 
418,10.45 ,-0.00241681 ,0.168937 
419,10.475 ,9.96831e-06 ,0.168111 
420,10.5 ,0.00243675 ,0.167289 
421,10.525 ,0.00486327 ,0.16647 
422,10.55 ,0.00728929 ,0.165655 
423,10.575 ,0.00971456 ,0.164843 
424,10.6 ,0.0121388 ,0.164035 
425,10.625 ,0.0145618 ,0.163231 
426,10.65 ,0.0169834 ,0.162431 
427,10.675 ,0.0194032 ,0.161633 
428,10.7 ,0.021821 ,0.16084 
429,10.725 ,0.0242367 ,0.16005 
430,10.75 ,0.0266499 ,0.159263 
431,10.775 ,0.0290605 ,0.15848 
432,10.8 ,0.0314682 ,0.1577 
433,10.825 ,0.0338728 ,0.156924 
434,10.85 ,0.0362741 ,0.156151 
435,10.875 ,0.0386718 ,0.155382 
436,10.9 ,0.0410658 ,0.154616 
437,10.925 ,0.0434558 ,0.153853 
438,10.95 ,0.0458417 ,0.153093 
439,10.975 ,0.0482231 ,0.152337 
440,11 ,0.0506 ,0.151584 
441,11.025 ,0.052972 ,0.150835 
442,11.05 ,0.0553391 ,0.150088 
443,11.075 ,0.057701 ,0.149345 
444,11.1 ,0.0600575 ,0.148605 
445,11.125 ,0.0624084 ,0.147868 
446,11.15 ,0.0647536 ,0.147134 
447,11.175 ,0.0670928 ,0.146403 
448,11.2 ,0.0694258 ,0.145676 
449,11.225 ,0.0717526 ,0.144951 
450,11.25 ,0.0740728 ,0.14423 
451,11.275 ,0.0763864 ,0.143512 
452,11.3 ,0.0786931 ,0.142796 
453,11.325 ,0.0809928 ,0.142084 
454,11.35 ,0.0832852 ,0.141375 
455,11.375 ,0.0855704 ,0.140668 
456,11.4 ,0.087848 ,0.139965 
457,11.425 ,0.0901179 ,0.139264 
458,11.45 ,0.09238 ,0.138567 
459,11.475 ,0.0946341 ,0.137872 
460,11.5 ,0.09688 ,0.13718 
461,11.525 ,0.0991176 ,0.136491 
462,11.55 ,0.101347 ,0.135805 
463,11.575 ,0.103567 ,0.135122 
464,11.6 ,0.105779 ,0.134441 
465,11.625 ,0.107982 ,0.133764 
466,11.65 ,0.110176 ,0.133089 
467,11.675 ,0.112361 ,0.132416 
468,11.7 ,0.114536 ,0.131747 
469,11.725 ,0.116702 ,0.13108 
470,11.75 ,0.118859 ,0.130416 
471,11.775 ,0.121005 ,0.129755 
472,11.8 ,0.123142 ,0.129096 
473,11.825 ,0.125269 ,0.12844 
474,11.85 ,0.127386 ,0.127787 
475,11.875 ,0.129493 ,0.127136 
476,11.9 ,0.13159 ,0.126488 
477,11.925 ,0.133676 ,0.125843 
478,11.95 ,0.135751 ,0.1252 
479,11.975 ,0.137816 ,0.124559 
480,12 ,0.13987 ,0.123921 
481,12.025 ,0.141914 ,0.123286 
482,12.05 ,0.143946 ,0.122653 
483,12.075 ,0.145968 ,0.122023 
484,12.1 ,0.147978 ,0.121395 
485,12.125 ,0.149977 ,0.12077 
486,12.15 ,0.151965 ,0.120147 
487,12.175 ,0.153941 ,0.119526 
488,12.2 ,0.155906 ,0.118908 
489,12.225 ,0.157859 ,0.118293 
490,12.25 ,0.159801 ,0.11768 
491,12.275 ,0.161731 ,0.117069 
492,12.3 ,0.163649 ,0.11646 
493,12.325 ,0.165555 ,0.115854 
494,12.35 ,0.167449 ,0.115251 
495,12.375 ,0.169331 ,0.114649 
496,12.4 ,0.171201 ,0.11405 
497,12.425 ,0.173058 ,0.113453 
498,12.45 ,0.174904 ,0.112859 
499,12.475 ,0.176737 ,0.112267 
500,12.5 ,0.178558 ,0.111677 
501,12.525 ,0.180366 ,0.111089 
502,12.55 ,0.182162 ,0.110504 
503,12.575 ,0.183945 ,0.109921 
504,12.6 ,0.185715 ,0.10934 
505,12.625 ,0.187473 ,0.108761 
506,12.65 ,0.189218 ,0.108184 
507,12.675 ,0.19095 ,0.10761 
508,12.7 ,0.19267 ,0.107037 
509,12.725 ,0.194376 ,0.106467 
510,12.75 ,0.19607 ,0.105899 
511,12.775 ,0.19775 ,0.105334 
512,12.8 ,0.199418 ,0.10477 
513,12.825 ,0.201073 ,0.104208 
514,12.85 ,0.202714 ,0.103649 
515,12.875 ,0.204342 ,0.103091 
516,12.9 ,0.205957 ,0.102536 
517,12.925 ,0.207559 ,0.101983 
518,12.95 ,0.209148 ,0.101431 
519,12.975 ,0.210723 ,0.100882 
520,13 ,0.212286 ,0.100335 
521,13.025 ,0.213835 ,0.0997897 
522,13.05 ,0.21537 ,0.0992465 
523,13.075 ,0.216892 ,0.0987053 
524,13.1 ,0.218401 ,0.0981661 
525,13.125 ,0.219896 ,0.0976288 
526,13.15 ,0.221378 ,0.0970935 
527,13.175 ,0.222847 ,0.0965602 
528,13.2 ,0.224302 ,0.0960288 
529,13.225 ,0.225744 ,0.0954993 
530,13.25 ,0.227172 ,0.0949717 
531,13.275 ,0.228586 ,0.0944461 
532,13.3 ,0.229988 ,0.0939223 
533,13.325 ,0.231375 ,0.0934004 
534,13.35 ,0.232749 ,0.0928804 
535,13.375 ,0.23411 ,0.0923623 
536,13.4 ,0.235457 ,0.091846 
537,13.425 ,0.236791 ,0.0913316 
538,13.45 ,0.238111 ,0.090819 
539,13.475 ,0.239417 ,0.0903082 
540,13.5 ,0.24071 ,0.0897992 
541,13.525 ,0.24199 ,0.0892921 
542,13.55 ,0.243256 ,0.0887867 
543,13.575 ,0.244509 ,0.0882832 
544,13.6 ,0.245748 ,0.0877814 
545,13.625 ,0.246973 ,0.0872814 
546,13.65 ,0.248185 ,0.0867831 
547,13.675 ,0.249384 ,0.0862866 
548,13.7 ,0.250569 ,0.0857918 
549,13.725 ,0.251741 ,0.0852988 
550,13.75 ,0.252899 ,0.0848075 
551,13.775 ,0.254044 ,0.0843179 
552,13.8 ,0.255176 ,0.08383 
553,13.825 ,0.256294 ,0.0833438 
554,13.85 ,0.257399 ,0.0828592 
555,13.875 ,0.25849 ,0.0823764 
556,13.9 ,0.259569 ,0.0818952 
557,13.925 ,0.260634 ,0.0814157 
558,13.95 ,0.261685 ,0.0809379 
559,13.975 ,0.262724 ,0.0804617 
560,14 ,0.263749 ,0.0799871 
561,14.025 ,0.264761 ,0.0795141 
562,14.05 ,0.26576 ,0.0790428 
563,14.075 ,0.266745 ,0.0785731 
564,14.1 ,0.267718 ,0.078105 
565,14.125 ,0.268678 ,0.0776385 
566,14.15 ,0.269624 ,0.0771735 
567,14.175 ,0.270558 ,0.0767102 
568,14.2 ,0.271478 ,0.0762484 
569,14.225 ,0.272386 ,0.0757881 
570,14.25 ,0.273281 ,0.0753295 
571,14.275 ,0.274162 ,0.0748723 
572,14.3 ,0.275031 ,0.0744167 
573,14.325 ,0.275888 ,0.0739627 
574,14.35 ,0.276731 ,0.0735101 
575,14.375 ,0.277562 ,0.0730591 
576,14.4 ,0.27838 ,0.0726096 
577,14.425 ,0.279185 ,0.0721616 
578,14.45 ,0.279978 ,0.0717151 
579,14.475 ,0.280758 ,0.07127 
580,14.5 ,0.281526 ,0.0708265 
581,14.525 ,0.282282 ,0.0703844 
582,14.55 ,0.283025 ,0.0699438 
583,14.575 ,0.283755 ,0.0695046 
584,14.6 ,0.284473 ,0.0690669 
585,14.625 ,0.285179 ,0.0686306 
586,14.65 ,0.285873 ,0.0681957 
587,14.675 ,0.286554 ,0.0677623 
588,14.7 ,0.287224 ,0.0673303 
589,14.725 ,0.287881 ,0.0668997 
590,14.75 ,0.288526 ,0.0664706 
591,14.775 ,0.28916 ,0.0660428 
592,14.8 ,0.289781 ,0.0656164 
593,14.825 ,0.29039 ,0.0651914 
594,14.85 ,0.290988 ,0.0647678 
595,14.875 ,0.291574 ,0.0643455 
596,14.9 ,0.292148 ,0.0639247 
597,14.925 ,0.292711 ,0.0635051 
598,14.95 ,0.293261 ,0.063087 
599,14.975 ,0.293801 ,0.0626701 
600,15 ,0.294328 ,0.0622547 
601,15.025 ,0.294845 ,0.0618405 
602,15.05 ,0.29535 ,0.0614277 
603,15.075 ,0.295843 ,0.0610162 
604,15.1 ,0.296325 ,0.060606 
605,15.125 ,0.296797 ,0.0601971 
606,15.15 ,0.297256 ,0.0597895 
607,15.175 ,0.297705 ,0.0593833 
608,15.2 ,0.298143 ,0.0589783 
609,15.225 ,0.29857 ,0.0585746 
610,15.25 ,0.298986 ,0.0581721 
611,15.275 ,0.299391 ,0.057771 
612,15.3 ,0.299785 ,0.0573711 
613,15.325 ,0.300168 ,0.0569724 
614,15.35 ,0.300541 ,0.0565751 
615,15.375 ,0.300903 ,0.0561789 
616,15.4 ,0.301254 ,0.055784 
617,15.425 ,0.301595 ,0.0553904 
618,15.45 ,0.301926 ,0.0549979 
619,15.475 ,0.302246 ,0.0546067 
620,15.5 ,0.302556 ,0.0542167 
621,15.525 ,0.302856 ,0.053828 
622,15.55 ,0.303145 ,0.0534404 
623,15.575 ,0.303424 ,0.053054 
624,15.6 ,0.303694 ,0.0526689 
625,15.625 ,0.303953 ,0.0522849 
626,15.65 ,0.304202 ,0.0519021 
627,15.675 ,0.304442 ,0.0515205 
628,15.7 ,0.304671 ,0.05114 
629,15.725 ,0.304891 ,0.0507608 
630,15.75 ,0.305101 ,0.0503827 
631,15.775 ,0.305302 ,0.0500057 
632,15.8 ,0.305493 ,0.0496299 
633,15.825 ,0.305675 ,0.0492553 
634,15.85 ,0.305847 ,0.0488817 
635,15.875 ,0.30601 ,0.0485094 
636,15.9 ,0.306163 ,0.0481381 
637,15.925 ,0.306308 ,0.047768 
638,15.95 ,0.306443 ,0.047399 
639,15.975 ,0.306569 ,0.0470312 
640,16 ,0.306686 ,0.0466644 
641,16.025 ,0.306794 ,0.0462987 
642,16.05 ,0.306894 ,0.0459342 
643,16.075 ,0.306984 ,0.0455707 
644,16.1 ,0.307066 ,0.0452083 
645,16.125 ,0.307139 ,0.0448471 
646,16.15 ,0.307204 ,0.0444869 
647,16.175 ,0.307259 ,0.0441277 
648,16.2 ,0.307307 ,0.0437697 
649,16.225 ,0.307346 ,0.0434127 
650,16.25 ,0.307377 ,0.0430568 
651,16.275 ,0.307399 ,0.0427019 
652,16.3 ,0.307413 ,0.0423481 
653,16.325 ,0.307419 ,0.0419953 
654,16.35 ,0.307418 ,0.0416436 
655,16.375 ,0.307408 ,0.0412929 
656,16.4 ,0.30739 ,0.0409433 
657,16.425 ,0.307364 ,0.0405947 
658,16.45 ,0.30733 ,0.0402471 
659,16.475 ,0.307289 ,0.0399005 
660,16.5 ,0.30724 ,0.0395549 
661,16.525 ,0.307183 ,0.0392104 
662,16.55 ,0.307119 ,0.0388669 
663,16.575 ,0.307048 ,0.0385243 
664,16.6 ,0.306969 ,0.0381828 
665,16.625 ,0.306883 ,0.0378423 
666,16.65 ,0.306789 ,0.0375027 
667,16.675 ,0.306688 ,0.0371641 
668,16.7 ,0.306581 ,0.0368266 
669,16.725 ,0.306466 ,0.03649 
670,16.75 ,0.306344 ,0.0361543 
671,16.775 ,0.306215 ,0.0358197 
672,16.8 ,0.306079 ,0.035486 
673,16.825 ,0.305937 ,0.0351532 
674,16.85 ,0.305788 ,0.0348214 
675,16.875 ,0.305632 ,0.0344906 
676,16.9 ,0.305469 ,0.0341607 
677,16.925 ,0.305301 ,0.0338318 
678,16.95 ,0.305125 ,0.0335038 
679,16.975 ,0.304943 ,0.0331767 
680,17 ,0.304755 ,0.0328506 
681,17.025 ,0.304561 ,0.0325254 
682,17.05 ,0.30436 ,0.0322011 
683,17.075 ,0.304154 ,0.0318777 
684,17.1 ,0.303941 ,0.0315553 
685,17.125 ,0.303722 ,0.0312338 
686,17.15 ,0.303497 ,0.0309132 
687,17.175 ,0.303267 ,0.0305934 
688,17.2 ,0.303031 ,0.0302746 
689,17.225 ,0.302789 ,0.0299567 
690,17.25 ,0.302541 ,0.0296397 
691,17.275 ,0.302288 ,0.0293235 
692,17.3 ,0.302029 ,0.0290083 
693,17.325 ,0.301764 ,0.0286939 
694,17.35 ,0.301495 ,0.0283804 
695,17.375 ,0.301219 ,0.0280678 
696,17.4 ,0.300939 ,0.0277561 
697,17.425 ,0.300653 ,0.0274452 
698,17.45 ,0.300363 ,0.0271352 
699,17.475 ,0.300067 ,0.026826 
700,17.5 ,0.299766 ,0.0265177 
701,17.525 ,0.29946 ,0.0262103 
702,17.55 ,0.299149 ,0.0259037 
703,17.575 ,0.298834 ,0.0255979 
704,17.6 ,0.298513 ,0.025293 
705,17.625 ,0.298188 ,0.0249889 
706,17.65 ,0.297858 ,0.0246857 
707,17.675 ,0.297524 ,0.0243833 
708,17.7 ,0.297185 ,0.0240817 
709,17.725 ,0.296842 ,0.023781 
710,17.75 ,0.296494 ,0.0234811 
711,17.775 ,0.296142 ,0.0231819 
712,17.8 ,0.295785 ,0.0228837 
713,17.825 ,0.295425 ,0.0225862 
714,17.85 ,0.29506 ,0.0222895 
715,17.875 ,0.294691 ,0.0219936 
716,17.9 ,0.294318 ,0.0216986 
717,17.925 ,0.293941 ,0.0214043 
718,17.95 ,0.29356 ,0.0211108 
719,17.975 ,0.293175 ,0.0208182 
720,18 ,0.292787 ,0.0205263 
721,18.025 ,0.292394 ,0.0202352 
722,18.05 ,0.291998 ,0.0199448 
723,18.075 ,0.291599 ,0.0196553 
724,18.1 ,0.291195 ,0.0193665 
725,18.125 ,0.290789 ,0.0190786 
726,18.15 ,0.290378 ,0.0187913 
727,18.175 ,0.289965 ,0.0185049 
728,18.2 ,0.289548 ,0.0182192 
729,18.225 ,0.289127 ,0.0179343 
730,18.25 ,0.288704 ,0.0176501 
731,18.275 ,0.288277 ,0.0173667 
732,18.3 ,0.287847 ,0.017084 
733,18.325 ,0.287414 ,0.0168021 
734,18.35 ,0.286978 ,0.0165209 
735,18.375 ,0.286539 ,0.0162405 
736,18.4 ,0.286097 ,0.0159608 
737,18.425 ,0.285653 ,0.0156819 
738,18.45 ,0.285205 ,0.0154037 
739,18.475 ,0.284755 ,0.0151262 
740,18.5 ,0.284302 ,0.0148494 
741,18.525 ,0.283846 ,0.0145734 
742,18.55 ,0.283388 ,0.0142981 
743,18.575 ,0.282927 ,0.0140235 
744,18.6 ,0.282464 ,0.0137496 
745,18.625 ,0.281999 ,0.0134765 
746,18.65 ,0.281531 ,0.013204 
747,18.675 ,0.28106 ,0.0129323 
748,18.7 ,0.280588 ,0.0126613 
749,18.725 ,0.280113 ,0.012391 
750,18.75 ,0.279636 ,0.0121213 
751,18.775 ,0.279157 ,0.0118524 
752,18.8 ,0.278676 ,0.0115842 
753,18.825 ,0.278193 ,0.0113166 
754,18.85 ,0.277708 ,0.0110498 
755,18.875 ,0.277221 ,0.0107836 
756,18.9 ,0.276732 ,0.0105182 
757,18.925 ,0.276241 ,0.0102534 
758,18.95 ,0.275748 ,0.00998924 
759,18.975 ,0.275254 ,0.0097258 
760,19 ,0.274758 ,0.00946304 
761,19.025 ,0.274261 ,0.00920094 
762,19.05 ,0.273762 ,0.00893952 
763,19.075 ,0.273261 ,0.00867876 
764,19.1 ,0.272759 ,0.00841866 
765,19.125 ,0.272255 ,0.00815923 
766,19.15 ,0.27175 ,0.00790046 
767,19.175 ,0.271244 ,0.00764234 
768,19.2 ,0.270736 ,0.00738487 
769,19.225 ,0.270228 ,0.00712806 
770,19.25 ,0.269718 ,0.00687189 
771,19.275 ,0.269206 ,0.00661638 
772,19.3 ,0.268694 ,0.0063615 
773,19.325 ,0.268181 ,0.00610727 
774,19.35 ,0.267666 ,0.00585367 
775,19.375 ,0.267151 ,0.00560072 
776,19.4 ,0.266635 ,0.00534839 
777,19.425 ,0.266117 ,0.0050967 
778,19.45 ,0.265599 ,0.00484564 
779,19.475 ,0.265081 ,0.0045952 
780,19.5 ,0.264561 ,0.00434539 
781,19.525 ,0.264041 ,0.00409621 
782,19.55 ,0.26352 ,0.00384764 
783,19.575 ,0.262998 ,0.00359969 
784,19.6 ,0.262476 ,0.00335236 
785,19.625 ,0.261953 ,0.00310563 
786,19.65 ,0.26143 ,0.00285952 
787,19.675 ,0.260906 ,0.00261402 
788,19.7 ,0.260382 ,0.00236913 
789,19.725 ,0.259857 ,0.00212484 
790,19.75 ,0.259332 ,0.00188115 
791,19.775 ,0.258807 ,0.00163806 
792,19.8 ,0.258281 ,0.00139557 
793,19.825 ,0.257756 ,0.00115367 
794,19.85 ,0.25723 ,0.00091237 
795,19.875 ,0.256704 ,0.000671658 
796,19.9 ,0.256178 ,0.000431535 
797,19.925 ,0.255651 ,0.000191998 
798,19.95 ,0.255125 ,-4.6954e-05 
799,19.975 ,0.254599 ,-0.000285324 
800,20 ,0.254073 ,-0.000523113 
801,20.025 ,0.253547 ,-0.000760324 
802,20.05 ,0.253021 ,-0.00099696 
803,20.075 ,0.252495 ,-0.00123302 
804,20.1 ,0.251969 ,-0.00146851 
805,20.125 ,0.251444 ,-0.00170343 
806,20.15 ,0.250919 ,-0.00193778 
807,20.175 ,0.250394 ,-0.00217157 
808,20.2 ,0.249869 ,-0.00240479 
809,20.225 ,0.249345 ,-0.00263745 
810,20.25 ,0.248821 ,-0.00286955 
811,20.275 ,0.248298 ,-0.0031011 
812,20.3 ,0.247775 ,-0.00333209 
813,20.325 ,0.247253 ,-0.00356252 
814,20.35 ,0.246731 ,-0.00379241 
815,20.375 ,0.24621 ,-0.00402174 
816,20.4 ,0.24569 ,-0.00425053 
817,20.425 ,0.24517 ,-0.00447877 
818,20.45 ,0.244651 ,-0.00470646 
819,20.475 ,0.244132 ,-0.00493362 
820,20.5 ,0.243614 ,-0.00516023 
821,20.525 ,0.243098 ,-0.00538631 
822,20.55 ,0.242581 ,-0.00561185 
823,20.575 ,0.242066 ,-0.00583686 
824,20.6 ,0.241552 ,-0.00606134 
825,20.625 ,0.241038 ,-0.00628528 
826,20.65 ,0.240526 ,-0.0065087 
827,20.675 ,0.240014 ,-0.00673159 
828,20.7 ,0.239504 ,-0.00695395 
829,20.725 ,0.238994 ,-0.00717579 
830,20.75 ,0.238486 ,-0.00739712 
831,20.775 ,0.237979 ,-0.00761792 
832,20.8 ,0.237472 ,-0.0078382 
833,20.825 ,0.236967 ,-0.00805797 
834,20.85 ,0.236464 ,-0.00827723 
835,20.875 ,0.235961 ,-0.00849597 
836,20.9 ,0.23546 ,-0.0087142 
837,20.925 ,0.23496 ,-0.00893193 
838,20.95 ,0.234461 ,-0.00914915 
839,20.975 ,0.233963 ,-0.00936586 
840,21 ,0.233467 ,-0.00958207 
841,21.025 ,0.232973 ,-0.00979778 
842,21.05 ,0.23248 ,-0.010013 
843,21.075 ,0.231988 ,-0.0102277 
844,21.1 ,0.231498 ,-0.0104419 
845,21.125 ,0.231009 ,-0.0106556 
846,21.15 ,0.230522 ,-0.0108689 
847,21.175 ,0.230036 ,-0.0110816 
848,21.2 ,0.229552 ,-0.0112938 
849,21.225 ,0.229069 ,-0.0115056 
850,21.25 ,0.228589 ,-0.0117169 
851,21.275 ,0.22811 ,-0.0119277 
852,21.3 ,0.227632 ,-0.012138 
853,21.325 ,0.227156 ,-0.0123478 
854,21.35 ,0.226682 ,-0.0125572 
855,21.375 ,0.22621 ,-0.012766 
856,21.4 ,0.22574 ,-0.0129744 
857,21.425 ,0.225271 ,-0.0131823 
858,21.45 ,0.224805 ,-0.0133898 
859,21.475 ,0.22434 ,-0.0135968 
860,21.5 ,0.223877 ,-0.0138033 
861,21.525 ,0.223416 ,-0.0140093 
862,21.55 ,0.222957 ,-0.0142149 
863,21.575 ,0.2225 ,-0.01442 
864,21.6 ,0.222045 ,-0.0146246 
865,21.625 ,0.221592 ,-0.0148288 
866,21.65 ,0.221141 ,-0.0150325 
867,21.675 ,0.220692 ,-0.0152358 
868,21.7 ,0.220246 ,-0.0154386 
869,21.725 ,0.219801 ,-0.0156409 
870,21.75 ,0.219359 ,-0.0158428 
871,21.775 ,0.218918 ,-0.0160443 
872,21.8 ,0.21848 ,-0.0162453 
873,21.825 ,0.218044 ,-0.0164458 
874,21.85 ,0.217611 ,-0.0166459 
875,21.875 ,0.217179 ,-0.0168456 
876,21.9 ,0.21675 ,-0.0170448 
877,21.925 ,0.216323 ,-0.0172435 
878,21.95 ,0.215899 ,-0.0174418 
879,21.975 ,0.215477 ,-0.0176397 
880,22 ,0.215057 ,-0.0178372 
881,22.025 ,0.21464 ,-0.0180342 
882,22.05 ,0.214225 ,-0.0182307 
883,22.075 ,0.213812 ,-0.0184269 
884,22.1 ,0.213402 ,-0.0186226 
885,22.125 ,0.212995 ,-0.0188178 
886,22.15 ,0.21259 ,-0.0190127 
887,22.175 ,0.212187 ,-0.0192071 
888,22.2 ,0.211787 ,-0.019401 
889,22.225 ,0.21139 ,-0.0195946 
890,22.25 ,0.210995 ,-0.0197877 
891,22.275 ,0.210603 ,-0.0199804 
892,22.3 ,0.210213 ,-0.0201727 
893,22.325 ,0.209827 ,-0.0203646 
894,22.35 ,0.209442 ,-0.020556 
895,22.375 ,0.209061 ,-0.020747 
896,22.4 ,0.208682 ,-0.0209377 
897,22.425 ,0.208306 ,-0.0211278 
898,22.45 ,0.207933 ,-0.0213176 
899,22.475 ,0.207562 ,-0.021507 
900,22.5 ,0.207194 ,-0.021696 
901,22.525 ,0.206829 ,-0.0218845 
902,22.55 ,0.206467 ,-0.0220726 
903,22.575 ,0.206108 ,-0.0222604 
904,22.6 ,0.205751 ,-0.0224477 
905,22.625 ,0.205398 ,-0.0226346 
906,22.65 ,0.205047 ,-0.0228211 
907,22.675 ,0.204699 ,-0.0230073 
908,22.7 ,0.204355 ,-0.023193 
909,22.725 ,0.204013 ,-0.0233783 
910,22.75 ,0.203674 ,-0.0235632 
911,22.775 ,0.203338 ,-0.0237477 
912,22.8 ,0.203005 ,-0.0239319 
913,22.825 ,0.202676 ,-0.0241156 
914,22.85 ,0.202349 ,-0.0242989 
915,22.875 ,0.202025 ,-0.0244819 
916,22.9 ,0.201705 ,-0.0246644 
917,22.925 ,0.201387 ,-0.0248466 
918,22.95 ,0.201073 ,-0.0250284 
919,22.975 ,0.200762 ,-0.0252098 
920,23 ,0.200454 ,-0.0253908 
921,23.025 ,0.200149 ,-0.0255714 
922,23.05 ,0.199847 ,-0.0257517 
923,23.075 ,0.199549 ,-0.0259315 
924,23.1 ,0.199254 ,-0.026111 
925,23.125 ,0.198962 ,-0.0262901 
926,23.15 ,0.198673 ,-0.0264688 
927,23.175 ,0.198388 ,-0.0266472 
928,23.2 ,0.198106 ,-0.0268251 
929,23.225 ,0.197827 ,-0.0270027 
930,23.25 ,0.197552 ,-0.02718 
931,23.275 ,0.19728 ,-0.0273568 
932,23.3 ,0.197011 ,-0.0275333 
933,23.325 ,0.196746 ,-0.0277094 
934,23.35 ,0.196484 ,-0.0278851 
935,23.375 ,0.196225 ,-0.0280605 
936,23.4 ,0.19597 ,-0.0282355 
937,23.425 ,0.195719 ,-0.0284102 
938,23.45 ,0.195471 ,-0.0285844 
939,23.475 ,0.195226 ,-0.0287583 
940,23.5 ,0.194985 ,-0.0289319 
941,23.525 ,0.194747 ,-0.0291051 
942,23.55 ,0.194513 ,-0.0292779 
943,23.575 ,0.194283 ,-0.0294504 
944,23.6 ,0.194056 ,-0.0296225 
945,23.625 ,0.193833 ,-0.0297943 
946,23.65 ,0.193613 ,-0.0299657 
947,23.675 ,0.193397 ,-0.0301367 
948,23.7 ,0.193185 ,-0.0303074 
949,23.725 ,0.192976 ,-0.0304778 
950,23.75 ,0.192771 ,-0.0306478 
951,23.775 ,0.192569 ,-0.0308174 
952,23.8 ,0.192372 ,-0.0309867 
953,23.825 ,0.192178 ,-0.0311557 
954,23.85 ,0.191988 ,-0.0313243 
955,23.875 ,0.191801 ,-0.0314925 
956,23.9 ,0.191619 ,-0.0316604 
957,23.925 ,0.19144 ,-0.031828 
958,23.95 ,0.191265 ,-0.0319952 
959,23.975 ,0.191093 ,-0.0321621 
960,24 ,0.190926 ,-0.0323287 
961,24.025 ,0.190762 ,-0.0324949 
962,24.05 ,0.190603 ,-0.0326607 
963,24.075 ,0.190447 ,-0.0328263 
964,24.1 ,0.190295 ,-0.0329915 
965,24.125 ,0.190147 ,-0.0331563 
966,24.15 ,0.190003 ,-0.0333209 
967,24.175 ,0.189863 ,-0.0334851 
968,24.2 ,0.189727 ,-0.0336489 
969,24.225 ,0.189595 ,-0.0338125 
970,24.25 ,0.189467 ,-0.0339757 
971,24.275 ,0.189343 ,-0.0341385 
972,24.3 ,0.189223 ,-0.0343011 
973,24.325 ,0.189107 ,-0.0344633 
974,24.35 ,0.188995 ,-0.0346252 
975,24.375 ,0.188887 ,-0.0347868 
976,24.4 ,0.188783 ,-0.034948 
977,24.425 ,0.188684 ,-0.0351089 
978,24.45 ,0.188588 ,-0.0352695 
979,24.475 ,0.188497 ,-0.0354298 
980,24.5 ,0.18841 ,-0.0355898 
981,24.525 ,0.188327 ,-0.0357494 
982,24.55 ,0.188249 ,-0.0359087 
983,24.575 ,0.188174 ,-0.0360677 
984,24.6 ,0.188104 ,-0.0362264 
985,24.625 ,0.188038 ,-0.0363848 
986,24.65 ,0.187976 ,-0.0365428 
987,24.675 ,0.187919 ,-0.0367006 
988,24.7 ,0.187866 ,-0.036858 
989,24.725 ,0.187817 ,-0.0370151 
990,24.75 ,0.187772 ,-0.0371719 
991,24.775 ,0.187732 ,-0.0373284 
992,24.8 ,0.187697 ,-0.0374846 
993,24.825 ,0.187665 ,-0.0376405 
994,24.85 ,0.187639 ,-0.0377961 
995,24.875 ,0.187616 ,-0.0379513 
996,24.9 ,0.187598 ,-0.0381063 
997,24.925 ,0.187585 ,-0.038261 
998,24.95 ,0.187576 ,-0.0384153 
999,24.975 ,0.187571 ,-0.0385694 
1000,25 ,0.187571 ,-0.0387231 