N_e = 8
1,0.025 ,0.00264708 ,-3197.45 
2,0.05 ,0.00264708 ,-797.451 
3,0.075 ,0.00359497 ,-353.007 
4,0.1 ,0.00467046 ,-197.451 
5,0.125 ,0.00578131 ,-125.451 
6,0.15 ,0.00690472 ,-86.3401 
7,0.175 ,0.00803264 ,-62.7574 
8,0.2 ,0.0091615 ,-47.4514 
9,0.225 ,0.0102894 ,-36.9577 
10,0.25 ,0.0114151 ,-29.4517 
11,0.275 ,0.0125378 ,-23.8982 
12,0.3 ,0.0136569 ,-19.6744 
13,0.325 ,0.0147718 ,-16.3872 
14,0.35 ,0.0158819 ,-13.7791 
15,0.375 ,0.016987 ,-11.675 
16,0.4 ,0.0180864 ,-9.95316 
17,0.425 ,0.01918 ,-8.52602 
18,0.45 ,0.0202671 ,-7.33033 
19,0.475 ,0.0213475 ,-6.31828 
20,0.5 ,0.0224208 ,-5.4545 
21,0.525 ,0.0234866 ,-4.71099 
22,0.55 ,0.0245446 ,-4.06687 
23,0.575 ,0.0255943 ,-3.50472 
24,0.6 ,0.0266356 ,-3.01173 
25,0.625 ,0.0276679 ,-2.57649 
26,0.65 ,0.028691 ,-2.19088 
27,0.675 ,0.0297046 ,-1.84706 
28,0.7 ,0.0307082 ,-1.53985 
29,0.725 ,0.0317017 ,-1.26358 
30,0.75 ,0.0326846 ,-1.01493 
31,0.775 ,0.0336566 ,-0.789637 
32,0.8 ,0.0346176 ,-0.585633 
33,0.825 ,0.035567 ,-0.399536 
34,0.85 ,0.0365048 ,-0.230157 
35,0.875 ,0.0374304 ,-0.0746956 
36,0.9 ,0.0383438 ,0.0674116 
37,0.925 ,0.0392446 ,0.198582 
38,0.95 ,0.0401324 ,0.318912 
39,0.975 ,0.0410072 ,0.430573 
40,1 ,0.0418685 ,0.533299 
41,1.025 ,0.0427162 ,0.629109 
42,1.05 ,0.04355 ,0.717447 
43,1.075 ,0.0443697 ,0.800244 
44,1.1 ,0.045175 ,0.876702 
45,1.125 ,0.0459657 ,0.948717 
46,1.15 ,0.0467416 ,1.01528 
47,1.175 ,0.0475024 ,1.07828 
48,1.2 ,0.048248 ,1.13652 
49,1.225 ,0.0489782 ,1.19193 
50,1.25 ,0.0496928 ,1.24312 
51,1.275 ,0.0503915 ,1.29209 
52,1.3 ,0.0510743 ,1.33728 
53,1.325 ,0.0517409 ,1.38074 
54,1.35 ,0.0523912 ,1.42076 
55,1.375 ,0.0530251 ,1.4595 
56,1.4 ,0.0536423 ,1.49506 
57,1.425 ,0.0542428 ,1.52971 
58,1.45 ,0.0548265 ,1.56139 
59,1.475 ,0.0553931 ,1.59248 
60,1.5 ,0.0559427 ,1.62077 
61,1.525 ,0.056475 ,1.64876 
62,1.55 ,0.05699 ,1.67406 
63,1.575 ,0.0574877 ,1.69933 
64,1.6 ,0.0579678 ,1.72198 
65,1.625 ,0.0584304 ,1.74486 
66,1.65 ,0.0588754 ,1.76517 
67,1.675 ,0.0593028 ,1.78592 
68,1.7 ,0.0597124 ,1.80413 
69,1.725 ,0.0601043 ,1.823 
70,1.75 ,0.0604783 ,1.83932 
71,1.775 ,0.0608346 ,1.85652 
72,1.8 ,0.061173 ,1.87114 
73,1.825 ,0.0614937 ,1.88684 
74,1.85 ,0.0617964 ,1.89992 
75,1.875 ,0.0620814 ,1.91427 
76,1.9 ,0.0623485 ,1.92594 
77,1.925 ,0.0625979 ,1.93909 
78,1.95 ,0.0628295 ,1.94947 
79,1.975 ,0.0630435 ,1.96152 
80,2 ,0.0632397 ,1.97072 
81,2.025 ,0.0634184 ,1.98179 
82,2.05 ,0.0635795 ,1.98988 
83,2.075 ,0.0637232 ,2.00007 
84,2.1 ,0.0638495 ,2.00714 
85,2.125 ,0.0639585 ,2.01651 
86,2.15 ,0.0640502 ,2.02263 
87,2.175 ,0.0641249 ,2.03127 
88,2.2 ,0.0641826 ,2.03649 
89,2.225 ,0.0642235 ,2.04446 
90,2.25 ,0.0642475 ,2.04883 
91,2.275 ,0.064255 ,2.05619 
92,2.3 ,0.064246 ,2.05976 
93,2.325 ,0.0642207 ,2.06656 
94,2.35 ,0.0641792 ,2.06936 
95,2.375 ,0.0641216 ,2.07565 
96,2.4 ,0.0640482 ,2.07772 
97,2.425 ,0.0639591 ,2.08354 
98,2.45 ,0.0638545 ,2.0849 
99,2.475 ,0.0637346 ,2.0903 
100,2.5 ,0.0635996 ,2.09098 
101,2.525 ,0.0634496 ,2.09598 
102,2.55 ,0.0632849 ,2.09599 
103,2.575 ,0.0631056 ,2.10064 
104,2.6 ,0.0629121 ,2.1 
105,2.625 ,0.0627044 ,2.10432 
106,2.65 ,0.0624828 ,2.10305 
107,2.675 ,0.0622477 ,2.10706 
108,2.7 ,0.0619991 ,2.10516 
109,2.725 ,0.0617373 ,2.1089 
110,2.75 ,0.0614626 ,2.10639 
111,2.775 ,0.0611752 ,2.10987 
112,2.8 ,0.0608753 ,2.10676 
113,2.825 ,0.0605633 ,2.11 
114,2.85 ,0.0602393 ,2.10628 
115,2.875 ,0.0599038 ,2.10931 
116,2.9 ,0.0595567 ,2.105 
117,2.925 ,0.0591986 ,2.10783 
118,2.95 ,0.0588296 ,2.10292 
119,2.975 ,0.0584501 ,2.10557 
120,3 ,0.0580602 ,2.10007 
121,3.025 ,0.0576603 ,2.10255 
122,3.05 ,0.0572507 ,2.09645 
123,3.075 ,0.0568316 ,2.09879 
124,3.1 ,0.0564034 ,2.09209 
125,3.125 ,0.0559663 ,2.0943 
126,3.15 ,0.0555206 ,2.087 
127,3.175 ,0.0550666 ,2.08908 
128,3.2 ,0.0546046 ,2.08119 
129,3.225 ,0.0541349 ,2.08316 
130,3.25 ,0.0536578 ,2.07466 
131,3.275 ,0.0531736 ,2.07653 
132,3.3 ,0.0526825 ,2.06743 
133,3.325 ,0.0521849 ,2.06921 
134,3.35 ,0.0516811 ,2.0595 
135,3.375 ,0.0511714 ,2.0612 
136,3.4 ,0.050656 ,2.05088 
137,3.425 ,0.0501354 ,2.05251 
138,3.45 ,0.0496096 ,2.04158 
139,3.475 ,0.0490791 ,2.04315 
140,3.5 ,0.0485441 ,2.0316 
141,3.525 ,0.048005 ,2.03311 
142,3.55 ,0.047462 ,2.02094 
143,3.575 ,0.0469154 ,2.02241 
144,3.6 ,0.0463654 ,2.00962 
145,3.625 ,0.0458125 ,2.01105 
146,3.65 ,0.0452568 ,1.99764 
147,3.675 ,0.0446987 ,1.99904 
148,3.7 ,0.0441384 ,1.985 
149,3.725 ,0.0435762 ,1.98638 
150,3.75 ,0.0430122 ,1.9717 
151,3.775 ,0.042447 ,1.97307 
152,3.8 ,0.0418806 ,1.95777 
153,3.825 ,0.0413134 ,1.95912 
154,3.85 ,0.0407456 ,1.94319 
155,3.875 ,0.0401775 ,1.94454 
156,3.9 ,0.0396092 ,1.92798 
157,3.925 ,0.0390412 ,1.92933 
158,3.95 ,0.0384734 ,1.91215 
159,3.975 ,0.0379064 ,1.9135 
160,4 ,0.0373402 ,1.89569 
161,4.025 ,0.0367752 ,1.89705 
162,4.05 ,0.0362114 ,1.87862 
163,4.075 ,0.0356492 ,1.88 
164,4.1 ,0.0350887 ,1.86095 
165,4.125 ,0.0345303 ,1.86235 
166,4.15 ,0.0339739 ,1.84269 
167,4.175 ,0.03342 ,1.84411 
168,4.2 ,0.0328685 ,1.82384 
169,4.225 ,0.0323199 ,1.82529 
170,4.25 ,0.0317742 ,1.80442 
171,4.275 ,0.0312317 ,1.8059 
172,4.3 ,0.0306923 ,1.78444 
173,4.325 ,0.0301565 ,1.78595 
174,4.35 ,0.0296243 ,1.76391 
175,4.375 ,0.0290958 ,1.76545 
176,4.4 ,0.0285713 ,1.74284 
177,4.425 ,0.0280509 ,1.74442 
178,4.45 ,0.0275346 ,1.72124 
179,4.475 ,0.0270228 ,1.72287 
180,4.5 ,0.0265153 ,1.69914 
181,4.525 ,0.0260126 ,1.70081 
182,4.55 ,0.0255145 ,1.67655 
183,4.575 ,0.0250213 ,1.67826 
184,4.6 ,0.0245329 ,1.65347 
185,4.625 ,0.0240497 ,1.65524 
186,4.65 ,0.0235715 ,1.62994 
187,4.675 ,0.0230987 ,1.63176 
188,4.7 ,0.0226311 ,1.60596 
189,4.725 ,0.0221689 ,1.60783 
190,4.75 ,0.0217121 ,1.58156 
191,4.775 ,0.021261 ,1.58349 
192,4.8 ,0.0208154 ,1.55675 
193,4.825 ,0.0203755 ,1.55873 
194,4.85 ,0.0199412 ,1.53156 
195,4.875 ,0.0195128 ,1.5336 
196,4.9 ,0.0190902 ,1.506 
197,4.925 ,0.0186734 ,1.5081 
198,4.95 ,0.0182625 ,1.4801 
199,4.975 ,0.0178575 ,1.48226 
200,5 ,0.0174584 ,1.45388 
201,5.025 ,0.0170653 ,1.4561 
202,5.05 ,0.0166782 ,1.42736 
203,5.075 ,0.0162971 ,1.42964 
204,5.1 ,0.0159219 ,1.40056 
205,5.125 ,0.0155528 ,1.40291 
206,5.15 ,0.0151896 ,1.37352 
207,5.175 ,0.0148325 ,1.37592 
208,5.2 ,0.0144813 ,1.34624 
209,5.225 ,0.0141361 ,1.34871 
210,5.25 ,0.0137968 ,1.31877 
211,5.275 ,0.0134636 ,1.3213 
212,5.3 ,0.0131362 ,1.29111 
213,5.325 ,0.0128147 ,1.2937 
214,5.35 ,0.0124991 ,1.26331 
215,5.375 ,0.0121893 ,1.26596 
216,5.4 ,0.0118853 ,1.23537 
217,5.425 ,0.0115872 ,1.23809 
218,5.45 ,0.0112947 ,1.20734 
219,5.475 ,0.0110079 ,1.21011 
220,5.5 ,0.0107267 ,1.17923 
221,5.525 ,0.0104512 ,1.18206 
222,5.55 ,0.0101811 ,1.15107 
223,5.575 ,0.00991662 ,1.15396 
224,5.6 ,0.00965752 ,1.12289 
225,5.625 ,0.00940384 ,1.12583 
226,5.65 ,0.00915546 ,1.0947 
227,5.675 ,0.00891238 ,1.09771 
228,5.7 ,0.00867448 ,1.06655 
229,5.725 ,0.00844177 ,1.06961 
230,5.75 ,0.00821411 ,1.03845 
231,5.775 ,0.00799151 ,1.04156 
232,5.8 ,0.00777384 ,1.01043 
233,5.825 ,0.00756109 ,1.01359 
234,5.85 ,0.00735315 ,0.98251 
235,5.875 ,0.00714999 ,0.985722 
236,5.9 ,0.00695149 ,0.954719 
237,5.925 ,0.00675765 ,0.95798 
238,5.95 ,0.00656833 ,0.927081 
239,5.975 ,0.00638352 ,0.93039 
240,6 ,0.00620309 ,0.899619 
241,6.025 ,0.00602703 ,0.902973 
242,6.05 ,0.00585522 ,0.872356 
243,6.075 ,0.00568762 ,0.875753 
244,6.1 ,0.00552413 ,0.845315 
245,6.125 ,0.00536471 ,0.848754 
246,6.15 ,0.00520926 ,0.818519 
247,6.175 ,0.00505773 ,0.821997 
248,6.2 ,0.00491003 ,0.791987 
249,6.225 ,0.00476611 ,0.795503 
250,6.25 ,0.00462586 ,0.765742 
251,6.275 ,0.00448926 ,0.769293 
252,6.3 ,0.0043562 ,0.739803 
253,6.325 ,0.00422663 ,0.743387 
254,6.35 ,0.00410046 ,0.714189 
255,6.375 ,0.00397765 ,0.717804 
256,6.4 ,0.0038581 ,0.688919 
257,6.425 ,0.00374177 ,0.692563 
258,6.45 ,0.00362857 ,0.664011 
259,6.475 ,0.00351845 ,0.667681 
260,6.5 ,0.00341132 ,0.63948 
261,6.525 ,0.00330714 ,0.643174 
262,6.55 ,0.00320582 ,0.615343 
263,6.575 ,0.00310733 ,0.619059 
264,6.6 ,0.00301157 ,0.591615 
265,6.625 ,0.0029185 ,0.595349 
266,6.65 ,0.00282804 ,0.568309 
267,6.675 ,0.00274015 ,0.57206 
268,6.7 ,0.00265475 ,0.545439 
269,6.725 ,0.0025718 ,0.549205 
270,6.75 ,0.00249122 ,0.523017 
271,6.775 ,0.00241298 ,0.526794 
272,6.8 ,0.00233699 ,0.501053 
273,6.825 ,0.00226322 ,0.50484 
274,6.85 ,0.00219159 ,0.479559 
275,6.875 ,0.00212208 ,0.483353 
276,6.9 ,0.0020546 ,0.458542 
277,6.925 ,0.00198913 ,0.46234 
278,6.95 ,0.00192559 ,0.438011 
279,6.975 ,0.00186396 ,0.441812 
280,7 ,0.00180416 ,0.417974 
281,7.025 ,0.00174617 ,0.421774 
282,7.05 ,0.00168992 ,0.398436 
283,7.075 ,0.00163537 ,0.402233 
284,7.1 ,0.00158248 ,0.379403 
285,7.125 ,0.00153121 ,0.383195 
286,7.15 ,0.00148149 ,0.360878 
287,7.175 ,0.00143331 ,0.364663 
288,7.2 ,0.0013866 ,0.342866 
289,7.225 ,0.00134135 ,0.346641 
290,7.25 ,0.00129748 ,0.325368 
291,7.275 ,0.00125499 ,0.329131 
292,7.3 ,0.00121382 ,0.308387 
293,7.325 ,0.00117393 ,0.312135 
294,7.35 ,0.0011353 ,0.291922 
295,7.375 ,0.00109788 ,0.295653 
296,7.4 ,0.00106163 ,0.275973 
297,7.425 ,0.00102654 ,0.279685 
298,7.45 ,0.000992551 ,0.260539 
299,7.475 ,0.000959647 ,0.26423 
300,7.5 ,0.000927789 ,0.245619 
301,7.525 ,0.00089695 ,0.249286 
302,7.55 ,0.000867096 ,0.231208 
303,7.575 ,0.000838201 ,0.23485 
304,7.6 ,0.000810234 ,0.217305 
305,7.625 ,0.00078317 ,0.22092 
306,7.65 ,0.000756977 ,0.203904 
307,7.675 ,0.000731635 ,0.207489 
308,7.7 ,0.000707112 ,0.191001 
309,7.725 ,0.000683388 ,0.194555 
310,7.75 ,0.000660435 ,0.17859 
311,7.775 ,0.000638232 ,0.18211 
312,7.8 ,0.000616753 ,0.166664 
313,7.825 ,0.00059598 ,0.170149 
314,7.85 ,0.000575886 ,0.155217 
315,7.875 ,0.000556454 ,0.158664 
316,7.9 ,0.000537661 ,0.144241 
317,7.925 ,0.000519488 ,0.14765 
318,7.95 ,0.000501915 ,0.133728 
319,7.975 ,0.000484923 ,0.137096 
320,8 ,0.000468494 ,0.123669 
321,8.025 ,0.000452611 ,0.126995 
322,8.05 ,0.000437255 ,0.114056 
323,8.075 ,0.000422411 ,0.117338 
324,8.1 ,0.00040806 ,0.104879 
325,8.125 ,0.000394189 ,0.108116 
326,8.15 ,0.000380781 ,0.0961273 
327,8.175 ,0.000367822 ,0.0993179 
328,8.2 ,0.000355296 ,0.0877921 
329,8.225 ,0.000343191 ,0.0909345 
330,8.25 ,0.000331492 ,0.0798621 
331,8.275 ,0.000320187 ,0.0829548 
332,8.3 ,0.000309261 ,0.0723262 
333,8.325 ,0.000298704 ,0.0753681 
334,8.35 ,0.000288503 ,0.0651737 
335,8.375 ,0.000278646 ,0.0681636 
336,8.4 ,0.000269121 ,0.058393 
337,8.425 ,0.000259919 ,0.0613295 
338,8.45 ,0.000251028 ,0.0519723 
339,8.475 ,0.000242439 ,0.0548544 
340,8.5 ,0.00023414 ,0.0459002 
341,8.525 ,0.000226124 ,0.0487268 
342,8.55 ,0.000218379 ,0.0401647 
343,8.575 ,0.000210897 ,0.0429347 
344,8.6 ,0.00020367 ,0.0347535 
345,8.625 ,0.000196689 ,0.0374659 
346,8.65 ,0.000189945 ,0.0296548 
347,8.675 ,0.000183431 ,0.0323089 
348,8.7 ,0.000177139 ,0.0248565 
349,8.725 ,0.000171062 ,0.0274512 
350,8.75 ,0.000165192 ,0.020346 
351,8.775 ,0.000159523 ,0.0228807 
352,8.8 ,0.000154047 ,0.0161117 
353,8.825 ,0.000148759 ,0.0185855 
354,8.85 ,0.000143651 ,0.0121411 
355,8.875 ,0.000138718 ,0.0145532 
356,8.9 ,0.000133954 ,0.00842205 
357,8.925 ,0.000129353 ,0.010772 
358,8.95 ,0.000124909 ,0.0049428 
359,8.975 ,0.000120618 ,0.00722992 
360,9 ,0.000116474 ,0.00169126 
361,9.025 ,0.000112472 ,0.00391488 
362,9.05 ,0.000108607 ,-0.00134456 
363,9.075 ,0.000104875 ,0.000815162 
364,9.1 ,0.000101271 ,-0.00417603 
365,9.125 ,9.77909e-05 ,-0.00208065 
366,9.15 ,9.44301e-05 ,-0.00681484 
367,9.175 ,9.11847e-05 ,-0.00478437 
368,9.2 ,8.80508e-05 ,-0.00927254 
369,9.225 ,8.50245e-05 ,-0.00730725 
370,9.25 ,8.21023e-05 ,-0.01156 
371,9.275 ,7.92805e-05 ,-0.00966023 
372,9.3 ,7.65556e-05 ,-0.0136884 
373,9.325 ,7.39245e-05 ,-0.0118546 
374,9.35 ,7.13838e-05 ,-0.0156687 
375,9.375 ,6.89305e-05 ,-0.0139009 
376,9.4 ,6.65616e-05 ,-0.0175112 
377,9.425 ,6.42742e-05 ,-0.0158097 
378,9.45 ,6.20654e-05 ,-0.0192264 
379,9.475 ,5.99326e-05 ,-0.0175914 
380,9.5 ,5.78732e-05 ,-0.0208244 
381,9.525 ,5.58847e-05 ,-0.0192561 
382,9.55 ,5.39645e-05 ,-0.0223151 
383,9.575 ,5.21105e-05 ,-0.0208135 
384,9.6 ,5.03202e-05 ,-0.0237079 
385,9.625 ,4.85915e-05 ,-0.0222733 
386,9.65 ,4.69223e-05 ,-0.0250126 
387,9.675 ,4.53106e-05 ,-0.0236448 
388,9.7 ,4.37543e-05 ,-0.0262378 
389,9.725 ,4.22516e-05 ,-0.0249369 
390,9.75 ,4.08005e-05 ,-0.0273926 
391,9.775 ,3.93994e-05 ,-0.0261587 
392,9.8 ,3.80465e-05 ,-0.0284857 
393,9.825 ,3.67402e-05 ,-0.0273186 
394,9.85 ,3.54788e-05 ,-0.029525 
395,9.875 ,3.42608e-05 ,-0.0284247 
396,9.9 ,3.30848e-05 ,-0.0305187 
397,9.925 ,3.19492e-05 ,-0.0294852 
398,9.95 ,3.08526e-05 ,-0.0314747 
399,9.975 ,2.97938e-05 ,-0.0305078 
400,10 ,2.87714e-05 ,-0.0324002 
401,10.025 ,2.77841e-05 ,-0.0314997 
402,10.05 ,2.68309e-05 ,-0.0333024 
403,10.075 ,2.59104e-05 ,-0.0324683 
404,10.1 ,2.50216e-05 ,-0.0341884 
405,10.125 ,2.41633e-05 ,-0.0334205 
406,10.15 ,2.33346e-05 ,-0.0350647 
407,10.175 ,2.25343e-05 ,-0.0343627 
408,10.2 ,2.17616e-05 ,-0.0359376 
409,10.225 ,2.10155e-05 ,-0.0353014 
410,10.25 ,2.0295e-05 ,-0.0368135 
411,10.275 ,1.95993e-05 ,-0.0362428 
412,10.3 ,1.89275e-05 ,-0.0376979 
413,10.325 ,1.82789e-05 ,-0.0371764 
414,10.35 ,1.76525e-05 ,-0.0385338 
415,10.375 ,1.70477e-05 ,-0.038016 
416,10.4 ,1.64636e-05 ,-0.0392669 
417,10.425 ,1.58997e-05 ,-0.0387531 
418,10.45 ,1.53551e-05 ,-0.0399034 
419,10.475 ,1.48293e-05 ,-0.0393939 
420,10.5 ,1.43216e-05 ,-0.0404493 
421,10.525 ,1.38313e-05 ,-0.0399443 
422,10.55 ,1.33578e-05 ,-0.0409104 
423,10.575 ,1.29007e-05 ,-0.0404102 
424,10.6 ,1.24592e-05 ,-0.041292 
425,10.625 ,1.20329e-05 ,-0.0407967 
426,10.65 ,1.16213e-05 ,-0.0415992 
427,10.675 ,1.12238e-05 ,-0.0411091 
428,10.7 ,1.084e-05 ,-0.0418372 
429,10.725 ,1.04694e-05 ,-0.0413524 
430,10.75 ,1.01115e-05 ,-0.0420105 
431,10.775 ,9.76587e-06 ,-0.041531 
432,10.8 ,9.43214e-06 ,-0.0421235 
433,10.825 ,9.10986e-06 ,-0.0416497 
434,10.85 ,8.79865e-06 ,-0.0421806 
435,10.875 ,8.49813e-06 ,-0.0417125 
436,10.9 ,8.20792e-06 ,-0.0421857 
437,10.925 ,7.92767e-06 ,-0.0417234 
438,10.95 ,7.65704e-06 ,-0.0421426 
439,10.975 ,7.3957e-06 ,-0.0416862 
440,11 ,7.14332e-06 ,-0.0420551 
441,11.025 ,6.8996e-06 ,-0.0416046 
442,11.05 ,6.66424e-06 ,-0.0419263 
443,11.075 ,6.43695e-06 ,-0.0414818 
444,11.1 ,6.21745e-06 ,-0.0417596 
445,11.125 ,6.00548e-06 ,-0.0413211 
446,11.15 ,5.80077e-06 ,-0.041558 
447,11.175 ,5.60308e-06 ,-0.0411257 
448,11.2 ,5.41216e-06 ,-0.0413244 
449,11.225 ,5.22779e-06 ,-0.0408981 
450,11.25 ,5.04973e-06 ,-0.0410614 
451,11.275 ,4.87776e-06 ,-0.0406413 
452,11.3 ,4.71169e-06 ,-0.0407718 
453,11.325 ,4.5513e-06 ,-0.0403578 
454,11.35 ,4.3964e-06 ,-0.0404577 
455,11.375 ,4.2468e-06 ,-0.0400498 
456,11.4 ,4.10231e-06 ,-0.0401214 
457,11.425 ,3.96278e-06 ,-0.0397197 
458,11.45 ,3.82801e-06 ,-0.0397653 
459,11.475 ,3.69785e-06 ,-0.0393696 
460,11.5 ,3.57214e-06 ,-0.039391 
461,11.525 ,3.45073e-06 ,-0.0390014 
462,11.55 ,3.33347e-06 ,-0.0390006 
463,11.575 ,3.22022e-06 ,-0.0386171 
464,11.6 ,3.11083e-06 ,-0.0385958 
465,11.625 ,3.00518e-06 ,-0.0382183 
466,11.65 ,2.90314e-06 ,-0.0381782 
467,11.675 ,2.80458e-06 ,-0.0378067 
468,11.7 ,2.70938e-06 ,-0.0377493 
469,11.725 ,2.61744e-06 ,-0.0373838 
470,11.75 ,2.52863e-06 ,-0.0373106 
471,11.775 ,2.44285e-06 ,-0.036951 
472,11.8 ,2.36e-06 ,-0.0368634 
473,11.825 ,2.27997e-06 ,-0.0365097 
474,11.85 ,2.20267e-06 ,-0.036409 
475,11.875 ,2.12801e-06 ,-0.0360611 
476,11.9 ,2.05589e-06 ,-0.0359484 
477,11.925 ,1.98623e-06 ,-0.0356063 
478,11.95 ,1.91894e-06 ,-0.0354829 
479,11.975 ,1.85394e-06 ,-0.0351464 
480,12 ,1.79116e-06 ,-0.0350132 
481,12.025 ,1.73051e-06 ,-0.0346825 
482,12.05 ,1.67193e-06 ,-0.0345406 
483,12.075 ,1.61534e-06 ,-0.0342155 
484,12.1 ,1.56068e-06 ,-0.0340657 
485,12.125 ,1.50788e-06 ,-0.0337461 
486,12.15 ,1.45687e-06 ,-0.0335893 
487,12.175 ,1.4076e-06 ,-0.0332752 
488,12.2 ,1.36e-06 ,-0.0331123 
489,12.225 ,1.31402e-06 ,-0.0328037 
490,12.25 ,1.2696e-06 ,-0.0326352 
491,12.275 ,1.22669e-06 ,-0.0323319 
492,12.3 ,1.18524e-06 ,-0.0321587 
493,12.325 ,1.1452e-06 ,-0.0318608 
494,12.35 ,1.10652e-06 ,-0.0316835 
495,12.375 ,1.06915e-06 ,-0.0313908 
496,12.4 ,1.03305e-06 ,-0.03121 
497,12.425 ,9.98173e-07 ,-0.0309225 
498,12.45 ,9.6448e-07 ,-0.0307387 
499,12.475 ,9.31931e-07 ,-0.0304563 
500,12.5 ,9.00485e-07 ,-0.0302701 
501,12.525 ,8.70106e-07 ,-0.0299928 
502,12.55 ,8.40757e-07 ,-0.0298045 
503,12.575 ,8.12403e-07 ,-0.0295322 
504,12.6 ,7.85009e-07 ,-0.0293424 
505,12.625 ,7.58544e-07 ,-0.029075 
506,12.65 ,7.32975e-07 ,-0.0288841 
507,12.675 ,7.08273e-07 ,-0.0286216 
508,12.7 ,6.84407e-07 ,-0.0284298 
509,12.725 ,6.61349e-07 ,-0.0281722 
510,12.75 ,6.39072e-07 ,-0.02798 
511,12.775 ,6.17548e-07 ,-0.0277271 
512,12.8 ,5.96753e-07 ,-0.0275348 
513,12.825 ,5.76662e-07 ,-0.0272865 
514,12.85 ,5.5725e-07 ,-0.0270944 
515,12.875 ,5.38494e-07 ,-0.0268508 
516,12.9 ,5.20373e-07 ,-0.0266591 
517,12.925 ,5.02865e-07 ,-0.02642 
518,12.95 ,4.85948e-07 ,-0.026229 
519,12.975 ,4.69603e-07 ,-0.0259944 
520,13 ,4.5381e-07 ,-0.0258043 
521,13.025 ,4.38551e-07 ,-0.0255742 
522,13.05 ,4.23807e-07 ,-0.0253851 
523,13.075 ,4.09562e-07 ,-0.0251594 
524,13.1 ,3.95797e-07 ,-0.0249716 
525,13.125 ,3.82497e-07 ,-0.0247502 
526,13.15 ,3.69645e-07 ,-0.0245639 
527,13.175 ,3.57228e-07 ,-0.0243466 
528,13.2 ,3.45229e-07 ,-0.024162 
529,13.225 ,3.33635e-07 ,-0.0239489 
530,13.25 ,3.22433e-07 ,-0.023766 
531,13.275 ,3.11608e-07 ,-0.023557 
532,13.3 ,3.01148e-07 ,-0.0233759 
533,13.325 ,2.91041e-07 ,-0.023171 
534,13.35 ,2.81274e-07 ,-0.0229919 
535,13.375 ,2.71836e-07 ,-0.022791 
536,13.4 ,2.62717e-07 ,-0.022614 
537,13.425 ,2.53905e-07 ,-0.022417 
538,13.45 ,2.45389e-07 ,-0.0222421 
539,13.475 ,2.37161e-07 ,-0.0220491 
540,13.5 ,2.29209e-07 ,-0.0218764 
541,13.525 ,2.21525e-07 ,-0.0216871 
542,13.55 ,2.141e-07 ,-0.0215167 
543,13.575 ,2.06925e-07 ,-0.0213312 
544,13.6 ,1.99991e-07 ,-0.0211632 
545,13.625 ,1.9329e-07 ,-0.0209813 
546,13.65 ,1.86815e-07 ,-0.0208157 
547,13.675 ,1.80558e-07 ,-0.0206375 
548,13.7 ,1.74511e-07 ,-0.0204743 
549,13.725 ,1.68667e-07 ,-0.0202997 
550,13.75 ,1.6302e-07 ,-0.020139 
551,13.775 ,1.57563e-07 ,-0.0199679 
552,13.8 ,1.52289e-07 ,-0.0198097 
553,13.825 ,1.47192e-07 ,-0.0196421 
554,13.85 ,1.42267e-07 ,-0.0194863 
555,13.875 ,1.37507e-07 ,-0.0193221 
556,13.9 ,1.32906e-07 ,-0.0191689 
557,13.925 ,1.28461e-07 ,-0.0190081 
558,13.95 ,1.24164e-07 ,-0.0188574 
559,13.975 ,1.20012e-07 ,-0.0186999 
560,14 ,1.15999e-07 ,-0.0185518 
561,14.025 ,1.12121e-07 ,-0.0183975 
562,14.05 ,1.08373e-07 ,-0.0182519 
563,14.075 ,1.04751e-07 ,-0.0181008 
564,14.1 ,1.01251e-07 ,-0.0179578 
565,14.125 ,9.78673e-08 ,-0.0178098 
566,14.15 ,9.45975e-08 ,-0.0176694 
567,14.175 ,9.14374e-08 ,-0.0175244 
568,14.2 ,8.83832e-08 ,-0.0173865 
569,14.225 ,8.54314e-08 ,-0.0172446 
570,14.25 ,8.25785e-08 ,-0.0171092 
571,14.275 ,7.98213e-08 ,-0.0169703 
572,14.3 ,7.71564e-08 ,-0.0168374 
573,14.325 ,7.45809e-08 ,-0.0167014 
574,14.35 ,7.20916e-08 ,-0.016571 
575,14.375 ,6.96857e-08 ,-0.0164378 
576,14.4 ,6.73604e-08 ,-0.0163099 
577,14.425 ,6.5113e-08 ,-0.0161795 
578,14.45 ,6.29408e-08 ,-0.0160541 
579,14.475 ,6.08413e-08 ,-0.0159265 
580,14.5 ,5.88121e-08 ,-0.0158034 
581,14.525 ,5.68508e-08 ,-0.0156785 
582,14.55 ,5.49552e-08 ,-0.0155579 
583,14.575 ,5.3123e-08 ,-0.0154356 
584,14.6 ,5.1352e-08 ,-0.0153174 
585,14.625 ,4.96404e-08 ,-0.0151977 
586,14.65 ,4.7986e-08 ,-0.0150818 
587,14.675 ,4.63869e-08 ,-0.0149647 
588,14.7 ,4.48413e-08 ,-0.0148512 
589,14.725 ,4.33473e-08 ,-0.0147366 
590,14.75 ,4.19034e-08 ,-0.0146253 
591,14.775 ,4.05077e-08 ,-0.0145131 
592,14.8 ,3.91586e-08 ,-0.0144041 
593,14.825 ,3.78546e-08 ,-0.0142944 
594,14.85 ,3.65942e-08 ,-0.0141876 
595,14.875 ,3.5376e-08 ,-0.0140802 
596,14.9 ,3.41984e-08 ,-0.0139756 
597,14.925 ,3.30601e-08 ,-0.0138705 
598,14.95 ,3.19599e-08 ,-0.0137681 
599,14.975 ,3.08965e-08 ,-0.0136653 
600,15 ,2.98685e-08 ,-0.0135649 
601,15.025 ,2.88749e-08 ,-0.0134644 
602,15.05 ,2.79144e-08 ,-0.0133661 
603,15.075 ,2.6986e-08 ,-0.0132678 
604,15.1 ,2.60886e-08 ,-0.0131715 
605,15.125 ,2.52212e-08 ,-0.0130753 
606,15.15 ,2.43827e-08 ,-0.0129811 
607,15.175 ,2.35722e-08 ,-0.012887 
608,15.2 ,2.27887e-08 ,-0.0127948 
609,15.225 ,2.20314e-08 ,-0.0127027 
610,15.25 ,2.12994e-08 ,-0.0126124 
611,15.275 ,2.05918e-08 ,-0.0125223 
612,15.3 ,1.99077e-08 ,-0.012434 
613,15.325 ,1.92465e-08 ,-0.0123458 
614,15.35 ,1.86074e-08 ,-0.0122594 
615,15.375 ,1.79896e-08 ,-0.0121732 
616,15.4 ,1.73923e-08 ,-0.0120885 
617,15.425 ,1.6815e-08 ,-0.0120042 
618,15.45 ,1.6257e-08 ,-0.0119214 
619,15.475 ,1.57175e-08 ,-0.0118389 
620,15.5 ,1.51961e-08 ,-0.0117578 
621,15.525 ,1.4692e-08 ,-0.0116771 
622,15.55 ,1.42047e-08 ,-0.0115978 
623,15.575 ,1.37337e-08 ,-0.0115189 
624,15.6 ,1.32784e-08 ,-0.0114413 
625,15.625 ,1.28382e-08 ,-0.0113641 
626,15.65 ,1.24128e-08 ,-0.0112881 
627,15.675 ,1.20015e-08 ,-0.0112126 
628,15.7 ,1.16039e-08 ,-0.0111383 
629,15.725 ,1.12196e-08 ,-0.0110644 
630,15.75 ,1.08481e-08 ,-0.0109917 
631,15.775 ,1.0489e-08 ,-0.0109195 
632,15.8 ,1.01418e-08 ,-0.0108483 
633,15.825 ,9.80627e-09 ,-0.0107776 
634,15.85 ,9.48188e-09 ,-0.010708 
635,15.875 ,9.16832e-09 ,-0.0106389 
636,15.9 ,8.86521e-09 ,-0.0105707 
637,15.925 ,8.57221e-09 ,-0.0105031 
638,15.95 ,8.28898e-09 ,-0.0104365 
639,15.975 ,8.0152e-09 ,-0.0103703 
640,16 ,7.75056e-09 ,-0.0103051 
641,16.025 ,7.49474e-09 ,-0.0102404 
642,16.05 ,7.24747e-09 ,-0.0101765 
643,16.075 ,7.00844e-09 ,-0.0101132 
644,16.1 ,6.7774e-09 ,-0.0100508 
645,16.125 ,6.55407e-09 ,-0.00998883 
646,16.15 ,6.3382e-09 ,-0.00992772 
647,16.175 ,6.12954e-09 ,-0.00986712 
648,16.2 ,5.92785e-09 ,-0.00980732 
649,16.225 ,5.73291e-09 ,-0.00974803 
650,16.25 ,5.54448e-09 ,-0.00968951 
651,16.275 ,5.36236e-09 ,-0.00963151 
652,16.3 ,5.18634e-09 ,-0.00957424 
653,16.325 ,5.0162e-09 ,-0.00951748 
654,16.35 ,4.85177e-09 ,-0.00946143 
655,16.375 ,4.69284e-09 ,-0.0094059 
656,16.4 ,4.53925e-09 ,-0.00935105 
657,16.425 ,4.39081e-09 ,-0.0092967 
658,16.45 ,4.24735e-09 ,-0.00924302 
659,16.475 ,4.10871e-09 ,-0.00918983 
660,16.5 ,3.97473e-09 ,-0.00913729 
661,16.525 ,3.84526e-09 ,-0.00908524 
662,16.55 ,3.72014e-09 ,-0.00903381 
663,16.575 ,3.59925e-09 ,-0.00898287 
664,16.6 ,3.48243e-09 ,-0.00893253 
665,16.625 ,3.36956e-09 ,-0.00888266 
666,16.65 ,3.26051e-09 ,-0.00883338 
667,16.675 ,3.15514e-09 ,-0.00878457 
668,16.7 ,3.05335e-09 ,-0.00873633 
669,16.725 ,2.95502e-09 ,-0.00868855 
670,16.75 ,2.86002e-09 ,-0.00864132 
671,16.775 ,2.76826e-09 ,-0.00859454 
672,16.8 ,2.67963e-09 ,-0.0085483 
673,16.825 ,2.59403e-09 ,-0.0085025 
674,16.85 ,2.51136e-09 ,-0.00845722 
675,16.875 ,2.43152e-09 ,-0.00841238 
676,16.9 ,2.35443e-09 ,-0.00836803 
677,16.925 ,2.27999e-09 ,-0.00832412 
678,16.95 ,2.20813e-09 ,-0.0082807 
679,16.975 ,2.13876e-09 ,-0.00823769 
680,17 ,2.07179e-09 ,-0.00819516 
681,17.025 ,2.00716e-09 ,-0.00815305 
682,17.05 ,1.94479e-09 ,-0.00811139 
683,17.075 ,1.88461e-09 ,-0.00807014 
684,17.1 ,1.82655e-09 ,-0.00802933 
685,17.125 ,1.77055e-09 ,-0.00798892 
686,17.15 ,1.71653e-09 ,-0.00794895 
687,17.175 ,1.66444e-09 ,-0.00790936 
688,17.2 ,1.61422e-09 ,-0.00787019 
689,17.225 ,1.56581e-09 ,-0.00783141 
690,17.25 ,1.51915e-09 ,-0.00779303 
691,17.275 ,1.4742e-09 ,-0.00775503 
692,17.3 ,1.43089e-09 ,-0.00771742 
693,17.325 ,1.38919e-09 ,-0.00768018 
694,17.35 ,1.34904e-09 ,-0.00764332 
695,17.375 ,1.31039e-09 ,-0.00760682 
696,17.4 ,1.27321e-09 ,-0.0075707 
697,17.425 ,1.23745e-09 ,-0.00753492 
698,17.45 ,1.20307e-09 ,-0.00749951 
699,17.475 ,1.17002e-09 ,-0.00746444 
700,17.5 ,1.13828e-09 ,-0.00742973 
701,17.525 ,1.1078e-09 ,-0.00739535 
702,17.55 ,1.07855e-09 ,-0.00736131 
703,17.575 ,1.0505e-09 ,-0.0073276 
704,17.6 ,1.0236e-09 ,-0.00729423 
705,17.625 ,9.97844e-10 ,-0.00726117 
706,17.65 ,9.73186e-10 ,-0.00722844 
707,17.675 ,9.49601e-10 ,-0.00719602 
708,17.7 ,9.27061e-10 ,-0.00716392 
709,17.725 ,9.05541e-10 ,-0.00713212 
710,17.75 ,8.85015e-10 ,-0.00710063 
711,17.775 ,8.65459e-10 ,-0.00706944 
712,17.8 ,8.4685e-10 ,-0.00703854 
713,17.825 ,8.29166e-10 ,-0.00700794 
714,17.85 ,8.12387e-10 ,-0.00697763 
715,17.875 ,7.96492e-10 ,-0.0069476 
716,17.9 ,7.81463e-10 ,-0.00691786 
717,17.925 ,7.67281e-10 ,-0.00688839 
718,17.95 ,7.5393e-10 ,-0.0068592 
719,17.975 ,7.41393e-10 ,-0.00683028 
720,18 ,7.29654e-10 ,-0.00680163 
721,18.025 ,7.18701e-10 ,-0.00677324 
722,18.05 ,7.08519e-10 ,-0.00674511 
723,18.075 ,6.99095e-10 ,-0.00671724 
724,18.1 ,6.90418e-10 ,-0.00668963 
725,18.125 ,6.82476e-10 ,-0.00666226 
726,18.15 ,6.7526e-10 ,-0.00663515 
727,18.175 ,6.68759e-10 ,-0.00660828 
728,18.2 ,6.62966e-10 ,-0.00658165 
729,18.225 ,6.57872e-10 ,-0.00655526 
730,18.25 ,6.53469e-10 ,-0.0065291 
731,18.275 ,6.49753e-10 ,-0.00650318 
732,18.3 ,6.46716e-10 ,-0.00647749 
733,18.325 ,6.44354e-10 ,-0.00645202 
734,18.35 ,6.42662e-10 ,-0.00642678 
735,18.375 ,6.41638e-10 ,-0.00640176 
736,18.4 ,6.41277e-10 ,-0.00637695 
737,18.425 ,6.41578e-10 ,-0.00635236 
738,18.45 ,6.4254e-10 ,-0.00632799 
739,18.475 ,6.44161e-10 ,-0.00630382 
740,18.5 ,6.46441e-10 ,-0.00627986 
741,18.525 ,6.49382e-10 ,-0.00625611 
742,18.55 ,6.52983e-10 ,-0.00623256 
743,18.575 ,6.57248e-10 ,-0.0062092 
744,18.6 ,6.62179e-10 ,-0.00618605 
745,18.625 ,6.67779e-10 ,-0.00616309 
746,18.65 ,6.74052e-10 ,-0.00614032 
747,18.675 ,6.81002e-10 ,-0.00611774 
748,18.7 ,6.88636e-10 ,-0.00609534 
749,18.725 ,6.96959e-10 ,-0.00607314 
750,18.75 ,7.05978e-10 ,-0.00605111 
751,18.775 ,7.157e-10 ,-0.00602926 
752,18.8 ,7.26134e-10 ,-0.0060076 
753,18.825 ,7.37289e-10 ,-0.0059861 
754,18.85 ,7.49173e-10 ,-0.00596479 
755,18.875 ,7.61798e-10 ,-0.00594364 
756,18.9 ,7.75174e-10 ,-0.00592266 
757,18.925 ,7.89314e-10 ,-0.00590185 
758,18.95 ,8.04229e-10 ,-0.0058812 
759,18.975 ,8.19934e-10 ,-0.00586072 
760,19 ,8.36442e-10 ,-0.00584039 
761,19.025 ,8.53769e-10 ,-0.00582023 
762,19.05 ,8.71929e-10 ,-0.00580022 
763,19.075 ,8.9094e-10 ,-0.00578037 
764,19.1 ,9.1082e-10 ,-0.00576067 
765,19.125 ,9.31586e-10 ,-0.00574112 
766,19.15 ,9.53257e-10 ,-0.00572172 
767,19.175 ,9.75854e-10 ,-0.00570247 
768,19.2 ,9.99397e-10 ,-0.00568336 
769,19.225 ,1.02391e-09 ,-0.0056644 
770,19.25 ,1.04941e-09 ,-0.00564558 
771,19.275 ,1.07593e-09 ,-0.0056269 
772,19.3 ,1.10349e-09 ,-0.00560836 
773,19.325 ,1.13211e-09 ,-0.00558995 
774,19.35 ,1.16182e-09 ,-0.00557168 
775,19.375 ,1.19266e-09 ,-0.00555354 
776,19.4 ,1.22464e-09 ,-0.00553554 
777,19.425 ,1.25781e-09 ,-0.00551766 
778,19.45 ,1.29218e-09 ,-0.00549992 
779,19.475 ,1.3278e-09 ,-0.0054823 
780,19.5 ,1.36469e-09 ,-0.0054648 
781,19.525 ,1.40289e-09 ,-0.00544743 
782,19.55 ,1.44244e-09 ,-0.00543019 
783,19.575 ,1.48338e-09 ,-0.00541306 
784,19.6 ,1.52574e-09 ,-0.00539605 
785,19.625 ,1.56956e-09 ,-0.00537917 
786,19.65 ,1.61489e-09 ,-0.00536239 
787,19.675 ,1.66177e-09 ,-0.00534574 
788,19.7 ,1.71024e-09 ,-0.0053292 
789,19.725 ,1.76035e-09 ,-0.00531277 
790,19.75 ,1.81214e-09 ,-0.00529645 
791,19.775 ,1.86567e-09 ,-0.00528024 
792,19.8 ,1.92099e-09 ,-0.00526414 
793,19.825 ,1.97814e-09 ,-0.00524815 
794,19.85 ,2.03719e-09 ,-0.00523226 
795,19.875 ,2.09819e-09 ,-0.00521648 
796,19.9 ,2.16119e-09 ,-0.0052008 
797,19.925 ,2.22627e-09 ,-0.00518523 
798,19.95 ,2.29347e-09 ,-0.00516976 
799,19.975 ,2.36287e-09 ,-0.00515438 
800,20 ,2.43452e-09 ,-0.00513911 
801,20.025 ,2.50851e-09 ,-0.00512393 
802,20.05 ,2.58489e-09 ,-0.00510885 
803,20.075 ,2.66375e-09 ,-0.00509387 
804,20.1 ,2.74515e-09 ,-0.00507898 
805,20.125 ,2.82918e-09 ,-0.00506418 
806,20.15 ,2.91591e-09 ,-0.00504948 
807,20.175 ,3.00543e-09 ,-0.00503487 
808,20.2 ,3.09783e-09 ,-0.00502034 
809,20.225 ,3.19318e-09 ,-0.00500591 
810,20.25 ,3.29159e-09 ,-0.00499157 
811,20.275 ,3.39315e-09 ,-0.00497731 
812,20.3 ,3.49795e-09 ,-0.00496314 
813,20.325 ,3.6061e-09 ,-0.00494905 
814,20.35 ,3.71769e-09 ,-0.00493505 
815,20.375 ,3.83283e-09 ,-0.00492113 
816,20.4 ,3.95165e-09 ,-0.00490729 
817,20.425 ,4.07424e-09 ,-0.00489354 
818,20.45 ,4.20072e-09 ,-0.00487987 
819,20.475 ,4.33123e-09 ,-0.00486627 
820,20.5 ,4.46587e-09 ,-0.00485276 
821,20.525 ,4.60479e-09 ,-0.00483932 
822,20.55 ,4.7481e-09 ,-0.00482596 
823,20.575 ,4.89596e-09 ,-0.00481268 
824,20.6 ,5.04851e-09 ,-0.00479947 
825,20.625 ,5.20588e-09 ,-0.00478634 
826,20.65 ,5.36823e-09 ,-0.00477328 
827,20.675 ,5.53571e-09 ,-0.0047603 
828,20.7 ,5.70849e-09 ,-0.00474739 
829,20.725 ,5.88674e-09 ,-0.00473454 
830,20.75 ,6.07061e-09 ,-0.00472178 
831,20.775 ,6.26029e-09 ,-0.00470908 
832,20.8 ,6.45596e-09 ,-0.00469644 
833,20.825 ,6.65781e-09 ,-0.00468388 
834,20.85 ,6.86603e-09 ,-0.00467139 
835,20.875 ,7.08083e-09 ,-0.00465896 
836,20.9 ,7.30239e-09 ,-0.0046466 
837,20.925 ,7.53095e-09 ,-0.00463431 
838,20.95 ,7.76672e-09 ,-0.00462208 
839,20.975 ,8.00992e-09 ,-0.00460992 
840,21 ,8.26079e-09 ,-0.00459782 
841,21.025 ,8.51957e-09 ,-0.00458578 
842,21.05 ,8.7865e-09 ,-0.00457381 
843,21.075 ,9.06185e-09 ,-0.00456189 
844,21.1 ,9.34587e-09 ,-0.00455004 
845,21.125 ,9.63885e-09 ,-0.00453825 
846,21.15 ,9.94106e-09 ,-0.00452652 
847,21.175 ,1.02528e-08 ,-0.00451485 
848,21.2 ,1.05743e-08 ,-0.00450324 
849,21.225 ,1.0906e-08 ,-0.00449169 
850,21.25 ,1.12481e-08 ,-0.00448019 
851,21.275 ,1.1601e-08 ,-0.00446876 
852,21.3 ,1.19651e-08 ,-0.00445738 
853,21.325 ,1.23405e-08 ,-0.00444605 
854,21.35 ,1.27279e-08 ,-0.00443478 
855,21.375 ,1.31274e-08 ,-0.00442357 
856,21.4 ,1.35394e-08 ,-0.00441241 
857,21.425 ,1.39645e-08 ,-0.0044013 
858,21.45 ,1.4403e-08 ,-0.00439025 
859,21.475 ,1.48552e-08 ,-0.00437925 
860,21.5 ,1.53217e-08 ,-0.00436831 
861,21.525 ,1.58029e-08 ,-0.00435741 
862,21.55 ,1.62992e-08 ,-0.00434657 
863,21.575 ,1.68112e-08 ,-0.00433578 
864,21.6 ,1.73393e-08 ,-0.00432504 
865,21.625 ,1.7884e-08 ,-0.00431435 
866,21.65 ,1.84459e-08 ,-0.00430371 
867,21.675 ,1.90255e-08 ,-0.00429312 
868,21.7 ,1.96233e-08 ,-0.00428258 
869,21.725 ,2.02399e-08 ,-0.00427209 
870,21.75 ,2.0876e-08 ,-0.00426164 
871,21.775 ,2.15321e-08 ,-0.00425124 
872,21.8 ,2.22088e-08 ,-0.00424089 
873,21.825 ,2.29069e-08 ,-0.00423059 
874,21.85 ,2.3627e-08 ,-0.00422033 
875,21.875 ,2.43697e-08 ,-0.00421012 
876,21.9 ,2.51358e-08 ,-0.00419995 
877,21.925 ,2.5926e-08 ,-0.00418983 
878,21.95 ,2.67412e-08 ,-0.00417975 
879,21.975 ,2.7582e-08 ,-0.00416972 
880,22 ,2.84493e-08 ,-0.00415973 
881,22.025 ,2.93439e-08 ,-0.00414979 
882,22.05 ,3.02666e-08 ,-0.00413989 
883,22.075 ,3.12185e-08 ,-0.00413003 
884,22.1 ,3.22003e-08 ,-0.00412022 
885,22.125 ,3.32131e-08 ,-0.00411044 
886,22.15 ,3.42577e-08 ,-0.00410071 
887,22.175 ,3.53353e-08 ,-0.00409102 
888,22.2 ,3.64468e-08 ,-0.00408137 
889,22.225 ,3.75933e-08 ,-0.00407176 
890,22.25 ,3.8776e-08 ,-0.0040622 
891,22.275 ,3.99959e-08 ,-0.00405267 
892,22.3 ,4.12542e-08 ,-0.00404318 
893,22.325 ,4.25522e-08 ,-0.00403373 
894,22.35 ,4.38911e-08 ,-0.00402432 
895,22.375 ,4.52721e-08 ,-0.00401496 
896,22.4 ,4.66967e-08 ,-0.00400562 
897,22.425 ,4.81662e-08 ,-0.00399633 
898,22.45 ,4.9682e-08 ,-0.00398708 
899,22.475 ,5.12455e-08 ,-0.00397786 
900,22.5 ,5.28583e-08 ,-0.00396868 
901,22.525 ,5.4522e-08 ,-0.00395954 
902,22.55 ,5.6238e-08 ,-0.00395043 
903,22.575 ,5.80082e-08 ,-0.00394136 
904,22.6 ,5.98341e-08 ,-0.00393233 
905,22.625 ,6.17176e-08 ,-0.00392333 
906,22.65 ,6.36605e-08 ,-0.00391437 
907,22.675 ,6.56646e-08 ,-0.00390545 
908,22.7 ,6.77319e-08 ,-0.00389656 
909,22.725 ,6.98643e-08 ,-0.0038877 
910,22.75 ,7.2064e-08 ,-0.00387888 
911,22.775 ,7.4333e-08 ,-0.0038701 
912,22.8 ,7.66735e-08 ,-0.00386135 
913,22.825 ,7.90878e-08 ,-0.00385263 
914,22.85 ,8.15783e-08 ,-0.00384394 
915,22.875 ,8.41472e-08 ,-0.00383529 
916,22.9 ,8.67972e-08 ,-0.00382668 
917,22.925 ,8.95307e-08 ,-0.00381809 
918,22.95 ,9.23504e-08 ,-0.00380954 
919,22.975 ,9.5259e-08 ,-0.00380102 
920,23 ,9.82594e-08 ,-0.00379254 
921,23.025 ,1.01354e-07 ,-0.00378408 
922,23.05 ,1.04547e-07 ,-0.00377566 
923,23.075 ,1.0784e-07 ,-0.00376727 
924,23.1 ,1.11237e-07 ,-0.00375891 
925,23.125 ,1.14741e-07 ,-0.00375059 
926,23.15 ,1.18356e-07 ,-0.00374229 
927,23.175 ,1.22085e-07 ,-0.00373403 
928,23.2 ,1.25931e-07 ,-0.00372579 
929,23.225 ,1.29899e-07 ,-0.00371759 
930,23.25 ,1.33992e-07 ,-0.00370941 
931,23.275 ,1.38214e-07 ,-0.00370127 
932,23.3 ,1.42569e-07 ,-0.00369316 
933,23.325 ,1.47061e-07 ,-0.00368507 
934,23.35 ,1.51696e-07 ,-0.00367702 
935,23.375 ,1.56476e-07 ,-0.00366899 
936,23.4 ,1.61408e-07 ,-0.003661 
937,23.425 ,1.66494e-07 ,-0.00365303 
938,23.45 ,1.71742e-07 ,-0.00364509 
939,23.475 ,1.77155e-07 ,-0.00363718 
940,23.5 ,1.82738e-07 ,-0.0036293 
941,23.525 ,1.88498e-07 ,-0.00362145 
942,23.55 ,1.9444e-07 ,-0.00361363 
943,23.575 ,2.00569e-07 ,-0.00360583 
944,23.6 ,2.06892e-07 ,-0.00359806 
945,23.625 ,2.13414e-07 ,-0.00359032 
946,23.65 ,2.20142e-07 ,-0.00358261 
947,23.675 ,2.27082e-07 ,-0.00357492 
948,23.7 ,2.34242e-07 ,-0.00356726 
949,23.725 ,2.41627e-07 ,-0.00355963 
950,23.75 ,2.49246e-07 ,-0.00355203 
951,23.775 ,2.57105e-07 ,-0.00354445 
952,23.8 ,2.65212e-07 ,-0.0035369 
953,23.825 ,2.73575e-07 ,-0.00352937 
954,23.85 ,2.82201e-07 ,-0.00352187 
955,23.875 ,2.91101e-07 ,-0.0035144 
956,23.9 ,3.00281e-07 ,-0.00350695 
957,23.925 ,3.09751e-07 ,-0.00349953 
958,23.95 ,3.1952e-07 ,-0.00349214 
959,23.975 ,3.29597e-07 ,-0.00348477 
960,24 ,3.39993e-07 ,-0.00347743 
961,24.025 ,3.50717e-07 ,-0.00347011 
962,24.05 ,3.61779e-07 ,-0.00346282 
963,24.075 ,3.73191e-07 ,-0.00345555 
964,24.1 ,3.84963e-07 ,-0.00344831 
965,24.125 ,3.97107e-07 ,-0.00344109 
966,24.15 ,4.09635e-07 ,-0.00343389 
967,24.175 ,4.22558e-07 ,-0.00342673 
968,24.2 ,4.35889e-07 ,-0.00341958 
969,24.225 ,4.49641e-07 ,-0.00341246 
970,24.25 ,4.63828e-07 ,-0.00340537 
971,24.275 ,4.78462e-07 ,-0.0033983 
972,24.3 ,4.93559e-07 ,-0.00339125 
973,24.325 ,5.09133e-07 ,-0.00338423 
974,24.35 ,5.25198e-07 ,-0.00337723 
975,24.375 ,5.41771e-07 ,-0.00337026 
976,24.4 ,5.58868e-07 ,-0.00336331 
977,24.425 ,5.76504e-07 ,-0.00335638 
978,24.45 ,5.94698e-07 ,-0.00334948 
979,24.475 ,6.13467e-07 ,-0.0033426 
980,24.5 ,6.32828e-07 ,-0.00333574 
981,24.525 ,6.52802e-07 ,-0.00332891 
982,24.55 ,6.73406e-07 ,-0.0033221 
983,24.575 ,6.94661e-07 ,-0.00331531 
984,24.6 ,7.16588e-07 ,-0.00330854 
985,24.625 ,7.39208e-07 ,-0.0033018 
986,24.65 ,7.62542e-07 ,-0.00329508 
987,24.675 ,7.86614e-07 ,-0.00328839 
988,24.7 ,8.11447e-07 ,-0.00328172 
989,24.725 ,8.37064e-07 ,-0.00327507 
990,24.75 ,8.63491e-07 ,-0.00326844 
991,24.775 ,8.90753e-07 ,-0.00326183 
992,24.8 ,9.18876e-07 ,-0.00325525 
993,24.825 ,9.47889e-07 ,-0.00324869 
994,24.85 ,9.77818e-07 ,-0.00324215 
995,24.875 ,1.00869e-06 ,-0.00323563 
996,24.9 ,1.04054e-06 ,-0.00322914 
997,24.925 ,1.0734e-06 ,-0.00322267 
998,24.95 ,1.1073e-06 ,-0.00321621 
999,24.975 ,1.14227e-06 ,-0.00320979 
1000,25 ,1.17834e-06 ,-0.00320338 