N_e = 18
1,0.025 ,2.52912e-05 ,-9598.08 
2,0.05 ,2.52912e-05 ,-2398.08 
3,0.075 ,2.52912e-05 ,-1064.74 
4,0.1 ,5.94901e-05 ,-598.077 
5,0.125 ,0.00011593 ,-382.077 
6,0.15 ,0.000200051 ,-264.744 
7,0.175 ,0.000317269 ,-193.996 
8,0.2 ,0.000472949 ,-148.078 
9,0.225 ,0.000672395 ,-116.597 
10,0.25 ,0.000920832 ,-94.0783 
11,0.275 ,0.00122341 ,-77.4173 
12,0.3 ,0.00158517 ,-64.7454 
13,0.325 ,0.00201106 ,-54.8837 
14,0.35 ,0.00250594 ,-47.0588 
15,0.375 ,0.0030745 ,-40.7462 
16,0.4 ,0.00372135 ,-35.5799 
17,0.425 ,0.00445094 ,-31.2982 
18,0.45 ,0.00526758 ,-27.7102 
19,0.475 ,0.00617544 ,-24.6737 
20,0.5 ,0.00717852 ,-22.0813 
21,0.525 ,0.00828066 ,-19.8505 
22,0.55 ,0.00948551 ,-17.9169 
23,0.575 ,0.0107966 ,-16.2301 
24,0.6 ,0.0122171 ,-14.7498 
25,0.625 ,0.0137503 ,-13.4437 
26,0.65 ,0.015399 ,-12.2854 
27,0.675 ,0.0171659 ,-11.2535 
28,0.7 ,0.0190535 ,-10.3302 
29,0.725 ,0.0210641 ,-9.50086 
30,0.75 ,0.0231998 ,-8.75316 
31,0.775 ,0.0254624 ,-8.07671 
32,0.8 ,0.0278535 ,-7.46277 
33,0.825 ,0.0303745 ,-6.90386 
34,0.85 ,0.0330265 ,-6.39362 
35,0.875 ,0.0358105 ,-5.92657 
36,0.9 ,0.0387271 ,-5.49798 
37,0.925 ,0.0417768 ,-5.10374 
38,0.95 ,0.0449597 ,-4.74029 
39,0.975 ,0.0482758 ,-4.40452 
40,1 ,0.0517248 ,-4.0937 
41,1.025 ,0.0553061 ,-3.80542 
42,1.05 ,0.0590189 ,-3.53756 
43,1.075 ,0.0628621 ,-3.28826 
44,1.1 ,0.0668346 ,-3.05584 
45,1.125 ,0.0709347 ,-2.83881 
46,1.15 ,0.0751606 ,-2.63587 
47,1.175 ,0.0795103 ,-2.44583 
48,1.2 ,0.0839815 ,-2.26761 
49,1.225 ,0.0885717 ,-2.10028 
50,1.25 ,0.0932782 ,-1.94297 
51,1.275 ,0.098098 ,-1.79489 
52,1.3 ,0.103028 ,-1.65536 
53,1.325 ,0.108064 ,-1.52373 
54,1.35 ,0.113203 ,-1.39943 
55,1.375 ,0.118442 ,-1.28192 
56,1.4 ,0.123775 ,-1.17074 
57,1.425 ,0.129198 ,-1.06543 
58,1.45 ,0.134708 ,-0.965607 
59,1.475 ,0.140299 ,-0.870895 
60,1.5 ,0.145966 ,-0.780958 
61,1.525 ,0.151705 ,-0.695489 
62,1.55 ,0.157509 ,-0.614203 
63,1.575 ,0.163374 ,-0.536836 
64,1.6 ,0.169294 ,-0.463149 
65,1.625 ,0.175263 ,-0.392917 
66,1.65 ,0.181274 ,-0.325933 
67,1.675 ,0.187323 ,-0.262006 
68,1.7 ,0.193402 ,-0.20096 
69,1.725 ,0.199506 ,-0.142629 
70,1.75 ,0.205627 ,-0.0868612 
71,1.775 ,0.21176 ,-0.0335134 
72,1.8 ,0.217897 ,0.0175463 
73,1.825 ,0.224031 ,0.0664414 
74,1.85 ,0.230156 ,0.113287 
75,1.875 ,0.236265 ,0.158191 
76,1.9 ,0.242351 ,0.201253 
77,1.925 ,0.248406 ,0.242567 
78,1.95 ,0.254423 ,0.282222 
79,1.975 ,0.260396 ,0.320299 
80,2 ,0.266316 ,0.356877 
81,2.025 ,0.272177 ,0.392028 
82,2.05 ,0.277972 ,0.42582 
83,2.075 ,0.283692 ,0.458316 
84,2.1 ,0.289331 ,0.489578 
85,2.125 ,0.294882 ,0.519663 
86,2.15 ,0.300337 ,0.548623 
87,2.175 ,0.305688 ,0.576509 
88,2.2 ,0.31093 ,0.603369 
89,2.225 ,0.316054 ,0.629248 
90,2.25 ,0.321055 ,0.654188 
91,2.275 ,0.325923 ,0.678229 
92,2.3 ,0.330654 ,0.701409 
93,2.325 ,0.33524 ,0.723765 
94,2.35 ,0.339674 ,0.74533 
95,2.375 ,0.34395 ,0.766136 
96,2.4 ,0.348061 ,0.786215 
97,2.425 ,0.352001 ,0.805594 
98,2.45 ,0.355764 ,0.824303 
99,2.475 ,0.359344 ,0.842366 
100,2.5 ,0.362735 ,0.859809 
101,2.525 ,0.36593 ,0.876655 
102,2.55 ,0.368925 ,0.892927 
103,2.575 ,0.371715 ,0.908646 
104,2.6 ,0.374293 ,0.923833 
105,2.625 ,0.376655 ,0.938506 
106,2.65 ,0.378796 ,0.952685 
107,2.675 ,0.380712 ,0.966388 
108,2.7 ,0.382398 ,0.97963 
109,2.725 ,0.383849 ,0.992428 
110,2.75 ,0.385063 ,1.0048 
111,2.775 ,0.386034 ,1.01675 
112,2.8 ,0.386761 ,1.02831 
113,2.825 ,0.387239 ,1.03948 
114,2.85 ,0.387465 ,1.05027 
115,2.875 ,0.387437 ,1.0607 
116,2.9 ,0.387152 ,1.07079 
117,2.925 ,0.386608 ,1.08053 
118,2.95 ,0.385803 ,1.08995 
119,2.975 ,0.384736 ,1.09905 
120,3 ,0.383404 ,1.10784 
121,3.025 ,0.381806 ,1.11633 
122,3.05 ,0.379942 ,1.12453 
123,3.075 ,0.377812 ,1.13245 
124,3.1 ,0.375413 ,1.1401 
125,3.125 ,0.372748 ,1.14749 
126,3.15 ,0.369815 ,1.15462 
127,3.175 ,0.366615 ,1.1615 
128,3.2 ,0.363149 ,1.16814 
129,3.225 ,0.359418 ,1.17454 
130,3.25 ,0.355423 ,1.18071 
131,3.275 ,0.351166 ,1.18667 
132,3.3 ,0.346648 ,1.1924 
133,3.325 ,0.341872 ,1.19793 
134,3.35 ,0.336841 ,1.20325 
135,3.375 ,0.331555 ,1.20837 
136,3.4 ,0.32602 ,1.2133 
137,3.425 ,0.320237 ,1.21803 
138,3.45 ,0.314211 ,1.22259 
139,3.475 ,0.307944 ,1.22696 
140,3.5 ,0.301442 ,1.23116 
141,3.525 ,0.294707 ,1.23519 
142,3.55 ,0.287745 ,1.23906 
143,3.575 ,0.28056 ,1.24276 
144,3.6 ,0.273157 ,1.2463 
145,3.625 ,0.265542 ,1.24969 
146,3.65 ,0.257719 ,1.25292 
147,3.675 ,0.249694 ,1.25601 
148,3.7 ,0.241473 ,1.25896 
149,3.725 ,0.233063 ,1.26176 
150,3.75 ,0.224468 ,1.26443 
151,3.775 ,0.215696 ,1.26697 
152,3.8 ,0.206754 ,1.26937 
153,3.825 ,0.197647 ,1.27164 
154,3.85 ,0.188383 ,1.27379 
155,3.875 ,0.178969 ,1.27581 
156,3.9 ,0.169413 ,1.27772 
157,3.925 ,0.159721 ,1.2795 
158,3.95 ,0.149902 ,1.28117 
159,3.975 ,0.139963 ,1.28273 
160,4 ,0.129911 ,1.28418 
161,4.025 ,0.119755 ,1.28552 
162,4.05 ,0.109503 ,1.28675 
163,4.075 ,0.0991628 ,1.28788 
164,4.1 ,0.0887429 ,1.2889 
165,4.125 ,0.0782515 ,1.28983 
166,4.15 ,0.067697 ,1.29066 
167,4.175 ,0.0570879 ,1.29139 
168,4.2 ,0.0464327 ,1.29202 
169,4.225 ,0.03574 ,1.29257 
170,4.25 ,0.0250185 ,1.29302 
171,4.275 ,0.0142767 ,1.29338 
172,4.3 ,0.00352341 ,1.29366 
173,4.325 ,-0.00723273 ,1.29384 
174,4.35 ,-0.017983 ,1.29395 
175,4.375 ,-0.0287188 ,1.29397 
176,4.4 ,-0.0394313 ,1.29391 
177,4.425 ,-0.050112 ,1.29376 
178,4.45 ,-0.0607521 ,1.29354 
179,4.475 ,-0.0713431 ,1.29324 
180,4.5 ,-0.0818765 ,1.29286 
181,4.525 ,-0.0923437 ,1.29241 
182,4.55 ,-0.102736 ,1.29189 
183,4.575 ,-0.113046 ,1.29129 
184,4.6 ,-0.123264 ,1.29061 
185,4.625 ,-0.133383 ,1.28987 
186,4.65 ,-0.143395 ,1.28906 
187,4.675 ,-0.153291 ,1.28818 
188,4.7 ,-0.163063 ,1.28723 
189,4.725 ,-0.172705 ,1.28622 
190,4.75 ,-0.182207 ,1.28513 
191,4.775 ,-0.191564 ,1.28399 
192,4.8 ,-0.200766 ,1.28278 
193,4.825 ,-0.209808 ,1.28151 
194,4.85 ,-0.218681 ,1.28017 
195,4.875 ,-0.22738 ,1.27878 
196,4.9 ,-0.235897 ,1.27732 
197,4.925 ,-0.244225 ,1.2758 
198,4.95 ,-0.252359 ,1.27423 
199,4.975 ,-0.260292 ,1.2726 
200,5 ,-0.268018 ,1.2709 
201,5.025 ,-0.275531 ,1.26916 
202,5.05 ,-0.282825 ,1.26736 
203,5.075 ,-0.289896 ,1.2655 
204,5.1 ,-0.296737 ,1.26358 
205,5.125 ,-0.303344 ,1.26162 
206,5.15 ,-0.309711 ,1.2596 
207,5.175 ,-0.315835 ,1.25753 
208,5.2 ,-0.321711 ,1.2554 
209,5.225 ,-0.327334 ,1.25323 
210,5.25 ,-0.332701 ,1.251 
211,5.275 ,-0.337808 ,1.24872 
212,5.3 ,-0.342651 ,1.2464 
213,5.325 ,-0.347227 ,1.24402 
214,5.35 ,-0.351533 ,1.2416 
215,5.375 ,-0.355567 ,1.23913 
216,5.4 ,-0.359325 ,1.23661 
217,5.425 ,-0.362806 ,1.23404 
218,5.45 ,-0.366006 ,1.23143 
219,5.475 ,-0.368925 ,1.22877 
220,5.5 ,-0.371561 ,1.22606 
221,5.525 ,-0.373912 ,1.22331 
222,5.55 ,-0.375977 ,1.22052 
223,5.575 ,-0.377755 ,1.21768 
224,5.6 ,-0.379246 ,1.2148 
225,5.625 ,-0.380449 ,1.21187 
226,5.65 ,-0.381364 ,1.2089 
227,5.675 ,-0.381991 ,1.20589 
228,5.7 ,-0.382329 ,1.20284 
229,5.725 ,-0.382381 ,1.19974 
230,5.75 ,-0.382145 ,1.1966 
231,5.775 ,-0.381624 ,1.19342 
232,5.8 ,-0.380819 ,1.1902 
233,5.825 ,-0.37973 ,1.18694 
234,5.85 ,-0.378359 ,1.18364 
235,5.875 ,-0.376708 ,1.1803 
236,5.9 ,-0.37478 ,1.17692 
237,5.925 ,-0.372576 ,1.1735 
238,5.95 ,-0.370098 ,1.17005 
239,5.975 ,-0.367351 ,1.16655 
240,6 ,-0.364335 ,1.16301 
241,6.025 ,-0.361054 ,1.15944 
242,6.05 ,-0.357512 ,1.15583 
243,6.075 ,-0.353711 ,1.15218 
244,6.1 ,-0.349656 ,1.1485 
245,6.125 ,-0.34535 ,1.14478 
246,6.15 ,-0.340797 ,1.14102 
247,6.175 ,-0.336001 ,1.13723 
248,6.2 ,-0.330966 ,1.13339 
249,6.225 ,-0.325696 ,1.12953 
250,6.25 ,-0.320197 ,1.12563 
251,6.275 ,-0.314472 ,1.12169 
252,6.3 ,-0.308527 ,1.11772 
253,6.325 ,-0.302366 ,1.11371 
254,6.35 ,-0.295995 ,1.10967 
255,6.375 ,-0.289419 ,1.10559 
256,6.4 ,-0.282642 ,1.10148 
257,6.425 ,-0.275672 ,1.09734 
258,6.45 ,-0.268512 ,1.09316 
259,6.475 ,-0.261168 ,1.08895 
260,6.5 ,-0.253647 ,1.0847 
261,6.525 ,-0.245954 ,1.08042 
262,6.55 ,-0.238095 ,1.07611 
263,6.575 ,-0.230075 ,1.07177 
264,6.6 ,-0.221902 ,1.06739 
265,6.625 ,-0.213581 ,1.06298 
266,6.65 ,-0.205117 ,1.05854 
267,6.675 ,-0.196518 ,1.05406 
268,6.7 ,-0.18779 ,1.04956 
269,6.725 ,-0.178938 ,1.04502 
270,6.75 ,-0.169969 ,1.04045 
271,6.775 ,-0.16089 ,1.03585 
272,6.8 ,-0.151707 ,1.03122 
273,6.825 ,-0.142426 ,1.02656 
274,6.85 ,-0.133054 ,1.02186 
275,6.875 ,-0.123596 ,1.01714 
276,6.9 ,-0.11406 ,1.01238 
277,6.925 ,-0.104452 ,1.0076 
278,6.95 ,-0.0947784 ,1.00278 
279,6.975 ,-0.0850451 ,0.997935 
280,7 ,-0.0752588 ,0.993059 
281,7.025 ,-0.0654257 ,0.988152 
282,7.05 ,-0.0555523 ,0.983216 
283,7.075 ,-0.0456447 ,0.97825 
284,7.1 ,-0.0357092 ,0.973254 
285,7.125 ,-0.0257519 ,0.968229 
286,7.15 ,-0.0157791 ,0.963174 
287,7.175 ,-0.00579675 ,0.958091 
288,7.2 ,0.00418906 ,0.952978 
289,7.225 ,0.0141724 ,0.947836 
290,7.25 ,0.0241473 ,0.942666 
291,7.275 ,0.034108 ,0.937467 
292,7.3 ,0.0440487 ,0.932239 
293,7.325 ,0.0539638 ,0.926982 
294,7.35 ,0.0638476 ,0.921698 
295,7.375 ,0.0736947 ,0.916384 
296,7.4 ,0.0834995 ,0.911043 
297,7.425 ,0.0932568 ,0.905674 
298,7.45 ,0.102961 ,0.900276 
299,7.475 ,0.112608 ,0.894851 
300,7.5 ,0.122192 ,0.889398 
301,7.525 ,0.131707 ,0.883917 
302,7.55 ,0.14115 ,0.878409 
303,7.575 ,0.150516 ,0.872873 
304,7.6 ,0.159799 ,0.867309 
305,7.625 ,0.168996 ,0.861719 
306,7.65 ,0.178102 ,0.856101 
307,7.675 ,0.187112 ,0.850456 
308,7.7 ,0.196023 ,0.844783 
309,7.725 ,0.204831 ,0.839084 
310,7.75 ,0.213531 ,0.833358 
311,7.775 ,0.22212 ,0.827605 
312,7.8 ,0.230594 ,0.821826 
313,7.825 ,0.238949 ,0.816019 
314,7.85 ,0.247183 ,0.810186 
315,7.875 ,0.255292 ,0.804327 
316,7.9 ,0.263272 ,0.798441 
317,7.925 ,0.271121 ,0.792529 
318,7.95 ,0.278835 ,0.78659 
319,7.975 ,0.286413 ,0.780625 
320,8 ,0.293851 ,0.774634 
321,8.025 ,0.301146 ,0.768617 
322,8.05 ,0.308297 ,0.762574 
323,8.075 ,0.315301 ,0.756505 
324,8.1 ,0.322156 ,0.75041 
325,8.125 ,0.32886 ,0.74429 
326,8.15 ,0.335411 ,0.738143 
327,8.175 ,0.341807 ,0.731971 
328,8.2 ,0.348047 ,0.725773 
329,8.225 ,0.354129 ,0.71955 
330,8.25 ,0.360051 ,0.713301 
331,8.275 ,0.365814 ,0.707026 
332,8.3 ,0.371414 ,0.700727 
333,8.325 ,0.376852 ,0.694402 
334,8.35 ,0.382126 ,0.688051 
335,8.375 ,0.387236 ,0.681676 
336,8.4 ,0.392181 ,0.675275 
337,8.425 ,0.396961 ,0.668849 
338,8.45 ,0.401574 ,0.662398 
339,8.475 ,0.406022 ,0.655922 
340,8.5 ,0.410303 ,0.649421 
341,8.525 ,0.414417 ,0.642896 
342,8.55 ,0.418365 ,0.636345 
343,8.575 ,0.422146 ,0.62977 
344,8.6 ,0.425762 ,0.623169 
345,8.625 ,0.429211 ,0.616545 
346,8.65 ,0.432495 ,0.609895 
347,8.675 ,0.435615 ,0.603221 
348,8.7 ,0.43857 ,0.596522 
349,8.725 ,0.441361 ,0.589799 
350,8.75 ,0.44399 ,0.583051 
351,8.775 ,0.446457 ,0.576279 
352,8.8 ,0.448763 ,0.569482 
353,8.825 ,0.45091 ,0.562662 
354,8.85 ,0.452898 ,0.555816 
355,8.875 ,0.454729 ,0.548947 
356,8.9 ,0.456403 ,0.542053 
357,8.925 ,0.457923 ,0.535135 
358,8.95 ,0.45929 ,0.528193 
359,8.975 ,0.460506 ,0.521227 
360,9 ,0.461571 ,0.514237 
361,9.025 ,0.462488 ,0.507223 
362,9.05 ,0.463258 ,0.500185 
363,9.075 ,0.463884 ,0.493123 
364,9.1 ,0.464366 ,0.486037 
365,9.125 ,0.464708 ,0.478927 
366,9.15 ,0.46491 ,0.471793 
367,9.175 ,0.464975 ,0.464636 
368,9.2 ,0.464906 ,0.457454 
369,9.225 ,0.464703 ,0.450249 
370,9.25 ,0.46437 ,0.44302 
371,9.275 ,0.463908 ,0.435768 
372,9.3 ,0.463319 ,0.428492 
373,9.325 ,0.462607 ,0.421192 
374,9.35 ,0.461773 ,0.413869 
375,9.375 ,0.460819 ,0.406522 
376,9.4 ,0.459748 ,0.399152 
377,9.425 ,0.458563 ,0.391758 
378,9.45 ,0.457265 ,0.384341 
379,9.475 ,0.455858 ,0.376901 
380,9.5 ,0.454343 ,0.369437 
381,9.525 ,0.452723 ,0.361949 
382,9.55 ,0.451001 ,0.354439 
383,9.575 ,0.449179 ,0.346905 
384,9.6 ,0.447259 ,0.339347 
385,9.625 ,0.445245 ,0.331767 
386,9.65 ,0.443138 ,0.324163 
387,9.675 ,0.440942 ,0.316536 
388,9.7 ,0.438658 ,0.308886 
389,9.725 ,0.43629 ,0.301213 
390,9.75 ,0.433839 ,0.293517 
391,9.775 ,0.431309 ,0.285797 
392,9.8 ,0.428702 ,0.278055 
393,9.825 ,0.42602 ,0.27029 
394,9.85 ,0.423267 ,0.262501 
395,9.875 ,0.420444 ,0.25469 
396,9.9 ,0.417554 ,0.246855 
397,9.925 ,0.414599 ,0.238998 
398,9.95 ,0.411583 ,0.231118 
399,9.975 ,0.408507 ,0.223214 
400,10 ,0.405374 ,0.215288 
401,10.025 ,0.402187 ,0.20734 
402,10.05 ,0.398948 ,0.199368 
403,10.075 ,0.395658 ,0.191373 
404,10.1 ,0.392322 ,0.183356 
405,10.125 ,0.38894 ,0.175316 
406,10.15 ,0.385516 ,0.167253 
407,10.175 ,0.382052 ,0.159168 
408,10.2 ,0.37855 ,0.15106 
409,10.225 ,0.375011 ,0.142929 
410,10.25 ,0.37144 ,0.134775 
411,10.275 ,0.367837 ,0.126599 
412,10.3 ,0.364205 ,0.118401 
413,10.325 ,0.360546 ,0.110179 
414,10.35 ,0.356862 ,0.101935 
415,10.375 ,0.353156 ,0.093669 
416,10.4 ,0.349428 ,0.08538 
417,10.425 ,0.345682 ,0.0770685 
418,10.45 ,0.34192 ,0.0687345 
419,10.475 ,0.338143 ,0.0603781 
420,10.5 ,0.334353 ,0.0519991 
421,10.525 ,0.330552 ,0.0435978 
422,10.55 ,0.326742 ,0.0351739 
423,10.575 ,0.322925 ,0.0267277 
424,10.6 ,0.319102 ,0.0182591 
425,10.625 ,0.315276 ,0.00976813 
426,10.65 ,0.311448 ,0.00125478 
427,10.675 ,0.30762 ,-0.00727825 
428,10.7 ,0.303793 ,-0.0157873 
429,10.725 ,0.299969 ,-0.0242573 
430,10.75 ,0.29615 ,-0.0326885 
431,10.775 ,0.292337 ,-0.0410811 
432,10.8 ,0.288531 ,-0.0494354 
433,10.825 ,0.284734 ,-0.0577517 
434,10.85 ,0.280947 ,-0.0660301 
435,10.875 ,0.277172 ,-0.0742711 
436,10.9 ,0.27341 ,-0.0824748 
437,10.925 ,0.269662 ,-0.0906415 
438,10.95 ,0.265929 ,-0.0987714 
439,10.975 ,0.262213 ,-0.106865 
440,11 ,0.258514 ,-0.114922 
441,11.025 ,0.254834 ,-0.122943 
442,11.05 ,0.251173 ,-0.130928 
443,11.075 ,0.247533 ,-0.138878 
444,11.1 ,0.243914 ,-0.146793 
445,11.125 ,0.240318 ,-0.154672 
446,11.15 ,0.236745 ,-0.162516 
447,11.175 ,0.233196 ,-0.170326 
448,11.2 ,0.229672 ,-0.178102 
449,11.225 ,0.226173 ,-0.185843 
450,11.25 ,0.222701 ,-0.193551 
451,11.275 ,0.219255 ,-0.201224 
452,11.3 ,0.215837 ,-0.208865 
453,11.325 ,0.212448 ,-0.216472 
454,11.35 ,0.209087 ,-0.224045 
455,11.375 ,0.205755 ,-0.231586 
456,11.4 ,0.202453 ,-0.239095 
457,11.425 ,0.199181 ,-0.246571 
458,11.45 ,0.19594 ,-0.254015 
459,11.475 ,0.19273 ,-0.261427 
460,11.5 ,0.189552 ,-0.268807 
461,11.525 ,0.186406 ,-0.276155 
462,11.55 ,0.183291 ,-0.283472 
463,11.575 ,0.180209 ,-0.290758 
464,11.6 ,0.17716 ,-0.298013 
465,11.625 ,0.174144 ,-0.305237 
466,11.65 ,0.171161 ,-0.31243 
467,11.675 ,0.168212 ,-0.319593 
468,11.7 ,0.165296 ,-0.326726 
469,11.725 ,0.162413 ,-0.333829 
470,11.75 ,0.159565 ,-0.340902 
471,11.775 ,0.156751 ,-0.347945 
472,11.8 ,0.153971 ,-0.354959 
473,11.825 ,0.151225 ,-0.361944 
474,11.85 ,0.148513 ,-0.3689 
475,11.875 ,0.145835 ,-0.375826 
476,11.9 ,0.143192 ,-0.382724 
477,11.925 ,0.140583 ,-0.389594 
478,11.95 ,0.138008 ,-0.396435 
479,11.975 ,0.135467 ,-0.403247 
480,12 ,0.132961 ,-0.410032 
481,12.025 ,0.130488 ,-0.416789 
482,12.05 ,0.12805 ,-0.423518 
483,12.075 ,0.125645 ,-0.43022 
484,12.1 ,0.123275 ,-0.436894 
485,12.125 ,0.120937 ,-0.443542 
486,12.15 ,0.118634 ,-0.450162 
487,12.175 ,0.116364 ,-0.456755 
488,12.2 ,0.114127 ,-0.463322 
489,12.225 ,0.111923 ,-0.469862 
490,12.25 ,0.109752 ,-0.476376 
491,12.275 ,0.107613 ,-0.482864 
492,12.3 ,0.105507 ,-0.489325 
493,12.325 ,0.103434 ,-0.495761 
494,12.35 ,0.101392 ,-0.502171 
495,12.375 ,0.0993821 ,-0.508555 
496,12.4 ,0.0974039 ,-0.514914 
497,12.425 ,0.0954571 ,-0.521248 
498,12.45 ,0.0935413 ,-0.527556 
499,12.475 ,0.0916564 ,-0.53384 
500,12.5 ,0.089802 ,-0.540099 
501,12.525 ,0.087978 ,-0.546333 
502,12.55 ,0.086184 ,-0.552542 
503,12.575 ,0.0844198 ,-0.558728 
504,12.6 ,0.082685 ,-0.564888 
505,12.625 ,0.0809795 ,-0.571025 
506,12.65 ,0.0793028 ,-0.577138 
507,12.675 ,0.0776548 ,-0.583227 
508,12.7 ,0.076035 ,-0.589293 
509,12.725 ,0.0744433 ,-0.595334 
510,12.75 ,0.0728792 ,-0.601353 
511,12.775 ,0.0713426 ,-0.607348 
512,12.8 ,0.069833 ,-0.61332 
513,12.825 ,0.0683502 ,-0.619269 
514,12.85 ,0.0668938 ,-0.625195 
515,12.875 ,0.0654636 ,-0.631098 
516,12.9 ,0.0640592 ,-0.636979 
517,12.925 ,0.0626804 ,-0.642837 
518,12.95 ,0.0613267 ,-0.648673 
519,12.975 ,0.0599978 ,-0.654487 
520,13 ,0.0586935 ,-0.660279 
521,13.025 ,0.0574134 ,-0.666048 
522,13.05 ,0.0561573 ,-0.671796 
523,13.075 ,0.0549247 ,-0.677522 
524,13.1 ,0.0537153 ,-0.683227 
525,13.125 ,0.0525289 ,-0.68891 
526,13.15 ,0.0513651 ,-0.694571 
527,13.175 ,0.0502237 ,-0.700212 
528,13.2 ,0.0491042 ,-0.705831 
529,13.225 ,0.0480063 ,-0.711429 
530,13.25 ,0.0469298 ,-0.717007 
531,13.275 ,0.0458743 ,-0.722563 
532,13.3 ,0.0448396 ,-0.728099 
533,13.325 ,0.0438252 ,-0.733615 
534,13.35 ,0.042831 ,-0.73911 
535,13.375 ,0.0418565 ,-0.744585 
536,13.4 ,0.0409015 ,-0.750039 
537,13.425 ,0.0399657 ,-0.755474 
538,13.45 ,0.0390488 ,-0.760888 
539,13.475 ,0.0381504 ,-0.766283 
540,13.5 ,0.0372703 ,-0.771658 
541,13.525 ,0.0364082 ,-0.777013 
542,13.55 ,0.0355637 ,-0.782349 
543,13.575 ,0.0347367 ,-0.787665 
544,13.6 ,0.0339267 ,-0.792962 
545,13.625 ,0.0331336 ,-0.798239 
546,13.65 ,0.032357 ,-0.803498 
547,13.675 ,0.0315966 ,-0.808738 
548,13.7 ,0.0308522 ,-0.813958 
549,13.725 ,0.0301235 ,-0.81916 
550,13.75 ,0.0294103 ,-0.824343 
551,13.775 ,0.0287121 ,-0.829508 
552,13.8 ,0.0280289 ,-0.834654 
553,13.825 ,0.0273603 ,-0.839782 
554,13.85 ,0.026706 ,-0.844891 
555,13.875 ,0.0260659 ,-0.849982 
556,13.9 ,0.0254396 ,-0.855055 
557,13.925 ,0.0248269 ,-0.86011 
558,13.95 ,0.0242275 ,-0.865147 
559,13.975 ,0.0236413 ,-0.870167 
560,14 ,0.0230679 ,-0.875168 
561,14.025 ,0.0225071 ,-0.880152 
562,14.05 ,0.0219587 ,-0.885118 
563,14.075 ,0.0214224 ,-0.890067 
564,14.1 ,0.0208981 ,-0.894999 
565,14.125 ,0.0203855 ,-0.899913 
566,14.15 ,0.0198843 ,-0.90481 
567,14.175 ,0.0193944 ,-0.90969 
568,14.2 ,0.0189154 ,-0.914553 
569,14.225 ,0.0184473 ,-0.919399 
570,14.25 ,0.0179899 ,-0.924229 
571,14.275 ,0.0175428 ,-0.929041 
572,14.3 ,0.0171058 ,-0.933837 
573,14.325 ,0.0166789 ,-0.938617 
574,14.35 ,0.0162618 ,-0.94338 
575,14.375 ,0.0158542 ,-0.948126 
576,14.4 ,0.015456 ,-0.952856 
577,14.425 ,0.0150671 ,-0.95757 
578,14.45 ,0.0146871 ,-0.962268 
579,14.475 ,0.014316 ,-0.96695 
580,14.5 ,0.0139536 ,-0.971616 
581,14.525 ,0.0135996 ,-0.976265 
582,14.55 ,0.0132539 ,-0.9809 
583,14.575 ,0.0129163 ,-0.985518 
584,14.6 ,0.0125867 ,-0.990121 
585,14.625 ,0.0122649 ,-0.994708 
586,14.65 ,0.0119507 ,-0.999279 
587,14.675 ,0.011644 ,-1.00384 
588,14.7 ,0.0113446 ,-1.00838 
589,14.725 ,0.0110523 ,-1.0129 
590,14.75 ,0.0107671 ,-1.01741 
591,14.775 ,0.0104886 ,-1.02191 
592,14.8 ,0.0102169 ,-1.02639 
593,14.825 ,0.00995174 ,-1.03085 
594,14.85 ,0.00969298 ,-1.0353 
595,14.875 ,0.0094405 ,-1.03974 
596,14.9 ,0.00919414 ,-1.04416 
597,14.925 ,0.00895379 ,-1.04857 
598,14.95 ,0.00871931 ,-1.05296 
599,14.975 ,0.00849057 ,-1.05734 
600,15 ,0.00826743 ,-1.0617 
601,15.025 ,0.00804978 ,-1.06605 
602,15.05 ,0.0078375 ,-1.07038 
603,15.075 ,0.00763046 ,-1.0747 
604,15.1 ,0.00742855 ,-1.07901 
605,15.125 ,0.00723164 ,-1.0833 
606,15.15 ,0.00703963 ,-1.08758 
607,15.175 ,0.00685241 ,-1.09184 
608,15.2 ,0.00666986 ,-1.09609 
609,15.225 ,0.00649188 ,-1.10033 
610,15.25 ,0.00631837 ,-1.10455 
611,15.275 ,0.00614922 ,-1.10876 
612,15.3 ,0.00598433 ,-1.11295 
613,15.325 ,0.0058236 ,-1.11713 
614,15.35 ,0.00566694 ,-1.1213 
615,15.375 ,0.00551425 ,-1.12545 
616,15.4 ,0.00536544 ,-1.1296 
617,15.425 ,0.00522042 ,-1.13372 
618,15.45 ,0.0050791 ,-1.13784 
619,15.475 ,0.00494139 ,-1.14194 
620,15.5 ,0.0048072 ,-1.14603 
621,15.525 ,0.00467646 ,-1.1501 
622,15.55 ,0.00454908 ,-1.15417 
623,15.575 ,0.00442499 ,-1.15821 
624,15.6 ,0.00430409 ,-1.16225 
625,15.625 ,0.00418633 ,-1.16627 
626,15.65 ,0.00407161 ,-1.17029 
627,15.675 ,0.00395987 ,-1.17428 
628,15.7 ,0.00385104 ,-1.17827 
629,15.725 ,0.00374505 ,-1.18224 
630,15.75 ,0.00364182 ,-1.1862 
631,15.775 ,0.00354129 ,-1.19015 
632,15.8 ,0.0034434 ,-1.19409 
633,15.825 ,0.00334808 ,-1.19801 
634,15.85 ,0.00325526 ,-1.20192 
635,15.875 ,0.00316489 ,-1.20582 
636,15.9 ,0.00307691 ,-1.20971 
637,15.925 ,0.00299125 ,-1.21358 
638,15.95 ,0.00290786 ,-1.21745 
639,15.975 ,0.00282668 ,-1.2213 
640,16 ,0.00274766 ,-1.22514 
641,16.025 ,0.00267075 ,-1.22896 
642,16.05 ,0.00259588 ,-1.23278 
643,16.075 ,0.00252302 ,-1.23658 
644,16.1 ,0.0024521 ,-1.24037 
645,16.125 ,0.00238309 ,-1.24415 
646,16.15 ,0.00231593 ,-1.24792 
647,16.175 ,0.00225058 ,-1.25168 
648,16.2 ,0.00218699 ,-1.25543 
649,16.225 ,0.00212511 ,-1.25916 
650,16.25 ,0.00206491 ,-1.26288 
651,16.275 ,0.00200633 ,-1.26659 
652,16.3 ,0.00194935 ,-1.27029 
653,16.325 ,0.00189391 ,-1.27398 
654,16.35 ,0.00183998 ,-1.27766 
655,16.375 ,0.00178752 ,-1.28133 
656,16.4 ,0.00173649 ,-1.28498 
657,16.425 ,0.00168686 ,-1.28863 
658,16.45 ,0.00163858 ,-1.29226 
659,16.475 ,0.00159163 ,-1.29588 
660,16.5 ,0.00154597 ,-1.29949 
661,16.525 ,0.00150156 ,-1.3031 
662,16.55 ,0.00145838 ,-1.30669 
663,16.575 ,0.00141638 ,-1.31027 
664,16.6 ,0.00137555 ,-1.31383 
665,16.625 ,0.00133585 ,-1.31739 
666,16.65 ,0.00129724 ,-1.32094 
667,16.675 ,0.00125971 ,-1.32448 
668,16.7 ,0.00122322 ,-1.328 
669,16.725 ,0.00118775 ,-1.33152 
670,16.75 ,0.00115326 ,-1.33502 
671,16.775 ,0.00111974 ,-1.33852 
672,16.8 ,0.00108715 ,-1.342 
673,16.825 ,0.00105548 ,-1.34548 
674,16.85 ,0.00102469 ,-1.34894 
675,16.875 ,0.000994766 ,-1.3524 
676,16.9 ,0.000965684 ,-1.35584 
677,16.925 ,0.00093742 ,-1.35928 
678,16.95 ,0.000909952 ,-1.3627 
679,16.975 ,0.00088326 ,-1.36611 
680,17 ,0.000857322 ,-1.36952 
681,17.025 ,0.000832117 ,-1.37291 
682,17.05 ,0.000807627 ,-1.3763 
683,17.075 ,0.000783832 ,-1.37967 
684,17.1 ,0.000760712 ,-1.38304 
685,17.125 ,0.00073825 ,-1.38639 
686,17.15 ,0.000716428 ,-1.38974 
687,17.175 ,0.000695228 ,-1.39307 
688,17.2 ,0.000674633 ,-1.3964 
689,17.225 ,0.000654627 ,-1.39972 
690,17.25 ,0.000635194 ,-1.40302 
691,17.275 ,0.000616318 ,-1.40632 
692,17.3 ,0.000597984 ,-1.40961 
693,17.325 ,0.000580176 ,-1.41289 
694,17.35 ,0.000562881 ,-1.41616 
695,17.375 ,0.000546084 ,-1.41942 
696,17.4 ,0.000529772 ,-1.42267 
697,17.425 ,0.00051393 ,-1.42591 
698,17.45 ,0.000498547 ,-1.42914 
699,17.475 ,0.000483609 ,-1.43236 
700,17.5 ,0.000469104 ,-1.43558 
701,17.525 ,0.00045502 ,-1.43878 
702,17.55 ,0.000441345 ,-1.44198 
703,17.575 ,0.000428068 ,-1.44516 
704,17.6 ,0.000415178 ,-1.44834 
705,17.625 ,0.000402663 ,-1.45151 
706,17.65 ,0.000390514 ,-1.45467 
707,17.675 ,0.00037872 ,-1.45782 
708,17.7 ,0.000367271 ,-1.46096 
709,17.725 ,0.000356157 ,-1.4641 
710,17.75 ,0.000345369 ,-1.46722 
711,17.775 ,0.000334898 ,-1.47034 
712,17.8 ,0.000324735 ,-1.47344 
713,17.825 ,0.000314871 ,-1.47654 
714,17.85 ,0.000305297 ,-1.47963 
715,17.875 ,0.000296006 ,-1.48271 
716,17.9 ,0.000286989 ,-1.48579 
717,17.925 ,0.000278239 ,-1.48885 
718,17.95 ,0.000269747 ,-1.49191 
719,17.975 ,0.000261507 ,-1.49496 
720,18 ,0.000253512 ,-1.498 
721,18.025 ,0.000245753 ,-1.50103 
722,18.05 ,0.000238226 ,-1.50405 
723,18.075 ,0.000230922 ,-1.50706 
724,18.1 ,0.000223836 ,-1.51007 
725,18.125 ,0.000216961 ,-1.51307 
726,18.15 ,0.000210291 ,-1.51606 
727,18.175 ,0.000203821 ,-1.51904 
728,18.2 ,0.000197544 ,-1.52201 
729,18.225 ,0.000191455 ,-1.52498 
730,18.25 ,0.000185548 ,-1.52793 
731,18.275 ,0.000179819 ,-1.53088 
732,18.3 ,0.000174262 ,-1.53382 
733,18.325 ,0.000168872 ,-1.53676 
734,18.35 ,0.000163644 ,-1.53968 
735,18.375 ,0.000158573 ,-1.5426 
736,18.4 ,0.000153656 ,-1.54551 
737,18.425 ,0.000148886 ,-1.54841 
738,18.45 ,0.000144261 ,-1.5513 
739,18.475 ,0.000139776 ,-1.55419 
740,18.5 ,0.000135427 ,-1.55707 
741,18.525 ,0.000131209 ,-1.55994 
742,18.55 ,0.00012712 ,-1.5628 
743,18.575 ,0.000123154 ,-1.56566 
744,18.6 ,0.000119309 ,-1.5685 
745,18.625 ,0.000115581 ,-1.57134 
746,18.65 ,0.000111967 ,-1.57418 
747,18.675 ,0.000108462 ,-1.577 
748,18.7 ,0.000105065 ,-1.57982 
749,18.725 ,0.000101771 ,-1.58263 
750,18.75 ,9.85783e-05 ,-1.58543 
751,18.775 ,9.5483e-05 ,-1.58823 
752,18.8 ,9.24825e-05 ,-1.59102 
753,18.825 ,8.9574e-05 ,-1.5938 
754,18.85 ,8.67547e-05 ,-1.59657 
755,18.875 ,8.40219e-05 ,-1.59933 
756,18.9 ,8.13732e-05 ,-1.60209 
757,18.925 ,7.8806e-05 ,-1.60484 
758,18.95 ,7.63178e-05 ,-1.60759 
759,18.975 ,7.39062e-05 ,-1.61033 
760,19 ,7.15691e-05 ,-1.61306 
761,19.025 ,6.93042e-05 ,-1.61578 
762,19.05 ,6.71092e-05 ,-1.61849 
763,19.075 ,6.49821e-05 ,-1.6212 
764,19.1 ,6.29209e-05 ,-1.6239 
765,19.125 ,6.09235e-05 ,-1.6266 
766,19.15 ,5.89881e-05 ,-1.62929 
767,19.175 ,5.71127e-05 ,-1.63197 
768,19.2 ,5.52956e-05 ,-1.63464 
769,19.225 ,5.3535e-05 ,-1.63731 
770,19.25 ,5.18292e-05 ,-1.63997 
771,19.275 ,5.01765e-05 ,-1.64262 
772,19.3 ,4.85753e-05 ,-1.64527 
773,19.325 ,4.70241e-05 ,-1.64791 
774,19.35 ,4.55214e-05 ,-1.65054 
775,19.375 ,4.40655e-05 ,-1.65317 
776,19.4 ,4.26553e-05 ,-1.65579 
777,19.425 ,4.12891e-05 ,-1.6584 
778,19.45 ,3.99658e-05 ,-1.661 
779,19.475 ,3.86839e-05 ,-1.6636 
780,19.5 ,3.74423e-05 ,-1.6662 
781,19.525 ,3.62397e-05 ,-1.66878 
782,19.55 ,3.50749e-05 ,-1.67136 
783,19.575 ,3.39467e-05 ,-1.67393 
784,19.6 ,3.2854e-05 ,-1.6765 
785,19.625 ,3.17958e-05 ,-1.67906 
786,19.65 ,3.07709e-05 ,-1.68161 
787,19.675 ,2.97784e-05 ,-1.68416 
788,19.7 ,2.88172e-05 ,-1.6867 
789,19.725 ,2.78864e-05 ,-1.68924 
790,19.75 ,2.69851e-05 ,-1.69176 
791,19.775 ,2.61123e-05 ,-1.69429 
792,19.8 ,2.52671e-05 ,-1.6968 
793,19.825 ,2.44487e-05 ,-1.69931 
794,19.85 ,2.36563e-05 ,-1.70181 
795,19.875 ,2.28891e-05 ,-1.70431 
796,19.9 ,2.21463e-05 ,-1.7068 
797,19.925 ,2.1427e-05 ,-1.70928 
798,19.95 ,2.07307e-05 ,-1.71176 
799,19.975 ,2.00566e-05 ,-1.71423 
800,20 ,1.94039e-05 ,-1.7167 
801,20.025 ,1.87721e-05 ,-1.71916 
802,20.05 ,1.81604e-05 ,-1.72161 
803,20.075 ,1.75683e-05 ,-1.72406 
804,20.1 ,1.69951e-05 ,-1.7265 
805,20.125 ,1.64402e-05 ,-1.72894 
806,20.15 ,1.59031e-05 ,-1.73136 
807,20.175 ,1.53833e-05 ,-1.73379 
808,20.2 ,1.48801e-05 ,-1.73621 
809,20.225 ,1.4393e-05 ,-1.73862 
810,20.25 ,1.39216e-05 ,-1.74102 
811,20.275 ,1.34653e-05 ,-1.74342 
812,20.3 ,1.30237e-05 ,-1.74582 
813,20.325 ,1.25963e-05 ,-1.7482 
814,20.35 ,1.21827e-05 ,-1.75059 
815,20.375 ,1.17824e-05 ,-1.75296 
816,20.4 ,1.13951e-05 ,-1.75533 
817,20.425 ,1.10202e-05 ,-1.7577 
818,20.45 ,1.06574e-05 ,-1.76006 
819,20.475 ,1.03064e-05 ,-1.76241 
820,20.5 ,9.96669e-06 ,-1.76476 
821,20.525 ,9.638e-06 ,-1.7671 
822,20.55 ,9.31995e-06 ,-1.76943 
823,20.575 ,9.01221e-06 ,-1.77177 
824,20.6 ,8.71445e-06 ,-1.77409 
825,20.625 ,8.42635e-06 ,-1.77641 
826,20.65 ,8.14761e-06 ,-1.77872 
827,20.675 ,7.87793e-06 ,-1.78103 
828,20.7 ,7.61701e-06 ,-1.78333 
829,20.725 ,7.36459e-06 ,-1.78563 
830,20.75 ,7.12039e-06 ,-1.78792 
831,20.775 ,6.88415e-06 ,-1.79021 
832,20.8 ,6.6556e-06 ,-1.79249 
833,20.825 ,6.43452e-06 ,-1.79477 
834,20.85 ,6.22065e-06 ,-1.79704 
835,20.875 ,6.01377e-06 ,-1.7993 
836,20.9 ,5.81366e-06 ,-1.80156 
837,20.925 ,5.62009e-06 ,-1.80381 
838,20.95 ,5.43286e-06 ,-1.80606 
839,20.975 ,5.25176e-06 ,-1.8083 
840,21 ,5.0766e-06 ,-1.81054 
841,21.025 ,4.90718e-06 ,-1.81277 
842,21.05 ,4.74332e-06 ,-1.815 
843,21.075 ,4.58484e-06 ,-1.81722 
844,21.1 ,4.43157e-06 ,-1.81944 
845,21.125 ,4.28334e-06 ,-1.82165 
846,21.15 ,4.13999e-06 ,-1.82386 
847,21.175 ,4.00136e-06 ,-1.82606 
848,21.2 ,3.8673e-06 ,-1.82826 
849,21.225 ,3.73765e-06 ,-1.83045 
850,21.25 ,3.61228e-06 ,-1.83263 
851,21.275 ,3.49105e-06 ,-1.83481 
852,21.3 ,3.37382e-06 ,-1.83699 
853,21.325 ,3.26047e-06 ,-1.83916 
854,21.35 ,3.15086e-06 ,-1.84133 
855,21.375 ,3.04488e-06 ,-1.84349 
856,21.4 ,2.94241e-06 ,-1.84564 
857,21.425 ,2.84333e-06 ,-1.84779 
858,21.45 ,2.74754e-06 ,-1.84994 
859,21.475 ,2.65493e-06 ,-1.85208 
860,21.5 ,2.56538e-06 ,-1.85421 
861,21.525 ,2.47882e-06 ,-1.85634 
862,21.55 ,2.39512e-06 ,-1.85847 
863,21.575 ,2.31421e-06 ,-1.86059 
864,21.6 ,2.23599e-06 ,-1.86271 
865,21.625 ,2.16038e-06 ,-1.86482 
866,21.65 ,2.08728e-06 ,-1.86692 
867,21.675 ,2.01662e-06 ,-1.86903 
868,21.7 ,1.94831e-06 ,-1.87112 
869,21.725 ,1.88229e-06 ,-1.87321 
870,21.75 ,1.81847e-06 ,-1.8753 
871,21.775 ,1.75677e-06 ,-1.87738 
872,21.8 ,1.69714e-06 ,-1.87946 
873,21.825 ,1.63951e-06 ,-1.88153 
874,21.85 ,1.5838e-06 ,-1.8836 
875,21.875 ,1.52996e-06 ,-1.88567 
876,21.9 ,1.47792e-06 ,-1.88772 
877,21.925 ,1.42762e-06 ,-1.88978 
878,21.95 ,1.37901e-06 ,-1.89183 
879,21.975 ,1.33203e-06 ,-1.89387 
880,22 ,1.28663e-06 ,-1.89591 
881,22.025 ,1.24275e-06 ,-1.89795 
882,22.05 ,1.20035e-06 ,-1.89998 
883,22.075 ,1.15937e-06 ,-1.90201 
884,22.1 ,1.11977e-06 ,-1.90403 
885,22.125 ,1.0815e-06 ,-1.90605 
886,22.15 ,1.04453e-06 ,-1.90806 
887,22.175 ,1.00879e-06 ,-1.91007 
888,22.2 ,9.74265e-07 ,-1.91207 
889,22.225 ,9.40901e-07 ,-1.91407 
890,22.25 ,9.08663e-07 ,-1.91607 
891,22.275 ,8.77513e-07 ,-1.91806 
892,22.3 ,8.47416e-07 ,-1.92004 
893,22.325 ,8.18335e-07 ,-1.92202 
894,22.35 ,7.90237e-07 ,-1.924 
895,22.375 ,7.6309e-07 ,-1.92597 
896,22.4 ,7.36862e-07 ,-1.92794 
897,22.425 ,7.11521e-07 ,-1.92991 
898,22.45 ,6.87039e-07 ,-1.93187 
899,22.475 ,6.63386e-07 ,-1.93382 
900,22.5 ,6.40535e-07 ,-1.93577 
901,22.525 ,6.1846e-07 ,-1.93772 
902,22.55 ,5.97133e-07 ,-1.93966 
903,22.575 ,5.7653e-07 ,-1.9416 
904,22.6 ,5.56627e-07 ,-1.94353 
905,22.625 ,5.374e-07 ,-1.94546 
906,22.65 ,5.18827e-07 ,-1.94739 
907,22.675 ,5.00885e-07 ,-1.94931 
908,22.7 ,4.83554e-07 ,-1.95123 
909,22.725 ,4.66812e-07 ,-1.95314 
910,22.75 ,4.5064e-07 ,-1.95505 
911,22.775 ,4.35019e-07 ,-1.95695 
912,22.8 ,4.1993e-07 ,-1.95885 
913,22.825 ,4.05355e-07 ,-1.96075 
914,22.85 ,3.91277e-07 ,-1.96264 
915,22.875 ,3.77679e-07 ,-1.96453 
916,22.9 ,3.64545e-07 ,-1.96642 
917,22.925 ,3.51858e-07 ,-1.9683 
918,22.95 ,3.39605e-07 ,-1.97017 
919,22.975 ,3.2777e-07 ,-1.97204 
920,23 ,3.16339e-07 ,-1.97391 
921,23.025 ,3.05298e-07 ,-1.97577 
922,23.05 ,2.94634e-07 ,-1.97763 
923,23.075 ,2.84335e-07 ,-1.97949 
924,23.1 ,2.74387e-07 ,-1.98134 
925,23.125 ,2.64779e-07 ,-1.98319 
926,23.15 ,2.55499e-07 ,-1.98503 
927,23.175 ,2.46537e-07 ,-1.98687 
928,23.2 ,2.3788e-07 ,-1.98871 
929,23.225 ,2.29519e-07 ,-1.99054 
930,23.25 ,2.21444e-07 ,-1.99237 
931,23.275 ,2.13645e-07 ,-1.99419 
932,23.3 ,2.06112e-07 ,-1.99601 
933,23.325 ,1.98836e-07 ,-1.99783 
934,23.35 ,1.91808e-07 ,-1.99964 
935,23.375 ,1.8502e-07 ,-2.00145 
936,23.4 ,1.78463e-07 ,-2.00325 
937,23.425 ,1.7213e-07 ,-2.00506 
938,23.45 ,1.66013e-07 ,-2.00685 
939,23.475 ,1.60104e-07 ,-2.00865 
940,23.5 ,1.54396e-07 ,-2.01044 
941,23.525 ,1.48882e-07 ,-2.01222 
942,23.55 ,1.43555e-07 ,-2.014 
943,23.575 ,1.38409e-07 ,-2.01578 
944,23.6 ,1.33438e-07 ,-2.01756 
945,23.625 ,1.28634e-07 ,-2.01933 
946,23.65 ,1.23993e-07 ,-2.02109 
947,23.675 ,1.19509e-07 ,-2.02286 
948,23.7 ,1.15176e-07 ,-2.02462 
949,23.725 ,1.10988e-07 ,-2.02637 
950,23.75 ,1.06941e-07 ,-2.02813 
951,23.775 ,1.0303e-07 ,-2.02987 
952,23.8 ,9.92492e-08 ,-2.03162 
953,23.825 ,9.55946e-08 ,-2.03336 
954,23.85 ,9.20615e-08 ,-2.0351 
955,23.875 ,8.86455e-08 ,-2.03683 
956,23.9 ,8.53424e-08 ,-2.03856 
957,23.925 ,8.2148e-08 ,-2.04029 
958,23.95 ,7.90584e-08 ,-2.04201 
959,23.975 ,7.60697e-08 ,-2.04373 
960,24 ,7.31782e-08 ,-2.04545 
961,24.025 ,7.03802e-08 ,-2.04716 
962,24.05 ,6.76723e-08 ,-2.04887 
963,24.075 ,6.5051e-08 ,-2.05058 
964,24.1 ,6.25132e-08 ,-2.05228 
965,24.125 ,6.00555e-08 ,-2.05398 
966,24.15 ,5.76749e-08 ,-2.05567 
967,24.175 ,5.53685e-08 ,-2.05736 
968,24.2 ,5.31332e-08 ,-2.05905 
969,24.225 ,5.09663e-08 ,-2.06074 
970,24.25 ,4.88651e-08 ,-2.06242 
971,24.275 ,4.68269e-08 ,-2.06409 
972,24.3 ,4.48491e-08 ,-2.06577 
973,24.325 ,4.29292e-08 ,-2.06744 
974,24.35 ,4.10647e-08 ,-2.06911 
975,24.375 ,3.92534e-08 ,-2.07077 
976,24.4 ,3.74929e-08 ,-2.07243 
977,24.425 ,3.5781e-08 ,-2.07409 
978,24.45 ,3.41154e-08 ,-2.07574 
979,24.475 ,3.24941e-08 ,-2.07739 
980,24.5 ,3.0915e-08 ,-2.07904 
981,24.525 ,2.93761e-08 ,-2.08069 
982,24.55 ,2.78754e-08 ,-2.08233 
983,24.575 ,2.6411e-08 ,-2.08396 
984,24.6 ,2.4981e-08 ,-2.0856 
985,24.625 ,2.35835e-08 ,-2.08723 
986,24.65 ,2.22168e-08 ,-2.08886 
987,24.675 ,2.08791e-08 ,-2.09048 
988,24.7 ,1.95687e-08 ,-2.0921 
989,24.725 ,1.82839e-08 ,-2.09372 
990,24.75 ,1.7023e-08 ,-2.09533 
991,24.775 ,1.57844e-08 ,-2.09694 
992,24.8 ,1.45665e-08 ,-2.09855 
993,24.825 ,1.33677e-08 ,-2.10016 
994,24.85 ,1.21865e-08 ,-2.10176 
995,24.875 ,1.10212e-08 ,-2.10336 
996,24.9 ,9.87048e-09 ,-2.10495 
997,24.925 ,8.73272e-09 ,-2.10654 
998,24.95 ,7.60645e-09 ,-2.10813 
999,24.975 ,6.49022e-09 ,-2.10972 
1000,25 ,5.38253e-09 ,-2.1113 