N_e = 8
1,0.025 ,0.0329864 ,1.41148 
2,0.05 ,0.0329864 ,1.41145 
3,0.075 ,0.0329864 ,1.4114 
4,0.1 ,0.0439399 ,1.41133 
5,0.125 ,0.0548545 ,1.41124 
6,0.15 ,0.0657208 ,1.41112 
7,0.175 ,0.0765292 ,1.41099 
8,0.2 ,0.08727 ,1.41084 
9,0.225 ,0.097934 ,1.41066 
10,0.25 ,0.108512 ,1.41047 
11,0.275 ,0.118993 ,1.41025 
12,0.3 ,0.129371 ,1.41001 
13,0.325 ,0.139634 ,1.40976 
14,0.35 ,0.149774 ,1.40948 
15,0.375 ,0.159782 ,1.40918 
16,0.4 ,0.169649 ,1.40886 
17,0.425 ,0.179367 ,1.40852 
18,0.45 ,0.188927 ,1.40816 
19,0.475 ,0.198321 ,1.40778 
20,0.5 ,0.20754 ,1.40738 
21,0.525 ,0.216577 ,1.40695 
22,0.55 ,0.225424 ,1.40651 
23,0.575 ,0.234072 ,1.40605 
24,0.6 ,0.242515 ,1.40556 
25,0.625 ,0.250744 ,1.40506 
26,0.65 ,0.258754 ,1.40453 
27,0.675 ,0.266536 ,1.40399 
28,0.7 ,0.274084 ,1.40342 
29,0.725 ,0.281392 ,1.40284 
30,0.75 ,0.288453 ,1.40223 
31,0.775 ,0.295262 ,1.4016 
32,0.8 ,0.301812 ,1.40095 
33,0.825 ,0.308097 ,1.40028 
34,0.85 ,0.314114 ,1.39959 
35,0.875 ,0.319855 ,1.39888 
36,0.9 ,0.325316 ,1.39815 
37,0.925 ,0.330494 ,1.3974 
38,0.95 ,0.335383 ,1.39663 
39,0.975 ,0.339979 ,1.39583 
40,1 ,0.344278 ,1.39502 
41,1.025 ,0.348277 ,1.39419 
42,1.05 ,0.351973 ,1.39333 
43,1.075 ,0.355363 ,1.39246 
44,1.1 ,0.358443 ,1.39156 
45,1.125 ,0.361211 ,1.39064 
46,1.15 ,0.363666 ,1.38971 
47,1.175 ,0.365804 ,1.38875 
48,1.2 ,0.367625 ,1.38777 
49,1.225 ,0.369128 ,1.38677 
50,1.25 ,0.37031 ,1.38575 
51,1.275 ,0.371172 ,1.38471 
52,1.3 ,0.371712 ,1.38365 
53,1.325 ,0.371931 ,1.38257 
54,1.35 ,0.371829 ,1.38147 
55,1.375 ,0.371406 ,1.38035 
56,1.4 ,0.370662 ,1.3792 
57,1.425 ,0.369599 ,1.37804 
58,1.45 ,0.368217 ,1.37686 
59,1.475 ,0.366519 ,1.37565 
60,1.5 ,0.364506 ,1.37443 
61,1.525 ,0.362179 ,1.37318 
62,1.55 ,0.359542 ,1.37191 
63,1.575 ,0.356596 ,1.37063 
64,1.6 ,0.353345 ,1.36932 
65,1.625 ,0.349792 ,1.36799 
66,1.65 ,0.345939 ,1.36664 
67,1.675 ,0.341791 ,1.36527 
68,1.7 ,0.337352 ,1.36388 
69,1.725 ,0.332624 ,1.36247 
70,1.75 ,0.327614 ,1.36104 
71,1.775 ,0.322325 ,1.35959 
72,1.8 ,0.316762 ,1.35812 
73,1.825 ,0.31093 ,1.35662 
74,1.85 ,0.304835 ,1.35511 
75,1.875 ,0.298481 ,1.35358 
76,1.9 ,0.291875 ,1.35202 
77,1.925 ,0.285023 ,1.35045 
78,1.95 ,0.27793 ,1.34885 
79,1.975 ,0.270602 ,1.34723 
80,2 ,0.263047 ,1.3456 
81,2.025 ,0.25527 ,1.34394 
82,2.05 ,0.247279 ,1.34226 
83,2.075 ,0.239081 ,1.34056 
84,2.1 ,0.230682 ,1.33884 
85,2.125 ,0.22209 ,1.3371 
86,2.15 ,0.213313 ,1.33534 
87,2.175 ,0.204358 ,1.33356 
88,2.2 ,0.195232 ,1.33176 
89,2.225 ,0.185944 ,1.32993 
90,2.25 ,0.176502 ,1.32809 
91,2.275 ,0.166912 ,1.32623 
92,2.3 ,0.157185 ,1.32434 
93,2.325 ,0.147327 ,1.32244 
94,2.35 ,0.137348 ,1.32051 
95,2.375 ,0.127255 ,1.31857 
96,2.4 ,0.117058 ,1.3166 
97,2.425 ,0.106764 ,1.31461 
98,2.45 ,0.0963821 ,1.3126 
99,2.475 ,0.0859215 ,1.31058 
100,2.5 ,0.0753904 ,1.30853 
101,2.525 ,0.0647977 ,1.30646 
102,2.55 ,0.0541521 ,1.30437 
103,2.575 ,0.0434623 ,1.30226 
104,2.6 ,0.0327372 ,1.30013 
105,2.625 ,0.0219855 ,1.29797 
106,2.65 ,0.0112159 ,1.2958 
107,2.675 ,0.000437226 ,1.29361 
108,2.7 ,-0.0103418 ,1.29139 
109,2.725 ,-0.0211125 ,1.28916 
110,2.75 ,-0.0318661 ,1.2869 
111,2.775 ,-0.0425942 ,1.28463 
112,2.8 ,-0.053288 ,1.28233 
113,2.825 ,-0.0639391 ,1.28002 
114,2.85 ,-0.0745391 ,1.27768 
115,2.875 ,-0.0850796 ,1.27532 
116,2.9 ,-0.0955523 ,1.27294 
117,2.925 ,-0.105949 ,1.27054 
118,2.95 ,-0.116261 ,1.26812 
119,2.975 ,-0.126482 ,1.26568 
120,3 ,-0.136602 ,1.26322 
121,3.025 ,-0.146615 ,1.26074 
122,3.05 ,-0.156512 ,1.25824 
123,3.075 ,-0.166286 ,1.25571 
124,3.1 ,-0.175929 ,1.25317 
125,3.125 ,-0.185435 ,1.25061 
126,3.15 ,-0.194795 ,1.24802 
127,3.175 ,-0.204004 ,1.24542 
128,3.2 ,-0.213054 ,1.24279 
129,3.225 ,-0.221939 ,1.24015 
130,3.25 ,-0.230651 ,1.23748 
131,3.275 ,-0.239185 ,1.23479 
132,3.3 ,-0.247535 ,1.23208 
133,3.325 ,-0.255694 ,1.22936 
134,3.35 ,-0.263657 ,1.22661 
135,3.375 ,-0.271417 ,1.22384 
136,3.4 ,-0.27897 ,1.22105 
137,3.425 ,-0.28631 ,1.21823 
138,3.45 ,-0.293432 ,1.2154 
139,3.475 ,-0.300331 ,1.21255 
140,3.5 ,-0.307002 ,1.20968 
141,3.525 ,-0.313442 ,1.20678 
142,3.55 ,-0.319645 ,1.20387 
143,3.575 ,-0.325607 ,1.20094 
144,3.6 ,-0.331325 ,1.19798 
145,3.625 ,-0.336795 ,1.19501 
146,3.65 ,-0.342014 ,1.19201 
147,3.675 ,-0.346978 ,1.18899 
148,3.7 ,-0.351684 ,1.18595 
149,3.725 ,-0.356129 ,1.1829 
150,3.75 ,-0.360311 ,1.17982 
151,3.775 ,-0.364227 ,1.17672 
152,3.8 ,-0.367876 ,1.1736 
153,3.825 ,-0.371255 ,1.17046 
154,3.85 ,-0.374362 ,1.1673 
155,3.875 ,-0.377196 ,1.16411 
156,3.9 ,-0.379755 ,1.16091 
157,3.925 ,-0.382039 ,1.15769 
158,3.95 ,-0.384047 ,1.15445 
159,3.975 ,-0.385778 ,1.15118 
160,4 ,-0.387231 ,1.1479 
161,4.025 ,-0.388406 ,1.14459 
162,4.05 ,-0.389303 ,1.14127 
163,4.075 ,-0.389923 ,1.13792 
164,4.1 ,-0.390265 ,1.13455 
165,4.125 ,-0.390331 ,1.13116 
166,4.15 ,-0.390121 ,1.12776 
167,4.175 ,-0.389636 ,1.12433 
168,4.2 ,-0.388877 ,1.12088 
169,4.225 ,-0.387845 ,1.11741 
170,4.25 ,-0.386543 ,1.11392 
171,4.275 ,-0.384972 ,1.11041 
172,4.3 ,-0.383133 ,1.10687 
173,4.325 ,-0.38103 ,1.10332 
174,4.35 ,-0.378663 ,1.09975 
175,4.375 ,-0.376037 ,1.09616 
176,4.4 ,-0.373153 ,1.09254 
177,4.425 ,-0.370014 ,1.08891 
178,4.45 ,-0.366623 ,1.08525 
179,4.475 ,-0.362984 ,1.08158 
180,4.5 ,-0.359099 ,1.07788 
181,4.525 ,-0.354973 ,1.07416 
182,4.55 ,-0.350608 ,1.07042 
183,4.575 ,-0.346008 ,1.06667 
184,4.6 ,-0.341178 ,1.06289 
185,4.625 ,-0.336121 ,1.05909 
186,4.65 ,-0.330842 ,1.05527 
187,4.675 ,-0.325344 ,1.05143 
188,4.7 ,-0.319633 ,1.04757 
189,4.725 ,-0.313713 ,1.04368 
190,4.75 ,-0.307588 ,1.03978 
191,4.775 ,-0.301263 ,1.03586 
192,4.8 ,-0.294743 ,1.03191 
193,4.825 ,-0.288032 ,1.02795 
194,4.85 ,-0.281137 ,1.02396 
195,4.875 ,-0.274062 ,1.01996 
196,4.9 ,-0.266812 ,1.01593 
197,4.925 ,-0.259393 ,1.01189 
198,4.95 ,-0.25181 ,1.00782 
199,4.975 ,-0.244068 ,1.00373 
200,5 ,-0.236173 ,0.999623 
201,5.025 ,-0.228131 ,0.995494 
202,5.05 ,-0.219946 ,0.991345 
203,5.075 ,-0.211626 ,0.987174 
204,5.1 ,-0.203174 ,0.982984 
205,5.125 ,-0.194598 ,0.978772 
206,5.15 ,-0.185903 ,0.97454 
207,5.175 ,-0.177095 ,0.970288 
208,5.2 ,-0.168179 ,0.966014 
209,5.225 ,-0.159162 ,0.961721 
210,5.25 ,-0.150049 ,0.957406 
211,5.275 ,-0.140846 ,0.953071 
212,5.3 ,-0.131559 ,0.948716 
213,5.325 ,-0.122195 ,0.94434 
214,5.35 ,-0.112758 ,0.939943 
215,5.375 ,-0.103255 ,0.935526 
216,5.4 ,-0.0936914 ,0.931088 
217,5.425 ,-0.0840735 ,0.926629 
218,5.45 ,-0.0744069 ,0.92215 
219,5.475 ,-0.0646974 ,0.91765 
220,5.5 ,-0.0549508 ,0.91313 
221,5.525 ,-0.0451728 ,0.908589 
222,5.55 ,-0.0353692 ,0.904028 
223,5.575 ,-0.0255456 ,0.899446 
224,5.6 ,-0.0157076 ,0.894843 
225,5.625 ,-0.00586087 ,0.89022 
226,5.65 ,0.00398916 ,0.885576 
227,5.675 ,0.013837 ,0.880911 
228,5.7 ,0.0236772 ,0.876226 
229,5.725 ,0.0335044 ,0.871521 
230,5.75 ,0.0433134 ,0.866794 
231,5.775 ,0.053099 ,0.862048 
232,5.8 ,0.0628559 ,0.85728 
233,5.825 ,0.0725792 ,0.852492 
234,5.85 ,0.0822638 ,0.847684 
235,5.875 ,0.0919049 ,0.842854 
236,5.9 ,0.101497 ,0.838005 
237,5.925 ,0.111037 ,0.833134 
238,5.95 ,0.120519 ,0.828243 
239,5.975 ,0.129938 ,0.823332 
240,6 ,0.13929 ,0.818399 
241,6.025 ,0.148572 ,0.813447 
242,6.05 ,0.157777 ,0.808473 
243,6.075 ,0.166903 ,0.803479 
244,6.1 ,0.175945 ,0.798465 
245,6.125 ,0.1849 ,0.79343 
246,6.15 ,0.193762 ,0.788374 
247,6.175 ,0.202529 ,0.783298 
248,6.2 ,0.211198 ,0.778201 
249,6.225 ,0.219763 ,0.773083 
250,6.25 ,0.228222 ,0.767945 
251,6.275 ,0.236572 ,0.762786 
252,6.3 ,0.244809 ,0.757607 
253,6.325 ,0.25293 ,0.752407 
254,6.35 ,0.260932 ,0.747187 
255,6.375 ,0.268812 ,0.741946 
256,6.4 ,0.276567 ,0.736684 
257,6.425 ,0.284195 ,0.731402 
258,6.45 ,0.291694 ,0.726099 
259,6.475 ,0.29906 ,0.720775 
260,6.5 ,0.306291 ,0.715431 
261,6.525 ,0.313385 ,0.710067 
262,6.55 ,0.32034 ,0.704682 
263,6.575 ,0.327155 ,0.699276 
264,6.6 ,0.333826 ,0.693849 
265,6.625 ,0.340352 ,0.688402 
266,6.65 ,0.346732 ,0.682935 
267,6.675 ,0.352964 ,0.677447 
268,6.7 ,0.359047 ,0.671938 
269,6.725 ,0.364978 ,0.666408 
270,6.75 ,0.370758 ,0.660858 
271,6.775 ,0.376385 ,0.655288 
272,6.8 ,0.381857 ,0.649697 
273,6.825 ,0.387175 ,0.644085 
274,6.85 ,0.392336 ,0.638453 
275,6.875 ,0.397341 ,0.6328 
276,6.9 ,0.402189 ,0.627126 
277,6.925 ,0.40688 ,0.621432 
278,6.95 ,0.411412 ,0.615717 
279,6.975 ,0.415786 ,0.609982 
280,7 ,0.420001 ,0.604226 
281,7.025 ,0.424058 ,0.598449 
282,7.05 ,0.427956 ,0.592652 
283,7.075 ,0.431696 ,0.586835 
284,7.1 ,0.435278 ,0.580996 
285,7.125 ,0.438701 ,0.575138 
286,7.15 ,0.441967 ,0.569258 
287,7.175 ,0.445075 ,0.563358 
288,7.2 ,0.448027 ,0.557437 
289,7.225 ,0.450822 ,0.551496 
290,7.25 ,0.453463 ,0.545534 
291,7.275 ,0.455948 ,0.539552 
292,7.3 ,0.45828 ,0.533549 
293,7.325 ,0.460459 ,0.527525 
294,7.35 ,0.462487 ,0.521481 
295,7.375 ,0.464363 ,0.515416 
296,7.4 ,0.46609 ,0.509331 
297,7.425 ,0.467669 ,0.503225 
298,7.45 ,0.4691 ,0.497098 
299,7.475 ,0.470386 ,0.490951 
300,7.5 ,0.471527 ,0.484783 
301,7.525 ,0.472526 ,0.478595 
302,7.55 ,0.473383 ,0.472386 
303,7.575 ,0.474101 ,0.466156 
304,7.6 ,0.47468 ,0.459906 
305,7.625 ,0.475123 ,0.453635 
306,7.65 ,0.475431 ,0.447344 
307,7.675 ,0.475606 ,0.441032 
308,7.7 ,0.475651 ,0.434699 
309,7.725 ,0.475566 ,0.428346 
310,7.75 ,0.475353 ,0.421973 
311,7.775 ,0.475016 ,0.415578 
312,7.8 ,0.474555 ,0.409163 
313,7.825 ,0.473972 ,0.402728 
314,7.85 ,0.47327 ,0.396272 
315,7.875 ,0.472451 ,0.389795 
316,7.9 ,0.471517 ,0.383298 
317,7.925 ,0.47047 ,0.37678 
318,7.95 ,0.469313 ,0.370241 
319,7.975 ,0.468046 ,0.363682 
320,8 ,0.466673 ,0.357103 
321,8.025 ,0.465197 ,0.350502 
322,8.05 ,0.463618 ,0.343882 
323,8.075 ,0.461939 ,0.33724 
324,8.1 ,0.460163 ,0.330578 
325,8.125 ,0.458293 ,0.323896 
326,8.15 ,0.456329 ,0.317192 
327,8.175 ,0.454275 ,0.310469 
328,8.2 ,0.452132 ,0.303724 
329,8.225 ,0.449904 ,0.296959 
330,8.25 ,0.447593 ,0.290174 
331,8.275 ,0.4452 ,0.283367 
332,8.3 ,0.442728 ,0.276541 
333,8.325 ,0.44018 ,0.269693 
334,8.35 ,0.437558 ,0.262825 
335,8.375 ,0.434863 ,0.255937 
336,8.4 ,0.4321 ,0.249027 
337,8.425 ,0.429269 ,0.242098 
338,8.45 ,0.426373 ,0.235147 
339,8.475 ,0.423414 ,0.228176 
340,8.5 ,0.420395 ,0.221185 
341,8.525 ,0.417318 ,0.214173 
342,8.55 ,0.414185 ,0.20714 
343,8.575 ,0.410998 ,0.200087 
344,8.6 ,0.40776 ,0.193013 
345,8.625 ,0.404473 ,0.185918 
346,8.65 ,0.401138 ,0.178803 
347,8.675 ,0.397759 ,0.171668 
348,8.7 ,0.394338 ,0.164511 
349,8.725 ,0.390875 ,0.157334 
350,8.75 ,0.387375 ,0.150137 
351,8.775 ,0.383838 ,0.142919 
352,8.8 ,0.380266 ,0.13568 
353,8.825 ,0.376663 ,0.128421 
354,8.85 ,0.373029 ,0.121141 
355,8.875 ,0.369367 ,0.113841 
356,8.9 ,0.365678 ,0.10652 
357,8.925 ,0.361965 ,0.0991781 
358,8.95 ,0.35823 ,0.0918159 
359,8.975 ,0.354475 ,0.0844331 
360,9 ,0.3507 ,0.0770297 
361,9.025 ,0.346909 ,0.0696057 
362,9.05 ,0.343102 ,0.0621611 
363,9.075 ,0.339283 ,0.054696 
364,9.1 ,0.335451 ,0.0472102 
365,9.125 ,0.33161 ,0.0397038 
366,9.15 ,0.32776 ,0.0321768 
367,9.175 ,0.323904 ,0.0246293 
368,9.2 ,0.320043 ,0.0170611 
369,9.225 ,0.316179 ,0.0094724 
370,9.25 ,0.312312 ,0.00186306 
371,9.275 ,0.308446 ,-0.00576687 
372,9.3 ,0.30458 ,-0.0134174 
373,9.325 ,0.300717 ,-0.0210885 
374,9.35 ,0.296858 ,-0.0287802 
375,9.375 ,0.293004 ,-0.0364925 
376,9.4 ,0.289157 ,-0.0442254 
377,9.425 ,0.285318 ,-0.0519789 
378,9.45 ,0.281488 ,-0.059753 
379,9.475 ,0.277669 ,-0.0675477 
380,9.5 ,0.273861 ,-0.075363 
381,9.525 ,0.270066 ,-0.0831988 
382,9.55 ,0.266286 ,-0.0910553 
383,9.575 ,0.26252 ,-0.0989323 
384,9.6 ,0.258771 ,-0.10683 
385,9.625 ,0.255039 ,-0.114748 
386,9.65 ,0.251325 ,-0.122687 
387,9.675 ,0.247631 ,-0.130646 
388,9.7 ,0.243957 ,-0.138627 
389,9.725 ,0.240303 ,-0.146627 
390,9.75 ,0.236672 ,-0.154648 
391,9.775 ,0.233064 ,-0.16269 
392,9.8 ,0.22948 ,-0.170753 
393,9.825 ,0.22592 ,-0.178836 
394,9.85 ,0.222385 ,-0.186939 
395,9.875 ,0.218876 ,-0.195063 
396,9.9 ,0.215394 ,-0.203208 
397,9.925 ,0.211939 ,-0.211373 
398,9.95 ,0.208512 ,-0.219559 
399,9.975 ,0.205114 ,-0.227766 
400,10 ,0.201745 ,-0.235993 
401,10.025 ,0.198406 ,-0.244241 
402,10.05 ,0.195097 ,-0.252509 
403,10.075 ,0.191819 ,-0.260798 
404,10.1 ,0.188572 ,-0.269108 
405,10.125 ,0.185357 ,-0.277438 
406,10.15 ,0.182174 ,-0.285788 
407,10.175 ,0.179024 ,-0.29416 
408,10.2 ,0.175906 ,-0.302552 
409,10.225 ,0.172822 ,-0.310964 
410,10.25 ,0.169771 ,-0.319397 
411,10.275 ,0.166754 ,-0.327851 
412,10.3 ,0.163771 ,-0.336325 
413,10.325 ,0.160823 ,-0.344788 
414,10.35 ,0.15791 ,-0.35321 
415,10.375 ,0.155031 ,-0.361591 
416,10.4 ,0.152187 ,-0.369932 
417,10.425 ,0.149379 ,-0.378233 
418,10.45 ,0.146605 ,-0.386495 
419,10.475 ,0.143868 ,-0.394717 
420,10.5 ,0.141165 ,-0.402899 
421,10.525 ,0.138499 ,-0.411043 
422,10.55 ,0.135867 ,-0.419148 
423,10.575 ,0.133272 ,-0.427215 
424,10.6 ,0.130712 ,-0.435244 
425,10.625 ,0.128187 ,-0.443235 
426,10.65 ,0.125698 ,-0.451189 
427,10.675 ,0.123245 ,-0.459105 
428,10.7 ,0.120827 ,-0.466985 
429,10.725 ,0.118444 ,-0.474827 
430,10.75 ,0.116096 ,-0.482634 
431,10.775 ,0.113784 ,-0.490403 
432,10.8 ,0.111506 ,-0.498137 
433,10.825 ,0.109263 ,-0.505836 
434,10.85 ,0.107054 ,-0.513498 
435,10.875 ,0.10488 ,-0.521126 
436,10.9 ,0.10274 ,-0.528718 
437,10.925 ,0.100634 ,-0.536276 
438,10.95 ,0.0985613 ,-0.543799 
439,10.975 ,0.0965224 ,-0.551288 
440,11 ,0.0945168 ,-0.558743 
441,11.025 ,0.0925442 ,-0.566165 
442,11.05 ,0.0906043 ,-0.573552 
443,11.075 ,0.088697 ,-0.580906 
444,11.1 ,0.0868218 ,-0.588227 
445,11.125 ,0.0849785 ,-0.595516 
446,11.15 ,0.0831669 ,-0.602771 
447,11.175 ,0.0813866 ,-0.609994 
448,11.2 ,0.0796373 ,-0.617185 
449,11.225 ,0.0779187 ,-0.624344 
450,11.25 ,0.0762306 ,-0.631471 
451,11.275 ,0.0745725 ,-0.638566 
452,11.3 ,0.0729442 ,-0.64563 
453,11.325 ,0.0713453 ,-0.652663 
454,11.35 ,0.0697755 ,-0.659665 
455,11.375 ,0.0682345 ,-0.666636 
456,11.4 ,0.0667219 ,-0.673576 
457,11.425 ,0.0652375 ,-0.680486 
458,11.45 ,0.0637807 ,-0.687366 
459,11.475 ,0.0623514 ,-0.694216 
460,11.5 ,0.0609491 ,-0.701036 
461,11.525 ,0.0595735 ,-0.707826 
462,11.55 ,0.0582243 ,-0.714588 
463,11.575 ,0.0569011 ,-0.72132 
464,11.6 ,0.0556035 ,-0.728022 
465,11.625 ,0.0543312 ,-0.734697 
466,11.65 ,0.0530839 ,-0.741342 
467,11.675 ,0.0518612 ,-0.747959 
468,11.7 ,0.0506627 ,-0.754548 
469,11.725 ,0.0494881 ,-0.761108 
470,11.75 ,0.048337 ,-0.767641 
471,11.775 ,0.0472092 ,-0.774146 
472,11.8 ,0.0461041 ,-0.780623 
473,11.825 ,0.0450216 ,-0.787073 
474,11.85 ,0.0439612 ,-0.793496 
475,11.875 ,0.0429227 ,-0.799892 
476,11.9 ,0.0419056 ,-0.806261 
477,11.925 ,0.0409096 ,-0.812603 
478,11.95 ,0.0399343 ,-0.818918 
479,11.975 ,0.0389795 ,-0.825208 
480,12 ,0.0380449 ,-0.831471 
481,12.025 ,0.03713 ,-0.837708 
482,12.05 ,0.0362345 ,-0.843919 
483,12.075 ,0.0353581 ,-0.850104 
484,12.1 ,0.0345006 ,-0.856264 
485,12.125 ,0.0336615 ,-0.862399 
486,12.15 ,0.0328405 ,-0.868508 
487,12.175 ,0.0320374 ,-0.874592 
488,12.2 ,0.0312517 ,-0.880651 
489,12.225 ,0.0304833 ,-0.886685 
490,12.25 ,0.0297318 ,-0.892695 
491,12.275 ,0.0289969 ,-0.898681 
492,12.3 ,0.0282782 ,-0.904641 
493,12.325 ,0.0275755 ,-0.910578 
494,12.35 ,0.0268886 ,-0.916491 
495,12.375 ,0.026217 ,-0.92238 
496,12.4 ,0.0255605 ,-0.928245 
497,12.425 ,0.0249189 ,-0.934086 
498,12.45 ,0.0242918 ,-0.939904 
499,12.475 ,0.023679 ,-0.945699 
500,12.5 ,0.0230802 ,-0.951471 
501,12.525 ,0.0224951 ,-0.957219 
502,12.55 ,0.0219235 ,-0.962945 
503,12.575 ,0.0213651 ,-0.968648 
504,12.6 ,0.0208196 ,-0.974328 
505,12.625 ,0.0202868 ,-0.979986 
506,12.65 ,0.0197664 ,-0.985621 
507,12.675 ,0.0192582 ,-0.991234 
508,12.7 ,0.0187619 ,-0.996825 
509,12.725 ,0.0182773 ,-1.00239 
510,12.75 ,0.0178041 ,-1.00794 
511,12.775 ,0.0173422 ,-1.01347 
512,12.8 ,0.0168913 ,-1.01897 
513,12.825 ,0.0164511 ,-1.02445 
514,12.85 ,0.0160214 ,-1.02991 
515,12.875 ,0.0156021 ,-1.03535 
516,12.9 ,0.0151929 ,-1.04077 
517,12.925 ,0.0147935 ,-1.04617 
518,12.95 ,0.0144038 ,-1.05155 
519,12.975 ,0.0140236 ,-1.0569 
520,13 ,0.0136526 ,-1.06224 
521,13.025 ,0.0132908 ,-1.06756 
522,13.05 ,0.0129377 ,-1.07285 
523,13.075 ,0.0125934 ,-1.07812 
524,13.1 ,0.0122575 ,-1.08338 
525,13.125 ,0.01193 ,-1.08861 
526,13.15 ,0.0116105 ,-1.09383 
527,13.175 ,0.011299 ,-1.09902 
528,13.2 ,0.0109953 ,-1.1042 
529,13.225 ,0.0106991 ,-1.10935 
530,13.25 ,0.0104104 ,-1.11449 
531,13.275 ,0.0101289 ,-1.11961 
532,13.3 ,0.00985449 ,-1.1247 
533,13.325 ,0.00958702 ,-1.12978 
534,13.35 ,0.00932632 ,-1.13484 
535,13.375 ,0.00907223 ,-1.13988 
536,13.4 ,0.00882461 ,-1.1449 
537,13.425 ,0.00858331 ,-1.14991 
538,13.45 ,0.00834817 ,-1.15489 
539,13.475 ,0.00811905 ,-1.15986 
540,13.5 ,0.00789583 ,-1.1648 
541,13.525 ,0.00767835 ,-1.16973 
542,13.55 ,0.00746648 ,-1.17464 
543,13.575 ,0.0072601 ,-1.17954 
544,13.6 ,0.00705907 ,-1.18441 
545,13.625 ,0.00686327 ,-1.18927 
546,13.65 ,0.00667256 ,-1.19411 
547,13.675 ,0.00648684 ,-1.19893 
548,13.7 ,0.00630598 ,-1.20373 
549,13.725 ,0.00612986 ,-1.20852 
550,13.75 ,0.00595838 ,-1.21329 
551,13.775 ,0.00579141 ,-1.21804 
552,13.8 ,0.00562885 ,-1.22278 
553,13.825 ,0.00547059 ,-1.22749 
554,13.85 ,0.00531653 ,-1.23219 
555,13.875 ,0.00516656 ,-1.23688 
556,13.9 ,0.00502059 ,-1.24154 
557,13.925 ,0.00487851 ,-1.24619 
558,13.95 ,0.00474024 ,-1.25083 
559,13.975 ,0.00460567 ,-1.25544 
560,14 ,0.00447471 ,-1.26004 
561,14.025 ,0.00434728 ,-1.26463 
562,14.05 ,0.00422329 ,-1.26919 
563,14.075 ,0.00410264 ,-1.27374 
564,14.1 ,0.00398526 ,-1.27828 
565,14.125 ,0.00387107 ,-1.2828 
566,14.15 ,0.00375997 ,-1.2873 
567,14.175 ,0.00365191 ,-1.29179 
568,14.2 ,0.00354679 ,-1.29626 
569,14.225 ,0.00344455 ,-1.30072 
570,14.25 ,0.0033451 ,-1.30515 
571,14.275 ,0.00324839 ,-1.30958 
572,14.3 ,0.00315433 ,-1.31399 
573,14.325 ,0.00306287 ,-1.31838 
574,14.35 ,0.00297393 ,-1.32276 
575,14.375 ,0.00288744 ,-1.32712 
576,14.4 ,0.00280336 ,-1.33147 
577,14.425 ,0.0027216 ,-1.3358 
578,14.45 ,0.00264212 ,-1.34012 
579,14.475 ,0.00256485 ,-1.34442 
580,14.5 ,0.00248974 ,-1.34871 
581,14.525 ,0.00241672 ,-1.35299 
582,14.55 ,0.00234575 ,-1.35724 
583,14.575 ,0.00227677 ,-1.36149 
584,14.6 ,0.00220973 ,-1.36572 
585,14.625 ,0.00214457 ,-1.36993 
586,14.65 ,0.00208125 ,-1.37413 
587,14.675 ,0.00201971 ,-1.37832 
588,14.7 ,0.00195992 ,-1.38249 
589,14.725 ,0.00190182 ,-1.38665 
590,14.75 ,0.00184537 ,-1.39079 
591,14.775 ,0.00179052 ,-1.39492 
592,14.8 ,0.00173723 ,-1.39904 
593,14.825 ,0.00168547 ,-1.40314 
594,14.85 ,0.00163518 ,-1.40723 
595,14.875 ,0.00158633 ,-1.4113 
596,14.9 ,0.00153887 ,-1.41536 
597,14.925 ,0.00149278 ,-1.41941 
598,14.95 ,0.00144802 ,-1.42344 
599,14.975 ,0.00140454 ,-1.42746 
600,15 ,0.00136232 ,-1.43147 
601,15.025 ,0.00132131 ,-1.43546 
602,15.05 ,0.00128149 ,-1.43944 
603,15.075 ,0.00124282 ,-1.44341 
604,15.1 ,0.00120528 ,-1.44736 
605,15.125 ,0.00116882 ,-1.45131 
606,15.15 ,0.00113343 ,-1.45523 
607,15.175 ,0.00109906 ,-1.45915 
608,15.2 ,0.0010657 ,-1.46305 
609,15.225 ,0.00103331 ,-1.46694 
610,15.25 ,0.00100187 ,-1.47081 
611,15.275 ,0.000971354 ,-1.47468 
612,15.3 ,0.000941731 ,-1.47853 
613,15.325 ,0.000912978 ,-1.48237 
614,15.35 ,0.00088507 ,-1.48619 
615,15.375 ,0.000857985 ,-1.49001 
616,15.4 ,0.000831699 ,-1.49381 
617,15.425 ,0.000806189 ,-1.4976 
618,15.45 ,0.000781434 ,-1.50137 
619,15.475 ,0.000757413 ,-1.50514 
620,15.5 ,0.000734104 ,-1.50889 
621,15.525 ,0.000711487 ,-1.51263 
622,15.55 ,0.000689543 ,-1.51636 
623,15.575 ,0.000668252 ,-1.52007 
624,15.6 ,0.000647597 ,-1.52378 
625,15.625 ,0.000627558 ,-1.52747 
626,15.65 ,0.000608118 ,-1.53115 
627,15.675 ,0.000589261 ,-1.53482 
628,15.7 ,0.000570968 ,-1.53848 
629,15.725 ,0.000553225 ,-1.54212 
630,15.75 ,0.000536015 ,-1.54576 
631,15.775 ,0.000519323 ,-1.54938 
632,15.8 ,0.000503134 ,-1.55299 
633,15.825 ,0.000487433 ,-1.55659 
634,15.85 ,0.000472206 ,-1.56018 
635,15.875 ,0.00045744 ,-1.56375 
636,15.9 ,0.000443121 ,-1.56732 
637,15.925 ,0.000429236 ,-1.57087 
638,15.95 ,0.000415772 ,-1.57442 
639,15.975 ,0.000402718 ,-1.57795 
640,16 ,0.000390061 ,-1.58147 
641,16.025 ,0.000377789 ,-1.58498 
642,16.05 ,0.000365892 ,-1.58848 
643,16.075 ,0.000354358 ,-1.59197 
644,16.1 ,0.000343177 ,-1.59545 
645,16.125 ,0.000332337 ,-1.59891 
646,16.15 ,0.00032183 ,-1.60237 
647,16.175 ,0.000311646 ,-1.60581 
648,16.2 ,0.000301774 ,-1.60925 
649,16.225 ,0.000292205 ,-1.61267 
650,16.25 ,0.000282931 ,-1.61609 
651,16.275 ,0.000273943 ,-1.61949 
652,16.3 ,0.000265233 ,-1.62288 
653,16.325 ,0.000256791 ,-1.62626 
654,16.35 ,0.00024861 ,-1.62964 
655,16.375 ,0.000240683 ,-1.633 
656,16.4 ,0.000233001 ,-1.63635 
657,16.425 ,0.000225558 ,-1.63969 
658,16.45 ,0.000218345 ,-1.64302 
659,16.475 ,0.000211357 ,-1.64634 
660,16.5 ,0.000204587 ,-1.64965 
661,16.525 ,0.000198027 ,-1.65295 
662,16.55 ,0.000191672 ,-1.65624 
663,16.575 ,0.000185515 ,-1.65953 
664,16.6 ,0.000179551 ,-1.6628 
665,16.625 ,0.000173774 ,-1.66606 
666,16.65 ,0.000168177 ,-1.66931 
667,16.675 ,0.000162756 ,-1.67255 
668,16.7 ,0.000157505 ,-1.67578 
669,16.725 ,0.000152419 ,-1.679 
670,16.75 ,0.000147493 ,-1.68222 
671,16.775 ,0.000142722 ,-1.68542 
672,16.8 ,0.000138101 ,-1.68861 
673,16.825 ,0.000133627 ,-1.6918 
674,16.85 ,0.000129293 ,-1.69497 
675,16.875 ,0.000125097 ,-1.69814 
676,16.9 ,0.000121033 ,-1.70129 
677,16.925 ,0.000117098 ,-1.70444 
678,16.95 ,0.000113287 ,-1.70758 
679,16.975 ,0.000109598 ,-1.7107 
680,17 ,0.000106026 ,-1.71382 
681,17.025 ,0.000102567 ,-1.71693 
682,17.05 ,9.92186e-05 ,-1.72003 
683,17.075 ,9.59767e-05 ,-1.72313 
684,17.1 ,9.28381e-05 ,-1.72621 
685,17.125 ,8.97998e-05 ,-1.72928 
686,17.15 ,8.68585e-05 ,-1.73235 
687,17.175 ,8.40113e-05 ,-1.7354 
688,17.2 ,8.12551e-05 ,-1.73845 
689,17.225 ,7.85873e-05 ,-1.74149 
690,17.25 ,7.60051e-05 ,-1.74451 
691,17.275 ,7.35057e-05 ,-1.74753 
692,17.3 ,7.10865e-05 ,-1.75055 
693,17.325 ,6.87452e-05 ,-1.75355 
694,17.35 ,6.64792e-05 ,-1.75654 
695,17.375 ,6.42863e-05 ,-1.75953 
696,17.4 ,6.2164e-05 ,-1.76251 
697,17.425 ,6.01102e-05 ,-1.76547 
698,17.45 ,5.81227e-05 ,-1.76843 
699,17.475 ,5.61995e-05 ,-1.77138 
700,17.5 ,5.43385e-05 ,-1.77433 
701,17.525 ,5.25377e-05 ,-1.77726 
702,17.55 ,5.07954e-05 ,-1.78019 
703,17.575 ,4.91095e-05 ,-1.78311 
704,17.6 ,4.74784e-05 ,-1.78602 
705,17.625 ,4.59003e-05 ,-1.78892 
706,17.65 ,4.43735e-05 ,-1.79181 
707,17.675 ,4.28964e-05 ,-1.7947 
708,17.7 ,4.14674e-05 ,-1.79757 
709,17.725 ,4.0085e-05 ,-1.80044 
710,17.75 ,3.87478e-05 ,-1.8033 
711,17.775 ,3.74542e-05 ,-1.80615 
712,17.8 ,3.62028e-05 ,-1.809 
713,17.825 ,3.49925e-05 ,-1.81184 
714,17.85 ,3.38217e-05 ,-1.81466 
715,17.875 ,3.26893e-05 ,-1.81748 
716,17.9 ,3.15941e-05 ,-1.8203 
717,17.925 ,3.05348e-05 ,-1.8231 
718,17.95 ,2.95103e-05 ,-1.8259 
719,17.975 ,2.85194e-05 ,-1.82869 
720,18 ,2.75612e-05 ,-1.83147 
721,18.025 ,2.66345e-05 ,-1.83424 
722,18.05 ,2.57384e-05 ,-1.83701 
723,18.075 ,2.48718e-05 ,-1.83977 
724,18.1 ,2.40338e-05 ,-1.84252 
725,18.125 ,2.32235e-05 ,-1.84526 
726,18.15 ,2.244e-05 ,-1.848 
727,18.175 ,2.16824e-05 ,-1.85073 
728,18.2 ,2.09499e-05 ,-1.85345 
729,18.225 ,2.02416e-05 ,-1.85616 
730,18.25 ,1.95568e-05 ,-1.85887 
731,18.275 ,1.88948e-05 ,-1.86157 
732,18.3 ,1.82547e-05 ,-1.86426 
733,18.325 ,1.7636e-05 ,-1.86694 
734,18.35 ,1.70378e-05 ,-1.86962 
735,18.375 ,1.64595e-05 ,-1.87229 
736,18.4 ,1.59004e-05 ,-1.87495 
737,18.425 ,1.536e-05 ,-1.8776 
738,18.45 ,1.48377e-05 ,-1.88025 
739,18.475 ,1.43327e-05 ,-1.88289 
740,18.5 ,1.38447e-05 ,-1.88552 
741,18.525 ,1.33729e-05 ,-1.88815 
742,18.55 ,1.2917e-05 ,-1.89077 
743,18.575 ,1.24763e-05 ,-1.89338 
744,18.6 ,1.20503e-05 ,-1.89599 
745,18.625 ,1.16387e-05 ,-1.89858 
746,18.65 ,1.12408e-05 ,-1.90118 
747,18.675 ,1.08564e-05 ,-1.90376 
748,18.7 ,1.04848e-05 ,-1.90634 
749,18.725 ,1.01257e-05 ,-1.90891 
750,18.75 ,9.77873e-06 ,-1.91147 
751,18.775 ,9.44343e-06 ,-1.91403 
752,18.8 ,9.11942e-06 ,-1.91658 
753,18.825 ,8.80634e-06 ,-1.91912 
754,18.85 ,8.50382e-06 ,-1.92166 
755,18.875 ,8.21152e-06 ,-1.92419 
756,18.9 ,7.92909e-06 ,-1.92671 
757,18.925 ,7.65621e-06 ,-1.92923 
758,18.95 ,7.39256e-06 ,-1.93173 
759,18.975 ,7.13784e-06 ,-1.93424 
760,19 ,6.89175e-06 ,-1.93673 
761,19.025 ,6.654e-06 ,-1.93922 
762,19.05 ,6.42432e-06 ,-1.94171 
763,19.075 ,6.20244e-06 ,-1.94418 
764,19.1 ,5.98809e-06 ,-1.94665 
765,19.125 ,5.78103e-06 ,-1.94912 
766,19.15 ,5.58101e-06 ,-1.95158 
767,19.175 ,5.3878e-06 ,-1.95403 
768,19.2 ,5.20117e-06 ,-1.95647 
769,19.225 ,5.0209e-06 ,-1.95891 
770,19.25 ,4.84677e-06 ,-1.96134 
771,19.275 ,4.67859e-06 ,-1.96377 
772,19.3 ,4.51616e-06 ,-1.96619 
773,19.325 ,4.35927e-06 ,-1.9686 
774,19.35 ,4.20775e-06 ,-1.97101 
775,19.375 ,4.06141e-06 ,-1.97341 
776,19.4 ,3.92008e-06 ,-1.9758 
777,19.425 ,3.78359e-06 ,-1.97819 
778,19.45 ,3.65178e-06 ,-1.98057 
779,19.475 ,3.52449e-06 ,-1.98295 
780,19.5 ,3.40157e-06 ,-1.98532 
781,19.525 ,3.28287e-06 ,-1.98768 
782,19.55 ,3.16825e-06 ,-1.99004 
783,19.575 ,3.05757e-06 ,-1.99239 
784,19.6 ,2.9507e-06 ,-1.99474 
785,19.625 ,2.84751e-06 ,-1.99708 
786,19.65 ,2.74787e-06 ,-1.99941 
787,19.675 ,2.65167e-06 ,-2.00174 
788,19.7 ,2.55878e-06 ,-2.00406 
789,19.725 ,2.4691e-06 ,-2.00638 
790,19.75 ,2.38252e-06 ,-2.00869 
791,19.775 ,2.29892e-06 ,-2.01099 
792,19.8 ,2.21822e-06 ,-2.01329 
793,19.825 ,2.14031e-06 ,-2.01558 
794,19.85 ,2.06509e-06 ,-2.01787 
795,19.875 ,1.99248e-06 ,-2.02015 
796,19.9 ,1.92239e-06 ,-2.02243 
797,19.925 ,1.85473e-06 ,-2.0247 
798,19.95 ,1.78941e-06 ,-2.02696 
799,19.975 ,1.72636e-06 ,-2.02922 
800,20 ,1.6655e-06 ,-2.03147 
801,20.025 ,1.60675e-06 ,-2.03372 
802,20.05 ,1.55005e-06 ,-2.03596 
803,20.075 ,1.49532e-06 ,-2.0382 
804,20.1 ,1.44249e-06 ,-2.04043 
805,20.125 ,1.39151e-06 ,-2.04265 
806,20.15 ,1.3423e-06 ,-2.04487 
807,20.175 ,1.29481e-06 ,-2.04708 
808,20.2 ,1.24897e-06 ,-2.04929 
809,20.225 ,1.20473e-06 ,-2.0515 
810,20.25 ,1.16204e-06 ,-2.05369 
811,20.275 ,1.12084e-06 ,-2.05589 
812,20.3 ,1.08108e-06 ,-2.05807 
813,20.325 ,1.04271e-06 ,-2.06025 
814,20.35 ,1.00569e-06 ,-2.06243 
815,20.375 ,9.69956e-07 ,-2.0646 
816,20.4 ,9.35478e-07 ,-2.06676 
817,20.425 ,9.02209e-07 ,-2.06892 
818,20.45 ,8.70106e-07 ,-2.07108 
819,20.475 ,8.3913e-07 ,-2.07323 
820,20.5 ,8.09241e-07 ,-2.07537 
821,20.525 ,7.80401e-07 ,-2.07751 
822,20.55 ,7.52576e-07 ,-2.07965 
823,20.575 ,7.25728e-07 ,-2.08177 
824,20.6 ,6.99825e-07 ,-2.0839 
825,20.625 ,6.74834e-07 ,-2.08602 
826,20.65 ,6.50722e-07 ,-2.08813 
827,20.675 ,6.2746e-07 ,-2.09024 
828,20.7 ,6.05017e-07 ,-2.09234 
829,20.725 ,5.83366e-07 ,-2.09444 
830,20.75 ,5.62479e-07 ,-2.09653 
831,20.775 ,5.42328e-07 ,-2.09862 
832,20.8 ,5.22889e-07 ,-2.1007 
833,20.825 ,5.04137e-07 ,-2.10278 
834,20.85 ,4.86047e-07 ,-2.10485 
835,20.875 ,4.68597e-07 ,-2.10692 
836,20.9 ,4.51764e-07 ,-2.10898 
837,20.925 ,4.35526e-07 ,-2.11104 
838,20.95 ,4.19863e-07 ,-2.11309 
839,20.975 ,4.04755e-07 ,-2.11514 
840,21 ,3.90181e-07 ,-2.11719 
841,21.025 ,3.76124e-07 ,-2.11922 
842,21.05 ,3.62566e-07 ,-2.12126 
843,21.075 ,3.49488e-07 ,-2.12329 
844,21.1 ,3.36874e-07 ,-2.12531 
845,21.125 ,3.24707e-07 ,-2.12733 
846,21.15 ,3.12972e-07 ,-2.12934 
847,21.175 ,3.01654e-07 ,-2.13135 
848,21.2 ,2.90738e-07 ,-2.13336 
849,21.225 ,2.80209e-07 ,-2.13536 
850,21.25 ,2.70055e-07 ,-2.13735 
851,21.275 ,2.60261e-07 ,-2.13934 
852,21.3 ,2.50815e-07 ,-2.14133 
853,21.325 ,2.41705e-07 ,-2.14331 
854,21.35 ,2.32918e-07 ,-2.14529 
855,21.375 ,2.24444e-07 ,-2.14726 
856,21.4 ,2.16272e-07 ,-2.14923 
857,21.425 ,2.08389e-07 ,-2.15119 
858,21.45 ,2.00787e-07 ,-2.15315 
859,21.475 ,1.93456e-07 ,-2.1551 
860,21.5 ,1.86385e-07 ,-2.15705 
861,21.525 ,1.79565e-07 ,-2.159 
862,21.55 ,1.72987e-07 ,-2.16094 
863,21.575 ,1.66643e-07 ,-2.16287 
864,21.6 ,1.60525e-07 ,-2.1648 
865,21.625 ,1.54623e-07 ,-2.16673 
866,21.65 ,1.48931e-07 ,-2.16865 
867,21.675 ,1.43441e-07 ,-2.17057 
868,21.7 ,1.38146e-07 ,-2.17248 
869,21.725 ,1.33038e-07 ,-2.17439 
870,21.75 ,1.28111e-07 ,-2.1763 
871,21.775 ,1.23358e-07 ,-2.1782 
872,21.8 ,1.18773e-07 ,-2.18009 
873,21.825 ,1.1435e-07 ,-2.18199 
874,21.85 ,1.10083e-07 ,-2.18387 
875,21.875 ,1.05967e-07 ,-2.18576 
876,21.9 ,1.01995e-07 ,-2.18764 
877,21.925 ,9.81623e-08 ,-2.18951 
878,21.95 ,9.44641e-08 ,-2.19138 
879,21.975 ,9.08954e-08 ,-2.19325 
880,22 ,8.74513e-08 ,-2.19511 
881,22.025 ,8.41271e-08 ,-2.19696 
882,22.05 ,8.09185e-08 ,-2.19882 
883,22.075 ,7.78211e-08 ,-2.20067 
884,22.1 ,7.48308e-08 ,-2.20251 
885,22.125 ,7.19434e-08 ,-2.20435 
886,22.15 ,6.91552e-08 ,-2.20619 
887,22.175 ,6.64624e-08 ,-2.20802 
888,22.2 ,6.38613e-08 ,-2.20985 
889,22.225 ,6.13484e-08 ,-2.21167 
890,22.25 ,5.89203e-08 ,-2.21349 
891,22.275 ,5.65738e-08 ,-2.21531 
892,22.3 ,5.43055e-08 ,-2.21712 
893,22.325 ,5.21126e-08 ,-2.21893 
894,22.35 ,4.99919e-08 ,-2.22073 
895,22.375 ,4.79406e-08 ,-2.22253 
896,22.4 ,4.59559e-08 ,-2.22433 
897,22.425 ,4.40351e-08 ,-2.22612 
898,22.45 ,4.21756e-08 ,-2.22791 
899,22.475 ,4.03748e-08 ,-2.22969 
900,22.5 ,3.86303e-08 ,-2.23147 
901,22.525 ,3.69397e-08 ,-2.23325 
902,22.55 ,3.53006e-08 ,-2.23502 
903,22.575 ,3.37109e-08 ,-2.23679 
904,22.6 ,3.21683e-08 ,-2.23855 
905,22.625 ,3.06707e-08 ,-2.24031 
906,22.65 ,2.9216e-08 ,-2.24207 
907,22.675 ,2.78023e-08 ,-2.24382 
908,22.7 ,2.64276e-08 ,-2.24557 
909,22.725 ,2.509e-08 ,-2.24731 
910,22.75 ,2.37876e-08 ,-2.24905 
911,22.775 ,2.25186e-08 ,-2.25079 
912,22.8 ,2.12814e-08 ,-2.25252 
913,22.825 ,2.00741e-08 ,-2.25425 
914,22.85 ,1.88951e-08 ,-2.25598 
915,22.875 ,1.77427e-08 ,-2.2577 
916,22.9 ,1.66154e-08 ,-2.25942 
917,22.925 ,1.55115e-08 ,-2.26113 
918,22.95 ,1.44296e-08 ,-2.26284 
919,22.975 ,1.33681e-08 ,-2.26455 
920,23 ,1.23255e-08 ,-2.26625 
921,23.025 ,1.13004e-08 ,-2.26795 
922,23.05 ,1.02912e-08 ,-2.26965 
923,23.075 ,9.29671e-09 ,-2.27134 
924,23.1 ,8.31539e-09 ,-2.27303 
925,23.125 ,7.34588e-09 ,-2.27471 
926,23.15 ,6.38681e-09 ,-2.2764 
927,23.175 ,5.43684e-09 ,-2.27807 
928,23.2 ,4.49461e-09 ,-2.27975 
929,23.225 ,3.55878e-09 ,-2.28142 
930,23.25 ,2.62802e-09 ,-2.28308 
931,23.275 ,1.70102e-09 ,-2.28475 
932,23.3 ,7.76443e-10 ,-2.28641 
933,23.325 ,-1.47023e-10 ,-2.28806 
934,23.35 ,-1.0707e-09 ,-2.28971 
935,23.375 ,-1.99591e-09 ,-2.29136 
936,23.4 ,-2.92397e-09 ,-2.29301 
937,23.425 ,-3.85623e-09 ,-2.29465 
938,23.45 ,-4.79402e-09 ,-2.29629 
939,23.475 ,-5.73869e-09 ,-2.29792 
940,23.5 ,-6.69161e-09 ,-2.29956 
941,23.525 ,-7.65414e-09 ,-2.30118 
942,23.55 ,-8.62768e-09 ,-2.30281 
943,23.575 ,-9.61365e-09 ,-2.30443 
944,23.6 ,-1.06135e-08 ,-2.30605 
945,23.625 ,-1.16286e-08 ,-2.30766 
946,23.65 ,-1.26604e-08 ,-2.30927 
947,23.675 ,-1.37106e-08 ,-2.31088 
948,23.7 ,-1.47806e-08 ,-2.31248 
949,23.725 ,-1.58719e-08 ,-2.31408 
950,23.75 ,-1.69862e-08 ,-2.31568 
951,23.775 ,-1.81251e-08 ,-2.31728 
952,23.8 ,-1.92902e-08 ,-2.31887 
953,23.825 ,-2.04833e-08 ,-2.32045 
954,23.85 ,-2.17061e-08 ,-2.32204 
955,23.875 ,-2.29604e-08 ,-2.32362 
956,23.9 ,-2.4248e-08 ,-2.32519 
957,23.925 ,-2.55709e-08 ,-2.32677 
958,23.95 ,-2.6931e-08 ,-2.32834 
959,23.975 ,-2.83303e-08 ,-2.32991 
960,24 ,-2.97708e-08 ,-2.33147 
961,24.025 ,-3.12548e-08 ,-2.33303 
962,24.05 ,-3.27843e-08 ,-2.33459 
963,24.075 ,-3.43616e-08 ,-2.33614 
964,24.1 ,-3.59891e-08 ,-2.33769 
965,24.125 ,-3.76693e-08 ,-2.33924 
966,24.15 ,-3.94045e-08 ,-2.34079 
967,24.175 ,-4.11973e-08 ,-2.34233 
968,24.2 ,-4.30505e-08 ,-2.34387 
969,24.225 ,-4.49667e-08 ,-2.3454 
970,24.25 ,-4.69489e-08 ,-2.34693 
971,24.275 ,-4.89999e-08 ,-2.34846 
972,24.3 ,-5.11229e-08 ,-2.34999 
973,24.325 ,-5.3321e-08 ,-2.35151 
974,24.35 ,-5.55974e-08 ,-2.35303 
975,24.375 ,-5.79556e-08 ,-2.35455 
976,24.4 ,-6.03992e-08 ,-2.35606 
977,24.425 ,-6.29316e-08 ,-2.35757 
978,24.45 ,-6.55568e-08 ,-2.35908 
979,24.475 ,-6.82787e-08 ,-2.36058 
980,24.5 ,-7.11013e-08 ,-2.36208 
981,24.525 ,-7.40289e-08 ,-2.36358 
982,24.55 ,-7.70659e-08 ,-2.36508 
983,24.575 ,-8.02168e-08 ,-2.36657 
984,24.6 ,-8.34864e-08 ,-2.36806 
985,24.625 ,-8.68796e-08 ,-2.36954 
986,24.65 ,-9.04014e-08 ,-2.37102 
987,24.675 ,-9.40572e-08 ,-2.3725 
988,24.7 ,-9.78525e-08 ,-2.37398 
989,24.725 ,-1.01793e-07 ,-2.37545 
990,24.75 ,-1.05885e-07 ,-2.37693 
991,24.775 ,-1.10134e-07 ,-2.37839 
992,24.8 ,-1.14546e-07 ,-2.37986 
993,24.825 ,-1.1913e-07 ,-2.38132 
994,24.85 ,-1.2389e-07 ,-2.38278 
995,24.875 ,-1.28835e-07 ,-2.38423 
996,24.9 ,-1.33972e-07 ,-2.38569 
997,24.925 ,-1.39309e-07 ,-2.38714 
998,24.95 ,-1.44853e-07 ,-2.38858 
999,24.975 ,-1.50614e-07 ,-2.39003 
1000,25 ,-1.566e-07 ,-2.39147 