N_e = 26
1,0.02 ,0.000371688 ,-4991.74 
2,0.04 ,0.000371688 ,-1241.74 
3,0.06 ,0.00050457 ,-547.299 
4,0.08 ,0.000655125 ,-304.247 
5,0.1 ,0.000810329 ,-191.747 
6,0.12 ,0.000966905 ,-130.641 
7,0.14 ,0.00112365 ,-93.7924 
8,0.16 ,0.00127998 ,-69.8806 
9,0.18 ,0.00143555 ,-53.4835 
10,0.2 ,0.00159013 ,-41.7668 
11,0.22 ,0.00174353 ,-33.0882 
12,0.24 ,0.00189558 ,-26.5002 
13,0.26 ,0.00204614 ,-21.3625 
14,0.28 ,0.00219508 ,-17.2987 
15,0.3 ,0.00234227 ,-14.009 
16,0.32 ,0.00248758 ,-11.3375 
17,0.34 ,0.00263091 ,-9.10513 
18,0.36 ,0.00277213 ,-7.25618 
19,0.38 ,0.00291116 ,-5.67186 
20,0.4 ,0.00304786 ,-4.34109 
21,0.42 ,0.00318216 ,-3.1758 
22,0.44 ,0.00331395 ,-2.19593 
23,0.46 ,0.00344315 ,-1.31345 
24,0.48 ,0.00356965 ,-0.570139 
25,0.5 ,0.00369339 ,0.114691 
26,0.52 ,0.00381428 ,0.690666 
27,0.54 ,0.00393225 ,1.23328 
28,0.56 ,0.0040472 ,1.67912 
29,0.58 ,0.00415911 ,2.11687 
30,0.6 ,0.00426788 ,2.47085 
31,0.62 ,0.00437348 ,2.82962 
32,0.64 ,0.00447582 ,3.1144 
33,0.66 ,0.00457489 ,3.41264 
34,0.68 ,0.0046706 ,3.6358 
35,0.7 ,0.00476296 ,3.88688 
36,0.72 ,0.00485188 ,4.06725 
37,0.74 ,0.00493738 ,4.2811 
38,0.76 ,0.00501939 ,4.42818 
39,0.78 ,0.00509792 ,4.61226 
40,0.8 ,0.00517291 ,4.72456 
41,0.82 ,0.00524438 ,4.88459 
42,0.84 ,0.0053123 ,4.97449 
43,0.86 ,0.00537669 ,5.11489 
44,0.88 ,0.0054375 ,5.18725 
45,0.9 ,0.00549478 ,5.31149 
46,0.92 ,0.00554849 ,5.36141 
47,0.94 ,0.00559869 ,5.47225 
48,0.96 ,0.00564534 ,5.50958 
49,0.98 ,0.0056885 ,5.60921 
50,1 ,0.00572816 ,5.63689 
51,1.02 ,0.00576437 ,5.72708 
52,1.04 ,0.00579711 ,5.73874 
53,1.06 ,0.00582647 ,5.82094 
54,1.08 ,0.00585243 ,5.82527 
55,1.1 ,0.00587507 ,5.90067 
56,1.12 ,0.00589439 ,5.89972 
57,1.14 ,0.00591048 ,5.96928 
58,1.16 ,0.00592331 ,5.95597 
59,1.18 ,0.00593301 ,6.0205 
60,1.2 ,0.00593955 ,6.00293 
61,1.22 ,0.00594306 ,6.0631 
62,1.24 ,0.00594352 ,6.04286 
63,1.26 ,0.00594105 ,6.09924 
64,1.28 ,0.00593564 ,6.06884 
65,1.3 ,0.00592742 ,6.12191 
66,1.32 ,0.00591639 ,6.08914 
67,1.34 ,0.00590266 ,6.1393 
68,1.36 ,0.00588625 ,6.10547 
69,1.38 ,0.00586727 ,6.15306 
70,1.4 ,0.00584572 ,6.11046 
71,1.42 ,0.00582175 ,6.15578 
72,1.44 ,0.00579536 ,6.112 
73,1.46 ,0.00576668 ,6.1553 
74,1.48 ,0.0057357 ,6.11149 
75,1.5 ,0.00570258 ,6.15299 
76,1.52 ,0.0056673 ,6.10127 
77,1.54 ,0.00563002 ,6.14118 
78,1.56 ,0.00559073 ,6.08904 
79,1.58 ,0.00554958 ,6.1275 
80,1.6 ,0.00550657 ,6.07598 
81,1.62 ,0.00546183 ,6.11315 
82,1.64 ,0.00541538 ,6.05429 
83,1.66 ,0.00536734 ,6.09031 
84,1.68 ,0.00531774 ,6.03151 
85,1.7 ,0.0052667 ,6.06648 
86,1.72 ,0.00521423 ,6.00872 
87,1.74 ,0.00516046 ,6.04276 
88,1.76 ,0.0051054 ,5.97802 
89,1.78 ,0.00504919 ,6.01121 
90,1.8 ,0.00499183 ,5.94686 
91,1.82 ,0.00493345 ,5.97929 
92,1.84 ,0.00487406 ,5.91626 
93,1.86 ,0.00481378 ,5.948 
94,1.88 ,0.00475262 ,5.87824 
95,1.9 ,0.00469071 ,5.90937 
96,1.92 ,0.00462804 ,5.84022 
97,1.94 ,0.00456475 ,5.87079 
98,1.96 ,0.00450084 ,5.80316 
99,1.98 ,0.00443642 ,5.83323 
100,2 ,0.00437149 ,5.75907 
101,2.02 ,0.00430617 ,5.78869 
102,2.04 ,0.00424047 ,5.71531 
103,2.06 ,0.00417449 ,5.74454 
104,2.08 ,0.00410824 ,5.67284 
105,2.1 ,0.00404182 ,5.70171 
106,2.12 ,0.00397523 ,5.62363 
107,2.14 ,0.00390857 ,5.65217 
108,2.16 ,0.00384185 ,5.57503 
109,2.18 ,0.00377516 ,5.60328 
110,2.2 ,0.00370849 ,5.52796 
111,2.22 ,0.00364195 ,5.55597 
112,2.24 ,0.00357552 ,5.4744 
113,2.26 ,0.0035093 ,5.50217 
114,2.28 ,0.00344328 ,5.42166 
115,2.3 ,0.00337755 ,5.44923 
116,2.32 ,0.0033121 ,5.37067 
117,2.34 ,0.00324701 ,5.39806 
118,2.36 ,0.00318226 ,5.31336 
119,2.38 ,0.00311795 ,5.34059 
120,2.4 ,0.00305406 ,5.25706 
121,2.42 ,0.00299066 ,5.28414 
122,2.44 ,0.00292773 ,5.20266 
123,2.46 ,0.00286536 ,5.22961 
124,2.48 ,0.00280351 ,5.14208 
125,2.5 ,0.00274227 ,5.16892 
126,2.52 ,0.00268161 ,5.08263 
127,2.54 ,0.00262159 ,5.10937 
128,2.56 ,0.00256221 ,5.0252 
129,2.58 ,0.0025035 ,5.05183 
130,2.6 ,0.00244547 ,4.96167 
131,2.62 ,0.00238815 ,4.98822 
132,2.64 ,0.00233153 ,4.89934 
133,2.66 ,0.00227567 ,4.92582 
134,2.68 ,0.00222054 ,4.83908 
135,2.7 ,0.00216618 ,4.86548 
136,2.72 ,0.00211258 ,4.77276 
137,2.74 ,0.00205977 ,4.79909 
138,2.76 ,0.00200775 ,4.70765 
139,2.78 ,0.00195653 ,4.73393 
140,2.8 ,0.00190611 ,4.64461 
141,2.82 ,0.00185652 ,4.67083 
142,2.84 ,0.00180773 ,4.57549 
143,2.86 ,0.00175978 ,4.60167 
144,2.88 ,0.00171264 ,4.50756 
145,2.9 ,0.00166634 ,4.53368 
146,2.92 ,0.00162086 ,4.44163 
147,2.94 ,0.00157623 ,4.46771 
148,2.96 ,0.00153241 ,4.36956 
149,2.98 ,0.00148944 ,4.39561 
150,3 ,0.00144729 ,4.29859 
151,3.02 ,0.00140599 ,4.3246 
152,3.04 ,0.00136549 ,4.22953 
153,3.06 ,0.00132584 ,4.25551 
154,3.08 ,0.00128699 ,4.15422 
155,3.1 ,0.00124896 ,4.18018 
156,3.12 ,0.00121174 ,4.07989 
157,3.14 ,0.00117534 ,4.10584 
158,3.16 ,0.00113973 ,4.00735 
159,3.18 ,0.00110492 ,4.03329 
160,3.2 ,0.00107089 ,3.92843 
161,3.22 ,0.00103764 ,3.95437 
162,3.24 ,0.00100517 ,3.85036 
163,3.26 ,0.000973463 ,3.8763 
164,3.28 ,0.000942509 ,3.77393 
165,3.3 ,0.000912311 ,3.79989 
166,3.32 ,0.000882845 ,3.69099 
167,3.34 ,0.000854117 ,3.71697 
168,3.36 ,0.000826104 ,3.60876 
169,3.38 ,0.000798811 ,3.63477 
170,3.4 ,0.000772213 ,3.52804 
171,3.42 ,0.000746314 ,3.55409 
172,3.44 ,0.00072109 ,3.44067 
173,3.46 ,0.000696544 ,3.46677 
174,3.48 ,0.000672654 ,3.3539 
175,3.5 ,0.000649421 ,3.38006 
176,3.52 ,0.000626822 ,3.26853 
177,3.54 ,0.000604859 ,3.29476 
178,3.56 ,0.000583507 ,3.17642 
179,3.58 ,0.000562769 ,3.20273 
180,3.6 ,0.000542621 ,3.08482 
181,3.62 ,0.000523064 ,3.11123 
182,3.64 ,0.000504077 ,2.99456 
183,3.66 ,0.000485657 ,3.02108 
184,3.68 ,0.000467784 ,2.89752 
185,3.7 ,0.000450456 ,2.92415 
186,3.72 ,0.000433653 ,2.80096 
187,3.74 ,0.000417373 ,2.82772 
188,3.76 ,0.000401596 ,2.70575 
189,3.78 ,0.000386319 ,2.73265 
190,3.8 ,0.000371523 ,2.60377 
191,3.82 ,0.000357205 ,2.63083 
192,3.84 ,0.000343346 ,2.50233 
193,3.86 ,0.000329944 ,2.52955 
194,3.88 ,0.00031698 ,2.40232 
195,3.9 ,0.000304449 ,2.42971 
196,3.92 ,0.000292336 ,2.29565 
197,3.94 ,0.000280636 ,2.32323 
198,3.96 ,0.000269332 ,2.18965 
199,3.98 ,0.00025842 ,2.21743 
200,4 ,0.000247885 ,2.08524 
201,4.02 ,0.000237721 ,2.11323 
202,4.04 ,0.000227914 ,1.97438 
203,4.06 ,0.000218459 ,2.00258 
204,4.08 ,0.00020934 ,1.86442 
205,4.1 ,0.000200555 ,1.89284 
206,4.12 ,0.000192088 ,1.75631 
207,4.14 ,0.000183935 ,1.78496 
208,4.16 ,0.000176082 ,1.64203 
209,4.18 ,0.000168525 ,1.67092 
210,4.2 ,0.00016125 ,1.52898 
211,4.22 ,0.000154254 ,1.55811 
212,4.24 ,0.000147524 ,1.41813 
213,4.26 ,0.000141055 ,1.44751 
214,4.28 ,0.000134836 ,1.3015 
215,4.3 ,0.000128862 ,1.33112 
216,4.32 ,0.000123122 ,1.18649 
217,4.34 ,0.000117611 ,1.21638 
218,4.36 ,0.000112319 ,1.07413 
219,4.38 ,0.000107242 ,1.10427 
220,4.4 ,0.00010237 ,0.956439 
221,4.42 ,9.76978e-05 ,0.986841 
222,4.44 ,9.32167e-05 ,0.840862 
223,4.46 ,8.89223e-05 ,0.871523 
224,4.48 ,8.4806e-05 ,0.728425 
225,4.5 ,8.08633e-05 ,0.759345 
226,4.52 ,7.70862e-05 ,0.611182 
227,4.54 ,7.34706e-05 ,0.64236 
228,4.56 ,7.00089e-05 ,0.49659 
229,4.58 ,6.6697e-05 ,0.528021 
230,4.6 ,6.35278e-05 ,0.385685 
231,4.62 ,6.04975e-05 ,0.417366 
232,4.64 ,5.75993e-05 ,0.270534 
233,4.66 ,5.48296e-05 ,0.302462 
234,4.68 ,5.21821e-05 ,0.1586 
235,4.7 ,4.96534e-05 ,0.190767 
236,4.72 ,4.72377e-05 ,0.0509245 
237,4.74 ,4.49314e-05 ,0.0833257 
238,4.76 ,4.27292e-05 ,-0.0604233 
239,4.78 ,4.0628e-05 ,-0.0277959 
240,4.8 ,3.86227e-05 ,-0.167983 
241,4.82 ,3.67103e-05 ,-0.135139 
242,4.84 ,3.48861e-05 ,-0.270716 
243,4.86 ,3.31473e-05 ,-0.237664 
244,4.88 ,3.14894e-05 ,-0.376563 
245,4.9 ,2.99098e-05 ,-0.343313 
246,4.92 ,2.84046e-05 ,-0.478073 
247,4.94 ,2.69712e-05 ,-0.444638 
248,4.96 ,2.56058e-05 ,-0.574222 
249,4.98 ,2.43061e-05 ,-0.540612 
250,5 ,2.30687e-05 ,-0.672966 
251,5.02 ,2.18914e-05 ,-0.639193 
252,5.04 ,2.0771e-05 ,-0.766874 
253,5.06 ,1.97054e-05 ,-0.732953 
254,5.08 ,1.86918e-05 ,-0.854944 
255,5.1 ,1.77281e-05 ,-0.820888 
256,5.12 ,1.68118e-05 ,-0.945158 
257,5.14 ,1.59411e-05 ,-0.91098 
258,5.16 ,1.51135e-05 ,-1.03011 
259,5.18 ,1.43273e-05 ,-0.995828 
260,5.2 ,1.35803e-05 ,-1.10883 
261,5.22 ,1.2871e-05 ,-1.07446 
262,5.24 ,1.21973e-05 ,-1.18933 
263,5.26 ,1.15578e-05 ,-1.15488 
264,5.28 ,1.09507e-05 ,-1.26423 
265,5.3 ,1.03745e-05 ,-1.22973 
266,5.32 ,9.82766e-06 ,-1.33261 
267,5.34 ,9.30891e-06 ,-1.29806 
268,5.36 ,8.8167e-06 ,-1.40251 
269,5.38 ,8.34991e-06 ,-1.36793 
270,5.4 ,7.90716e-06 ,-1.46659 
271,5.42 ,7.48739e-06 ,-1.43201 
272,5.44 ,7.08935e-06 ,-1.52395 
273,5.46 ,6.71207e-06 ,-1.48938 
274,5.48 ,6.3544e-06 ,-1.58269 
275,5.5 ,6.01548e-06 ,-1.54814 
276,5.52 ,5.69427e-06 ,-1.63551 
277,5.54 ,5.38997e-06 ,-1.60101 
278,5.56 ,5.10163e-06 ,-1.68155 
279,5.58 ,4.82853e-06 ,-1.6471 
280,5.6 ,4.56982e-06 ,-1.72893 
281,5.62 ,4.32482e-06 ,-1.69456 
282,5.64 ,4.09278e-06 ,-1.7704 
283,5.66 ,3.87309e-06 ,-1.73612 
284,5.68 ,3.66505e-06 ,-1.80513 
285,5.7 ,3.46811e-06 ,-1.77096 
286,5.72 ,3.28166e-06 ,-1.84129 
287,5.74 ,3.10518e-06 ,-1.80725 
288,5.76 ,2.93812e-06 ,-1.87166 
289,5.78 ,2.78002e-06 ,-1.83776 
290,5.8 ,2.63039e-06 ,-1.89545 
291,5.82 ,2.4888e-06 ,-1.86171 
292,5.84 ,2.35479e-06 ,-1.92086 
293,5.86 ,2.22801e-06 ,-1.88729 
294,5.88 ,2.10804e-06 ,-1.94069 
295,5.9 ,1.99454e-06 ,-1.90731 
296,5.92 ,1.88716e-06 ,-1.95418 
297,5.94 ,1.78557e-06 ,-1.92101 
298,5.96 ,1.68946e-06 ,-1.96957 
299,5.98 ,1.59855e-06 ,-1.93662 
300,6 ,1.51254e-06 ,-1.97968 
301,6.02 ,1.43119e-06 ,-1.94696 
302,6.04 ,1.35424e-06 ,-1.98378 
303,6.06 ,1.28145e-06 ,-1.95131 
304,6.08 ,1.2126e-06 ,-1.99012 
305,6.1 ,1.14748e-06 ,-1.9579 
306,6.12 ,1.08588e-06 ,-1.99154 
307,6.14 ,1.02763e-06 ,-1.9596 
308,6.16 ,9.72521e-07 ,-1.98733 
309,6.18 ,9.20403e-07 ,-1.95567 
310,6.2 ,8.71104e-07 ,-1.98573 
311,6.22 ,8.24479e-07 ,-1.95437 
312,6.24 ,7.80375e-07 ,-1.97963 
313,6.26 ,7.38663e-07 ,-1.94857 
314,6.28 ,6.99206e-07 ,-1.9683 
315,6.3 ,6.61886e-07 ,-1.93756 
316,6.32 ,6.26583e-07 ,-1.96001 
317,6.34 ,5.93191e-07 ,-1.9296 
318,6.36 ,5.61603e-07 ,-1.94763 
319,6.38 ,5.31724e-07 ,-1.91755 
320,6.4 ,5.03458e-07 ,-1.93044 
321,6.42 ,4.76719e-07 ,-1.90071 
322,6.44 ,4.51421e-07 ,-1.91672 
323,6.46 ,4.27489e-07 ,-1.88733 
324,6.48 ,4.04846e-07 ,-1.89931 
325,6.5 ,3.83423e-07 ,-1.87029 
326,6.52 ,3.63154e-07 ,-1.87752 
327,6.54 ,3.43975e-07 ,-1.84885 
328,6.56 ,3.25826e-07 ,-1.85958 
329,6.58 ,3.08653e-07 ,-1.83129 
330,6.6 ,2.924e-07 ,-1.83837 
331,6.62 ,2.77021e-07 ,-1.81046 
332,6.64 ,2.62465e-07 ,-1.81316 
333,6.66 ,2.48688e-07 ,-1.78562 
334,6.68 ,2.35648e-07 ,-1.79218 
335,6.7 ,2.23306e-07 ,-1.76503 
336,6.72 ,2.11622e-07 ,-1.7683 
337,6.74 ,2.00561e-07 ,-1.74153 
338,6.76 ,1.9009e-07 ,-1.74075 
339,6.78 ,1.80177e-07 ,-1.71438 
340,6.8 ,1.70791e-07 ,-1.71778 
341,6.82 ,1.61904e-07 ,-1.69179 
342,6.84 ,1.53488e-07 ,-1.69222 
343,6.86 ,1.45519e-07 ,-1.66662 
344,6.88 ,1.37972e-07 ,-1.6633 
345,6.9 ,1.30824e-07 ,-1.63809 
346,6.92 ,1.24054e-07 ,-1.63924 
347,6.94 ,1.17641e-07 ,-1.61441 
348,6.96 ,1.11567e-07 ,-1.61285 
349,6.98 ,1.05813e-07 ,-1.58841 
350,7 ,1.00361e-07 ,-1.58335 
351,7.02 ,9.51968e-08 ,-1.55929 
352,7.04 ,9.03031e-08 ,-1.55894 
353,7.06 ,8.56663e-08 ,-1.53526 
354,7.08 ,8.12723e-08 ,-1.53241 
355,7.1 ,7.71084e-08 ,-1.50911 
356,7.12 ,7.31621e-08 ,-1.50297 
357,7.14 ,6.94219e-08 ,-1.48004 
358,7.16 ,6.58766e-08 ,-1.4788 
359,7.18 ,6.25161e-08 ,-1.45622 
360,7.2 ,5.93305e-08 ,-1.45267 
361,7.22 ,5.63105e-08 ,-1.43045 
362,7.24 ,5.34472e-08 ,-1.42376 
363,7.26 ,5.07325e-08 ,-1.40189 
364,7.28 ,4.81583e-08 ,-1.40025 
365,7.3 ,4.57174e-08 ,-1.37872 
366,7.32 ,4.34025e-08 ,-1.3749 
367,7.34 ,4.12073e-08 ,-1.3537 
368,7.36 ,3.91251e-08 ,-1.34687 
369,7.38 ,3.71503e-08 ,-1.326 
370,7.4 ,3.5277e-08 ,-1.32432 
371,7.42 ,3.35e-08 ,-1.30377 
372,7.44 ,3.18142e-08 ,-1.3 
373,7.46 ,3.02148e-08 ,-1.27976 
374,7.48 ,2.86974e-08 ,-1.27307 
375,7.5 ,2.72576e-08 ,-1.25313 
376,7.52 ,2.58913e-08 ,-1.25167 
377,7.54 ,2.45948e-08 ,-1.23202 
378,7.56 ,2.33645e-08 ,-1.22853 
379,7.58 ,2.21968e-08 ,-1.20918 
380,7.6 ,2.10885e-08 ,-1.20283 
381,7.62 ,2.00365e-08 ,-1.18376 
382,7.64 ,1.9038e-08 ,-1.18269 
383,7.66 ,1.80901e-08 ,-1.16388 
384,7.68 ,1.71902e-08 ,-1.16083 
385,7.7 ,1.63359e-08 ,-1.14229 
386,7.72 ,1.55247e-08 ,-1.13642 
387,7.74 ,1.47546e-08 ,-1.11813 
388,7.76 ,1.40233e-08 ,-1.11757 
389,7.78 ,1.33288e-08 ,-1.09954 
390,7.8 ,1.26694e-08 ,-1.09702 
391,7.82 ,1.20431e-08 ,-1.07923 
392,7.84 ,1.14482e-08 ,-1.07391 
393,7.86 ,1.08833e-08 ,-1.05636 
394,7.88 ,1.03467e-08 ,-1.05636 
395,7.9 ,9.83692e-09 ,-1.03905 
396,7.92 ,9.3527e-09 ,-1.0371 
397,7.94 ,8.8927e-09 ,-1.02002 
398,7.96 ,8.45569e-09 ,-1.01528 
399,7.98 ,8.04049e-09 ,-0.998416 
400,8 ,7.64598e-09 ,-0.999008 
401,8.02 ,7.27114e-09 ,-0.982359 
402,8.04 ,6.91495e-09 ,-0.981009 
403,8.06 ,6.57648e-09 ,-0.964573 
404,8.08 ,6.25483e-09 ,-0.960429 
405,8.1 ,5.94915e-09 ,-0.9442 
406,8.12 ,5.65863e-09 ,-0.945381 
407,8.14 ,5.3825e-09 ,-0.929354 
408,8.16 ,5.12005e-09 ,-0.928587 
409,8.18 ,4.87059e-09 ,-0.912762 
410,8.2 ,4.63345e-09 ,-0.909191 
411,8.22 ,4.40803e-09 ,-0.893561 
412,8.24 ,4.19373e-09 ,-0.895305 
413,8.26 ,3.98999e-09 ,-0.879866 
414,8.28 ,3.79629e-09 ,-0.879651 
415,8.3 ,3.61214e-09 ,-0.864401 
416,8.32 ,3.43704e-09 ,-0.861371 
417,8.34 ,3.27054e-09 ,-0.846305 
418,8.36 ,3.11222e-09 ,-0.848576 
419,8.38 ,2.96167e-09 ,-0.833691 
420,8.4 ,2.8185e-09 ,-0.833987 
421,8.42 ,2.68235e-09 ,-0.819282 
422,8.44 ,2.55286e-09 ,-0.816746 
423,8.46 ,2.42972e-09 ,-0.802216 
424,8.48 ,2.31258e-09 ,-0.804962 
425,8.5 ,2.20118e-09 ,-0.790604 
426,8.52 ,2.09521e-09 ,-0.791359 
427,8.54 ,1.99441e-09 ,-0.777172 
428,8.56 ,1.89853e-09 ,-0.775074 
429,8.58 ,1.80732e-09 ,-0.761054 
430,8.6 ,1.72055e-09 ,-0.76422 
431,8.62 ,1.63801e-09 ,-0.750364 
432,8.64 ,1.55947e-09 ,-0.751517 
433,8.66 ,1.48476e-09 ,-0.737824 
434,8.68 ,1.41367e-09 ,-0.736104 
435,8.7 ,1.34604e-09 ,-0.722571 
436,8.72 ,1.28168e-09 ,-0.726092 
437,8.74 ,1.22045e-09 ,-0.712716 
438,8.76 ,1.16218e-09 ,-0.714202 
439,8.78 ,1.10674e-09 ,-0.700982 
440,8.8 ,1.05398e-09 ,-0.699572 
441,8.82 ,1.00377e-09 ,-0.686505 
442,8.84 ,9.55995e-10 ,-0.690314 
443,8.86 ,9.10527e-10 ,-0.677397 
444,8.88 ,8.67257e-10 ,-0.679148 
445,8.9 ,8.26078e-10 ,-0.666381 
446,8.92 ,7.86887e-10 ,-0.665212 
447,8.94 ,7.49588e-10 ,-0.652592 
448,8.96 ,7.14089e-10 ,-0.656618 
449,8.98 ,6.80303e-10 ,-0.644142 
450,9 ,6.48147e-10 ,-0.646085 
451,9.02 ,6.17543e-10 ,-0.633754 
452,9.04 ,5.88414e-10 ,-0.632754 
453,9.06 ,5.60691e-10 ,-0.620564 
454,9.08 ,5.34304e-10 ,-0.624734 
455,9.1 ,5.09189e-10 ,-0.612683 
456,9.12 ,4.85286e-10 ,-0.614746 
457,9.14 ,4.62537e-10 ,-0.602834 
458,9.16 ,4.40885e-10 ,-0.601929 
459,9.18 ,4.20279e-10 ,-0.590154 
460,9.2 ,4.00667e-10 ,-0.594395 
461,9.22 ,3.82003e-10 ,-0.582754 
462,9.24 ,3.64241e-10 ,-0.584864 
463,9.26 ,3.47339e-10 ,-0.573358 
464,9.28 ,3.31256e-10 ,-0.572476 
465,9.3 ,3.15952e-10 ,-0.561102 
466,9.32 ,3.0139e-10 ,-0.565342 
467,9.34 ,2.87537e-10 ,-0.554098 
468,9.36 ,2.74358e-10 ,-0.556183 
469,9.38 ,2.61821e-10 ,-0.54507 
470,9.4 ,2.49898e-10 ,-0.54414 
471,9.42 ,2.38558e-10 ,-0.533155 
472,9.44 ,2.27774e-10 ,-0.537325 
473,9.46 ,2.17521e-10 ,-0.526466 
474,9.48 ,2.07775e-10 ,-0.528459 
475,9.5 ,1.98511e-10 ,-0.517727 
476,9.52 ,1.89708e-10 ,-0.516683 
477,9.54 ,1.81345e-10 ,-0.506076 
478,9.56 ,1.73401e-10 ,-0.510111 
479,9.58 ,1.65858e-10 ,-0.499627 
480,9.6 ,1.58698e-10 ,-0.501464 
481,9.62 ,1.51903e-10 ,-0.491105 
482,9.64 ,1.45458e-10 ,-0.489885 
483,9.66 ,1.39347e-10 ,-0.479647 
484,9.68 ,1.33554e-10 ,-0.483487 
485,9.7 ,1.28068e-10 ,-0.47337 
486,9.72 ,1.22874e-10 ,-0.474994 
487,9.74 ,1.1796e-10 ,-0.464998 
488,9.76 ,1.13314e-10 ,-0.463548 
489,9.78 ,1.08925e-10 ,-0.453672 
490,9.8 ,1.04783e-10 ,-0.457265 
491,9.82 ,1.00878e-10 ,-0.447508 
492,9.84 ,9.71999e-11 ,-0.448869 
493,9.86 ,9.37407e-11 ,-0.439231 
494,9.88 ,9.04916e-11 ,-0.437505 
495,9.9 ,8.7445e-11 ,-0.427984 
496,9.92 ,8.45933e-11 ,-0.431287 
497,9.94 ,8.19298e-11 ,-0.421884 
498,9.96 ,7.94479e-11 ,-0.422943 
499,9.98 ,7.71417e-11 ,-0.413658 
500,10 ,7.50054e-11 ,-0.411617 
501,10.02 ,7.30337e-11 ,-0.402448 
502,10.04 ,7.12217e-11 ,-0.405428 
503,10.06 ,6.9565e-11 ,-0.396374 
504,10.08 ,6.80592e-11 ,-0.397101 
505,10.1 ,6.67006e-11 ,-0.388164 
506,10.12 ,6.54857e-11 ,-0.385785 
507,10.14 ,6.44112e-11 ,-0.376963 
508,10.16 ,6.34742e-11 ,-0.379597 
509,10.18 ,6.26721e-11 ,-0.37089 
510,10.2 ,6.20027e-11 ,-0.371267 
511,10.22 ,6.14639e-11 ,-0.362676 
512,10.24 ,6.1054e-11 ,-0.359942 
513,10.26 ,6.07715e-11 ,-0.351466 
514,10.28 ,6.06152e-11 ,-0.353743 
515,10.3 ,6.05843e-11 ,-0.345382 
516,10.32 ,6.06781e-11 ,-0.3454 
517,10.34 ,6.08961e-11 ,-0.337155 
518,10.36 ,6.12383e-11 ,-0.334063 
519,10.38 ,6.17048e-11 ,-0.325932 
520,10.4 ,6.22959e-11 ,-0.327853 
521,10.42 ,6.30122e-11 ,-0.319836 
522,10.44 ,6.38547e-11 ,-0.319501 
523,10.46 ,6.48246e-11 ,-0.3116 
524,10.48 ,6.59231e-11 ,-0.308159 
525,10.5 ,6.7152e-11 ,-0.300372 
526,10.52 ,6.8513e-11 ,-0.301949 
527,10.54 ,7.00085e-11 ,-0.294277 
528,10.56 ,7.16408e-11 ,-0.293604 
529,10.58 ,7.34127e-11 ,-0.286048 
530,10.6 ,7.5327e-11 ,-0.282276 
531,10.62 ,7.73871e-11 ,-0.274835 
532,10.64 ,7.95963e-11 ,-0.27609 
533,10.66 ,8.19587e-11 ,-0.268764 
534,10.68 ,8.44781e-11 ,-0.267779 
535,10.7 ,8.71592e-11 ,-0.260569 
536,10.72 ,9.00065e-11 ,-0.256496 
537,10.74 ,9.30249e-11 ,-0.249402 
538,10.76 ,9.62198e-11 ,-0.250368 
539,10.78 ,9.9597e-11 ,-0.243389 
540,10.8 ,1.03162e-10 ,-0.242127 
541,10.82 ,1.06922e-10 ,-0.235266 
542,10.84 ,1.10883e-10 ,-0.230929 
543,10.86 ,1.15053e-10 ,-0.224184 
544,10.88 ,1.19438e-10 ,-0.224901 
545,10.9 ,1.24047e-10 ,-0.218272 
546,10.92 ,1.28887e-10 ,-0.216776 
547,10.94 ,1.33968e-10 ,-0.210266 
548,10.96 ,1.39299e-10 ,-0.20571 
549,10.98 ,1.44889e-10 ,-0.199318 
550,11 ,1.50748e-10 ,-0.199831 
551,11.02 ,1.56887e-10 ,-0.193556 
552,11.04 ,1.63316e-10 ,-0.191874 
553,11.06 ,1.70048e-10 ,-0.185718 
554,11.08 ,1.77095e-10 ,-0.180994 
555,11.1 ,1.84468e-10 ,-0.174956 
556,11.12 ,1.92181e-10 ,-0.175319 
557,11.14 ,2.00249e-10 ,-0.1694 
558,11.16 ,2.08686e-10 ,-0.167586 
559,11.18 ,2.17506e-10 ,-0.161787 
560,11.2 ,2.26726e-10 ,-0.156949 
561,11.22 ,2.36363e-10 ,-0.151269 
562,11.24 ,2.46432e-10 ,-0.151536 
563,11.26 ,2.56954e-10 ,-0.145976 
564,11.28 ,2.67945e-10 ,-0.144084 
565,11.3 ,2.79427e-10 ,-0.138646 
566,11.32 ,2.9142e-10 ,-0.133749 
567,11.34 ,3.03945e-10 ,-0.128431 
568,11.36 ,3.17025e-10 ,-0.128658 
569,11.38 ,3.30682e-10 ,-0.12346 
570,11.4 ,3.44943e-10 ,-0.121546 
571,11.42 ,3.59831e-10 ,-0.11647 
572,11.44 ,3.75375e-10 ,-0.11157 
573,11.46 ,3.916e-10 ,-0.106615 
574,11.48 ,4.08537e-10 ,-0.106857 
575,11.5 ,4.26216e-10 ,-0.102023 
576,11.52 ,4.44668e-10 ,-0.100142 
577,11.54 ,4.63927e-10 ,-0.0954312 
578,11.56 ,4.84027e-10 ,-0.0905805 
579,11.58 ,5.05003e-10 ,-0.0859911 
580,11.6 ,5.26892e-10 ,-0.0862991 
581,11.62 ,5.49735e-10 ,-0.0818309 
582,11.64 ,5.73572e-10 ,-0.0800326 
583,11.66 ,5.98445e-10 ,-0.0756871 
584,11.68 ,6.24399e-10 ,-0.0709352 
585,11.7 ,6.51479e-10 ,-0.0667109 
586,11.72 ,6.79734e-10 ,-0.0671328 
587,11.74 ,7.09215e-10 ,-0.0630294 
588,11.76 ,7.39973e-10 ,-0.0613595 
589,11.78 ,7.72064e-10 ,-0.0573781 
590,11.8 ,8.05544e-10 ,-0.0527685 
591,11.82 ,8.40474e-10 ,-0.0489073 
592,11.84 ,8.76913e-10 ,-0.0494846 
593,11.86 ,9.14929e-10 ,-0.0457429 
594,11.88 ,9.54589e-10 ,-0.0442407 
595,11.9 ,9.95962e-10 ,-0.0406196 
596,11.92 ,1.03912e-09 ,-0.0361892 
597,11.94 ,1.08415e-09 ,-0.0326864 
598,11.96 ,1.13112e-09 ,-0.0334535 
599,11.98 ,1.18011e-09 ,-0.0300681 
600,12 ,1.23122e-09 ,-0.0287656 
601,12.02 ,1.28454e-09 ,-0.0254982 
602,12.04 ,1.34015e-09 ,-0.0212765 
603,12.06 ,1.39816e-09 ,-0.0181247 
604,12.08 ,1.45867e-09 ,-0.0191086 
605,12.1 ,1.52179e-09 ,-0.0160711 
606,12.12 ,1.58764e-09 ,-0.0149926 
607,12.14 ,1.65631e-09 ,-0.0120699 
608,12.16 ,1.72795e-09 ,-0.00807867 
609,12.18 ,1.80267e-09 ,-0.00526801 
610,12.2 ,1.88061e-09 ,-0.00648791 
611,12.22 ,1.96191e-09 ,-0.00378771 
612,12.24 ,2.0467e-09 ,-0.00295018 
613,12.26 ,2.13515e-09 ,-0.000360795 
614,12.28 ,2.2274e-09 ,0.00338537 
615,12.3 ,2.32362e-09 ,0.00586696 
616,12.32 ,2.42399e-09 ,0.00439859 
617,12.34 ,2.52867e-09 ,0.00677409 
618,12.36 ,2.63785e-09 ,0.00736037 
619,12.38 ,2.75174e-09 ,0.00962951 
620,12.4 ,2.87053e-09 ,0.0131223 
621,12.42 ,2.99442e-09 ,0.0152882 
622,12.44 ,3.12364e-09 ,0.0135649 
623,12.46 ,3.25842e-09 ,0.0156294 
624,12.48 ,3.399e-09 ,0.0159597 
625,12.5 ,3.54562e-09 ,0.0179224 
626,12.52 ,3.69856e-09 ,0.0211586 
627,12.54 ,3.85806e-09 ,0.0230228 
628,12.56 ,4.02443e-09 ,0.0210429 
629,12.58 ,4.19795e-09 ,0.0228104 
630,12.6 ,4.37893e-09 ,0.0228843 
631,12.62 ,4.5677e-09 ,0.0245546 
632,12.64 ,4.76459e-09 ,0.027535 
633,12.66 ,4.96994e-09 ,0.0291113 
634,12.68 ,5.18412e-09 ,0.0268766 
635,12.7 ,5.40752e-09 ,0.0283605 
636,12.72 ,5.64052e-09 ,0.0281809 
637,12.74 ,5.88355e-09 ,0.029572 
638,12.76 ,6.13703e-09 ,0.0323004 
639,12.78 ,6.40141e-09 ,0.0336017 
640,12.8 ,6.67716e-09 ,0.0311167 
641,12.82 ,6.96477e-09 ,0.0323297 
642,12.84 ,7.26475e-09 ,0.0319017 
643,12.86 ,7.57765e-09 ,0.0330257 
644,12.88 ,7.90401e-09 ,0.0355077 
645,12.9 ,8.2444e-09 ,0.0365458 
646,12.92 ,8.59944e-09 ,0.0338166 
647,12.94 ,8.96975e-09 ,0.03477 
648,12.96 ,9.35601e-09 ,0.0341 
649,12.98 ,9.75889e-09 ,0.034968 
650,13 ,1.01791e-08 ,0.0372104 
651,13.02 ,1.06174e-08 ,0.0379957 
652,13.04 ,1.10746e-08 ,0.0350294 
653,13.06 ,1.15515e-08 ,0.0357332 
654,13.08 ,1.20489e-08 ,0.0348286 
655,13.1 ,1.25677e-08 ,0.03545 
656,13.12 ,1.31088e-08 ,0.0374604 
657,13.14 ,1.36733e-08 ,0.038002 
658,13.16 ,1.42621e-08 ,0.0348062 
659,13.18 ,1.48762e-08 ,0.0352691 
660,13.2 ,1.55169e-08 ,0.0341377 
661,13.22 ,1.61851e-08 ,0.0345207 
662,13.24 ,1.68821e-08 ,0.0363068 
663,13.26 ,1.76092e-08 ,0.0366125 
664,13.28 ,1.83676e-08 ,0.0331951 
665,13.3 ,1.91587e-08 ,0.0334244 
666,13.32 ,1.9984e-08 ,0.032074 
667,13.34 ,2.08448e-08 ,0.0322256 
668,13.36 ,2.17428e-08 ,0.0337953 
669,13.38 ,2.26795e-08 ,0.0338716 
670,13.4 ,2.36566e-08 ,0.0302404 
671,13.42 ,2.46759e-08 ,0.0302423 
672,13.44 ,2.57392e-08 ,0.0286806 
673,13.46 ,2.68484e-08 ,0.0286256 
674,13.48 ,2.80055e-08 ,0.0300449 
675,13.5 ,2.92126e-08 ,0.0299952 
676,13.52 ,3.04718e-08 ,0.0262944 
677,13.54 ,3.17854e-08 ,0.0262502 
678,13.56 ,3.31558e-08 ,0.0246994 
679,13.58 ,3.45854e-08 ,0.0246588 
680,13.6 ,3.60769e-08 ,0.0261106 
681,13.62 ,3.76327e-08 ,0.0260755 
682,13.64 ,3.92559e-08 ,0.0224081 
683,13.66 ,4.09492e-08 ,0.0223786 
684,13.68 ,4.27157e-08 ,0.0208621 
685,13.7 ,4.45587e-08 ,0.0208363 
686,13.72 ,4.64814e-08 ,0.0223233 
687,13.74 ,4.84873e-08 ,0.022303 
688,13.76 ,5.05799e-08 ,0.0186718 
689,13.78 ,5.27631e-08 ,0.018657 
690,13.8 ,5.50408e-08 ,0.0171775 
691,13.82 ,5.74172e-08 ,0.0171664 
692,13.84 ,5.98964e-08 ,0.0186913 
693,13.86 ,6.24829e-08 ,0.0186856 
694,13.88 ,6.51813e-08 ,0.0150929 
695,13.9 ,6.79967e-08 ,0.0150927 
696,13.92 ,7.0934e-08 ,0.0136525 
697,13.94 ,7.39985e-08 ,0.0136559 
698,13.96 ,7.71958e-08 ,0.0152208 
699,13.98 ,8.05316e-08 ,0.0152293 
700,14 ,8.40119e-08 ,0.0116774 
701,14.02 ,8.7643e-08 ,0.0116913 
702,14.04 ,9.14315e-08 ,0.0102925 
703,14.06 ,9.53843e-08 ,0.0103098 
704,14.08 ,9.95084e-08 ,0.0119166 
705,14.1 ,1.03811e-07 ,0.0119389 
706,14.12 ,1.08301e-07 ,0.00842939 
707,14.14 ,1.12985e-07 ,0.00845685 
708,14.16 ,1.17872e-07 ,0.007101 
709,14.18 ,1.22971e-07 ,0.00713165 
710,14.2 ,1.28291e-07 ,0.00878194 
711,14.22 ,1.33842e-07 ,0.00881736 
712,14.24 ,1.39634e-07 ,0.00535179 
713,14.26 ,1.45677e-07 ,0.0053921 
714,14.28 ,1.51983e-07 ,0.0040806 
715,14.3 ,1.58562e-07 ,0.00412386 
716,14.32 ,1.65426e-07 ,0.00581888 
717,14.34 ,1.72589e-07 ,0.00586666 
718,14.36 ,1.80062e-07 ,0.00244614 
719,14.38 ,1.8786e-07 ,0.00249855 
720,14.4 ,1.95996e-07 ,0.0012324 
721,14.42 ,2.04485e-07 ,0.00128753 
722,14.44 ,2.13344e-07 ,0.00302818 
723,14.46 ,2.22587e-07 ,0.00308755 
724,14.48 ,2.32231e-07 ,-0.000287128 
725,14.5 ,2.42294e-07 ,-0.000223403 
726,14.52 ,2.52794e-07 ,-0.0014435 
727,14.54 ,2.6375e-07 ,-0.00137731 
728,14.56 ,2.75183e-07 ,0.000409562 
729,14.58 ,2.87112e-07 ,0.000479734 
730,14.6 ,2.99559e-07 ,-0.00284862 
731,14.62 ,3.12547e-07 ,-0.00277438 
732,14.64 ,3.26099e-07 ,-0.00394804 
733,14.66 ,3.40241e-07 ,-0.00387158 
734,14.68 ,3.54997e-07 ,-0.00203819 
735,14.7 ,3.70395e-07 ,-0.00195802 
736,14.72 ,3.86462e-07 ,-0.00523985 
737,14.74 ,4.03227e-07 ,-0.00515588 
738,14.76 ,4.20722e-07 ,-0.00628301 
739,14.78 ,4.38977e-07 ,-0.00619706 
740,14.8 ,4.58026e-07 ,-0.00431714 
741,14.82 ,4.77904e-07 ,-0.00422776 
742,14.84 ,4.98645e-07 ,-0.00746314 
743,14.86 ,5.20289e-07 ,-0.00737022 
744,14.88 ,5.42875e-07 ,-0.00845097 
745,14.9 ,5.66443e-07 ,-0.00835632 
746,14.92 ,5.91037e-07 ,-0.00643011 
747,14.94 ,6.167e-07 ,-0.00633228 
748,14.96 ,6.43479e-07 ,-0.00952153 
749,14.98 ,6.71424e-07 ,-0.00942043 
750,15 ,7.00585e-07 ,-0.0104552 
751,15.02 ,7.31016e-07 ,-0.0103526 
752,15.04 ,7.62771e-07 ,-0.00838056 
753,15.06 ,7.95908e-07 ,-0.00827503 
754,15.08 ,8.30487e-07 ,-0.0114187 
755,15.1 ,8.66571e-07 ,-0.0113101 
756,15.12 ,9.04226e-07 ,-0.0122995 
757,15.14 ,9.43521e-07 ,-0.0121897 
758,15.16 ,9.84527e-07 ,-0.0101725 
759,15.18 ,1.02732e-06 ,-0.01006 
760,15.2 ,1.07197e-06 ,-0.0131588 
761,15.22 ,1.11857e-06 ,-0.0130435 
762,15.24 ,1.1672e-06 ,-0.0139884 
763,15.26 ,1.21795e-06 ,-0.013872 
764,15.28 ,1.2709e-06 ,-0.0118105 
765,15.3 ,1.32617e-06 ,-0.0116917 
766,15.32 ,1.38384e-06 ,-0.0147466 
767,15.34 ,1.44402e-06 ,-0.0146252 
768,15.36 ,1.50683e-06 ,-0.0155265 
769,15.38 ,1.57237e-06 ,-0.0154042 
770,15.4 ,1.64077e-06 ,-0.0132995 
771,15.42 ,1.71214e-06 ,-0.0131751 
772,15.44 ,1.78663e-06 ,-0.0161871 
773,15.46 ,1.86436e-06 ,-0.0160603 
774,15.48 ,1.94549e-06 ,-0.0169191 
775,15.5 ,2.03015e-06 ,-0.0167916 
776,15.52 ,2.11849e-06 ,-0.0146448 
777,15.54 ,2.21069e-06 ,-0.0145153 
778,15.56 ,2.30691e-06 ,-0.0174857 
779,15.58 ,2.40732e-06 ,-0.0173541 
780,15.6 ,2.51211e-06 ,-0.0181716 
781,15.62 ,2.62147e-06 ,-0.0180395 
782,15.64 ,2.7356e-06 ,-0.0158519 
783,15.66 ,2.8547e-06 ,-0.0157179 
784,15.68 ,2.979e-06 ,-0.018648 
785,15.7 ,3.10871e-06 ,-0.0185122 
786,15.72 ,3.24409e-06 ,-0.0192898 
787,15.74 ,3.38537e-06 ,-0.0191536 
788,15.76 ,3.53281e-06 ,-0.0169266 
789,15.78 ,3.68668e-06 ,-0.0167887 
790,15.8 ,3.84726e-06 ,-0.0196799 
791,15.82 ,4.01485e-06 ,-0.0195403 
792,15.84 ,4.18974e-06 ,-0.0202795 
793,15.86 ,4.37227e-06 ,-0.0201398 
794,15.88 ,4.56277e-06 ,-0.0178748 
795,15.9 ,4.76157e-06 ,-0.0177336 
796,15.92 ,4.96904e-06 ,-0.0205873 
797,15.94 ,5.18557e-06 ,-0.0204445 
798,15.96 ,5.41155e-06 ,-0.0211468 
799,15.98 ,5.64739e-06 ,-0.021004 
800,16 ,5.89352e-06 ,-0.0187025 
801,16.02 ,6.15039e-06 ,-0.0185584 
802,16.04 ,6.41847e-06 ,-0.0213763 
803,16.06 ,6.69825e-06 ,-0.0212308 
804,16.08 ,6.99024e-06 ,-0.0218976 
805,16.1 ,7.29499e-06 ,-0.0217523 
806,16.12 ,7.61303e-06 ,-0.0194159 
807,16.14 ,7.94496e-06 ,-0.0192694 
808,16.16 ,8.29137e-06 ,-0.0220529 
809,16.18 ,8.6529e-06 ,-0.0219052 
810,16.2 ,9.03023e-06 ,-0.0225383 
811,16.22 ,9.42402e-06 ,-0.0223908 
812,16.24 ,9.83502e-06 ,-0.0200211 
813,16.26 ,1.0264e-05 ,-0.0198726 
814,16.28 ,1.07116e-05 ,-0.0226234 
815,16.3 ,1.11788e-05 ,-0.0224738 
816,16.32 ,1.16664e-05 ,-0.0230747 
817,16.34 ,1.21754e-05 ,-0.0229255 
818,16.36 ,1.27065e-05 ,-0.0205242 
819,16.38 ,1.32608e-05 ,-0.0203741 
820,16.4 ,1.38394e-05 ,-0.0230938 
821,16.42 ,1.44432e-05 ,-0.0229428 
822,16.44 ,1.50734e-05 ,-0.0235131 
823,16.46 ,1.57311e-05 ,-0.0233625 
824,16.48 ,1.64175e-05 ,-0.0209311 
825,16.5 ,1.7134e-05 ,-0.0207799 
826,16.52 ,1.78817e-05 ,-0.02347 
827,16.54 ,1.86621e-05 ,-0.023318 
828,16.56 ,1.94765e-05 ,-0.0238593 
829,16.58 ,2.03266e-05 ,-0.0237077 
830,16.6 ,2.12138e-05 ,-0.021248 
831,16.62 ,2.21398e-05 ,-0.0210958 
832,16.64 ,2.31062e-05 ,-0.0237581 
833,16.66 ,2.41149e-05 ,-0.0236053 
834,16.68 ,2.51676e-05 ,-0.0241193 
835,16.7 ,2.62664e-05 ,-0.0239671 
836,16.72 ,2.74132e-05 ,-0.0214805 
837,16.74 ,2.861e-05 ,-0.0213279 
838,16.76 ,2.98592e-05 ,-0.0239639 
839,16.78 ,3.11629e-05 ,-0.0238107 
840,16.8 ,3.25237e-05 ,-0.0242989 
841,16.82 ,3.39439e-05 ,-0.0241464 
842,16.84 ,3.54263e-05 ,-0.0216345 
843,16.86 ,3.69734e-05 ,-0.0214816 
844,16.88 ,3.85881e-05 ,-0.024093 
845,16.9 ,4.02734e-05 ,-0.0239396 
846,16.92 ,4.20323e-05 ,-0.0244037 
847,16.94 ,4.38682e-05 ,-0.0242511 
848,16.96 ,4.57844e-05 ,-0.0217156 
849,16.98 ,4.77843e-05 ,-0.0215628 
850,17 ,4.98716e-05 ,-0.0241509 
851,17.02 ,5.20502e-05 ,-0.0239978 
852,17.04 ,5.4324e-05 ,-0.0244392 
853,17.06 ,5.66973e-05 ,-0.0242869 
854,17.08 ,5.91743e-05 ,-0.0217291 
855,17.1 ,6.17597e-05 ,-0.0215767 
856,17.12 ,6.4458e-05 ,-0.0241432 
857,17.14 ,6.72744e-05 ,-0.0239905 
858,17.16 ,7.02139e-05 ,-0.0244107 
859,17.18 ,7.3282e-05 ,-0.024259 
860,17.2 ,7.64843e-05 ,-0.0216805 
861,17.22 ,7.98266e-05 ,-0.0215287 
862,17.24 ,8.3315e-05 ,-0.0240751 
863,17.26 ,8.6956e-05 ,-0.0239231 
864,17.28 ,9.07563e-05 ,-0.0243236 
865,17.3 ,9.47228e-05 ,-0.0241726 
866,17.32 ,9.88628e-05 ,-0.021575 
867,17.34 ,0.000103184 ,-0.0214241 
868,17.36 ,0.000107694 ,-0.0239517 
869,17.38 ,0.000112401 ,-0.0238007 
870,17.4 ,0.000117314 ,-0.024183 
871,17.42 ,0.000122443 ,-0.0240331 
872,17.44 ,0.000127795 ,-0.0214177 
873,17.46 ,0.000133382 ,-0.0212679 
874,17.48 ,0.000139213 ,-0.0237783 
875,17.5 ,0.000145299 ,-0.0236286 
876,17.52 ,0.000151651 ,-0.0239941 
877,17.54 ,0.000158282 ,-0.0238455 
878,17.56 ,0.000165202 ,-0.0212138 
879,17.58 ,0.000172425 ,-0.0210655 
880,17.6 ,0.000179965 ,-0.0235601 
881,17.62 ,0.000187834 ,-0.0234119 
882,17.64 ,0.000196047 ,-0.0237621 
883,17.66 ,0.00020462 ,-0.0236152 
884,17.68 ,0.000213568 ,-0.0209686 
885,17.7 ,0.000222907 ,-0.0208222 
886,17.72 ,0.000232655 ,-0.0233025 
887,17.74 ,0.00024283 ,-0.0231563 
888,17.76 ,0.00025345 ,-0.0234927 
889,17.78 ,0.000264535 ,-0.0233479 
890,17.8 ,0.000276105 ,-0.0206881 
891,17.82 ,0.000288181 ,-0.0205439 
892,17.84 ,0.000300786 ,-0.0230115 
893,17.86 ,0.000313942 ,-0.0228679 
894,17.88 ,0.000327674 ,-0.0231921 
895,17.9 ,0.000342007 ,-0.0230501 
896,17.92 ,0.000356968 ,-0.0203787 
897,17.94 ,0.000372583 ,-0.0202376 
898,17.96 ,0.000388882 ,-0.0226943 
899,17.98 ,0.000405894 ,-0.022554 
900,18 ,0.000423651 ,-0.022868 
901,18.02 ,0.000442185 ,-0.0227298 
902,18.04 ,0.000461531 ,-0.0200488 
903,18.06 ,0.000481723 ,-0.0199118 
904,18.08 ,0.000502799 ,-0.0223598 
905,18.1 ,0.000524798 ,-0.0222242 
906,18.12 ,0.00054776 ,-0.0225304 
907,18.14 ,0.000571728 ,-0.0223972 
908,18.16 ,0.000596745 ,-0.0197094 
909,18.18 ,0.000622856 ,-0.0195782 
910,18.2 ,0.000650111 ,-0.0220205 
911,18.22 ,0.000678559 ,-0.0218913 
912,18.24 ,0.000708253 ,-0.022193 
913,18.26 ,0.000739247 ,-0.0220672 
914,18.28 ,0.000771599 ,-0.0193763 
915,18.3 ,0.000805366 ,-0.0192535 
916,18.32 ,0.000840612 ,-0.0216941 
917,18.34 ,0.000877401 ,-0.0215746 
918,18.36 ,0.000915801 ,-0.0218764 
919,18.38 ,0.000955884 ,-0.0217617 
920,18.4 ,0.000997721 ,-0.0190729 
921,18.42 ,0.00104139 ,-0.0189629 
922,18.44 ,0.00108697 ,-0.0214079 
923,18.46 ,0.00113455 ,-0.0213033 
924,18.48 ,0.00118421 ,-0.0216121 
925,18.5 ,0.00123605 ,-0.0215146 
926,18.52 ,0.00129016 ,-0.0188359 
927,18.54 ,0.00134663 ,-0.0187458 
928,18.56 ,0.00140558 ,-0.0212045 
929,18.58 ,0.00146711 ,-0.0211229 
930,18.6 ,0.00153134 ,-0.0214496 
931,18.62 ,0.00159838 ,-0.0213789 
932,18.64 ,0.00166836 ,-0.0187226 
933,18.66 ,0.0017414 ,-0.0186636 
934,18.68 ,0.00181764 ,-0.0211504 
935,18.7 ,0.00189723 ,-0.0211049 
936,18.72 ,0.00198029 ,-0.0214657 
937,18.74 ,0.002067 ,-0.0214369 
938,18.76 ,0.00215751 ,-0.018822 
939,18.78 ,0.00225198 ,-0.0188115 
940,18.8 ,0.00235059 ,-0.0213476 
941,18.82 ,0.00245353 ,-0.0213581 
942,18.84 ,0.00256097 ,-0.0217773 
943,18.86 ,0.00267312 ,-0.0218128 
944,18.88 ,0.00279019 ,-0.0192664 
945,18.9 ,0.00291238 ,-0.0193293 
946,18.92 ,0.00303993 ,-0.0219453 
947,18.94 ,0.00317307 ,-0.0220392 
948,18.96 ,0.00331205 ,-0.0225506 
949,18.98 ,0.00345712 ,-0.0226801 
950,19 ,0.00360855 ,-0.0202391 
951,19.02 ,0.00376662 ,-0.0204076 
952,19.04 ,0.00393162 ,-0.0231429 
953,19.06 ,0.00410385 ,-0.0233541 
954,19.08 ,0.00428363 ,-0.0239996 
955,19.1 ,0.0044713 ,-0.0242583 
956,19.12 ,0.0046672 ,-0.0219668 
957,19.14 ,0.00487169 ,-0.022276 
958,19.16 ,0.00508514 ,-0.0251764 
959,19.18 ,0.00530796 ,-0.0255398 
960,19.2 ,0.00554056 ,-0.0263662 
961,19.22 ,0.00578337 ,-0.0267878 
962,19.24 ,0.00603683 ,-0.0246931 
963,19.26 ,0.00630141 ,-0.0251751 
964,19.28 ,0.00657759 ,-0.0282885 
965,19.3 ,0.00686591 ,-0.0288336 
966,19.32 ,0.00716688 ,-0.0298893 
967,19.34 ,0.00748107 ,-0.0305008 
968,19.36 ,0.00780906 ,-0.0286524 
969,19.38 ,0.00815145 ,-0.0293314 
970,19.4 ,0.00850887 ,-0.032709 
971,19.42 ,0.008882 ,-0.0334578 
972,19.44 ,0.00927153 ,-0.0347974 
973,19.46 ,0.00967817 ,-0.0356187 
974,19.48 ,0.0101027 ,-0.0340759 
975,19.5 ,0.0105459 ,-0.0349709 
976,19.52 ,0.0110085 ,-0.0386789 
977,19.54 ,0.0114915 ,-0.0396498 
978,19.56 ,0.0119958 ,-0.0413488 
979,19.58 ,0.0125223 ,-0.0423989 
980,19.6 ,0.0130719 ,-0.0412495 
981,19.62 ,0.0136457 ,-0.0423808 
982,19.64 ,0.0142447 ,-0.0465224 
983,19.66 ,0.0148702 ,-0.0477381 
984,19.68 ,0.0155232 ,-0.0499185 
985,19.7 ,0.0162049 ,-0.0512235 
986,19.72 ,0.0169167 ,-0.0506126 
987,19.74 ,0.0176599 ,-0.0520104 
988,19.76 ,0.0184359 ,-0.0567585 
989,19.78 ,0.019246 ,-0.0582542 
990,19.8 ,0.0200919 ,-0.0611227 
991,19.82 ,0.0209752 ,-0.0627234 
992,19.84 ,0.0218975 ,-0.0628982 
993,19.86 ,0.0228605 ,-0.0646095 
994,19.88 ,0.023866 ,-0.0702603 
995,19.9 ,0.0249159 ,-0.0720901 
996,19.92 ,0.0260123 ,-0.0760015 
997,19.94 ,0.0271572 ,-0.07796 
998,19.96 ,0.0283528 ,-0.0793463 
999,19.98 ,0.0296013 ,-0.0814425 
1000,20 ,0.0309051 ,-0.0885073 