N_e = 20
1,0.027 ,0.000316293 ,-2743.29 
2,0.053973 ,0.000316451 ,-686.364 
3,0.080946 ,0.000429799 ,-305.045 
4,0.107919 ,0.000558494 ,-171.532 
5,0.134892 ,0.000691548 ,-109.722 
6,0.161865 ,0.000826266 ,-76.142 
7,0.188838 ,0.000961721 ,-55.8925 
8,0.215811 ,0.00109752 ,-42.749 
9,0.242784 ,0.00123345 ,-33.7374 
10,0.269757 ,0.00136943 ,-27.2912 
11,0.29673 ,0.00150536 ,-22.5216 
12,0.323703 ,0.00164122 ,-18.8939 
13,0.350676 ,0.00177696 ,-16.0706 
14,0.377649 ,0.00191256 ,-13.8304 
15,0.404622 ,0.00204799 ,-12.023 
16,0.431595 ,0.00218324 ,-10.5439 
17,0.458568 ,0.00231829 ,-9.31794 
18,0.485541 ,0.00245312 ,-8.29061 
19,0.512514 ,0.00258771 ,-7.42115 
20,0.539487 ,0.00272204 ,-6.67885 
21,0.56646 ,0.00285612 ,-6.04001 
22,0.593433 ,0.00298991 ,-5.48632 
23,0.620406 ,0.0031234 ,-5.00324 
24,0.647379 ,0.00325659 ,-4.5793 
25,0.674352 ,0.00338946 ,-4.20519 
26,0.701325 ,0.00352199 ,-3.87343 
27,0.728298 ,0.00365417 ,-3.57783 
28,0.755271 ,0.00378598 ,-3.31336 
29,0.782244 ,0.00391742 ,-3.07575 
30,0.809217 ,0.00404847 ,-2.86152 
31,0.83619 ,0.00417911 ,-2.66767 
32,0.863163 ,0.00430934 ,-2.49174 
33,0.890136 ,0.00443915 ,-2.33153 
34,0.917109 ,0.0045685 ,-2.18528 
35,0.944082 ,0.00469741 ,-2.05136 
36,0.971055 ,0.00482584 ,-1.92847 
37,0.998028 ,0.0049538 ,-1.81539 
38,1.025 ,0.00508126 ,-1.71114 
39,1.05197 ,0.00520822 ,-1.61479 
40,1.07895 ,0.00533466 ,-1.5256 
41,1.10592 ,0.00546057 ,-1.44283 
42,1.13289 ,0.00558594 ,-1.36593 
43,1.15987 ,0.00571075 ,-1.29432 
44,1.18684 ,0.00583499 ,-1.22755 
45,1.21381 ,0.00595866 ,-1.16516 
46,1.24079 ,0.00608173 ,-1.10683 
47,1.26776 ,0.0062042 ,-1.05215 
48,1.29473 ,0.00632605 ,-1.00089 
49,1.3217 ,0.00644728 ,-0.952704 
50,1.34868 ,0.00656787 ,-0.907408 
51,1.37565 ,0.00668781 ,-0.864728 
52,1.40262 ,0.00680708 ,-0.824512 
53,1.4296 ,0.00692569 ,-0.786528 
54,1.45657 ,0.0070436 ,-0.75066 
55,1.48354 ,0.00716082 ,-0.716708 
56,1.51051 ,0.00727734 ,-0.684583 
57,1.53749 ,0.00739313 ,-0.654111 
58,1.56446 ,0.0075082 ,-0.625226 
59,1.59143 ,0.00762252 ,-0.597774 
60,1.61841 ,0.0077361 ,-0.571708 
61,1.64538 ,0.00784891 ,-0.54689 
62,1.67235 ,0.00796094 ,-0.523288 
63,1.69933 ,0.0080722 ,-0.500777 
64,1.7263 ,0.00818265 ,-0.479338 
65,1.75327 ,0.00829231 ,-0.458856 
66,1.78024 ,0.00840115 ,-0.439323 
67,1.80722 ,0.00850916 ,-0.420633 
68,1.83419 ,0.00861634 ,-0.402786 
69,1.86116 ,0.00872267 ,-0.385685 
70,1.88814 ,0.00882815 ,-0.369336 
71,1.91511 ,0.00893276 ,-0.353648 
72,1.94208 ,0.00903649 ,-0.338633 
73,1.96906 ,0.00913934 ,-0.324206 
74,1.99603 ,0.0092413 ,-0.310383 
75,2.023 ,0.00934235 ,-0.297085 
76,2.04998 ,0.00944249 ,-0.284332 
77,2.07695 ,0.0095417 ,-0.272047 
78,2.10392 ,0.00963999 ,-0.260255 
79,2.13089 ,0.00973733 ,-0.248882 
80,2.15787 ,0.00983372 ,-0.237957 
81,2.18484 ,0.00992916 ,-0.227408 
82,2.21181 ,0.0100236 ,-0.217265 
83,2.23879 ,0.0101171 ,-0.207461 
84,2.26576 ,0.0102096 ,-0.198027 
85,2.29273 ,0.0103011 ,-0.188899 
86,2.31971 ,0.0103916 ,-0.18011 
87,2.34668 ,0.0104811 ,-0.171596 
88,2.37365 ,0.0105696 ,-0.163393 
89,2.40062 ,0.0106571 ,-0.155438 
90,2.4276 ,0.0107435 ,-0.14777 
91,2.45457 ,0.0108289 ,-0.140326 
92,2.48154 ,0.0109132 ,-0.133145 
93,2.50852 ,0.0109965 ,-0.126168 
94,2.53549 ,0.0110787 ,-0.119435 
95,2.56246 ,0.0111598 ,-0.112886 
96,2.58944 ,0.0112399 ,-0.106562 
97,2.61641 ,0.0113189 ,-0.100405 
98,2.64338 ,0.0113968 ,-0.0944581 
99,2.67035 ,0.0114735 ,-0.0886625 
100,2.69733 ,0.0115492 ,-0.0830615 
101,2.7243 ,0.0116238 ,-0.0775982 
102,2.75127 ,0.0116972 ,-0.0723163 
103,2.77825 ,0.0117695 ,-0.0671594 
104,2.80522 ,0.0118407 ,-0.0621718 
105,2.83219 ,0.0119107 ,-0.057298 
106,2.85917 ,0.0119796 ,-0.0525824 
107,2.88614 ,0.0120474 ,-0.0479702 
108,2.91311 ,0.0121139 ,-0.0435064 
109,2.94008 ,0.0121794 ,-0.0391364 
110,2.96706 ,0.0122436 ,-0.0349059 
111,2.99403 ,0.0123067 ,-0.0307604 
112,3.021 ,0.0123686 ,-0.0267463 
113,3.04798 ,0.0124293 ,-0.0228093 
114,3.07495 ,0.0124888 ,-0.018996 
115,3.10192 ,0.0125472 ,-0.0152528 
116,3.12889 ,0.0126043 ,-0.0116264 
117,3.15587 ,0.0126602 ,-0.00806334 
118,3.18284 ,0.0127149 ,-0.00461083 
119,3.20981 ,0.0127684 ,-0.00121563 
120,3.23679 ,0.0128207 ,0.00207484 
121,3.26376 ,0.0128717 ,0.00531358 
122,3.29073 ,0.0129215 ,0.00845291 
123,3.31771 ,0.0129701 ,0.0115456 
124,3.34468 ,0.0130175 ,0.0145439 
125,3.37165 ,0.0130636 ,0.0175002 
126,3.39863 ,0.0131085 ,0.0203665 
127,3.4256 ,0.0131521 ,0.0231954 
128,3.45257 ,0.0131945 ,0.0259384 
129,3.47954 ,0.0132356 ,0.0286479 
130,3.50652 ,0.0132754 ,0.0312754 
131,3.53349 ,0.013314 ,0.0338732 
132,3.56046 ,0.0133514 ,0.0363925 
133,3.58744 ,0.0133874 ,0.0388855 
134,3.61441 ,0.0134222 ,0.0413034 
135,3.64138 ,0.0134557 ,0.0436981 
136,3.66836 ,0.013488 ,0.0460207 
137,3.69533 ,0.013519 ,0.0483232 
138,3.7223 ,0.0135487 ,0.0505564 
139,3.74927 ,0.0135771 ,0.0527722 
140,3.77625 ,0.0136042 ,0.0549213 
141,3.80322 ,0.01363 ,0.0570555 
142,3.83019 ,0.0136546 ,0.0591256 
143,3.85717 ,0.0136778 ,0.0611831 
144,3.88414 ,0.0136998 ,0.0631787 
145,3.91111 ,0.0137205 ,0.065164 
146,3.93809 ,0.0137399 ,0.0670894 
147,3.96506 ,0.0137579 ,0.0690066 
148,3.99203 ,0.0137747 ,0.070866 
149,4.019 ,0.0137902 ,0.0727189 
150,4.04598 ,0.0138044 ,0.0745159 
151,4.07295 ,0.0138173 ,0.0763082 
152,4.09992 ,0.0138289 ,0.0780463 
153,4.1269 ,0.0138392 ,0.0797814 
154,4.15387 ,0.0138482 ,0.0814639 
155,4.18084 ,0.0138559 ,0.0831449 
156,4.20782 ,0.0138623 ,0.0847747 
157,4.23479 ,0.0138674 ,0.0864045 
158,4.26176 ,0.0138712 ,0.0879846 
159,4.28873 ,0.0138737 ,0.089566 
160,4.31571 ,0.0138749 ,0.091099 
161,4.34268 ,0.0138748 ,0.0926345 
162,4.36965 ,0.0138734 ,0.0941228 
163,4.39663 ,0.0138707 ,0.0956148 
164,4.4236 ,0.0138667 ,0.0970608 
165,4.45057 ,0.0138614 ,0.0985116 
166,4.47755 ,0.0138548 ,0.0999174 
167,4.50452 ,0.013847 ,0.101329 
168,4.53149 ,0.0138378 ,0.102697 
169,4.55846 ,0.0138273 ,0.104071 
170,4.58544 ,0.0138156 ,0.105402 
171,4.61241 ,0.0138026 ,0.106741 
172,4.63938 ,0.0137883 ,0.108038 
173,4.66636 ,0.0137727 ,0.109344 
174,4.69333 ,0.0137559 ,0.110608 
175,4.7203 ,0.0137377 ,0.111881 
176,4.74728 ,0.0137183 ,0.113114 
177,4.77425 ,0.0136977 ,0.114357 
178,4.80122 ,0.0136757 ,0.115559 
179,4.82819 ,0.0136525 ,0.116773 
180,4.85517 ,0.0136281 ,0.117948 
181,4.88214 ,0.0136024 ,0.119133 
182,4.90911 ,0.0135754 ,0.12028 
183,4.93609 ,0.0135472 ,0.12144 
184,4.96306 ,0.0135177 ,0.122561 
185,4.99003 ,0.013487 ,0.123694 
186,5.01701 ,0.0134551 ,0.124791 
187,5.04398 ,0.0134219 ,0.1259 
188,5.07095 ,0.0133876 ,0.126973 
189,5.09792 ,0.0133519 ,0.128058 
190,5.1249 ,0.0133151 ,0.129108 
191,5.15187 ,0.0132771 ,0.130171 
192,5.17884 ,0.0132378 ,0.131199 
193,5.20582 ,0.0131973 ,0.132241 
194,5.23279 ,0.0131557 ,0.133247 
195,5.25976 ,0.0131128 ,0.134268 
196,5.28674 ,0.0130688 ,0.135255 
197,5.31371 ,0.0130236 ,0.136256 
198,5.34068 ,0.0129772 ,0.137222 
199,5.36765 ,0.0129296 ,0.138204 
200,5.39463 ,0.0128809 ,0.139152 
201,5.4216 ,0.012831 ,0.140115 
202,5.44857 ,0.01278 ,0.141045 
203,5.47555 ,0.0127278 ,0.14199 
204,5.50252 ,0.0126745 ,0.142902 
205,5.52949 ,0.0126201 ,0.14383 
206,5.55647 ,0.0125645 ,0.144725 
207,5.58344 ,0.0125079 ,0.145636 
208,5.61041 ,0.0124501 ,0.146515 
209,5.63738 ,0.0123912 ,0.147409 
210,5.66436 ,0.0123312 ,0.148272 
211,5.69133 ,0.0122702 ,0.149151 
212,5.7183 ,0.012208 ,0.149997 
213,5.74528 ,0.0121448 ,0.150861 
214,5.77225 ,0.0120806 ,0.151692 
215,5.79922 ,0.0120153 ,0.152541 
216,5.8262 ,0.0119489 ,0.153358 
217,5.85317 ,0.0118815 ,0.154192 
218,5.88014 ,0.0118131 ,0.154994 
219,5.90711 ,0.0117437 ,0.155813 
220,5.93409 ,0.0116732 ,0.156602 
221,5.96106 ,0.0116018 ,0.157407 
222,5.98803 ,0.0115294 ,0.158182 
223,6.01501 ,0.011456 ,0.158974 
224,6.04198 ,0.0113816 ,0.159735 
225,6.06895 ,0.0113063 ,0.160513 
226,6.09593 ,0.01123 ,0.161261 
227,6.1229 ,0.0111528 ,0.162027 
228,6.14987 ,0.0110746 ,0.162761 
229,6.17684 ,0.0109956 ,0.163514 
230,6.20382 ,0.0109156 ,0.164236 
231,6.23079 ,0.0108347 ,0.164975 
232,6.25776 ,0.010753 ,0.165685 
233,6.28474 ,0.0106703 ,0.166412 
234,6.31171 ,0.0105868 ,0.167109 
235,6.33868 ,0.0105025 ,0.167824 
236,6.36566 ,0.0104173 ,0.168509 
237,6.39263 ,0.0103313 ,0.169211 
238,6.4196 ,0.0102444 ,0.169884 
239,6.44657 ,0.0101568 ,0.170574 
240,6.47355 ,0.0100683 ,0.171235 
241,6.50052 ,0.00997909 ,0.171913 
242,6.52749 ,0.00988909 ,0.172562 
243,6.55447 ,0.00979833 ,0.173229 
244,6.58144 ,0.00970682 ,0.173866 
245,6.60841 ,0.00961458 ,0.17452 
246,6.63539 ,0.00952161 ,0.175146 
247,6.66236 ,0.00942794 ,0.175789 
248,6.68933 ,0.00933356 ,0.176402 
249,6.7163 ,0.00923851 ,0.177033 
250,6.74328 ,0.00914278 ,0.177636 
251,6.77025 ,0.0090464 ,0.178255 
252,6.79722 ,0.00894937 ,0.178846 
253,6.8242 ,0.0088517 ,0.179454 
254,6.85117 ,0.00875342 ,0.180033 
255,6.87814 ,0.00865454 ,0.180629 
256,6.90512 ,0.00855506 ,0.181196 
257,6.93209 ,0.00845501 ,0.181781 
258,6.95906 ,0.00835439 ,0.182337 
259,6.98603 ,0.00825322 ,0.18291 
260,7.01301 ,0.00815152 ,0.183454 
261,7.03998 ,0.0080493 ,0.184016 
262,7.06695 ,0.00794656 ,0.184549 
263,7.09393 ,0.00784334 ,0.185098 
264,7.1209 ,0.00773963 ,0.185619 
265,7.14787 ,0.00763546 ,0.186157 
266,7.17485 ,0.00753084 ,0.186667 
267,7.20182 ,0.00742578 ,0.187193 
268,7.22879 ,0.0073203 ,0.18769 
269,7.25576 ,0.00721441 ,0.188205 
270,7.28274 ,0.00710813 ,0.18869 
271,7.30971 ,0.00700148 ,0.189193 
272,7.33668 ,0.00689446 ,0.189666 
273,7.36366 ,0.00678709 ,0.190156 
274,7.39063 ,0.00667939 ,0.190618 
275,7.4176 ,0.00657137 ,0.191096 
276,7.44458 ,0.00646305 ,0.191546 
277,7.47155 ,0.00635444 ,0.192011 
278,7.49852 ,0.00624556 ,0.192448 
279,7.52549 ,0.00613642 ,0.192901 
280,7.55247 ,0.00602704 ,0.193326 
281,7.57944 ,0.00591743 ,0.193766 
282,7.60641 ,0.00580761 ,0.194179 
283,7.63339 ,0.00569759 ,0.194606 
284,7.66036 ,0.00558739 ,0.195005 
285,7.68733 ,0.00547703 ,0.19542 
286,7.71431 ,0.00536652 ,0.195806 
287,7.74128 ,0.00525587 ,0.196207 
288,7.76825 ,0.0051451 ,0.19658 
289,7.79522 ,0.00503423 ,0.196968 
290,7.8222 ,0.00492327 ,0.197328 
291,7.84917 ,0.00481223 ,0.197702 
292,7.87614 ,0.00470114 ,0.198048 
293,7.90312 ,0.00459001 ,0.198408 
294,7.93009 ,0.00447885 ,0.19874 
295,7.95706 ,0.00436767 ,0.199086 
296,7.98404 ,0.00425651 ,0.199404 
297,8.01101 ,0.00414536 ,0.199736 
298,8.03798 ,0.00403424 ,0.200039 
299,8.06495 ,0.00392318 ,0.200356 
300,8.09193 ,0.00381218 ,0.200645 
301,8.1189 ,0.00370127 ,0.200947 
302,8.14587 ,0.00359045 ,0.20122 
303,8.17285 ,0.00347974 ,0.201506 
304,8.19982 ,0.00336916 ,0.201765 
305,8.22679 ,0.00325872 ,0.202035 
306,8.25376 ,0.00314844 ,0.202278 
307,8.28074 ,0.00303833 ,0.202532 
308,8.30771 ,0.0029284 ,0.202758 
309,8.33468 ,0.00281869 ,0.202996 
310,8.36166 ,0.00270919 ,0.203206 
311,8.38863 ,0.00259992 ,0.203427 
312,8.4156 ,0.0024909 ,0.20362 
313,8.44258 ,0.00238214 ,0.203824 
314,8.46955 ,0.00227366 ,0.203999 
315,8.49652 ,0.00216547 ,0.204185 
316,8.52349 ,0.00205758 ,0.204343 
317,8.55047 ,0.00195002 ,0.204511 
318,8.57744 ,0.00184279 ,0.20465 
319,8.60441 ,0.00173591 ,0.2048 
320,8.63139 ,0.0016294 ,0.20492 
321,8.65836 ,0.00152326 ,0.20505 
322,8.68533 ,0.00141752 ,0.205151 
323,8.71231 ,0.00131218 ,0.205262 
324,8.73928 ,0.00120726 ,0.205343 
325,8.76625 ,0.00110278 ,0.205434 
326,8.79322 ,0.00099874 ,0.205495 
327,8.8202 ,0.000895163 ,0.205564 
328,8.84717 ,0.00079206 ,0.205604 
329,8.87414 ,0.000689445 ,0.205653 
330,8.90112 ,0.000587331 ,0.205671 
331,8.92809 ,0.00048573 ,0.205698 
332,8.95506 ,0.000384656 ,0.205694 
333,8.98204 ,0.000284121 ,0.205698 
334,9.00901 ,0.000184139 ,0.205672 
335,9.03598 ,8.47204e-05 ,0.205652 
336,9.06295 ,-1.4121e-05 ,0.205603 
337,9.08993 ,-0.000112373 ,0.205559 
338,9.1169 ,-0.000210024 ,0.205486 
339,9.14387 ,-0.000307062 ,0.205418 
340,9.17085 ,-0.000403476 ,0.20532 
341,9.19782 ,-0.000499253 ,0.205227 
342,9.22479 ,-0.000594382 ,0.205103 
343,9.25177 ,-0.000688852 ,0.204984 
344,9.27874 ,-0.000782652 ,0.204834 
345,9.30571 ,-0.000875772 ,0.204688 
346,9.33268 ,-0.000968199 ,0.204512 
347,9.35966 ,-0.00105992 ,0.204338 
348,9.38663 ,-0.00115094 ,0.204134 
349,9.4136 ,-0.00124123 ,0.203932 
350,9.44058 ,-0.00133078 ,0.2037 
351,9.46755 ,-0.0014196 ,0.203469 
352,9.49452 ,-0.00150766 ,0.203207 
353,9.5215 ,-0.00159496 ,0.202946 
354,9.54847 ,-0.00168149 ,0.202654 
355,9.57544 ,-0.00176724 ,0.202362 
356,9.60241 ,-0.00185221 ,0.202039 
357,9.62939 ,-0.00193637 ,0.201716 
358,9.65636 ,-0.00201973 ,0.201361 
359,9.68333 ,-0.00210228 ,0.201005 
360,9.71031 ,-0.00218401 ,0.200618 
361,9.73728 ,-0.0022649 ,0.200229 
362,9.76425 ,-0.00234496 ,0.199807 
363,9.79123 ,-0.00242418 ,0.199384 
364,9.8182 ,-0.00250254 ,0.198928 
365,9.84517 ,-0.00258005 ,0.198469 
366,9.87214 ,-0.0026567 ,0.197978 
367,9.89912 ,-0.00273247 ,0.197483 
368,9.92609 ,-0.00280737 ,0.196955 
369,9.95306 ,-0.00288139 ,0.196423 
370,9.98004 ,-0.00295451 ,0.195857 
371,10.007 ,-0.00302675 ,0.195287 
372,10.034 ,-0.00309809 ,0.194683 
373,10.061 ,-0.00316852 ,0.194074 
374,10.0879 ,-0.00323805 ,0.19343 
375,10.1149 ,-0.00330666 ,0.19278 
376,10.1419 ,-0.00337436 ,0.192096 
377,10.1688 ,-0.00344114 ,0.191405 
378,10.1958 ,-0.003507 ,0.19068 
379,10.2228 ,-0.00357193 ,0.189947 
380,10.2498 ,-0.00363593 ,0.189178 
381,10.2767 ,-0.00369899 ,0.188402 
382,10.3037 ,-0.00376113 ,0.18759 
383,10.3307 ,-0.00382233 ,0.186769 
384,10.3577 ,-0.00388258 ,0.185912 
385,10.3846 ,-0.0039419 ,0.185045 
386,10.4116 ,-0.00400028 ,0.184143 
387,10.4386 ,-0.00405771 ,0.183229 
388,10.4656 ,-0.0041142 ,0.18228 
389,10.4925 ,-0.00416974 ,0.181319 
390,10.5195 ,-0.00422434 ,0.180321 
391,10.5465 ,-0.00427799 ,0.179311 
392,10.5734 ,-0.0043307 ,0.178265 
393,10.6004 ,-0.00438247 ,0.177205 
394,10.6274 ,-0.00443329 ,0.176108 
395,10.6544 ,-0.00448317 ,0.174996 
396,10.6813 ,-0.00453211 ,0.173848 
397,10.7083 ,-0.00458011 ,0.172685 
398,10.7353 ,-0.00462717 ,0.171483 
399,10.7623 ,-0.00467329 ,0.170267 
400,10.7892 ,-0.00471849 ,0.169012 
401,10.8162 ,-0.00476275 ,0.16774 
402,10.8432 ,-0.00480609 ,0.166431 
403,10.8701 ,-0.0048485 ,0.165103 
404,10.8971 ,-0.00488999 ,0.163738 
405,10.9241 ,-0.00493056 ,0.162354 
406,10.9511 ,-0.00497023 ,0.160931 
407,10.978 ,-0.00500898 ,0.159489 
408,11.005 ,-0.00504683 ,0.158007 
409,11.032 ,-0.00508378 ,0.156506 
410,11.059 ,-0.00511984 ,0.154965 
411,11.0859 ,-0.00515501 ,0.153404 
412,11.1129 ,-0.0051893 ,0.151802 
413,11.1399 ,-0.00522271 ,0.150179 
414,11.1668 ,-0.00525525 ,0.148516 
415,11.1938 ,-0.00528693 ,0.14683 
416,11.2208 ,-0.00531775 ,0.145104 
417,11.2478 ,-0.00534772 ,0.143354 
418,11.2747 ,-0.00537685 ,0.141564 
419,11.3017 ,-0.00540514 ,0.139749 
420,11.3287 ,-0.00543261 ,0.137893 
421,11.3557 ,-0.00545926 ,0.136013 
422,11.3826 ,-0.00548509 ,0.134091 
423,11.4096 ,-0.00551012 ,0.132143 
424,11.4366 ,-0.00553436 ,0.130153 
425,11.4636 ,-0.00555782 ,0.128137 
426,11.4905 ,-0.0055805 ,0.126079 
427,11.5175 ,-0.00560241 ,0.123993 
428,11.5445 ,-0.00562356 ,0.121865 
429,11.5714 ,-0.00564397 ,0.119709 
430,11.5984 ,-0.00566365 ,0.117509 
431,11.6254 ,-0.0056826 ,0.115282 
432,11.6524 ,-0.00570083 ,0.113015 
433,11.6793 ,-0.00571836 ,0.110776 
434,11.7063 ,-0.00573519 ,0.108565 
435,11.7333 ,-0.00575135 ,0.106395 
436,11.7603 ,-0.00576683 ,0.104252 
437,11.7872 ,-0.00578165 ,0.102148 
438,11.8142 ,-0.00579582 ,0.10007 
439,11.8412 ,-0.00580935 ,0.0980312 
440,11.8681 ,-0.00582224 ,0.0960165 
441,11.8951 ,-0.00583452 ,0.0940394 
442,11.9221 ,-0.00584619 ,0.0920858 
443,11.9491 ,-0.00585726 ,0.0901686 
444,11.976 ,-0.00586774 ,0.0882741 
445,12.003 ,-0.00587764 ,0.0864148 
446,12.03 ,-0.00588697 ,0.0845775 
447,12.057 ,-0.00589574 ,0.0827742 
448,12.0839 ,-0.00590395 ,0.080992 
449,12.1109 ,-0.00591163 ,0.0792428 
450,12.1379 ,-0.00591877 ,0.0775139 
451,12.1648 ,-0.00592539 ,0.0758169 
452,12.1918 ,-0.0059315 ,0.0741396 
453,12.2188 ,-0.0059371 ,0.0724931 
454,12.2458 ,-0.00594221 ,0.0708655 
455,12.2727 ,-0.00594683 ,0.0692678 
456,12.2997 ,-0.00595097 ,0.0676884 
457,12.3267 ,-0.00595464 ,0.0661378 
458,12.3537 ,-0.00595785 ,0.0646049 
459,12.3806 ,-0.00596061 ,0.0630999 
460,12.4076 ,-0.00596293 ,0.0616119 
461,12.4346 ,-0.0059648 ,0.0601509 
462,12.4616 ,-0.00596625 ,0.0587063 
463,12.4885 ,-0.00596728 ,0.0572879 
464,12.5155 ,-0.0059679 ,0.0558853 
465,12.5425 ,-0.00596811 ,0.0545081 
466,12.5694 ,-0.00596793 ,0.053146 
467,12.5964 ,-0.00596736 ,0.0518085 
468,12.6234 ,-0.00596641 ,0.0504857 
469,12.6504 ,-0.00596508 ,0.0491866 
470,12.6773 ,-0.00596338 ,0.0479017 
471,12.7043 ,-0.00596133 ,0.0466398 
472,12.7313 ,-0.00595892 ,0.0453915 
473,12.7583 ,-0.00595617 ,0.0441655 
474,12.7852 ,-0.00595308 ,0.0429527 
475,12.8122 ,-0.00594966 ,0.0417614 
476,12.8392 ,-0.00594591 ,0.0405829 
477,12.8661 ,-0.00594184 ,0.0394253 
478,12.8931 ,-0.00593747 ,0.0382799 
479,12.9201 ,-0.00593278 ,0.0371547 
480,12.9471 ,-0.0059278 ,0.0360414 
481,12.974 ,-0.00592253 ,0.0349476 
482,13.001 ,-0.00591696 ,0.0338653 
483,13.028 ,-0.00591112 ,0.032802 
484,13.055 ,-0.005905 ,0.0317497 
485,13.0819 ,-0.00589862 ,0.0307157 
486,13.1089 ,-0.00589197 ,0.0296924 
487,13.1359 ,-0.00588506 ,0.028687 
488,13.1629 ,-0.00587791 ,0.0276918 
489,13.1898 ,-0.0058705 ,0.0267139 
490,13.2168 ,-0.00586286 ,0.0257459 
491,13.2438 ,-0.00585498 ,0.0247946 
492,13.2707 ,-0.00584687 ,0.0238529 
493,13.2977 ,-0.00583854 ,0.0229274 
494,13.3247 ,-0.00582998 ,0.0220112 
495,13.3517 ,-0.00582121 ,0.0211108 
496,13.3786 ,-0.00581224 ,0.0202192 
497,13.4056 ,-0.00580306 ,0.0193429 
498,13.4326 ,-0.00579367 ,0.0184753 
499,13.4596 ,-0.0057841 ,0.0176224 
500,13.4865 ,-0.00577433 ,0.0167779 
501,13.5135 ,-0.00576438 ,0.0159477 
502,13.5405 ,-0.00575424 ,0.0151256 
503,13.5674 ,-0.00574393 ,0.0143175 
504,13.5944 ,-0.00573345 ,0.0135171 
505,13.6214 ,-0.0057228 ,0.0127302 
506,13.6484 ,-0.00571199 ,0.0119508 
507,13.6753 ,-0.00570101 ,0.0111846 
508,13.7023 ,-0.00568988 ,0.0104257 
509,13.7293 ,-0.0056786 ,0.0096794 
510,13.7563 ,-0.00566717 ,0.00894023 
511,13.7832 ,-0.0056556 ,0.00821337 
512,13.8102 ,-0.00564389 ,0.00749336 
513,13.8372 ,-0.00563204 ,0.00678531 
514,13.8641 ,-0.00562006 ,0.00608389 
515,13.8911 ,-0.00560795 ,0.00539407 
516,13.9181 ,-0.00559572 ,0.00471066 
517,13.9451 ,-0.00558336 ,0.00403853 
518,13.972 ,-0.00557089 ,0.00337261 
519,13.999 ,-0.0055583 ,0.00271764 
520,14.026 ,-0.0055456 ,0.00206868 
521,14.053 ,-0.0055328 ,0.00143036 
522,14.0799 ,-0.00551989 ,0.000797855 
523,14.1069 ,-0.00550687 ,0.000175686 
524,14.1339 ,-0.00549376 ,-0.000440841 
525,14.1609 ,-0.00548056 ,-0.00104733 
526,14.1878 ,-0.00546726 ,-0.00164835 
527,14.2148 ,-0.00545387 ,-0.00223961 
528,14.2418 ,-0.0054404 ,-0.00282558 
529,14.2687 ,-0.00542684 ,-0.00340206 
530,14.2957 ,-0.00541321 ,-0.00397341 
531,14.3227 ,-0.00539949 ,-0.00453553 
532,14.3497 ,-0.0053857 ,-0.00509268 
533,14.3766 ,-0.00537184 ,-0.00564086 
534,14.4036 ,-0.00535791 ,-0.00618421 
535,14.4306 ,-0.00534391 ,-0.00671884 
536,14.4576 ,-0.00532985 ,-0.00724879 
537,14.4845 ,-0.00531572 ,-0.00777025 
538,14.5115 ,-0.00530153 ,-0.00828717 
539,14.5385 ,-0.00528729 ,-0.00879584 
540,14.5654 ,-0.005273 ,-0.0093001 
541,14.5924 ,-0.00525865 ,-0.00979633 
542,14.6194 ,-0.00524425 ,-0.0102883 
543,14.6464 ,-0.0052298 ,-0.0107724 
544,14.6733 ,-0.0052153 ,-0.0112524 
545,14.7003 ,-0.00520077 ,-0.0117248 
546,14.7273 ,-0.00518619 ,-0.0121931 
547,14.7543 ,-0.00517157 ,-0.0126541 
548,14.7812 ,-0.00515691 ,-0.0131111 
549,14.8082 ,-0.00514222 ,-0.0135609 
550,14.8352 ,-0.0051275 ,-0.0140069 
551,14.8621 ,-0.00511274 ,-0.0144459 
552,14.8891 ,-0.00509796 ,-0.0148811 
553,14.9161 ,-0.00508314 ,-0.0153096 
554,14.9431 ,-0.0050683 ,-0.0157344 
555,14.97 ,-0.00505344 ,-0.0161526 
556,14.997 ,-0.00503856 ,-0.0165673 
557,15.024 ,-0.00502365 ,-0.0169755 
558,15.051 ,-0.00500872 ,-0.0173803 
559,15.0779 ,-0.00499378 ,-0.0177788 
560,15.1049 ,-0.00497882 ,-0.0181739 
561,15.1319 ,-0.00496385 ,-0.0185629 
562,15.1589 ,-0.00494887 ,-0.0189487 
563,15.1858 ,-0.00493387 ,-0.0193285 
564,15.2128 ,-0.00491886 ,-0.0197051 
565,15.2398 ,-0.00490385 ,-0.0200759 
566,15.2667 ,-0.00488883 ,-0.0204437 
567,15.2937 ,-0.00487381 ,-0.0208057 
568,15.3207 ,-0.00485878 ,-0.0211648 
569,15.3477 ,-0.00484375 ,-0.0215183 
570,15.3746 ,-0.00482871 ,-0.0218689 
571,15.4016 ,-0.00481368 ,-0.0222141 
572,15.4286 ,-0.00479865 ,-0.0225564 
573,15.4556 ,-0.00478362 ,-0.0228935 
574,15.4825 ,-0.0047686 ,-0.0232278 
575,15.5095 ,-0.00475358 ,-0.023557 
576,15.5365 ,-0.00473857 ,-0.0238835 
577,15.5634 ,-0.00472357 ,-0.0242049 
578,15.5904 ,-0.00470857 ,-0.0245238 
579,15.6174 ,-0.00469358 ,-0.0248377 
580,15.6444 ,-0.00467861 ,-0.0251491 
581,15.6713 ,-0.00466364 ,-0.0254557 
582,15.6983 ,-0.00464869 ,-0.0257598 
583,15.7253 ,-0.00463376 ,-0.0260592 
584,15.7523 ,-0.00461884 ,-0.0263562 
585,15.7792 ,-0.00460393 ,-0.0266487 
586,15.8062 ,-0.00458904 ,-0.0269388 
587,15.8332 ,-0.00457417 ,-0.0272244 
588,15.8602 ,-0.00455932 ,-0.0275077 
589,15.8871 ,-0.00454449 ,-0.0277867 
590,15.9141 ,-0.00452967 ,-0.0280634 
591,15.9411 ,-0.00451488 ,-0.0283359 
592,15.968 ,-0.00450011 ,-0.0286061 
593,15.995 ,-0.00448537 ,-0.0288722 
594,16.022 ,-0.00447065 ,-0.0291363 
595,16.049 ,-0.00445595 ,-0.0293962 
596,16.0759 ,-0.00444128 ,-0.029654 
597,16.1029 ,-0.00442663 ,-0.0299079 
598,16.1299 ,-0.00441201 ,-0.0301597 
599,16.1569 ,-0.00439742 ,-0.0304077 
600,16.1838 ,-0.00438286 ,-0.0306536 
601,16.2108 ,-0.00436832 ,-0.0308958 
602,16.2378 ,-0.00435382 ,-0.0311361 
603,16.2647 ,-0.00433934 ,-0.0313726 
604,16.2917 ,-0.0043249 ,-0.0316072 
605,16.3187 ,-0.00431048 ,-0.0318382 
606,16.3457 ,-0.0042961 ,-0.0320674 
607,16.3726 ,-0.00428176 ,-0.0322931 
608,16.3996 ,-0.00426744 ,-0.0325169 
609,16.4266 ,-0.00425316 ,-0.0327372 
610,16.4536 ,-0.00423891 ,-0.0329559 
611,16.4805 ,-0.0042247 ,-0.0331711 
612,16.5075 ,-0.00421052 ,-0.0333846 
613,16.5345 ,-0.00419638 ,-0.0335947 
614,16.5614 ,-0.00418228 ,-0.0338032 
615,16.5884 ,-0.00416821 ,-0.0340085 
616,16.6154 ,-0.00415418 ,-0.0342121 
617,16.6424 ,-0.00414018 ,-0.0344125 
618,16.6693 ,-0.00412623 ,-0.0346114 
619,16.6963 ,-0.00411231 ,-0.0348071 
620,16.7233 ,-0.00409843 ,-0.0350013 
621,16.7503 ,-0.00408459 ,-0.0351924 
622,16.7772 ,-0.00407079 ,-0.035382 
623,16.8042 ,-0.00405703 ,-0.0355686 
624,16.8312 ,-0.00404331 ,-0.0357537 
625,16.8582 ,-0.00402964 ,-0.0359359 
626,16.8851 ,-0.004016 ,-0.0361167 
627,16.9121 ,-0.0040024 ,-0.0362946 
628,16.9391 ,-0.00398885 ,-0.0364711 
629,16.966 ,-0.00397534 ,-0.0366447 
630,16.993 ,-0.00396187 ,-0.0368171 
631,17.02 ,-0.00394844 ,-0.0369866 
632,17.047 ,-0.00393506 ,-0.0371548 
633,17.0739 ,-0.00392172 ,-0.0373203 
634,17.1009 ,-0.00390842 ,-0.0374845 
635,17.1279 ,-0.00389517 ,-0.0376461 
636,17.1549 ,-0.00388196 ,-0.0378063 
637,17.1818 ,-0.0038688 ,-0.037964 
638,17.2088 ,-0.00385568 ,-0.0381205 
639,17.2358 ,-0.0038426 ,-0.0382743 
640,17.2627 ,-0.00382957 ,-0.038427 
641,17.2897 ,-0.00381659 ,-0.0385772 
642,17.3167 ,-0.00380365 ,-0.0387262 
643,17.3437 ,-0.00379075 ,-0.0388728 
644,17.3706 ,-0.0037779 ,-0.0390182 
645,17.3976 ,-0.0037651 ,-0.0391612 
646,17.4246 ,-0.00375234 ,-0.039303 
647,17.4516 ,-0.00373963 ,-0.0394426 
648,17.4785 ,-0.00372697 ,-0.039581 
649,17.5055 ,-0.00371435 ,-0.0397171 
650,17.5325 ,-0.00370178 ,-0.0398521 
651,17.5595 ,-0.00368926 ,-0.0399849 
652,17.5864 ,-0.00367678 ,-0.0401166 
653,17.6134 ,-0.00366435 ,-0.0402461 
654,17.6404 ,-0.00365197 ,-0.0403746 
655,17.6673 ,-0.00363963 ,-0.0405009 
656,17.6943 ,-0.00362734 ,-0.0406262 
657,17.7213 ,-0.0036151 ,-0.0407494 
658,17.7483 ,-0.00360291 ,-0.0408716 
659,17.7752 ,-0.00359076 ,-0.0409917 
660,17.8022 ,-0.00357866 ,-0.0411108 
661,17.8292 ,-0.00356661 ,-0.0412279 
662,17.8562 ,-0.00355461 ,-0.0413441 
663,17.8831 ,-0.00354266 ,-0.0414582 
664,17.9101 ,-0.00353075 ,-0.0415715 
665,17.9371 ,-0.00351889 ,-0.0416827 
666,17.964 ,-0.00350708 ,-0.0417931 
667,17.991 ,-0.00349532 ,-0.0419015 
668,18.018 ,-0.0034836 ,-0.0420091 
669,18.045 ,-0.00347194 ,-0.0421148 
670,18.0719 ,-0.00346032 ,-0.0422196 
671,18.0989 ,-0.00344875 ,-0.0423225 
672,18.1259 ,-0.00343723 ,-0.0424246 
673,18.1529 ,-0.00342575 ,-0.0425249 
674,18.1798 ,-0.00341433 ,-0.0426244 
675,18.2068 ,-0.00340295 ,-0.0427221 
676,18.2338 ,-0.00339162 ,-0.042819 
677,18.2607 ,-0.00338034 ,-0.0429141 
678,18.2877 ,-0.00336911 ,-0.0430085 
679,18.3147 ,-0.00335793 ,-0.0431011 
680,18.3417 ,-0.00334679 ,-0.043193 
681,18.3686 ,-0.0033357 ,-0.0432832 
682,18.3956 ,-0.00332467 ,-0.0433726 
683,18.4226 ,-0.00331367 ,-0.0434604 
684,18.4496 ,-0.00330273 ,-0.0435474 
685,18.4765 ,-0.00329184 ,-0.0436329 
686,18.5035 ,-0.00328099 ,-0.0437176 
687,18.5305 ,-0.00327019 ,-0.0438007 
688,18.5575 ,-0.00325944 ,-0.0438831 
689,18.5844 ,-0.00324874 ,-0.043964 
690,18.6114 ,-0.00323808 ,-0.0440441 
691,18.6384 ,-0.00322748 ,-0.0441228 
692,18.6653 ,-0.00321692 ,-0.0442008 
693,18.6923 ,-0.00320641 ,-0.0442772 
694,18.7193 ,-0.00319594 ,-0.044353 
695,18.7463 ,-0.00318553 ,-0.0444274 
696,18.7732 ,-0.00317516 ,-0.0445011 
697,18.8002 ,-0.00316484 ,-0.0445733 
698,18.8272 ,-0.00315456 ,-0.0446449 
699,18.8542 ,-0.00314434 ,-0.0447151 
700,18.8811 ,-0.00313416 ,-0.0447847 
701,18.9081 ,-0.00312403 ,-0.0448529 
702,18.9351 ,-0.00311394 ,-0.0449205 
703,18.962 ,-0.0031039 ,-0.0449868 
704,18.989 ,-0.00309391 ,-0.0450524 
705,19.016 ,-0.00308397 ,-0.0451167 
706,19.043 ,-0.00307407 ,-0.0451804 
707,19.0699 ,-0.00306422 ,-0.0452428 
708,19.0969 ,-0.00305442 ,-0.0453047 
709,19.1239 ,-0.00304466 ,-0.0453653 
710,19.1509 ,-0.00303495 ,-0.0454253 
711,19.1778 ,-0.00302528 ,-0.045484 
712,19.2048 ,-0.00301566 ,-0.0455422 
713,19.2318 ,-0.00300609 ,-0.0455992 
714,19.2587 ,-0.00299657 ,-0.0456556 
715,19.2857 ,-0.00298708 ,-0.0457108 
716,19.3127 ,-0.00297765 ,-0.0457655 
717,19.3397 ,-0.00296826 ,-0.045819 
718,19.3666 ,-0.00295892 ,-0.045872 
719,19.3936 ,-0.00294962 ,-0.0459239 
720,19.4206 ,-0.00294037 ,-0.0459752 
721,19.4476 ,-0.00293116 ,-0.0460254 
722,19.4745 ,-0.002922 ,-0.0460751 
723,19.5015 ,-0.00291288 ,-0.0461236 
724,19.5285 ,-0.00290381 ,-0.0461717 
725,19.5555 ,-0.00289478 ,-0.0462187 
726,19.5824 ,-0.0028858 ,-0.0462653 
727,19.6094 ,-0.00287686 ,-0.0463107 
728,19.6364 ,-0.00286796 ,-0.0463557 
729,19.6633 ,-0.00285911 ,-0.0463996 
730,19.6903 ,-0.00285031 ,-0.0464431 
731,19.7173 ,-0.00284155 ,-0.0464855 
732,19.7443 ,-0.00283283 ,-0.0465275 
733,19.7712 ,-0.00282416 ,-0.0465684 
734,19.7982 ,-0.00281553 ,-0.046609 
735,19.8252 ,-0.00280694 ,-0.0466485 
736,19.8522 ,-0.0027984 ,-0.0466876 
737,19.8791 ,-0.0027899 ,-0.0467257 
738,19.9061 ,-0.00278144 ,-0.0467634 
739,19.9331 ,-0.00277302 ,-0.0468002 
740,19.96 ,-0.00276465 ,-0.0468365 
741,19.987 ,-0.00275632 ,-0.0468719 
742,20.014 ,-0.00274804 ,-0.0469069 
743,20.041 ,-0.0027398 ,-0.046941 
744,20.0679 ,-0.00273159 ,-0.0469747 
745,20.0949 ,-0.00272344 ,-0.0470074 
746,20.1219 ,-0.00271532 ,-0.0470398 
747,20.1489 ,-0.00270724 ,-0.0470713 
748,20.1758 ,-0.00269921 ,-0.0471025 
749,20.2028 ,-0.00269122 ,-0.0471327 
750,20.2298 ,-0.00268327 ,-0.0471626 
751,20.2568 ,-0.00267536 ,-0.0471916 
752,20.2837 ,-0.00266749 ,-0.0472203 
753,20.3107 ,-0.00265967 ,-0.0472481 
754,20.3377 ,-0.00265188 ,-0.0472756 
755,20.3646 ,-0.00264414 ,-0.0473022 
756,20.3916 ,-0.00263643 ,-0.0473285 
757,20.4186 ,-0.00262877 ,-0.047354 
758,20.4456 ,-0.00262115 ,-0.0473791 
759,20.4725 ,-0.00261356 ,-0.0474034 
760,20.4995 ,-0.00260602 ,-0.0474275 
761,20.5265 ,-0.00259852 ,-0.0474507 
762,20.5535 ,-0.00259105 ,-0.0474736 
763,20.5804 ,-0.00258363 ,-0.0474958 
764,20.6074 ,-0.00257625 ,-0.0475176 
765,20.6344 ,-0.0025689 ,-0.0475387 
766,20.6613 ,-0.0025616 ,-0.0475595 
767,20.6883 ,-0.00255433 ,-0.0475795 
768,20.7153 ,-0.0025471 ,-0.0475992 
769,20.7423 ,-0.00253991 ,-0.0476182 
770,20.7692 ,-0.00253276 ,-0.0476369 
771,20.7962 ,-0.00252565 ,-0.0476549 
772,20.8232 ,-0.00251858 ,-0.0476726 
773,20.8502 ,-0.00251154 ,-0.0476896 
774,20.8771 ,-0.00250454 ,-0.0477063 
775,20.9041 ,-0.00249758 ,-0.0477223 
776,20.9311 ,-0.00249066 ,-0.0477381 
777,20.958 ,-0.00248378 ,-0.0477532 
778,20.985 ,-0.00247693 ,-0.047768 
779,21.012 ,-0.00247012 ,-0.0477821 
780,21.039 ,-0.00246335 ,-0.047796 
781,21.0659 ,-0.00245661 ,-0.0478092 
782,21.0929 ,-0.00244992 ,-0.0478222 
783,21.1199 ,-0.00244325 ,-0.0478345 
784,21.1469 ,-0.00243663 ,-0.0478466 
785,21.1738 ,-0.00243004 ,-0.047858 
786,21.2008 ,-0.00242349 ,-0.0478693 
787,21.2278 ,-0.00241697 ,-0.0478798 
788,21.2548 ,-0.00241049 ,-0.0478902 
789,21.2817 ,-0.00240405 ,-0.0478999 
790,21.3087 ,-0.00239764 ,-0.0479094 
791,21.3357 ,-0.00239127 ,-0.0479183 
792,21.3626 ,-0.00238493 ,-0.047927 
793,21.3896 ,-0.00237862 ,-0.0479351 
794,21.4166 ,-0.00237236 ,-0.047943 
795,21.4436 ,-0.00236612 ,-0.0479502 
796,21.4705 ,-0.00235993 ,-0.0479573 
797,21.4975 ,-0.00235376 ,-0.0479638 
798,21.5245 ,-0.00234763 ,-0.0479701 
799,21.5515 ,-0.00234154 ,-0.0479758 
800,21.5784 ,-0.00233548 ,-0.0479814 
801,21.6054 ,-0.00232945 ,-0.0479863 
802,21.6324 ,-0.00232346 ,-0.0479911 
803,21.6593 ,-0.0023175 ,-0.0479953 
804,21.6863 ,-0.00231158 ,-0.0479994 
805,21.7133 ,-0.00230569 ,-0.0480029 
806,21.7403 ,-0.00229983 ,-0.0480062 
807,21.7672 ,-0.00229401 ,-0.048009 
808,21.7942 ,-0.00228821 ,-0.0480116 
809,21.8212 ,-0.00228246 ,-0.0480137 
810,21.8482 ,-0.00227673 ,-0.0480156 
811,21.8751 ,-0.00227104 ,-0.048017 
812,21.9021 ,-0.00226538 ,-0.0480183 
813,21.9291 ,-0.00225975 ,-0.048019 
814,21.956 ,-0.00225415 ,-0.0480196 
815,21.983 ,-0.00224859 ,-0.0480196 
816,22.01 ,-0.00224306 ,-0.0480195 
817,22.037 ,-0.00223756 ,-0.0480189 
818,22.0639 ,-0.00223209 ,-0.0480182 
819,22.0909 ,-0.00222665 ,-0.048017 
820,22.1179 ,-0.00222125 ,-0.0480156 
821,22.1449 ,-0.00221587 ,-0.0480138 
822,22.1718 ,-0.00221053 ,-0.0480118 
823,22.1988 ,-0.00220522 ,-0.0480093 
824,22.2258 ,-0.00219993 ,-0.0480068 
825,22.2528 ,-0.00219468 ,-0.0480037 
826,22.2797 ,-0.00218946 ,-0.0480005 
827,22.3067 ,-0.00218427 ,-0.0479969 
828,22.3337 ,-0.00217911 ,-0.0479931 
829,22.3606 ,-0.00217399 ,-0.0479888 
830,22.3876 ,-0.00216889 ,-0.0479845 
831,22.4146 ,-0.00216382 ,-0.0479797 
832,22.4416 ,-0.00215878 ,-0.0479748 
833,22.4685 ,-0.00215377 ,-0.0479694 
834,22.4955 ,-0.00214879 ,-0.047964 
835,22.5225 ,-0.00214384 ,-0.0479581 
836,22.5495 ,-0.00213891 ,-0.047952 
837,22.5764 ,-0.00213402 ,-0.0479456 
838,22.6034 ,-0.00212916 ,-0.0479391 
839,22.6304 ,-0.00212432 ,-0.0479321 
840,22.6573 ,-0.00211951 ,-0.047925 
841,22.6843 ,-0.00211474 ,-0.0479175 
842,22.7113 ,-0.00210999 ,-0.0479099 
843,22.7383 ,-0.00210527 ,-0.0479019 
844,22.7652 ,-0.00210057 ,-0.0478939 
845,22.7922 ,-0.00209591 ,-0.0478854 
846,22.8192 ,-0.00209127 ,-0.0478768 
847,22.8462 ,-0.00208666 ,-0.0478678 
848,22.8731 ,-0.00208208 ,-0.0478587 
849,22.9001 ,-0.00207752 ,-0.0478492 
850,22.9271 ,-0.002073 ,-0.0478397 
851,22.9541 ,-0.0020685 ,-0.0478298 
852,22.981 ,-0.00206403 ,-0.0478197 
853,23.008 ,-0.00205958 ,-0.0478093 
854,23.035 ,-0.00205516 ,-0.0477988 
855,23.0619 ,-0.00205077 ,-0.047788 
856,23.0889 ,-0.0020464 ,-0.047777 
857,23.1159 ,-0.00204207 ,-0.0477657 
858,23.1429 ,-0.00203775 ,-0.0477544 
859,23.1698 ,-0.00203347 ,-0.0477426 
860,23.1968 ,-0.00202921 ,-0.0477308 
861,23.2238 ,-0.00202497 ,-0.0477186 
862,23.2508 ,-0.00202076 ,-0.0477064 
863,23.2777 ,-0.00201658 ,-0.0476938 
864,23.3047 ,-0.00201242 ,-0.0476811 
865,23.3317 ,-0.00200829 ,-0.0476681 
866,23.3586 ,-0.00200419 ,-0.047655 
867,23.3856 ,-0.00200011 ,-0.0476416 
868,23.4126 ,-0.00199605 ,-0.0476281 
869,23.4396 ,-0.00199202 ,-0.0476142 
870,23.4665 ,-0.00198801 ,-0.0476003 
871,23.4935 ,-0.00198403 ,-0.0475861 
872,23.5205 ,-0.00198008 ,-0.0475718 
873,23.5475 ,-0.00197615 ,-0.0475572 
874,23.5744 ,-0.00197224 ,-0.0475425 
875,23.6014 ,-0.00196835 ,-0.0475275 
876,23.6284 ,-0.0019645 ,-0.0475125 
877,23.6553 ,-0.00196066 ,-0.0474971 
878,23.6823 ,-0.00195685 ,-0.0474817 
879,23.7093 ,-0.00195306 ,-0.0474659 
880,23.7363 ,-0.0019493 ,-0.0474502 
881,23.7632 ,-0.00194556 ,-0.047434 
882,23.7902 ,-0.00194184 ,-0.0474179 
883,23.8172 ,-0.00193815 ,-0.0474014 
884,23.8442 ,-0.00193448 ,-0.0473849 
885,23.8711 ,-0.00193084 ,-0.0473681 
886,23.8981 ,-0.00192721 ,-0.0473513 
887,23.9251 ,-0.00192361 ,-0.0473341 
888,23.9521 ,-0.00192004 ,-0.0473169 
889,23.979 ,-0.00191648 ,-0.0472994 
890,24.006 ,-0.00191295 ,-0.0472819 
891,24.033 ,-0.00190944 ,-0.047264 
892,24.0599 ,-0.00190595 ,-0.0472461 
893,24.0869 ,-0.00190249 ,-0.047228 
894,24.1139 ,-0.00189904 ,-0.0472098 
895,24.1409 ,-0.00189562 ,-0.0471913 
896,24.1678 ,-0.00189222 ,-0.0471728 
897,24.1948 ,-0.00188885 ,-0.047154 
898,24.2218 ,-0.00188549 ,-0.0471351 
899,24.2488 ,-0.00188216 ,-0.047116 
900,24.2757 ,-0.00187884 ,-0.0470969 
901,24.3027 ,-0.00187555 ,-0.0470774 
902,24.3297 ,-0.00187228 ,-0.047058 
903,24.3566 ,-0.00186904 ,-0.0470383 
904,24.3836 ,-0.00186581 ,-0.0470185 
905,24.4106 ,-0.0018626 ,-0.0469985 
906,24.4376 ,-0.00185942 ,-0.0469784 
907,24.4645 ,-0.00185625 ,-0.0469581 
908,24.4915 ,-0.00185311 ,-0.0469377 
909,24.5185 ,-0.00184998 ,-0.0469171 
910,24.5455 ,-0.00184688 ,-0.0468965 
911,24.5724 ,-0.0018438 ,-0.0468756 
912,24.5994 ,-0.00184073 ,-0.0468547 
913,24.6264 ,-0.00183769 ,-0.0468335 
914,24.6533 ,-0.00183467 ,-0.0468123 
915,24.6803 ,-0.00183167 ,-0.0467908 
916,24.7073 ,-0.00182868 ,-0.0467694 
917,24.7343 ,-0.00182572 ,-0.0467476 
918,24.7612 ,-0.00182278 ,-0.0467259 
919,24.7882 ,-0.00181985 ,-0.0467039 
920,24.8152 ,-0.00181695 ,-0.0466818 
921,24.8422 ,-0.00181407 ,-0.0466596 
922,24.8691 ,-0.0018112 ,-0.0466373 
923,24.8961 ,-0.00180835 ,-0.0466148 
924,24.9231 ,-0.00180553 ,-0.0465922 
925,24.9501 ,-0.00180272 ,-0.0465694 
926,24.977 ,-0.00179993 ,-0.0465466 
927,25.004 ,-0.00179716 ,-0.0465236 
928,25.031 ,-0.0017944 ,-0.0465005 
929,25.0579 ,-0.00179167 ,-0.0464772 
930,25.0849 ,-0.00178895 ,-0.0464539 
931,25.1119 ,-0.00178626 ,-0.0464304 
932,25.1389 ,-0.00178358 ,-0.0464068 
933,25.1658 ,-0.00178092 ,-0.046383 
934,25.1928 ,-0.00177828 ,-0.0463592 
935,25.2198 ,-0.00177565 ,-0.0463352 
936,25.2468 ,-0.00177304 ,-0.0463111 
937,25.2737 ,-0.00177046 ,-0.0462868 
938,25.3007 ,-0.00176789 ,-0.0462626 
939,25.3277 ,-0.00176533 ,-0.0462381 
940,25.3546 ,-0.0017628 ,-0.0462135 
941,25.3816 ,-0.00176028 ,-0.0461888 
942,25.4086 ,-0.00175778 ,-0.046164 
943,25.4356 ,-0.00175529 ,-0.0461391 
944,25.4625 ,-0.00175283 ,-0.0461141 
945,25.4895 ,-0.00175038 ,-0.0460889 
946,25.5165 ,-0.00174794 ,-0.0460637 
947,25.5435 ,-0.00174553 ,-0.0460382 
948,25.5704 ,-0.00174313 ,-0.0460128 
949,25.5974 ,-0.00174075 ,-0.0459871 
950,25.6244 ,-0.00173838 ,-0.0459615 
951,25.6514 ,-0.00173603 ,-0.0459356 
952,25.6783 ,-0.0017337 ,-0.0459097 
953,25.7053 ,-0.00173138 ,-0.0458836 
954,25.7323 ,-0.00172908 ,-0.0458575 
955,25.7592 ,-0.0017268 ,-0.0458312 
956,25.7862 ,-0.00172453 ,-0.0458049 
957,25.8132 ,-0.00172228 ,-0.0457784 
958,25.8402 ,-0.00172004 ,-0.0457519 
959,25.8671 ,-0.00171782 ,-0.0457251 
960,25.8941 ,-0.00171562 ,-0.0456984 
961,25.9211 ,-0.00171343 ,-0.0456714 
962,25.9481 ,-0.00171126 ,-0.0456445 
963,25.975 ,-0.0017091 ,-0.0456173 
964,26.002 ,-0.00170696 ,-0.0455902 
965,26.029 ,-0.00170483 ,-0.0455628 
966,26.0559 ,-0.00170272 ,-0.0455355 
967,26.0829 ,-0.00170062 ,-0.0455079 
968,26.1099 ,-0.00169854 ,-0.0454803 
969,26.1369 ,-0.00169647 ,-0.0454526 
970,26.1638 ,-0.00169442 ,-0.0454248 
971,26.1908 ,-0.00169239 ,-0.0453968 
972,26.2178 ,-0.00169036 ,-0.0453689 
973,26.2448 ,-0.00168836 ,-0.0453407 
974,26.2717 ,-0.00168637 ,-0.0453125 
975,26.2987 ,-0.00168439 ,-0.0452842 
976,26.3257 ,-0.00168242 ,-0.0452558 
977,26.3526 ,-0.00168047 ,-0.0452272 
978,26.3796 ,-0.00167854 ,-0.0451987 
979,26.4066 ,-0.00167662 ,-0.0451699 
980,26.4336 ,-0.00167471 ,-0.0451412 
981,26.4605 ,-0.00167282 ,-0.0451122 
982,26.4875 ,-0.00167094 ,-0.0450832 
983,26.5145 ,-0.00166907 ,-0.0450541 
984,26.5415 ,-0.00166722 ,-0.045025 
985,26.5684 ,-0.00166539 ,-0.0449956 
986,26.5954 ,-0.00166356 ,-0.0449663 
987,26.6224 ,-0.00166175 ,-0.0449368 
988,26.6494 ,-0.00165996 ,-0.0449072 
989,26.6763 ,-0.00165817 ,-0.0448775 
990,26.7033 ,-0.0016564 ,-0.0448478 
991,26.7303 ,-0.00165464 ,-0.0448179 
992,26.7572 ,-0.0016529 ,-0.044788 
993,26.7842 ,-0.00165117 ,-0.0447579 
994,26.8112 ,-0.00164945 ,-0.0447278 
995,26.8382 ,-0.00164775 ,-0.0446976 
996,26.8651 ,-0.00164606 ,-0.0446673 
997,26.8921 ,-0.00164438 ,-0.0446368 
998,26.9191 ,-0.00164271 ,-0.0446064 
999,26.9461 ,-0.00164106 ,-0.0445757 
1000,26.973 ,-0.00163942 ,-0.0445452 