
1,0 ,0.631305 
2,0.01 ,0.631305 
3,0.02 ,0.631305 
4,0.03 ,0.63091 
5,0.04 ,0.630358 
6,0.05 ,0.629648 
7,0.06 ,0.62878 
8,0.07 ,0.627756 
9,0.08 ,0.626575 
10,0.09 ,0.625237 
11,0.1 ,0.623743 
12,0.11 ,0.622093 
13,0.12 ,0.620288 
14,0.13 ,0.618328 
15,0.14 ,0.616214 
16,0.15 ,0.613946 
17,0.16 ,0.611525 
18,0.17 ,0.608951 
19,0.18 ,0.606226 
20,0.19 ,0.603349 
21,0.2 ,0.600322 
22,0.21 ,0.597146 
23,0.22 ,0.593821 
24,0.23 ,0.590348 
25,0.24 ,0.586729 
26,0.25 ,0.582964 
27,0.26 ,0.579054 
28,0.27 ,0.575 
29,0.28 ,0.570803 
30,0.29 ,0.566465 
31,0.3 ,0.561987 
32,0.31 ,0.557369 
33,0.32 ,0.552613 
34,0.33 ,0.54772 
35,0.34 ,0.542692 
36,0.35 ,0.53753 
37,0.36 ,0.532236 
38,0.37 ,0.526809 
39,0.38 ,0.521253 
40,0.39 ,0.515569 
41,0.4 ,0.509758 
42,0.41 ,0.503821 
43,0.42 ,0.49776 
44,0.43 ,0.491577 
45,0.44 ,0.485274 
46,0.45 ,0.478851 
47,0.46 ,0.472312 
48,0.47 ,0.465656 
49,0.48 ,0.458887 
50,0.49 ,0.452006 
51,0.5 ,0.445014 
52,0.51 ,0.437914 
53,0.52 ,0.430708 
54,0.53 ,0.423396 
55,0.54 ,0.415982 
56,0.55 ,0.408467 
57,0.56 ,0.400853 
58,0.57 ,0.393141 
59,0.58 ,0.385335 
60,0.59 ,0.377435 
61,0.6 ,0.369445 
62,0.61 ,0.361365 
63,0.62 ,0.353199 
64,0.63 ,0.344947 
65,0.64 ,0.336613 
66,0.65 ,0.328198 
67,0.66 ,0.319704 
68,0.67 ,0.311134 
69,0.68 ,0.30249 
70,0.69 ,0.293773 
71,0.7 ,0.284987 
72,0.71 ,0.276133 
73,0.72 ,0.267213 
74,0.73 ,0.25823 
75,0.74 ,0.249186 
76,0.75 ,0.240083 
77,0.76 ,0.230923 
78,0.77 ,0.221709 
79,0.78 ,0.212443 
80,0.79 ,0.203127 
81,0.8 ,0.193763 
82,0.81 ,0.184354 
83,0.82 ,0.174902 
84,0.83 ,0.165409 
85,0.84 ,0.155878 
86,0.85 ,0.14631 
87,0.86 ,0.136709 
88,0.87 ,0.127075 
89,0.88 ,0.117413 
90,0.89 ,0.107723 
91,0.9 ,0.0980087 
92,0.91 ,0.0882718 
93,0.92 ,0.0785146 
94,0.93 ,0.0687394 
95,0.94 ,0.0589485 
96,0.95 ,0.0491442 
97,0.96 ,0.0393287 
98,0.97 ,0.0295043 
99,0.98 ,0.0196732 
100,0.99 ,0.00983767 
101,1 ,-9.15017e-08 
102,1.01 ,-0.00983785 
103,1.02 ,-0.0196734 
104,1.03 ,-0.0295046 
105,1.04 ,-0.0393291 
106,1.05 ,-0.0491449 
107,1.06 ,-0.0589498 
108,1.07 ,-0.0687415 
109,1.08 ,-0.0785181 
110,1.09 ,-0.0882773 
111,1.1 ,-0.0980171 
112,1.11 ,-0.107735 
113,1.12 ,-0.11743 
114,1.13 ,-0.127099 
115,1.14 ,-0.13674 
116,1.15 ,-0.146352 
117,1.16 ,-0.155931 
118,1.17 ,-0.165477 
119,1.18 ,-0.174988 
120,1.19 ,-0.18446 
121,1.2 ,-0.193893 
122,1.21 ,-0.203285 
123,1.22 ,-0.212633 
124,1.23 ,-0.221936 
125,1.24 ,-0.231192 
126,1.25 ,-0.240399 
127,1.26 ,-0.249555 
128,1.27 ,-0.258659 
129,1.28 ,-0.267709 
130,1.29 ,-0.276702 
131,1.3 ,-0.285638 
132,1.31 ,-0.294515 
133,1.32 ,-0.30333 
134,1.33 ,-0.312083 
135,1.34 ,-0.320772 
136,1.35 ,-0.329395 
137,1.36 ,-0.33795 
138,1.37 ,-0.346437 
139,1.38 ,-0.354854 
140,1.39 ,-0.363198 
141,1.4 ,-0.37147 
142,1.41 ,-0.379666 
143,1.42 ,-0.387787 
144,1.43 ,-0.39583 
145,1.44 ,-0.403795 
146,1.45 ,-0.411679 
147,1.46 ,-0.419482 
148,1.47 ,-0.427203 
149,1.48 ,-0.43484 
150,1.49 ,-0.442392 
151,1.5 ,-0.449858 
152,1.51 ,-0.457237 
153,1.52 ,-0.464528 
154,1.53 ,-0.471729 
155,1.54 ,-0.47884 
156,1.55 ,-0.48586 
157,1.56 ,-0.492787 
158,1.57 ,-0.499621 
159,1.58 ,-0.506362 
160,1.59 ,-0.513007 
161,1.6 ,-0.519556 
162,1.61 ,-0.526009 
163,1.62 ,-0.532364 
164,1.63 ,-0.538621 
165,1.64 ,-0.544779 
166,1.65 ,-0.550838 
167,1.66 ,-0.556796 
168,1.67 ,-0.562654 
169,1.68 ,-0.56841 
170,1.69 ,-0.574064 
171,1.7 ,-0.579616 
172,1.71 ,-0.585064 
173,1.72 ,-0.59041 
174,1.73 ,-0.595651 
175,1.74 ,-0.600788 
176,1.75 ,-0.60582 
177,1.76 ,-0.610747 
178,1.77 ,-0.615569 
179,1.78 ,-0.620285 
180,1.79 ,-0.624895 
181,1.8 ,-0.629399 
182,1.81 ,-0.633796 
183,1.82 ,-0.638087 
184,1.83 ,-0.642271 
185,1.84 ,-0.646349 
186,1.85 ,-0.65032 
187,1.86 ,-0.654183 
188,1.87 ,-0.65794 
189,1.88 ,-0.66159 
190,1.89 ,-0.665133 
191,1.9 ,-0.668569 
192,1.91 ,-0.671898 
193,1.92 ,-0.67512 
194,1.93 ,-0.678236 
195,1.94 ,-0.681246 
196,1.95 ,-0.684149 
197,1.96 ,-0.686946 
198,1.97 ,-0.689638 
199,1.98 ,-0.692224 
200,1.99 ,-0.694705 
201,2 ,-0.697081 
202,2.01 ,-0.699352 
203,2.02 ,-0.701519 
204,2.03 ,-0.703582 
205,2.04 ,-0.705542 
206,2.05 ,-0.707399 
207,2.06 ,-0.709154 
208,2.07 ,-0.710806 
209,2.08 ,-0.712357 
210,2.09 ,-0.713807 
211,2.1 ,-0.715156 
212,2.11 ,-0.716406 
213,2.12 ,-0.717556 
214,2.13 ,-0.718607 
215,2.14 ,-0.71956 
216,2.15 ,-0.720415 
217,2.16 ,-0.721174 
218,2.17 ,-0.721837 
219,2.18 ,-0.722404 
220,2.19 ,-0.722876 
221,2.2 ,-0.723254 
222,2.21 ,-0.723539 
223,2.22 ,-0.723732 
224,2.23 ,-0.723832 
225,2.24 ,-0.723842 
226,2.25 ,-0.723762 
227,2.26 ,-0.723592 
228,2.27 ,-0.723334 
229,2.28 ,-0.722988 
230,2.29 ,-0.722555 
231,2.3 ,-0.722036 
232,2.31 ,-0.721433 
233,2.32 ,-0.720745 
234,2.33 ,-0.719974 
235,2.34 ,-0.719121 
236,2.35 ,-0.718186 
237,2.36 ,-0.717171 
238,2.37 ,-0.716077 
239,2.38 ,-0.714904 
240,2.39 ,-0.713653 
241,2.4 ,-0.712326 
242,2.41 ,-0.710924 
243,2.42 ,-0.709447 
244,2.43 ,-0.707897 
245,2.44 ,-0.706274 
246,2.45 ,-0.70458 
247,2.46 ,-0.702815 
248,2.47 ,-0.700981 
249,2.48 ,-0.699079 
250,2.49 ,-0.697109 
251,2.5 ,-0.695073 
252,2.51 ,-0.692972 
253,2.52 ,-0.690807 
254,2.53 ,-0.688578 
255,2.54 ,-0.686288 
256,2.55 ,-0.683937 
257,2.56 ,-0.681526 
258,2.57 ,-0.679057 
259,2.58 ,-0.67653 
260,2.59 ,-0.673946 
261,2.6 ,-0.671307 
262,2.61 ,-0.668613 
263,2.62 ,-0.665866 
264,2.63 ,-0.663067 
265,2.64 ,-0.660217 
266,2.65 ,-0.657317 
267,2.66 ,-0.654368 
268,2.67 ,-0.651371 
269,2.68 ,-0.648327 
270,2.69 ,-0.645238 
271,2.7 ,-0.642104 
272,2.71 ,-0.638926 
273,2.72 ,-0.635706 
274,2.73 ,-0.632445 
275,2.74 ,-0.629144 
276,2.75 ,-0.625803 
277,2.76 ,-0.622424 
278,2.77 ,-0.619008 
279,2.78 ,-0.615556 
280,2.79 ,-0.612069 
281,2.8 ,-0.608548 
282,2.81 ,-0.604995 
283,2.82 ,-0.601409 
284,2.83 ,-0.597793 
285,2.84 ,-0.594147 
286,2.85 ,-0.590472 
287,2.86 ,-0.58677 
288,2.87 ,-0.58304 
289,2.88 ,-0.579286 
290,2.89 ,-0.575506 
291,2.9 ,-0.571703 
292,2.91 ,-0.567877 
293,2.92 ,-0.564029 
294,2.93 ,-0.56016 
295,2.94 ,-0.556272 
296,2.95 ,-0.552365 
297,2.96 ,-0.54844 
298,2.97 ,-0.544497 
299,2.98 ,-0.540539 
300,2.99 ,-0.536566 
301,3 ,-0.532578 
302,3.01 ,-0.528578 
303,3.02 ,-0.524564 
304,3.03 ,-0.52054 
305,3.04 ,-0.516504 
306,3.05 ,-0.512459 
307,3.06 ,-0.508405 
308,3.07 ,-0.504342 
309,3.08 ,-0.500273 
310,3.09 ,-0.496197 
311,3.1 ,-0.492115 
312,3.11 ,-0.488029 
313,3.12 ,-0.483939 
314,3.13 ,-0.479845 
315,3.14 ,-0.475749 
316,3.15 ,-0.471651 
317,3.16 ,-0.467553 
318,3.17 ,-0.463454 
319,3.18 ,-0.459356 
320,3.19 ,-0.455259 
321,3.2 ,-0.451164 
322,3.21 ,-0.447072 
323,3.22 ,-0.442983 
324,3.23 ,-0.438898 
325,3.24 ,-0.434818 
326,3.25 ,-0.430744 
327,3.26 ,-0.426675 
328,3.27 ,-0.422613 
329,3.28 ,-0.418559 
330,3.29 ,-0.414512 
331,3.3 ,-0.410474 
332,3.31 ,-0.406445 
333,3.32 ,-0.402426 
334,3.33 ,-0.398417 
335,3.34 ,-0.394419 
336,3.35 ,-0.390432 
337,3.36 ,-0.386458 
338,3.37 ,-0.382495 
339,3.38 ,-0.378546 
340,3.39 ,-0.37461 
341,3.4 ,-0.370688 
342,3.41 ,-0.366781 
343,3.42 ,-0.362889 
344,3.43 ,-0.359012 
345,3.44 ,-0.35515 
346,3.45 ,-0.351305 
347,3.46 ,-0.347477 
348,3.47 ,-0.343666 
349,3.48 ,-0.339872 
350,3.49 ,-0.336097 
351,3.5 ,-0.332339 
352,3.51 ,-0.328601 
353,3.52 ,-0.324881 
354,3.53 ,-0.321181 
355,3.54 ,-0.317501 
356,3.55 ,-0.31384 
357,3.56 ,-0.3102 
358,3.57 ,-0.306581 
359,3.58 ,-0.302983 
360,3.59 ,-0.299406 
361,3.6 ,-0.295851 
362,3.61 ,-0.292318 
363,3.62 ,-0.288807 
364,3.63 ,-0.285318 
365,3.64 ,-0.281852 
366,3.65 ,-0.278409 
367,3.66 ,-0.274989 
368,3.67 ,-0.271592 
369,3.68 ,-0.268219 
370,3.69 ,-0.26487 
371,3.7 ,-0.261544 
372,3.71 ,-0.258243 
373,3.72 ,-0.254966 
374,3.73 ,-0.251713 
375,3.74 ,-0.248485 
376,3.75 ,-0.245282 
377,3.76 ,-0.242104 
378,3.77 ,-0.238951 
379,3.78 ,-0.235823 
380,3.79 ,-0.23272 
381,3.8 ,-0.229643 
382,3.81 ,-0.226591 
383,3.82 ,-0.223564 
384,3.83 ,-0.220564 
385,3.84 ,-0.217589 
386,3.85 ,-0.21464 
387,3.86 ,-0.211717 
388,3.87 ,-0.208819 
389,3.88 ,-0.205948 
390,3.89 ,-0.203103 
391,3.9 ,-0.200284 
392,3.91 ,-0.197491 
393,3.92 ,-0.194724 
394,3.93 ,-0.191983 
395,3.94 ,-0.189268 
396,3.95 ,-0.186579 
397,3.96 ,-0.183917 
398,3.97 ,-0.18128 
399,3.98 ,-0.17867 
400,3.99 ,-0.176086 
401,4 ,-0.173528 
402,4.01 ,-0.170996 
403,4.02 ,-0.16849 
404,4.03 ,-0.16601 
405,4.04 ,-0.163555 
406,4.05 ,-0.161127 
407,4.06 ,-0.158724 
408,4.07 ,-0.156348 
409,4.08 ,-0.153996 
410,4.09 ,-0.151671 
411,4.1 ,-0.149371 
412,4.11 ,-0.147096 
413,4.12 ,-0.144847 
414,4.13 ,-0.142623 
415,4.14 ,-0.140424 
416,4.15 ,-0.13825 
417,4.16 ,-0.136101 
418,4.17 ,-0.133977 
419,4.18 ,-0.131878 
420,4.19 ,-0.129803 
421,4.2 ,-0.127753 
422,4.21 ,-0.125727 
423,4.22 ,-0.123726 
424,4.23 ,-0.121748 
425,4.24 ,-0.119795 
426,4.25 ,-0.117866 
427,4.26 ,-0.11596 
428,4.27 ,-0.114078 
429,4.28 ,-0.11222 
430,4.29 ,-0.110384 
431,4.3 ,-0.108572 
432,4.31 ,-0.106784 
433,4.32 ,-0.105017 
434,4.33 ,-0.103274 
435,4.34 ,-0.101553 
436,4.35 ,-0.0998551 
437,4.36 ,-0.0981791 
438,4.37 ,-0.0965252 
439,4.38 ,-0.0948933 
440,4.39 ,-0.0932831 
441,4.4 ,-0.0916946 
442,4.41 ,-0.0901275 
443,4.42 ,-0.0885817 
444,4.43 ,-0.087057 
445,4.44 ,-0.0855533 
446,4.45 ,-0.0840703 
447,4.46 ,-0.082608 
448,4.47 ,-0.081166 
449,4.48 ,-0.0797444 
450,4.49 ,-0.0783428 
451,4.5 ,-0.0769611 
452,4.51 ,-0.0755991 
453,4.52 ,-0.0742567 
454,4.53 ,-0.0729336 
455,4.54 ,-0.0716297 
456,4.55 ,-0.0703448 
457,4.56 ,-0.0690788 
458,4.57 ,-0.0678313 
459,4.58 ,-0.0666024 
460,4.59 ,-0.0653917 
461,4.6 ,-0.0641991 
462,4.61 ,-0.0630244 
463,4.62 ,-0.0618675 
464,4.63 ,-0.060728 
465,4.64 ,-0.059606 
466,4.65 ,-0.0585011 
467,4.66 ,-0.0574133 
468,4.67 ,-0.0563422 
469,4.68 ,-0.0552878 
470,4.69 ,-0.0542499 
471,4.7 ,-0.0532282 
472,4.71 ,-0.0522226 
473,4.72 ,-0.0512329 
474,4.73 ,-0.0502589 
475,4.74 ,-0.0493005 
476,4.75 ,-0.0483574 
477,4.76 ,-0.0474295 
478,4.77 ,-0.0465167 
479,4.78 ,-0.0456186 
480,4.79 ,-0.0447353 
481,4.8 ,-0.0438664 
482,4.81 ,-0.0430117 
483,4.82 ,-0.0421713 
484,4.83 ,-0.0413447 
485,4.84 ,-0.040532 
486,4.85 ,-0.0397329 
487,4.86 ,-0.0389471 
488,4.87 ,-0.0381747 
489,4.88 ,-0.0374153 
490,4.89 ,-0.0366689 
491,4.9 ,-0.0359352 
492,4.91 ,-0.0352141 
493,4.92 ,-0.0345054 
494,4.93 ,-0.033809 
495,4.94 ,-0.0331247 
496,4.95 ,-0.0324523 
497,4.96 ,-0.0317916 
498,4.97 ,-0.0311426 
499,4.98 ,-0.030505 
500,4.99 ,-0.0298787 
501,5 ,-0.0292635 
502,5.01 ,-0.0286593 
503,5.02 ,-0.028066 
504,5.03 ,-0.0274833 
505,5.04 ,-0.0269111 
506,5.05 ,-0.0263492 
507,5.06 ,-0.0257976 
508,5.07 ,-0.025256 
509,5.08 ,-0.0247244 
510,5.09 ,-0.0242025 
511,5.1 ,-0.0236903 
512,5.11 ,-0.0231875 
513,5.12 ,-0.0226941 
514,5.13 ,-0.0222098 
515,5.14 ,-0.0217347 
516,5.15 ,-0.0212684 
517,5.16 ,-0.020811 
518,5.17 ,-0.0203622 
519,5.18 ,-0.0199219 
520,5.19 ,-0.01949 
521,5.2 ,-0.0190663 
522,5.21 ,-0.0186508 
523,5.22 ,-0.0182432 
524,5.23 ,-0.0178435 
525,5.24 ,-0.0174516 
526,5.25 ,-0.0170673 
527,5.26 ,-0.0166905 
528,5.27 ,-0.016321 
529,5.28 ,-0.0159588 
530,5.29 ,-0.0156038 
531,5.3 ,-0.0152557 
532,5.31 ,-0.0149145 
533,5.32 ,-0.0145802 
534,5.33 ,-0.0142525 
535,5.34 ,-0.0139313 
536,5.35 ,-0.0136167 
537,5.36 ,-0.0133083 
538,5.37 ,-0.0130062 
539,5.38 ,-0.0127102 
540,5.39 ,-0.0124202 
541,5.4 ,-0.0121362 
542,5.41 ,-0.0118579 
543,5.42 ,-0.0115854 
544,5.43 ,-0.0113185 
545,5.44 ,-0.0110571 
546,5.45 ,-0.0108011 
547,5.46 ,-0.0105504 
548,5.47 ,-0.010305 
549,5.48 ,-0.0100647 
550,5.49 ,-0.00982941 
551,5.5 ,-0.00959909 
552,5.51 ,-0.00937363 
553,5.52 ,-0.00915294 
554,5.53 ,-0.00893693 
555,5.54 ,-0.00872553 
556,5.55 ,-0.00851863 
557,5.56 ,-0.00831617 
558,5.57 ,-0.00811805 
559,5.58 ,-0.00792421 
560,5.59 ,-0.00773455 
561,5.6 ,-0.007549 
562,5.61 ,-0.00736748 
563,5.62 ,-0.00718991 
564,5.63 ,-0.00701622 
565,5.64 ,-0.00684634 
566,5.65 ,-0.0066802 
567,5.66 ,-0.00651771 
568,5.67 ,-0.00635882 
569,5.68 ,-0.00620344 
570,5.69 ,-0.00605152 
571,5.7 ,-0.00590299 
572,5.71 ,-0.00575777 
573,5.72 ,-0.00561581 
574,5.73 ,-0.00547703 
575,5.74 ,-0.00534139 
576,5.75 ,-0.00520881 
577,5.76 ,-0.00507923 
578,5.77 ,-0.00495259 
579,5.78 ,-0.00482884 
580,5.79 ,-0.00470791 
581,5.8 ,-0.00458976 
582,5.81 ,-0.00447431 
583,5.82 ,-0.00436153 
584,5.83 ,-0.00425134 
585,5.84 ,-0.00414371 
586,5.85 ,-0.00403857 
587,5.86 ,-0.00393588 
588,5.87 ,-0.00383558 
589,5.88 ,-0.00373763 
590,5.89 ,-0.00364198 
591,5.9 ,-0.00354857 
592,5.91 ,-0.00345737 
593,5.92 ,-0.00336832 
594,5.93 ,-0.00328137 
595,5.94 ,-0.0031965 
596,5.95 ,-0.00311364 
597,5.96 ,-0.00303276 
598,5.97 ,-0.00295382 
599,5.98 ,-0.00287677 
600,5.99 ,-0.00280157 
601,6 ,-0.00272819 
602,6.01 ,-0.00265657 
603,6.02 ,-0.0025867 
604,6.03 ,-0.00251852 
605,6.04 ,-0.002452 
606,6.05 ,-0.0023871 
607,6.06 ,-0.00232379 
608,6.07 ,-0.00226203 
609,6.08 ,-0.0022018 
610,6.09 ,-0.00214304 
611,6.1 ,-0.00208574 
612,6.11 ,-0.00202986 
613,6.12 ,-0.00197536 
614,6.13 ,-0.00192222 
615,6.14 ,-0.0018704 
616,6.15 ,-0.00181988 
617,6.16 ,-0.00177063 
618,6.17 ,-0.00172261 
619,6.18 ,-0.0016758 
620,6.19 ,-0.00163018 
621,6.2 ,-0.0015857 
622,6.21 ,-0.00154236 
623,6.22 ,-0.00150011 
624,6.23 ,-0.00145895 
625,6.24 ,-0.00141883 
626,6.25 ,-0.00137974 
627,6.26 ,-0.00134165 
628,6.27 ,-0.00130454 
629,6.28 ,-0.00126839 
630,6.29 ,-0.00123317 
631,6.3 ,-0.00119886 
632,6.31 ,-0.00116544 
633,6.32 ,-0.00113289 
634,6.33 ,-0.00110119 
635,6.34 ,-0.00107032 
636,6.35 ,-0.00104025 
637,6.36 ,-0.00101097 
638,6.37 ,-0.000982465 
639,6.38 ,-0.000954708 
640,6.39 ,-0.000927685 
641,6.4 ,-0.000901376 
642,6.41 ,-0.000875765 
643,6.42 ,-0.000850835 
644,6.43 ,-0.000826569 
645,6.44 ,-0.000802951 
646,6.45 ,-0.000779965 
647,6.46 ,-0.000757594 
648,6.47 ,-0.000735825 
649,6.48 ,-0.000714642 
650,6.49 ,-0.00069403 
651,6.5 ,-0.000673976 
652,6.51 ,-0.000654466 
653,6.52 ,-0.000635485 
654,6.53 ,-0.00061702 
655,6.54 ,-0.000599059 
656,6.55 ,-0.000581589 
657,6.56 ,-0.000564598 
658,6.57 ,-0.000548072 
659,6.58 ,-0.000532001 
660,6.59 ,-0.000516373 
661,6.6 ,-0.000501177 
662,6.61 ,-0.000486401 
663,6.62 ,-0.000472034 
664,6.63 ,-0.000458067 
665,6.64 ,-0.000444489 
666,6.65 ,-0.00043129 
667,6.66 ,-0.000418459 
668,6.67 ,-0.000405988 
669,6.68 ,-0.000393868 
670,6.69 ,-0.000382088 
671,6.7 ,-0.00037064 
672,6.71 ,-0.000359515 
673,6.72 ,-0.000348705 
674,6.73 ,-0.000338202 
675,6.74 ,-0.000327997 
676,6.75 ,-0.000318083 
677,6.76 ,-0.000308451 
678,6.77 ,-0.000299095 
679,6.78 ,-0.000290007 
680,6.79 ,-0.000281179 
681,6.8 ,-0.000272605 
682,6.81 ,-0.000264279 
683,6.82 ,-0.000256192 
684,6.83 ,-0.00024834 
685,6.84 ,-0.000240715 
686,6.85 ,-0.000233311 
687,6.86 ,-0.000226123 
688,6.87 ,-0.000219145 
689,6.88 ,-0.00021237 
690,6.89 ,-0.000205793 
691,6.9 ,-0.000199409 
692,6.91 ,-0.000193213 
693,6.92 ,-0.000187199 
694,6.93 ,-0.000181362 
695,6.94 ,-0.000175698 
696,6.95 ,-0.000170201 
697,6.96 ,-0.000164868 
698,6.97 ,-0.000159693 
699,6.98 ,-0.000154671 
700,6.99 ,-0.0001498 
701,7 ,-0.000145074 
702,7.01 ,-0.00014049 
703,7.02 ,-0.000136043 
704,7.03 ,-0.000131729 
705,7.04 ,-0.000127546 
706,7.05 ,-0.000123489 
707,7.06 ,-0.000119554 
708,7.07 ,-0.000115738 
709,7.08 ,-0.000112038 
710,7.09 ,-0.000108451 
711,7.1 ,-0.000104972 
712,7.11 ,-0.0001016 
713,7.12 ,-9.83307e-05 
714,7.13 ,-9.51614e-05 
715,7.14 ,-9.20893e-05 
716,7.15 ,-8.91115e-05 
717,7.16 ,-8.62254e-05 
718,7.17 ,-8.34282e-05 
719,7.18 ,-8.07174e-05 
720,7.19 ,-7.80905e-05 
721,7.2 ,-7.55449e-05 
722,7.21 ,-7.30784e-05 
723,7.22 ,-7.06886e-05 
724,7.23 ,-6.83732e-05 
725,7.24 ,-6.61301e-05 
726,7.25 ,-6.39572e-05 
727,7.26 ,-6.18523e-05 
728,7.27 ,-5.98134e-05 
729,7.28 ,-5.78386e-05 
730,7.29 ,-5.5926e-05 
731,7.3 ,-5.40738e-05 
732,7.31 ,-5.228e-05 
733,7.32 ,-5.0543e-05 
734,7.33 ,-4.88611e-05 
735,7.34 ,-4.72327e-05 
736,7.35 ,-4.5656e-05 
737,7.36 ,-4.41296e-05 
738,7.37 ,-4.26519e-05 
739,7.38 ,-4.12215e-05 
740,7.39 ,-3.98369e-05 
741,7.4 ,-3.84967e-05 
742,7.41 ,-3.71997e-05 
743,7.42 ,-3.59443e-05 
744,7.43 ,-3.47295e-05 
745,7.44 ,-3.3554e-05 
746,7.45 ,-3.24164e-05 
747,7.46 ,-3.13158e-05 
748,7.47 ,-3.02509e-05 
749,7.48 ,-2.92206e-05 
750,7.49 ,-2.82239e-05 
751,7.5 ,-2.72598e-05 
752,7.51 ,-2.63271e-05 
753,7.52 ,-2.5425e-05 
754,7.53 ,-2.45525e-05 
755,7.54 ,-2.37087e-05 
756,7.55 ,-2.28926e-05 
757,7.56 ,-2.21035e-05 
758,7.57 ,-2.13404e-05 
759,7.58 ,-2.06025e-05 
760,7.59 ,-1.98891e-05 
761,7.6 ,-1.91993e-05 
762,7.61 ,-1.85325e-05 
763,7.62 ,-1.78879e-05 
764,7.63 ,-1.72648e-05 
765,7.64 ,-1.66625e-05 
766,7.65 ,-1.60803e-05 
767,7.66 ,-1.55177e-05 
768,7.67 ,-1.49739e-05 
769,7.68 ,-1.44484e-05 
770,7.69 ,-1.39406e-05 
771,7.7 ,-1.34499e-05 
772,7.71 ,-1.29758e-05 
773,7.72 ,-1.25178e-05 
774,7.73 ,-1.20753e-05 
775,7.74 ,-1.16478e-05 
776,7.75 ,-1.12348e-05 
777,7.76 ,-1.08359e-05 
778,7.77 ,-1.04506e-05 
779,7.78 ,-1.00784e-05 
780,7.79 ,-9.71902e-06 
781,7.8 ,-9.37193e-06 
782,7.81 ,-9.03674e-06 
783,7.82 ,-8.71308e-06 
784,7.83 ,-8.40057e-06 
785,7.84 ,-8.09883e-06 
786,7.85 ,-7.80751e-06 
787,7.86 ,-7.52627e-06 
788,7.87 ,-7.25477e-06 
789,7.88 ,-6.99269e-06 
790,7.89 ,-6.73972e-06 
791,7.9 ,-6.49555e-06 
792,7.91 ,-6.2599e-06 
793,7.92 ,-6.03247e-06 
794,7.93 ,-5.813e-06 
795,7.94 ,-5.60121e-06 
796,7.95 ,-5.39685e-06 
797,7.96 ,-5.19967e-06 
798,7.97 ,-5.00943e-06 
799,7.98 ,-4.82589e-06 
800,7.99 ,-4.64883e-06 
801,8 ,-4.47802e-06 
802,8.01 ,-4.31326e-06 
803,8.02 ,-4.15434e-06 
804,8.03 ,-4.00107e-06 
805,8.04 ,-3.85324e-06 
806,8.05 ,-3.71068e-06 
807,8.06 ,-3.5732e-06 
808,8.07 ,-3.44063e-06 
809,8.08 ,-3.31281e-06 
810,8.09 ,-3.18956e-06 
811,8.1 ,-3.07074e-06 
812,8.11 ,-2.95618e-06 
813,8.12 ,-2.84575e-06 
814,8.13 ,-2.7393e-06 
815,8.14 ,-2.63669e-06 
816,8.15 ,-2.53779e-06 
817,8.16 ,-2.44247e-06 
818,8.17 ,-2.3506e-06 
819,8.18 ,-2.26207e-06 
820,8.19 ,-2.17676e-06 
821,8.2 ,-2.09455e-06 
822,8.21 ,-2.01534e-06 
823,8.22 ,-1.93903e-06 
824,8.23 ,-1.8655e-06 
825,8.24 ,-1.79467e-06 
826,8.25 ,-1.72644e-06 
827,8.26 ,-1.66071e-06 
828,8.27 ,-1.5974e-06 
829,8.28 ,-1.53642e-06 
830,8.29 ,-1.47769e-06 
831,8.3 ,-1.42114e-06 
832,8.31 ,-1.36667e-06 
833,8.32 ,-1.31422e-06 
834,8.33 ,-1.26372e-06 
835,8.34 ,-1.21509e-06 
836,8.35 ,-1.16828e-06 
837,8.36 ,-1.12321e-06 
838,8.37 ,-1.07982e-06 
839,8.38 ,-1.03805e-06 
840,8.39 ,-9.97843e-07 
841,8.4 ,-9.59144e-07 
842,8.41 ,-9.21898e-07 
843,8.42 ,-8.86051e-07 
844,8.43 ,-8.51554e-07 
845,8.44 ,-8.18356e-07 
846,8.45 ,-7.86412e-07 
847,8.46 ,-7.55675e-07 
848,8.47 ,-7.26101e-07 
849,8.48 ,-6.97648e-07 
850,8.49 ,-6.70275e-07 
851,8.5 ,-6.43942e-07 
852,8.51 ,-6.18612e-07 
853,8.52 ,-5.94247e-07 
854,8.53 ,-5.70812e-07 
855,8.54 ,-5.48273e-07 
856,8.55 ,-5.26596e-07 
857,8.56 ,-5.0575e-07 
858,8.57 ,-4.85705e-07 
859,8.58 ,-4.6643e-07 
860,8.59 ,-4.47896e-07 
861,8.6 ,-4.30077e-07 
862,8.61 ,-4.12946e-07 
863,8.62 ,-3.96477e-07 
864,8.63 ,-3.80646e-07 
865,8.64 ,-3.65428e-07 
866,8.65 ,-3.50801e-07 
867,8.66 ,-3.36742e-07 
868,8.67 ,-3.23231e-07 
869,8.68 ,-3.10246e-07 
870,8.69 ,-2.97768e-07 
871,8.7 ,-2.85778e-07 
872,8.71 ,-2.74257e-07 
873,8.72 ,-2.63188e-07 
874,8.73 ,-2.52553e-07 
875,8.74 ,-2.42337e-07 
876,8.75 ,-2.32523e-07 
877,8.76 ,-2.23096e-07 
878,8.77 ,-2.14041e-07 
879,8.78 ,-2.05344e-07 
880,8.79 ,-1.96992e-07 
881,8.8 ,-1.88971e-07 
882,8.81 ,-1.81268e-07 
883,8.82 ,-1.73872e-07 
884,8.83 ,-1.66771e-07 
885,8.84 ,-1.59953e-07 
886,8.85 ,-1.53408e-07 
887,8.86 ,-1.47125e-07 
888,8.87 ,-1.41093e-07 
889,8.88 ,-1.35304e-07 
890,8.89 ,-1.29748e-07 
891,8.9 ,-1.24416e-07 
892,8.91 ,-1.193e-07 
893,8.92 ,-1.1439e-07 
894,8.93 ,-1.09679e-07 
895,8.94 ,-1.05159e-07 
896,8.95 ,-1.00824e-07 
897,8.96 ,-9.66645e-08 
898,8.97 ,-9.26754e-08 
899,8.98 ,-8.88495e-08 
900,8.99 ,-8.51806e-08 
901,9 ,-8.16625e-08 
902,9.01 ,-7.82893e-08 
903,9.02 ,-7.50555e-08 
904,9.03 ,-7.19556e-08 
905,9.04 ,-6.89844e-08 
906,9.05 ,-6.6137e-08 
907,9.06 ,-6.34084e-08 
908,9.07 ,-6.07941e-08 
909,9.08 ,-5.82897e-08 
910,9.09 ,-5.58908e-08 
911,9.1 ,-5.35935e-08 
912,9.11 ,-5.13937e-08 
913,9.12 ,-4.92877e-08 
914,9.13 ,-4.72719e-08 
915,9.14 ,-4.53427e-08 
916,9.15 ,-4.3497e-08 
917,9.16 ,-4.17314e-08 
918,9.17 ,-4.0043e-08 
919,9.18 ,-3.84287e-08 
920,9.19 ,-3.68858e-08 
921,9.2 ,-3.54116e-08 
922,9.21 ,-3.40034e-08 
923,9.22 ,-3.26589e-08 
924,9.23 ,-3.13756e-08 
925,9.24 ,-3.01513e-08 
926,9.25 ,-2.89839e-08 
927,9.26 ,-2.78712e-08 
928,9.27 ,-2.68112e-08 
929,9.28 ,-2.58022e-08 
930,9.29 ,-2.48423e-08 
931,9.3 ,-2.39298e-08 
932,9.31 ,-2.30631e-08 
933,9.32 ,-2.22405e-08 
934,9.33 ,-2.14607e-08 
935,9.34 ,-2.07223e-08 
936,9.35 ,-2.00239e-08 
937,9.36 ,-1.93642e-08 
938,9.37 ,-1.87421e-08 
939,9.38 ,-1.81565e-08 
940,9.39 ,-1.76063e-08 
941,9.4 ,-1.70905e-08 
942,9.41 ,-1.66081e-08 
943,9.42 ,-1.61584e-08 
944,9.43 ,-1.57405e-08 
945,9.44 ,-1.53537e-08 
946,9.45 ,-1.49972e-08 
947,9.46 ,-1.46705e-08 
948,9.47 ,-1.4373e-08 
949,9.48 ,-1.4104e-08 
950,9.49 ,-1.38633e-08 
951,9.5 ,-1.36503e-08 
952,9.51 ,-1.34646e-08 
953,9.52 ,-1.33061e-08 
954,9.53 ,-1.31744e-08 
955,9.54 ,-1.30693e-08 
956,9.55 ,-1.29907e-08 
957,9.56 ,-1.29385e-08 
958,9.57 ,-1.29125e-08 
959,9.58 ,-1.2913e-08 
960,9.59 ,-1.29398e-08 
961,9.6 ,-1.29932e-08 
962,9.61 ,-1.30732e-08 
963,9.62 ,-1.31802e-08 
964,9.63 ,-1.33144e-08 
965,9.64 ,-1.34761e-08 
966,9.65 ,-1.36658e-08 
967,9.66 ,-1.38838e-08 
968,9.67 ,-1.41308e-08 
969,9.68 ,-1.44073e-08 
970,9.69 ,-1.4714e-08 
971,9.7 ,-1.50515e-08 
972,9.71 ,-1.54207e-08 
973,9.72 ,-1.58223e-08 
974,9.73 ,-1.62574e-08 
975,9.74 ,-1.67269e-08 
976,9.75 ,-1.72319e-08 
977,9.76 ,-1.77736e-08 
978,9.77 ,-1.83532e-08 
979,9.78 ,-1.89719e-08 
980,9.79 ,-1.96313e-08 
981,9.8 ,-2.03328e-08 
982,9.81 ,-2.10781e-08 
983,9.82 ,-2.18688e-08 
984,9.83 ,-2.27068e-08 
985,9.84 ,-2.3594e-08 
986,9.85 ,-2.45324e-08 
987,9.86 ,-2.55242e-08 
988,9.87 ,-2.65717e-08 
989,9.88 ,-2.76772e-08 
990,9.89 ,-2.88434e-08 
991,9.9 ,-3.00729e-08 
992,9.91 ,-3.13685e-08 
993,9.92 ,-3.27334e-08 
994,9.93 ,-3.41706e-08 
995,9.94 ,-3.56836e-08 
996,9.95 ,-3.72758e-08 
997,9.96 ,-3.89509e-08 
998,9.97 ,-4.07129e-08 
999,9.98 ,-4.25659e-08 
1000,9.99 ,-4.45143e-08 