
1,0 ,1.22519 ,0 ,0 
2,0.05 ,1.22519 ,0.05 ,0 
3,0.1 ,1.22519 ,0.122519 ,0 
4,0.15 ,1.47139 ,0.220708 ,1 
5,0.2 ,1.71975 ,0.34395 ,1 
6,0.25 ,1.96326 ,0.490814 ,0 
7,0.3 ,2.19808 ,0.659424 ,0 
8,0.35 ,2.42159 ,0.847556 ,0 
9,0.4 ,2.63176 ,1.0527 ,0 
10,0.45 ,2.82693 ,1.27212 ,1.54038 
11,0.5 ,3.00569 ,1.50285 ,3.56034 
12,0.55 ,3.16688 ,1.74178 ,5.57531 
13,0.6 ,3.3095 ,1.9857 ,2.50009 
14,0.65 ,3.43277 ,2.2313 ,4.50023 
15,0.7 ,3.53606 ,2.47524 ,0 
16,0.75 ,3.61896 ,2.71422 ,0 
17,0.8 ,3.6812 ,2.94496 ,0 
18,0.85 ,3.72269 ,3.16429 ,0 
19,0.9 ,3.74351 ,3.36916 ,0 
20,0.95 ,3.74391 ,3.55671 ,0 
21,1 ,3.72428 ,3.72428 ,0 
22,1.05 ,3.68516 ,3.86942 ,0 
23,1.1 ,3.62725 ,3.98997 ,0 
24,1.15 ,3.55134 ,4.08404 ,0 
25,1.2 ,3.45837 ,4.15004 ,0 
26,1.25 ,3.34937 ,4.18671 ,0 
27,1.3 ,3.22548 ,4.19312 ,0 
28,1.35 ,3.08789 ,4.16866 ,0 
29,1.4 ,2.9379 ,4.11307 ,0 
30,1.45 ,2.77684 ,4.02641 ,0 
31,1.5 ,2.60606 ,3.9091 ,0 
32,1.55 ,2.42699 ,3.76183 ,0 
33,1.6 ,2.24102 ,3.58563 ,0 
34,1.65 ,2.04958 ,3.3818 ,0 
35,1.7 ,1.85406 ,3.15191 ,0 
36,1.75 ,1.65585 ,2.89774 ,0 
37,1.8 ,1.4563 ,2.62134 ,0 
38,1.85 ,1.2567 ,2.32489 ,0 
39,1.9 ,1.05829 ,2.01076 ,0 
40,1.95 ,0.862275 ,1.68144 ,0 
41,2 ,0.669754 ,1.33951 ,0 
42,2.05 ,0.481768 ,0.987625 ,0 
43,2.1 ,0.299273 ,0.628473 ,0 
44,2.15 ,0.123137 ,0.264744 ,0 
45,2.2 ,-0.0458606 ,-0.100893 ,0 
46,2.25 ,-0.207031 ,-0.465821 ,0 
47,2.3 ,-0.359781 ,-0.827496 ,0 
48,2.35 ,-0.503607 ,-1.18348 ,0 
49,2.4 ,-0.638101 ,-1.53144 ,0 
50,2.45 ,-0.762944 ,-1.86921 ,0 
51,2.5 ,-0.877906 ,-2.19477 ,0 
52,2.55 ,-0.982842 ,-2.50625 ,0 
53,2.6 ,-1.07769 ,-2.80199 ,0 
54,2.65 ,-1.16246 ,-3.08052 ,0 
55,2.7 ,-1.23724 ,-3.34056 ,0 
56,2.75 ,-1.30219 ,-3.58103 ,0 
57,2.8 ,-1.35752 ,-3.80106 ,0 
58,2.85 ,-1.4035 ,-3.99997 ,0 
59,2.9 ,-1.44045 ,-4.17731 ,0 
60,2.95 ,-1.46874 ,-4.33278 ,0 
61,3 ,-1.48877 ,-4.4663 ,0 
62,3.05 ,-1.50097 ,-4.57795 ,0 
63,3.1 ,-1.5058 ,-4.668 ,0 
64,3.15 ,-1.50376 ,-4.73683 ,0 
65,3.2 ,-1.49532 ,-4.78501 ,0 
66,3.25 ,-1.48099 ,-4.81323 ,0 
67,3.3 ,-1.46129 ,-4.82227 ,0 
68,3.35 ,-1.43673 ,-4.81303 ,0 
69,3.4 ,-1.4078 ,-4.78651 ,0 
70,3.45 ,-1.375 ,-4.74376 ,0 
71,3.5 ,-1.33883 ,-4.6859 ,0 
72,3.55 ,-1.29974 ,-4.61409 ,0 
73,3.6 ,-1.2582 ,-4.52952 ,0 
74,3.65 ,-1.21463 ,-4.43341 ,0 
75,3.7 ,-1.16945 ,-4.32698 ,0 
76,3.75 ,-1.12305 ,-4.21143 ,0 
77,3.8 ,-1.07578 ,-4.08796 ,0 
78,3.85 ,-1.02799 ,-3.95775 ,0 
79,3.9 ,-0.979984 ,-3.82194 ,0 
80,3.95 ,-0.932053 ,-3.68161 ,0 
81,4 ,-0.884457 ,-3.53783 ,0 
82,4.05 ,-0.837428 ,-3.39158 ,0 
83,4.1 ,-0.791176 ,-3.24382 ,0 
84,4.15 ,-0.745883 ,-3.09541 ,0 
85,4.2 ,-0.70171 ,-2.94718 ,0 
86,4.25 ,-0.658794 ,-2.79987 ,0 
87,4.3 ,-0.617249 ,-2.65417 ,0 
88,4.35 ,-0.577171 ,-2.51069 ,0 
89,4.4 ,-0.538635 ,-2.36999 ,0 
90,4.45 ,-0.501698 ,-2.23255 ,0 
91,4.5 ,-0.4664 ,-2.0988 ,0 
92,4.55 ,-0.432767 ,-1.96909 ,0 
93,4.6 ,-0.400811 ,-1.84373 ,0 
94,4.65 ,-0.37053 ,-1.72296 ,0 
95,4.7 ,-0.341912 ,-1.60699 ,0 
96,4.75 ,-0.314936 ,-1.49594 ,0 
97,4.8 ,-0.28957 ,-1.38993 ,0 
98,4.85 ,-0.265776 ,-1.28901 ,0 
99,4.9 ,-0.24351 ,-1.1932 ,0 
100,4.95 ,-0.222722 ,-1.10247 ,0 
101,5 ,-0.203358 ,-1.01679 ,0 
102,5.05 ,-0.18536 ,-0.936069 ,0 
103,5.1 ,-0.168669 ,-0.860213 ,0 
104,5.15 ,-0.153223 ,-0.789099 ,0 
105,5.2 ,-0.138959 ,-0.722588 ,0 
106,5.25 ,-0.125814 ,-0.660525 ,0 
107,5.3 ,-0.113725 ,-0.602744 ,0 
108,5.35 ,-0.10263 ,-0.549069 ,0 
109,5.4 ,-0.0924661 ,-0.499317 ,0 
110,5.45 ,-0.0831745 ,-0.453301 ,0 
111,5.5 ,-0.0746963 ,-0.41083 ,0 
112,5.55 ,-0.0669752 ,-0.371712 ,0 
113,5.6 ,-0.0599568 ,-0.335758 ,0 
114,5.65 ,-0.053589 ,-0.302778 ,0 
115,5.7 ,-0.0478222 ,-0.272586 ,0 
116,5.75 ,-0.0426092 ,-0.245003 ,0 
117,5.8 ,-0.0379053 ,-0.219851 ,0 
118,5.85 ,-0.0336685 ,-0.19696 ,0 
119,5.9 ,-0.029859 ,-0.176168 ,0 
120,5.95 ,-0.0264399 ,-0.157317 ,0 
121,6 ,-0.0233765 ,-0.140259 ,0 
122,6.05 ,-0.0206365 ,-0.124851 ,0 
123,6.1 ,-0.01819 ,-0.110959 ,0 
124,6.15 ,-0.0160093 ,-0.098457 ,0 
125,6.2 ,-0.0140688 ,-0.0872263 ,0 
126,6.25 ,-0.0123449 ,-0.0771556 ,0 
127,6.3 ,-0.010816 ,-0.0681411 ,0 
128,6.35 ,-0.0094624 ,-0.0600863 ,0 
129,6.4 ,-0.00826586 ,-0.0529015 ,0 
130,6.45 ,-0.00720992 ,-0.046504 ,0 
131,6.5 ,-0.00627959 ,-0.0408173 ,0 
132,6.55 ,-0.00546124 ,-0.0357711 ,0 
133,6.6 ,-0.00474257 ,-0.0313009 ,0 
134,6.65 ,-0.00411243 ,-0.0273477 ,0 
135,6.7 ,-0.00356081 ,-0.0238575 ,0 
136,6.75 ,-0.0030787 ,-0.0207812 ,0 
137,6.8 ,-0.00265799 ,-0.0180743 ,0 
138,6.85 ,-0.00229144 ,-0.0156964 ,0 
139,6.9 ,-0.00197259 ,-0.0136109 ,0 
140,6.95 ,-0.00169566 ,-0.0117848 ,0 
141,7 ,-0.00145551 ,-0.0101885 ,0 
142,7.05 ,-0.00124757 ,-0.00879539 ,0 
143,7.1 ,-0.00106781 ,-0.00758148 ,0 
144,7.15 ,-0.00091265 ,-0.00652545 ,0 
145,7.2 ,-0.00077892 ,-0.00560823 ,0 
146,7.25 ,-0.00066384 ,-0.00481284 ,0 
147,7.3 ,-0.000564958 ,-0.00412419 ,0 
148,7.35 ,-0.000480124 ,-0.00352891 ,0 
149,7.4 ,-0.000407451 ,-0.00301514 ,0 
150,7.45 ,-0.00034529 ,-0.00257241 ,0 
151,7.5 ,-0.000292199 ,-0.0021915 ,0 
152,7.55 ,-0.000246924 ,-0.00186428 ,0 
153,7.6 ,-0.000208371 ,-0.00158362 ,0 
154,7.65 ,-0.000175591 ,-0.00134327 ,0 
155,7.7 ,-0.000147761 ,-0.00113776 ,0 
156,7.75 ,-0.000124167 ,-0.000962297 ,0 
157,7.8 ,-0.000104196 ,-0.000812727 ,0 
158,7.85 ,-8.73147e-05 ,-0.000685421 ,0 
159,7.9 ,-7.30668e-05 ,-0.000577228 ,0 
160,7.95 ,-6.1059e-05 ,-0.000485419 ,0 
161,8 ,-5.09537e-05 ,-0.00040763 ,0 
162,8.05 ,-4.2462e-05 ,-0.000341819 ,0 
163,8.1 ,-3.53366e-05 ,-0.000286226 ,0 
164,8.15 ,-2.93662e-05 ,-0.000239335 ,0 
165,8.2 ,-2.4371e-05 ,-0.000199842 ,0 
166,8.25 ,-2.01976e-05 ,-0.00016663 ,0 
167,8.3 ,-1.67158e-05 ,-0.000138741 ,0 
168,8.35 ,-1.38152e-05 ,-0.000115357 ,0 
169,8.4 ,-1.14023e-05 ,-9.57795e-05 ,0 
170,8.45 ,-9.39794e-06 ,-7.94126e-05 ,0 
171,8.5 ,-7.73531e-06 ,-6.57501e-05 ,0 
172,8.55 ,-6.35812e-06 ,-5.43619e-05 ,0 
173,8.6 ,-5.21899e-06 ,-4.48833e-05 ,0 
174,8.65 ,-4.27812e-06 ,-3.70057e-05 ,0 
175,8.7 ,-3.50209e-06 ,-3.04681e-05 ,0 
176,8.75 ,-2.86293e-06 ,-2.50506e-05 ,0 
177,8.8 ,-2.33725e-06 ,-2.05678e-05 ,0 
178,8.85 ,-1.90552e-06 ,-1.68638e-05 ,0 
179,8.9 ,-1.55144e-06 ,-1.38078e-05 ,0 
180,8.95 ,-1.26145e-06 ,-1.129e-05 ,0 
181,9 ,-1.0243e-06 ,-9.21874e-06 ,0 
182,9.05 ,-8.30637e-07 ,-7.51726e-06 ,0 
183,9.1 ,-6.72706e-07 ,-6.12163e-06 ,0 
184,9.15 ,-5.44105e-07 ,-4.97856e-06 ,0 
185,9.2 ,-4.39539e-07 ,-4.04376e-06 ,0 
186,9.25 ,-3.54646e-07 ,-3.28047e-06 ,0 
187,9.3 ,-2.85832e-07 ,-2.65824e-06 ,0 
188,9.35 ,-2.30145e-07 ,-2.15185e-06 ,0 
189,9.4 ,-1.85162e-07 ,-1.74053e-06 ,0 
190,9.45 ,-1.48901e-07 ,-1.40711e-06 ,0 
191,9.5 ,-1.19739e-07 ,-1.13752e-06 ,0 
192,9.55 ,-9.63581e-08 ,-9.2022e-07 ,0 
193,9.6 ,-7.76835e-08 ,-7.45762e-07 ,0 
194,9.65 ,-6.28478e-08 ,-6.06481e-07 ,0 
195,9.7 ,-5.11522e-08 ,-4.96177e-07 ,0 
196,9.75 ,-4.20392e-08 ,-4.09882e-07 ,0 
197,9.8 ,-3.50689e-08 ,-3.43675e-07 ,0 
198,9.85 ,-2.99009e-08 ,-2.94524e-07 ,0 
199,9.9 ,-2.62801e-08 ,-2.60173e-07 ,0 
200,9.95 ,-2.40262e-08 ,-2.3906e-07 ,0 