
1,0 ,0.0178631 
2,0.01 ,0.0178631 
3,0.02 ,0.0178631 
4,0.03 ,0.0267912 
5,0.04 ,0.0357154 
6,0.05 ,0.0446342 
7,0.06 ,0.0535463 
8,0.07 ,0.0624504 
9,0.08 ,0.0713451 
10,0.09 ,0.0802291 
11,0.1 ,0.0891012 
12,0.11 ,0.0979598 
13,0.12 ,0.106804 
14,0.13 ,0.115632 
15,0.14 ,0.124443 
16,0.15 ,0.133235 
17,0.16 ,0.142007 
18,0.17 ,0.150758 
19,0.18 ,0.159486 
20,0.19 ,0.168191 
21,0.2 ,0.176871 
22,0.21 ,0.185524 
23,0.22 ,0.19415 
24,0.23 ,0.202747 
25,0.24 ,0.211313 
26,0.25 ,0.219848 
27,0.26 ,0.228351 
28,0.27 ,0.23682 
29,0.28 ,0.245253 
30,0.29 ,0.253651 
31,0.3 ,0.262011 
32,0.31 ,0.270332 
33,0.32 ,0.278613 
34,0.33 ,0.286853 
35,0.34 ,0.295051 
36,0.35 ,0.303205 
37,0.36 ,0.311315 
38,0.37 ,0.31938 
39,0.38 ,0.327397 
40,0.39 ,0.335366 
41,0.4 ,0.343287 
42,0.41 ,0.351157 
43,0.42 ,0.358976 
44,0.43 ,0.366743 
45,0.44 ,0.374457 
46,0.45 ,0.382116 
47,0.46 ,0.38972 
48,0.47 ,0.397268 
49,0.48 ,0.404758 
50,0.49 ,0.412189 
51,0.5 ,0.419562 
52,0.51 ,0.426874 
53,0.52 ,0.434124 
54,0.53 ,0.441313 
55,0.54 ,0.448438 
56,0.55 ,0.4555 
57,0.56 ,0.462496 
58,0.57 ,0.469427 
59,0.58 ,0.476292 
60,0.59 ,0.483088 
61,0.6 ,0.489817 
62,0.61 ,0.496477 
63,0.62 ,0.503066 
64,0.63 ,0.509585 
65,0.64 ,0.516033 
66,0.65 ,0.522408 
67,0.66 ,0.528711 
68,0.67 ,0.53494 
69,0.68 ,0.541095 
70,0.69 ,0.547175 
71,0.7 ,0.553179 
72,0.71 ,0.559108 
73,0.72 ,0.564959 
74,0.73 ,0.570733 
75,0.74 ,0.576429 
76,0.75 ,0.582047 
77,0.76 ,0.587585 
78,0.77 ,0.593043 
79,0.78 ,0.598422 
80,0.79 ,0.60372 
81,0.8 ,0.608936 
82,0.81 ,0.614072 
83,0.82 ,0.619125 
84,0.83 ,0.624095 
85,0.84 ,0.628983 
86,0.85 ,0.633787 
87,0.86 ,0.638508 
88,0.87 ,0.643145 
89,0.88 ,0.647698 
90,0.89 ,0.652166 
91,0.9 ,0.656549 
92,0.91 ,0.660847 
93,0.92 ,0.665059 
94,0.93 ,0.669186 
95,0.94 ,0.673227 
96,0.95 ,0.677181 
97,0.96 ,0.68105 
98,0.97 ,0.684832 
99,0.98 ,0.688527 
100,0.99 ,0.692136 
101,1 ,0.695658 
102,1.01 ,0.699092 
103,1.02 ,0.70244 
104,1.03 ,0.705701 
105,1.04 ,0.708874 
106,1.05 ,0.711961 
107,1.06 ,0.71496 
108,1.07 ,0.717872 
109,1.08 ,0.720697 
110,1.09 ,0.723435 
111,1.1 ,0.726085 
112,1.11 ,0.728649 
113,1.12 ,0.731126 
114,1.13 ,0.733517 
115,1.14 ,0.73582 
116,1.15 ,0.738037 
117,1.16 ,0.740168 
118,1.17 ,0.742213 
119,1.18 ,0.744172 
120,1.19 ,0.746045 
121,1.2 ,0.747833 
122,1.21 ,0.749535 
123,1.22 ,0.751152 
124,1.23 ,0.752685 
125,1.24 ,0.754133 
126,1.25 ,0.755497 
127,1.26 ,0.756777 
128,1.27 ,0.757974 
129,1.28 ,0.759088 
130,1.29 ,0.760119 
131,1.3 ,0.761067 
132,1.31 ,0.761934 
133,1.32 ,0.762719 
134,1.33 ,0.763422 
135,1.34 ,0.764045 
136,1.35 ,0.764588 
137,1.36 ,0.765051 
138,1.37 ,0.765434 
139,1.38 ,0.765739 
140,1.39 ,0.765965 
141,1.4 ,0.766113 
142,1.41 ,0.766184 
143,1.42 ,0.766178 
144,1.43 ,0.766096 
145,1.44 ,0.765938 
146,1.45 ,0.765704 
147,1.46 ,0.765396 
148,1.47 ,0.765015 
149,1.48 ,0.764559 
150,1.49 ,0.764031 
151,1.5 ,0.763431 
152,1.51 ,0.762759 
153,1.52 ,0.762016 
154,1.53 ,0.761203 
155,1.54 ,0.76032 
156,1.55 ,0.759369 
157,1.56 ,0.758349 
158,1.57 ,0.757261 
159,1.58 ,0.756107 
160,1.59 ,0.754886 
161,1.6 ,0.7536 
162,1.61 ,0.752248 
163,1.62 ,0.750833 
164,1.63 ,0.749355 
165,1.64 ,0.747814 
166,1.65 ,0.746211 
167,1.66 ,0.744546 
168,1.67 ,0.742822 
169,1.68 ,0.741038 
170,1.69 ,0.739194 
171,1.7 ,0.737293 
172,1.71 ,0.735335 
173,1.72 ,0.73332 
174,1.73 ,0.731249 
175,1.74 ,0.729123 
176,1.75 ,0.726943 
177,1.76 ,0.72471 
178,1.77 ,0.722424 
179,1.78 ,0.720086 
180,1.79 ,0.717697 
181,1.8 ,0.715259 
182,1.81 ,0.71277 
183,1.82 ,0.710234 
184,1.83 ,0.707649 
185,1.84 ,0.705018 
186,1.85 ,0.70234 
187,1.86 ,0.699618 
188,1.87 ,0.696851 
189,1.88 ,0.69404 
190,1.89 ,0.691186 
191,1.9 ,0.688291 
192,1.91 ,0.685354 
193,1.92 ,0.682377 
194,1.93 ,0.679361 
195,1.94 ,0.676306 
196,1.95 ,0.673213 
197,1.96 ,0.670083 
198,1.97 ,0.666917 
199,1.98 ,0.663716 
200,1.99 ,0.66048 
201,2 ,0.657211 
202,2.01 ,0.653908 
203,2.02 ,0.650574 
204,2.03 ,0.647208 
205,2.04 ,0.643812 
206,2.05 ,0.640387 
207,2.06 ,0.636932 
208,2.07 ,0.63345 
209,2.08 ,0.62994 
210,2.09 ,0.626405 
211,2.1 ,0.622843 
212,2.11 ,0.619257 
213,2.12 ,0.615647 
214,2.13 ,0.612014 
215,2.14 ,0.608358 
216,2.15 ,0.604681 
217,2.16 ,0.600982 
218,2.17 ,0.597264 
219,2.18 ,0.593527 
220,2.19 ,0.589771 
221,2.2 ,0.585997 
222,2.21 ,0.582206 
223,2.22 ,0.578399 
224,2.23 ,0.574577 
225,2.24 ,0.57074 
226,2.25 ,0.566889 
227,2.26 ,0.563024 
228,2.27 ,0.559147 
229,2.28 ,0.555258 
230,2.29 ,0.551358 
231,2.3 ,0.547448 
232,2.31 ,0.543527 
233,2.32 ,0.539598 
234,2.33 ,0.535661 
235,2.34 ,0.531715 
236,2.35 ,0.527763 
237,2.36 ,0.523805 
238,2.37 ,0.519841 
239,2.38 ,0.515872 
240,2.39 ,0.511898 
241,2.4 ,0.507921 
242,2.41 ,0.503941 
243,2.42 ,0.499958 
244,2.43 ,0.495974 
245,2.44 ,0.491989 
246,2.45 ,0.488002 
247,2.46 ,0.484016 
248,2.47 ,0.480031 
249,2.48 ,0.476047 
250,2.49 ,0.472064 
251,2.5 ,0.468084 
252,2.51 ,0.464107 
253,2.52 ,0.460133 
254,2.53 ,0.456164 
255,2.54 ,0.452199 
256,2.55 ,0.448239 
257,2.56 ,0.444284 
258,2.57 ,0.440336 
259,2.58 ,0.436395 
260,2.59 ,0.43246 
261,2.6 ,0.428534 
262,2.61 ,0.424615 
263,2.62 ,0.420705 
264,2.63 ,0.416804 
265,2.64 ,0.412913 
266,2.65 ,0.409031 
267,2.66 ,0.405161 
268,2.67 ,0.401301 
269,2.68 ,0.397452 
270,2.69 ,0.393615 
271,2.7 ,0.38979 
272,2.71 ,0.385978 
273,2.72 ,0.382179 
274,2.73 ,0.378393 
275,2.74 ,0.374621 
276,2.75 ,0.370863 
277,2.76 ,0.36712 
278,2.77 ,0.363391 
279,2.78 ,0.359678 
280,2.79 ,0.35598 
281,2.8 ,0.352298 
282,2.81 ,0.348632 
283,2.82 ,0.344983 
284,2.83 ,0.34135 
285,2.84 ,0.337735 
286,2.85 ,0.334137 
287,2.86 ,0.330557 
288,2.87 ,0.326995 
289,2.88 ,0.323451 
290,2.89 ,0.319926 
291,2.9 ,0.316419 
292,2.91 ,0.312932 
293,2.92 ,0.309464 
294,2.93 ,0.306015 
295,2.94 ,0.302586 
296,2.95 ,0.299178 
297,2.96 ,0.295789 
298,2.97 ,0.292421 
299,2.98 ,0.289073 
300,2.99 ,0.285747 
301,3 ,0.282441 
302,3.01 ,0.279156 
303,3.02 ,0.275893 
304,3.03 ,0.272652 
305,3.04 ,0.269432 
306,3.05 ,0.266234 
307,3.06 ,0.263057 
308,3.07 ,0.259903 
309,3.08 ,0.256772 
310,3.09 ,0.253662 
311,3.1 ,0.250575 
312,3.11 ,0.247511 
313,3.12 ,0.244469 
314,3.13 ,0.241451 
315,3.14 ,0.238455 
316,3.15 ,0.235482 
317,3.16 ,0.232532 
318,3.17 ,0.229606 
319,3.18 ,0.226703 
320,3.19 ,0.223823 
321,3.2 ,0.220966 
322,3.21 ,0.218133 
323,3.22 ,0.215323 
324,3.23 ,0.212537 
325,3.24 ,0.209774 
326,3.25 ,0.207035 
327,3.26 ,0.204319 
328,3.27 ,0.201628 
329,3.28 ,0.198959 
330,3.29 ,0.196315 
331,3.3 ,0.193694 
332,3.31 ,0.191097 
333,3.32 ,0.188523 
334,3.33 ,0.185974 
335,3.34 ,0.183447 
336,3.35 ,0.180945 
337,3.36 ,0.178466 
338,3.37 ,0.176011 
339,3.38 ,0.173579 
340,3.39 ,0.171171 
341,3.4 ,0.168786 
342,3.41 ,0.166425 
343,3.42 ,0.164087 
344,3.43 ,0.161773 
345,3.44 ,0.159482 
346,3.45 ,0.157214 
347,3.46 ,0.154969 
348,3.47 ,0.152748 
349,3.48 ,0.150549 
350,3.49 ,0.148374 
351,3.5 ,0.146221 
352,3.51 ,0.144091 
353,3.52 ,0.141985 
354,3.53 ,0.1399 
355,3.54 ,0.137839 
356,3.55 ,0.1358 
357,3.56 ,0.133783 
358,3.57 ,0.131788 
359,3.58 ,0.129816 
360,3.59 ,0.127866 
361,3.6 ,0.125938 
362,3.61 ,0.124032 
363,3.62 ,0.122148 
364,3.63 ,0.120285 
365,3.64 ,0.118444 
366,3.65 ,0.116625 
367,3.66 ,0.114826 
368,3.67 ,0.113049 
369,3.68 ,0.111293 
370,3.69 ,0.109559 
371,3.7 ,0.107844 
372,3.71 ,0.106151 
373,3.72 ,0.104478 
374,3.73 ,0.102826 
375,3.74 ,0.101194 
376,3.75 ,0.0995827 
377,3.76 ,0.0979911 
378,3.77 ,0.0964194 
379,3.78 ,0.0948675 
380,3.79 ,0.0933353 
381,3.8 ,0.0918226 
382,3.81 ,0.0903293 
383,3.82 ,0.0888552 
384,3.83 ,0.0874002 
385,3.84 ,0.0859641 
386,3.85 ,0.0845468 
387,3.86 ,0.0831482 
388,3.87 ,0.0817681 
389,3.88 ,0.0804063 
390,3.89 ,0.0790627 
391,3.9 ,0.0777372 
392,3.91 ,0.0764296 
393,3.92 ,0.0751397 
394,3.93 ,0.0738674 
395,3.94 ,0.0726126 
396,3.95 ,0.071375 
397,3.96 ,0.0701546 
398,3.97 ,0.0689512 
399,3.98 ,0.0677646 
400,3.99 ,0.0665946 
401,4 ,0.0654412 
402,4.01 ,0.0643041 
403,4.02 ,0.0631833 
404,4.03 ,0.0620784 
405,4.04 ,0.0609895 
406,4.05 ,0.0599163 
407,4.06 ,0.0588587 
408,4.07 ,0.0578166 
409,4.08 ,0.0567897 
410,4.09 ,0.0557779 
411,4.1 ,0.0547811 
412,4.11 ,0.053799 
413,4.12 ,0.0528317 
414,4.13 ,0.0518788 
415,4.14 ,0.0509402 
416,4.15 ,0.0500159 
417,4.16 ,0.0491056 
418,4.17 ,0.0482091 
419,4.18 ,0.0473264 
420,4.19 ,0.0464573 
421,4.2 ,0.0456016 
422,4.21 ,0.0447591 
423,4.22 ,0.0439298 
424,4.23 ,0.0431134 
425,4.24 ,0.0423099 
426,4.25 ,0.041519 
427,4.26 ,0.0407407 
428,4.27 ,0.0399747 
429,4.28 ,0.0392209 
430,4.29 ,0.0384793 
431,4.3 ,0.0377495 
432,4.31 ,0.0370316 
433,4.32 ,0.0363252 
434,4.33 ,0.0356304 
435,4.34 ,0.034947 
436,4.35 ,0.0342747 
437,4.36 ,0.0336136 
438,4.37 ,0.0329633 
439,4.38 ,0.0323239 
440,4.39 ,0.0316951 
441,4.4 ,0.0310768 
442,4.41 ,0.0304689 
443,4.42 ,0.0298713 
444,4.43 ,0.0292837 
445,4.44 ,0.0287062 
446,4.45 ,0.0281384 
447,4.46 ,0.0275804 
448,4.47 ,0.027032 
449,4.48 ,0.026493 
450,4.49 ,0.0259633 
451,4.5 ,0.0254429 
452,4.51 ,0.0249314 
453,4.52 ,0.024429 
454,4.53 ,0.0239353 
455,4.54 ,0.0234503 
456,4.55 ,0.0229739 
457,4.56 ,0.022506 
458,4.57 ,0.0220463 
459,4.58 ,0.0215949 
460,4.59 ,0.0211515 
461,4.6 ,0.0207162 
462,4.61 ,0.0202886 
463,4.62 ,0.0198688 
464,4.63 ,0.0194567 
465,4.64 ,0.019052 
466,4.65 ,0.0186547 
467,4.66 ,0.0182647 
468,4.67 ,0.0178819 
469,4.68 ,0.0175062 
470,4.69 ,0.0171374 
471,4.7 ,0.0167755 
472,4.71 ,0.0164203 
473,4.72 ,0.0160718 
474,4.73 ,0.0157298 
475,4.74 ,0.0153943 
476,4.75 ,0.015065 
477,4.76 ,0.0147421 
478,4.77 ,0.0144252 
479,4.78 ,0.0141144 
480,4.79 ,0.0138096 
481,4.8 ,0.0135106 
482,4.81 ,0.0132173 
483,4.82 ,0.0129298 
484,4.83 ,0.0126477 
485,4.84 ,0.0123712 
486,4.85 ,0.0121001 
487,4.86 ,0.0118342 
488,4.87 ,0.0115736 
489,4.88 ,0.0113181 
490,4.89 ,0.0110676 
491,4.9 ,0.0108221 
492,4.91 ,0.0105815 
493,4.92 ,0.0103456 
494,4.93 ,0.0101145 
495,4.94 ,0.00988801 
496,4.95 ,0.00966605 
497,4.96 ,0.00944857 
498,4.97 ,0.00923548 
499,4.98 ,0.0090267 
500,4.99 ,0.00882217 
501,5 ,0.00862181 
502,5.01 ,0.00842555 
503,5.02 ,0.0082333 
504,5.03 ,0.00804501 
505,5.04 ,0.0078606 
506,5.05 ,0.00768001 
507,5.06 ,0.00750316 
508,5.07 ,0.00732998 
509,5.08 ,0.00716042 
510,5.09 ,0.0069944 
511,5.1 ,0.00683187 
512,5.11 ,0.00667275 
513,5.12 ,0.00651699 
514,5.13 ,0.00636452 
515,5.14 ,0.00621528 
516,5.15 ,0.00606921 
517,5.16 ,0.00592626 
518,5.17 ,0.00578637 
519,5.18 ,0.00564947 
520,5.19 ,0.00551552 
521,5.2 ,0.00538446 
522,5.21 ,0.00525622 
523,5.22 ,0.00513077 
524,5.23 ,0.00500804 
525,5.24 ,0.00488798 
526,5.25 ,0.00477054 
527,5.26 ,0.00465568 
528,5.27 ,0.00454334 
529,5.28 ,0.00443347 
530,5.29 ,0.00432603 
531,5.3 ,0.00422097 
532,5.31 ,0.00411823 
533,5.32 ,0.00401779 
534,5.33 ,0.00391958 
535,5.34 ,0.00382356 
536,5.35 ,0.0037297 
537,5.36 ,0.00363795 
538,5.37 ,0.00354827 
539,5.38 ,0.00346061 
540,5.39 ,0.00337494 
541,5.4 ,0.00329121 
542,5.41 ,0.00320939 
543,5.42 ,0.00312944 
544,5.43 ,0.00305131 
545,5.44 ,0.00297498 
546,5.45 ,0.0029004 
547,5.46 ,0.00282754 
548,5.47 ,0.00275636 
549,5.48 ,0.00268683 
550,5.49 ,0.00261892 
551,5.5 ,0.00255258 
552,5.51 ,0.0024878 
553,5.52 ,0.00242452 
554,5.53 ,0.00236274 
555,5.54 ,0.0023024 
556,5.55 ,0.00224348 
557,5.56 ,0.00218596 
558,5.57 ,0.0021298 
559,5.58 ,0.00207497 
560,5.59 ,0.00202144 
561,5.6 ,0.00196919 
562,5.61 ,0.00191819 
563,5.62 ,0.00186841 
564,5.63 ,0.00181983 
565,5.64 ,0.00177241 
566,5.65 ,0.00172614 
567,5.66 ,0.00168099 
568,5.67 ,0.00163693 
569,5.68 ,0.00159394 
570,5.69 ,0.001552 
571,5.7 ,0.00151108 
572,5.71 ,0.00147116 
573,5.72 ,0.00143222 
574,5.73 ,0.00139424 
575,5.74 ,0.00135719 
576,5.75 ,0.00132106 
577,5.76 ,0.00128582 
578,5.77 ,0.00125145 
579,5.78 ,0.00121794 
580,5.79 ,0.00118526 
581,5.8 ,0.0011534 
582,5.81 ,0.00112234 
583,5.82 ,0.00109205 
584,5.83 ,0.00106253 
585,5.84 ,0.00103375 
586,5.85 ,0.00100569 
587,5.86 ,0.000978345 
588,5.87 ,0.000951693 
589,5.88 ,0.000925718 
590,5.89 ,0.000900404 
591,5.9 ,0.000875736 
592,5.91 ,0.000851699 
593,5.92 ,0.000828278 
594,5.93 ,0.000805459 
595,5.94 ,0.000783226 
596,5.95 ,0.000761568 
597,5.96 ,0.000740469 
598,5.97 ,0.000719916 
599,5.98 ,0.000699897 
600,5.99 ,0.000680399 
601,6 ,0.000661409 
602,6.01 ,0.000642915 
603,6.02 ,0.000624905 
604,6.03 ,0.000607368 
605,6.04 ,0.000590292 
606,6.05 ,0.000573665 
607,6.06 ,0.000557478 
608,6.07 ,0.000541718 
609,6.08 ,0.000526377 
610,6.09 ,0.000511443 
611,6.1 ,0.000496906 
612,6.11 ,0.000482758 
613,6.12 ,0.000468987 
614,6.13 ,0.000455585 
615,6.14 ,0.000442543 
616,6.15 ,0.000429852 
617,6.16 ,0.000417502 
618,6.17 ,0.000405486 
619,6.18 ,0.000393795 
620,6.19 ,0.000382421 
621,6.2 ,0.000371356 
622,6.21 ,0.000360593 
623,6.22 ,0.000350122 
624,6.23 ,0.000339938 
625,6.24 ,0.000330033 
626,6.25 ,0.0003204 
627,6.26 ,0.000311031 
628,6.27 ,0.000301921 
629,6.28 ,0.000293062 
630,6.29 ,0.000284448 
631,6.3 ,0.000276072 
632,6.31 ,0.000267929 
633,6.32 ,0.000260013 
634,6.33 ,0.000252317 
635,6.34 ,0.000244837 
636,6.35 ,0.000237565 
637,6.36 ,0.000230498 
638,6.37 ,0.000223629 
639,6.38 ,0.000216953 
640,6.39 ,0.000210466 
641,6.4 ,0.000204161 
642,6.41 ,0.000198036 
643,6.42 ,0.000192084 
644,6.43 ,0.000186301 
645,6.44 ,0.000180682 
646,6.45 ,0.000175224 
647,6.46 ,0.000169922 
648,6.47 ,0.000164772 
649,6.48 ,0.00015977 
650,6.49 ,0.000154911 
651,6.5 ,0.000150192 
652,6.51 ,0.000145609 
653,6.52 ,0.000141159 
654,6.53 ,0.000136838 
655,6.54 ,0.000132641 
656,6.55 ,0.000128567 
657,6.56 ,0.000124612 
658,6.57 ,0.000120772 
659,6.58 ,0.000117044 
660,6.59 ,0.000113425 
661,6.6 ,0.000109912 
662,6.61 ,0.000106503 
663,6.62 ,0.000103194 
664,6.63 ,9.99822e-05 
665,6.64 ,9.68656e-05 
666,6.65 ,9.38413e-05 
667,6.66 ,9.09066e-05 
668,6.67 ,8.80591e-05 
669,6.68 ,8.52963e-05 
670,6.69 ,8.26159e-05 
671,6.7 ,8.00155e-05 
672,6.71 ,7.74929e-05 
673,6.72 ,7.5046e-05 
674,6.73 ,7.26725e-05 
675,6.74 ,7.03704e-05 
676,6.75 ,6.81377e-05 
677,6.76 ,6.59723e-05 
678,6.77 ,6.38725e-05 
679,6.78 ,6.18363e-05 
680,6.79 ,5.98618e-05 
681,6.8 ,5.79474e-05 
682,6.81 ,5.60913e-05 
683,6.82 ,5.42917e-05 
684,6.83 ,5.25472e-05 
685,6.84 ,5.08561e-05 
686,6.85 ,4.92169e-05 
687,6.86 ,4.7628e-05 
688,6.87 ,4.6088e-05 
689,6.88 ,4.45954e-05 
690,6.89 ,4.3149e-05 
691,6.9 ,4.17473e-05 
692,6.91 ,4.0389e-05 
693,6.92 ,3.90729e-05 
694,6.93 ,3.77977e-05 
695,6.94 ,3.65622e-05 
696,6.95 ,3.53652e-05 
697,6.96 ,3.42057e-05 
698,6.97 ,3.30825e-05 
699,6.98 ,3.19944e-05 
700,6.99 ,3.09406e-05 
701,7 ,2.99199e-05 
702,7.01 ,2.89313e-05 
703,7.02 ,2.7974e-05 
704,7.03 ,2.7047e-05 
705,7.04 ,2.61493e-05 
706,7.05 ,2.52801e-05 
707,7.06 ,2.44385e-05 
708,7.07 ,2.36237e-05 
709,7.08 ,2.28348e-05 
710,7.09 ,2.20712e-05 
711,7.1 ,2.1332e-05 
712,7.11 ,2.06165e-05 
713,7.12 ,1.99239e-05 
714,7.13 ,1.92536e-05 
715,7.14 ,1.86049e-05 
716,7.15 ,1.79771e-05 
717,7.16 ,1.73696e-05 
718,7.17 ,1.67818e-05 
719,7.18 ,1.6213e-05 
720,7.19 ,1.56627e-05 
721,7.2 ,1.51302e-05 
722,7.21 ,1.46151e-05 
723,7.22 ,1.41168e-05 
724,7.23 ,1.36348e-05 
725,7.24 ,1.31686e-05 
726,7.25 ,1.27176e-05 
727,7.26 ,1.22815e-05 
728,7.27 ,1.18597e-05 
729,7.28 ,1.14518e-05 
730,7.29 ,1.10573e-05 
731,7.3 ,1.06759e-05 
732,7.31 ,1.03071e-05 
733,7.32 ,9.95052e-06 
734,7.33 ,9.60578e-06 
735,7.34 ,9.2725e-06 
736,7.35 ,8.95033e-06 
737,7.36 ,8.63889e-06 
738,7.37 ,8.33787e-06 
739,7.38 ,8.04691e-06 
740,7.39 ,7.76571e-06 
741,7.4 ,7.49395e-06 
742,7.41 ,7.23132e-06 
743,7.42 ,6.97753e-06 
744,7.43 ,6.7323e-06 
745,7.44 ,6.49535e-06 
746,7.45 ,6.26642e-06 
747,7.46 ,6.04525e-06 
748,7.47 ,5.83157e-06 
749,7.48 ,5.62516e-06 
750,7.49 ,5.42578e-06 
751,7.5 ,5.23319e-06 
752,7.51 ,5.04718e-06 
753,7.52 ,4.86752e-06 
754,7.53 ,4.69402e-06 
755,7.54 ,4.52647e-06 
756,7.55 ,4.36467e-06 
757,7.56 ,4.20844e-06 
758,7.57 ,4.05759e-06 
759,7.58 ,3.91195e-06 
760,7.59 ,3.77134e-06 
761,7.6 ,3.63559e-06 
762,7.61 ,3.50455e-06 
763,7.62 ,3.37806e-06 
764,7.63 ,3.25597e-06 
765,7.64 ,3.13812e-06 
766,7.65 ,3.02439e-06 
767,7.66 ,2.91463e-06 
768,7.67 ,2.8087e-06 
769,7.68 ,2.70649e-06 
770,7.69 ,2.60786e-06 
771,7.7 ,2.51269e-06 
772,7.71 ,2.42088e-06 
773,7.72 ,2.3323e-06 
774,7.73 ,2.24684e-06 
775,7.74 ,2.1644e-06 
776,7.75 ,2.08488e-06 
777,7.76 ,2.00818e-06 
778,7.77 ,1.9342e-06 
779,7.78 ,1.86285e-06 
780,7.79 ,1.79404e-06 
781,7.8 ,1.72769e-06 
782,7.81 ,1.6637e-06 
783,7.82 ,1.602e-06 
784,7.83 ,1.54251e-06 
785,7.84 ,1.48515e-06 
786,7.85 ,1.42985e-06 
787,7.86 ,1.37654e-06 
788,7.87 ,1.32515e-06 
789,7.88 ,1.27561e-06 
790,7.89 ,1.22786e-06 
791,7.9 ,1.18184e-06 
792,7.91 ,1.13749e-06 
793,7.92 ,1.09474e-06 
794,7.93 ,1.05355e-06 
795,7.94 ,1.01385e-06 
796,7.95 ,9.75606e-07 
797,7.96 ,9.38752e-07 
798,7.97 ,9.03246e-07 
799,7.98 ,8.69038e-07 
800,7.99 ,8.36083e-07 
801,8 ,8.04338e-07 
802,8.01 ,7.73759e-07 
803,8.02 ,7.44305e-07 
804,8.03 ,7.15936e-07 
805,8.04 ,6.88614e-07 
806,8.05 ,6.62302e-07 
807,8.06 ,6.36964e-07 
808,8.07 ,6.12565e-07 
809,8.08 ,5.89071e-07 
810,8.09 ,5.6645e-07 
811,8.1 ,5.44672e-07 
812,8.11 ,5.23705e-07 
813,8.12 ,5.03521e-07 
814,8.13 ,4.84091e-07 
815,8.14 ,4.65389e-07 
816,8.15 ,4.47388e-07 
817,8.16 ,4.30062e-07 
818,8.17 ,4.13389e-07 
819,8.18 ,3.97343e-07 
820,8.19 ,3.81902e-07 
821,8.2 ,3.67044e-07 
822,8.21 ,3.52749e-07 
823,8.22 ,3.38995e-07 
824,8.23 ,3.25763e-07 
825,8.24 ,3.13034e-07 
826,8.25 ,3.00789e-07 
827,8.26 ,2.89011e-07 
828,8.27 ,2.77682e-07 
829,8.28 ,2.66787e-07 
830,8.29 ,2.56309e-07 
831,8.3 ,2.46233e-07 
832,8.31 ,2.36544e-07 
833,8.32 ,2.27228e-07 
834,8.33 ,2.18271e-07 
835,8.34 ,2.09661e-07 
836,8.35 ,2.01383e-07 
837,8.36 ,1.93426e-07 
838,8.37 ,1.85779e-07 
839,8.38 ,1.78428e-07 
840,8.39 ,1.71365e-07 
841,8.4 ,1.64577e-07 
842,8.41 ,1.58055e-07 
843,8.42 ,1.51788e-07 
844,8.43 ,1.45768e-07 
845,8.44 ,1.39985e-07 
846,8.45 ,1.34431e-07 
847,8.46 ,1.29096e-07 
848,8.47 ,1.23973e-07 
849,8.48 ,1.19054e-07 
850,8.49 ,1.1433e-07 
851,8.5 ,1.09796e-07 
852,8.51 ,1.05444e-07 
853,8.52 ,1.01267e-07 
854,8.53 ,9.72579e-08 
855,8.54 ,9.34116e-08 
856,8.55 ,8.97216e-08 
857,8.56 ,8.61821e-08 
858,8.57 ,8.27876e-08 
859,8.58 ,7.95327e-08 
860,8.59 ,7.64123e-08 
861,8.6 ,7.34214e-08 
862,8.61 ,7.05552e-08 
863,8.62 ,6.78093e-08 
864,8.63 ,6.51791e-08 
865,8.64 ,6.26605e-08 
866,8.65 ,6.02495e-08 
867,8.66 ,5.79422e-08 
868,8.67 ,5.57348e-08 
869,8.68 ,5.36238e-08 
870,8.69 ,5.16058e-08 
871,8.7 ,4.96775e-08 
872,8.71 ,4.78357e-08 
873,8.72 ,4.60775e-08 
874,8.73 ,4.44e-08 
875,8.74 ,4.28005e-08 
876,8.75 ,4.12762e-08 
877,8.76 ,3.98248e-08 
878,8.77 ,3.84438e-08 
879,8.78 ,3.7131e-08 
880,8.79 ,3.58842e-08 
881,8.8 ,3.47014e-08 
882,8.81 ,3.35805e-08 
883,8.82 ,3.25197e-08 
884,8.83 ,3.15173e-08 
885,8.84 ,3.05717e-08 
886,8.85 ,2.96811e-08 
887,8.86 ,2.88443e-08 
888,8.87 ,2.80597e-08 
889,8.88 ,2.73262e-08 
890,8.89 ,2.66424e-08 
891,8.9 ,2.60072e-08 
892,8.91 ,2.54197e-08 
893,8.92 ,2.48788e-08 
894,8.93 ,2.43837e-08 
895,8.94 ,2.39335e-08 
896,8.95 ,2.35276e-08 
897,8.96 ,2.31653e-08 
898,8.97 ,2.2846e-08 
899,8.98 ,2.25692e-08 
900,8.99 ,2.23345e-08 
901,9 ,2.21416e-08 
902,9.01 ,2.19903e-08 
903,9.02 ,2.18803e-08 
904,9.03 ,2.18115e-08 
905,9.04 ,2.17839e-08 
906,9.05 ,2.17976e-08 
907,9.06 ,2.18526e-08 
908,9.07 ,2.19492e-08 
909,9.08 ,2.20877e-08 
910,9.09 ,2.22683e-08 
911,9.1 ,2.24917e-08 
912,9.11 ,2.27582e-08 
913,9.12 ,2.30686e-08 
914,9.13 ,2.34234e-08 
915,9.14 ,2.38236e-08 
916,9.15 ,2.427e-08 
917,9.16 ,2.47635e-08 
918,9.17 ,2.53053e-08 
919,9.18 ,2.58964e-08 
920,9.19 ,2.65383e-08 
921,9.2 ,2.72322e-08 
922,9.21 ,2.79797e-08 
923,9.22 ,2.87823e-08 
924,9.23 ,2.96418e-08 
925,9.24 ,3.056e-08 
926,9.25 ,3.15388e-08 
927,9.26 ,3.25804e-08 
928,9.27 ,3.36869e-08 
929,9.28 ,3.48608e-08 
930,9.29 ,3.61045e-08 
931,9.3 ,3.74207e-08 
932,9.31 ,3.88122e-08 
933,9.32 ,4.0282e-08 
934,9.33 ,4.18333e-08 
935,9.34 ,4.34693e-08 
936,9.35 ,4.51936e-08 
937,9.36 ,4.701e-08 
938,9.37 ,4.89223e-08 
939,9.38 ,5.09346e-08 
940,9.39 ,5.30513e-08 
941,9.4 ,5.52771e-08 
942,9.41 ,5.76167e-08 
943,9.42 ,6.00752e-08 
944,9.43 ,6.2658e-08 
945,9.44 ,6.53707e-08 
946,9.45 ,6.82193e-08 
947,9.46 ,7.121e-08 
948,9.47 ,7.43493e-08 
949,9.48 ,7.76443e-08 
950,9.49 ,8.1102e-08 
951,9.5 ,8.47302e-08 
952,9.51 ,8.85369e-08 
953,9.52 ,9.25306e-08 
954,9.53 ,9.672e-08 
955,9.54 ,1.01115e-07 
956,9.55 ,1.05724e-07 
957,9.56 ,1.10559e-07 
958,9.57 ,1.1563e-07 
959,9.58 ,1.20948e-07 
960,9.59 ,1.26526e-07 
961,9.6 ,1.32376e-07 
962,9.61 ,1.3851e-07 
963,9.62 ,1.44944e-07 
964,9.63 ,1.51692e-07 
965,9.64 ,1.58769e-07 
966,9.65 ,1.6619e-07 
967,9.66 ,1.73974e-07 
968,9.67 ,1.82138e-07 
969,9.68 ,1.907e-07 
970,9.69 ,1.9968e-07 
971,9.7 ,2.091e-07 
972,9.71 ,2.18979e-07 
973,9.72 ,2.29343e-07 
974,9.73 ,2.40213e-07 
975,9.74 ,2.51617e-07 
976,9.75 ,2.63579e-07 
977,9.76 ,2.76128e-07 
978,9.77 ,2.89294e-07 
979,9.78 ,3.03107e-07 
980,9.79 ,3.17599e-07 
981,9.8 ,3.32805e-07 
982,9.81 ,3.4876e-07 
983,9.82 ,3.65502e-07 
984,9.83 ,3.8307e-07 
985,9.84 ,4.01507e-07 
986,9.85 ,4.20855e-07 
987,9.86 ,4.41161e-07 
988,9.87 ,4.62474e-07 
989,9.88 ,4.84844e-07 
990,9.89 ,5.08324e-07 
991,9.9 ,5.32971e-07 
992,9.91 ,5.58845e-07 
993,9.92 ,5.86007e-07 
994,9.93 ,6.14524e-07 
995,9.94 ,6.44463e-07 
996,9.95 ,6.75898e-07 
997,9.96 ,7.08904e-07 
998,9.97 ,7.43563e-07 
999,9.98 ,7.79958e-07 
1000,9.99 ,8.18179e-07 