
1,0 ,0.993043 ,0 ,0 
2,0.05 ,0.993043 ,0.05 ,0 
3,0.1 ,0.993043 ,0.0993043 ,0 
4,0.15 ,0.981517 ,0.147228 ,0 
5,0.2 ,0.965524 ,0.193105 ,0 
6,0.25 ,0.945206 ,0.236301 ,0 
7,0.3 ,0.920739 ,0.276222 ,0 
8,0.35 ,0.892336 ,0.312318 ,0 
9,0.4 ,0.860242 ,0.344097 ,0 
10,0.45 ,0.824732 ,0.371129 ,1.54038 
11,0.5 ,0.786106 ,0.393053 ,3.56034 
12,0.55 ,0.744688 ,0.409579 ,5.57531 
13,0.6 ,0.700824 ,0.420494 ,0 
14,0.65 ,0.654872 ,0.425667 ,0 
15,0.7 ,0.607205 ,0.425043 ,0 
16,0.75 ,0.558202 ,0.418652 ,0 
17,0.8 ,0.508248 ,0.406598 ,0 
18,0.85 ,0.457727 ,0.389068 ,0 
19,0.9 ,0.407019 ,0.366317 ,0 
20,0.95 ,0.356497 ,0.338672 ,0 
21,1 ,0.306523 ,0.306523 ,0 
22,1.05 ,0.257445 ,0.270317 ,0 
23,1.1 ,0.209592 ,0.230551 ,0 
24,1.15 ,0.163275 ,0.187766 ,0 
25,1.2 ,0.118778 ,0.142534 ,0 
26,1.25 ,0.076365 ,0.0954562 ,0 
27,1.3 ,0.0362688 ,0.0471495 ,0 
28,1.35 ,-0.00130425 ,-0.00176074 ,0 
29,1.4 ,-0.0361781 ,-0.0506493 ,0 
30,1.45 ,-0.0682068 ,-0.0988999 ,0 
31,1.5 ,-0.0972754 ,-0.145913 ,0 
32,1.55 ,-0.1233 ,-0.191114 ,0 
33,1.6 ,-0.146225 ,-0.233961 ,0 
34,1.65 ,-0.166029 ,-0.273948 ,0 
35,1.7 ,-0.182715 ,-0.310616 ,0 
36,1.75 ,-0.196316 ,-0.343553 ,0 
37,1.8 ,-0.20689 ,-0.372402 ,0 
38,1.85 ,-0.21452 ,-0.396862 ,0 
39,1.9 ,-0.219311 ,-0.416691 ,0 
40,1.95 ,-0.221389 ,-0.431708 ,0 
41,2 ,-0.220896 ,-0.441791 ,0 
42,2.05 ,-0.217991 ,-0.446882 ,0 
43,2.1 ,-0.212848 ,-0.446981 ,0 
44,2.15 ,-0.205649 ,-0.442146 ,0 
45,2.2 ,-0.196586 ,-0.432489 ,0 
46,2.25 ,-0.185857 ,-0.418178 ,0 
47,2.3 ,-0.173662 ,-0.399423 ,0 
48,2.35 ,-0.160206 ,-0.376483 ,0 
49,2.4 ,-0.145689 ,-0.349654 ,0 
50,2.45 ,-0.130313 ,-0.319266 ,0 
51,2.5 ,-0.11427 ,-0.285676 ,0 
52,2.55 ,-0.0977519 ,-0.249267 ,0 
53,2.6 ,-0.0809378 ,-0.210438 ,0 
54,2.65 ,-0.0640001 ,-0.1696 ,0 
55,2.7 ,-0.0471004 ,-0.127171 ,0 
56,2.75 ,-0.0303892 ,-0.0835702 ,0 
57,2.8 ,-0.0140048 ,-0.0392133 ,0 
58,2.85 ,0.00192706 ,0.00549213 ,0 
59,2.9 ,0.0172935 ,0.0501513 ,0 
60,2.95 ,0.0319952 ,0.0943858 ,0 
61,3 ,0.0459459 ,0.137838 ,0 
62,3.05 ,0.0590728 ,0.180172 ,0 
63,3.1 ,0.0713159 ,0.221079 ,0 
64,3.15 ,0.0826282 ,0.260279 ,0 
65,3.2 ,0.0929746 ,0.297519 ,0 
66,3.25 ,0.102332 ,0.332579 ,0 
67,3.3 ,0.110688 ,0.365269 ,0 
68,3.35 ,0.11804 ,0.395433 ,0 
69,3.4 ,0.124396 ,0.422945 ,0 
70,3.45 ,0.129771 ,0.447711 ,0 
71,3.5 ,0.13419 ,0.469666 ,0 
72,3.55 ,0.137684 ,0.488777 ,0 
73,3.6 ,0.140288 ,0.505037 ,0 
74,3.65 ,0.142045 ,0.518464 ,0 
75,3.7 ,0.143001 ,0.529103 ,0 
76,3.75 ,0.143205 ,0.537019 ,0 
77,3.8 ,0.14271 ,0.542298 ,0 
78,3.85 ,0.14157 ,0.545043 ,0 
79,3.9 ,0.13984 ,0.545374 ,0 
80,3.95 ,0.137575 ,0.543423 ,0 
81,4 ,0.134833 ,0.539332 ,0 
82,4.05 ,0.131667 ,0.533253 ,0 
83,4.1 ,0.128133 ,0.525345 ,0 
84,4.15 ,0.124282 ,0.515769 ,0 
85,4.2 ,0.120164 ,0.504691 ,0 
86,4.25 ,0.115829 ,0.492275 ,0 
87,4.3 ,0.111323 ,0.478687 ,0 
88,4.35 ,0.106687 ,0.464088 ,0 
89,4.4 ,0.101962 ,0.448635 ,0 
90,4.45 ,0.0971866 ,0.43248 ,0 
91,4.5 ,0.0923936 ,0.415771 ,0 
92,4.55 ,0.0876145 ,0.398646 ,0 
93,4.6 ,0.0828773 ,0.381235 ,0 
94,4.65 ,0.078207 ,0.363663 ,0 
95,4.7 ,0.0736258 ,0.346041 ,0 
96,4.75 ,0.0691527 ,0.328475 ,0 
97,4.8 ,0.0648042 ,0.31106 ,0 
98,4.85 ,0.0605942 ,0.293882 ,0 
99,4.9 ,0.056534 ,0.277017 ,0 
100,4.95 ,0.0526327 ,0.260532 ,0 
101,5 ,0.0488971 ,0.244486 ,0 
102,5.05 ,0.0453323 ,0.228928 ,0 
103,5.1 ,0.0419413 ,0.2139 ,0 
104,5.15 ,0.0387255 ,0.199437 ,0 
105,5.2 ,0.0356851 ,0.185563 ,0 
106,5.25 ,0.0328188 ,0.172299 ,0 
107,5.3 ,0.030124 ,0.159657 ,0 
108,5.35 ,0.0275975 ,0.147646 ,0 
109,5.4 ,0.0252348 ,0.136268 ,0 
110,5.45 ,0.0230311 ,0.12552 ,0 
111,5.5 ,0.0209808 ,0.115394 ,0 
112,5.55 ,0.0190779 ,0.105882 ,0 
113,5.6 ,0.0173159 ,0.0969692 ,0 
114,5.65 ,0.0156883 ,0.0886391 ,0 
115,5.7 ,0.0141883 ,0.0808733 ,0 
116,5.75 ,0.0128089 ,0.0736513 ,0 
117,5.8 ,0.0115433 ,0.0669512 ,0 
118,5.85 ,0.0103846 ,0.0607498 ,0 
119,5.9 ,0.009326 ,0.0550234 ,0 
120,5.95 ,0.00836092 ,0.0497475 ,0 
121,6 ,0.00748291 ,0.0448975 ,0 
122,6.05 ,0.00668575 ,0.0404488 ,0 
123,6.1 ,0.00596345 ,0.036377 ,0 
124,6.15 ,0.00531028 ,0.0326582 ,0 
125,6.2 ,0.00472079 ,0.0292689 ,0 
126,6.25 ,0.0041898 ,0.0261862 ,0 
127,6.3 ,0.00371242 ,0.0233882 ,0 
128,6.35 ,0.00328405 ,0.0208537 ,0 
129,6.4 ,0.00290039 ,0.0185625 ,0 
130,6.45 ,0.00255741 ,0.0164953 ,0 
131,6.5 ,0.00225136 ,0.0146339 ,0 
132,6.55 ,0.00197876 ,0.0129609 ,0 
133,6.6 ,0.0017364 ,0.0114602 ,0 
134,6.65 ,0.00152131 ,0.0101167 ,0 
135,6.7 ,0.00133075 ,0.00891603 ,0 
136,6.75 ,0.00116223 ,0.00784508 ,0 
137,6.8 ,0.00101347 ,0.00689158 ,0 
138,6.85 ,0.000882367 ,0.00604421 ,0 
139,6.9 ,0.000767031 ,0.00529252 ,0 
140,6.95 ,0.00066574 ,0.00462689 ,0 
141,7 ,0.000576935 ,0.00403854 ,0 
142,7.05 ,0.000499208 ,0.00351942 ,0 
143,7.1 ,0.000431292 ,0.00306217 ,0 
144,7.15 ,0.000372048 ,0.00266014 ,0 
145,7.2 ,0.000320454 ,0.00230727 ,0 
146,7.25 ,0.000275597 ,0.00199808 ,0 
147,7.3 ,0.000236661 ,0.00172763 ,0 
148,7.35 ,0.00020292 ,0.00149146 ,0 
149,7.4 ,0.000173729 ,0.00128559 ,0 
150,7.45 ,0.000148515 ,0.00110643 ,0 
151,7.5 ,0.00012677 ,0.000950777 ,0 
152,7.55 ,0.000108049 ,0.000815767 ,0 
153,7.6 ,9.19553e-05 ,0.00069886 ,0 
154,7.65 ,7.81432e-05 ,0.000597796 ,0 
155,7.7 ,6.63078e-05 ,0.00051057 ,0 
156,7.75 ,5.61822e-05 ,0.000435412 ,0 
157,7.8 ,4.7533e-05 ,0.000370757 ,0 
158,7.85 ,4.01564e-05 ,0.000315228 ,0 
159,7.9 ,3.3875e-05 ,0.000267612 ,0 
160,7.95 ,2.85345e-05 ,0.000226849 ,0 
161,8 ,2.4001e-05 ,0.000192008 ,0 
162,8.05 ,2.01585e-05 ,0.000162276 ,0 
163,8.1 ,1.69067e-05 ,0.000136944 ,0 
164,8.15 ,1.41589e-05 ,0.000115395 ,0 
165,8.2 ,1.18407e-05 ,9.70935e-05 ,0 
166,8.25 ,9.88773e-06 ,8.15738e-05 ,0 
167,8.3 ,8.24504e-06 ,6.84339e-05 ,0 
168,8.35 ,6.86542e-06 ,5.73262e-05 ,0 
169,8.4 ,5.70846e-06 ,4.79511e-05 ,0 
170,8.45 ,4.73971e-06 ,4.00505e-05 ,0 
171,8.5 ,3.92975e-06 ,3.34029e-05 ,0 
172,8.55 ,3.25358e-06 ,2.78181e-05 ,0 
173,8.6 ,2.68993e-06 ,2.31334e-05 ,0 
174,8.65 ,2.22079e-06 ,1.92098e-05 ,0 
175,8.7 ,1.83089e-06 ,1.59287e-05 ,0 
176,8.75 ,1.50732e-06 ,1.3189e-05 ,0 
177,8.8 ,1.2392e-06 ,1.09049e-05 ,0 
178,8.85 ,1.01736e-06 ,9.00361e-06 ,0 
179,8.9 ,8.34079e-07 ,7.4233e-06 ,0 
180,8.95 ,6.82888e-07 ,6.11185e-06 ,0 
181,9 ,5.58355e-07 ,5.02519e-06 ,0 
182,9.05 ,4.55936e-07 ,4.12622e-06 ,0 
183,9.1 ,3.71836e-07 ,3.38371e-06 ,0 
184,9.15 ,3.02891e-07 ,2.77145e-06 ,0 
185,9.2 ,2.46464e-07 ,2.26747e-06 ,0 
186,9.25 ,2.00366e-07 ,1.85339e-06 ,0 
187,9.3 ,1.62782e-07 ,1.51388e-06 ,0 
188,9.35 ,1.3221e-07 ,1.23616e-06 ,0 
189,9.4 ,1.07408e-07 ,1.00963e-06 ,0 
190,9.45 ,8.73561e-08 ,8.25515e-07 ,0 
191,9.5 ,7.1217e-08 ,6.76562e-07 ,0 
192,9.55 ,5.83074e-08 ,5.56835e-07 ,0 
193,9.6 ,4.80729e-08 ,4.615e-07 ,0 
194,9.65 ,4.00682e-08 ,3.86658e-07 ,0 
195,9.7 ,3.39406e-08 ,3.29224e-07 ,0 
196,9.75 ,2.94168e-08 ,2.86814e-07 ,0 
197,9.8 ,2.62928e-08 ,2.57669e-07 ,0 
198,9.85 ,2.44266e-08 ,2.40602e-07 ,0 
199,9.9 ,2.37338e-08 ,2.34964e-07 ,0 
200,9.95 ,2.41845e-08 ,2.40635e-07 ,0 