
1,0 ,1.70949 ,0 ,0 
2,0.05 ,1.70949 ,0.05 ,0 
3,0.1 ,1.70949 ,0.170949 ,0 
4,0.15 ,2.68212 ,0.402318 ,1 
5,0.2 ,3.88343 ,0.776686 ,1 
6,0.25 ,5.29013 ,1.32253 ,1 
7,0.3 ,6.87878 ,2.06363 ,2 
8,0.35 ,8.62398 ,3.01839 ,2 
9,0.4 ,10.4983 ,4.1993 ,2 
10,0.45 ,12.4723 ,5.61252 ,1.54038 
11,0.5 ,14.5151 ,7.25756 ,3.56034 
12,0.55 ,16.5949 ,9.12721 ,5.57531 
13,0.6 ,18.6792 ,11.2075 ,2.50009 
14,0.65 ,20.7355 ,13.4781 ,4.50023 
15,0.7 ,22.7316 ,15.9121 ,6.5004 
16,0.75 ,24.6364 ,18.4773 ,3.5 
17,0.8 ,26.4202 ,21.1362 ,5.5 
18,0.85 ,28.055 ,23.8468 ,7.5 
19,0.9 ,29.5152 ,26.5637 ,0 
20,0.95 ,30.7778 ,29.2389 ,0 
21,1 ,31.8227 ,31.8227 ,0 
22,1.05 ,32.633 ,34.2647 ,0 
23,1.1 ,33.1955 ,36.5151 ,0 
24,1.15 ,33.5003 ,38.5253 ,0 
25,1.2 ,33.5413 ,40.2495 ,0 
26,1.25 ,33.3161 ,41.6451 ,0 
27,1.3 ,32.826 ,42.6738 ,0 
28,1.35 ,32.0761 ,43.3028 ,0 
29,1.4 ,31.0749 ,43.5048 ,0 
30,1.45 ,29.834 ,43.2592 ,0 
31,1.5 ,28.3683 ,42.5524 ,0 
32,1.55 ,26.6954 ,41.3779 ,0 
33,1.6 ,24.8355 ,39.7368 ,0 
34,1.65 ,22.8108 ,37.6379 ,0 
35,1.7 ,20.6454 ,35.0972 ,0 
36,1.75 ,18.3646 ,32.138 ,0 
37,1.8 ,15.9948 ,28.7907 ,0 
38,1.85 ,13.5631 ,25.0918 ,0 
39,1.9 ,11.0967 ,21.0837 ,0 
40,1.95 ,8.62256 ,16.814 ,0 
41,2 ,6.16718 ,12.3344 ,0 
42,2.05 ,3.75613 ,7.70007 ,0 
43,2.1 ,1.4138 ,2.96897 ,0 
44,2.15 ,-0.836992 ,-1.79953 ,0 
45,2.2 ,-2.97515 ,-6.54534 ,0 
46,2.25 ,-4.98161 ,-11.2086 ,0 
47,2.3 ,-6.83946 ,-15.7308 ,0 
48,2.35 ,-8.53413 ,-20.0552 ,0 
49,2.4 ,-10.0535 ,-24.1284 ,0 
50,2.45 ,-11.3879 ,-27.9003 ,0 
51,2.5 ,-12.5302 ,-31.3254 ,0 
52,2.55 ,-13.4758 ,-34.3633 ,0 
53,2.6 ,-14.2226 ,-36.9787 ,0 
54,2.65 ,-14.7708 ,-39.1426 ,0 
55,2.7 ,-15.123 ,-40.832 ,0 
56,2.75 ,-15.2838 ,-42.0304 ,0 
57,2.8 ,-15.2598 ,-42.7275 ,0 
58,2.85 ,-15.0596 ,-42.9199 ,0 
59,2.9 ,-14.6932 ,-42.6101 ,0 
60,2.95 ,-14.1719 ,-41.8072 ,0 
61,3 ,-13.5085 ,-40.5256 ,0 
62,3.05 ,-12.7166 ,-38.7856 ,0 
63,3.1 ,-11.8104 ,-36.6122 ,0 
64,3.15 ,-10.8048 ,-34.035 ,0 
65,3.2 ,-9.7149 ,-31.0877 ,0 
66,3.25 ,-8.55602 ,-27.8071 ,0 
67,3.3 ,-7.34327 ,-24.2328 ,0 
68,3.35 ,-6.09153 ,-20.4066 ,0 
69,3.4 ,-4.81524 ,-16.3718 ,0 
70,3.45 ,-3.52826 ,-12.1725 ,0 
71,3.5 ,-2.24372 ,-7.85303 ,0 
72,3.55 ,-0.973926 ,-3.45744 ,0 
73,3.6 ,0.269747 ,0.97109 ,0 
74,3.65 ,1.47692 ,5.39074 ,0 
75,3.7 ,2.63825 ,9.76154 ,0 
76,3.75 ,3.74553 ,14.0457 ,0 
77,3.8 ,4.79162 ,18.2081 ,0 
78,3.85 ,5.77053 ,22.2165 ,0 
79,3.9 ,6.67737 ,26.0418 ,0 
80,3.95 ,7.50834 ,29.658 ,0 
81,4 ,8.26069 ,33.0427 ,0 
82,4.05 ,8.93265 ,36.1772 ,0 
83,4.1 ,9.52343 ,39.0461 ,0 
84,4.15 ,10.0331 ,41.6374 ,0 
85,4.2 ,10.4625 ,43.9427 ,0 
86,4.25 ,10.8134 ,45.9569 ,0 
87,4.3 ,11.0879 ,47.6781 ,0 
88,4.35 ,11.289 ,49.1072 ,0 
89,4.4 ,11.42 ,50.248 ,0 
90,4.45 ,11.4847 ,51.1068 ,0 
91,4.5 ,11.4871 ,51.6922 ,0 
92,4.55 ,11.4318 ,52.0148 ,0 
93,4.6 ,11.3233 ,52.087 ,0 
94,4.65 ,11.1662 ,51.9227 ,0 
95,4.7 ,10.9653 ,51.5371 ,0 
96,4.75 ,10.7255 ,50.9463 ,0 
97,4.8 ,10.4515 ,50.167 ,0 
98,4.85 ,10.1478 ,49.2166 ,0 
99,4.9 ,9.81893 ,48.1128 ,0 
100,4.95 ,9.4693 ,46.873 ,0 
101,5 ,9.10299 ,45.5149 ,0 
102,5.05 ,8.72389 ,44.0556 ,0 
103,5.1 ,8.33565 ,42.5118 ,0 
104,5.15 ,7.94166 ,40.8996 ,0 
105,5.2 ,7.54505 ,39.2343 ,0 
106,5.25 ,7.14867 ,37.5305 ,0 
107,5.3 ,6.75507 ,35.8019 ,0 
108,5.35 ,6.36657 ,34.0611 ,0 
109,5.4 ,5.98517 ,32.3199 ,0 
110,5.45 ,5.61265 ,30.5889 ,0 
111,5.5 ,5.25051 ,28.8778 ,0 
112,5.55 ,4.90003 ,27.1952 ,0 
113,5.6 ,4.56224 ,25.5485 ,0 
114,5.65 ,4.23797 ,23.9445 ,0 
115,5.7 ,3.92786 ,22.3888 ,0 
116,5.75 ,3.63234 ,20.886 ,0 
117,5.8 ,3.35171 ,19.4399 ,0 
118,5.85 ,3.08609 ,18.0536 ,0 
119,5.9 ,2.83548 ,16.7293 ,0 
120,5.95 ,2.59976 ,15.4685 ,0 
121,6 ,2.3787 ,14.2722 ,0 
122,6.05 ,2.17198 ,13.1405 ,0 
123,6.1 ,1.97923 ,12.0733 ,0 
124,6.15 ,1.79998 ,11.0699 ,0 
125,6.2 ,1.63373 ,10.1291 ,0 
126,6.25 ,1.47994 ,9.24964 ,0 
127,6.3 ,1.33804 ,8.42964 ,0 
128,6.35 ,1.20742 ,7.66713 ,0 
129,6.4 ,1.08749 ,6.95995 ,0 
130,6.45 ,0.977632 ,6.30573 ,0 
131,6.5 ,0.877234 ,5.70202 ,0 
132,6.55 ,0.785693 ,5.14629 ,0 
133,6.6 ,0.702415 ,4.63594 ,0 
134,6.65 ,0.626823 ,4.16837 ,0 
135,6.7 ,0.558357 ,3.74099 ,0 
136,6.75 ,0.496479 ,3.35123 ,0 
137,6.8 ,0.440674 ,2.99658 ,0 
138,6.85 ,0.390451 ,2.67459 ,0 
139,6.9 ,0.345346 ,2.38289 ,0 
140,6.95 ,0.304919 ,2.11919 ,0 
141,7 ,0.268759 ,1.88131 ,0 
142,7.05 ,0.23648 ,1.66718 ,0 
143,7.1 ,0.207721 ,1.47482 ,0 
144,7.15 ,0.18215 ,1.30237 ,0 
145,7.2 ,0.159457 ,1.14809 ,0 
146,7.25 ,0.139356 ,1.01033 ,0 
147,7.3 ,0.121586 ,0.887576 ,0 
148,7.35 ,0.105905 ,0.7784 ,0 
149,7.4 ,0.0920935 ,0.681492 ,0 
150,7.45 ,0.0799514 ,0.595638 ,0 
151,7.5 ,0.0692963 ,0.519722 ,0 
152,7.55 ,0.0599632 ,0.452722 ,0 
153,7.6 ,0.0518028 ,0.393701 ,0 
154,7.65 ,0.0446806 ,0.341806 ,0 
155,7.7 ,0.0384754 ,0.296261 ,0 
156,7.75 ,0.0330789 ,0.256361 ,0 
157,7.8 ,0.0283938 ,0.221472 ,0 
158,7.85 ,0.0243335 ,0.191018 ,0 
159,7.9 ,0.0208208 ,0.164484 ,0 
160,7.95 ,0.0177869 ,0.141406 ,0 
161,8 ,0.0151713 ,0.12137 ,0 
162,8.05 ,0.01292 ,0.104006 ,0 
163,8.1 ,0.0109855 ,0.0889827 ,0 
164,8.15 ,0.00932617 ,0.0760083 ,0 
165,8.2 ,0.00790517 ,0.0648224 ,0 
166,8.25 ,0.00669031 ,0.055195 ,0 
167,8.3 ,0.00565341 ,0.0469233 ,0 
168,8.35 ,0.00476988 ,0.0398285 ,0 
169,8.4 ,0.00401826 ,0.0337534 ,0 
170,8.45 ,0.0033799 ,0.0285602 ,0 
171,8.5 ,0.00283863 ,0.0241284 ,0 
172,8.55 ,0.00238042 ,0.0203526 ,0 
173,8.6 ,0.00199316 ,0.0171412 ,0 
174,8.65 ,0.00166639 ,0.0144143 ,0 
175,8.7 ,0.0013911 ,0.0121026 ,0 
176,8.75 ,0.00115956 ,0.0101461 ,0 
177,8.8 ,0.000965125 ,0.0084931 ,0 
178,8.85 ,0.000802115 ,0.00709872 ,0 
179,8.9 ,0.000665669 ,0.00592445 ,0 
180,8.95 ,0.000551644 ,0.00493721 ,0 
181,9 ,0.000456511 ,0.00410859 ,0 
182,9.05 ,0.000377271 ,0.00341431 ,0 
183,9.1 ,0.000311383 ,0.00283358 ,0 
184,9.15 ,0.000256692 ,0.00234873 ,0 
185,9.2 ,0.00021138 ,0.00194469 ,0 
186,9.25 ,0.000173913 ,0.00160869 ,0 
187,9.3 ,0.000143001 ,0.00132991 ,0 
188,9.35 ,0.000117561 ,0.0010992 ,0 
189,9.4 ,9.66886e-05 ,0.000908872 ,0 
190,9.45 ,7.9627e-05 ,0.000752475 ,0 
191,9.5 ,6.57488e-05 ,0.000624613 ,0 
192,9.55 ,5.45354e-05 ,0.000520813 ,0 
193,9.6 ,4.55613e-05 ,0.000437388 ,0 
194,9.65 ,3.84808e-05 ,0.000371339 ,0 
195,9.7 ,3.30174e-05 ,0.000320269 ,0 
196,9.75 ,2.89551e-05 ,0.000282312 ,0 
197,9.8 ,2.61316e-05 ,0.000256089 ,0 
198,9.85 ,2.44334e-05 ,0.000240669 ,0 
199,9.9 ,2.37931e-05 ,0.000235552 ,0 
200,9.95 ,2.41875e-05 ,0.000240665 ,0 