
1,0.5 ,2.76077e-06 
2,0.51272 ,7.85898e-05 
3,0.52544 ,7.85898e-05 
4,0.53816 ,0.000215907 
5,0.55088 ,0.000521646 
6,0.5636 ,0.00113028 
7,0.57632 ,0.00223117 
8,0.58904 ,0.00406556 
9,0.60176 ,0.00691409 
10,0.61448 ,0.011077 
11,0.6272 ,0.0168505 
12,0.63992 ,0.0245029 
13,0.65264 ,0.0342553 
14,0.66536 ,0.0462673 
15,0.67808 ,0.0606297 
16,0.6908 ,0.0773634 
17,0.70352 ,0.0964241 
18,0.71624 ,0.11771 
19,0.72896 ,0.141073 
20,0.74168 ,0.166327 
21,0.7544 ,0.193265 
22,0.76712 ,0.221661 
23,0.77984 ,0.251287 
24,0.79256 ,0.281916 
25,0.80528 ,0.313326 
26,0.818 ,0.345311 
27,0.83072 ,0.377678 
28,0.84344 ,0.410249 
29,0.85616 ,0.442866 
30,0.86888 ,0.475389 
31,0.8816 ,0.507693 
32,0.89432 ,0.539672 
33,0.90704 ,0.571235 
34,0.91976 ,0.602306 
35,0.93248 ,0.632822 
36,0.9452 ,0.662731 
37,0.95792 ,0.691993 
38,0.97064 ,0.720577 
39,0.98336 ,0.748461 
40,0.99608 ,0.775627 
41,1.0088 ,0.802068 
42,1.02152 ,0.82778 
43,1.03424 ,0.852762 
44,1.04696 ,0.877018 
45,1.05968 ,0.900558 
46,1.0724 ,0.923389 
47,1.08512 ,0.945525 
48,1.09784 ,0.966979 
49,1.11056 ,0.987767 
50,1.12328 ,1.0079 
51,1.136 ,1.02741 
52,1.14872 ,1.0463 
53,1.16144 ,1.06459 
54,1.17416 ,1.0823 
55,1.18688 ,1.09944 
56,1.1996 ,1.11604 
57,1.21232 ,1.13212 
58,1.22504 ,1.14768 
59,1.23776 ,1.16276 
60,1.25048 ,1.17735 
61,1.2632 ,1.19149 
62,1.27592 ,1.20518 
63,1.28864 ,1.21845 
64,1.30136 ,1.2313 
65,1.31408 ,1.24375 
66,1.3268 ,1.25581 
67,1.33952 ,1.26751 
68,1.35224 ,1.27884 
69,1.36496 ,1.28983 
70,1.37768 ,1.30048 
71,1.3904 ,1.31081 
72,1.40312 ,1.32083 
73,1.41584 ,1.33055 
74,1.42856 ,1.33998 
75,1.44128 ,1.34912 
76,1.454 ,1.358 
77,1.46672 ,1.36661 
78,1.47944 ,1.37497 
79,1.49216 ,1.38308 
80,1.50488 ,1.39095 
81,1.5176 ,1.3986 
82,1.53032 ,1.40602 
83,1.54304 ,1.41323 
84,1.55576 ,1.42023 
85,1.56848 ,1.42702 
86,1.5812 ,1.43362 
87,1.59392 ,1.44004 
88,1.60664 ,1.44626 
89,1.61936 ,1.45231 
90,1.63208 ,1.45819 
91,1.6448 ,1.4639 
92,1.65752 ,1.46944 
93,1.67024 ,1.47483 
94,1.68296 ,1.48007 
95,1.69568 ,1.48515 
96,1.7084 ,1.49009 
97,1.72112 ,1.49489 
98,1.73384 ,1.49955 
99,1.74656 ,1.50407 
100,1.75928 ,1.50847 
101,1.772 ,1.51274 
102,1.78472 ,1.51689 
103,1.79744 ,1.52091 
104,1.81016 ,1.52482 
105,1.82288 ,1.52862 
106,1.8356 ,1.5323 
107,1.84832 ,1.53587 
108,1.86104 ,1.53934 
109,1.87376 ,1.54271 
110,1.88648 ,1.54597 
111,1.8992 ,1.54914 
112,1.91192 ,1.55221 
113,1.92464 ,1.55519 
114,1.93736 ,1.55807 
115,1.95008 ,1.56086 
116,1.9628 ,1.56357 
117,1.97552 ,1.56619 
118,1.98824 ,1.56873 
119,2.00096 ,1.57118 
120,2.01368 ,1.57356 
121,2.0264 ,1.57585 
122,2.03912 ,1.57807 
123,2.05184 ,1.58021 
124,2.06456 ,1.58228 
125,2.07728 ,1.58427 
126,2.09 ,1.58619 
127,2.10272 ,1.58805 
128,2.11544 ,1.58983 
129,2.12816 ,1.59155 
130,2.14088 ,1.5932 
131,2.1536 ,1.59479 
132,2.16632 ,1.59631 
133,2.17904 ,1.59777 
134,2.19176 ,1.59917 
135,2.20448 ,1.60051 
136,2.2172 ,1.60179 
137,2.22992 ,1.60301 
138,2.24264 ,1.60417 
139,2.25536 ,1.60528 
140,2.26808 ,1.60633 
141,2.2808 ,1.60733 
142,2.29352 ,1.60827 
143,2.30624 ,1.60916 
144,2.31896 ,1.61 
145,2.33168 ,1.61079 
146,2.3444 ,1.61153 
147,2.35712 ,1.61222 
148,2.36984 ,1.61286 
149,2.38256 ,1.61345 
150,2.39528 ,1.61399 
151,2.408 ,1.61449 
152,2.42072 ,1.61494 
153,2.43344 ,1.61535 
154,2.44616 ,1.61571 
155,2.45888 ,1.61603 
156,2.4716 ,1.6163 
157,2.48432 ,1.61653 
158,2.49704 ,1.61672 
159,2.50976 ,1.61686 
160,2.52248 ,1.61697 
161,2.5352 ,1.61704 
162,2.54792 ,1.61706 
163,2.56064 ,1.61704 
164,2.57336 ,1.61699 
165,2.58608 ,1.6169 
166,2.5988 ,1.61677 
167,2.61152 ,1.6166 
168,2.62424 ,1.61639 
169,2.63696 ,1.61615 
170,2.64968 ,1.61587 
171,2.6624 ,1.61556 
172,2.67512 ,1.6152 
173,2.68784 ,1.61482 
174,2.70056 ,1.6144 
175,2.71328 ,1.61394 
176,2.726 ,1.61346 
177,2.73872 ,1.61293 
178,2.75144 ,1.61238 
179,2.76416 ,1.61179 
180,2.77688 ,1.61117 
181,2.7896 ,1.61052 
182,2.80232 ,1.60983 
183,2.81504 ,1.60911 
184,2.82776 ,1.60837 
185,2.84048 ,1.60759 
186,2.8532 ,1.60678 
187,2.86592 ,1.60594 
188,2.87864 ,1.60507 
189,2.89136 ,1.60417 
190,2.90408 ,1.60325 
191,2.9168 ,1.60229 
192,2.92952 ,1.60131 
193,2.94224 ,1.60029 
194,2.95496 ,1.59925 
195,2.96768 ,1.59818 
196,2.9804 ,1.59708 
197,2.99312 ,1.59596 
198,3.00584 ,1.5948 
199,3.01856 ,1.59363 
200,3.03128 ,1.59242 
201,3.044 ,1.59119 
202,3.05672 ,1.58993 
203,3.06944 ,1.58865 
204,3.08216 ,1.58734 
205,3.09488 ,1.586 
206,3.1076 ,1.58464 
207,3.12032 ,1.58325 
208,3.13304 ,1.58184 
209,3.14576 ,1.58041 
210,3.15848 ,1.57895 
211,3.1712 ,1.57746 
212,3.18392 ,1.57596 
213,3.19664 ,1.57443 
214,3.20936 ,1.57287 
215,3.22208 ,1.57129 
216,3.2348 ,1.56969 
217,3.24752 ,1.56807 
218,3.26024 ,1.56642 
219,3.27296 ,1.56475 
220,3.28568 ,1.56305 
221,3.2984 ,1.56134 
222,3.31112 ,1.5596 
223,3.32384 ,1.55784 
224,3.33656 ,1.55606 
225,3.34928 ,1.55426 
226,3.362 ,1.55244 
227,3.37472 ,1.55059 
228,3.38744 ,1.54873 
229,3.40016 ,1.54684 
230,3.41288 ,1.54493 
231,3.4256 ,1.543 
232,3.43832 ,1.54105 
233,3.45104 ,1.53908 
234,3.46376 ,1.53709 
235,3.47648 ,1.53508 
236,3.4892 ,1.53306 
237,3.50192 ,1.53101 
238,3.51464 ,1.52894 
239,3.52736 ,1.52685 
240,3.54008 ,1.52474 
241,3.5528 ,1.52262 
242,3.56552 ,1.52047 
243,3.57824 ,1.51831 
244,3.59096 ,1.51612 
245,3.60368 ,1.51392 
246,3.6164 ,1.5117 
247,3.62912 ,1.50946 
248,3.64184 ,1.50721 
249,3.65456 ,1.50493 
250,3.66728 ,1.50264 
251,3.68 ,1.50033 
252,3.69272 ,1.498 
253,3.70544 ,1.49566 
254,3.71816 ,1.4933 
255,3.73088 ,1.49092 
256,3.7436 ,1.48852 
257,3.75632 ,1.48611 
258,3.76904 ,1.48367 
259,3.78176 ,1.48123 
260,3.79448 ,1.47876 
261,3.8072 ,1.47628 
262,3.81992 ,1.47378 
263,3.83264 ,1.47127 
264,3.84536 ,1.46874 
265,3.85808 ,1.46619 
266,3.8708 ,1.46363 
267,3.88352 ,1.46105 
268,3.89624 ,1.45846 
269,3.90896 ,1.45585 
270,3.92168 ,1.45323 
271,3.9344 ,1.45058 
272,3.94712 ,1.44793 
273,3.95984 ,1.44526 
274,3.97256 ,1.44257 
275,3.98528 ,1.43987 
276,3.998 ,1.43716 
277,4.01072 ,1.43442 
278,4.02344 ,1.43168 
279,4.03616 ,1.42892 
280,4.04888 ,1.42614 
281,4.0616 ,1.42336 
282,4.07432 ,1.42055 
283,4.08704 ,1.41774 
284,4.09976 ,1.4149 
285,4.11248 ,1.41206 
286,4.1252 ,1.4092 
287,4.13792 ,1.40633 
288,4.15064 ,1.40344 
289,4.16336 ,1.40054 
290,4.17608 ,1.39762 
291,4.1888 ,1.3947 
292,4.20152 ,1.39176 
293,4.21424 ,1.3888 
294,4.22696 ,1.38584 
295,4.23968 ,1.38286 
296,4.2524 ,1.37986 
297,4.26512 ,1.37686 
298,4.27784 ,1.37384 
299,4.29056 ,1.37081 
300,4.30328 ,1.36776 
301,4.316 ,1.36471 
302,4.32872 ,1.36164 
303,4.34144 ,1.35856 
304,4.35416 ,1.35547 
305,4.36688 ,1.35236 
306,4.3796 ,1.34924 
307,4.39232 ,1.34612 
308,4.40504 ,1.34297 
309,4.41776 ,1.33982 
310,4.43048 ,1.33666 
311,4.4432 ,1.33348 
312,4.45592 ,1.33029 
313,4.46864 ,1.3271 
314,4.48136 ,1.32389 
315,4.49408 ,1.32066 
316,4.5068 ,1.31743 
317,4.51952 ,1.31419 
318,4.53224 ,1.31093 
319,4.54496 ,1.30767 
320,4.55768 ,1.30439 
321,4.5704 ,1.30111 
322,4.58312 ,1.29781 
323,4.59584 ,1.2945 
324,4.60856 ,1.29118 
325,4.62128 ,1.28785 
326,4.634 ,1.28451 
327,4.64672 ,1.28116 
328,4.65944 ,1.2778 
329,4.67216 ,1.27443 
330,4.68488 ,1.27105 
331,4.6976 ,1.26766 
332,4.71032 ,1.26427 
333,4.72304 ,1.26086 
334,4.73576 ,1.25744 
335,4.74848 ,1.25401 
336,4.7612 ,1.25057 
337,4.77392 ,1.24712 
338,4.78664 ,1.24367 
339,4.79936 ,1.2402 
340,4.81208 ,1.23672 
341,4.8248 ,1.23324 
342,4.83752 ,1.22975 
343,4.85024 ,1.22624 
344,4.86296 ,1.22273 
345,4.87568 ,1.21921 
346,4.8884 ,1.21568 
347,4.90112 ,1.21215 
348,4.91384 ,1.2086 
349,4.92656 ,1.20505 
350,4.93928 ,1.20148 
351,4.952 ,1.19791 
352,4.96472 ,1.19433 
353,4.97744 ,1.19074 
354,4.99016 ,1.18715 
355,5.00288 ,1.18354 
356,5.0156 ,1.17993 
357,5.02832 ,1.17631 
358,5.04104 ,1.17268 
359,5.05376 ,1.16905 
360,5.06648 ,1.16541 
361,5.0792 ,1.16176 
362,5.09192 ,1.1581 
363,5.10464 ,1.15443 
364,5.11736 ,1.15076 
365,5.13008 ,1.14708 
366,5.1428 ,1.14339 
367,5.15552 ,1.1397 
368,5.16824 ,1.13599 
369,5.18096 ,1.13229 
370,5.19368 ,1.12857 
371,5.2064 ,1.12485 
372,5.21912 ,1.12112 
373,5.23184 ,1.11738 
374,5.24456 ,1.11364 
375,5.25728 ,1.10989 
376,5.27 ,1.10613 
377,5.28272 ,1.10237 
378,5.29544 ,1.0986 
379,5.30816 ,1.09483 
380,5.32088 ,1.09105 
381,5.3336 ,1.08726 
382,5.34632 ,1.08346 
383,5.35904 ,1.07966 
384,5.37176 ,1.07586 
385,5.38448 ,1.07205 
386,5.3972 ,1.06823 
387,5.40992 ,1.06441 
388,5.42264 ,1.06058 
389,5.43536 ,1.05675 
390,5.44808 ,1.05291 
391,5.4608 ,1.04906 
392,5.47352 ,1.04521 
393,5.48624 ,1.04135 
394,5.49896 ,1.03749 
395,5.51168 ,1.03363 
396,5.5244 ,1.02976 
397,5.53712 ,1.02588 
398,5.54984 ,1.022 
399,5.56256 ,1.01811 
400,5.57528 ,1.01422 
401,5.588 ,1.01032 
402,5.60072 ,1.00642 
403,5.61344 ,1.00252 
404,5.62616 ,0.998609 
405,5.63888 ,0.994695 
406,5.6516 ,0.990776 
407,5.66432 ,0.986853 
408,5.67704 ,0.982926 
409,5.68976 ,0.978994 
410,5.70248 ,0.975058 
411,5.7152 ,0.971118 
412,5.72792 ,0.967175 
413,5.74064 ,0.963227 
414,5.75336 ,0.959275 
415,5.76608 ,0.955319 
416,5.7788 ,0.95136 
417,5.79152 ,0.947397 
418,5.80424 ,0.943431 
419,5.81696 ,0.93946 
420,5.82968 ,0.935487 
421,5.8424 ,0.93151 
422,5.85512 ,0.927529 
423,5.86784 ,0.923545 
424,5.88056 ,0.919558 
425,5.89328 ,0.915568 
426,5.906 ,0.911575 
427,5.91872 ,0.907578 
428,5.93144 ,0.903579 
429,5.94416 ,0.899577 
430,5.95688 ,0.895572 
431,5.9696 ,0.891564 
432,5.98232 ,0.887553 
433,5.99504 ,0.88354 
434,6.00776 ,0.879524 
435,6.02048 ,0.875506 
436,6.0332 ,0.871485 
437,6.04592 ,0.867462 
438,6.05864 ,0.863436 
439,6.07136 ,0.859409 
440,6.08408 ,0.855379 
441,6.0968 ,0.851346 
442,6.10952 ,0.847312 
443,6.12224 ,0.843276 
444,6.13496 ,0.839238 
445,6.14768 ,0.835198 
446,6.1604 ,0.831156 
447,6.17312 ,0.827112 
448,6.18584 ,0.823067 
449,6.19856 ,0.81902 
450,6.21128 ,0.814971 
451,6.224 ,0.810921 
452,6.23672 ,0.806869 
453,6.24944 ,0.802816 
454,6.26216 ,0.798762 
455,6.27488 ,0.794707 
456,6.2876 ,0.79065 
457,6.30032 ,0.786592 
458,6.31304 ,0.782533 
459,6.32576 ,0.778473 
460,6.33848 ,0.774412 
461,6.3512 ,0.77035 
462,6.36392 ,0.766288 
463,6.37664 ,0.762224 
464,6.38936 ,0.75816 
465,6.40208 ,0.754095 
466,6.4148 ,0.75003 
467,6.42752 ,0.745964 
468,6.44024 ,0.741897 
469,6.45296 ,0.737831 
470,6.46568 ,0.733763 
471,6.4784 ,0.729696 
472,6.49112 ,0.725628 
473,6.50384 ,0.72156 
474,6.51656 ,0.717492 
475,6.52928 ,0.713424 
476,6.542 ,0.709356 
477,6.55472 ,0.705289 
478,6.56744 ,0.701221 
479,6.58016 ,0.697153 
480,6.59288 ,0.693086 
481,6.6056 ,0.689019 
482,6.61832 ,0.684952 
483,6.63104 ,0.680886 
484,6.64376 ,0.67682 
485,6.65648 ,0.672754 
486,6.6692 ,0.66869 
487,6.68192 ,0.664626 
488,6.69464 ,0.660562 
489,6.70736 ,0.6565 
490,6.72008 ,0.652438 
491,6.7328 ,0.648377 
492,6.74552 ,0.644318 
493,6.75824 ,0.640259 
494,6.77096 ,0.636201 
495,6.78368 ,0.632144 
496,6.7964 ,0.628089 
497,6.80912 ,0.624034 
498,6.82184 ,0.619981 
499,6.83456 ,0.61593 
500,6.84728 ,0.611879 
501,6.86 ,0.607831 
502,6.87272 ,0.603783 
503,6.88544 ,0.599738 
504,6.89816 ,0.595694 
505,6.91088 ,0.591651 
506,6.9236 ,0.587611 
507,6.93632 ,0.583572 
508,6.94904 ,0.579535 
509,6.96176 ,0.5755 
510,6.97448 ,0.571467 
511,6.9872 ,0.567436 
512,6.99992 ,0.563406 
513,7.01264 ,0.55938 
514,7.02536 ,0.555355 
515,7.03808 ,0.551332 
516,7.0508 ,0.547312 
517,7.06352 ,0.543294 
518,7.07624 ,0.539279 
519,7.08896 ,0.535266 
520,7.10168 ,0.531256 
521,7.1144 ,0.527248 
522,7.12712 ,0.523242 
523,7.13984 ,0.51924 
524,7.15256 ,0.51524 
525,7.16528 ,0.511243 
526,7.178 ,0.507249 
527,7.19072 ,0.503257 
528,7.20344 ,0.499269 
529,7.21616 ,0.495284 
530,7.22888 ,0.491301 
531,7.2416 ,0.487322 
532,7.25432 ,0.483346 
533,7.26704 ,0.479373 
534,7.27976 ,0.475403 
535,7.29248 ,0.471437 
536,7.3052 ,0.467474 
537,7.31792 ,0.463514 
538,7.33064 ,0.459558 
539,7.34336 ,0.455606 
540,7.35608 ,0.451657 
541,7.3688 ,0.447711 
542,7.38152 ,0.44377 
543,7.39424 ,0.439832 
544,7.40696 ,0.435898 
545,7.41968 ,0.431967 
546,7.4324 ,0.428041 
547,7.44512 ,0.424118 
548,7.45784 ,0.4202 
549,7.47056 ,0.416285 
550,7.48328 ,0.412375 
551,7.496 ,0.408468 
552,7.50872 ,0.404566 
553,7.52144 ,0.400668 
554,7.53416 ,0.396775 
555,7.54688 ,0.392885 
556,7.5596 ,0.389 
557,7.57232 ,0.38512 
558,7.58504 ,0.381244 
559,7.59776 ,0.377372 
560,7.61048 ,0.373506 
561,7.6232 ,0.369643 
562,7.63592 ,0.365786 
563,7.64864 ,0.361933 
564,7.66136 ,0.358085 
565,7.67408 ,0.354241 
566,7.6868 ,0.350403 
567,7.69952 ,0.34657 
568,7.71224 ,0.342741 
569,7.72496 ,0.338918 
570,7.73768 ,0.335099 
571,7.7504 ,0.331286 
572,7.76312 ,0.327478 
573,7.77584 ,0.323675 
574,7.78856 ,0.319877 
575,7.80128 ,0.316084 
576,7.814 ,0.312297 
577,7.82672 ,0.308515 
578,7.83944 ,0.304739 
579,7.85216 ,0.300968 
580,7.86488 ,0.297203 
581,7.8776 ,0.293443 
582,7.89032 ,0.289689 
583,7.90304 ,0.285941 
584,7.91576 ,0.282198 
585,7.92848 ,0.278461 
586,7.9412 ,0.27473 
587,7.95392 ,0.271005 
588,7.96664 ,0.267285 
589,7.97936 ,0.263572 
590,7.99208 ,0.259864 
591,8.0048 ,0.256163 
592,8.01752 ,0.252467 
593,8.03024 ,0.248778 
594,8.04296 ,0.245095 
595,8.05568 ,0.241418 
596,8.0684 ,0.237747 
597,8.08112 ,0.234083 
598,8.09384 ,0.230425 
599,8.10656 ,0.226773 
600,8.11928 ,0.223128 
601,8.132 ,0.219489 
602,8.14472 ,0.215856 
603,8.15744 ,0.212231 
604,8.17016 ,0.208611 
605,8.18288 ,0.204999 
606,8.1956 ,0.201393 
607,8.20832 ,0.197794 
608,8.22104 ,0.194201 
609,8.23376 ,0.190616 
610,8.24648 ,0.187037 
611,8.2592 ,0.183465 
612,8.27192 ,0.1799 
613,8.28464 ,0.176342 
614,8.29736 ,0.172791 
615,8.31008 ,0.169247 
616,8.3228 ,0.16571 
617,8.33552 ,0.16218 
618,8.34824 ,0.158657 
619,8.36096 ,0.155142 
620,8.37368 ,0.151633 
621,8.3864 ,0.148132 
622,8.39912 ,0.144639 
623,8.41184 ,0.141153 
624,8.42456 ,0.137674 
625,8.43728 ,0.134202 
626,8.45 ,0.130738 
627,8.46272 ,0.127282 
628,8.47544 ,0.123833 
629,8.48816 ,0.120392 
630,8.50088 ,0.116958 
631,8.5136 ,0.113532 
632,8.52632 ,0.110114 
633,8.53904 ,0.106703 
634,8.55176 ,0.103301 
635,8.56448 ,0.0999056 
636,8.5772 ,0.0965185 
637,8.58992 ,0.0931393 
638,8.60264 ,0.0897681 
639,8.61536 ,0.0864048 
640,8.62808 ,0.0830495 
641,8.6408 ,0.0797022 
642,8.65352 ,0.076363 
643,8.66624 ,0.0730319 
644,8.67896 ,0.069709 
645,8.69168 ,0.0663942 
646,8.7044 ,0.0630877 
647,8.71712 ,0.0597894 
648,8.72984 ,0.0564994 
649,8.74256 ,0.0532178 
650,8.75528 ,0.0499444 
651,8.768 ,0.0466795 
652,8.78072 ,0.043423 
653,8.79344 ,0.040175 
654,8.80616 ,0.0369354 
655,8.81888 ,0.0337044 
656,8.8316 ,0.0304819 
657,8.84432 ,0.027268 
658,8.85704 ,0.0240628 
659,8.86976 ,0.0208662 
660,8.88248 ,0.0176783 
661,8.8952 ,0.0144991 
662,8.90792 ,0.0113287 
663,8.92064 ,0.0081671 
664,8.93336 ,0.0050143 
665,8.94608 ,0.00187035 
666,8.9588 ,-0.0012647 
667,8.97152 ,-0.00439084 
668,8.98424 ,-0.00750803 
669,8.99696 ,-0.0106162 
670,9.00968 ,-0.0137154 
671,9.0224 ,-0.0168056 
672,9.03512 ,-0.0198867 
673,9.04784 ,-0.0229587 
674,9.06056 ,-0.0260215 
675,9.07328 ,-0.0290752 
676,9.086 ,-0.0321197 
677,9.09872 ,-0.0351549 
678,9.11144 ,-0.0381809 
679,9.12416 ,-0.0411977 
680,9.13688 ,-0.0442051 
681,9.1496 ,-0.0472031 
682,9.16232 ,-0.0501918 
683,9.17504 ,-0.0531711 
684,9.18776 ,-0.056141 
685,9.20048 ,-0.0591014 
686,9.2132 ,-0.0620523 
687,9.22592 ,-0.0649938 
688,9.23864 ,-0.0679256 
689,9.25136 ,-0.0708479 
690,9.26408 ,-0.0737607 
691,9.2768 ,-0.0766637 
692,9.28952 ,-0.0795572 
693,9.30224 ,-0.0824409 
694,9.31496 ,-0.085315 
695,9.32768 ,-0.0881793 
696,9.3404 ,-0.0910339 
697,9.35312 ,-0.0938787 
698,9.36584 ,-0.0967137 
699,9.37856 ,-0.0995388 
700,9.39128 ,-0.102354 
701,9.404 ,-0.10516 
702,9.41672 ,-0.107955 
703,9.42944 ,-0.110741 
704,9.44216 ,-0.113516 
705,9.45488 ,-0.116282 
706,9.4676 ,-0.119037 
707,9.48032 ,-0.121783 
708,9.49304 ,-0.124518 
709,9.50576 ,-0.127244 
710,9.51848 ,-0.129959 
711,9.5312 ,-0.132664 
712,9.54392 ,-0.13536 
713,9.55664 ,-0.138044 
714,9.56936 ,-0.140719 
715,9.58208 ,-0.143384 
716,9.5948 ,-0.146038 
717,9.60752 ,-0.148682 
718,9.62024 ,-0.151315 
719,9.63296 ,-0.153939 
720,9.64568 ,-0.156552 
721,9.6584 ,-0.159154 
722,9.67112 ,-0.161747 
723,9.68384 ,-0.164329 
724,9.69656 ,-0.1669 
725,9.70928 ,-0.169461 
726,9.722 ,-0.172012 
727,9.73472 ,-0.174552 
728,9.74744 ,-0.177081 
729,9.76016 ,-0.1796 
730,9.77288 ,-0.182109 
731,9.7856 ,-0.184607 
732,9.79832 ,-0.187094 
733,9.81104 ,-0.189571 
734,9.82376 ,-0.192037 
735,9.83648 ,-0.194493 
736,9.8492 ,-0.196938 
737,9.86192 ,-0.199372 
738,9.87464 ,-0.201796 
739,9.88736 ,-0.204208 
740,9.90008 ,-0.206611 
741,9.9128 ,-0.209002 
742,9.92552 ,-0.211382 
743,9.93824 ,-0.213752 
744,9.95096 ,-0.216111 
745,9.96368 ,-0.21846 
746,9.9764 ,-0.220797 
747,9.98912 ,-0.223123 
748,10.0018 ,-0.225439 
749,10.0146 ,-0.227744 
750,10.0273 ,-0.230038 
751,10.04 ,-0.232321 
752,10.0527 ,-0.234593 
753,10.0654 ,-0.236854 
754,10.0782 ,-0.239104 
755,10.0909 ,-0.241343 
756,10.1036 ,-0.243571 
757,10.1163 ,-0.245789 
758,10.129 ,-0.247995 
759,10.1418 ,-0.25019 
760,10.1545 ,-0.252374 
761,10.1672 ,-0.254547 
762,10.1799 ,-0.256709 
763,10.1926 ,-0.25886 
764,10.2054 ,-0.260999 
765,10.2181 ,-0.263128 
766,10.2308 ,-0.265246 
767,10.2435 ,-0.267352 
768,10.2562 ,-0.269447 
769,10.269 ,-0.271531 
770,10.2817 ,-0.273604 
771,10.2944 ,-0.275666 
772,10.3071 ,-0.277716 
773,10.3198 ,-0.279756 
774,10.3326 ,-0.281784 
775,10.3453 ,-0.283801 
776,10.358 ,-0.285806 
777,10.3707 ,-0.2878 
778,10.3834 ,-0.289784 
779,10.3962 ,-0.291755 
780,10.4089 ,-0.293716 
781,10.4216 ,-0.295665 
782,10.4343 ,-0.297603 
783,10.447 ,-0.299529 
784,10.4598 ,-0.301445 
785,10.4725 ,-0.303349 
786,10.4852 ,-0.305241 
787,10.4979 ,-0.307122 
788,10.5106 ,-0.308992 
789,10.5234 ,-0.310851 
790,10.5361 ,-0.312698 
791,10.5488 ,-0.314534 
792,10.5615 ,-0.316358 
793,10.5742 ,-0.318171 
794,10.587 ,-0.319972 
795,10.5997 ,-0.321762 
796,10.6124 ,-0.323541 
797,10.6251 ,-0.325308 
798,10.6378 ,-0.327064 
799,10.6506 ,-0.328808 
800,10.6633 ,-0.330541 
801,10.676 ,-0.332263 
802,10.6887 ,-0.333973 
803,10.7014 ,-0.335671 
804,10.7142 ,-0.337358 
805,10.7269 ,-0.339034 
806,10.7396 ,-0.340698 
807,10.7523 ,-0.34235 
808,10.765 ,-0.343992 
809,10.7778 ,-0.345621 
810,10.7905 ,-0.347239 
811,10.8032 ,-0.348846 
812,10.8159 ,-0.350441 
813,10.8286 ,-0.352024 
814,10.8414 ,-0.353596 
815,10.8541 ,-0.355157 
816,10.8668 ,-0.356706 
817,10.8795 ,-0.358243 
818,10.8922 ,-0.359769 
819,10.905 ,-0.361283 
820,10.9177 ,-0.362786 
821,10.9304 ,-0.364278 
822,10.9431 ,-0.365757 
823,10.9558 ,-0.367226 
824,10.9686 ,-0.368682 
825,10.9813 ,-0.370127 
826,10.994 ,-0.371561 
827,11.0067 ,-0.372983 
828,11.0194 ,-0.374393 
829,11.0322 ,-0.375792 
830,11.0449 ,-0.377179 
831,11.0576 ,-0.378555 
832,11.0703 ,-0.379919 
833,11.083 ,-0.381272 
834,11.0958 ,-0.382613 
835,11.1085 ,-0.383943 
836,11.1212 ,-0.385261 
837,11.1339 ,-0.386567 
838,11.1466 ,-0.387862 
839,11.1594 ,-0.389145 
840,11.1721 ,-0.390417 
841,11.1848 ,-0.391678 
842,11.1975 ,-0.392926 
843,11.2102 ,-0.394163 
844,11.223 ,-0.395389 
845,11.2357 ,-0.396603 
846,11.2484 ,-0.397806 
847,11.2611 ,-0.398997 
848,11.2738 ,-0.400176 
849,11.2866 ,-0.401344 
850,11.2993 ,-0.4025 
851,11.312 ,-0.403645 
852,11.3247 ,-0.404779 
853,11.3374 ,-0.4059 
854,11.3502 ,-0.407011 
855,11.3629 ,-0.40811 
856,11.3756 ,-0.409197 
857,11.3883 ,-0.410273 
858,11.401 ,-0.411337 
859,11.4138 ,-0.41239 
860,11.4265 ,-0.413431 
861,11.4392 ,-0.414461 
862,11.4519 ,-0.415479 
863,11.4646 ,-0.416486 
864,11.4774 ,-0.417482 
865,11.4901 ,-0.418466 
866,11.5028 ,-0.419438 
867,11.5155 ,-0.420399 
868,11.5282 ,-0.421349 
869,11.541 ,-0.422287 
870,11.5537 ,-0.423214 
871,11.5664 ,-0.424129 
872,11.5791 ,-0.425033 
873,11.5918 ,-0.425925 
874,11.6046 ,-0.426807 
875,11.6173 ,-0.427676 
876,11.63 ,-0.428535 
877,11.6427 ,-0.429382 
878,11.6554 ,-0.430217 
879,11.6682 ,-0.431041 
880,11.6809 ,-0.431854 
881,11.6936 ,-0.432656 
882,11.7063 ,-0.433446 
883,11.719 ,-0.434225 
884,11.7318 ,-0.434992 
885,11.7445 ,-0.435749 
886,11.7572 ,-0.436494 
887,11.7699 ,-0.437227 
888,11.7826 ,-0.43795 
889,11.7954 ,-0.438661 
890,11.8081 ,-0.439361 
891,11.8208 ,-0.440049 
892,11.8335 ,-0.440727 
893,11.8462 ,-0.441393 
894,11.859 ,-0.442048 
895,11.8717 ,-0.442691 
896,11.8844 ,-0.443324 
897,11.8971 ,-0.443945 
898,11.9098 ,-0.444555 
899,11.9226 ,-0.445154 
900,11.9353 ,-0.445742 
901,11.948 ,-0.446319 
902,11.9607 ,-0.446884 
903,11.9734 ,-0.447439 
904,11.9862 ,-0.447982 
905,11.9989 ,-0.448515 
906,12.0116 ,-0.449036 
907,12.0243 ,-0.449546 
908,12.037 ,-0.450045 
909,12.0498 ,-0.450533 
910,12.0625 ,-0.45101 
911,12.0752 ,-0.451476 
912,12.0879 ,-0.451932 
913,12.1006 ,-0.452376 
914,12.1134 ,-0.452809 
915,12.1261 ,-0.453231 
916,12.1388 ,-0.453642 
917,12.1515 ,-0.454043 
918,12.1642 ,-0.454432 
919,12.177 ,-0.45481 
920,12.1897 ,-0.455178 
921,12.2024 ,-0.455535 
922,12.2151 ,-0.455881 
923,12.2278 ,-0.456216 
924,12.2406 ,-0.45654 
925,12.2533 ,-0.456854 
926,12.266 ,-0.457157 
927,12.2787 ,-0.457449 
928,12.2914 ,-0.45773 
929,12.3042 ,-0.458 
930,12.3169 ,-0.45826 
931,12.3296 ,-0.458509 
932,12.3423 ,-0.458748 
933,12.355 ,-0.458975 
934,12.3678 ,-0.459192 
935,12.3805 ,-0.459399 
936,12.3932 ,-0.459595 
937,12.4059 ,-0.45978 
938,12.4186 ,-0.459955 
939,12.4314 ,-0.460119 
940,12.4441 ,-0.460272 
941,12.4568 ,-0.460415 
942,12.4695 ,-0.460548 
943,12.4822 ,-0.46067 
944,12.495 ,-0.460782 
945,12.5077 ,-0.460883 
946,12.5204 ,-0.460974 
947,12.5331 ,-0.461054 
948,12.5458 ,-0.461124 
949,12.5586 ,-0.461184 
950,12.5713 ,-0.461233 
951,12.584 ,-0.461272 
952,12.5967 ,-0.4613 
953,12.6094 ,-0.461319 
954,12.6222 ,-0.461327 
955,12.6349 ,-0.461325 
956,12.6476 ,-0.461312 
957,12.6603 ,-0.46129 
958,12.673 ,-0.461257 
959,12.6858 ,-0.461214 
960,12.6985 ,-0.461161 
961,12.7112 ,-0.461097 
962,12.7239 ,-0.461024 
963,12.7366 ,-0.460941 
964,12.7494 ,-0.460847 
965,12.7621 ,-0.460744 
966,12.7748 ,-0.46063 
967,12.7875 ,-0.460507 
968,12.8002 ,-0.460373 
969,12.813 ,-0.46023 
970,12.8257 ,-0.460077 
971,12.8384 ,-0.459913 
972,12.8511 ,-0.45974 
973,12.8638 ,-0.459557 
974,12.8766 ,-0.459365 
975,12.8893 ,-0.459162 
976,12.902 ,-0.45895 
977,12.9147 ,-0.458728 
978,12.9274 ,-0.458496 
979,12.9402 ,-0.458254 
980,12.9529 ,-0.458003 
981,12.9656 ,-0.457742 
982,12.9783 ,-0.457471 
983,12.991 ,-0.457191 
984,13.0038 ,-0.456901 
985,13.0165 ,-0.456602 
986,13.0292 ,-0.456293 
987,13.0419 ,-0.455975 
988,13.0546 ,-0.455647 
989,13.0674 ,-0.45531 
990,13.0801 ,-0.454963 
991,13.0928 ,-0.454607 
992,13.1055 ,-0.454241 
993,13.1182 ,-0.453866 
994,13.131 ,-0.453482 
995,13.1437 ,-0.453088 
996,13.1564 ,-0.452685 
997,13.1691 ,-0.452273 
998,13.1818 ,-0.451852 
999,13.1946 ,-0.451421 
1000,13.2073 ,-0.450982 