
1,0 ,9.42493e-06 
2,0.5 ,9.42493e-06 
3,1 ,9.42493e-06 
4,1.5 ,1.44426e-05 
5,2 ,2.08071e-05 
6,2.5 ,2.85051e-05 
7,3 ,3.74981e-05 
8,3.5 ,4.77522e-05 
9,4 ,5.92363e-05 
10,4.5 ,7.19196e-05 
11,5 ,8.57708e-05 
12,5.5 ,0.000100756 
13,6 ,0.000116842 
14,6.5 ,0.000133989 
15,7 ,0.000152159 
16,7.5 ,0.00017131 
17,8 ,0.000191398 
18,8.5 ,0.000212377 
19,9 ,0.0002342 
20,9.5 ,0.000256815 
21,10 ,0.000280172 
22,10.5 ,0.000304217 
23,11 ,0.000328895 
24,11.5 ,0.000354148 
25,12 ,0.00037992 
26,12.5 ,0.000406151 
27,13 ,0.00043278 
28,13.5 ,0.000459746 
29,14 ,0.000486987 
30,14.5 ,0.00051444 
31,15 ,0.000542041 
32,15.5 ,0.000569727 
33,16 ,0.000597433 
34,16.5 ,0.000625095 
35,17 ,0.000652648 
36,17.5 ,0.000680028 
37,18 ,0.000707171 
38,18.5 ,0.000734014 
39,19 ,0.000760493 
40,19.5 ,0.000786546 
41,20 ,0.000812112 
42,20.5 ,0.00083713 
43,21 ,0.000861541 
44,21.5 ,0.000885285 
45,22 ,0.000908308 
46,22.5 ,0.000930552 
47,23 ,0.000951965 
48,23.5 ,0.000972494 
49,24 ,0.00099209 
50,24.5 ,0.0010107 
51,25 ,0.00102829 
52,25.5 ,0.0010448 
53,26 ,0.0010602 
54,26.5 ,0.00107444 
55,27 ,0.0010875 
56,27.5 ,0.00109933 
57,28 ,0.0011099 
58,28.5 ,0.00111918 
59,29 ,0.00112716 
60,29.5 ,0.00113379 
61,30 ,0.00113907 
62,30.5 ,0.00114297 
63,31 ,0.00114548 
64,31.5 ,0.00114659 
65,32 ,0.00114628 
66,32.5 ,0.00114456 
67,33 ,0.00114141 
68,33.5 ,0.00113683 
69,34 ,0.00113084 
70,34.5 ,0.00112343 
71,35 ,0.00111462 
72,35.5 ,0.00110441 
73,36 ,0.00109281 
74,36.5 ,0.00107986 
75,37 ,0.00106556 
76,37.5 ,0.00104994 
77,38 ,0.00103302 
78,38.5 ,0.00101483 
79,39 ,0.000995413 
80,39.5 ,0.000974789 
81,40 ,0.000952997 
82,40.5 ,0.000930075 
83,41 ,0.000906065 
84,41.5 ,0.000881009 
85,42 ,0.000854951 
86,42.5 ,0.000827939 
87,43 ,0.000800021 
88,43.5 ,0.000771247 
89,44 ,0.000741671 
90,44.5 ,0.000711344 
91,45 ,0.000680323 
92,45.5 ,0.000648665 
93,46 ,0.000616426 
94,46.5 ,0.000583665 
95,47 ,0.000550443 
96,47.5 ,0.000516819 
97,48 ,0.000482856 
98,48.5 ,0.000448613 
99,49 ,0.000414155 
100,49.5 ,0.000379542 
101,50 ,0.000344838 
102,50.5 ,0.000310105 
103,51 ,0.000275405 
104,51.5 ,0.000240801 
105,52 ,0.000206354 
106,52.5 ,0.000172125 
107,53 ,0.000138176 
108,53.5 ,0.000104565 
109,54 ,7.13517e-05 
110,54.5 ,3.85937e-05 
111,55 ,6.34758e-06 
112,55.5 ,-2.53313e-05 
113,56 ,-5.63891e-05 
114,56.5 ,-8.67732e-05 
115,57 ,-0.000116433 
116,57.5 ,-0.000145319 
117,58 ,-0.000173385 
118,58.5 ,-0.000200584 
119,59 ,-0.000226874 
120,59.5 ,-0.000252213 
121,60 ,-0.000276562 
122,60.5 ,-0.000299884 
123,61 ,-0.000322145 
124,61.5 ,-0.000343312 
125,62 ,-0.000363357 
126,62.5 ,-0.00038225 
127,63 ,-0.000399969 
128,63.5 ,-0.00041649 
129,64 ,-0.000431795 
130,64.5 ,-0.000445866 
131,65 ,-0.000458689 
132,65.5 ,-0.000470253 
133,66 ,-0.000480549 
134,66.5 ,-0.000489571 
135,67 ,-0.000497316 
136,67.5 ,-0.000503783 
137,68 ,-0.000508973 
138,68.5 ,-0.000512892 
139,69 ,-0.000515547 
140,69.5 ,-0.000516948 
141,70 ,-0.000517108 
142,70.5 ,-0.000516042 
143,71 ,-0.000513766 
144,71.5 ,-0.000510302 
145,72 ,-0.000505671 
146,72.5 ,-0.000499899 
147,73 ,-0.000493013 
148,73.5 ,-0.00048504 
149,74 ,-0.000476014 
150,74.5 ,-0.000465966 
151,75 ,-0.000454933 
152,75.5 ,-0.000442951 
153,76 ,-0.000430059 
154,76.5 ,-0.000416297 
155,77 ,-0.000401708 
156,77.5 ,-0.000386335 
157,78 ,-0.000370223 
158,78.5 ,-0.000353418 
159,79 ,-0.000335966 
160,79.5 ,-0.000317917 
161,80 ,-0.000299318 
162,80.5 ,-0.000280221 
163,81 ,-0.000260675 
164,81.5 ,-0.000240731 
165,82 ,-0.000220442 
166,82.5 ,-0.000199858 
167,83 ,-0.000179032 
168,83.5 ,-0.000158016 
169,84 ,-0.000136861 
170,84.5 ,-0.00011562 
171,85 ,-9.43443e-05 
172,85.5 ,-7.30845e-05 
173,86 ,-5.18915e-05 
174,86.5 ,-3.08152e-05 
175,87 ,-9.90506e-06 
176,87.5 ,1.07907e-05 
177,88 ,3.12245e-05 
178,88.5 ,5.13499e-05 
179,89 ,7.11218e-05 
180,89.5 ,9.0496e-05 
181,90 ,0.00010943 
182,90.5 ,0.000127882 
183,91 ,0.000145813 
184,91.5 ,0.000163185 
185,92 ,0.00017996 
186,92.5 ,0.000196105 
187,93 ,0.000211586 
188,93.5 ,0.000226373 
189,94 ,0.000240435 
190,94.5 ,0.000253747 
191,95 ,0.000266282 
192,95.5 ,0.000278019 
193,96 ,0.000288935 
194,96.5 ,0.000299013 
195,97 ,0.000308235 
196,97.5 ,0.000316587 
197,98 ,0.000324057 
198,98.5 ,0.000330635 
199,99 ,0.000336314 
200,99.5 ,0.000341087 
201,100 ,0.000344953 
202,100.5 ,0.000347908 
203,101 ,0.000349956 
204,101.5 ,0.000351099 
205,102 ,0.000351343 
206,102.5 ,0.000350695 
207,103 ,0.000349165 
208,103.5 ,0.000346766 
209,104 ,0.000343511 
210,104.5 ,0.000339415 
211,105 ,0.000334498 
212,105.5 ,0.000328777 
213,106 ,0.000322276 
214,106.5 ,0.000315016 
215,107 ,0.000307023 
216,107.5 ,0.000298324 
217,108 ,0.000288945 
218,108.5 ,0.000278918 
219,109 ,0.000268271 
220,109.5 ,0.000257038 
221,110 ,0.000245252 
222,110.5 ,0.000232947 
223,111 ,0.000220157 
224,111.5 ,0.000206921 
225,112 ,0.000193274 
226,112.5 ,0.000179254 
227,113 ,0.0001649 
228,113.5 ,0.00015025 
229,114 ,0.000135345 
230,114.5 ,0.000120223 
231,115 ,0.000104925 
232,115.5 ,8.94906e-05 
233,116 ,7.39597e-05 
234,116.5 ,5.83725e-05 
235,117 ,4.27687e-05 
236,117.5 ,2.71881e-05 
237,118 ,1.16696e-05 
238,118.5 ,-3.7478e-06 
239,119 ,-1.90261e-05 
240,119.5 ,-3.41276e-05 
241,120 ,-4.90155e-05 
242,120.5 ,-6.36538e-05 
243,121 ,-7.80073e-05 
244,121.5 ,-9.2042e-05 
245,122 ,-0.000105725 
246,122.5 ,-0.000119023 
247,123 ,-0.000131907 
248,123.5 ,-0.000144347 
249,124 ,-0.000156314 
250,124.5 ,-0.000167782 
251,125 ,-0.000178726 
252,125.5 ,-0.000189121 
253,126 ,-0.000198946 
254,126.5 ,-0.000208179 
255,127 ,-0.000216802 
256,127.5 ,-0.000224797 
257,128 ,-0.000232149 
258,128.5 ,-0.000238844 
259,129 ,-0.000244869 
260,129.5 ,-0.000250214 
261,130 ,-0.000254871 
262,130.5 ,-0.000258832 
263,131 ,-0.000262094 
264,131.5 ,-0.000264652 
265,132 ,-0.000266505 
266,132.5 ,-0.000267654 
267,133 ,-0.0002681 
268,133.5 ,-0.000267849 
269,134 ,-0.000266904 
270,134.5 ,-0.000265275 
271,135 ,-0.00026297 
272,135.5 ,-0.000259999 
273,136 ,-0.000256376 
274,136.5 ,-0.000252114 
275,137 ,-0.000247228 
276,137.5 ,-0.000241735 
277,138 ,-0.000235655 
278,138.5 ,-0.000229006 
279,139 ,-0.00022181 
280,139.5 ,-0.000214089 
281,140 ,-0.000205866 
282,140.5 ,-0.000197167 
283,141 ,-0.000188016 
284,141.5 ,-0.000178441 
285,142 ,-0.000168469 
286,142.5 ,-0.000158128 
287,143 ,-0.000147449 
288,143.5 ,-0.000136459 
289,144 ,-0.000125191 
290,144.5 ,-0.000113674 
291,145 ,-0.000101941 
292,145.5 ,-9.00227e-05 
293,146 ,-7.79514e-05 
294,146.5 ,-6.57593e-05 
295,147 ,-5.34786e-05 
296,147.5 ,-4.11418e-05 
297,148 ,-2.87809e-05 
298,148.5 ,-1.64283e-05 
299,149 ,-4.11563e-06 
300,149.5 ,8.12539e-06 
301,150 ,2.02636e-05 
302,150.5 ,3.22682e-05 
303,151 ,4.41091e-05 
304,151.5 ,5.57566e-05 
305,152 ,6.71819e-05 
306,152.5 ,7.83567e-05 
307,153 ,8.92537e-05 
308,153.5 ,9.98464e-05 
309,154 ,0.000110109 
310,154.5 ,0.000120018 
311,155 ,0.000129549 
312,155.5 ,0.00013868 
313,156 ,0.000147389 
314,156.5 ,0.000155657 
315,157 ,0.000163466 
316,157.5 ,0.000170797 
317,158 ,0.000177634 
318,158.5 ,0.000183963 
319,159 ,0.000189771 
320,159.5 ,0.000195046 
321,160 ,0.000199777 
322,160.5 ,0.000203955 
323,161 ,0.000207572 
324,161.5 ,0.000210624 
325,162 ,0.000213104 
326,162.5 ,0.000215011 
327,163 ,0.000216343 
328,163.5 ,0.000217099 
329,164 ,0.000217282 
330,164.5 ,0.000216893 
331,165 ,0.000215938 
332,165.5 ,0.000214422 
333,166 ,0.000212353 
334,166.5 ,0.00020974 
335,167 ,0.000206591 
336,167.5 ,0.000202919 
337,168 ,0.000198737 
338,168.5 ,0.000194057 
339,169 ,0.000188896 
340,169.5 ,0.000183269 
341,170 ,0.000177194 
342,170.5 ,0.000170689 
343,171 ,0.000163774 
344,171.5 ,0.000156469 
345,172 ,0.000148795 
346,172.5 ,0.000140775 
347,173 ,0.000132431 
348,173.5 ,0.000123787 
349,174 ,0.000114867 
350,174.5 ,0.000105697 
351,175 ,9.63012e-05 
352,175.5 ,8.67055e-05 
353,176 ,7.69364e-05 
354,176.5 ,6.70203e-05 
355,177 ,5.69839e-05 
356,177.5 ,4.68542e-05 
357,178 ,3.6658e-05 
358,178.5 ,2.64226e-05 
359,179 ,1.61748e-05 
360,179.5 ,5.94149e-06 
361,180 ,-4.25059e-06 
362,180.5 ,-1.4375e-05 
363,181 ,-2.44056e-05 
364,181.5 ,-3.43168e-05 
365,182 ,-4.40831e-05 
366,182.5 ,-5.36797e-05 
367,183 ,-6.30826e-05 
368,183.5 ,-7.22681e-05 
369,184 ,-8.12132e-05 
370,184.5 ,-8.98959e-05 
371,185 ,-9.82949e-05 
372,185.5 ,-0.000106389 
373,186 ,-0.00011416 
374,186.5 ,-0.000121588 
375,187 ,-0.000128656 
376,187.5 ,-0.000135348 
377,188 ,-0.000141646 
378,188.5 ,-0.000147538 
379,189 ,-0.00015301 
380,189.5 ,-0.000158049 
381,190 ,-0.000162645 
382,190.5 ,-0.000166788 
383,191 ,-0.000170469 
384,191.5 ,-0.000173681 
385,192 ,-0.000176419 
386,192.5 ,-0.000178676 
387,193 ,-0.000180451 
388,193.5 ,-0.00018174 
389,194 ,-0.000182543 
390,194.5 ,-0.00018286 
391,195 ,-0.000182693 
392,195.5 ,-0.000182044 
393,196 ,-0.000180918 
394,196.5 ,-0.00017932 
395,197 ,-0.000177257 
396,197.5 ,-0.000174736 
397,198 ,-0.000171766 
398,198.5 ,-0.000168358 
399,199 ,-0.000164522 
400,199.5 ,-0.000160271 
401,200 ,-0.000155617 
402,200.5 ,-0.000150576 
403,201 ,-0.000145162 
404,201.5 ,-0.000139391 
405,202 ,-0.000133281 
406,202.5 ,-0.000126848 
407,203 ,-0.000120112 
408,203.5 ,-0.000113092 
409,204 ,-0.000105807 
410,204.5 ,-9.82777e-05 
411,205 ,-9.05256e-05 
412,205.5 ,-8.25719e-05 
413,206 ,-7.44385e-05 
414,206.5 ,-6.61477e-05 
415,207 ,-5.77219e-05 
416,207.5 ,-4.91842e-05 
417,208 ,-4.05574e-05 
418,208.5 ,-3.18647e-05 
419,209 ,-2.31293e-05 
420,209.5 ,-1.43744e-05 
421,210 ,-5.62323e-06 
422,210.5 ,3.10128e-06 
423,211 ,1.17762e-05 
424,211.5 ,2.0379e-05 
425,212 ,2.88873e-05 
426,212.5 ,3.72791e-05 
427,213 ,4.55328e-05 
428,213.5 ,5.36274e-05 
429,214 ,6.15422e-05 
430,214.5 ,6.92572e-05 
431,215 ,7.6753e-05 
432,215.5 ,8.40108e-05 
433,216 ,9.10126e-05 
434,216.5 ,9.7741e-05 
435,217 ,0.00010418 
436,217.5 ,0.000110313 
437,218 ,0.000116126 
438,218.5 ,0.000121605 
439,219 ,0.000126736 
440,219.5 ,0.000131509 
441,220 ,0.000135912 
442,220.5 ,0.000139934 
443,221 ,0.000143568 
444,221.5 ,0.000146805 
445,222 ,0.000149639 
446,222.5 ,0.000152063 
447,223 ,0.000154073 
448,223.5 ,0.000155667 
449,224 ,0.00015684 
450,224.5 ,0.000157593 
451,225 ,0.000157925 
452,225.5 ,0.000157837 
453,226 ,0.00015733 
454,226.5 ,0.000156409 
455,227 ,0.000155078 
456,227.5 ,0.000153341 
457,228 ,0.000151205 
458,228.5 ,0.000148678 
459,229 ,0.000145767 
460,229.5 ,0.000142483 
461,230 ,0.000138835 
462,230.5 ,0.000134835 
463,231 ,0.000130495 
464,231.5 ,0.000125827 
465,232 ,0.000120846 
466,232.5 ,0.000115565 
467,233 ,0.000110001 
468,233.5 ,0.000104169 
469,234 ,9.80852e-05 
470,234.5 ,9.17673e-05 
471,235 ,8.52328e-05 
472,235.5 ,7.85e-05 
473,236 ,7.15874e-05 
474,236.5 ,6.45141e-05 
475,237 ,5.72994e-05 
476,237.5 ,4.99631e-05 
477,238 ,4.2525e-05 
478,238.5 ,3.50052e-05 
479,239 ,2.7424e-05 
480,239.5 ,1.98017e-05 
481,240 ,1.21586e-05 
482,240.5 ,4.51499e-06 
483,241 ,-3.10889e-06 
484,241.5 ,-1.0693e-05 
485,242 ,-1.82173e-05 
486,242.5 ,-2.56622e-05 
487,243 ,-3.30084e-05 
488,243.5 ,-4.02368e-05 
489,244 ,-4.73287e-05 
490,244.5 ,-5.42659e-05 
491,245 ,-6.10307e-05 
492,245.5 ,-6.7606e-05 
493,246 ,-7.39749e-05 
494,246.5 ,-8.01215e-05 
495,247 ,-8.60305e-05 
496,247.5 ,-9.16871e-05 
497,248 ,-9.70774e-05 
498,248.5 ,-0.000102188 
499,249 ,-0.000107007 
500,249.5 ,-0.000111522 
501,250 ,-0.000115723 
502,250.5 ,-0.0001196 
503,251 ,-0.000123143 
504,251.5 ,-0.000126346 
505,252 ,-0.000129199 
506,252.5 ,-0.000131699 
507,253 ,-0.000133838 
508,253.5 ,-0.000135614 
509,254 ,-0.000137022 
510,254.5 ,-0.00013806 
511,255 ,-0.000138728 
512,255.5 ,-0.000139024 
513,256 ,-0.000138949 
514,256.5 ,-0.000138506 
515,257 ,-0.000137696 
516,257.5 ,-0.000136523 
517,258 ,-0.000134992 
518,258.5 ,-0.000133108 
519,259 ,-0.000130878 
520,259.5 ,-0.000128308 
521,260 ,-0.000125407 
522,260.5 ,-0.000122183 
523,261 ,-0.000118647 
524,261.5 ,-0.00011481 
525,262 ,-0.000110681 
526,262.5 ,-0.000106274 
527,263 ,-0.000101601 
528,263.5 ,-9.66761e-05 
529,264 ,-9.15125e-05 
530,264.5 ,-8.6125e-05 
531,265 ,-8.05288e-05 
532,265.5 ,-7.47395e-05 
533,266 ,-6.87732e-05 
534,266.5 ,-6.26464e-05 
535,267 ,-5.63759e-05 
536,267.5 ,-4.99789e-05 
537,268 ,-4.34728e-05 
538,268.5 ,-3.68753e-05 
539,269 ,-3.02043e-05 
540,269.5 ,-2.34776e-05 
541,270 ,-1.67134e-05 
542,270.5 ,-9.9298e-06 
543,271 ,-3.14477e-06 
544,271.5 ,3.62363e-06 
545,272 ,1.03575e-05 
546,272.5 ,1.70391e-05 
547,273 ,2.36509e-05 
548,273.5 ,3.01756e-05 
549,274 ,3.65962e-05 
550,274.5 ,4.2896e-05 
551,275 ,4.90588e-05 
552,275.5 ,5.50686e-05 
553,276 ,6.09101e-05 
554,276.5 ,6.65684e-05 
555,277 ,7.20291e-05 
556,277.5 ,7.72784e-05 
557,278 ,8.23031e-05 
558,278.5 ,8.70907e-05 
559,279 ,9.16294e-05 
560,279.5 ,9.59079e-05 
561,280 ,9.99159e-05 
562,280.5 ,0.000103644 
563,281 ,0.000107082 
564,281.5 ,0.000110223 
565,282 ,0.00011306 
566,282.5 ,0.000115586 
567,283 ,0.000117795 
568,283.5 ,0.000119682 
569,284 ,0.000121244 
570,284.5 ,0.000122478 
571,285 ,0.000123382 
572,285.5 ,0.000123954 
573,286 ,0.000124194 
574,286.5 ,0.000124102 
575,287 ,0.00012368 
576,287.5 ,0.00012293 
577,288 ,0.000121855 
578,288.5 ,0.00012046 
579,289 ,0.000118749 
580,289.5 ,0.000116727 
581,290 ,0.000114401 
582,290.5 ,0.000111779 
583,291 ,0.000108868 
584,291.5 ,0.000105677 
585,292 ,0.000102215 
586,292.5 ,9.84935e-05 
587,293 ,9.45218e-05 
588,293.5 ,9.03119e-05 
589,294 ,8.58757e-05 
590,294.5 ,8.12259e-05 
591,295 ,7.63754e-05 
592,295.5 ,7.13378e-05 
593,296 ,6.61272e-05 
594,296.5 ,6.0758e-05 
595,297 ,5.5245e-05 
596,297.5 ,4.96034e-05 
597,298 ,4.38485e-05 
598,298.5 ,3.79961e-05 
599,299 ,3.2062e-05 
600,299.5 ,2.60623e-05 
601,300 ,2.00131e-05 
602,300.5 ,1.39307e-05 
603,301 ,7.83144e-06 
604,301.5 ,1.73152e-06 
605,302 ,-4.35282e-06 
606,302.5 ,-1.04054e-05 
607,303 ,-1.64104e-05 
608,303.5 ,-2.23518e-05 
609,304 ,-2.8214e-05 
610,304.5 ,-3.39819e-05 
611,305 ,-3.96402e-05 
612,305.5 ,-4.51744e-05 
613,306 ,-5.05701e-05 
614,306.5 ,-5.58134e-05 
615,307 ,-6.08908e-05 
616,307.5 ,-6.57894e-05 
617,308 ,-7.04968e-05 
618,308.5 ,-7.50009e-05 
619,309 ,-7.92906e-05 
620,309.5 ,-8.3355e-05 
621,310 ,-8.71841e-05 
622,310.5 ,-9.07684e-05 
623,311 ,-9.40993e-05 
624,311.5 ,-9.71685e-05 
625,312 ,-9.99689e-05 
626,312.5 ,-0.000102494 
627,313 ,-0.000104737 
628,313.5 ,-0.000106694 
629,314 ,-0.000108361 
630,314.5 ,-0.000109733 
631,315 ,-0.000110808 
632,315.5 ,-0.000111585 
633,316 ,-0.000112061 
634,316.5 ,-0.000112237 
635,317 ,-0.000112113 
636,317.5 ,-0.000111691 
637,318 ,-0.000110972 
638,318.5 ,-0.000109959 
639,319 ,-0.000108657 
640,319.5 ,-0.000107068 
641,320 ,-0.000105199 
642,320.5 ,-0.000103056 
643,321 ,-0.000100644 
644,321.5 ,-9.79711e-05 
645,322 ,-9.50453e-05 
646,322.5 ,-9.18751e-05 
647,323 ,-8.84696e-05 
648,323.5 ,-8.48387e-05 
649,324 ,-8.09927e-05 
650,324.5 ,-7.69425e-05 
651,325 ,-7.26996e-05 
652,325.5 ,-6.82757e-05 
653,326 ,-6.36833e-05 
654,326.5 ,-5.89351e-05 
655,327 ,-5.40441e-05 
656,327.5 ,-4.9024e-05 
657,328 ,-4.38883e-05 
658,328.5 ,-3.86512e-05 
659,329 ,-3.33269e-05 
660,329.5 ,-2.79299e-05 
661,330 ,-2.24747e-05 
662,330.5 ,-1.6976e-05 
663,331 ,-1.14487e-05 
664,331.5 ,-5.90745e-06 
665,332 ,-3.67162e-07 
666,332.5 ,5.15744e-06 
667,333 ,1.06517e-05 
668,333.5 ,1.61011e-05 
669,334 ,2.14911e-05 
670,334.5 ,2.68078e-05 
671,335 ,3.2037e-05 
672,335.5 ,3.71651e-05 
673,336 ,4.21788e-05 
674,336.5 ,4.70651e-05 
675,337 ,5.18112e-05 
676,337.5 ,5.6405e-05 
677,338 ,6.08347e-05 
678,338.5 ,6.5089e-05 
679,339 ,6.9157e-05 
680,339.5 ,7.30285e-05 
681,340 ,7.66936e-05 
682,340.5 ,8.01433e-05 
683,341 ,8.3369e-05 
684,341.5 ,8.63628e-05 
685,342 ,8.91173e-05 
686,342.5 ,9.16258e-05 
687,343 ,9.38826e-05 
688,343.5 ,9.58821e-05 
689,344 ,9.76199e-05 
690,344.5 ,9.90921e-05 
691,345 ,0.000100296 
692,345.5 ,0.000101228 
693,346 ,0.000101887 
694,346.5 ,0.000102272 
695,347 ,0.000102384 
696,347.5 ,0.000102221 
697,348 ,0.000101787 
698,348.5 ,0.000101081 
699,349 ,0.000100108 
700,349.5 ,9.88708e-05 
701,350 ,9.73729e-05 
702,350.5 ,9.56193e-05 
703,351 ,9.36153e-05 
704,351.5 ,9.13672e-05 
705,352 ,8.88815e-05 
706,352.5 ,8.61655e-05 
707,353 ,8.32272e-05 
708,353.5 ,8.00749e-05 
709,354 ,7.67178e-05 
710,354.5 ,7.31653e-05 
711,355 ,6.94274e-05 
712,355.5 ,6.55147e-05 
713,356 ,6.14381e-05 
714,356.5 ,5.72088e-05 
715,357 ,5.28386e-05 
716,357.5 ,4.83395e-05 
717,358 ,4.37239e-05 
718,358.5 ,3.90045e-05 
719,359 ,3.4194e-05 
720,359.5 ,2.93056e-05 
721,360 ,2.43525e-05 
722,360.5 ,1.93481e-05 
723,361 ,1.43059e-05 
724,361.5 ,9.23947e-06 
725,362 ,4.16234e-06 
726,362.5 ,-9.11897e-07 
727,363 ,-5.96972e-06 
728,363.5 ,-1.09977e-05 
729,364 ,-1.59825e-05 
730,364.5 ,-2.09109e-05 
731,365 ,-2.577e-05 
732,365.5 ,-3.05469e-05 
733,366 ,-3.52292e-05 
734,366.5 ,-3.98046e-05 
735,367 ,-4.42613e-05 
736,367.5 ,-4.85876e-05 
737,368 ,-5.27724e-05 
738,368.5 ,-5.68048e-05 
739,369 ,-6.06746e-05 
740,369.5 ,-6.43718e-05 
741,370 ,-6.78871e-05 
742,370.5 ,-7.12116e-05 
743,371 ,-7.43369e-05 
744,371.5 ,-7.72552e-05 
745,372 ,-7.99592e-05 
746,372.5 ,-8.24425e-05 
747,373 ,-8.46988e-05 
748,373.5 ,-8.67228e-05 
749,374 ,-8.85097e-05 
750,374.5 ,-9.00554e-05 
751,375 ,-9.13564e-05 
752,375.5 ,-9.24099e-05 
753,376 ,-9.32136e-05 
754,376.5 ,-9.37663e-05 
755,377 ,-9.40669e-05 
756,377.5 ,-9.41154e-05 
757,378 ,-9.39123e-05 
758,378.5 ,-9.34589e-05 
759,379 ,-9.2757e-05 
760,379.5 ,-9.1809e-05 
761,380 ,-9.06183e-05 
762,380.5 ,-8.91886e-05 
763,381 ,-8.75243e-05 
764,381.5 ,-8.56305e-05 
765,382 ,-8.35129e-05 
766,382.5 ,-8.11777e-05 
767,383 ,-7.86316e-05 
768,383.5 ,-7.58821e-05 
769,384 ,-7.2937e-05 
770,384.5 ,-6.98046e-05 
771,385 ,-6.64939e-05 
772,385.5 ,-6.3014e-05 
773,386 ,-5.93748e-05 
774,386.5 ,-5.55863e-05 
775,387 ,-5.16591e-05 
776,387.5 ,-4.7604e-05 
777,388 ,-4.34321e-05 
778,388.5 ,-3.91548e-05 
779,389 ,-3.47839e-05 
780,389.5 ,-3.03313e-05 
781,390 ,-2.58091e-05 
782,390.5 ,-2.12294e-05 
783,391 ,-1.66047e-05 
784,391.5 ,-1.19475e-05 
785,392 ,-7.27022e-06 
786,392.5 ,-2.58542e-06 
787,393 ,2.09437e-06 
788,393.5 ,6.75667e-06 
789,394 ,1.13891e-05 
790,394.5 ,1.59793e-05 
791,395 ,2.05152e-05 
792,395.5 ,2.49848e-05 
793,396 ,2.93763e-05 
794,396.5 ,3.36783e-05 
795,397 ,3.78793e-05 
796,397.5 ,4.19686e-05 
797,398 ,4.59354e-05 
798,398.5 ,4.97695e-05 
799,399 ,5.34609e-05 
800,399.5 ,5.70002e-05 
801,400 ,6.03783e-05 
802,400.5 ,6.35865e-05 
803,401 ,6.66168e-05 
804,401.5 ,6.94614e-05 
805,402 ,7.21133e-05 
806,402.5 ,7.45659e-05 
807,403 ,7.6813e-05 
808,403.5 ,7.88492e-05 
809,404 ,8.06696e-05 
810,404.5 ,8.22698e-05 
811,405 ,8.36461e-05 
812,405.5 ,8.47955e-05 
813,406 ,8.57153e-05 
814,406.5 ,8.64037e-05 
815,407 ,8.68594e-05 
816,407.5 ,8.70818e-05 
817,408 ,8.70708e-05 
818,408.5 ,8.68271e-05 
819,409 ,8.63518e-05 
820,409.5 ,8.56468e-05 
821,410 ,8.47146e-05 
822,410.5 ,8.35581e-05 
823,411 ,8.21811e-05 
824,411.5 ,8.05876e-05 
825,412 ,7.87826e-05 
826,412.5 ,7.67713e-05 
827,413 ,7.45596e-05 
828,413.5 ,7.21539e-05 
829,414 ,6.95611e-05 
830,414.5 ,6.67886e-05 
831,415 ,6.38441e-05 
832,415.5 ,6.07361e-05 
833,416 ,5.74731e-05 
834,416.5 ,5.40642e-05 
835,417 ,5.0519e-05 
836,417.5 ,4.68472e-05 
837,418 ,4.30589e-05 
838,418.5 ,3.91645e-05 
839,419 ,3.51746e-05 
840,419.5 ,3.11003e-05 
841,420 ,2.69524e-05 
842,420.5 ,2.27424e-05 
843,421 ,1.84815e-05 
844,421.5 ,1.41813e-05 
845,422 ,9.85342e-06 
846,422.5 ,5.5094e-06 
847,423 ,1.16092e-06 
848,423.5 ,-3.1804e-06 
849,424 ,-7.50298e-06 
850,424.5 ,-1.17953e-05 
851,425 ,-1.6046e-05 
852,425.5 ,-2.02438e-05 
853,426 ,-2.43776e-05 
854,426.5 ,-2.84365e-05 
855,427 ,-3.24098e-05 
856,427.5 ,-3.62872e-05 
857,428 ,-4.00584e-05 
858,428.5 ,-4.37138e-05 
859,429 ,-4.72437e-05 
860,429.5 ,-5.0639e-05 
861,430 ,-5.3891e-05 
862,430.5 ,-5.69913e-05 
863,431 ,-5.9932e-05 
864,431.5 ,-6.27055e-05 
865,432 ,-6.5305e-05 
866,432.5 ,-6.77237e-05 
867,433 ,-6.99558e-05 
868,433.5 ,-7.19955e-05 
869,434 ,-7.3838e-05 
870,434.5 ,-7.54788e-05 
871,435 ,-7.69139e-05 
872,435.5 ,-7.814e-05 
873,436 ,-7.91543e-05 
874,436.5 ,-7.99545e-05 
875,437 ,-8.0539e-05 
876,437.5 ,-8.09068e-05 
877,438 ,-8.10572e-05 
878,438.5 ,-8.09906e-05 
879,439 ,-8.07074e-05 
880,439.5 ,-8.0209e-05 
881,440 ,-7.94972e-05 
882,440.5 ,-7.85743e-05 
883,441 ,-7.74434e-05 
884,441.5 ,-7.61078e-05 
885,442 ,-7.45717e-05 
886,442.5 ,-7.28395e-05 
887,443 ,-7.09164e-05 
888,443.5 ,-6.88079e-05 
889,444 ,-6.65202e-05 
890,444.5 ,-6.40596e-05 
891,445 ,-6.14331e-05 
892,445.5 ,-5.86482e-05 
893,446 ,-5.57127e-05 
894,446.5 ,-5.26347e-05 
895,447 ,-4.94228e-05 
896,447.5 ,-4.60858e-05 
897,448 ,-4.2633e-05 
898,448.5 ,-3.90738e-05 
899,449 ,-3.5418e-05 
900,449.5 ,-3.16756e-05 
901,450 ,-2.78567e-05 
902,450.5 ,-2.39718e-05 
903,451 ,-2.00314e-05 
904,451.5 ,-1.60462e-05 
905,452 ,-1.20268e-05 
906,452.5 ,-7.98408e-06 
907,453 ,-3.92896e-06 
908,453.5 ,1.27737e-07 
909,454 ,4.17515e-06 
910,454.5 ,8.20249e-06 
911,455 ,1.2199e-05 
912,455.5 ,1.61542e-05 
913,456 ,2.00574e-05 
914,456.5 ,2.38984e-05 
915,457 ,2.76671e-05 
916,457.5 ,3.13535e-05 
917,458 ,3.49479e-05 
918,458.5 ,3.84411e-05 
919,459 ,4.18237e-05 
920,459.5 ,4.50871e-05 
921,460 ,4.82227e-05 
922,460.5 ,5.12225e-05 
923,461 ,5.40787e-05 
924,461.5 ,5.6784e-05 
925,462 ,5.93316e-05 
926,462.5 ,6.17148e-05 
927,463 ,6.39278e-05 
928,463.5 ,6.59649e-05 
929,464 ,6.78212e-05 
930,464.5 ,6.94919e-05 
931,465 ,7.09731e-05 
932,465.5 ,7.22612e-05 
933,466 ,7.33531e-05 
934,466.5 ,7.42465e-05 
935,467 ,7.49392e-05 
936,467.5 ,7.54299e-05 
937,468 ,7.57177e-05 
938,468.5 ,7.58022e-05 
939,469 ,7.56838e-05 
940,469.5 ,7.5363e-05 
941,470 ,7.48413e-05 
942,470.5 ,7.41203e-05 
943,471 ,7.32026e-05 
944,471.5 ,7.20908e-05 
945,472 ,7.07885e-05 
946,472.5 ,6.92996e-05 
947,473 ,6.76283e-05 
948,473.5 ,6.57795e-05 
949,474 ,6.37586e-05 
950,474.5 ,6.15713e-05 
951,475 ,5.92239e-05 
952,475.5 ,5.67229e-05 
953,476 ,5.40753e-05 
954,476.5 ,5.12885e-05 
955,477 ,4.83704e-05 
956,477.5 ,4.53289e-05 
957,478 ,4.21724e-05 
958,478.5 ,3.89097e-05 
959,479 ,3.55496e-05 
960,479.5 ,3.21014e-05 
961,480 ,2.85744e-05 
962,480.5 ,2.49784e-05 
963,481 ,2.13229e-05 
964,481.5 ,1.7618e-05 
965,482 ,1.38735e-05 
966,482.5 ,1.00998e-05 
967,483 ,6.30677e-06 
968,483.5 ,2.50473e-06 
969,484 ,-1.29615e-06 
970,484.5 ,-5.08572e-06 
971,485 ,-8.85386e-06 
972,485.5 ,-1.25905e-05 
973,486 ,-1.62858e-05 
974,486.5 ,-1.99299e-05 
975,487 ,-2.35132e-05 
976,487.5 ,-2.70262e-05 
977,488 ,-3.04597e-05 
978,488.5 ,-3.38046e-05 
979,489 ,-3.70521e-05 
980,489.5 ,-4.01939e-05 
981,490 ,-4.32216e-05 
982,490.5 ,-4.61275e-05 
983,491 ,-4.8904e-05 
984,491.5 ,-5.15439e-05 
985,492 ,-5.40405e-05 
986,492.5 ,-5.63873e-05 
987,493 ,-5.85785e-05 
988,493.5 ,-6.06084e-05 
989,494 ,-6.2472e-05 
990,494.5 ,-6.41645e-05 
991,495 ,-6.56819e-05 
992,495.5 ,-6.70204e-05 
993,496 ,-6.81767e-05 
994,496.5 ,-6.91483e-05 
995,497 ,-6.99327e-05 
996,497.5 ,-7.05284e-05 
997,498 ,-7.09341e-05 
998,498.5 ,-7.11491e-05 
999,499 ,-7.11731e-05 
1000,499.5 ,-7.10066e-05 